<?xml version="1.0"?>
<!DOCTYPE Section SYSTEM "section.dtd">

<Section index="186" thickness="0.045" alignLocked="true">
<Transform dim="6"
 xcoef=" -0.865410446626022 0.999707424024249 -0.0153700204976635 0 0 0"
 ycoef=" -0.475092668387761 0.00793394585277601 1.00890823768031 0 0 0">
<Contour name="D04" hidden="false" closed="true" simplified="true" border="1 0 0" fill="1 0 0" mode="11"
 points="5.46492 7.28996,
	5.46778 7.25096,
	5.47628 7.21281,
	5.49024 7.17634,
	5.50936 7.14235,
	5.53323 7.11158,
	5.56131 7.0847,
	5.59299 7.0623,
	5.6276 7.04487,
	5.66436 7.03278,
	5.70248 7.0263,
	5.74113 7.02558,
	5.77947 7.03063,
	5.81665 7.04133,
	5.85186 7.05746,
	5.88435 7.07866,
	5.91339 7.10447,
	5.93836 7.13432,
	5.95871 7.16758,
	5.97399 7.2035,
	5.98388 7.24131,
	5.98816 7.28018,
	5.98673 7.31926,
	5.97963 7.35771,
	5.96701 7.39467,
	5.94914 7.42936,
	5.92642 7.461,
	5.89934 7.48891,
	5.86849 7.51248,
	5.83455 7.53119,
	5.79825 7.54464,
	5.76039 7.55254,
	5.72179 7.55471,
	5.6833 7.5511,
	5.64576 7.54179,
	5.60998 7.52699,
	5.57674 7.50702,
	5.54678 7.48231,
	5.52073 7.45341,
	5.49918 7.42094,
	5.48259 7.38562,
	5.47133 7.3482,
	"/>
</Transform>

<Transform dim="6"
 xcoef=" 0.444589553373978 0.999707424024249 -0.0153700204976635 0 0 0"
 ycoef=" 0.46490733161224 0.00793394585277601 1.00890823768031 0 0 0">
<Contour name="D05" hidden="false" closed="true" simplified="true" border="1 1 0" fill="1 1 0" mode="11"
 points="2.69299 3.97404,
	2.70475 3.90163,
	2.73888 3.83632,
	2.79205 3.78448,
	2.85904 3.7512,
	2.93329 3.73974,
	3.00755 3.7512,
	3.07454 3.78448,
	3.12771 3.83632,
	3.16184 3.90163,
	3.1736 3.97404,
	3.16184 4.04644,
	3.12771 4.11175,
	3.07454 4.16359,
	3.00755 4.19687,
	2.93329 4.20833,
	2.85904 4.19687,
	2.79205 4.16359,
	2.73888 4.11175,
	"/>
</Transform>

<Transform dim="6"
 xcoef=" 0.0445895533739783 0.999707424024249 -0.0153700204976635 0 0 0"
 ycoef=" -0.155092668387761 0.00793394585277601 1.00890823768031 0 0 0">
<Contour name="d01" hidden="true" closed="true" simplified="true" border="1 0.5 0" fill="1 0.5 0" mode="9"
 points="4.11285 4.53372,
	4.13948 4.4911,
	4.15014 4.46979,
	4.19276 4.45381,
	4.21407 4.44315,
	4.22472 4.43782,
	4.2194 4.3952,
	4.23538 4.35258,
	4.25669 4.33127,
	4.278 4.32062,
	4.30464 4.28333,
	4.34193 4.25136,
	4.38455 4.23538,
	4.40586 4.22472,
	4.4911 4.20874,
	4.57634 4.20341,
	4.74682 4.17678,
	4.83206 4.15014,
	4.85337 4.15014,
	4.89599 4.13416,
	5.06647 4.11817,
	5.15171 4.11817,
	5.19433 4.11285,
	5.21564 4.11285,
	5.2263 4.11285,
	5.25826 4.15547,
	5.25293 4.19809,
	5.21031 4.2194,
	5.189 4.23005,
	5.16769 4.23005,
	5.12507 4.25136,
	5.11442 4.26202,
	5.11975 4.30464,
	5.16237 4.32062,
	5.20499 4.34726,
	5.21031 4.36857,
	5.20499 4.41119,
	5.189 4.45381,
	5.18368 4.53905,
	5.15704 4.58167,
	5.14106 4.62429,
	5.11975 4.6456,
	5.10376 4.68822,
	5.09844 4.70953,
	5.07713 4.7042,
	5.05582 4.66158,
	5.04516 4.65625,
	5.02385 4.69887,
	5.01852 4.70953,
	4.99721 4.69355,
	4.98656 4.68822,
	4.99189 4.73084,
	5.00787 4.75215,
	5.02918 4.7628,
	5.03451 4.77346,
	4.99189 4.77879,
	4.82141 4.7628,
	4.73617 4.7628,
	4.56568 4.71486,
	4.54437 4.70953,
	4.52306 4.69355,
	4.48044 4.68289,
	4.45913 4.67224,
	4.41651 4.67224,
	4.37389 4.68289,
	4.3366 4.70953,
	4.25136 4.71486,
	4.20874 4.72018,
	4.16612 4.70953,
	4.14481 4.70953,
	4.1235 4.69355,
	4.11817 4.65092,
	4.1235 4.6083,
	4.1235 4.58699,
	4.11285 4.56568,
	4.11285 4.54437,
	4.11285 4.53905,
	"/>
</Transform>

<Transform dim="6"
 xcoef=" 0.0445895533739783 0.999707424024249 -0.0153700204976635 0 0 0"
 ycoef=" -0.155092668387761 0.00793394585277601 1.00890823768031 0 0 0">
<Contour name="d01" hidden="true" closed="true" simplified="true" border="1 0.5 0" fill="1 0.5 0" mode="9"
 points="3.70263 5.20499,
	3.73459 5.16237,
	3.77721 5.1304,
	3.8145 5.16237,
	3.83581 5.15704,
	3.8518 5.17835,
	3.85712 5.22097,
	3.84114 5.24228,
	3.81983 5.24761,
	3.79852 5.24228,
	3.78787 5.24228,
	3.74525 5.21031,
	3.72394 5.21031,
	3.71328 5.21564,
	3.70263 5.21031,
	"/>
</Transform>

<Transform dim="6"
 xcoef=" 0.0445895533739783 0.999707424024249 -0.0153700204976635 0 0 0"
 ycoef=" -0.155092668387761 0.00793394585277601 1.00890823768031 0 0 0">
<Contour name="d06" hidden="true" closed="true" simplified="true" border="0 0 1" fill="0 0 1" mode="11"
 points="2.71837 7.49425,
	2.73199 7.48403,
	2.75925 7.48062,
	2.77628 7.46359,
	2.77628 7.35458,
	2.77968 7.30008,
	2.78309 7.27283,
	2.80694 7.24898,
	2.82056 7.24557,
	2.83419 7.25239,
	2.86144 7.25239,
	2.87507 7.25579,
	2.88869 7.28305,
	2.88869 7.3103,
	2.88869 7.32392,
	2.88869 7.33074,
	2.9432 7.37161,
	2.95682 7.38183,
	2.96363 7.38183,
	2.98748 7.40908,
	2.98407 7.46359,
	2.96704 7.48743,
	2.95682 7.49765,
	2.9466 7.5249,
	2.90232 7.576,
	2.84781 7.58282,
	2.79331 7.5726,
	2.76606 7.54875,
	2.75243 7.54194,
	2.74562 7.54194,
	2.72177 7.5215,
	2.71837 7.49765,
	"/>
<Contour name="d06" hidden="true" closed="true" simplified="true" border="0 0 1" fill="0 0 1" mode="11"
 points="2.50376 6.4178,
	2.52761 6.39055,
	2.55486 6.38714,
	2.58211 6.39055,
	2.58211 6.4178,
	2.58892 6.42121,
	2.58892 6.42802,
	2.61277 6.45527,
	2.61277 6.46208,
	2.62639 6.4723,
	2.63321 6.47912,
	2.64683 6.48252,
	2.66046 6.49274,
	2.66386 6.60175,
	2.66046 6.61538,
	2.65024 6.629,
	2.65024 6.63581,
	2.64002 6.64944,
	2.63661 6.70394,
	2.63661 6.71757,
	2.65364 6.74482,
	2.65705 6.77207,
	2.66727 6.7857,
	2.72177 6.79592,
	2.77628 6.79251,
	2.83078 6.78229,
	2.88528 6.75845,
	2.93979 6.72438,
	2.96363 6.69713,
	2.97726 6.68691,
	3.03176 6.68691,
	3.05902 6.68691,
	3.07264 6.68691,
	3.08627 6.69372,
	3.13396 6.74482,
	3.18846 6.76185,
	3.21571 6.76867,
	3.24296 6.76867,
	3.29747 6.74823,
	3.32472 6.7346,
	3.33835 6.72779,
	3.39285 6.74823,
	3.4201 6.75163,
	3.43373 6.75845,
	3.44395 6.77207,
	3.44395 6.82658,
	3.44054 6.85383,
	3.44395 6.88108,
	3.44735 6.89471,
	3.47461 6.92196,
	3.49504 6.94921,
	3.50867 6.95943,
	3.5257 7.01393,
	3.5257 7.06844,
	3.5257 7.07525,
	3.53933 7.08888,
	3.55295 7.09569,
	3.55636 7.10931,
	3.54955 7.13657,
	3.44054 7.13997,
	3.41329 7.13997,
	3.39966 7.15019,
	3.39285 7.15701,
	3.3656 7.16382,
	3.33835 7.17744,
	3.31109 7.17744,
	3.28384 7.19448,
	3.22934 7.21151,
	3.20209 7.21492,
	3.17484 7.21151,
	3.14758 7.18766,
	3.13396 7.17744,
	3.12714 7.17063,
	3.10671 7.19788,
	3.09308 7.2081,
	3.03858 7.21492,
	2.98407 7.21492,
	2.95682 7.21492,
	2.92957 7.2081,
	2.91594 7.19448,
	2.90232 7.16723,
	2.90232 7.13997,
	2.8921 7.11272,
	2.88869 7.08547,
	2.86825 7.03097,
	2.83419 6.97646,
	2.82737 6.94921,
	2.80012 6.93218,
	2.77287 6.92537,
	2.71837 6.92537,
	2.70474 6.92537,
	2.67749 6.90833,
	2.66386 6.89471,
	2.63661 6.88108,
	2.62299 6.87767,
	2.5787 6.82317,
	2.56848 6.76867,
	2.56167 6.75504,
	2.56167 6.74142,
	2.5242 6.68691,
	2.51398 6.67329,
	2.51398 6.64603,
	2.5242 6.61878,
	2.5242 6.59153,
	2.5242 6.5779,
	2.50376 6.55065,
	2.50376 6.44165,
	2.50376 6.42802,
	2.50376 6.42121,
	"/>
</Transform>

<Transform dim="6"
 xcoef=" 0.0445895533739783 0.999707424024249 -0.0153700204976635 0 0 0"
 ycoef=" -0.155092668387761 0.00793394585277601 1.00890823768031 0 0 0">
<Contour name="d06" hidden="true" closed="true" simplified="true" border="0 0 1" fill="0 0 1" mode="11"
 points="3.71306 7.19788,
	3.76416 7.15019,
	3.78459 7.12635,
	3.79822 7.11272,
	3.82547 7.1025,
	3.87998 7.1025,
	3.8936 7.1025,
	3.94811 7.11953,
	3.97536 7.11953,
	3.98898 7.11953,
	4.04008 7.15019,
	4.05371 7.15701,
	4.06052 7.16382,
	4.06052 7.17063,
	4.01623 7.22173,
	4.00261 7.23535,
	3.97876 7.25239,
	3.96514 7.2592,
	3.91063 7.2592,
	3.88338 7.2592,
	3.86976 7.2592,
	3.85613 7.26942,
	3.8425 7.26942,
	3.82888 7.27623,
	3.77438 7.27623,
	3.74712 7.26601,
	3.7335 7.26261,
	3.71987 7.24898,
	3.71306 7.23535,
	3.71306 7.2081,
	3.71306 7.20129,
	"/>
</Transform>

<Transform dim="6"
 xcoef=" 0.0445895533739783 0.999707424024249 -0.0153700204976635 0 0 0"
 ycoef=" -0.155092668387761 0.00793394585277601 1.00890823768031 0 0 0">
<Contour name="d06p24" hidden="false" closed="true" simplified="false" border="1 0 0" fill="1 0 0" mode="-13"
 points="3.42843 7.09023,
	3.45284 7.05606,
	3.42843 7.02189,
	3.44307 7.02189,
	3.4626 7.05118,
	3.48212 7.02189,
	3.49677 7.02189,
	3.47236 7.05606,
	3.49677 7.09023,
	3.48212 7.09023,
	3.4626 7.06094,
	3.44307 7.09023,
	"/>
</Transform>

<Transform dim="6"
 xcoef=" 0.0445895533739783 0.999707424024249 -0.0153700204976635 0 0 0"
 ycoef=" -0.155092668387761 0.00793394585277601 1.00890823768031 0 0 0">
<Contour name="d06c23" hidden="false" closed="true" simplified="true" border="0 1 0" fill="0 1 0" mode="11"
 points="2.46679 6.43342,
	2.47968 6.41623,
	2.51406 6.41194,
	2.53125 6.41623,
	2.53555 6.43342,
	2.53985 6.44202,
	2.53125 6.44632,
	2.52696 6.51508,
	2.50977 6.54946,
	2.50117 6.55805,
	2.48398 6.55375,
	2.46679 6.54086,
	2.46679 6.4721,
	2.46679 6.43772,
	"/>
<Contour name="d06cfa23" hidden="false" closed="false" simplified="false" border="0 1 1" fill="0 1 1" mode="11"
 points="2.49506 6.55227,
	2.49506 6.48351,
	2.50795 6.41046,
	"/>
</Transform>

<Transform dim="6"
 xcoef=" 0.0445895533739783 0.999707424024249 -0.0153700204976635 0 0 0"
 ycoef=" -0.155092668387761 0.00793394585277601 1.00890823768031 0 0 0">
<Contour name="d06c24" hidden="false" closed="true" simplified="true" border="0 1 0" fill="0 1 0" mode="11"
 points="3.92796 7.24136,
	3.96234 7.21128,
	3.99672 7.19409,
	4.01391 7.18549,
	4.0225 7.1769,
	4.0311 7.1769,
	4.06118 7.21128,
	4.06548 7.21987,
	4.05258 7.23277,
	4.05258 7.24996,
	4.04399 7.26715,
	3.97523 7.28004,
	3.94085 7.27574,
	3.92796 7.25855,
	3.92796 7.24566,
	"/>
<Contour name="d06cfa24" hidden="false" closed="false" simplified="false" border="0 1 1" fill="0 1 1" mode="11"
 points="4.04647 7.18831,
	3.92184 7.26137,
	"/>
</Transform>

<Transform dim="6"
 xcoef=" 0.0445895533739783 0.999707424024249 -0.0153700204976635 0 0 0"
 ycoef=" -0.155092668387761 0.00793394585277601 1.00890823768031 0 0 0">
<Contour name="d07" hidden="true" closed="true" simplified="true" border="1 0 1" fill="1 0 1" mode="9"
 points="5.26888 7.30932,
	5.27795 7.29119,
	5.29609 7.27758,
	5.31422 7.27305,
	5.32329 7.27305,
	5.33236 7.26398,
	5.33236 7.24584,
	5.30062 7.2141,
	5.28248 7.2005,
	5.27341 7.18236,
	5.27341 7.16423,
	5.34596 7.12795,
	5.41398 7.06901,
	5.45025 7.03727,
	5.5092 6.96925,
	5.56815 6.9103,
	5.58628 6.87856,
	5.60442 6.86496,
	5.61349 6.85589,
	5.63163 6.86043,
	5.64523 6.8967,
	5.64976 6.96925,
	5.77219 7.09168,
	5.77672 7.12795,
	5.74952 7.15969,
	5.6815 7.2141,
	5.66337 7.22771,
	5.6543 7.22771,
	5.62709 7.25038,
	5.60895 7.26398,
	5.57268 7.27758,
	5.50013 7.28212,
	5.48199 7.29119,
	5.44572 7.32293,
	5.40944 7.33653,
	5.39131 7.33653,
	5.35503 7.35013,
	5.28248 7.35013,
	5.26888 7.332,
	5.26888 7.31386,
	"/>
<Contour name="d07" hidden="true" closed="true" simplified="true" border="1 0 1" fill="1 0 1" mode="9"
 points="4.12623 7.16876,
	4.17611 7.09621,
	4.20331 7.05994,
	4.27586 6.99646,
	4.31214 6.97378,
	4.34841 7.01006,
	4.35295 7.04633,
	4.35295 7.06447,
	4.37562 7.10075,
	4.38469 7.11888,
	4.39376 7.12342,
	4.39376 7.14155,
	4.39376 7.15062,
	4.32574 7.18236,
	4.294 7.20957,
	4.28493 7.22771,
	4.24866 7.25491,
	4.23052 7.26852,
	4.15797 7.26852,
	4.13983 7.25038,
	4.13077 7.23224,
	4.13077 7.19597,
	4.12623 7.17783,
	4.12623 7.17329,
	"/>
<Contour name="d07" hidden="true" closed="true" simplified="true" border="1 0 1" fill="1 0 1" mode="9"
 points="3.95393 7.51337,
	3.963 7.49523,
	3.99927 7.46349,
	4.03555 7.44989,
	4.10809 7.44989,
	4.14437 7.44989,
	4.16251 7.44989,
	4.19425 7.48616,
	4.22599 7.51337,
	4.25319 7.54964,
	4.26226 7.62219,
	4.294 7.65847,
	4.33028 7.68114,
	4.40282 7.68567,
	4.54792 7.68114,
	4.56606 7.68567,
	4.62954 7.75822,
	4.65675 7.7945,
	4.66582 7.81263,
	4.66582 7.83077,
	4.67942 7.86705,
	4.70662 7.90332,
	4.72023 7.93959,
	4.72023 8.08469,
	4.72023 8.10283,
	4.72023 8.1119,
	4.70209 8.1255,
	4.66582 8.13457,
	4.64768 8.14364,
	4.6114 8.14364,
	4.59327 8.14364,
	4.55699 8.12097,
	4.48444 8.10736,
	4.44817 8.0983,
	4.43457 8.08016,
	4.43003 8.04388,
	4.43003 8.03482,
	4.39376 7.99854,
	4.32121 7.94866,
	4.31214 7.94866,
	4.27586 7.92599,
	4.20331 7.85798,
	4.1353 7.81263,
	4.09903 7.80357,
	4.02648 7.80357,
	4.00834 7.79903,
	3.99474 7.78089,
	3.99474 7.6358,
	3.99474 7.61766,
	3.963 7.58592,
	3.95393 7.57685,
	3.95393 7.54057,
	3.95393 7.52244,
	3.95393 7.5179,
	"/>
</Transform>

<Transform dim="6"
 xcoef=" 0.0445895533739783 0.999707424024249 -0.0153700204976635 0 0 0"
 ycoef=" -0.155092668387761 0.00793394585277601 1.00890823768031 0 0 0">
<Contour name="d07c31" hidden="false" closed="true" simplified="true" border="1 0 0" fill="0 1 0" mode="9"
 points="5.59961 6.9052,
	5.6181 6.87931,
	5.6329 6.86821,
	5.64769 6.86821,
	5.65509 6.86821,
	5.66988 6.87931,
	5.67728 6.9089,
	5.68837 6.91999,
	5.69577 6.92369,
	5.69577 6.95328,
	5.69947 6.96807,
	5.71056 6.98287,
	5.74015 6.99396,
	5.75125 7.00876,
	5.75495 7.06793,
	5.75495 7.08273,
	5.74385 7.09382,
	5.71426 7.10122,
	5.68467 7.09752,
	5.65509 7.06793,
	5.64029 7.05314,
	5.6329 7.04574,
	5.6181 6.98657,
	5.60701 6.95698,
	5.59961 6.94218,
	5.59961 6.91259,
	5.59961 6.9089,
	"/>
<Contour name="d07cfa31" hidden="false" closed="false" simplified="false" border="0 1 1" fill="0 1 1" mode="9"
 points="5.75159 7.06727,
	5.7257 7.05987,
	5.68501 7.03398,
	5.64803 6.9859,
	5.63323 6.91932,
	5.62953 6.87494,
	"/>
</Transform>

<Transform dim="6"
 xcoef=" 0.0445895533739783 0.999707424024249 -0.0153700204976635 0 0 0"
 ycoef=" -0.155092668387761 0.00793394585277601 1.00890823768031 0 0 0">
<Contour name="d07c32" hidden="false" closed="true" simplified="true" border="1 0 0" fill="0 1 0" mode="9"
 points="4.14238 7.09752,
	4.16457 7.07163,
	4.17936 7.04574,
	4.20895 7.01615,
	4.22375 7.00136,
	4.28292 6.97177,
	4.29772 6.96437,
	4.32731 6.96437,
	4.3347 6.96807,
	4.3347 6.99766,
	4.32361 7.02725,
	4.31621 7.04204,
	4.26073 7.09012,
	4.23114 7.11232,
	4.20156 7.12711,
	4.17197 7.12341,
	4.14238 7.11232,
	4.14238 7.10122,
	"/>
<Contour name="d07cfa32" hidden="false" closed="false" simplified="false" border="0 1 1" fill="0 1 1" mode="9"
 points="4.15381 7.11905,
	4.1871 7.07466,
	4.25737 7.02288,
	4.32025 6.96371,
	"/>
</Transform>

<Transform dim="6"
 xcoef=" 0.0445895533739783 0.999707424024249 -0.0153700204976635 0 0 0"
 ycoef=" -0.155092668387761 0.00793394585277601 1.00890823768031 0 0 0">
<Contour name="d06c31" hidden="false" closed="true" simplified="true" border="0 1 0" fill="0 1 0" mode="11"
 points="2.74456 6.80251,
	2.75905 6.79346,
	2.77354 6.78983,
	2.77716 6.78621,
	2.79166 6.78259,
	2.80615 6.77534,
	2.80977 6.77534,
	2.81702 6.76991,
	2.82427 6.76809,
	2.82789 6.76447,
	2.84238 6.76085,
	2.84601 6.76085,
	2.84963 6.75722,
	2.86412 6.75541,
	2.87861 6.74998,
	2.9076 6.74998,
	2.92209 6.75722,
	2.9239 6.76085,
	2.91122 6.77534,
	2.9076 6.77896,
	2.87861 6.78983,
	2.87137 6.79346,
	2.86774 6.79346,
	2.86412 6.79708,
	2.80615 6.82063,
	2.77716 6.82425,
	2.76267 6.82244,
	2.74999 6.81338,
	2.74456 6.80614,
	2.74456 6.80433,
	"/>
<Contour name="d06cfa31" hidden="false" closed="false" simplified="false" border="0 1 1" fill="0 1 1" mode="11"
 points="2.74511 6.80989,
	2.7741 6.8117,
	2.79222 6.81533,
	2.81577 6.80989,
	2.84113 6.80083,
	2.86287 6.78453,
	2.89185 6.76823,
	2.91903 6.75736,
	"/>
</Transform>

<Transform dim="6"
 xcoef=" 0.0445895533739783 0.999707424024249 -0.0153700204976635 0 0 0"
 ycoef=" -0.155092668387761 0.00793394585277601 1.00890823768031 0 0 0">
<Contour name="d01p35" hidden="false" closed="true" simplified="false" border="1 1 0" fill="1 1 0" mode="-13"
 points="4.32491 4.57199,
	4.32491 4.51976,
	4.27268 4.51976,
	4.27268 4.56546,
	4.26616 4.57199,
	4.26616 4.51323,
	4.33144 4.51323,
	4.33144 4.57852,
	4.26616 4.57852,
	4.27268 4.57199,
	"/>
</Transform>

<Transform dim="6"
 xcoef=" 0.0445895533739783 0.999707424024249 -0.0153700204976635 0 0 0"
 ycoef=" -0.155092668387761 0.00793394585277601 1.00890823768031 0 0 0">
<Contour name="d03p29" hidden="false" closed="true" simplified="false" border="0 1 0" fill="0 1 0" mode="-9"
 points="3.34627 2.45759,
	3.34627 2.43408,
	3.36978 2.43408,
	3.36978 2.41057,
	3.39328 2.41057,
	3.39328 2.43408,
	3.41679 2.43408,
	3.41679 2.45759,
	3.39328 2.45759,
	3.39328 2.4811,
	3.36978 2.4811,
	3.36978 2.45759,
	"/>
</Transform>

<Transform dim="6"
 xcoef=" 0.0445895533739783 0.999707424024249 -0.0153700204976635 0 0 0"
 ycoef=" -0.155092668387761 0.00793394585277601 1.00890823768031 0 0 0">
<Contour name="d06p23" hidden="false" closed="true" simplified="false" border="1 1 0" fill="1 1 0" mode="-13"
 points="2.9012 6.89768,
	2.9012 6.85798,
	2.8615 6.85798,
	2.8615 6.89272,
	2.85654 6.89768,
	2.85654 6.85302,
	2.90617 6.85302,
	2.90617 6.90265,
	2.85654 6.90265,
	2.8615 6.89768,
	"/>
</Transform>

<Transform dim="6"
 xcoef=" 0.0445895533739783 0.999707424024249 -0.0153700204976635 0 0 0"
 ycoef=" -0.155092668387761 0.00793394585277601 1.00890823768031 0 0 0">
<Contour name="d06p31" hidden="false" closed="true" simplified="false" border="1 0.5 0" fill="1 0.5 0" mode="-13"
 points="2.83669 6.82572,
	2.83669 6.82076,
	2.84165 6.81579,
	2.84661 6.81579,
	2.85157 6.82076,
	2.85157 6.82572,
	2.84661 6.83068,
	2.84165 6.83068,
	"/>
</Transform>

<Transform dim="0"
 xcoef=" 0 1 0 0 0 0"
 ycoef=" 0 0 1 0 0 0">
<Contour name="d01" hidden="true" closed="true" simplified="true" border="1 0.5 0" fill="1 0.5 0" mode="9"
 points="3.52345 4.88273,
	3.52961 4.87438,
	3.53564 4.85772,
	3.55237 4.85551,
	3.56072 4.85337,
	3.57761 4.86154,
	3.58182 4.86359,
	3.59846 4.85515,
	3.61516 4.85087,
	3.61935 4.85083,
	3.6255 4.84248,
	3.62963 4.83829,
	3.66318 4.84011,
	3.67995 4.83998,
	3.69677 4.844,
	3.71365 4.85216,
	3.7221 4.85625,
	3.73883 4.85405,
	3.7555 4.84768,
	3.76994 4.83304,
	3.83431 4.79516,
	3.85085 4.78049,
	3.86107 4.7638,
	3.86513 4.75547,
	3.89837 4.73652,
	3.93179 4.73003,
	3.96506 4.71316,
	3.98182 4.71303,
	3.99021 4.71296,
	3.9944 4.71293,
	4.00722 4.72944,
	4.0224 4.76253,
	4.025 4.79574,
	4.01269 4.81245,
	4.00691 4.84571,
	4.00927 4.8623,
	4.00533 4.87894,
	4.00336 4.88726,
	3.99104 4.90397,
	3.98692 4.90816,
	3.98508 4.92478,
	3.98521 4.93308,
	3.97708 4.94976,
	3.95245 4.98317,
	3.93594 4.99991,
	3.90281 5.02508,
	3.89677 5.04174,
	3.89481 5.05006,
	3.88861 5.05635,
	3.82138 5.04442,
	3.813 5.04448,
	3.80455 5.0404,
	3.77472 5.00741,
	3.7705 5.00537,
	3.75383 5.01172,
	3.74538 5.00764,
	3.71145 4.98092,
	3.67777 4.9708,
	3.66094 4.96678,
	3.62716 4.95044,
	3.55993 4.93851,
	3.55155 4.93857,
	3.5346 4.92625,
	3.52609 4.91801,
	3.52348 4.88481,
	"/>
</Transform>

<Transform dim="0"
 xcoef=" 0 1 0 0 0 0"
 ycoef=" 0 0 1 0 0 0">
<Contour name="ax04" comment="LK bouton trace named after cfa" hidden="false" closed="true" simplified="true" border="0 1 1" fill="0.502 1 1" mode="9"
 points="3.22413 4.53185,
	3.22968 4.52378,
	3.23271 4.51974,
	3.23675 4.51772,
	3.24079 4.51469,
	3.24482 4.51267,
	3.24684 4.51166,
	3.24886 4.51166,
	3.25694 4.50762,
	3.27309 4.49349,
	3.27662 4.48945,
	3.28015 4.48138,
	3.28217 4.46523,
	3.28318 4.46119,
	3.28318 4.45312,
	3.28772 4.44504,
	3.2953 4.43696,
	3.29883 4.43293,
	3.30085 4.43091,
	3.30236 4.42687,
	3.30488 4.42283,
	3.3064 4.41879,
	3.30892 4.41476,
	3.31094 4.40668,
	3.31498 4.39861,
	3.32205 4.3663,
	3.32205 4.36429,
	3.32507 4.36025,
	3.33618 4.32795,
	3.34173 4.31179,
	3.34476 4.30372,
	3.34627 4.29564,
	3.34728 4.27949,
	3.3498 4.26334,
	3.35132 4.25527,
	3.35435 4.24719,
	3.35536 4.24315,
	3.36394 4.227,
	3.36495 4.22498,
	3.3811 4.21136,
	3.38917 4.20883,
	3.39321 4.20782,
	3.39523 4.20681,
	3.4033 4.2058,
	3.40734 4.2058,
	3.42349 4.19722,
	3.42753 4.1947,
	3.42955 4.19369,
	3.4452 4.17754,
	3.44721 4.1735,
	3.44822 4.17148,
	3.47901 4.13918,
	3.48305 4.13514,
	3.48507 4.13312,
	3.49314 4.12858,
	3.49718 4.12656,
	3.50526 4.12505,
	3.5093 4.12404,
	3.5416 4.1089,
	3.55775 4.10133,
	3.5739 4.09779,
	3.6062 4.08265,
	3.60973 4.08063,
	3.61781 4.07912,
	3.65011 4.0771,
	3.65819 4.0766,
	3.67434 4.07912,
	3.67838 4.07962,
	3.68645 4.08265,
	3.69049 4.08467,
	3.69453 4.08871,
	3.7026 4.09325,
	3.71068 4.09628,
	3.71875 4.09679,
	3.72279 4.09679,
	3.72481 4.09679,
	3.72885 4.09527,
	3.73692 4.09628,
	3.745 4.10082,
	3.75307 4.10688,
	3.76771 4.12253,
	3.78386 4.13464,
	3.81616 4.1624,
	3.82424 4.16946,
	3.83231 4.17754,
	3.85805 4.20934,
	3.87421 4.22196,
	3.87824 4.22448,
	3.89439 4.23861,
	3.90196 4.24618,
	3.91963 4.27848,
	3.92871 4.29463,
	3.94032 4.31079,
	3.95698 4.34309,
	3.96404 4.35924,
	3.95799 4.39154,
	3.95597 4.39962,
	3.95546 4.41577,
	3.959 4.43192,
	3.96758 4.44807,
	3.98221 4.48037,
	3.98373 4.48441,
	3.98474 4.49248,
	3.98221 4.50863,
	3.97969 4.51671,
	3.97565 4.52479,
	3.97363 4.52882,
	3.96859 4.54497,
	3.96657 4.55305,
	3.96404 4.5692,
	3.96051 4.58535,
	3.95546 4.61765,
	3.95092 4.6338,
	3.94789 4.64188,
	3.94638 4.64995,
	3.94587 4.65399,
	3.94941 4.68629,
	3.94941 4.70245,
	3.9484 4.71052,
	3.94335 4.7186,
	3.93528 4.72516,
	3.9272 4.73071,
	3.92316 4.73323,
	3.90701 4.73778,
	3.89086 4.74484,
	3.87471 4.75342,
	3.86663 4.75847,
	3.83433 4.77563,
	3.81818 4.78471,
	3.81011 4.78875,
	3.80607 4.79077,
	3.78992 4.80238,
	3.77377 4.81601,
	3.76569 4.82156,
	3.73339 4.8372,
	3.72935 4.83922,
	3.72128 4.84074,
	3.7132 4.84124,
	3.70916 4.84175,
	3.70109 4.84074,
	3.68494 4.83367,
	3.66879 4.82762,
	3.65263 4.82661,
	3.64456 4.82762,
	3.62841 4.83317,
	3.59611 4.84629,
	3.57996 4.84982,
	3.57188 4.85134,
	3.55573 4.84932,
	3.54765 4.84831,
	3.54362 4.8478,
	3.52746 4.84124,
	3.51939 4.8372,
	3.50324 4.8256,
	3.4992 4.82156,
	3.48255 4.78926,
	3.4669 4.75695,
	3.45529 4.7408,
	3.44873 4.73273,
	3.4457 4.72869,
	3.44166 4.72566,
	3.44015 4.72465,
	3.43611 4.72768,
	3.40381 4.72768,
	3.39573 4.72768,
	3.3917 4.72768,
	3.38766 4.7292,
	3.38362 4.7297,
	3.37555 4.72718,
	3.37151 4.72516,
	3.36949 4.72364,
	3.36747 4.72314,
	3.36646 4.72314,
	3.35182 4.70699,
	3.34173 4.69084,
	3.33315 4.67469,
	3.32255 4.65853,
	3.31599 4.65046,
	3.31195 4.64642,
	3.27965 4.62623,
	3.27561 4.62371,
	3.26754 4.61563,
	3.2635 4.60756,
	3.26148 4.59948,
	3.26148 4.59746,
	3.25189 4.58131,
	3.23877 4.56516,
	3.22716 4.54901,
	3.22463 4.54094,
	3.22413 4.53286,
	3.22413 4.53236,
	"/>
</Transform>

<Transform dim="0"
 xcoef=" 0 1 0 0 0 0"
 ycoef=" 0 0 1 0 0 0">
<Contour name="d03" hidden="false" closed="true" simplified="true" border="0 1 0" fill="0 1 0" mode="9"
 points="2.49343 2.61275,
	2.49837 2.58429,
	2.50174 2.57005,
	2.50343 2.56293,
	2.50337 2.55937,
	2.55813 2.50564,
	2.58671 2.4983,
	2.64406 2.49608,
	2.67277 2.49763,
	2.68714 2.49929,
	2.7443 2.48463,
	2.77285 2.47552,
	2.77999 2.47369,
	2.80648 2.44683,
	2.81354 2.43967,
	2.84209 2.43055,
	2.84565 2.42875,
	2.90357 2.46383,
	2.93255 2.48315,
	2.93981 2.48842,
	2.99735 2.49863,
	3.11234 2.51372,
	3.16985 2.52215,
	3.19859 2.52548,
	3.25627 2.54457,
	3.25988 2.54632,
	3.28832 2.5301,
	3.31657 2.50145,
	3.32711 2.48715,
	3.33238 2.48,
	3.34585 2.42304,
	3.35438 2.39455,
	3.35775 2.38031,
	3.38421 2.35166,
	3.41264 2.33545,
	3.44114 2.32279,
	3.4554 2.31734,
	3.51275 2.31512,
	3.62768 2.32665,
	3.68514 2.33154,
	3.71386 2.33308,
	3.74251 2.33108,
	3.75686 2.33097,
	3.76403 2.33091,
	3.82111 2.31092,
	3.84936 2.28227,
	3.85463 2.27512,
	3.8681 2.21815,
	3.90488 2.16101,
	3.93627 2.1039,
	3.99357 2.09813,
	4.02222 2.09612,
	4.03665 2.10134,
	4.09451 2.13287,
	4.12345 2.14863,
	4.18161 2.1997,
	4.18889 2.20675,
	4.20367 2.23506,
	4.21106 2.24922,
	4.21289 2.25098,
	4.19539 2.27955,
	4.19191 2.28668,
	4.07859 2.37996,
	4.02568 2.43724,
	3.99922 2.46588,
	3.9851 2.4802,
	3.99091 2.50858,
	3.99471 2.52277,
	3.98439 2.55128,
	3.97744 2.56555,
	3.92452 2.62282,
	3.9003 2.67987,
	3.87248 2.73695,
	3.84407 2.75494,
	3.82989 2.76571,
	3.77293 2.79281,
	3.74446 2.80725,
	3.71582 2.81103,
	3.70151 2.81292,
	3.68714 2.81126,
	3.65821 2.79549,
	3.64373 2.78672,
	3.58635 2.78717,
	3.55766 2.7874,
	3.54332 2.78751,
	3.5145 2.77885,
	3.50181 2.77006,
	3.48703 2.74175,
	3.47964 2.7276,
	3.48056 2.67074,
	3.4805 2.66718,
	3.4516 2.65319,
	3.43715 2.6462,
	3.37955 2.63244,
	3.32204 2.62401,
	3.30765 2.62057,
	3.19344 2.657,
	3.16489 2.66611,
	3.10768 2.67722,
	3.09339 2.68089,
	3.08625 2.68272,
	3.05743 2.67406,
	2.99959 2.64431,
	2.98511 2.63554,
	2.97788 2.63204,
	2.74825 2.62496,
	2.69079 2.62008,
	2.67642 2.61842,
	2.61919 2.62775,
	2.562 2.64064,
	2.53328 2.63909,
	2.51889 2.63565,
	2.50438 2.62511,
	2.49713 2.61983,
	2.49348 2.6163,
	2.49346 2.61453,
	"/>
<Contour name="d03" hidden="false" closed="true" simplified="true" border="0 1 0" fill="0 1 0" mode="9"
 points="2.42166 2.78371,
	2.45253 2.73331,
	2.47443 2.71746,
	2.4994 2.69532,
	2.51196 2.68895,
	2.52442 2.67631,
	2.53698 2.66995,
	2.5433 2.6699,
	2.54954 2.66358,
	2.55587 2.66353,
	2.57777 2.64768,
	2.59033 2.64131,
	2.64089 2.63778,
	2.66606 2.62818,
	2.71652 2.61837,
	2.81776 2.61758,
	2.86841 2.62031,
	2.88107 2.62021,
	2.89381 2.62639,
	2.94458 2.63539,
	2.99515 2.63185,
	3.02065 2.6442,
	3.07194 2.68769,
	3.08478 2.70012,
	3.09753 2.70629,
	3.14566 2.7498,
	3.1585 2.76225,
	3.16502 2.77473,
	3.19067 2.79648,
	3.21986 2.84327,
	3.24239 2.86817,
	3.24575 2.88068,
	3.26194 2.90564,
	3.27221 2.95571,
	3.27615 3.00584,
	3.29273 3.05588,
	3.29293 3.06841,
	3.3028 3.09341,
	3.30357 3.14357,
	3.3008 3.16867,
	3.29169 3.19382,
	3.26989 3.21593,
	3.2196 3.23827,
	3.19775 3.25726,
	3.19143 3.25731,
	3.16645 3.27945,
	3.14134 3.29218,
	3.13511 3.29851,
	3.12878 3.29855,
	3.12255 3.30487,
	3.10995 3.30811,
	3.10362 3.30816,
	3.09111 3.31765,
	3.0785 3.32089,
	3.05344 3.33676,
	3.04088 3.34314,
	3.01562 3.34647,
	2.99051 3.3592,
	2.93995 3.36273,
	2.91463 3.36293,
	2.90193 3.3599,
	2.85702 3.31949,
	2.84398 3.29452,
	2.84063 3.28201,
	2.84053 3.27574,
	2.83085 3.26327,
	2.8273 3.23822,
	2.81761 3.22576,
	2.81119 3.21954,
	2.76033 3.20427,
	2.70962 3.19839,
	2.68427 3.19546,
	2.66189 3.17997,
	2.61375 3.13645,
	2.59127 3.11468,
	2.57843 3.10224,
	2.56223 3.07729,
	2.54937 3.06485,
	2.54899 3.03978,
	2.5324 2.98975,
	2.52253 2.96475,
	2.50005 2.94298,
	2.4839 2.92116,
	2.46141 2.8994,
	2.4453 2.88071,
	2.43888 2.87449,
	2.43533 2.84944,
	2.42253 2.84013,
	2.42176 2.78998,
	2.42171 2.78684,
	"/>
<Contour name="d03cfa29ax12" hidden="false" closed="false" simplified="false" border="0 1 1" fill="0 1 1" mode="9"
 points="2.58904 2.48859,
	2.67594 2.47678,
	2.75157 2.46227,
	2.79919 2.45354,
	2.83528 2.42542,
	"/>
</Transform>

<Transform dim="0"
 xcoef=" 0 1 0 0 0 0"
 ycoef=" 0 0 1 0 0 0">
<Contour name="ax12" comment="LK bouton trace named after cfa" hidden="false" closed="true" simplified="true" border="0 1 1" fill="0.502 1 1" mode="9"
 points="2.08167 2.20485,
	2.08993 2.18283,
	2.09543 2.17182,
	2.103 2.1498,
	2.10576 2.13879,
	2.10713 2.12778,
	2.10851 2.12227,
	2.10782 2.10025,
	2.10713 2.09475,
	2.10231 2.08373,
	2.09887 2.07272,
	2.0975 2.06997,
	2.09612 2.05896,
	2.09612 2.05346,
	2.10231 2.04245,
	2.10782 2.03694,
	2.11057 2.03488,
	2.11677 2.02387,
	2.12571 2.01285,
	2.14773 1.99221,
	2.15874 1.98395,
	2.16425 1.97914,
	2.17526 1.97157,
	2.19728 1.95092,
	2.2193 1.93234,
	2.23031 1.92202,
	2.23582 1.9172,
	2.23857 1.91445,
	2.24958 1.90894,
	2.26059 1.90481,
	2.30463 1.90413,
	2.31564 1.90826,
	2.32665 1.91376,
	2.33216 1.91858,
	2.33491 1.92133,
	2.34592 1.92615,
	2.35143 1.92752,
	2.35418 1.92821,
	2.35969 1.92684,
	2.3707 1.91995,
	2.3762 1.9172,
	2.38721 1.91514,
	2.39822 1.91445,
	2.40923 1.91514,
	2.42024 1.91995,
	2.42575 1.92339,
	2.43469 1.9344,
	2.44983 1.95643,
	2.45603 1.96744,
	2.45878 1.97294,
	2.46291 1.97845,
	2.46566 1.98395,
	2.47598 1.99427,
	2.48149 1.9984,
	2.4925 2.00322,
	2.49525 2.0046,
	2.50626 2.00597,
	2.51177 2.00804,
	2.51452 2.00804,
	2.52553 2.01285,
	2.53104 2.01561,
	2.53654 2.01698,
	2.55856 2.02731,
	2.58058 2.04451,
	2.59159 2.05483,
	2.6026 2.05552,
	2.62462 2.05483,
	2.66867 2.05552,
	2.69069 2.05552,
	2.7017 2.05758,
	2.72372 2.06722,
	2.73473 2.07272,
	2.74023 2.07616,
	2.74574 2.08098,
	2.75125 2.08442,
	2.79322 2.12846,
	2.80148 2.13948,
	2.81318 2.1615,
	2.81731 2.17251,
	2.81937 2.18352,
	2.8297 2.20554,
	2.8352 2.21655,
	2.84277 2.22756,
	2.84896 2.23857,
	2.85791 2.26059,
	2.85791 2.2716,
	2.85653 2.27711,
	2.85791 2.32115,
	2.85791 2.32665,
	2.84896 2.34867,
	2.84139 2.3707,
	2.83658 2.39272,
	2.83176 2.40373,
	2.8297 2.40923,
	2.82419 2.41474,
	2.81318 2.42093,
	2.76914 2.43401,
	2.76363 2.43607,
	2.75813 2.43676,
	2.74712 2.44158,
	2.7251 2.44846,
	2.70307 2.45396,
	2.69206 2.45671,
	2.68656 2.45878,
	2.68105 2.45947,
	2.67004 2.4636,
	2.65903 2.46566,
	2.65628 2.46704,
	2.65077 2.46704,
	2.62875 2.47185,
	2.62325 2.47392,
	2.61224 2.4753,
	2.59022 2.48286,
	2.57921 2.48493,
	2.5682 2.48424,
	2.55719 2.48218,
	2.54618 2.47667,
	2.54067 2.47185,
	2.52966 2.46635,
	2.50764 2.46016,
	2.49663 2.45878,
	2.49112 2.45603,
	2.4691 2.44915,
	2.45809 2.44295,
	2.43607 2.43401,
	2.42506 2.4285,
	2.41405 2.42437,
	2.40304 2.42162,
	2.39203 2.42093,
	2.34799 2.42231,
	2.33698 2.42162,
	2.33147 2.42162,
	2.32046 2.41611,
	2.30945 2.40923,
	2.28743 2.40373,
	2.27642 2.3996,
	2.27091 2.39616,
	2.26541 2.39134,
	2.24958 2.36932,
	2.23926 2.3473,
	2.23031 2.32528,
	2.22481 2.31427,
	2.22137 2.30876,
	2.21655 2.30326,
	2.2138 2.30119,
	2.20279 2.29775,
	2.19178 2.29018,
	2.18214 2.27917,
	2.17664 2.27435,
	2.16563 2.26954,
	2.15461 2.26747,
	2.13259 2.26678,
	2.12158 2.2661,
	2.11057 2.26266,
	2.09956 2.25509,
	2.09406 2.24958,
	2.0913 2.24407,
	2.09062 2.24132,
	2.08855 2.23857,
	2.08855 2.23582,
	2.08511 2.23031,
	2.08373 2.22481,
	2.08236 2.22205,
	2.08167 2.21104,
	2.08167 2.20554,
	"/>
</Transform>

<Transform dim="0"
 xcoef=" 0 1 0 0 0 0"
 ycoef=" 0 0 1 0 0 0">
<Contour name="ax13" comment="LK bouton trace named after cfa" hidden="false" closed="true" simplified="true" border="0 1 1" fill="0.502 1 1" mode="9"
 points="4.12046 2.95857,
	4.1216 2.95628,
	4.1216 2.9517,
	4.12447 2.94253,
	4.12619 2.93336,
	4.12733 2.92878,
	4.12733 2.92649,
	4.1302 2.91732,
	4.13191 2.91503,
	4.13593 2.90643,
	4.14165 2.89727,
	4.1491 2.8881,
	4.15025 2.88695,
	4.15941 2.88581,
	4.16858 2.88581,
	4.17775 2.88695,
	4.18692 2.88925,
	4.19551 2.8944,
	4.20468 2.9007,
	4.20697 2.90128,
	4.22358 2.9156,
	4.23103 2.92419,
	4.23447 2.92878,
	4.23676 2.93336,
	4.23676 2.93451,
	4.23791 2.93565,
	4.23791 2.9368,
	4.23905 2.93794,
	4.2402 2.94253,
	4.24134 2.94482,
	4.24764 2.98149,
	4.24879 2.99065,
	4.24879 2.99524,
	4.24879 2.99753,
	4.24707 3.00211,
	4.2465 3.0044,
	4.24478 3.0067,
	4.24478 3.00784,
	4.24134 3.01242,
	4.23218 3.01987,
	4.21442 3.03248,
	4.21212 3.0342,
	4.21098 3.03534,
	4.20983 3.03534,
	4.20811 3.03706,
	4.20353 3.03878,
	4.20124 3.03993,
	4.20009 3.04107,
	4.18176 3.04222,
	4.17259 3.03935,
	4.17145 3.03821,
	4.16686 3.03706,
	4.16228 3.03477,
	4.15369 3.02732,
	4.14968 3.02388,
	4.14165 3.01529,
	4.13478 3.0067,
	4.12962 2.99753,
	4.12733 2.99295,
	4.12676 2.99065,
	4.12504 2.98836,
	4.12332 2.98378,
	4.12332 2.98149,
	4.12218 2.9792,
	4.12046 2.97003,
	4.12046 2.96086,
	4.12046 2.95914,
	"/>
</Transform>

<Transform dim="0"
 xcoef=" 0 1 0 0 0 0"
 ycoef=" 0 0 1 0 0 0">
<Contour name="ax16" comment="LK bouton trace named after cfa" hidden="false" closed="true" simplified="true" border="0 1 1" fill="0.502 1 1" mode="9"
 points="2.14655 8.06274,
	2.1505 8.0522,
	2.15445 8.04693,
	2.15906 8.04298,
	2.1617 8.03771,
	2.16565 8.03245,
	2.16828 8.02981,
	2.1696 8.0285,
	2.17091 8.0285,
	2.18145 8.01928,
	2.20252 8.00282,
	2.20779 7.99821,
	2.21305 7.99491,
	2.21569 7.99294,
	2.23676 7.98701,
	2.24729 7.98504,
	2.25256 7.98438,
	2.2552 7.98438,
	2.26046 7.98175,
	2.271 7.98043,
	2.29207 7.97384,
	2.3026 7.96989,
	2.30524 7.96792,
	2.31051 7.9666,
	2.32104 7.96199,
	2.32631 7.96002,
	2.33158 7.95672,
	2.34211 7.95212,
	2.34738 7.95014,
	2.35791 7.94882,
	2.37898 7.94816,
	2.38952 7.95146,
	2.39479 7.95277,
	2.39874 7.95738,
	2.40401 7.96199,
	2.41125 7.97253,
	2.41257 7.97516,
	2.41257 7.9778,
	2.41586 7.98306,
	2.41915 7.9936,
	2.42113 8.00413,
	2.42178 8.0094,
	2.41849 8.03047,
	2.41652 8.0331,
	2.41388 8.04364,
	2.41191 8.04891,
	2.40466 8.05944,
	2.40137 8.06405,
	2.3961 8.06866,
	2.38557 8.07327,
	2.38359 8.07525,
	2.37306 8.07722,
	2.36779 8.07854,
	2.36252 8.08117,
	2.35199 8.08841,
	2.34672 8.09237,
	2.34277 8.09763,
	2.33223 8.10553,
	2.3217 8.10883,
	2.31643 8.1108,
	2.3059 8.11146,
	2.29536 8.10949,
	2.25322 8.10883,
	2.24268 8.10817,
	2.23742 8.10817,
	2.22688 8.10619,
	2.21635 8.10553,
	2.20581 8.10224,
	2.19528 8.10093,
	2.19001 8.10027,
	2.18474 8.09697,
	2.17421 8.09368,
	2.17157 8.09171,
	2.16894 8.09105,
	2.16696 8.08907,
	2.16433 8.08841,
	2.15379 8.08117,
	2.15116 8.0792,
	2.1505 8.07656,
	2.14721 8.0713,
	2.14655 8.06603,
	2.14655 8.06339,
	"/>
</Transform>

<Transform dim="0"
 xcoef=" 0 1 0 0 0 0"
 ycoef=" 0 0 1 0 0 0">
<Contour name="ax23" comment="LK bouton trace named after cfa" hidden="false" closed="true" simplified="true" border="0 1 1" fill="0.502 1 1" mode="9"
 points="3.97754 9.05758,
	3.98507 9.0434,
	3.99083 9.03631,
	3.99393 9.03277,
	3.99615 9.02922,
	4.00235 9.02213,
	4.00723 9.01504,
	4.01033 9.00795,
	4.01166 9.00441,
	4.01254 8.99732,
	4.01254 8.98313,
	4.0121 8.97604,
	4.0121 8.9725,
	4.01476 8.96541,
	4.01875 8.95832,
	4.02362 8.95123,
	4.02938 8.94414,
	4.03204 8.94059,
	4.03381 8.93882,
	4.03559 8.93528,
	4.03647 8.9335,
	4.03337 8.92641,
	4.0316 8.91932,
	4.03116 8.91223,
	4.0316 8.90869,
	4.03381 8.90514,
	4.03647 8.89805,
	4.03692 8.89628,
	4.03825 8.89451,
	4.04268 8.88033,
	4.04356 8.87944,
	4.04489 8.87235,
	4.04578 8.86881,
	4.05774 8.84045,
	4.05996 8.82627,
	4.05996 8.81918,
	4.05996 8.81563,
	4.05996 8.81386,
	4.05375 8.79968,
	4.05198 8.79259,
	4.05021 8.77841,
	4.04888 8.75005,
	4.04844 8.74296,
	4.04799 8.73941,
	4.0511 8.72523,
	4.05686 8.71105,
	4.0604 8.70396,
	4.06528 8.69687,
	4.07237 8.69067,
	4.07946 8.68358,
	4.08256 8.68003,
	4.08743 8.67294,
	4.09408 8.66585,
	4.09762 8.66319,
	4.1118 8.6561,
	4.1189 8.65256,
	4.12599 8.65034,
	4.13308 8.64946,
	4.16144 8.64901,
	4.17562 8.64901,
	4.1898 8.65167,
	4.19689 8.65345,
	4.20398 8.65433,
	4.21816 8.65921,
	4.22525 8.66098,
	4.23234 8.66408,
	4.23943 8.66807,
	4.24297 8.67073,
	4.25715 8.6787,
	4.26424 8.68447,
	4.27133 8.69156,
	4.27576 8.69865,
	4.27887 8.70574,
	4.27975 8.70928,
	4.27975 8.71105,
	4.28684 8.72523,
	4.28906 8.72878,
	4.31697 8.75315,
	4.33115 8.76511,
	4.3378 8.77221,
	4.34356 8.7793,
	4.34844 8.78639,
	4.35021 8.78993,
	4.35154 8.79702,
	4.35065 8.8112,
	4.34799 8.82538,
	4.34312 8.83956,
	4.34223 8.84665,
	4.34268 8.8502,
	4.3378 8.87856,
	4.33381 8.89274,
	4.32008 8.9211,
	4.30457 8.94946,
	4.29615 8.96364,
	4.29172 8.97073,
	4.28463 8.97782,
	4.28108 8.98136,
	4.27355 8.99554,
	4.26468 9.00972,
	4.2607 9.01681,
	4.2505 9.03099,
	4.24607 9.03808,
	4.23322 9.05226,
	4.22613 9.05891,
	4.21195 9.0691,
	4.20486 9.07265,
	4.19777 9.07398,
	4.19423 9.07353,
	4.18005 9.06644,
	4.1765 9.06467,
	4.16941 9.05891,
	4.16764 9.05714,
	4.15346 9.05005,
	4.14637 9.05005,
	4.14282 9.05005,
	4.12864 9.05714,
	4.12155 9.06068,
	4.11801 9.0629,
	4.11092 9.06955,
	4.09674 9.08062,
	4.08965 9.08417,
	4.08256 9.08594,
	4.07547 9.08683,
	4.06838 9.08683,
	4.0542 9.08373,
	4.04711 9.0824,
	4.04002 9.0824,
	4.03293 9.08328,
	4.02584 9.0855,
	4.02229 9.08683,
	4.0152 9.08771,
	4.00811 9.08771,
	3.99393 9.08461,
	3.98684 9.08195,
	3.9833 9.07974,
	3.98064 9.07619,
	3.97975 9.07531,
	3.97798 9.06822,
	3.97754 9.06113,
	3.97754 9.05802,
	"/>
</Transform>

<Transform dim="0"
 xcoef=" 0 1 0 0 0 0"
 ycoef=" 0 0 1 0 0 0">
<Contour name="d03c29ax12" hidden="false" closed="true" simplified="true" border="0 1 0" fill="0 1 0" mode="9"
 points="2.56636 2.42396,
	2.57499 2.42073,
	2.71307 2.3916,
	2.78211 2.3765,
	2.81663 2.36895,
	2.81879 2.36895,
	2.83929 2.43799,
	2.85007 2.47251,
	2.85223 2.48114,
	2.85331 2.4833,
	2.85007 2.48653,
	2.71199 2.52968,
	2.64295 2.55126,
	2.62569 2.55665,
	2.61706 2.55881,
	2.61275 2.55989,
	2.61059 2.56097,
	2.58794 2.49193,
	2.57715 2.45741,
	2.57175 2.44015,
	2.56852 2.43152,
	2.56744 2.4272,
	2.56636 2.42504,
	"/>
</Transform>

<Transform dim="6"
 xcoef=" -1.24629156723412 1.18855815067655 0.0829995437081804 0 0 0"
 ycoef=" -1.36629342534186 0.0344763550675669 1.04876809759984 0 0 0">
<Image mag="0.00217507" contrast="1.06154" brightness="0.075" red="true" green="true" blue="true"
 src="FHLTD.186.jpg" />
<Contour name="domain1" hidden="false" closed="true" simplified="false" border="1 0 1" fill="1 0 1" mode="11"
 points="0 0,
	4096 0,
	4096 4096,
	0 4096,
	"/>
</Transform>

<Transform dim="0"
 xcoef=" 0 1 0 0 0 0"
 ycoef=" 0 0 1 0 0 0">
<Contour name="ax16" comment="LK bouton trace named after cfa" hidden="false" closed="true" simplified="true" border="0 1 1" fill="0.502 1 1" mode="9"
 points="2.7813 7.65252,
	2.78261 7.64989,
	2.78261 7.63935,
	2.78459 7.62882,
	2.78657 7.62355,
	2.79117 7.61828,
	2.80171 7.61367,
	2.82278 7.61499,
	2.83332 7.61565,
	2.83858 7.61762,
	2.84122 7.61762,
	2.84188 7.61828,
	2.84714 7.61631,
	2.86821 7.61433,
	2.88928 7.61433,
	2.91035 7.61762,
	2.92089 7.62223,
	2.94196 7.63474,
	2.9525 7.64067,
	2.95776 7.64396,
	2.9604 7.64594,
	2.97093 7.64923,
	2.98147 7.65515,
	3.00254 7.65779,
	3.00517 7.65779,
	3.01571 7.66174,
	3.02097 7.66503,
	3.02624 7.6703,
	3.02756 7.67293,
	3.03019 7.67557,
	3.03283 7.68083,
	3.04863 7.7019,
	3.05719 7.71244,
	3.06377 7.72297,
	3.06443 7.72824,
	3.06377 7.73878,
	3.06377 7.74141,
	3.05982 7.75195,
	3.05258 7.76248,
	3.04731 7.76446,
	3.04204 7.76512,
	3.03941 7.76577,
	3.03414 7.76512,
	3.02888 7.76248,
	3.00781 7.74273,
	2.99859 7.73219,
	2.99398 7.72693,
	2.98344 7.721,
	2.96237 7.71376,
	2.9413 7.70783,
	2.93603 7.70717,
	2.9255 7.70322,
	2.91496 7.70256,
	2.89389 7.69861,
	2.88336 7.69466,
	2.86229 7.69071,
	2.84122 7.69071,
	2.82015 7.68742,
	2.80961 7.68281,
	2.79908 7.67557,
	2.78854 7.66569,
	2.78393 7.66042,
	2.78196 7.65779,
	2.7813 7.65318,
	"/>
</Transform>

</Section>