<?xml version="1.0"?>
<!DOCTYPE Section SYSTEM "section.dtd">

<Section index="100" thickness="0.045" alignLocked="true">
<Transform dim="6"
 xcoef=" 2.5594827509184 1.00171166649971 -0.0130093457137834 0 0 0"
 ycoef=" 1.39034375645651 0.022808153055616 0.997290201881954 0 0 0">
<Contour name="D04" hidden="false" closed="true" simplified="true" border="1 0 0" fill="1 0 0" mode="11"
 points="5.46492 7.32996,
	5.46778 7.29096,
	5.47628 7.25281,
	5.49024 7.21634,
	5.50936 7.18235,
	5.53323 7.15158,
	5.56131 7.1247,
	5.59299 7.1023,
	5.6276 7.08487,
	5.66436 7.07278,
	5.70248 7.0663,
	5.74113 7.06558,
	5.77947 7.07063,
	5.81665 7.08133,
	5.85186 7.09746,
	5.88435 7.11866,
	5.91339 7.14447,
	5.93836 7.17432,
	5.95871 7.20758,
	5.97399 7.2435,
	5.98388 7.28131,
	5.98816 7.32018,
	5.98673 7.35926,
	5.97963 7.39771,
	5.96701 7.43467,
	5.94914 7.46936,
	5.92642 7.501,
	5.89934 7.52891,
	5.86849 7.55248,
	5.83455 7.57119,
	5.79825 7.58464,
	5.76039 7.59254,
	5.72179 7.59471,
	5.6833 7.5911,
	5.64576 7.58179,
	5.60998 7.56699,
	5.57674 7.54702,
	5.54678 7.52231,
	5.52073 7.49341,
	5.49918 7.46094,
	5.48259 7.42562,
	5.47133 7.3882,
	"/>
</Transform>

<Transform dim="6"
 xcoef=" 0.609482750918406 1.00171166649971 -0.0130093457137834 0 0 0"
 ycoef=" -0.279656243543495 0.022808153055616 0.997290201881954 0 0 0">
<Contour name="D05" hidden="false" closed="true" simplified="true" border="1 1 0" fill="1 1 0" mode="11"
 points="2.69299 3.97404,
	2.70475 3.90163,
	2.73888 3.83632,
	2.79205 3.78448,
	2.85904 3.7512,
	2.93329 3.73974,
	3.00755 3.7512,
	3.07454 3.78448,
	3.12771 3.83632,
	3.16184 3.90163,
	3.1736 3.97404,
	3.16184 4.04644,
	3.12771 4.11175,
	3.07454 4.16359,
	3.00755 4.19687,
	2.93329 4.20833,
	2.85904 4.19687,
	2.79205 4.16359,
	2.73888 4.11175,
	"/>
</Transform>

<Transform dim="6"
 xcoef=" 0.0694827509184064 1.00171166649971 -0.0130093457137834 0 0 0"
 ycoef=" -0.149656243543495 0.022808153055616 0.997290201881954 0 0 0">
<Contour name="d01cfa07ax02" hidden="false" closed="false" simplified="false" border="0 1 1" fill="0 1 1" mode="9"
 points="4.46617 2.57937,
	4.46196 2.59202,
	4.46196 2.59624,
	4.45353 2.60888,
	4.44931 2.62996,
	4.4451 2.64682,
	4.44088 2.6679,
	4.43666 2.70584,
	4.43245 2.73957,
	4.40294 2.8281,
	"/>
</Transform>

<Transform dim="6"
 xcoef=" 0.0694827509184064 1.00171166649971 -0.0130093457137834 0 0 0"
 ycoef=" -0.149656243543495 0.022808153055616 0.997290201881954 0 0 0">
<Contour name="d02" hidden="false" closed="true" simplified="true" border="0.5 0 1" fill="0.5 0 1" mode="9"
 points="4.16623 6.31191,
	4.21628 6.29314,
	4.26632 6.29939,
	4.29135 6.31191,
	4.39143 6.30565,
	4.44148 6.28063,
	4.4665 6.27437,
	4.56659 6.29314,
	4.60413 6.24309,
	4.61664 6.22433,
	4.59787 6.1993,
	4.54783 6.16803,
	4.5228 6.15552,
	4.51655 6.14926,
	4.52906 6.12424,
	4.5791 6.09296,
	4.67919 6.06168,
	4.77928 6.11798,
	4.8043 6.13049,
	4.90439 6.143,
	5.00448 6.0867,
	5.05453 6.06168,
	5.07955 6.04917,
	5.17964 6.09296,
	5.22969 6.12424,
	5.2422 6.13675,
	5.24845 6.18679,
	5.23594 6.21182,
	5.21092 6.23058,
	5.19841 6.24309,
	5.19215 6.29314,
	5.19215 6.31816,
	5.14836 6.36821,
	5.14211 6.41825,
	5.1859 6.51834,
	5.19215 6.56839,
	5.17339 6.61843,
	5.17339 6.66848,
	5.19841 6.76856,
	5.17339 6.81861,
	5.1859 6.84363,
	5.21092 6.86865,
	5.21092 6.9187,
	5.19841 6.96874,
	5.17339 6.98751,
	5.0733 7.00002,
	4.97321 7.04381,
	4.77303 7.0313,
	4.67294 7.03756,
	4.62289 7.05632,
	4.61038 7.06883,
	4.56034 7.05007,
	4.55408 7.04381,
	4.54157 7.06258,
	4.51655 7.01253,
	4.47276 6.98126,
	4.42271 6.96249,
	4.37267 6.95623,
	4.27258 6.89993,
	4.17874 6.79984,
	4.16623 6.7498,
	4.17249 6.69975,
	4.17874 6.67473,
	4.22253 6.63094,
	4.24756 6.58715,
	4.24756 6.53711,
	4.20377 6.43702,
	4.17874 6.38697,
	4.16623 6.33693,
	4.16623 6.31816,
	"/>
</Transform>

<Transform dim="6"
 xcoef=" 0.0694827509184064 1.00171166649971 -0.0130093457137834 0 0 0"
 ycoef=" -0.149656243543495 0.022808153055616 0.997290201881954 0 0 0">
<Contour name="d02" hidden="false" closed="true" simplified="true" border="0.5 0 1" fill="0.5 0 1" mode="9"
 points="4.21628 7.2002,
	4.26007 7.15641,
	4.28509 7.13765,
	4.31011 7.13139,
	4.32262 7.13139,
	4.34139 7.15641,
	4.34139 7.16892,
	4.39143 7.16267,
	4.40395 7.17518,
	4.41646 7.22522,
	4.41646 7.27527,
	4.41646 7.30029,
	4.40395 7.32531,
	4.40395 7.35034,
	4.40395 7.36285,
	4.37892 7.3691,
	4.28509 7.28778,
	4.23504 7.27527,
	4.21628 7.25025,
	4.21628 7.20646,
	"/>
</Transform>

<Transform dim="6"
 xcoef=" 0.0694827509184064 1.00171166649971 -0.0130093457137834 0 0 0"
 ycoef=" -0.149656243543495 0.022808153055616 0.997290201881954 0 0 0">
<Contour name="d02" hidden="false" closed="true" simplified="true" border="0.5 0 1" fill="0.5 0 1" mode="9"
 points="5.51109 5.78665,
	5.5154 5.76942,
	5.52831 5.7522,
	5.53693 5.74359,
	5.57137 5.73929,
	5.58859 5.73498,
	5.60151 5.7479,
	5.60581 5.78234,
	5.61012 5.79956,
	5.5972 5.83401,
	5.58859 5.9029,
	5.55415 5.9029,
	5.53693 5.88998,
	5.5197 5.85554,
	5.51109 5.79095,
	"/>
</Transform>

<Transform dim="6"
 xcoef=" 0.0694827509184064 1.00171166649971 -0.0130093457137834 0 0 0"
 ycoef=" -0.149656243543495 0.022808153055616 0.997290201881954 0 0 0">
<Contour name="d02" hidden="false" closed="true" simplified="true" border="0.5 0 1" fill="0.5 0 1" mode="9"
 points="4.55259 5.49251,
	4.55705 5.42124,
	4.5615 5.3856,
	4.56595 5.36778,
	4.59714 5.3366,
	4.63277 5.33214,
	4.66841 5.34105,
	4.68623 5.34996,
	4.7085 5.42124,
	4.71741 5.45687,
	4.71741 5.49251,
	4.7085 5.52815,
	4.70405 5.54596,
	4.63277 5.55042,
	4.60605 5.5816,
	4.58823 5.59497,
	4.57932 5.59942,
	4.57041 5.59051,
	4.57041 5.57269,
	4.55705 5.53706,
	4.55259 5.50142,
	4.55259 5.49696,
	"/>
</Transform>

<Transform dim="6"
 xcoef=" 0.0694827509184064 1.00171166649971 -0.0130093457137834 0 0 0"
 ycoef=" -0.149656243543495 0.022808153055616 0.997290201881954 0 0 0">
<Contour name="d02" hidden="false" closed="true" simplified="true" border="0.5 0 1" fill="0.5 0 1" mode="9"
 points="3.55283 5.82701,
	3.56196 5.79047,
	3.62133 5.72197,
	3.6807 5.66261,
	3.68526 5.64434,
	3.7081 5.60781,
	3.71723 5.59868,
	3.7218 5.58041,
	3.72636 5.57584,
	3.73549 5.59411,
	3.74463 5.58041,
	3.75376 5.57584,
	3.78573 5.60781,
	3.82226 5.63064,
	3.84053 5.64891,
	3.84966 5.66718,
	3.84509 5.74024,
	3.83139 5.77677,
	3.83139 5.79504,
	3.82226 5.80417,
	3.80856 5.84071,
	3.77659 5.87267,
	3.75833 5.88637,
	3.74919 5.88637,
	3.71266 5.91834,
	3.6396 5.91377,
	3.60306 5.90007,
	3.5848 5.89551,
	3.55283 5.86354,
	3.55283 5.83157,
	"/>
</Transform>

<Transform dim="6"
 xcoef=" 0.0694827509184064 1.00171166649971 -0.0130093457137834 0 0 0"
 ycoef=" -0.149656243543495 0.022808153055616 0.997290201881954 0 0 0">
<Contour name="d02" hidden="false" closed="true" simplified="true" border="0.5 0 1" fill="0.5 0 1" mode="9"
 points="5.58954 6.61703,
	5.60324 6.5805,
	5.61238 6.56223,
	5.63064 6.54397,
	5.63978 6.53483,
	5.71284 6.5668,
	5.73111 6.58507,
	5.74481 6.6216,
	5.74024 6.65813,
	5.73567 6.6764,
	5.70371 6.70836,
	5.66718 6.71293,
	5.63064 6.7038,
	5.59868 6.66726,
	5.58954 6.65813,
	5.58954 6.6216,
	"/>
</Transform>

<Transform dim="6"
 xcoef=" 0.0694827509184064 1.00171166649971 -0.0130093457137834 0 0 0"
 ycoef=" -0.149656243543495 0.022808153055616 0.997290201881954 0 0 0">
<Contour name="d03" hidden="false" closed="true" simplified="true" border="0 1 0" fill="0 1 0" mode="9"
 points="2.00586 3.07109,
	2.03909 3.05033,
	2.10554 3.0171,
	2.13876 3.00049,
	2.20521 2.98388,
	2.23843 2.97557,
	2.25504 2.9735,
	2.26335 2.97142,
	2.27996 2.95896,
	2.28826 2.95689,
	2.29657 2.95896,
	2.32979 2.98388,
	2.39624 3.02541,
	2.41078 3.03994,
	2.43154 3.07317,
	2.44192 3.10639,
	2.44608 3.123,
	2.31318 3.2289,
	2.30488 3.23721,
	2.30072 3.23928,
	2.30072 3.2559,
	2.29865 3.2642,
	2.28203 3.28081,
	2.24881 3.28497,
	2.21559 3.28289,
	2.19898 3.28289,
	2.18236 3.27874,
	2.14914 3.24967,
	2.14914 3.21644,
	2.14914 3.19983,
	2.14291 3.18322,
	2.12215 3.15207,
	2.08892 3.12716,
	2.02248 3.10639,
	2.01417 3.10224,
	2.01002 3.08563,
	2.00794 3.07732,
	2.00586 3.07317,
	"/>
</Transform>

<Transform dim="6"
 xcoef=" 0.0694827509184064 1.00171166649971 -0.0130093457137834 0 0 0"
 ycoef=" -0.149656243543495 0.022808153055616 0.997290201881954 0 0 0">
<Contour name="d03p10" hidden="false" closed="true" simplified="false" border="0 1 1" fill="0 1 1" mode="9"
 points="3.7445 2.80364,
	3.76445 2.78369,
	3.68465 2.70389,
	3.7046 2.68394,
	3.7844 2.76374,
	3.80435 2.74379,
	3.80435 2.80364,
	"/>
</Transform>

<Transform dim="6"
 xcoef=" 0.0694827509184064 1.00171166649971 -0.0130093457137834 0 0 0"
 ycoef=" -0.149656243543495 0.022808153055616 0.997290201881954 0 0 0">
<Contour name="d03c06" hidden="false" closed="true" simplified="true" border="1 0 0" fill="1 0 0" mode="9"
 points="1.99101 3.10641,
	2.00191 3.09551,
	2.06004 3.09551,
	2.11817 3.13547,
	2.1654 3.18271,
	2.1763 3.19724,
	2.17993 3.2263,
	2.1763 3.25537,
	2.15087 3.27717,
	2.1218 3.28444,
	2.09274 3.2808,
	2.0782 3.27354,
	2.02734 3.22267,
	1.99827 3.1936,
	1.99101 3.16454,
	1.99101 3.11004,
	"/>
<Contour name="d03cfa06" hidden="false" closed="false" simplified="false" border="0 1 1" fill="0 1 1" mode="9"
 points="2.14931 3.2701,
	2.12751 3.21923,
	2.06938 3.15747,
	2.00035 3.11023,
	"/>
</Transform>

<Transform dim="6"
 xcoef=" 0.0694827509184064 1.00171166649971 -0.0130093457137834 0 0 0"
 ycoef=" -0.149656243543495 0.022808153055616 0.997290201881954 0 0 0">
<Contour name="d06" hidden="false" closed="true" simplified="true" border="0 0 1" fill="0 0 1" mode="9"
 points="1.9925 7.89755,
	2.0148 7.88362,
	2.05938 7.84182,
	2.06774 7.81952,
	2.0761 7.80838,
	2.16528 7.76936,
	2.17642 7.76379,
	2.22101 7.76658,
	2.23216 7.76658,
	2.25445 7.77772,
	2.26281 7.80002,
	2.26281 7.80559,
	2.27675 7.82788,
	2.28511 7.85018,
	2.28511 7.93935,
	2.27675 7.96165,
	2.27675 7.96722,
	2.2656 7.97279,
	2.17642 7.97837,
	2.15413 7.97837,
	2.13184 7.97001,
	2.10954 7.97001,
	2.08725 7.97558,
	2.06496 7.98951,
	2.04266 7.9923,
	2.02037 7.98394,
	2.00643 7.96165,
	2.00086 7.95607,
	1.9925 7.91148,
	1.9925 7.90034,
	"/>
<Contour name="d06" hidden="false" closed="true" simplified="true" border="0 0 1" fill="0 0 1" mode="9"
 points="2.20708 6.56829,
	2.22101 6.54599,
	2.23216 6.53485,
	2.25445 6.53206,
	2.26003 6.53206,
	2.27675 6.55435,
	2.28232 6.5655,
	2.29347 6.57665,
	2.31019 6.62124,
	2.31576 6.64353,
	2.31576 6.7327,
	2.31576 6.755,
	2.31855 6.76614,
	2.34084 6.78008,
	2.35199 6.79122,
	2.37149 6.80516,
	2.38264 6.81073,
	2.42723 6.81073,
	2.44952 6.81909,
	2.45788 6.83024,
	2.46903 6.83581,
	2.4969 6.8804,
	2.53591 6.9222,
	2.71426 6.92777,
	2.73655 6.94171,
	2.75885 6.94728,
	2.76999 6.95007,
	2.78114 6.95843,
	2.87032 6.964,
	2.89261 6.964,
	2.9149 6.97236,
	2.9372 6.98629,
	2.94834 6.99466,
	2.94834 7.00023,
	2.97064 7.00023,
	3.01523 7.01138,
	3.05981 7.00859,
	3.08211 7.00302,
	3.12669 7.00302,
	3.17128 7.00859,
	3.21587 7.00859,
	3.23816 7.00859,
	3.28275 6.98908,
	3.30504 6.98072,
	3.39422 6.97793,
	3.48339 6.96121,
	3.50569 6.95564,
	3.52798 6.94171,
	3.57257 6.90269,
	3.66174 6.84139,
	3.70354 6.80237,
	3.79272 6.74385,
	3.97107 6.73828,
	4.06024 6.73549,
	4.08254 6.73549,
	4.09368 6.73828,
	4.09926 6.73828,
	4.10204 6.76057,
	4.09926 6.77172,
	4.0686 6.81073,
	4.04631 6.82745,
	4.02402 6.83581,
	4.01287 6.83581,
	4.00172 6.84139,
	3.99058 6.84139,
	3.97943 6.84696,
	3.97664 6.85811,
	3.98222 6.8804,
	4.00451 6.89991,
	4.01844 6.91941,
	4.01844 6.964,
	4.01844 6.98629,
	4.01566 6.99744,
	3.97107 7.0281,
	3.88189 7.0281,
	3.8596 7.0281,
	3.83731 7.03367,
	3.82895 7.03924,
	3.82895 7.06154,
	3.82895 7.07268,
	3.82895 7.07826,
	3.8178 7.0894,
	3.79551 7.10055,
	3.77321 7.10612,
	3.68404 7.10334,
	3.63945 7.10055,
	3.59486 7.0894,
	3.55028 7.0699,
	3.52798 7.06154,
	3.50569 7.06154,
	3.4611 7.0699,
	3.37193 7.07268,
	3.34963 7.08104,
	3.34406 7.08104,
	3.33291 7.0894,
	3.32176 7.0894,
	3.31062 7.09498,
	3.28832 7.11448,
	3.26882 7.12842,
	3.26324 7.13399,
	3.25767 7.13399,
	3.2521 7.13956,
	3.24652 7.13956,
	3.23538 7.14792,
	3.19079 7.16743,
	3.17964 7.17022,
	3.14341 7.20366,
	3.10161 7.24546,
	3.05981 7.2789,
	3.01523 7.30677,
	3.00408 7.31234,
	2.98457 7.33185,
	2.96228 7.34578,
	2.93998 7.35135,
	2.91769 7.36529,
	2.90654 7.37365,
	2.86196 7.38201,
	2.83966 7.3848,
	2.82852 7.39037,
	2.78393 7.39316,
	2.77278 7.40152,
	2.76163 7.4043,
	2.75606 7.40988,
	2.73377 7.41824,
	2.72819 7.42381,
	2.68361 7.43774,
	2.63902 7.43774,
	2.61673 7.43217,
	2.59443 7.41824,
	2.57492 7.39873,
	2.56656 7.38758,
	2.56099 7.36529,
	2.56099 7.35414,
	2.56099 7.34857,
	2.54706 7.32627,
	2.52476 7.31234,
	2.50247 7.30955,
	2.49132 7.30119,
	2.49132 7.29005,
	2.48575 7.2789,
	2.48018 7.18973,
	2.48018 7.10055,
	2.47739 7.07826,
	2.46903 7.05596,
	2.45788 7.0476,
	2.42723 7.00302,
	2.40494 6.98908,
	2.40215 6.98351,
	2.39658 6.98351,
	2.37428 6.96679,
	2.33527 6.9222,
	2.29068 6.87761,
	2.25167 6.84139,
	2.22937 6.82188,
	2.21544 6.79959,
	2.20708 6.77729,
	2.20708 6.59894,
	2.20708 6.57665,
	2.20708 6.57107,
	"/>
</Transform>

<Transform dim="6"
 xcoef=" 0.0694827509184064 1.00171166649971 -0.0130093457137834 0 0 0"
 ycoef=" -0.149656243543495 0.022808153055616 0.997290201881954 0 0 0">
<Contour name="d06" hidden="false" closed="true" simplified="true" border="0 0 1" fill="0 0 1" mode="9"
 points="2.80065 7.83067,
	2.81458 7.81116,
	2.85638 7.78608,
	2.87589 7.76379,
	2.90376 7.72199,
	2.9149 7.69969,
	2.92048 7.6774,
	2.92605 7.66904,
	2.94556 7.64675,
	2.9567 7.63839,
	3.00129 7.63839,
	3.01244 7.63839,
	3.01801 7.63839,
	3.0626 7.66904,
	3.07375 7.67461,
	3.08211 7.68576,
	3.08489 7.77494,
	3.08489 7.79723,
	3.09883 7.84182,
	3.09883 7.8864,
	3.09883 7.89755,
	3.09325 7.9087,
	3.07375 7.93099,
	3.05424 7.94771,
	3.04588 7.95886,
	3.02637 7.97001,
	3.00408 7.98673,
	2.98179 7.99509,
	2.9372 7.99509,
	2.9149 7.99509,
	2.89261 7.98951,
	2.87032 7.97558,
	2.85917 7.97001,
	2.83966 7.94771,
	2.8118 7.90591,
	2.80344 7.89476,
	2.80065 7.85018,
	2.80065 7.83903,
	2.80065 7.83346,
	"/>
</Transform>

<Transform dim="6"
 xcoef=" 0.0694827509184064 1.00171166649971 -0.0130093457137834 0 0 0"
 ycoef=" -0.149656243543495 0.022808153055616 0.997290201881954 0 0 0">
<Contour name="d06c09" hidden="false" closed="true" simplified="true" border="0 1 0" fill="0 1 0" mode="9"
 points="2.07356 7.97553,
	2.09373 7.94325,
	2.15827 7.93922,
	2.17441 7.93922,
	2.18248 7.93922,
	2.19055 7.92308,
	2.25509 7.92308,
	2.27123 7.92308,
	2.28737 7.93922,
	2.29543 7.94729,
	2.29947 7.97956,
	2.29543 7.9957,
	2.2793 8.0078,
	2.24702 8.01587,
	2.11793 8.01587,
	2.08566 8.01587,
	2.07356 7.99973,
	2.07356 7.9836,
	2.07356 7.97956,
	"/>
<Contour name="d06cfa09" hidden="false" closed="false" simplified="false" border="0 1 1" fill="0 1 1" mode="9"
 points="2.29249 7.97807,
	2.15936 7.97403,
	2.07061 7.98614,
	"/>
</Transform>

<Transform dim="6"
 xcoef=" 0.0694827509184064 1.00171166649971 -0.0130093457137834 0 0 0"
 ycoef=" -0.149656243543495 0.022808153055616 0.997290201881954 0 0 0">
<Contour name="d06c11" hidden="false" closed="true" simplified="true" border="0 1 0" fill="0 1 0" mode="9"
 points="2.15424 6.54744,
	2.17441 6.51516,
	2.20668 6.49903,
	2.23896 6.49903,
	2.25509 6.50306,
	2.25913 6.56761,
	2.24702 6.63215,
	2.23896 6.66443,
	2.23089 6.68056,
	2.23089 6.74511,
	2.23089 6.76125,
	2.22282 6.77738,
	2.22282 6.78545,
	2.21475 6.79352,
	2.18248 6.79352,
	2.17441 6.79352,
	2.15424 6.76125,
	2.15424 6.63215,
	2.15424 6.56761,
	2.15424 6.55147,
	"/>
<Contour name="d06cfa11" hidden="false" closed="false" simplified="false" border="0 1 1" fill="0 1 1" mode="9"
 points="2.19567 6.79606,
	2.19164 6.67907,
	2.20777 6.57015,
	2.23198 6.49753,
	"/>
</Transform>

<Transform dim="6"
 xcoef=" 0.0694827509184064 1.00171166649971 -0.0130093457137834 0 0 0"
 ycoef=" -0.149656243543495 0.022808153055616 0.997290201881954 0 0 0">
<Contour name="d06c12" hidden="false" closed="true" simplified="true" border="0 1 0" fill="0 1 0" mode="9"
 points="2.93843 7.65188,
	2.94624 7.64147,
	2.95665 7.63627,
	2.99829 7.63887,
	3.01911 7.64668,
	3.06075 7.64668,
	3.08157 7.65188,
	3.09199 7.66229,
	3.09199 7.70394,
	3.08938 7.72476,
	3.09979 7.74558,
	3.105 7.7664,
	3.1076 7.80804,
	3.11541 7.82887,
	3.11801 7.84969,
	3.11801 7.8601,
	3.1102 7.88092,
	3.09979 7.88873,
	3.08938 7.88612,
	3.07897 7.87832,
	3.07377 7.83667,
	3.06336 7.81585,
	3.02432 7.77681,
	3.02171 7.73517,
	3.01391 7.72476,
	3.0061 7.70394,
	3.0061 7.69873,
	2.99569 7.68832,
	2.95404 7.68572,
	2.94363 7.68312,
	2.93843 7.67791,
	2.93843 7.65709,
	2.93843 7.65449,
	"/>
<Contour name="d06cfa12" hidden="false" closed="false" simplified="false" border="0 1 1" fill="0 1 1" mode="9"
 points="3.10362 7.88515,
	3.09321 7.8331,
	3.0828 7.77844,
	3.06718 7.70557,
	3.04115 7.66913,
	3.00732 7.65351,
	2.97609 7.65351,
	2.93444 7.66132,
	"/>
</Transform>

<Transform dim="6"
 xcoef=" 0.0694827509184064 1.00171166649971 -0.0130093457137834 0 0 0"
 ycoef=" -0.149656243543495 0.022808153055616 0.997290201881954 0 0 0">
<Contour name="d07" hidden="false" closed="true" simplified="true" border="1 0 1" fill="1 0 1" mode="9"
 points="3.25051 6.37977,
	3.33711 6.29317,
	3.3833 6.27008,
	3.42949 6.25853,
	3.47568 6.23543,
	3.49877 6.22389,
	3.59115 6.22389,
	3.61424 6.22389,
	3.63156 6.24698,
	3.63734 6.29317,
	3.60847 6.33936,
	3.59115 6.36245,
	3.57383 6.40864,
	3.56228 6.42019,
	3.37753 6.42019,
	3.35443 6.42019,
	3.33134 6.43173,
	3.28515 6.43173,
	3.26206 6.43173,
	3.25051 6.42019,
	3.25051 6.39709,
	3.25051 6.38555,
	"/>
<Contour name="d07" hidden="false" closed="true" simplified="true" border="1 0 1" fill="1 0 1" mode="9"
 points="3.71239 7.41901,
	3.77013 7.33241,
	3.7759 7.30931,
	3.75858 7.28622,
	3.74703 7.27467,
	3.74126 7.1823,
	3.75858 7.1592,
	3.80477 7.13033,
	3.85096 7.12456,
	3.89715 7.14188,
	3.94333 7.14188,
	3.96643 7.1592,
	4.01262 7.17075,
	4.03571 7.17075,
	4.0819 7.20539,
	4.10499 7.22271,
	4.15118 7.22848,
	4.19737 7.24581,
	4.22047 7.24581,
	4.26665 7.27467,
	4.28975 7.28622,
	4.33594 7.32663,
	4.38212 7.33241,
	4.46873 7.42479,
	4.48605 7.44788,
	4.49182 7.54026,
	4.53801 7.58067,
	4.55533 7.60377,
	4.5611 7.62686,
	4.5611 7.63841,
	4.53801 7.64418,
	4.44563 7.62686,
	4.40522 7.58644,
	4.31284 7.58644,
	4.26665 7.59222,
	4.25511 7.59222,
	4.23779 7.61531,
	4.22047 7.6615,
	4.22047 7.6846,
	4.20314 7.70192,
	4.11077 7.70769,
	4.06458 7.70769,
	3.87983 7.64418,
	3.78745 7.62109,
	3.74126 7.58067,
	3.71239 7.53448,
	3.71239 7.44211,
	3.71239 7.42479,
	"/>
<Contour name="d07" hidden="false" closed="true" simplified="true" border="1 0 1" fill="1 0 1" mode="9"
 points="3.50454 8.15803,
	3.51609 8.11184,
	3.56228 8.01946,
	3.57383 7.99637,
	3.6662 7.95595,
	3.85096 7.95018,
	3.89715 7.95018,
	3.92024 7.95018,
	3.96643 7.98482,
	3.96066 8.03101,
	3.94911 8.04256,
	3.93756 8.04256,
	3.89715 8.08874,
	3.87983 8.11184,
	3.86828 8.12338,
	3.85096 8.16957,
	3.83364 8.19267,
	3.82786 8.20421,
	3.81632 8.20421,
	3.80477 8.21576,
	3.75858 8.22154,
	3.73549 8.23308,
	3.6893 8.27927,
	3.6662 8.30236,
	3.62002 8.33123,
	3.59692 8.34855,
	3.55073 8.34855,
	3.52764 8.34278,
	3.51032 8.31969,
	3.50454 8.22731,
	3.50454 8.18112,
	3.50454 8.1638,
	"/>
</Transform>

<Transform dim="6"
 xcoef=" 0.0694827509184064 1.00171166649971 -0.0130093457137834 0 0 0"
 ycoef=" -0.149656243543495 0.022808153055616 0.997290201881954 0 0 0">
<Contour name="d07p17" hidden="false" closed="true" simplified="false" border="1 0 1" fill="1 0 1" mode="9"
 points="4.3973 7.53426,
	4.3973 7.51613,
	4.41543 7.49799,
	4.43357 7.49799,
	4.45171 7.51613,
	4.45171 7.53426,
	4.43357 7.5524,
	4.41543 7.5524,
	"/>
</Transform>

<Transform dim="6"
 xcoef=" 0.0694827509184064 1.00171166649971 -0.0130093457137834 0 0 0"
 ycoef=" -0.149656243543495 0.022808153055616 0.997290201881954 0 0 0">
<Contour name="d07" hidden="false" closed="true" simplified="true" border="1 0 1" fill="1 0 1" mode="9"
 points="2.69592 8.08777,
	2.72643 8.0687,
	2.78744 8.04963,
	2.84845 8.04582,
	2.87896 8.04963,
	2.89421 8.05345,
	3.0086 8.16022,
	3.0086 8.19072,
	3.00479 8.20598,
	2.97428 8.22504,
	2.94378 8.23648,
	2.92853 8.23648,
	2.89802 8.25936,
	2.89039 8.26699,
	2.82938 8.26317,
	2.79888 8.25173,
	2.78363 8.24411,
	2.72643 8.18691,
	2.70736 8.1564,
	2.69592 8.14115,
	2.69592 8.11065,
	2.69592 8.09539,
	2.69592 8.09158,
	"/>
</Transform>

<Transform dim="6"
 xcoef=" 0.0694827509184064 1.00171166649971 -0.0130093457137834 0 0 0"
 ycoef=" -0.149656243543495 0.022808153055616 0.997290201881954 0 0 0">
<Contour name="d07c14b" hidden="false" closed="true" simplified="true" border="1 0 0" fill="0 1 0" mode="9"
 points="2.65779 8.14496,
	2.68067 8.11446,
	2.71117 8.09921,
	2.72643 8.11446,
	2.73405 8.12209,
	2.73787 8.15259,
	2.79507 8.20979,
	2.81032 8.22504,
	2.84082 8.23648,
	2.87133 8.24029,
	2.87896 8.24792,
	2.87896 8.27843,
	2.87896 8.28605,
	2.8637 8.29749,
	2.8332 8.30131,
	2.77219 8.29368,
	2.74168 8.28987,
	2.72643 8.28224,
	2.66923 8.22123,
	2.65779 8.19072,
	2.65779 8.16022,
	2.65779 8.14878,
	"/>
<Contour name="d07cfa14b" hidden="false" closed="false" simplified="false" border="0 1 1" fill="0 1 1" mode="9"
 points="2.88298 8.27471,
	2.8029 8.26327,
	2.76859 8.25946,
	2.7152 8.22514,
	2.69232 8.17557,
	2.6847 8.10693,
	"/>
</Transform>

<Transform dim="6"
 xcoef=" 0.0694827509184064 1.00171166649971 -0.0130093457137834 0 0 0"
 ycoef=" -0.149656243543495 0.022808153055616 0.997290201881954 0 0 0">
<Contour name="d07c15a" hidden="false" closed="true" simplified="true" border="1 0 0" fill="0 1 0" mode="9"
 points="3.33272 6.41378,
	3.33654 6.39853,
	3.35179 6.38327,
	3.3823 6.36802,
	3.44331 6.36802,
	3.45856 6.36802,
	3.47381 6.37565,
	3.50432 6.37565,
	3.51957 6.37565,
	3.5272 6.37565,
	3.53482 6.3909,
	3.53482 6.4214,
	3.53482 6.43666,
	3.52338 6.4481,
	3.40136 6.4481,
	3.38611 6.44047,
	3.3556 6.44047,
	3.34035 6.43666,
	3.33272 6.42903,
	3.33272 6.41759,
	"/>
<Contour name="d07cfa15a" hidden="false" closed="false" simplified="false" border="0 1 1" fill="0 1 1" mode="9"
 points="3.53885 6.41769,
	3.47784 6.40244,
	3.37869 6.40244,
	3.3215 6.42913,
	"/>
</Transform>

<Transform dim="6"
 xcoef=" 0.0694827509184064 1.00171166649971 -0.0130093457137834 0 0 0"
 ycoef=" -0.149656243543495 0.022808153055616 0.997290201881954 0 0 0">
<Contour name="d07c15b" hidden="false" closed="true" simplified="true" border="1 0 0" fill="0 1 0" mode="9"
 points="3.55008 6.37565,
	3.58439 6.31464,
	3.60346 6.28413,
	3.63015 6.25362,
	3.64541 6.24981,
	3.67591 6.2765,
	3.67972 6.30701,
	3.67972 6.32226,
	3.6721 6.33751,
	3.6721 6.34514,
	3.66066 6.36039,
	3.65684 6.37565,
	3.63778 6.40615,
	3.63015 6.4214,
	3.59965 6.44047,
	3.56914 6.44428,
	3.5577 6.42903,
	3.55008 6.4214,
	3.55008 6.3909,
	3.55008 6.37946,
	"/>
<Contour name="d07cfa15b" hidden="false" closed="false" simplified="false" border="0 1 1" fill="0 1 1" mode="9"
 points="3.57317 6.43294,
	3.58842 6.39481,
	3.62655 6.31855,
	3.63799 6.24991,
	"/>
</Transform>

<Transform dim="6"
 xcoef=" 0.458841972390688 0.986243882922559 0.0311589315783283 0 0 0"
 ycoef=" -0.419536464941371 -0.00539045991690368 0.99473411633993 0 0 0">
<Image mag="0.00217507" contrast="0.917" brightness="0.12" red="true" green="true" blue="true"
 src="FHLTD.100.jpg" />
<Contour name="domain1" hidden="false" closed="true" simplified="false" border="1 0 1" fill="1 0 1" mode="11"
 points="0 0,
	4096 0,
	4096 4096,
	0 4096,
	"/>
</Transform>

<Transform dim="6"
 xcoef=" 0.0694827509184064 1.00171166649971 -0.0130093457137834 0 0 0"
 ycoef=" -0.149656243543495 0.022808153055616 0.997290201881954 0 0 0">
<Contour name="D05" hidden="false" closed="true" simplified="true" border="1 1 0" fill="1 1 0" mode="11"
 points="2.08838 4.03845,
	2.09255 4.009,
	2.10497 3.98032,
	2.12531 3.95314,
	2.15304 3.92817,
	2.18745 3.90605,
	2.22765 3.88737,
	2.27259 3.8726,
	2.3211 3.86212,
	2.37195 3.85621,
	2.42379 3.85502,
	2.47531 3.85858,
	2.52515 3.8668,
	2.57203 3.87947,
	2.61473 3.89625,
	2.65216 3.91672,
	2.68333 3.94033,
	2.70745 3.96649,
	2.72388 3.99452,
	2.7322 4.02368,
	2.7322 4.05322,
	2.72388 4.08238,
	2.70745 4.1104,
	2.68333 4.13656,
	2.65216 4.16018,
	2.61473 4.18065,
	2.57203 4.19743,
	2.52515 4.2101,
	2.47531 4.21831,
	2.42379 4.22188,
	2.37195 4.22069,
	2.3211 4.21478,
	2.27259 4.2043,
	2.22765 4.18953,
	2.18745 4.17084,
	2.15304 4.14873,
	2.12531 4.12376,
	2.10497 4.09658,
	"/>
<Contour name="D05" hidden="false" closed="true" simplified="true" border="1 1 0" fill="1 1 0" mode="11"
 points="3.13806 4.99163,
	3.14117 4.97781,
	3.15019 4.96535,
	3.16425 4.95546,
	3.18196 4.9491,
	3.2016 4.94692,
	3.22124 4.9491,
	3.23895 4.95546,
	3.25301 4.96535,
	3.26204 4.97781,
	3.26515 4.99163,
	3.26204 5.00545,
	3.25301 5.01792,
	3.23895 5.02781,
	3.22124 5.03416,
	3.2016 5.03635,
	3.18196 5.03416,
	3.16425 5.02781,
	3.15019 5.01792,
	"/>
<Contour name="D05" hidden="false" closed="true" simplified="true" border="1 1 0" fill="1 1 0" mode="11"
 points="4.13125 4.05728,
	4.13447 4.04128,
	4.14384 4.02684,
	4.15841 4.01539,
	4.17678 4.00803,
	4.19715 4.0055,
	4.21751 4.00803,
	4.23588 4.01539,
	4.25046 4.02684,
	4.25982 4.04128,
	4.26305 4.05728,
	4.25982 4.07328,
	4.25046 4.08771,
	4.23588 4.09917,
	4.21751 4.10652,
	4.19715 4.10905,
	4.17678 4.10652,
	4.15841 4.09917,
	4.14384 4.08771,
	"/>
<Contour name="D05" hidden="false" closed="true" simplified="true" border="1 1 0" fill="1 1 0" mode="11"
 points="2.45082 3.22412,
	2.45405 3.21249,
	2.46341 3.20199,
	2.47799 3.19366,
	2.49636 3.18831,
	2.51672 3.18647,
	2.53708 3.18831,
	2.55546 3.19366,
	2.57003 3.20199,
	2.57939 3.21249,
	2.58262 3.22412,
	2.57939 3.23576,
	2.57003 3.24626,
	2.55546 3.25459,
	2.53708 3.25994,
	2.51672 3.26178,
	2.49636 3.25994,
	2.47799 3.25459,
	2.46341 3.24626,
	"/>
</Transform>

<Transform dim="6"
 xcoef=" 0.0694827509184064 1.00171166649971 -0.0130093457137834 0 0 0"
 ycoef=" -0.149656243543495 0.022808153055616 0.997290201881954 0 0 0">
<Contour name="D11" hidden="false" closed="true" simplified="true" border="1 0.5 0" fill="1 0.5 0" mode="11"
 points="4.97129 4.10552,
	4.97949 4.0815,
	5.0033 4.05983,
	5.04039 4.04263,
	5.08712 4.03158,
	5.13892 4.02778,
	5.19072 4.03158,
	5.23745 4.04263,
	5.27453 4.05983,
	5.29834 4.0815,
	5.30654 4.10552,
	5.29834 4.12954,
	5.27453 4.15121,
	5.23745 4.16841,
	5.19072 4.17946,
	5.13892 4.18326,
	5.08712 4.17946,
	5.04039 4.16841,
	5.0033 4.15121,
	"/>
</Transform>

<Transform dim="6"
 xcoef=" 0.0694827509184064 1.00171166649971 -0.0130093457137834 0 0 0"
 ycoef=" -0.149656243543495 0.022808153055616 0.997290201881954 0 0 0">
<Contour name="D12" hidden="false" closed="true" simplified="true" border="0.5 0 1" fill="0.5 0 1" mode="11"
 points="3.65942 4.43592,
	3.66108 4.4224,
	3.66592 4.41021,
	3.67344 4.40054,
	3.68292 4.39433,
	3.69343 4.39219,
	3.70394 4.39433,
	3.71342 4.40054,
	3.72095 4.41021,
	3.72578 4.4224,
	3.72744 4.43592,
	3.72578 4.44943,
	3.72095 4.46162,
	3.71342 4.47129,
	3.70394 4.47751,
	3.69343 4.47965,
	3.68292 4.47751,
	3.67344 4.47129,
	3.66592 4.46162,
	"/>
</Transform>

<Transform dim="6"
 xcoef=" 0.0694827509184064 1.00171166649971 -0.0130093457137834 0 0 0"
 ycoef=" -0.149656243543495 0.022808153055616 0.997290201881954 0 0 0">
<Contour name="D13" hidden="false" closed="true" simplified="true" border="1 0 0.5" fill="1 0 0.5" mode="11"
 points="5.54948 4.46507,
	5.55305 4.44105,
	5.5634 4.41937,
	5.57953 4.40218,
	5.59984 4.39113,
	5.62236 4.38733,
	5.64489 4.39113,
	5.6652 4.40218,
	5.68133 4.41937,
	5.69168 4.44105,
	5.69525 4.46507,
	5.69168 4.48909,
	5.68133 4.51076,
	5.6652 4.52796,
	5.64489 4.539,
	5.62236 4.54281,
	5.59984 4.539,
	5.57953 4.52796,
	5.5634 4.51076,
	"/>
</Transform>

<Transform dim="6"
 xcoef=" 0.0694827509184064 1.00171166649971 -0.0130093457137834 0 0 0"
 ycoef=" -0.149656243543495 0.022808153055616 0.997290201881954 0 0 0">
<Contour name="D14" hidden="false" closed="true" simplified="true" border="1 0 0" fill="1 0 0" mode="11"
 points="5.11705 5.76479,
	5.11907 5.74002,
	5.12494 5.71767,
	5.13408 5.69993,
	5.14559 5.68854,
	5.15835 5.68462,
	5.17111 5.68854,
	5.18263 5.69993,
	5.19176 5.71767,
	5.19763 5.74002,
	5.19965 5.76479,
	5.19763 5.78956,
	5.19176 5.81191,
	5.18263 5.82965,
	5.17111 5.84104,
	5.15835 5.84496,
	5.14559 5.84104,
	5.13408 5.82965,
	5.12494 5.81191,
	"/>
</Transform>

<Transform dim="6"
 xcoef=" 0.0694827509184064 1.00171166649971 -0.0130093457137834 0 0 0"
 ycoef=" -0.149656243543495 0.022808153055616 0.997290201881954 0 0 0">
<Contour name="D15" hidden="false" closed="true" simplified="true" border="1 1 0" fill="1 1 0" mode="11"
 points="5.83615 6.04174,
	5.83896 6.00915,
	5.84731 5.97768,
	5.86089 5.94838,
	5.87927 5.92226,
	5.90179 5.90022,
	5.92771 5.88299,
	5.95614 5.87117,
	5.98611 5.86515,
	6.01659 5.86515,
	6.04656 5.87117,
	6.07498 5.88299,
	6.1009 5.90022,
	6.12343 5.92226,
	6.1418 5.94838,
	6.15539 5.97768,
	6.16373 6.00915,
	6.16655 6.04174,
	6.16373 6.07433,
	6.15539 6.10581,
	6.1418 6.1351,
	6.12343 6.16122,
	6.1009 6.18327,
	6.07498 6.20049,
	6.04656 6.21232,
	6.01659 6.21833,
	5.98611 6.21833,
	5.95614 6.21232,
	5.92771 6.20049,
	5.90179 6.18327,
	5.87927 6.16122,
	5.86089 6.1351,
	5.84731 6.10581,
	5.83896 6.07433,
	"/>
</Transform>

<Transform dim="6"
 xcoef=" 0.0694827509184064 1.00171166649971 -0.0130093457137834 0 0 0"
 ycoef=" -0.149656243543495 0.022808153055616 0.997290201881954 0 0 0">
<Contour name="D15" hidden="false" closed="true" simplified="true" border="1 1 0" fill="1 1 0" mode="11"
 points="6.26858 5.04083,
	6.2725 5.01306,
	6.28389 4.988,
	6.30163 4.96811,
	6.32398 4.95535,
	6.34875 4.95095,
	6.37352 4.95535,
	6.39587 4.96811,
	6.41361 4.988,
	6.425 5.01306,
	6.42892 5.04083,
	6.425 5.06861,
	6.41361 5.09367,
	6.39587 5.11355,
	6.37352 5.12632,
	6.34875 5.13072,
	6.32398 5.12632,
	6.30163 5.11355,
	6.28389 5.09367,
	"/>
</Transform>

<Transform dim="6"
 xcoef=" 0.0694827509184064 1.00171166649971 -0.0130093457137834 0 0 0"
 ycoef=" -0.149656243543495 0.022808153055616 0.997290201881954 0 0 0">
<Contour name="D13" hidden="false" closed="true" simplified="true" border="1 0 0.5" fill="1 0 0.5" mode="11"
 points="5.87076 3.74201,
	5.87224 3.72343,
	5.87651 3.70666,
	5.88316 3.69335,
	5.89154 3.68481,
	5.90084 3.68187,
	5.91013 3.68481,
	5.91851 3.69335,
	5.92517 3.70666,
	5.92944 3.72343,
	5.93091 3.74201,
	5.92944 3.7606,
	5.92517 3.77736,
	5.91851 3.79067,
	5.91013 3.79921,
	5.90084 3.80216,
	5.89154 3.79921,
	5.88316 3.79067,
	5.87651 3.77736,
	"/>
</Transform>

<Transform dim="6"
 xcoef=" 0.0694827509184064 1.00171166649971 -0.0130093457137834 0 0 0"
 ycoef=" -0.149656243543495 0.022808153055616 0.997290201881954 0 0 0">
<Contour name="D16" hidden="false" closed="true" simplified="true" border="0 0 1" fill="0 0 1" mode="11"
 points="2.28617 2.45292,
	2.28842 2.44239,
	2.29497 2.43289,
	2.30517 2.42535,
	2.31803 2.42051,
	2.33228 2.41884,
	2.34653 2.42051,
	2.35938 2.42535,
	2.36958 2.43289,
	2.37613 2.44239,
	2.37839 2.45292,
	2.37613 2.46345,
	2.36958 2.47295,
	2.35938 2.48049,
	2.34653 2.48533,
	2.33228 2.487,
	2.31803 2.48533,
	2.30517 2.48049,
	2.29497 2.47295,
	"/>
</Transform>

<Transform dim="6"
 xcoef=" 0.0694827509184064 1.00171166649971 -0.0130093457137834 0 0 0"
 ycoef=" -0.149656243543495 0.022808153055616 0.997290201881954 0 0 0">
<Contour name="D16" hidden="false" closed="true" simplified="true" border="0 0 1" fill="0 0 1" mode="11"
 points="2.10573 2.01387,
	2.10871 1.98467,
	2.11746 1.95711,
	2.1315 1.93272,
	2.15005 1.91288,
	2.17206 1.89868,
	2.1963 1.89093,
	2.22142 1.89006,
	2.24602 1.89612,
	2.26871 1.90876,
	2.28823 1.92729,
	2.30348 1.95066,
	2.31361 1.97756,
	2.31806 2.0065,
	2.31657 2.03585,
	2.30923 2.06397,
	2.29645 2.08929,
	2.27894 2.11039,
	2.25769 2.12608,
	2.23388 2.1355,
	2.20884 2.13811,
	2.18398 2.13377,
	2.16069 2.12272,
	2.14027 2.10558,
	2.12386 2.0833,
	2.11238 2.05715,
	"/>
</Transform>

<Transform dim="6"
 xcoef=" 0.0694827509184064 1.00171166649971 -0.0130093457137834 0 0 0"
 ycoef=" -0.149656243543495 0.022808153055616 0.997290201881954 0 0 0">
<Contour name="D16" hidden="false" closed="true" simplified="true" border="0 0 1" fill="0 0 1" mode="11"
 points="2.71119 2.63135,
	2.71315 2.61896,
	2.71884 2.60778,
	2.72772 2.59891,
	2.73889 2.59321,
	2.75128 2.59125,
	2.76367 2.59321,
	2.77485 2.59891,
	2.78372 2.60778,
	2.78942 2.61896,
	2.79138 2.63135,
	2.78942 2.64374,
	2.78372 2.65492,
	2.77485 2.66379,
	2.76367 2.66948,
	2.75128 2.67144,
	2.73889 2.66948,
	2.72772 2.66379,
	2.71884 2.65492,
	"/>
</Transform>

<Transform dim="6"
 xcoef=" 0.0694827509184064 1.00171166649971 -0.0130093457137834 0 0 0"
 ycoef=" -0.149656243543495 0.022808153055616 0.997290201881954 0 0 0">
<Contour name="d02" hidden="false" closed="true" simplified="true" border="0.5 0 1" fill="0.5 0 1" mode="9"
 points="5.40096 5.48917,
	5.42903 5.4611,
	5.4611 5.44105,
	5.49318 5.43704,
	5.50922 5.44105,
	5.52526 5.45709,
	5.52927 5.48917,
	5.52927 5.50521,
	5.5453 5.53729,
	5.56535 5.56134,
	5.57337 5.56936,
	5.57337 5.60144,
	5.56936 5.61748,
	5.55733 5.63352,
	5.52526 5.63753,
	5.50922 5.63753,
	5.47714 5.62149,
	5.44506 5.59743,
	5.44506 5.58941,
	5.417 5.56134,
	5.40096 5.52927,
	5.40096 5.49719,
	5.40096 5.49318,
	"/>
</Transform>

<Transform dim="6"
 xcoef=" 0.0694827509184064 1.00171166649971 -0.0130093457137834 0 0 0"
 ycoef=" -0.149656243543495 0.022808153055616 0.997290201881954 0 0 0">
<Contour name="d02c45" hidden="false" closed="true" simplified="true" border="0 1 0" fill="0 1 0" mode="-13"
 points="5.38893 5.46511,
	5.417 5.43704,
	5.48115 5.417,
	5.51323 5.42502,
	5.51724 5.44105,
	5.50922 5.45709,
	5.44506 5.49318,
	5.42903 5.5012,
	5.39695 5.49719,
	5.38893 5.49318,
	5.38893 5.47714,
	5.38893 5.46912,
	"/>
<Contour name="d02cfa45" hidden="false" closed="false" simplified="false" border="0 1 1" fill="0 1 1" mode="-13"
 points="5.51391 5.43006,
	5.48986 5.43808,
	5.44174 5.46214,
	5.40565 5.49823,
	"/>
</Transform>

<Transform dim="6"
 xcoef=" 0.0694827509184064 1.00171166649971 -0.0130093457137834 0 0 0"
 ycoef=" -0.149656243543495 0.022808153055616 0.997290201881954 0 0 0">
<Contour name="D19" hidden="false" closed="true" simplified="true" border="0 1 0" fill="0 1 0" mode="11"
 points="2.26403 5.25603,
	2.26871 5.23955,
	2.28229 5.22468,
	2.30345 5.21288,
	2.33011 5.2053,
	2.35967 5.20269,
	2.38922 5.2053,
	2.41588 5.21288,
	2.43704 5.22468,
	2.45063 5.23955,
	2.45531 5.25603,
	2.45063 5.27251,
	2.43704 5.28738,
	2.41588 5.29918,
	2.38922 5.30676,
	2.35967 5.30937,
	2.33011 5.30676,
	2.30345 5.29918,
	2.28229 5.28738,
	"/>
</Transform>

<Transform dim="6"
 xcoef=" 0.0694827509184064 1.00171166649971 -0.0130093457137834 0 0 0"
 ycoef=" -0.149656243543495 0.022808153055616 0.997290201881954 0 0 0">
<Contour name="D14" hidden="false" closed="true" simplified="true" border="1 0 0" fill="1 0 0" mode="11"
 points="5.79176 5.65331,
	5.79563 5.64251,
	5.80686 5.63277,
	5.82436 5.62504,
	5.8464 5.62008,
	5.87084 5.61837,
	5.89528 5.62008,
	5.91733 5.62504,
	5.93483 5.63277,
	5.94606 5.64251,
	5.94993 5.65331,
	5.94606 5.66411,
	5.93483 5.67385,
	5.91733 5.68159,
	5.89528 5.68655,
	5.87084 5.68826,
	5.8464 5.68655,
	5.82436 5.68159,
	5.80686 5.67385,
	"/>
</Transform>

<Transform dim="6"
 xcoef=" 0.0694827509184064 1.00171166649971 -0.0130093457137834 0 0 0"
 ycoef=" -0.149656243543495 0.022808153055616 0.997290201881954 0 0 0">
<Contour name="d08" hidden="false" closed="true" simplified="true" border="1 0 0" fill="1 0 0" mode="9"
 points="4.30854 3.09494,
	4.31649 3.07374,
	4.32973 3.05254,
	4.33768 3.04194,
	4.38008 3.01809,
	4.40128 2.99955,
	4.40393 2.95715,
	4.40393 2.93595,
	4.40393 2.93065,
	4.42513 2.90945,
	4.43573 2.9015,
	4.52052 2.9015,
	4.54172 2.90415,
	4.62651 2.9598,
	4.64771 2.96775,
	4.66626 2.98895,
	4.6742 3.01015,
	4.67685 3.03134,
	4.68745 3.05254,
	4.70865 3.06579,
	4.75105 3.07374,
	4.79344 3.09229,
	4.80404 3.09759,
	4.84644 3.13733,
	4.86764 3.15058,
	4.87824 3.15588,
	4.92063 3.15853,
	4.94183 3.16118,
	4.95243 3.16383,
	4.99483 3.18768,
	5.01603 3.19563,
	5.10082 3.20358,
	5.14322 3.21153,
	5.16441 3.21683,
	5.17501 3.22213,
	5.18031 3.22478,
	5.18296 3.23273,
	5.35255 3.23273,
	5.39494 3.22213,
	5.41614 3.21418,
	5.42674 3.20623,
	5.51153 3.18503,
	5.53273 3.17973,
	5.61753 3.17973,
	5.65992 3.17973,
	5.67052 3.17973,
	5.68112 3.18768,
	5.76591 3.19298,
	5.78711 3.19298,
	5.82951 3.20358,
	5.84011 3.20623,
	5.8825 3.23803,
	5.9037 3.25657,
	5.9249 3.26982,
	5.9461 3.27247,
	6.03089 3.26982,
	6.07329 3.26717,
	6.11568 3.27512,
	6.11833 3.28042,
	6.11303 3.28837,
	6.13423 3.29897,
	6.14483 3.30427,
	6.15543 3.30427,
	6.16338 3.31222,
	6.17928 3.29102,
	6.18988 3.28572,
	6.23227 3.29367,
	6.24287 3.29632,
	6.28262 3.33872,
	6.30117 3.35727,
	6.30382 3.37846,
	6.30117 3.39966,
	6.29852 3.41026,
	6.29057 3.42086,
	6.26937 3.42351,
	6.25877 3.42351,
	6.25347 3.42351,
	6.23757 3.44471,
	6.22697 3.45531,
	6.18458 3.47386,
	6.14218 3.48711,
	6.12098 3.4977,
	6.07859 3.5401,
	6.06799 3.5507,
	6.05739 3.5507,
	6.03884 3.56925,
	5.95405 3.5719,
	5.91165 3.57455,
	5.89045 3.57455,
	5.87985 3.57455,
	5.85865 3.55865,
	5.84806 3.55335,
	5.82686 3.5348,
	5.80566 3.4924,
	5.77121 3.45001,
	5.75266 3.42881,
	5.73412 3.38641,
	5.72617 3.37581,
	5.64137 3.37846,
	5.59898 3.37846,
	5.58838 3.37846,
	5.54598 3.40231,
	5.52478 3.40496,
	5.51683 3.41291,
	5.49564 3.42086,
	5.47444 3.43411,
	5.30485 3.43676,
	5.22006 3.43676,
	5.19886 3.43676,
	5.18826 3.43676,
	5.18826 3.44206,
	5.16706 3.44736,
	5.15646 3.45001,
	5.12202 3.48976,
	5.11937 3.50035,
	5.10612 3.52155,
	5.09022 3.56395,
	5.08757 3.60635,
	5.09022 3.64874,
	5.09022 3.65404,
	5.10082 3.66199,
	5.14322 3.67789,
	5.14851 3.69909,
	5.14322 3.72029,
	5.13527 3.72823,
	5.12467 3.73088,
	5.10347 3.74678,
	5.06107 3.75473,
	4.97628 3.75473,
	4.95508 3.75738,
	4.93388 3.76533,
	4.92328 3.77063,
	4.90209 3.79183,
	4.87294 3.83423,
	4.85174 3.84747,
	4.84114 3.85542,
	4.79874 3.86072,
	4.77755 3.86072,
	4.76695 3.86072,
	4.72455 3.83953,
	4.70335 3.82893,
	4.69275 3.82363,
	4.53112 3.65669,
	4.49137 3.61429,
	4.47017 3.59575,
	4.44897 3.5825,
	4.43837 3.5772,
	4.40658 3.5348,
	4.39068 3.5136,
	4.38273 3.503,
	4.37213 3.46061,
	4.36683 3.41821,
	4.32708 3.33342,
	4.31649 3.31222,
	4.31119 3.30162,
	4.30854 3.28042,
	4.31913 3.23803,
	4.32443 3.21683,
	4.32443 3.21153,
	4.33503 3.20358,
	4.33503 3.18238,
	4.33503 3.17178,
	4.31119 3.12939,
	4.30854 3.10819,
	4.30854 3.09759,
	"/>
</Transform>

<Transform dim="6"
 xcoef=" 0.0694827509184064 1.00171166649971 -0.0130093457137834 0 0 0"
 ycoef=" -0.149656243543495 0.022808153055616 0.997290201881954 0 0 0">
<Contour name="d01p08" hidden="false" closed="true" simplified="false" border="1 0 0" fill="1 0 0" mode="-9"
 points="5.68936 2.98558,
	5.66977 2.98558,
	5.66977 2.99537,
	5.67957 3.00516,
	5.70895 3.01495,
	5.68936 3.02475,
	5.67957 3.04433,
	5.65998 3.02475,
	5.65019 3.00516,
	5.65019 2.98558,
	5.6306 2.98558,
	5.65998 2.96599,
	"/>
</Transform>

<Transform dim="6"
 xcoef=" 0.0694827509184064 1.00171166649971 -0.0130093457137834 0 0 0"
 ycoef=" -0.149656243543495 0.022808153055616 0.997290201881954 0 0 0">
<Contour name="d03p07" hidden="false" closed="true" simplified="false" border="1 0 1" fill="1 0 1" mode="-9"
 points="3.10823 2.95423,
	3.10823 2.94247,
	3.11999 2.93072,
	3.13174 2.93072,
	3.1435 2.94247,
	3.1435 2.95423,
	3.13174 2.96598,
	3.11999 2.96598,
	"/>
</Transform>

<Transform dim="6"
 xcoef=" 0.0694827509184064 1.00171166649971 -0.0130093457137834 0 0 0"
 ycoef=" -0.149656243543495 0.022808153055616 0.997290201881954 0 0 0">
<Contour name="d03p08" hidden="false" closed="true" simplified="false" border="1 0 0" fill="1 0 0" mode="-9"
 points="3.14937 2.75734,
	3.13174 2.75734,
	3.13174 2.76615,
	3.14056 2.77497,
	3.16701 2.78378,
	3.14937 2.7926,
	3.14056 2.81023,
	3.12293 2.7926,
	3.11411 2.77497,
	3.11411 2.75734,
	3.09648 2.75734,
	3.12293 2.7397,
	"/>
</Transform>

<Transform dim="6"
 xcoef=" 0.0694827509184064 1.00171166649971 -0.0130093457137834 0 0 0"
 ycoef=" -0.149656243543495 0.022808153055616 0.997290201881954 0 0 0">
<Contour name="d06p10" hidden="false" closed="true" simplified="false" border="0 1 1" fill="0 1 1" mode="-13"
 points="3.10965 7.13343,
	3.11958 7.1235,
	3.07987 7.0838,
	3.0898 7.07387,
	3.1295 7.11357,
	3.13943 7.10365,
	3.13943 7.13343,
	"/>
</Transform>

<Transform dim="6"
 xcoef=" 0.0694827509184064 1.00171166649971 -0.0130093457137834 0 0 0"
 ycoef=" -0.149656243543495 0.022808153055616 0.997290201881954 0 0 0">
<Contour name="d06p11" hidden="false" closed="true" simplified="false" border="1 0.5 0" fill="1 0.5 0" mode="-13"
 points="2.5389 7.0168,
	2.5389 7.01183,
	2.54387 7.00687,
	2.54883 7.00687,
	2.55379 7.01183,
	2.55379 7.0168,
	2.54883 7.02176,
	2.54387 7.02176,
	"/>
</Transform>

<Transform dim="6"
 xcoef=" 0.0694827509184064 1.00171166649971 -0.0130093457137834 0 0 0"
 ycoef=" -0.149656243543495 0.022808153055616 0.997290201881954 0 0 0">
<Contour name="d08p13" hidden="false" closed="true" simplified="false" border="1 0 0.5" fill="1 0 0.5" mode="-13"
 points="5.06229 3.3495,
	5.08781 3.3495,
	5.07505 3.37289,
	"/>
</Transform>

<Transform dim="0"
 xcoef=" 0 1 0 0 0 0"
 ycoef=" 0 0 1 0 0 0">
<Contour name="d03" hidden="false" closed="true" simplified="true" border="0 1 0" fill="0 1 0" mode="9"
 points="2.83324 2.71353,
	2.87456 2.67718,
	2.87974 2.67443,
	2.92166 2.68529,
	2.94262 2.69005,
	2.9848 2.72056,
	3.02704 2.75631,
	3.11072 2.76489,
	3.12118 2.76596,
	3.1264 2.76584,
	3.14739 2.77324,
	3.15789 2.77693,
	3.19952 2.76549,
	3.28265 2.73211,
	3.36589 2.7066,
	3.44941 2.70338,
	3.45985 2.70314,
	3.54319 2.68549,
	3.58486 2.67668,
	3.60569 2.67226,
	3.6161 2.6694,
	3.62131 2.66797,
	3.64228 2.67405,
	3.65277 2.67774,
	3.65802 2.68025,
	3.70031 2.71863,
	3.72015 2.73915,
	3.75333 2.78036,
	3.7953 2.79383,
	3.80579 2.79752,
	3.82304 2.81812,
	3.83766 2.83876,
	3.83793 2.85974,
	3.83677 2.87025,
	3.79549 2.90924,
	3.77484 2.92807,
	3.76103 2.97035,
	3.75855 2.98091,
	3.71135 3.06592,
	3.69623 3.10823,
	3.69114 3.11884,
	3.6899 3.12411,
	3.6526 3.16694,
	3.64744 3.1723,
	3.62972 3.21468,
	3.62717 3.21998,
	3.58566 3.24061,
	3.50222 3.25037,
	3.46049 3.25527,
	3.41871 3.25491,
	3.37705 3.26505,
	3.35623 3.26946,
	3.33544 3.2778,
	3.32504 3.28197,
	3.31986 3.28472,
	3.29429 3.32727,
	3.27493 3.34476,
	3.26458 3.35156,
	3.24368 3.35072,
	3.23324 3.35096,
	3.21469 3.3304,
	3.20541 3.32012,
	3.18996 3.23654,
	3.18942 3.19458,
	3.18915 3.17361,
	3.18647 3.16841,
	3.1507 3.12858,
	3.12971 3.12119,
	3.11925 3.12012,
	3.0984 3.12322,
	3.08796 3.12346,
	3.07755 3.12631,
	3.06719 3.13311,
	3.06202 3.13717,
	3.04121 3.14289,
	3.02035 3.14598,
	3.01515 3.14742,
	2.9942 3.14265,
	2.97434 3.12212,
	2.99076 3.07978,
	2.99833 3.05862,
	3.02127 3.01613,
	3.03509 2.97384,
	3.03633 2.96857,
	3.03344 2.94765,
	3.03201 2.93719,
	3.01098 2.92718,
	3.00048 2.92217,
	2.99521 2.91967,
	2.95421 2.87864,
	2.92103 2.83743,
	2.91306 2.82713,
	2.87077 2.78743,
	2.84961 2.76693,
	2.83601 2.72528,
	2.83326 2.71484,
	"/>
<Contour name="d03p09" hidden="false" closed="true" simplified="false" border="0 1 0" fill="0 1 0" mode="9"
 points="3.20316 3.25312,
	3.20264 3.21313,
	3.24245 3.21222,
	3.24193 3.17222,
	3.28175 3.17131,
	3.28227 3.21131,
	3.32209 3.2104,
	3.32261 3.25039,
	3.28279 3.2513,
	3.2833 3.2913,
	3.24348 3.29221,
	3.24297 3.25221,
	"/>
<Contour name="d08cfa17ax27" hidden="false" closed="false" simplified="false" border="0 1 1" fill="0 1 1" mode="9"
 points="3.56256 3.67195,
	3.54073 3.56952,
	3.5602 3.49015,
	3.62752 3.41313,
	3.70203 3.36338,
	"/>
<Contour name="d08" hidden="false" closed="true" simplified="true" border="1 0 0" fill="1 0 0" mode="9"
 points="3.20564 3.59348,
	3.23942 3.53094,
	3.25828 3.50348,
	3.2694 3.47235,
	3.29211 3.4448,
	3.5363 3.30797,
	3.56673 3.28412,
	3.62785 3.25569,
	3.65864 3.25885,
	3.67406 3.26236,
	3.68184 3.2699,
	3.68225 3.30078,
	3.67112 3.33191,
	3.67132 3.34735,
	3.65251 3.37866,
	3.59563 3.43786,
	3.57677 3.46532,
	3.56918 3.47321,
	3.55846 3.53522,
	3.55622 3.6588,
	3.55642 3.67424,
	3.57603 3.70467,
	3.63806 3.74572,
	3.6423 3.77651,
	3.6425 3.79194,
	3.62364 3.8194,
	3.59326 3.84712,
	3.57799 3.85519,
	3.5703 3.85536,
	3.55508 3.86729,
	3.52451 3.87957,
	3.50919 3.88377,
	3.49402 3.89956,
	3.46348 3.9157,
	3.40195 3.91325,
	3.33983 3.86449,
	3.3281 3.84932,
	3.32001 3.81862,
	3.31214 3.80336,
	3.24991 3.74688,
	3.22261 3.71662,
	3.21088 3.70144,
	3.20624 3.63979,
	3.20584 3.60892,
	3.20569 3.59734,
	"/>
</Transform>

<Transform dim="0"
 xcoef=" 0 1 0 0 0 0"
 ycoef=" 0 0 1 0 0 0">
<Contour name="ax07" comment="LK bouton trace named after cfa" hidden="false" closed="true" simplified="true" border="0 1 1" fill="0.502 1 1" mode="9"
 points="3.26497 3.36593,
	3.26854 3.35643,
	3.27804 3.35049,
	3.28041 3.35049,
	3.28516 3.34692,
	3.29467 3.34574,
	3.29704 3.34574,
	3.31129 3.32911,
	3.32317 3.31011,
	3.32673 3.3006,
	3.34217 3.28279,
	3.34692 3.2816,
	3.3493 3.27923,
	3.38731 3.26616,
	3.40631 3.26379,
	3.42531 3.26497,
	3.43006 3.26735,
	3.46807 3.26497,
	3.48707 3.26497,
	3.49657 3.26616,
	3.50607 3.26972,
	3.51083 3.27329,
	3.5132 3.27447,
	3.5132 3.27685,
	3.51676 3.2816,
	3.51676 3.2911,
	3.51083 3.31011,
	3.49776 3.32911,
	3.48113 3.34574,
	3.46213 3.35643,
	3.45382 3.36236,
	3.43719 3.3778,
	3.43244 3.38018,
	3.43006 3.38018,
	3.4265 3.38374,
	3.42175 3.38493,
	3.41225 3.39087,
	3.4075 3.39324,
	3.38849 3.39562,
	3.37899 3.39918,
	3.37424 3.40037,
	3.35524 3.41343,
	3.34574 3.417,
	3.32673 3.417,
	3.30773 3.41106,
	3.28873 3.39918,
	3.28398 3.39799,
	3.26616 3.38255,
	3.26497 3.37305,
	3.26497 3.3683,
	3.26497 3.36711,
	"/>
</Transform>

<Transform dim="0"
 xcoef=" 0 1 0 0 0 0"
 ycoef=" 0 0 1 0 0 0">
<Contour name="d01p07" hidden="false" closed="true" simplified="false" border="1 0 1" fill="1 0 1" mode="-9"
 points="4.78782 2.91315,
	4.78765 2.90006,
	4.80051 2.88668,
	4.81355 2.88638,
	4.82675 2.89916,
	4.82692 2.91225,
	4.81406 2.92564,
	4.80102 2.92594,
	"/>
</Transform>

<Transform dim="0"
 xcoef=" 0 1 0 0 0 0"
 ycoef=" 0 0 1 0 0 0">
<Contour name="d03" hidden="false" closed="true" simplified="true" border="0 1 0" fill="0 1 0" mode="9"
 points="3.60953 1.7357,
	3.63134 1.713,
	3.64388 1.70638,
	3.66913 1.7058,
	3.69463 1.72424,
	3.70742 1.73664,
	3.71066 1.74291,
	3.70468 1.76841,
	3.69853 1.78125,
	3.69571 1.80668,
	3.6832 1.81648,
	3.65794 1.81706,
	3.64528 1.81417,
	3.62601 1.78924,
	3.61638 1.77678,
	3.60998 1.77058,
	3.60965 1.74522,
	3.60957 1.73888,
	"/>
<Contour name="ax02" comment="LK bouton trace named after cfa" hidden="false" closed="true" simplified="true" border="0 1 1" fill="0.502 1 1" mode="9"
 points="3.72762 2.56623,
	3.72868 2.56201,
	3.72868 2.55358,
	3.73026 2.53672,
	3.73026 2.52829,
	3.73026 2.52407,
	3.73394 2.50721,
	3.73974 2.49035,
	3.74027 2.48613,
	3.74185 2.48192,
	3.74448 2.46506,
	3.74501 2.44819,
	3.74606 2.43976,
	3.75291 2.4229,
	3.75555 2.41869,
	3.76398 2.41184,
	3.78084 2.40393,
	3.79771 2.39972,
	3.80614 2.39813,
	3.83986 2.39761,
	3.85672 2.39655,
	3.86357 2.38812,
	3.872 2.38127,
	3.88044 2.37864,
	3.8973 2.37495,
	3.91416 2.36863,
	3.92259 2.36494,
	3.92681 2.36283,
	3.93524 2.35703,
	3.93945 2.35387,
	3.94156 2.35229,
	3.94999 2.35018,
	3.96685 2.35124,
	3.97529 2.35229,
	3.9795 2.35334,
	3.98793 2.35387,
	3.99636 2.35229,
	4.01323 2.34544,
	4.03009 2.33964,
	4.06381 2.33121,
	4.08068 2.327,
	4.09754 2.32384,
	4.10597 2.32278,
	4.11018 2.32173,
	4.11862 2.32278,
	4.12283 2.32278,
	4.13126 2.32489,
	4.13969 2.32858,
	4.17342 2.35334,
	4.19028 2.36757,
	4.20714 2.38022,
	4.21557 2.38549,
	4.23244 2.39866,
	4.23612 2.40288,
	4.24087 2.41131,
	4.24824 2.42817,
	4.26616 2.4619,
	4.28302 2.49562,
	4.28935 2.51248,
	4.29356 2.52091,
	4.29462 2.52513,
	4.29883 2.53356,
	4.30147 2.54199,
	4.3099 2.55885,
	4.31464 2.56728,
	4.32307 2.57572,
	4.3315 2.58046,
	4.34836 2.5852,
	4.3568 2.58573,
	4.37366 2.58994,
	4.39052 2.59785,
	4.39895 2.60417,
	4.40475 2.6126,
	4.40686 2.61682,
	4.40896 2.62525,
	4.40896 2.63368,
	4.40633 2.65054,
	4.4058 2.65897,
	4.40422 2.6674,
	4.40211 2.70113,
	4.39842 2.70956,
	4.38841 2.72642,
	4.38262 2.73485,
	4.37366 2.75172,
	4.37155 2.75593,
	4.36207 2.78966,
	4.35363 2.82338,
	4.34626 2.85711,
	4.34204 2.87397,
	4.33835 2.8824,
	4.33624 2.88661,
	4.32781 2.89452,
	4.3236 2.89821,
	4.31517 2.90348,
	4.31095 2.90558,
	4.30252 2.90717,
	4.28566 2.90769,
	4.21821 2.90453,
	4.20978 2.90611,
	4.20556 2.90664,
	4.1887 2.91191,
	4.17184 2.91876,
	4.16341 2.92139,
	4.14654 2.92192,
	4.13811 2.92034,
	4.136 2.92034,
	4.11914 2.91138,
	4.11493 2.90927,
	4.11071 2.90875,
	4.10228 2.90611,
	4.08542 2.90506,
	4.0812 2.90453,
	4.07909 2.90453,
	4.07066 2.90084,
	4.06223 2.8961,
	4.04537 2.8882,
	4.03694 2.88345,
	4.02008 2.8766,
	4.01165 2.87344,
	3.99478 2.87239,
	3.97792 2.87291,
	3.96949 2.87397,
	3.96106 2.87344,
	3.95684 2.87291,
	3.94841 2.86922,
	3.9442 2.86712,
	3.94209 2.86606,
	3.93524 2.85763,
	3.92575 2.84077,
	3.92259 2.83655,
	3.92048 2.83234,
	3.91469 2.82391,
	3.91205 2.81969,
	3.90362 2.81126,
	3.89941 2.80757,
	3.88254 2.79914,
	3.87411 2.79545,
	3.8699 2.79334,
	3.83617 2.76963,
	3.81931 2.75751,
	3.80245 2.74645,
	3.80034 2.74539,
	3.79191 2.73749,
	3.77505 2.72431,
	3.77083 2.72115,
	3.76398 2.71272,
	3.75397 2.69586,
	3.75291 2.69375,
	3.75028 2.67689,
	3.74975 2.66003,
	3.74712 2.6516,
	3.73974 2.63473,
	3.73763 2.63052,
	3.73236 2.61366,
	3.73078 2.60522,
	3.72973 2.60312,
	3.72815 2.58625,
	3.72762 2.56939,
	3.72762 2.56728,
	3.72762 2.56676,
	"/>
</Transform>

<Transform dim="0"
 xcoef=" 0 1 0 0 0 0"
 ycoef=" 0 0 1 0 0 0">
<Contour name="ax09" comment="LK bouton trace named after cfa" hidden="false" closed="true" simplified="true" border="0 1 1" fill="0.502 1 1" mode="9"
 points="3.63863 2.21168,
	3.64039 2.20992,
	3.64127 2.19584,
	3.64742 2.18177,
	3.65534 2.16769,
	3.6615 2.15362,
	3.6659 2.13954,
	3.66766 2.12547,
	3.66766 2.11139,
	3.66678 2.10435,
	3.66678 2.10259,
	3.66502 2.10083,
	3.66238 2.07268,
	3.66062 2.0586,
	3.65622 2.04453,
	3.6527 2.03749,
	3.65006 2.03397,
	3.64567 2.0199,
	3.64567 1.99174,
	3.64567 1.98471,
	3.64918 1.97063,
	3.65446 1.95655,
	3.65622 1.94952,
	3.66062 1.94248,
	3.6703 1.91433,
	3.67118 1.88617,
	3.67118 1.87914,
	3.67646 1.86506,
	3.69053 1.83691,
	3.71517 1.7806,
	3.72396 1.76653,
	3.72924 1.75949,
	3.74332 1.74893,
	3.77147 1.74014,
	3.78555 1.7375,
	3.8137 1.72606,
	3.81722 1.72342,
	3.81898 1.72166,
	3.82249 1.72078,
	3.85065 1.69791,
	3.86472 1.68383,
	3.8832 1.65568,
	3.89287 1.64161,
	3.89815 1.63457,
	3.90079 1.63105,
	3.91487 1.62225,
	3.92894 1.61697,
	3.98525 1.61521,
	3.99932 1.61433,
	4.00636 1.61433,
	4.0134 1.61169,
	4.02748 1.60993,
	4.03451 1.60817,
	4.04859 1.60114,
	4.06266 1.59674,
	4.11897 1.58618,
	4.13304 1.58354,
	4.1612 1.58266,
	4.17527 1.58002,
	4.20342 1.57826,
	4.23158 1.57914,
	4.24565 1.5809,
	4.24917 1.5809,
	4.25269 1.58354,
	4.25973 1.58442,
	4.26677 1.58706,
	4.27028 1.58794,
	4.2738 1.59058,
	4.28084 1.59234,
	4.28436 1.59498,
	4.2914 1.59674,
	4.30547 1.60554,
	4.31955 1.61785,
	4.32307 1.62137,
	4.33099 1.63545,
	4.33715 1.64952,
	4.35386 1.67767,
	4.36178 1.69175,
	4.3653 1.69879,
	4.37673 1.71198,
	4.39081 1.72078,
	4.39785 1.72518,
	4.41192 1.7375,
	4.41896 1.74454,
	4.42952 1.75861,
	4.43304 1.76565,
	4.4348 1.76741,
	4.43568 1.77093,
	4.44535 1.785,
	4.44887 1.79204,
	4.44975 1.79908,
	4.44799 1.81316,
	4.44799 1.81667,
	4.44535 1.82019,
	4.44359 1.82723,
	4.43216 1.84131,
	4.42512 1.84835,
	4.41984 1.85538,
	4.40577 1.86682,
	4.37761 1.88617,
	4.36354 1.89849,
	4.35738 1.90553,
	4.35386 1.91257,
	4.3521 1.91609,
	4.35298 1.93016,
	4.3653 1.95831,
	4.37058 1.97239,
	4.37322 1.97943,
	4.37409 1.98647,
	4.37673 1.9935,
	4.37761 2.00758,
	4.37761 2.01462,
	4.37058 2.02869,
	4.3653 2.03573,
	4.35122 2.04893,
	4.33715 2.0586,
	4.32307 2.06476,
	4.30899 2.07356,
	4.29492 2.07884,
	4.28788 2.08236,
	4.2738 2.09379,
	4.26765 2.10083,
	4.26413 2.10435,
	4.23334 2.16066,
	4.22366 2.17473,
	4.21134 2.18881,
	4.20518 2.19584,
	4.20166 2.19848,
	4.18583 2.22664,
	4.17615 2.24071,
	4.17175 2.24775,
	4.15944 2.26183,
	4.14536 2.27502,
	4.14096 2.28206,
	4.1348 2.29614,
	4.13129 2.30317,
	4.12601 2.31021,
	4.12249 2.31373,
	4.10841 2.32165,
	4.10137 2.32253,
	4.09434 2.32517,
	4.06618 2.32693,
	4.05915 2.32693,
	4.03099 2.33836,
	4.01692 2.34452,
	3.98877 2.35068,
	3.97469 2.3498,
	3.96765 2.3498,
	3.96061 2.34804,
	3.95358 2.34804,
	3.9395 2.35156,
	3.93246 2.35244,
	3.90431 2.36388,
	3.87616 2.37355,
	3.84801 2.38147,
	3.84097 2.38411,
	3.83393 2.38499,
	3.81986 2.39027,
	3.7917 2.39115,
	3.78467 2.39115,
	3.78115 2.39115,
	3.77411 2.39379,
	3.76003 2.39291,
	3.75299 2.39203,
	3.72484 2.37707,
	3.69669 2.36036,
	3.68965 2.35508,
	3.67646 2.341,
	3.67294 2.33748,
	3.6659 2.32341,
	3.65622 2.29526,
	3.65622 2.29174,
	3.64918 2.27766,
	3.64742 2.27414,
	3.64479 2.24599,
	3.63863 2.21784,
	3.63863 2.21432,
	3.63863 2.21256,
	"/>
</Transform>

<Transform dim="0"
 xcoef=" 0 1 0 0 0 0"
 ycoef=" 0 0 1 0 0 0">
<Contour name="d01" hidden="false" closed="true" simplified="true" border="1 0.5 0" fill="1 0.5 0" mode="9"
 points="4.36232 2.88572,
	4.38202 2.83061,
	4.39526 2.80297,
	4.40136 2.74818,
	4.40118 2.73452,
	4.4146 2.72055,
	4.41389 2.66591,
	4.41354 2.63858,
	4.42695 2.62461,
	4.45425 2.63082,
	4.47491 2.65084,
	4.52949 2.66326,
	4.58425 2.68934,
	4.63883 2.70175,
	4.66621 2.7148,
	4.68696 2.74164,
	4.70127 2.79598,
	4.7359 2.84301,
	4.74967 2.85637,
	4.77678 2.84891,
	4.87074 2.75111,
	4.91781 2.70904,
	4.9375 2.65393,
	4.94412 2.64011,
	5.05275 2.62396,
	5.10707 2.61589,
	5.13408 2.60161,
	5.18857 2.60719,
	5.2088 2.59307,
	5.31777 2.60423,
	5.34533 2.63094,
	5.35929 2.65794,
	5.37307 2.6713,
	5.42774 2.69054,
	5.44133 2.69023,
	5.49626 2.72997,
	5.55093 2.74922,
	5.65983 2.75356,
	5.68712 2.75977,
	5.74205 2.79951,
	5.76952 2.81937,
	5.72236 2.85462,
	5.71592 2.88209,
	5.75063 2.93596,
	5.80556 2.9757,
	5.83302 2.99556,
	5.84663 2.99525,
	5.90156 3.03499,
	5.93627 3.08885,
	6.04605 3.1615,
	6.10107 3.20807,
	6.15582 3.23415,
	6.16334 3.28863,
	6.1637 3.31595,
	6.14364 3.34374,
	6.0888 3.31083,
	5.97973 3.29283,
	5.92524 3.28724,
	5.91173 3.29439,
	5.85688 3.26148,
	5.82933 3.23478,
	5.80204 3.22857,
	5.78827 3.21522,
	5.67954 3.22454,
	5.62523 3.23261,
	5.51634 3.22828,
	5.48915 3.2289,
	5.43501 3.25063,
	5.32629 3.25995,
	5.27207 3.27485,
	5.24505 3.28914,
	5.19065 3.29038,
	5.16327 3.27734,
	5.10878 3.27176,
	5.095 3.25841,
	4.98611 3.25406,
	4.95882 3.24786,
	4.94522 3.24817,
	4.91766 3.22147,
	4.85504 3.11358,
	4.83393 3.0594,
	4.77891 3.01284,
	4.75135 2.98614,
	4.70331 2.95307,
	4.59406 2.92141,
	4.37663 2.94005,
	4.36285 2.9267,
	4.3625 2.89938,
	4.36241 2.89255,
	"/>
<Contour name="d08" hidden="false" closed="true" simplified="true" border="1 0 0" fill="1 0 0" mode="9"
 points="4.64549 2.47543,
	4.66711 2.43943,
	4.69711 2.36775,
	4.70989 2.33196,
	4.73152 2.29597,
	4.75709 2.22438,
	4.76569 2.20644,
	4.78319 2.19273,
	4.80079 2.18789,
	4.81852 2.19192,
	4.82735 2.19172,
	4.84524 2.20906,
	4.86773 2.2396,
	4.8812 2.25704,
	4.88655 2.32792,
	4.88305 2.39899,
	4.86143 2.43498,
	4.82651 2.46685,
	4.7559 2.4729,
	4.73841 2.48661,
	4.70325 2.50073,
	4.66821 2.52371,
	4.65049 2.51969,
	4.6456 2.4843,
	4.64555 2.47986,
	"/>
<Contour name="ax08" comment="LK bouton trace named after cfa" hidden="false" closed="true" simplified="true" border="0 1 1" fill="0.502 1 1" mode="9"
 points="4.66669 2.66682,
	4.67368 2.65082,
	4.67868 2.63482,
	4.68168 2.61882,
	4.68068 2.58683,
	4.68168 2.55483,
	4.68968 2.53883,
	4.69368 2.53083,
	4.70568 2.51483,
	4.71968 2.49883,
	4.72668 2.49083,
	4.73068 2.48683,
	4.74668 2.47883,
	4.76268 2.47383,
	4.79468 2.47083,
	4.81068 2.47183,
	4.81867 2.47183,
	4.82667 2.46983,
	4.84267 2.46083,
	4.87467 2.43884,
	4.89067 2.42684,
	4.90667 2.41284,
	4.92267 2.40184,
	4.93067 2.39584,
	4.93567 2.38784,
	4.93767 2.38384,
	4.95267 2.36884,
	4.95667 2.36584,
	4.97266 2.36384,
	4.98866 2.36484,
	4.99266 2.36784,
	5.00066 2.37084,
	5.01666 2.38384,
	5.02366 2.39184,
	5.05466 2.45583,
	5.05866 2.46383,
	5.06566 2.49583,
	5.06566 2.52783,
	5.06766 2.55983,
	5.06366 2.57583,
	5.05766 2.59183,
	5.04266 2.60482,
	5.03466 2.61082,
	5.00266 2.62782,
	4.98666 2.63582,
	4.95467 2.65682,
	4.94667 2.66182,
	4.91467 2.68782,
	4.90667 2.69482,
	4.90267 2.69882,
	4.88667 2.70982,
	4.87067 2.72382,
	4.85567 2.73982,
	4.84867 2.74781,
	4.83067 2.77981,
	4.81468 2.81181,
	4.80468 2.82781,
	4.79968 2.83581,
	4.78568 2.85181,
	4.77768 2.85881,
	4.76968 2.86181,
	4.76168 2.86281,
	4.74568 2.86181,
	4.73768 2.85681,
	4.73168 2.84981,
	4.72368 2.83381,
	4.72268 2.82581,
	4.70768 2.79381,
	4.70468 2.78581,
	4.69468 2.76981,
	4.68868 2.76181,
	4.68668 2.75781,
	4.68668 2.74981,
	4.68368 2.73382,
	4.68368 2.72582,
	4.67768 2.70982,
	4.66968 2.69382,
	4.66669 2.67782,
	4.66669 2.66982,
	4.66669 2.66782,
	"/>
</Transform>

<Transform dim="0"
 xcoef=" 0 1 0 0 0 0"
 ycoef=" 0 0 1 0 0 0">
<Contour name="ax26" comment="LK bouton trace named after cfa" hidden="false" closed="true" simplified="true" border="0 1 1" fill="0.502 1 1" mode="9"
 points="4.86736 2.1488,
	4.87086 2.14181,
	4.88222 2.12783,
	4.90843 2.09987,
	4.9364 2.07627,
	4.96436 2.0588,
	4.99232 2.03957,
	5.02029 2.0221,
	5.03427 2.01598,
	5.04126 2.01336,
	5.06922 1.99675,
	5.07621 1.99238,
	5.0832 1.98976,
	5.0867 1.98714,
	5.10068 1.98627,
	5.10767 1.98714,
	5.12165 1.99501,
	5.12864 1.99938,
	5.13039 1.99938,
	5.15835 2.02122,
	5.17234 2.02996,
	5.17933 2.03171,
	5.18632 2.0352,
	5.19331 2.03695,
	5.20729 2.03608,
	5.21428 2.03433,
	5.22127 2.03433,
	5.23525 2.04045,
	5.24836 2.05443,
	5.25535 2.0588,
	5.25885 2.05967,
	5.27283 2.05792,
	5.28681 2.0588,
	5.30079 2.06229,
	5.31477 2.07016,
	5.34274 2.09288,
	5.3707 2.10773,
	5.39866 2.12084,
	5.41265 2.12696,
	5.42663 2.13133,
	5.43362 2.1322,
	5.4476 2.13832,
	5.47381 2.16541,
	5.50178 2.19075,
	5.51139 2.20473,
	5.52362 2.23269,
	5.52712 2.23969,
	5.52799 2.25367,
	5.52712 2.26765,
	5.52537 2.27464,
	5.5245 2.28862,
	5.52625 2.3026,
	5.53935 2.33057,
	5.54198 2.33756,
	5.54285 2.34455,
	5.54372 2.34804,
	5.5411 2.36202,
	5.54023 2.37601,
	5.5411 2.38999,
	5.54023 2.39698,
	5.53324 2.41096,
	5.521 2.42494,
	5.50702 2.43543,
	5.50003 2.44242,
	5.49741 2.44941,
	5.47993 2.47737,
	5.47207 2.49135,
	5.4677 2.49835,
	5.46508 2.50184,
	5.46071 2.51582,
	5.45983 2.5298,
	5.45372 2.54379,
	5.43187 2.57175,
	5.41789 2.58311,
	5.40565 2.59709,
	5.39604 2.61107,
	5.38818 2.62505,
	5.38293 2.63205,
	5.37594 2.63729,
	5.36895 2.63991,
	5.36196 2.63729,
	5.34798 2.62768,
	5.334 2.62069,
	5.32701 2.61719,
	5.32002 2.61107,
	5.29205 2.59534,
	5.28157 2.58136,
	5.27021 2.5534,
	5.26234 2.52544,
	5.25797 2.51145,
	5.25535 2.50446,
	5.25098 2.49747,
	5.23962 2.46951,
	5.23263 2.45553,
	5.22739 2.44854,
	5.21341 2.43718,
	5.19943 2.42931,
	5.19243 2.42582,
	5.16447 2.42145,
	5.13651 2.4197,
	5.12952 2.42057,
	5.11554 2.42669,
	5.08757 2.44679,
	5.07359 2.45291,
	5.0666 2.45116,
	5.05961 2.44766,
	5.04301 2.4197,
	5.03689 2.40572,
	5.03514 2.40222,
	5.03339 2.40047,
	5.03252 2.39698,
	5.01854 2.38387,
	5.00456 2.383,
	4.99057 2.3795,
	4.98358 2.37688,
	4.98009 2.37601,
	4.97659 2.37338,
	4.9731 2.37251,
	4.96611 2.36727,
	4.96261 2.36552,
	4.94863 2.35241,
	4.9364 2.33843,
	4.92591 2.32445,
	4.9128 2.31047,
	4.90144 2.29649,
	4.89358 2.2825,
	4.89008 2.27551,
	4.88222 2.24755,
	4.87959 2.21959,
	4.87959 2.2056,
	4.87697 2.19162,
	4.87086 2.17764,
	4.86911 2.17415,
	4.86736 2.16016,
	4.86736 2.15317,
	4.86736 2.14968,
	"/>
</Transform>

<Transform dim="0"
 xcoef=" 0 1 0 0 0 0"
 ycoef=" 0 0 1 0 0 0">
<Contour name="ax27" hidden="false" closed="true" simplified="true" border="0 0 1" fill="0 0 1" mode="11"
 points="3.55955 3.61859,
	3.56686 3.57964,
	3.56868 3.54069,
	3.57112 3.52121,
	3.57538 3.50174,
	3.58085 3.48227,
	3.58268 3.4774,
	3.61189 3.43845,
	3.63076 3.42323,
	3.65023 3.40924,
	3.65267 3.40741,
	3.6624 3.40619,
	3.66484 3.40619,
	3.66971 3.40132,
	3.68918 3.40011,
	3.70866 3.40011,
	3.72813 3.40254,
	3.7476 3.40619,
	3.75734 3.40741,
	3.77682 3.41167,
	3.78655 3.41167,
	3.8255 3.39524,
	3.82794 3.39463,
	3.8322 3.38976,
	3.84376 3.37029,
	3.8468 3.36542,
	3.85897 3.32647,
	3.86323 3.31673,
	3.86993 3.27778,
	3.8754 3.23884,
	3.87723 3.21936,
	3.88149 3.20962,
	3.8821 3.20476,
	3.8821 3.20232,
	3.90157 3.18467,
	3.9034 3.18224,
	3.90522 3.17737,
	3.90827 3.1725,
	3.9174 3.16581,
	3.92227 3.16155,
	3.932 3.15607,
	3.94174 3.15181,
	3.94661 3.14877,
	3.95635 3.14511,
	3.96608 3.14268,
	3.98556 3.13964,
	3.99529 3.13781,
	4.01477 3.13659,
	4.02451 3.13659,
	4.02937 3.13659,
	4.03911 3.13842,
	4.04398 3.13842,
	4.06345 3.14207,
	4.06832 3.14329,
	4.07076 3.1439,
	4.07197 3.1439,
	4.07441 3.14572,
	4.07684 3.14633,
	4.08658 3.15303,
	4.09145 3.15668,
	4.09388 3.15789,
	4.10301 3.16763,
	4.10666 3.1725,
	4.11153 3.18224,
	4.11397 3.18711,
	4.11518 3.18954,
	4.11823 3.20902,
	4.12188 3.21875,
	4.12675 3.22849,
	4.13344 3.23823,
	4.13709 3.2431,
	4.14196 3.24796,
	4.16143 3.26318,
	4.16569 3.26805,
	4.16691 3.26926,
	4.18639 3.27474,
	4.19612 3.27778,
	4.20586 3.28204,
	4.22534 3.29361,
	4.23507 3.3003,
	4.23933 3.30456,
	4.2655 3.34351,
	4.27524 3.36298,
	4.27889 3.37272,
	4.2795 3.37516,
	4.29289 3.39463,
	4.29654 3.3995,
	4.29715 3.40193,
	4.30628 3.41167,
	4.3081 3.41654,
	4.31358 3.42628,
	4.31662 3.43601,
	4.31723 3.44575,
	4.31601 3.45549,
	4.31054 3.46523,
	4.2935 3.4847,
	4.27402 3.49565,
	4.26428 3.50113,
	4.24481 3.51817,
	4.23507 3.52669,
	4.2302 3.52973,
	4.22777 3.53217,
	4.21803 3.53704,
	4.21316 3.53825,
	4.13527 3.60276,
	4.12553 3.61128,
	4.10788 3.63076,
	4.09875 3.64049,
	4.0951 3.64536,
	4.09388 3.6478,
	4.07745 3.66727,
	4.06285 3.68675,
	4.04337 3.70561,
	4.03363 3.71413,
	4.0239 3.72083,
	4.01903 3.72448,
	4.01416 3.7263,
	3.99469 3.73848,
	3.97521 3.74639,
	3.97278 3.747,
	3.97156 3.747,
	3.96913 3.74943,
	3.93018 3.75491,
	3.89123 3.75917,
	3.88149 3.76038,
	3.86202 3.76769,
	3.85715 3.7689,
	3.85228 3.77377,
	3.8328 3.77742,
	3.81333 3.78229,
	3.77438 3.78351,
	3.75491 3.78108,
	3.75247 3.78108,
	3.7476 3.77742,
	3.74274 3.77499,
	3.72326 3.77134,
	3.70379 3.77195,
	3.69405 3.77195,
	3.68431 3.77073,
	3.66484 3.76404,
	3.6551 3.75978,
	3.63563 3.747,
	3.62589 3.74152,
	3.61615 3.73361,
	3.61128 3.73056,
	3.60641 3.72874,
	3.58694 3.71535,
	3.5772 3.70561,
	3.5699 3.69588,
	3.56016 3.6764,
	3.55955 3.63745,
	3.55955 3.62771,
	3.55955 3.62285,
	3.55955 3.62041,
	3.55955 3.61919,
	"/>
</Transform>

<Transform dim="0"
 xcoef=" 0 1 0 0 0 0"
 ycoef=" 0 0 1 0 0 0">
<Contour name="d08ax17" hidden="false" closed="true" simplified="true" border="0 0 1" fill="0 0 1" mode="-11"
 points="4.94464 1.73513,
	4.97111 1.70757,
	5.03199 1.67153,
	5.08499 1.62026,
	5.11147 1.59269,
	5.19424 1.47143,
	5.21683 1.4401,
	5.23953 1.41648,
	5.26595 1.38507,
	5.30349 1.32261,
	5.32951 1.2604,
	5.33314 1.24491,
	5.35206 1.22523,
	5.35972 1.22505,
	5.39008 1.20125,
	5.45106 1.17291,
	5.47763 1.15304,
	5.48893 1.13738,
	5.4732 1.10693,
	5.46897 1.07623,
	5.47966 1.01437,
	5.47886 0.952776,
	5.50151 0.925304,
	5.51664 0.909556,
	5.51624 0.878759,
	5.5237 0.863186,
	5.5236 0.855486,
	5.54625 0.828013,
	5.54585 0.797217,
	5.57107 0.673418,
	5.57097 0.66572,
	5.57855 0.657845,
	5.58964 0.626785,
	5.631 0.564228,
	5.63846 0.548655,
	5.64603 0.54078,
	5.64593 0.533082,
	5.65349 0.525207,
	5.66116 0.525031,
	5.66489 0.517245,
	5.72592 0.492745,
	5.75648 0.484345,
	5.81784 0.486792,
	5.82187 0.502103,
	5.79968 0.564221,
	5.7732 0.591782,
	5.76564 0.599657,
	5.76221 0.630541,
	5.7741 0.661074,
	5.7975 0.691344,
	5.82512 0.752324,
	5.83319 0.782945,
	5.82712 0.906305,
	5.82369 0.937189,
	5.81613 0.945063,
	5.80503 0.976123,
	5.77134 1.03851,
	5.76004 1.05417,
	5.72957 1.07027,
	5.71439 1.08216,
	5.69558 1.10955,
	5.65886 1.23361,
	5.63243 1.26502,
	5.57544 1.30483,
	5.54503 1.32478,
	5.52234 1.34841,
	5.49203 1.37605,
	5.43504 1.41586,
	5.40851 1.43957,
	5.40094 1.44744,
	5.39328 1.44762,
	5.34028 1.4989,
	5.31758 1.52252,
	5.29882 1.55375,
	5.28747 1.56556,
	5.28757 1.57326,
	5.26497 1.60458,
	5.23844 1.6283,
	5.22331 1.64405,
	5.21192 1.65201,
	5.1629 1.71474,
	5.15543 1.73031,
	5.14025 1.74221,
	5.10969 1.75061,
	5.07903 1.75131,
	5.04847 1.75971,
	5.03314 1.76006,
	5.00263 1.77232,
	4.97201 1.77687,
	4.95663 1.77337,
	4.94499 1.76208,
	4.94479 1.74668,
	4.94469 1.73898,
	"/>
</Transform>

<Transform dim="0"
 xcoef=" 0 1 0 0 0 0"
 ycoef=" 0 0 1 0 0 0">
<Contour name="d01c07ax02" hidden="false" closed="true" simplified="true" border="0 1 0" fill="0 1 0" mode="9"
 points="4.27025 2.85325,
	4.31513 2.64807,
	4.32154 2.62242,
	4.32315 2.61601,
	4.32315 2.6128,
	4.32635 2.6112,
	4.42894 2.63364,
	4.45459 2.63845,
	4.45619 2.64166,
	4.41452 2.84683,
	4.40971 2.87248,
	4.4065 2.8853,
	4.4065 2.89172,
	4.4033 2.89813,
	4.30071 2.86607,
	4.27506 2.85966,
	4.27025 2.85485,
	"/>
</Transform>

<Transform dim="0"
 xcoef=" 0 1 0 0 0 0"
 ycoef=" 0 0 1 0 0 0">
<Contour name="d08c17ax27" hidden="false" closed="true" simplified="true" border="0 1 0" fill="0 1 0" mode="9"
 points="3.4945 3.51446,
	3.53127 3.44724,
	3.54072 3.43043,
	3.54597 3.42203,
	3.61319 3.36006,
	3.63 3.3443,
	3.6342 3.3401,
	3.6363 3.33905,
	3.66991 3.34956,
	3.68672 3.35586,
	3.69512 3.35796,
	3.69932 3.35901,
	3.70457 3.36636,
	3.71613 3.39997,
	3.72138 3.41678,
	3.72453 3.42518,
	3.72558 3.42728,
	3.72453 3.42938,
	3.69092 3.43463,
	3.68672 3.43673,
	3.6195 3.49976,
	3.61109 3.50711,
	3.60689 3.51131,
	3.60584 3.52812,
	3.60794 3.59534,
	3.60794 3.62895,
	3.60899 3.64575,
	3.60899 3.65416,
	3.60794 3.65836,
	3.54072 3.68042,
	3.53862 3.68147,
	3.51866 3.64785,
	3.50921 3.63105,
	3.50501 3.62265,
	3.49871 3.55542,
	3.49555 3.52181,
	3.4945 3.51761,
	3.4945 3.51551,
	"/>
</Transform>

</Section>