<?xml version="1.0"?>
<!DOCTYPE Section SYSTEM "section.dtd">

<Section index="140" thickness="0.045" alignLocked="true">
<Transform dim="6"
 xcoef=" 1.11304215503322 1.01161358043972 -0.0232860853193382 0 0 0"
 ycoef=" 0.392929176675023 0.0206018529314313 1.00550325163609 0 0 0">
<Contour name="D04" hidden="false" closed="true" simplified="true" border="1 0 0" fill="1 0 0" mode="11"
 points="5.46492 7.32996,
	5.46778 7.29096,
	5.47628 7.25281,
	5.49024 7.21634,
	5.50936 7.18235,
	5.53323 7.15158,
	5.56131 7.1247,
	5.59299 7.1023,
	5.6276 7.08487,
	5.66436 7.07278,
	5.70248 7.0663,
	5.74113 7.06558,
	5.77947 7.07063,
	5.81665 7.08133,
	5.85186 7.09746,
	5.88435 7.11866,
	5.91339 7.14447,
	5.93836 7.17432,
	5.95871 7.20758,
	5.97399 7.2435,
	5.98388 7.28131,
	5.98816 7.32018,
	5.98673 7.35926,
	5.97963 7.39771,
	5.96701 7.43467,
	5.94914 7.46936,
	5.92642 7.501,
	5.89934 7.52891,
	5.86849 7.55248,
	5.83455 7.57119,
	5.79825 7.58464,
	5.76039 7.59254,
	5.72179 7.59471,
	5.6833 7.5911,
	5.64576 7.58179,
	5.60998 7.56699,
	5.57674 7.54702,
	5.54678 7.52231,
	5.52073 7.49341,
	5.49918 7.46094,
	5.48259 7.42562,
	5.47133 7.3882,
	"/>
</Transform>

<Transform dim="6"
 xcoef=" 0.0630421550332155 1.01161358043972 -0.0232860853193382 0 0 0"
 ycoef=" -0.167070823324978 0.0206018529314313 1.00550325163609 0 0 0">
<Contour name="d01" hidden="false" closed="true" simplified="true" border="1 0.5 0" fill="1 0.5 0" mode="9"
 points="4.85337 5.09311,
	4.86935 5.08245,
	4.86935 4.99721,
	4.87468 4.9759,
	4.89066 4.95459,
	4.93328 4.95459,
	4.94394 4.95459,
	4.96525 4.9759,
	4.98123 5.01852,
	4.99189 5.03983,
	5.00254 5.05049,
	5.00254 5.09311,
	5.00254 5.11442,
	4.9759 5.15171,
	4.89066 5.189,
	4.86935 5.189,
	4.8587 5.17835,
	4.87468 5.13573,
	4.8587 5.09844,
	"/>
</Transform>

<Transform dim="6"
 xcoef=" 0.0630421550332155 1.01161358043972 -0.0232860853193382 0 0 0"
 ycoef=" -0.167070823324978 0.0206018529314313 1.00550325163609 0 0 0">
<Contour name="d02" hidden="false" closed="true" simplified="true" border="0.5 0 1" fill="0.5 0 1" mode="9"
 points="4.84175 5.86778,
	4.89032 5.84653,
	4.9146 5.84956,
	4.92067 5.84653,
	4.93282 5.85563,
	4.9571 5.8617,
	4.96924 5.86778,
	5.01781 5.87081,
	5.06638 5.85867,
	5.09067 5.85867,
	5.09977 5.87081,
	5.10281 5.8951,
	5.10281 5.90117,
	5.08156 5.92545,
	5.05728 5.94063,
	5.03299 5.9467,
	4.98442 5.97402,
	4.93585 5.98313,
	4.91157 5.98313,
	4.87211 5.93759,
	4.85996 5.92545,
	4.84479 5.90117,
	4.84175 5.87688,
	4.84175 5.87081,
	"/>
</Transform>

<Transform dim="6"
 xcoef=" 0.0630421550332155 1.01161358043972 -0.0232860853193382 0 0 0"
 ycoef=" -0.167070823324978 0.0206018529314313 1.00550325163609 0 0 0">
<Contour name="d02" hidden="false" closed="true" simplified="true" border="0.5 0 1" fill="0.5 0 1" mode="9"
 points="5.00493 6.00592,
	5.01134 5.98884,
	5.0156 5.98031,
	5.04975 5.9611,
	5.0839 5.93762,
	5.10098 5.92268,
	5.12872 5.8928,
	5.13726 5.88853,
	5.14153 5.88426,
	5.1586 5.88,
	5.16714 5.87786,
	5.17141 5.88,
	5.17568 5.91414,
	5.17354 5.94829,
	5.17354 5.96537,
	5.16501 5.99952,
	5.15647 6.01659,
	5.15647 6.02086,
	5.14153 6.03793,
	5.13299 6.04647,
	5.09884 6.05928,
	5.08177 6.06141,
	5.07323 6.06141,
	5.06469 6.05714,
	5.06683 6.05501,
	5.04975 6.05287,
	5.0156 6.04007,
	5.00493 6.02299,
	5.00493 6.00805,
	"/>
</Transform>

<Transform dim="6"
 xcoef=" 0.0630421550332155 1.01161358043972 -0.0232860853193382 0 0 0"
 ycoef=" -0.167070823324978 0.0206018529314313 1.00550325163609 0 0 0">
<Contour name="d02c21a" hidden="false" closed="true" simplified="true" border="0 1 0" fill="0 1 0" mode="9"
 points="4.45687 7.58446,
	4.49222 7.55618,
	4.49929 7.55146,
	4.50872 7.54203,
	4.52051 7.52554,
	4.537 7.48783,
	4.57472 7.45719,
	4.58414 7.45247,
	4.62185 7.4454,
	4.65956 7.44304,
	4.67842 7.44776,
	4.68785 7.45483,
	4.6902 7.45954,
	4.61478 7.47368,
	4.57707 7.49725,
	4.56057 7.51375,
	4.54172 7.52554,
	4.52993 7.54439,
	4.51344 7.56089,
	4.49458 7.57267,
	4.48515 7.57503,
	4.4663 7.58682,
	4.46158 7.58917,
	4.45687 7.58682,
	"/>
</Transform>

<Transform dim="6"
 xcoef=" 0.0630421550332155 1.01161358043972 -0.0232860853193382 0 0 0"
 ycoef=" -0.167070823324978 0.0206018529314313 1.00550325163609 0 0 0">
<Contour name="d02cfa21a" hidden="false" closed="false" simplified="false" border="0 1 1" fill="0 1 1" mode="9"
 points="4.67903 7.45247,
	4.6366 7.45954,
	4.59889 7.47133,
	4.56118 7.49725,
	4.55175 7.52318,
	4.51404 7.56089,
	4.46455 7.58682,
	"/>
</Transform>

<Transform dim="6"
 xcoef=" 0.0630421550332155 1.01161358043972 -0.0232860853193382 0 0 0"
 ycoef=" -0.167070823324978 0.0206018529314313 1.00550325163609 0 0 0">
<Contour name="d02c21b" hidden="false" closed="true" simplified="true" border="0 1 0" fill="0 1 0" mode="9"
 points="3.92215 7.11125,
	3.92557 7.10782,
	3.93927 7.10782,
	3.94613 7.10782,
	3.9701 7.13009,
	3.98038 7.14379,
	4.00607 7.17119,
	4.01463 7.18318,
	4.02834 7.19003,
	4.03519 7.19346,
	4.03861 7.19688,
	4.06602 7.1986,
	4.09342 7.20887,
	4.14823 7.21744,
	4.17563 7.21915,
	4.20303 7.21744,
	4.21674 7.2123,
	4.22016 7.2123,
	4.24585 7.19003,
	4.2527 7.18318,
	4.26641 7.18318,
	4.29381 7.19003,
	4.30751 7.19346,
	4.31265 7.1986,
	4.31265 7.226,
	4.31265 7.23285,
	4.32293 7.24655,
	4.32635 7.24998,
	4.32806 7.26368,
	4.32635 7.27738,
	4.31607 7.30478,
	4.31094 7.31849,
	4.30237 7.33048,
	4.27497 7.35788,
	4.26298 7.36987,
	4.25955 7.37672,
	4.24585 7.38871,
	4.21845 7.39042,
	4.20475 7.387,
	4.17734 7.38871,
	4.17049 7.39213,
	4.14309 7.39213,
	4.12939 7.39213,
	4.11569 7.38357,
	4.10712 7.37158,
	4.1037 7.36473,
	4.10198 7.35103,
	4.09856 7.34589,
	4.08486 7.3339,
	4.07115 7.33219,
	4.04375 7.33561,
	4.0369 7.3339,
	3.98552 7.28081,
	3.98381 7.2671,
	3.98381 7.26368,
	3.97695 7.26025,
	3.97353 7.25683,
	3.9701 7.25683,
	3.96497 7.24998,
	3.96154 7.23628,
	3.96154 7.22257,
	3.9701 7.20887,
	3.97353 7.20202,
	3.97182 7.19517,
	3.96839 7.19174,
	3.96497 7.17804,
	3.95469 7.16605,
	3.94099 7.15406,
	3.92386 7.12837,
	3.92215 7.11467,
	3.92215 7.11296,
	"/>
</Transform>

<Transform dim="6"
 xcoef=" 0.0630421550332155 1.01161358043972 -0.0232860853193382 0 0 0"
 ycoef=" -0.167070823324978 0.0206018529314313 1.00550325163609 0 0 0">
<Contour name="d02cfa21b" hidden="false" closed="false" simplified="false" border="0 1 1" fill="0 1 1" mode="9"
 points="4.28345 7.19119,
	4.28174 7.21859,
	4.28688 7.24771,
	4.28174 7.28539,
	4.25433 7.31451,
	4.19096 7.33335,
	4.1293 7.32821,
	4.08135 7.31108,
	4.03682 7.2734,
	4.00256 7.24086,
	3.98715 7.20147,
	3.97858 7.1655,
	3.95118 7.12611,
	3.92892 7.10384,
	"/>
</Transform>

<Transform dim="6"
 xcoef=" 0.0630421550332155 1.01161358043972 -0.0232860853193382 0 0 0"
 ycoef=" -0.167070823324978 0.0206018529314313 1.00550325163609 0 0 0">
<Contour name="d02c23" hidden="false" closed="true" simplified="true" border="0 1 0" fill="0 1 0" mode="9"
 points="4.0949 7.83538,
	4.13307 7.79449,
	4.17669 7.7645,
	4.1985 7.75087,
	4.22031 7.74269,
	4.23121 7.73996,
	4.23667 7.73996,
	4.24212 7.75087,
	4.24212 7.76177,
	4.23121 7.77268,
	4.2094 7.78631,
	4.1985 7.79176,
	4.17942 7.81357,
	4.16851 7.82448,
	4.16306 7.82993,
	4.16306 7.83538,
	4.14943 7.85719,
	4.14397 7.879,
	4.14397 7.92262,
	4.1467 7.94443,
	4.17669 7.98533,
	4.18214 7.99623,
	4.18214 8.00169,
	4.16033 8.00441,
	4.13852 7.98533,
	4.13034 7.97442,
	4.12762 7.96352,
	4.11126 7.94171,
	4.10581 7.9308,
	4.10035 7.92535,
	4.0949 7.90354,
	4.0949 7.85992,
	4.0949 7.83811,
	"/>
</Transform>

<Transform dim="6"
 xcoef=" 0.0630421550332155 1.01161358043972 -0.0232860853193382 0 0 0"
 ycoef=" -0.167070823324978 0.0206018529314313 1.00550325163609 0 0 0">
<Contour name="d02cfa23" hidden="false" closed="false" simplified="false" border="0 1 1" fill="0 1 1" mode="9"
 points="4.2362 7.74913,
	4.20894 7.77094,
	4.17622 7.78457,
	4.14078 7.83364,
	4.13533 7.87999,
	4.12988 7.93179,
	4.15441 7.96996,
	4.1735 7.99722,
	"/>
</Transform>

<Transform dim="6"
 xcoef=" 0.0630421550332155 1.01161358043972 -0.0232860853193382 0 0 0"
 ycoef=" -0.167070823324978 0.0206018529314313 1.00550325163609 0 0 0">
<Contour name="d02" hidden="false" closed="true" simplified="true" border="0.5 0 1" fill="0.5 0 1" mode="9"
 points="2.02436 8.25552,
	2.02946 8.24532,
	2.02946 8.24022,
	2.03456 8.23512,
	2.03711 8.22492,
	2.05496 8.20708,
	2.0677 8.16628,
	2.07535 8.14589,
	2.08555 8.13569,
	2.09575 8.13314,
	2.10085 8.13824,
	2.12124 8.13569,
	2.13144 8.12549,
	2.17224 8.10509,
	2.19263 8.10254,
	2.21303 8.12039,
	2.23343 8.12804,
	2.23853 8.12804,
	2.24362 8.13314,
	2.24362 8.15353,
	2.24362 8.16373,
	2.23853 8.17393,
	2.23598 8.17648,
	2.22833 8.16628,
	2.21813 8.16628,
	2.19773 8.17903,
	2.18753 8.18668,
	2.18243 8.18668,
	2.14419 8.22237,
	2.12634 8.24277,
	2.12379 8.26317,
	2.12889 8.27336,
	2.12889 8.29376,
	2.12379 8.30396,
	2.1136 8.30906,
	2.0932 8.30651,
	2.0728 8.29631,
	2.0626 8.28866,
	2.04221 8.28611,
	2.03201 8.28611,
	2.02691 8.28101,
	2.02436 8.26062,
	2.02436 8.25807,
	"/>
</Transform>

<Transform dim="6"
 xcoef=" 0.0630421550332155 1.01161358043972 -0.0232860853193382 0 0 0"
 ycoef=" -0.167070823324978 0.0206018529314313 1.00550325163609 0 0 0">
<Contour name="d02c41" hidden="false" closed="true" simplified="true" border="0 1 0" fill="0 1 0" mode="9"
 points="2.11824 8.24562,
	2.12857 8.22909,
	2.14303 8.21669,
	2.1513 8.20842,
	2.18437 8.18776,
	2.2009 8.17329,
	2.21743 8.16709,
	2.23396 8.16502,
	2.2381 8.16709,
	2.23603 8.18362,
	2.23603 8.18776,
	2.22363 8.20429,
	2.19057 8.23115,
	2.1637 8.26215,
	2.14717 8.27869,
	2.13477 8.29522,
	2.13064 8.29728,
	2.1203 8.28075,
	2.11824 8.24769,
	"/>
</Transform>

<Transform dim="6"
 xcoef=" 0.0630421550332155 1.01161358043972 -0.0232860853193382 0 0 0"
 ycoef=" -0.167070823324978 0.0206018529314313 1.00550325163609 0 0 0">
<Contour name="d02cfa41" hidden="false" closed="false" simplified="false" border="0 1 1" fill="0 1 1" mode="9"
 points="2.23502 8.16874,
	2.20816 8.19353,
	2.17716 8.2204,
	2.14823 8.2514,
	2.12963 8.29273,
	"/>
</Transform>

<Transform dim="6"
 xcoef=" 0.0630421550332155 1.01161358043972 -0.0232860853193382 0 0 0"
 ycoef=" -0.167070823324978 0.0206018529314313 1.00550325163609 0 0 0">
<Contour name="d01c18" hidden="false" closed="true" simplified="true" border="0 1 0" fill="0 1 0" mode="9"
 points="5.48022 3.24894,
	5.48912 3.24003,
	5.49358 3.23558,
	5.52921 3.2378,
	5.54702 3.24003,
	5.58265 3.23558,
	5.61828 3.22444,
	5.68954 3.23112,
	5.72517 3.23335,
	5.7608 3.24226,
	5.7697 3.24448,
	5.77861 3.25116,
	5.78084 3.26898,
	5.77861 3.27343,
	5.7608 3.27121,
	5.75189 3.26453,
	5.73408 3.26453,
	5.71626 3.27121,
	5.70513 3.28679,
	5.70067 3.2957,
	5.70067 3.30016,
	5.69177 3.30684,
	5.65614 3.30461,
	5.64723 3.30461,
	5.63164 3.31797,
	5.61383 3.31797,
	5.60492 3.3202,
	5.5871 3.30461,
	5.5782 3.30684,
	5.57374 3.31129,
	5.56484 3.31352,
	5.54925 3.30016,
	5.54034 3.29347,
	5.53589 3.27566,
	5.52698 3.26898,
	5.51807 3.26898,
	5.50917 3.26453,
	5.50471 3.26007,
	5.4869 3.26007,
	5.48022 3.25339,
	5.48022 3.25116,
	"/>
</Transform>

<Transform dim="6"
 xcoef=" 0.0630421550332155 1.01161358043972 -0.0232860853193382 0 0 0"
 ycoef=" -0.167070823324978 0.0206018529314313 1.00550325163609 0 0 0">
<Contour name="d01cfa18" hidden="false" closed="false" simplified="false" border="0 1 1" fill="0 1 1" mode="9"
 points="5.77788 3.26603,
	5.77565 3.25935,
	5.76229 3.25044,
	5.73557 3.24599,
	5.69994 3.24599,
	5.67099 3.24822,
	5.63759 3.25044,
	5.60196 3.25044,
	5.56188 3.25044,
	5.52625 3.25044,
	5.48394 3.25267,
	"/>
</Transform>

<Transform dim="6"
 xcoef=" 0.0630421550332155 1.01161358043972 -0.0232860853193382 0 0 0"
 ycoef=" -0.167070823324978 0.0206018529314313 1.00550325163609 0 0 0">
<Contour name="d01c23" hidden="false" closed="true" simplified="true" border="0 1 0" fill="0 1 0" mode="9"
 points="4.84335 5.01704,
	4.85003 4.99922,
	4.86116 4.98141,
	4.86561 4.97695,
	4.87452 4.97695,
	4.87897 4.97695,
	4.88565 4.98586,
	4.88788 5.00368,
	4.90792 5.03931,
	4.9057 5.11056,
	4.90347 5.12838,
	4.89679 5.14619,
	4.89234 5.15065,
	4.87452 5.14842,
	4.86339 5.13061,
	4.85225 5.09498,
	4.8478 5.05935,
	4.84335 5.05044,
	4.84335 5.03263,
	4.84335 5.02372,
	4.84335 5.01926,
	"/>
<Contour name="d01cfa23" hidden="false" closed="false" simplified="false" border="0 1 1" fill="0 1 1" mode="9"
 points="4.87379 4.97178,
	4.88715 5.00741,
	4.8916 5.08757,
	4.88938 5.14102,
	"/>
</Transform>

<Transform dim="6"
 xcoef=" 0.0630421550332155 1.01161358043972 -0.0232860853193382 0 0 0"
 ycoef=" -0.167070823324978 0.0206018529314313 1.00550325163609 0 0 0">
<Contour name="d03c18" hidden="false" closed="true" simplified="true" border="1 0 0" fill="1 0 0" mode="9"
 points="3.27753 2.14013,
	3.27935 2.12557,
	3.27935 2.11829,
	3.28481 2.10373,
	3.29937 2.09099,
	3.31393 2.09099,
	3.32121 2.09099,
	3.33576 2.10373,
	3.34304 2.10919,
	3.34304 2.22566,
	3.34304 2.25478,
	3.34304 2.26934,
	3.34304 2.27662,
	3.33031 2.28754,
	3.32303 2.293,
	3.30847 2.293,
	3.29391 2.28754,
	3.28663 2.28208,
	3.28663 2.2748,
	3.27753 2.26024,
	3.27753 2.14377,
	3.27753 2.14195,
	"/>
<Contour name="d03cfa18" hidden="false" closed="false" simplified="false" border="0 1 1" fill="0 1 1" mode="9"
 points="3.32839 2.29089,
	3.31929 2.24722,
	3.31929 2.19626,
	3.31565 2.12347,
	3.31565 2.08889,
	"/>
</Transform>

<Transform dim="6"
 xcoef=" 0.0630421550332155 1.01161358043972 -0.0232860853193382 0 0 0"
 ycoef=" -0.167070823324978 0.0206018529314313 1.00550325163609 0 0 0">
<Contour name="d06" hidden="false" closed="true" simplified="true" border="0 0 1" fill="0 0 1" mode="9"
 points="2.40215 6.62681,
	2.42444 6.60451,
	2.43559 6.59894,
	2.45788 6.57665,
	2.46903 6.56829,
	2.4746 6.55993,
	2.51083 6.51813,
	2.5164 6.50698,
	2.51919 6.46239,
	2.52755 6.4401,
	2.54148 6.42059,
	2.58328 6.39272,
	2.60558 6.376,
	2.61673 6.37043,
	2.63902 6.34814,
	2.66131 6.33142,
	2.69754 6.28683,
	2.71147 6.26454,
	2.71426 6.25339,
	2.74491 6.21437,
	2.75049 6.20601,
	2.77278 6.19208,
	2.77836 6.18651,
	2.80065 6.18093,
	2.82294 6.18372,
	2.82852 6.18651,
	2.82294 6.19208,
	2.82573 6.23667,
	2.81737 6.28126,
	2.81737 6.32584,
	2.81737 6.34814,
	2.79786 6.36486,
	2.77557 6.37322,
	2.75327 6.38715,
	2.73098 6.40666,
	2.72541 6.41502,
	2.65017 6.49026,
	2.64459 6.51255,
	2.64459 6.55714,
	2.63623 6.57943,
	2.6223 6.60173,
	2.60279 6.62124,
	2.59165 6.62124,
	2.56935 6.63238,
	2.52476 6.64632,
	2.48018 6.66582,
	2.46903 6.6714,
	2.42444 6.6714,
	2.40494 6.65189,
	2.40215 6.6296,
	"/>
<Contour name="d06" hidden="false" closed="true" simplified="true" border="0 0 1" fill="0 0 1" mode="9"
 points="2.56378 6.87483,
	2.56935 6.86368,
	2.59165 6.84139,
	2.62787 6.7968,
	2.63345 6.78844,
	2.65295 6.77172,
	2.68082 6.72992,
	2.68639 6.71877,
	2.69754 6.7132,
	2.71147 6.6909,
	2.72262 6.67976,
	2.76721 6.65189,
	2.7895 6.64074,
	2.80065 6.63517,
	2.80622 6.63517,
	2.8118 6.6296,
	2.85638 6.62681,
	2.90097 6.64353,
	2.94556 6.65189,
	2.96785 6.65189,
	2.979 6.6491,
	2.98457 6.6491,
	2.98736 6.6714,
	3.00965 6.6909,
	3.03195 6.69926,
	3.03752 6.70484,
	3.03473 6.74942,
	2.99851 6.78565,
	2.98736 6.80795,
	2.99015 6.85253,
	3.00129 6.89712,
	3.00129 6.94171,
	2.97621 6.98629,
	2.93162 7.0281,
	2.9149 7.04482,
	2.89261 7.06432,
	2.88146 7.0699,
	2.8731 7.08104,
	2.8731 7.08662,
	2.85917 7.10891,
	2.83966 7.1312,
	2.83688 7.13678,
	2.8313 7.13678,
	2.82016 7.14514,
	2.80901 7.14792,
	2.79786 7.15628,
	2.75327 7.15907,
	2.73098 7.15628,
	2.70869 7.14235,
	2.6641 7.09776,
	2.64459 7.07826,
	2.63902 7.07268,
	2.63902 7.06711,
	2.62509 7.04482,
	2.62509 7.02252,
	2.61673 7.00023,
	2.61394 6.98908,
	2.57771 6.94728,
	2.56656 6.93892,
	2.56378 6.89433,
	2.56378 6.88319,
	2.56378 6.87761,
	"/>
</Transform>

<Transform dim="6"
 xcoef=" 0.0630421550332155 1.01161358043972 -0.0232860853193382 0 0 0"
 ycoef=" -0.167070823324978 0.0206018529314313 1.00550325163609 0 0 0">
<Contour name="d06c16" hidden="false" closed="true" simplified="true" border="0 1 0" fill="0 1 0" mode="9"
 points="2.3933 6.52757,
	2.40601 6.49369,
	2.47378 6.45133,
	2.49073 6.44285,
	2.52462 6.44285,
	2.53309 6.44285,
	2.54156 6.45133,
	2.53732 6.5191,
	2.50767 6.58688,
	2.47378 6.62076,
	2.45684 6.62924,
	2.42295 6.62924,
	2.40601 6.62924,
	2.3933 6.61229,
	2.3933 6.54452,
	2.3933 6.53181,
	"/>
<Contour name="d06cfa16" hidden="false" closed="false" simplified="false" border="0 1 1" fill="0 1 1" mode="9"
 points="2.40252 6.62179,
	2.44912 6.57943,
	2.49995 6.50742,
	2.52537 6.43541,
	"/>
</Transform>

<Transform dim="6"
 xcoef=" 0.0630421550332155 1.01161358043972 -0.0232860853193382 0 0 0"
 ycoef=" -0.167070823324978 0.0206018529314313 1.00550325163609 0 0 0">
<Contour name="d07" hidden="false" closed="true" simplified="true" border="1 0 1" fill="1 0 1" mode="9"
 points="3.70907 7.52244,
	3.73175 7.48616,
	3.76802 7.46349,
	3.78616 7.44535,
	3.82243 7.42722,
	3.89498 7.40908,
	3.93126 7.40001,
	4.07635 7.40001,
	4.1489 7.42268,
	4.18518 7.42722,
	4.19425 7.42722,
	4.23052 7.45442,
	4.24866 7.46349,
	4.24866 7.49977,
	4.23959 7.5179,
	4.25773 7.55418,
	4.2668 7.56325,
	4.2668 7.6358,
	4.26226 7.65393,
	4.23052 7.69021,
	4.15797 7.74008,
	4.12623 7.76729,
	4.11716 7.76729,
	4.10356 7.78089,
	4.06729 7.78996,
	3.92219 7.78543,
	3.88591 7.77182,
	3.84964 7.74915,
	3.8315 7.74462,
	3.79523 7.71741,
	3.77709 7.70834,
	3.75895 7.69021,
	3.75895 7.61766,
	3.75442 7.59952,
	3.74988 7.59045,
	3.73175 7.58592,
	3.71361 7.57231,
	3.70907 7.53604,
	3.70907 7.52697,
	"/>
</Transform>

<Transform dim="6"
 xcoef=" 0.0630421550332155 1.01161358043972 -0.0232860853193382 0 0 0"
 ycoef=" -0.167070823324978 0.0206018529314313 1.00550325163609 0 0 0">
<Contour name="d08c23b" hidden="false" closed="true" simplified="true" border="1 0 0" fill="0 1 0" mode="9"
 points="5.11231 2.47061,
	5.13968 2.4535,
	5.15337 2.44323,
	5.18074 2.43981,
	5.19443 2.43981,
	5.2047 2.45007,
	5.2047 2.46376,
	5.2047 2.47061,
	5.17732 2.49114,
	5.17048 2.49798,
	5.11573 2.49456,
	5.11231 2.48087,
	5.11231 2.47403,
	"/>
<Contour name="d08cfa23b" hidden="false" closed="false" simplified="false" border="0 1 1" fill="0 1 1" mode="9"
 points="5.20892 2.45069,
	5.17128 2.47464,
	5.10969 2.48833,
	"/>
</Transform>

<Transform dim="6"
 xcoef=" 0.0630421550332155 1.01161358043972 -0.0232860853193382 0 0 0"
 ycoef=" -0.167070823324978 0.0206018529314313 1.00550325163609 0 0 0">
<Contour name="D05" hidden="false" closed="true" simplified="true" border="1 1 0" fill="1 1 0" mode="11"
 points="3.08123 2.79851,
	3.08277 2.7895,
	3.08726 2.78137,
	3.09424 2.77492,
	3.10305 2.77078,
	3.11281 2.76936,
	3.12257 2.77078,
	3.13137 2.77492,
	3.13836 2.78137,
	3.14284 2.7895,
	3.14439 2.79851,
	3.14284 2.80752,
	3.13836 2.81565,
	3.13137 2.82209,
	3.12257 2.82624,
	3.11281 2.82766,
	3.10305 2.82624,
	3.09424 2.82209,
	3.08726 2.81565,
	"/>
</Transform>

<Transform dim="6"
 xcoef=" 0.0630421550332155 1.01161358043972 -0.0232860853193382 0 0 0"
 ycoef=" -0.167070823324978 0.0206018529314313 1.00550325163609 0 0 0">
<Contour name="D11" hidden="false" closed="true" simplified="true" border="1 0.5 0" fill="1 0.5 0" mode="11"
 points="3.76145 3.52004,
	3.76383 3.50427,
	3.77073 3.49005,
	3.78148 3.47876,
	3.79503 3.47152,
	3.81004 3.46902,
	3.82506 3.47152,
	3.8386 3.47876,
	3.84935 3.49005,
	3.85625 3.50427,
	3.85863 3.52004,
	3.85625 3.5358,
	3.84935 3.55002,
	3.8386 3.56131,
	3.82506 3.56856,
	3.81004 3.57105,
	3.79503 3.56856,
	3.78148 3.56131,
	3.77073 3.55002,
	"/>
</Transform>

<Transform dim="6"
 xcoef=" 0.0630421550332155 1.01161358043972 -0.0232860853193382 0 0 0"
 ycoef=" -0.167070823324978 0.0206018529314313 1.00550325163609 0 0 0">
<Contour name="D14" hidden="false" closed="true" simplified="true" border="1 0 0" fill="1 0 0" mode="11"
 points="3.19298 2.93213,
	3.19726 2.90885,
	3.20968 2.88786,
	3.22903 2.8712,
	3.25341 2.8605,
	3.28044 2.85682,
	3.30746 2.8605,
	3.33184 2.8712,
	3.35119 2.88786,
	3.36361 2.90885,
	3.36789 2.93213,
	3.36361 2.9554,
	3.35119 2.97639,
	3.33184 2.99305,
	3.30746 3.00375,
	3.28044 3.00744,
	3.25341 3.00375,
	3.22903 2.99305,
	3.20968 2.97639,
	"/>
</Transform>

<Transform dim="6"
 xcoef=" 0.0630421550332155 1.01161358043972 -0.0232860853193382 0 0 0"
 ycoef=" -0.167070823324978 0.0206018529314313 1.00550325163609 0 0 0">
<Contour name="D15" hidden="false" closed="true" simplified="true" border="1 1 0" fill="1 1 0" mode="11"
 points="5.7827 5.56558,
	5.78651 5.55282,
	5.79755 5.54131,
	5.81475 5.53217,
	5.83642 5.5263,
	5.86044 5.52428,
	5.88447 5.5263,
	5.90614 5.53217,
	5.92334 5.54131,
	5.93438 5.55282,
	5.93818 5.56558,
	5.93438 5.57834,
	5.92334 5.58986,
	5.90614 5.59899,
	5.88447 5.60486,
	5.86044 5.60688,
	5.83642 5.60486,
	5.81475 5.59899,
	5.79755 5.58986,
	"/>
<Contour name="D15" hidden="false" closed="true" simplified="true" border="1 1 0" fill="1 1 0" mode="11"
 points="6.67672 5.48541,
	6.68481 5.45534,
	6.70838 5.42793,
	6.74532 5.40564,
	6.79235 5.39043,
	6.84531 5.38366,
	6.89947 5.38594,
	6.95002 5.39705,
	6.99249 5.41601,
	7.02308 5.44114,
	7.03909 5.4702,
	7.03909 5.50062,
	7.02308 5.52968,
	6.99249 5.55481,
	6.95002 5.57378,
	6.89947 5.58489,
	6.84531 5.58716,
	6.79235 5.58039,
	6.74532 5.56518,
	6.70838 5.54289,
	"/>
</Transform>

<Transform dim="6"
 xcoef=" 0.0630421550332155 1.01161358043972 -0.0232860853193382 0 0 0"
 ycoef=" -0.167070823324978 0.0206018529314313 1.00550325163609 0 0 0">
<Contour name="d01p18" hidden="false" closed="true" simplified="false" border="1 0 0" fill="1 0 0" mode="-13"
 points="5.63713 3.36423,
	5.61755 3.36423,
	5.61755 3.37402,
	5.62734 3.38381,
	5.65672 3.3936,
	5.63713 3.4034,
	5.62734 3.42298,
	5.60775 3.4034,
	5.59796 3.38381,
	5.59796 3.36423,
	5.57838 3.36423,
	5.60775 3.34464,
	"/>
</Transform>

<Transform dim="6"
 xcoef=" 0.0630421550332155 1.01161358043972 -0.0232860853193382 0 0 0"
 ycoef=" -0.167070823324978 0.0206018529314313 1.00550325163609 0 0 0">
<Contour name="d03p18" hidden="false" closed="true" simplified="false" border="1 0 0" fill="1 0 0" mode="-13"
 points="3.55197 2.22837,
	3.53434 2.22837,
	3.53434 2.23719,
	3.54316 2.24601,
	3.56961 2.25482,
	3.55197 2.26364,
	3.54316 2.28127,
	3.52553 2.26364,
	3.51671 2.24601,
	3.51671 2.22837,
	3.49908 2.22837,
	3.52553 2.21074,
	"/>
</Transform>

<Transform dim="6"
 xcoef=" 0.0630421550332155 1.01161358043972 -0.0232860853193382 0 0 0"
 ycoef=" -0.167070823324978 0.0206018529314313 1.00550325163609 0 0 0">
<Contour name="d03p19a" hidden="false" closed="true" simplified="false" border="0 1 0" fill="0 1 0" mode="9"
 points="3.25811 2.68093,
	3.25811 2.65742,
	3.28161 2.65742,
	3.28161 2.63391,
	3.30512 2.63391,
	3.30512 2.65742,
	3.32863 2.65742,
	3.32863 2.68093,
	3.30512 2.68093,
	3.30512 2.70444,
	3.28161 2.70444,
	3.28161 2.68093,
	"/>
<Contour name="d03p19b" hidden="false" closed="true" simplified="false" border="0 1 0" fill="0 1 0" mode="9"
 points="3.25811 2.68093,
	3.25811 2.65742,
	3.28161 2.65742,
	3.28161 2.63391,
	3.30512 2.63391,
	3.30512 2.65742,
	3.32863 2.65742,
	3.32863 2.68093,
	3.30512 2.68093,
	3.30512 2.70444,
	3.28161 2.70444,
	3.28161 2.68093,
	"/>
</Transform>

<Transform dim="6"
 xcoef=" 0.0630421550332155 1.01161358043972 -0.0232860853193382 0 0 0"
 ycoef=" -0.167070823324978 0.0206018529314313 1.00550325163609 0 0 0">
<Contour name="d03p20" hidden="false" closed="true" simplified="false" border="0 1 1" fill="0 1 1" mode="9"
 points="3.52259 2.78085,
	3.53434 2.76909,
	3.48732 2.72207,
	3.49908 2.71032,
	3.5461 2.75734,
	3.55785 2.74558,
	3.55785 2.78085,
	"/>
</Transform>

<Transform dim="6"
 xcoef=" 0.0630421550332155 1.01161358043972 -0.0232860853193382 0 0 0"
 ycoef=" -0.167070823324978 0.0206018529314313 1.00550325163609 0 0 0">
<Contour name="d08p24" hidden="false" closed="true" simplified="false" border="0 0 1" fill="0 0 1" mode="-13"
 points="4.2373 2.10988,
	4.22241 2.095,
	4.2373 2.08011,
	4.25218 2.095,
	"/>
</Transform>

<Transform dim="6"
 xcoef=" 0.0630421550332155 1.01161358043972 -0.0232860853193382 0 0 0"
 ycoef=" -0.167070823324978 0.0206018529314313 1.00550325163609 0 0 0">
<Contour name="d08p25" hidden="false" closed="true" simplified="false" border="1 1 0" fill="1 1 0" mode="-9"
 points="4.51158 2.46071,
	4.51158 2.42669,
	4.47756 2.42669,
	4.47756 2.45646,
	4.47331 2.46071,
	4.47331 2.42244,
	4.51584 2.42244,
	4.51584 2.46497,
	4.47331 2.46497,
	4.47756 2.46071,
	"/>
</Transform>

<Transform dim="6"
 xcoef=" 0.0930421550332155 1.01161358043972 -0.0232860853193382 0 0 0"
 ycoef=" -0.287070823324977 0.0206018529314313 1.00550325163609 0 0 0">
<Contour name="d01p48" hidden="false" closed="true" simplified="false" border="1 0 0" fill="1 0 0" mode="9"
 points="5.13444 3.94526,
	5.11486 3.94526,
	5.11486 3.95505,
	5.12465 3.96484,
	5.15403 3.97464,
	5.13444 3.98443,
	5.12465 4.00401,
	5.10506 3.98443,
	5.09527 3.96484,
	5.09527 3.94526,
	5.07569 3.94526,
	5.10506 3.92567,
	"/>
</Transform>

<Transform dim="0"
 xcoef=" 0 1 0 0 0 0"
 ycoef=" 0 0 1 0 0 0">
<Contour name="d01c14" hidden="false" closed="true" simplified="true" border="0 1 0" fill="0 1 0" mode="9"
 points="6.31924 3.86103,
	6.32826 3.83504,
	6.34529 3.80888,
	6.35431 3.78289,
	6.36069 3.78115,
	6.36899 3.79389,
	6.37235 3.80026,
	6.37294 3.82606,
	6.36392 3.85205,
	6.3597 3.87795,
	6.35769 3.92961,
	6.36119 3.94244,
	6.35757 3.99413,
	6.35655 4.01996,
	6.35685 4.03285,
	6.36386 4.05852,
	6.36766 4.08425,
	6.36781 4.0907,
	6.35681 4.1006,
	6.35216 4.10715,
	6.35048 4.10395,
	6.35204 4.10231,
	6.3456 4.10083,
	6.33903 4.09451,
	6.33568 4.08813,
	6.33669 4.0623,
	6.3345 4.03653,
	6.32909 4.01084,
	6.32719 3.99798,
	6.33141 3.97208,
	6.33182 3.92046,
	6.33153 3.90757,
	6.32292 3.88193,
	6.31957 3.87555,
	6.31927 3.86264,
	"/>
<Contour name="d01" hidden="false" closed="true" simplified="true" border="1 0.5 0" fill="1 0.5 0" mode="9"
 points="6.15435 4.0112,
	6.1772 3.95911,
	6.19103 3.93302,
	6.23631 3.88048,
	6.28659 3.8359,
	6.30843 3.80964,
	6.31614 3.79658,
	6.32066 3.78358,
	6.32051 3.77714,
	6.32356 3.77062,
	6.3362 3.7623,
	6.3489 3.75719,
	6.3618 3.76016,
	6.3672 3.78586,
	6.36895 3.79228,
	6.36154 3.81823,
	6.35702 3.83123,
	6.34931 3.84429,
	6.3448 3.85729,
	6.34349 3.87021,
	6.35269 3.92164,
	6.35228 3.97327,
	6.35127 3.99909,
	6.34545 4.02502,
	6.34504 4.07665,
	6.34534 4.08955,
	6.33471 4.11556,
	6.327 4.12863,
	6.31436 4.13696,
	6.28894 4.14715,
	6.26338 4.1509,
	6.23748 4.14014,
	6.21195 4.14551,
	6.19902 4.14093,
	6.1941 4.1362,
	6.19242 4.133,
	6.19534 4.12004,
	6.20144 4.10701,
	6.1618 4.0562,
	6.15639 4.03051,
	6.1545 4.01765,
	6.15439 4.01281,
	"/>
<Contour name="d01cfa14" hidden="false" closed="false" simplified="false" border="0 1 1" fill="0 1 1" mode="9"
 points="6.35885 3.77693,
	6.34983 3.80292,
	6.34271 3.84179,
	6.3401 3.86764,
	6.34564 3.89979,
	6.34837 3.94813,
	6.34739 3.97556,
	6.345 4.0111,
	6.34567 4.04011,
	6.35457 4.07865,
	6.35509 4.10121,
	"/>
</Transform>

<Transform dim="0"
 xcoef=" 0 1 0 0 0 0"
 ycoef=" 0 0 1 0 0 0">
<Contour name="d01ax14" comment="LK bouton trace named after cfa" hidden="false" closed="true" simplified="true" border="0 1 1" fill="0.502 1 1" mode="-9"
 points="6.36219 4.02596,
	6.36991 4.00124,
	6.37377 3.98889,
	6.37686 3.96417,
	6.37763 3.93946,
	6.37686 3.91475,
	6.37763 3.89003,
	6.37686 3.87768,
	6.37686 3.8715,
	6.38149 3.85914,
	6.38227 3.83443,
	6.38149 3.82207,
	6.37995 3.81589,
	6.37995 3.80353,
	6.38227 3.77882,
	6.38227 3.76646,
	6.38381 3.75411,
	6.38844 3.74175,
	6.38922 3.73557,
	6.38844 3.72939,
	6.38999 3.71704,
	6.38767 3.70468,
	6.38149 3.69232,
	6.3784 3.68615,
	6.37686 3.67997,
	6.37686 3.67688,
	6.37609 3.67533,
	6.38844 3.65062,
	6.39462 3.63826,
	6.39771 3.63209,
	6.40235 3.62591,
	6.45177 3.5927,
	6.46413 3.58575,
	6.47649 3.57725,
	6.48266 3.57339,
	6.48575 3.57185,
	6.49116 3.56567,
	6.49502 3.55949,
	6.5012 3.55331,
	6.51973 3.5286,
	6.56916 3.48072,
	6.58152 3.47454,
	6.60623 3.46836,
	6.63094 3.46527,
	6.65566 3.45755,
	6.66801 3.456,
	6.67419 3.45523,
	6.68655 3.456,
	6.69891 3.45986,
	6.70508 3.46064,
	6.70817 3.46064,
	6.72053 3.46527,
	6.73289 3.46218,
	6.74524 3.46141,
	6.75142 3.46218,
	6.75451 3.46218,
	6.76687 3.46836,
	6.77305 3.46913,
	6.79776 3.46527,
	6.81012 3.46759,
	6.81321 3.46913,
	6.82556 3.46913,
	6.85028 3.45909,
	6.86263 3.45369,
	6.87499 3.45137,
	6.8997 3.45214,
	6.91206 3.45446,
	6.92442 3.45832,
	6.94913 3.47068,
	6.97384 3.48844,
	6.99856 3.51315,
	7.01864 3.53787,
	7.03254 3.56258,
	7.03563 3.56876,
	7.03717 3.58111,
	7.03485 3.59347,
	7.02327 3.61818,
	7.02018 3.62436,
	7.01786 3.63672,
	7.02018 3.66143,
	7.0225 3.67379,
	7.02327 3.67997,
	7.02172 3.69232,
	7.01014 3.71704,
	7.00319 3.72939,
	7.00242 3.73557,
	6.99083 3.76029,
	6.98234 3.77264,
	6.97075 3.79736,
	6.96844 3.82207,
	6.96766 3.83443,
	6.96535 3.84678,
	6.96226 3.85296,
	6.96226 3.85373,
	6.95685 3.86146,
	6.95453 3.86455,
	6.95299 3.86609,
	6.95299 3.86764,
	6.94141 3.87845,
	6.93059 3.8854,
	6.92519 3.89003,
	6.91824 3.90162,
	6.91669 3.90471,
	6.91515 3.90625,
	6.91438 3.90934,
	6.91438 3.91088,
	6.91283 3.91243,
	6.90202 3.93714,
	6.89893 3.94332,
	6.89507 3.94718,
	6.88271 3.9549,
	6.87653 3.95877,
	6.87344 3.95954,
	6.86727 3.96417,
	6.86418 3.96572,
	6.86263 3.96572,
	6.86109 3.96726,
	6.858 3.96803,
	6.85259 3.97267,
	6.85028 3.97576,
	6.8495 3.97885,
	6.84719 3.98193,
	6.84564 3.98811,
	6.84332 3.9912,
	6.83869 4.00356,
	6.8356 4.00974,
	6.83406 4.01592,
	6.83328 4.019,
	6.83097 4.02209,
	6.82633 4.04681,
	6.82402 4.05299,
	6.82402 4.05916,
	6.81861 4.08388,
	6.81707 4.10859,
	6.81707 4.11477,
	6.81012 4.13948,
	6.8078 4.14257,
	6.80703 4.14566,
	6.79699 4.15802,
	6.78463 4.1696,
	6.77227 4.17964,
	6.75992 4.18814,
	6.75451 4.19432,
	6.74988 4.21903,
	6.74447 4.23139,
	6.73598 4.24374,
	6.72594 4.2561,
	6.70122 4.28004,
	6.68887 4.28931,
	6.66415 4.3117,
	6.6518 4.32406,
	6.64716 4.33024,
	6.64098 4.3426,
	6.63867 4.34877,
	6.63789 4.36113,
	6.63867 4.37349,
	6.64253 4.3982,
	6.6433 4.41056,
	6.64098 4.42291,
	6.65334 4.44763,
	6.66801 4.47234,
	6.69273 4.48701,
	6.70508 4.49551,
	6.70817 4.4986,
	6.72053 4.50555,
	6.72671 4.50941,
	6.73366 4.52177,
	6.73675 4.52795,
	6.74679 4.5403,
	6.75837 4.55266,
	6.76378 4.55884,
	6.76764 4.56502,
	6.77073 4.56733,
	6.78309 4.56965,
	6.8078 4.58201,
	6.81398 4.58587,
	6.82633 4.59822,
	6.83251 4.61058,
	6.83637 4.63529,
	6.83869 4.64765,
	6.84255 4.66001,
	6.84487 4.68472,
	6.84487 4.6909,
	6.84178 4.69708,
	6.80008 4.74651,
	6.77536 4.76658,
	6.76918 4.77122,
	6.74447 4.7828,
	6.71976 4.78666,
	6.69504 4.78744,
	6.67033 4.78512,
	6.65797 4.78203,
	6.6518 4.78049,
	6.63944 4.77354,
	6.63326 4.76967,
	6.6209 4.75886,
	6.60855 4.73415,
	6.60469 4.72179,
	6.5931 4.69708,
	6.58383 4.67236,
	6.57997 4.66001,
	6.57766 4.64765,
	6.57457 4.59822,
	6.56298 4.5488,
	6.56144 4.54262,
	6.55063 4.51791,
	6.53518 4.46848,
	6.52823 4.44377,
	6.5236 4.43141,
	6.51047 4.4067,
	6.49425 4.38198,
	6.48189 4.3704,
	6.47571 4.36576,
	6.46336 4.35881,
	6.451 4.35032,
	6.44482 4.34568,
	6.42397 4.32097,
	6.42011 4.31479,
	6.39694 4.29008,
	6.38844 4.27772,
	6.38535 4.27154,
	6.38381 4.25919,
	6.38458 4.25301,
	6.38767 4.24683,
	6.41084 4.22212,
	6.41547 4.21594,
	6.42706 4.19123,
	6.43015 4.17887,
	6.43092 4.16651,
	6.42938 4.15416,
	6.42551 4.14798,
	6.4008 4.13639,
	6.39462 4.1333,
	6.38227 4.12249,
	6.37686 4.11631,
	6.36991 4.10396,
	6.36682 4.09778,
	6.3645 4.07307,
	6.3645 4.06071,
	6.36219 4.036,
	6.36219 4.02982,
	6.36219 4.02673,
	"/>
</Transform>

<Transform dim="0"
 xcoef=" 0 1 0 0 0 0"
 ycoef=" 0 0 1 0 0 0">
<Contour name="ax03" comment="LK bouton trace named after cfa" hidden="false" closed="true" simplified="false" border="0 1 1" fill="0.502 1 1" mode="9"
 points="3.17269 4.67884,
	3.17607 4.67208,
	3.18789 4.66195,
	3.19465 4.65858,
	3.19802 4.6552,
	3.22504 4.64507,
	3.23855 4.64,
	3.2453 4.63831,
	3.24868 4.63494,
	3.26219 4.63325,
	3.2892 4.62312,
	3.30271 4.61805,
	3.30946 4.61299,
	3.31622 4.6113,
	3.32128 4.60623,
	3.3483 4.5961,
	3.35505 4.59272,
	3.40909 4.59104,
	3.4361 4.5961,
	3.44286 4.60117,
	3.45636 4.60623,
	3.46312 4.6113,
	3.46987 4.61299,
	3.47663 4.61805,
	3.50364 4.62312,
	3.5104 4.62312,
	3.51715 4.62649,
	3.5239 4.62649,
	3.55092 4.64169,
	3.57794 4.66195,
	3.59144 4.67208,
	3.5982 4.67715,
	3.60495 4.69066,
	3.61002 4.69741,
	3.61171 4.72443,
	3.60833 4.73794,
	3.60495 4.74469,
	3.60495 4.75144,
	3.59989 4.76495,
	3.60495 4.79197,
	3.60495 4.80548,
	3.60495 4.81223,
	3.5982 4.82574,
	3.57287 4.85107,
	3.52053 4.88821,
	3.50702 4.89666,
	3.50026 4.90003,
	3.47325 4.90172,
	3.46649 4.90003,
	3.44286 4.87808,
	3.43779 4.86457,
	3.42259 4.83756,
	3.41922 4.8308,
	3.41246 4.82405,
	3.38713 4.80885,
	3.37363 4.8021,
	3.36518 4.79197,
	3.35336 4.78015,
	3.34492 4.76664,
	3.34155 4.75989,
	3.31453 4.73794,
	3.2892 4.72949,
	3.23517 4.73287,
	3.22842 4.73287,
	3.2014 4.72443,
	3.18789 4.71936,
	3.18114 4.71599,
	3.17607 4.70923,
	3.17269 4.69572,
	3.17269 4.68222,
	3.17269 4.68053,
	"/>
</Transform>

<Transform dim="0"
 xcoef=" 0 1 0 0 0 0"
 ycoef=" 0 0 1 0 0 0">
<Contour name="d01" hidden="false" closed="true" simplified="true" border="1 0.5 0" fill="1 0.5 0" mode="9"
 points="4.3591 4.47448,
	4.40035 4.43655,
	4.42092 4.41494,
	4.43574 4.37224,
	4.51298 4.29648,
	4.5278 4.25379,
	4.55314 4.21088,
	4.55744 4.16841,
	4.56784 4.16291,
	4.58901 4.16776,
	4.62672 4.20409,
	4.63222 4.21456,
	4.67459 4.2243,
	4.68535 4.23467,
	4.68633 4.27704,
	4.68682 4.29822,
	4.67678 4.31962,
	4.63539 4.35226,
	4.61446 4.35798,
	4.5317 4.42326,
	4.48995 4.44001,
	4.46914 4.45103,
	4.44809 4.45146,
	4.36447 4.47967,
	"/>
<Contour name="d01cfa22ax03" hidden="false" closed="false" simplified="false" border="0 1 1" fill="0 1 1" mode="9"
 points="4.45355 4.38166,
	4.47299 4.36575,
	4.47929 4.35234,
	4.49203 4.33215,
	4.50492 4.31859,
	4.51337 4.30292,
	4.52177 4.28503,
	4.52806 4.27162,
	4.52974 4.24943,
	"/>
<Contour name="D11" hidden="false" closed="true" simplified="true" border="1 0.5 0" fill="1 0.5 0" mode="11"
 points="3.45644 4.47798,
	3.4636 4.45693,
	3.48533 4.43763,
	3.51949 4.42196,
	3.56277 4.41146,
	3.61091 4.40717,
	3.6592 4.40949,
	3.70292 4.4182,
	3.73777 4.43245,
	3.76037 4.45085,
	3.76849 4.47158,
	3.76133 4.49264,
	3.7396 4.51195,
	3.70543 4.52762,
	3.66216 4.53811,
	3.61402 4.54241,
	3.56573 4.54008,
	3.52201 4.53137,
	3.48716 4.51712,
	"/>
<Contour name="D14" hidden="false" closed="true" simplified="true" border="1 0 0" fill="1 0 0" mode="11"
 points="4.61853 4.05069,
	4.61932 4.04395,
	4.62191 4.03783,
	4.62604 4.03294,
	4.63133 4.02974,
	4.63724 4.02855,
	4.64319 4.0295,
	4.64862 4.03248,
	4.65298 4.03719,
	4.65585 4.0432,
	4.65694 4.0499,
	4.65616 4.05663,
	4.65357 4.06275,
	4.64943 4.06764,
	4.64415 4.07084,
	4.63824 4.07203,
	4.63228 4.07108,
	4.62685 4.0681,
	4.62249 4.06339,
	"/>
</Transform>

<Transform dim="0"
 xcoef=" 0 1 0 0 0 0"
 ycoef=" 0 0 1 0 0 0">
<Contour name="ax03" comment="LK bouton trace named after cfa" hidden="false" closed="true" simplified="false" border="0 1 1" fill="0.502 1 1" mode="9"
 points="3.58951 4.48689,
	3.63231 4.4039,
	3.66213 4.3624,
	3.70363 4.3209,
	3.70623 4.31572,
	3.70752 4.29497,
	3.70752 4.28459,
	3.7153 4.26384,
	3.71919 4.25347,
	3.72179 4.23272,
	3.72308 4.22235,
	3.72308 4.21716,
	3.72827 4.20679,
	3.74772 4.18604,
	3.76847 4.16918,
	3.80997 4.14195,
	3.85147 4.13028,
	3.87221 4.12379,
	3.89296 4.1199,
	3.90334 4.1186,
	3.91371 4.1199,
	3.93446 4.11342,
	4.01745 4.06933,
	4.02264 4.06673,
	4.03302 4.06673,
	4.05376 4.06284,
	4.07451 4.06155,
	4.11601 4.07451,
	4.12639 4.07451,
	4.13157 4.07451,
	4.14065 4.06933,
	4.15102 4.06155,
	4.1588 4.05117,
	4.17955 4.0382,
	4.2003 4.02783,
	4.21068 4.02005,
	4.21975 4.00967,
	4.23142 3.98893,
	4.23921 3.97855,
	4.2431 3.97336,
	4.2431 3.97077,
	4.26255 3.95132,
	4.27292 3.94483,
	4.27811 3.94483,
	4.28719 3.93446,
	4.30794 3.92798,
	4.32868 3.92538,
	4.37018 3.94483,
	4.41168 3.96947,
	4.43243 3.98503,
	4.4415 3.99541,
	4.45058 4.01616,
	4.45188 4.02135,
	4.45058 4.02264,
	4.46096 4.04339,
	4.47133 4.05376,
	4.48689 4.07451,
	4.49467 4.08489,
	4.50505 4.10564,
	4.51931 4.12639,
	4.52709 4.13676,
	4.54784 4.15232,
	4.55433 4.1627,
	4.55692 4.17307,
	4.55692 4.17826,
	4.54654 4.19901,
	4.52969 4.21975,
	4.51023 4.2405,
	4.48819 4.282,
	4.47652 4.30275,
	4.44669 4.34425,
	4.42983 4.36499,
	4.41557 4.38574,
	4.39482 4.40649,
	4.37407 4.42076,
	4.35332 4.41687,
	4.34295 4.41557,
	4.3222 4.41816,
	4.31183 4.42205,
	4.29108 4.42076,
	4.27033 4.41557,
	4.25995 4.41168,
	4.21846 4.40649,
	4.19771 4.4039,
	4.17696 4.40649,
	4.16659 4.40779,
	4.15621 4.40649,
	4.13546 4.39741,
	4.12509 4.39352,
	4.10434 4.39741,
	4.09397 4.40001,
	4.07322 4.41038,
	4.06284 4.41168,
	4.04209 4.40779,
	4.03172 4.4039,
	4.01097 4.38574,
	4.0006 4.37667,
	3.99022 4.37018,
	3.95002 4.33257,
	3.94094 4.3222,
	3.93057 4.31701,
	3.92538 4.31572,
	3.90463 4.3222,
	3.88389 4.33128,
	3.87351 4.32998,
	3.86314 4.32609,
	3.84239 4.32479,
	3.82164 4.32609,
	3.81127 4.32739,
	3.80608 4.32739,
	3.78533 4.33646,
	3.77495 4.34165,
	3.75421 4.35981,
	3.74383 4.36888,
	3.72438 4.38315,
	3.68937 4.42465,
	3.67381 4.4454,
	3.64917 4.48689,
	3.64657 4.49727,
	3.64009 4.50764,
	3.63101 4.52839,
	3.62842 4.53358,
	3.62323 4.53876,
	3.61804 4.54006,
	3.61286 4.53747,
	3.61026 4.53617,
	3.61156 4.53487,
	3.60119 4.52709,
	3.5947 4.51672,
	3.58951 4.49597,
	3.58951 4.49078,
	3.58951 4.48819,
	"/>
</Transform>

<Transform dim="0"
 xcoef=" 0 1 0 0 0 0"
 ycoef=" 0 0 1 0 0 0">
<Contour name="D05" hidden="false" closed="true" simplified="true" border="1 1 0" fill="1 1 0" mode="11"
 points="2.69329 4.06326,
	2.70325 3.99105,
	2.73548 3.92543,
	2.78683 3.87282,
	2.85225 3.83839,
	2.92535 3.82549,
	2.99899 3.83538,
	3.06594 3.86711,
	3.11966 3.91756,
	3.15488 3.98179,
	3.16816 4.05353,
	3.15819 4.12574,
	3.12596 4.19135,
	3.07462 4.24396,
	3.00919 4.2784,
	2.93608 4.2913,
	2.86245 4.28141,
	2.7955 4.24968,
	2.74178 4.19923,
	"/>
<Contour name="d03" hidden="false" closed="true" simplified="true" border="0 1 0" fill="0 1 0" mode="9"
 points="2.31172 2.99845,
	2.36676 2.9346,
	2.39737 2.91045,
	2.41268 2.89837,
	2.43923 2.86646,
	2.45255 2.85248,
	2.48339 2.83812,
	2.49883 2.83193,
	2.56098 2.82281,
	2.57651 2.82053,
	2.6391 2.83101,
	2.65477 2.83461,
	2.71682 2.82157,
	2.74785 2.81506,
	2.77937 2.8301,
	2.79509 2.83565,
	2.79903 2.83753,
	2.82996 2.8271,
	2.8377 2.82498,
	2.8604 2.79511,
	2.86801 2.78711,
	2.89876 2.76884,
	2.96117 2.77148,
	2.9768 2.77312,
	2.98463 2.77492,
	3.0153 2.75273,
	3.03066 2.74261,
	3.04619 2.74033,
	3.07739 2.74165,
	3.13918 2.71687,
	3.17002 2.70251,
	3.20073 2.68228,
	3.21613 2.67413,
	3.24679 2.65193,
	3.25816 2.63798,
	3.26559 2.62214,
	3.27125 2.61418,
	3.27566 2.55137,
	3.27883 2.51993,
	3.27865 2.5121,
	3.29351 2.48043,
	3.30093 2.46459,
	3.30465 2.45668,
	3.3065 2.45272,
	3.28753 2.39038,
	3.27708 2.35922,
	3.27614 2.23378,
	3.27152 2.20252,
	3.26727 2.18692,
	3.28017 2.15529,
	3.2896 2.14137,
	3.32049 2.12899,
	3.35124 2.11071,
	3.3551 2.10868,
	3.41804 2.13482,
	3.4497 2.15574,
	3.46556 2.16718,
	3.49653 2.15871,
	3.51202 2.15446,
	3.54287 2.14011,
	3.55827 2.13195,
	3.56596 2.12788,
	3.56981 2.12584,
	3.63259 2.14415,
	3.66371 2.14156,
	3.72566 2.1246,
	3.75669 2.11809,
	3.7878 2.11549,
	3.81869 2.10309,
	3.83414 2.0969,
	3.84967 2.09461,
	3.85357 2.09453,
	3.88423 2.15664,
	3.90904 2.21886,
	3.92729 2.24985,
	3.93543 2.26537,
	3.94201 2.2966,
	3.94626 2.3122,
	3.96451 2.34318,
	3.97266 2.3587,
	3.97674 2.36646,
	3.98135 2.39772,
	3.98561 2.41332,
	3.98384 2.4212,
	3.96509 2.45294,
	3.95765 2.46878,
	3.93306 2.50065,
	3.90457 2.5326,
	3.85538 2.59633,
	3.83273 2.62817,
	3.82335 2.64404,
	3.76828 2.70594,
	3.70676 2.74248,
	3.64512 2.77315,
	3.61423 2.78554,
	3.60653 2.78962,
	3.60263 2.7897,
	3.59883 2.7937,
	3.58274 2.85676,
	3.56082 2.91994,
	3.56421 2.9826,
	3.57684 3.1078,
	3.5772 3.12347,
	3.57366 3.13923,
	3.57189 3.1471,
	3.55667 3.1631,
	3.54118 3.16734,
	3.52542 3.15982,
	3.51754 3.15606,
	3.51152 3.14834,
	3.49911 3.11723,
	3.49572 3.05457,
	3.48844 2.99199,
	3.47141 2.92961,
	3.45936 2.91417,
	3.45334 2.90646,
	3.39034 2.87834,
	3.38251 2.87654,
	3.32033 2.8837,
	3.30479 2.88597,
	3.24224 2.87746,
	3.21095 2.87222,
	3.19528 2.86862,
	3.13228 2.84051,
	3.1009 2.83135,
	3.07018 2.85158,
	3.05487 2.86366,
	3.04718 2.86773,
	3.01669 2.89776,
	3.00908 2.90576,
	2.98715 2.96894,
	2.97778 2.98481,
	2.93053 3.04851,
	2.80832 3.15687,
	2.74744 3.22084,
	2.71701 3.25283,
	2.66198 3.31669,
	2.64675 3.33268,
	2.63135 3.34084,
	2.6236 3.34296,
	2.60781 3.33348,
	2.60182 3.32773,
	2.59721 3.29645,
	2.58018 3.23408,
	2.57167 3.20288,
	2.54953 3.17197,
	2.53748 3.15653,
	2.53341 3.14878,
	2.50542 3.11799,
	2.49142 3.10259,
	2.45977 3.08168,
	2.33409 3.03917,
	2.31837 3.0336,
	2.31444 3.03172,
	2.31177 3.00042,
	"/>
<Contour name="d03cfa19ax10" hidden="false" closed="false" simplified="false" border="0 1 1" fill="0 1 1" mode="9"
 points="2.5855 3.27656,
	2.56072 3.21554,
	2.51451 3.16218,
	2.4446 3.09485,
	2.36979 3.04932,
	"/>
<Contour name="D05" hidden="false" closed="true" simplified="true" border="1 1 0" fill="1 1 0" mode="11"
 points="2.70318 3.88698,
	2.70463 3.85087,
	2.7106 3.8155,
	2.72096 3.78166,
	2.73548 3.75015,
	2.75381 3.72168,
	2.77554 3.69688,
	2.80018 3.67635,
	2.82715 3.66054,
	2.85585 3.64982,
	2.88561 3.64444,
	2.91575 3.64449,
	2.94559 3.65002,
	2.97444 3.66087,
	3.00165 3.6768,
	3.02659 3.69744,
	3.04867 3.72233,
	3.06742 3.75089,
	3.08239 3.78247,
	3.09324 3.81635,
	3.09973 3.85175,
	3.1017 3.88786,
	3.09912 3.92386,
	3.09203 3.95892,
	3.0806 3.99224,
	3.0651 4.02307,
	3.04587 4.05069,
	3.02336 4.07446,
	2.99809 4.09386,
	2.97063 4.10842,
	2.9416 4.11783,
	2.91168 4.12185,
	2.88154 4.12042,
	2.85189 4.11355,
	2.82339 4.1014,
	2.79669 4.08426,
	2.77242 4.06251,
	2.75112 4.03664,
	2.73328 4.00726,
	2.71931 3.97503,
	2.70953 3.9407,
	"/>
</Transform>

<Transform dim="0"
 xcoef=" 0 1 0 0 0 0"
 ycoef=" 0 0 1 0 0 0">
<Contour name="ax10" comment="LK bouton trace named after cfa" hidden="false" closed="true" simplified="true" border="0 1 1" fill="0.502 1 1" mode="9"
 points="1.71004 3.55749,
	1.71424 3.55269,
	1.71904 3.54969,
	1.72384 3.54549,
	1.72864 3.54309,
	1.74724 3.52389,
	1.75324 3.51429,
	1.76165 3.49509,
	1.76585 3.48549,
	1.76765 3.47589,
	1.77245 3.46629,
	1.77545 3.46149,
	1.78505 3.45429,
	1.80425 3.44349,
	1.82345 3.42969,
	1.82825 3.42729,
	1.84685 3.41229,
	1.85225 3.40269,
	1.85885 3.39309,
	1.86845 3.38529,
	1.87325 3.38169,
	1.87745 3.37689,
	1.88285 3.36729,
	1.88705 3.35769,
	1.88885 3.34809,
	1.89005 3.34329,
	1.89305 3.33849,
	1.89725 3.33369,
	1.90205 3.33009,
	1.90685 3.32529,
	1.91585 3.30668,
	1.91765 3.29708,
	1.91885 3.29228,
	1.91885 3.28988,
	1.92125 3.28508,
	1.92905 3.27548,
	1.93865 3.26708,
	1.94705 3.25748,
	1.95425 3.24788,
	1.95605 3.24548,
	1.95665 3.24308,
	1.96385 3.23348,
	1.96685 3.22868,
	1.97105 3.22388,
	1.97225 3.22268,
	1.97285 3.21788,
	1.97345 3.21548,
	1.97645 3.21068,
	1.98305 3.19148,
	1.99205 3.17228,
	1.99685 3.16268,
	1.99985 3.15788,
	2.00045 3.15548,
	2.00465 3.15068,
	2.01005 3.14108,
	2.01845 3.12188,
	2.02265 3.10268,
	2.02625 3.09308,
	2.03105 3.08348,
	2.04305 3.06428,
	2.05265 3.05468,
	2.05505 3.05228,
	2.06465 3.04688,
	2.07425 3.04388,
	2.08385 3.04268,
	2.09345 3.04268,
	2.09825 3.04328,
	2.11745 3.05048,
	2.12225 3.05228,
	2.12465 3.05348,
	2.14385 3.05048,
	2.15346 3.04868,
	2.15586 3.04688,
	2.16546 3.04448,
	2.17026 3.04328,
	2.20866 3.04148,
	2.22786 3.04328,
	2.23746 3.04508,
	2.24706 3.04568,
	2.26626 3.05108,
	2.27106 3.05408,
	2.28066 3.05708,
	2.31906 3.06488,
	2.32386 3.06848,
	2.32626 3.07088,
	2.33106 3.07268,
	2.35026 3.06848,
	2.35506 3.06548,
	2.35746 3.06368,
	2.36706 3.06428,
	2.38626 3.07328,
	2.39586 3.07868,
	2.41506 3.09308,
	2.41986 3.09728,
	2.42466 3.10028,
	2.42706 3.10268,
	2.43186 3.10508,
	2.43666 3.10928,
	2.43906 3.11168,
	2.44146 3.11288,
	2.47866 3.15128,
	2.48706 3.16088,
	2.51646 3.19928,
	2.54827 3.23768,
	2.55607 3.24728,
	2.56147 3.25688,
	2.57647 3.29528,
	2.58307 3.31448,
	2.59387 3.33369,
	2.60587 3.35289,
	2.61247 3.36249,
	2.61607 3.36729,
	2.61787 3.37209,
	2.61847 3.38169,
	2.61787 3.39129,
	2.61607 3.40089,
	2.61427 3.40569,
	2.61247 3.42489,
	2.61307 3.43449,
	2.61367 3.43929,
	2.61667 3.44889,
	2.61727 3.45849,
	2.61667 3.46329,
	2.60887 3.48249,
	2.60707 3.48729,
	2.60587 3.48969,
	2.60647 3.50889,
	2.60767 3.51369,
	2.60767 3.51849,
	2.60587 3.52329,
	2.60287 3.52809,
	2.59807 3.53289,
	2.58847 3.54009,
	2.57887 3.54609,
	2.55967 3.56529,
	2.55007 3.57489,
	2.54527 3.58449,
	2.53266 3.60369,
	2.53026 3.60609,
	2.52486 3.61569,
	2.50866 3.63489,
	2.50026 3.64449,
	2.49066 3.65289,
	2.47146 3.66609,
	2.45226 3.67569,
	2.44266 3.68169,
	2.43786 3.68529,
	2.41866 3.70389,
	2.41566 3.70869,
	2.39826 3.7279,
	2.38986 3.7375,
	2.38026 3.7459,
	2.37546 3.7507,
	2.37066 3.7531,
	2.36826 3.7543,
	2.35806 3.7735,
	2.35146 3.7831,
	2.34726 3.7879,
	2.33766 3.7945,
	2.31846 3.8035,
	2.30886 3.8071,
	2.28966 3.8179,
	2.28006 3.8245,
	2.27046 3.8323,
	2.26566 3.8359,
	2.26326 3.8371,
	2.25366 3.8455,
	2.23446 3.8593,
	2.21526 3.8683,
	2.20566 3.8731,
	2.19606 3.8761,
	2.15766 3.8779,
	2.14805 3.8779,
	2.12885 3.8809,
	2.11925 3.8815,
	2.11445 3.8827,
	2.10485 3.8827,
	2.08565 3.8797,
	2.07605 3.8773,
	2.06645 3.8725,
	2.06165 3.8695,
	2.05205 3.8659,
	2.04725 3.8647,
	2.04485 3.8635,
	2.03525 3.8629,
	2.03045 3.8629,
	2.02085 3.8599,
	2.01125 3.8593,
	2.00165 3.8575,
	1.99925 3.8569,
	1.99805 3.8581,
	1.98845 3.8581,
	1.98365 3.8575,
	1.98125 3.8569,
	1.97645 3.8539,
	1.96685 3.8497,
	1.95725 3.8443,
	1.95485 3.8425,
	1.95365 3.8413,
	1.94885 3.8401,
	1.94645 3.8383,
	1.94405 3.8377,
	1.94285 3.8365,
	1.93805 3.8353,
	1.93685 3.8341,
	1.93205 3.8335,
	1.92245 3.8299,
	1.91285 3.8233,
	1.90325 3.8155,
	1.89365 3.8059,
	1.87445 3.7933,
	1.85525 3.7819,
	1.84565 3.7765,
	1.83605 3.7699,
	1.82645 3.7615,
	1.81745 3.7519,
	1.77905 3.7195,
	1.77005 3.70989,
	1.76405 3.70029,
	1.76045 3.69549,
	1.74184 3.65709,
	1.73524 3.63789,
	1.73404 3.63309,
	1.72924 3.62349,
	1.72324 3.60429,
	1.72084 3.59469,
	1.71184 3.57549,
	1.71064 3.57309,
	1.71004 3.56349,
	1.71004 3.55869,
	1.71004 3.55809,
	"/>
</Transform>

<Transform dim="0"
 xcoef=" 0 1 0 0 0 0"
 ycoef=" 0 0 1 0 0 0">
<Contour name="ax18" comment="LK bouton trace named after cfa" hidden="false" closed="true" simplified="true" border="0 1 1" fill="0.502 1 1" mode="9"
 points="5.03509 6.72578,
	5.03817 6.7135,
	5.0397 6.70735,
	5.04661 6.69507,
	5.07042 6.6705,
	5.08117 6.65821,
	5.08961 6.64593,
	5.09575 6.63364,
	5.10036 6.62136,
	5.1065 6.59678,
	5.10727 6.5845,
	5.1065 6.57836,
	5.10804 6.56607,
	5.10804 6.55993,
	5.10881 6.55686,
	5.10343 6.54457,
	5.10113 6.53229,
	5.09959 6.52614,
	5.09345 6.51386,
	5.09192 6.51079,
	5.09115 6.48621,
	5.09038 6.48007,
	5.08193 6.4555,
	5.07963 6.44936,
	5.07809 6.44629,
	5.07809 6.44014,
	5.08808 6.41557,
	5.10036 6.40943,
	5.1065 6.40713,
	5.13108 6.40559,
	5.14336 6.40482,
	5.15565 6.40098,
	5.15872 6.40022,
	5.18329 6.40789,
	5.18943 6.40943,
	5.20172 6.40866,
	5.214 6.40636,
	5.22015 6.40482,
	5.22629 6.40559,
	5.22936 6.40559,
	5.24165 6.41097,
	5.26622 6.41864,
	5.27236 6.42248,
	5.28388 6.434,
	5.29232 6.44629,
	5.31613 6.46855,
	5.3407 6.48238,
	5.36527 6.49312,
	5.37756 6.5008,
	5.38063 6.50234,
	5.4052 6.52537,
	5.41748 6.53536,
	5.44205 6.54764,
	5.4482 6.54918,
	5.45127 6.54841,
	5.47584 6.55302,
	5.50041 6.55302,
	5.5127 6.55379,
	5.51577 6.55532,
	5.54034 6.57836,
	5.5603 6.60293,
	5.57182 6.61521,
	5.5818 6.6275,
	5.60637 6.64055,
	5.61252 6.64286,
	5.61559 6.64286,
	5.61866 6.64439,
	5.63095 6.64439,
	5.63709 6.64516,
	5.64937 6.6513,
	5.65552 6.65514,
	5.68009 6.67971,
	5.68393 6.68586,
	5.68777 6.69814,
	5.68853 6.70428,
	5.69084 6.71043,
	5.69237 6.7135,
	5.70466 6.72578,
	5.72155 6.75035,
	5.72693 6.76264,
	5.73077 6.77493,
	5.73307 6.78721,
	5.73461 6.79335,
	5.73537 6.81793,
	5.73614 6.83021,
	5.74152 6.85478,
	5.74382 6.86707,
	5.74843 6.87935,
	5.77223 6.9285,
	5.77607 6.94078,
	5.77761 6.96535,
	5.77837 6.97764,
	5.77761 6.98992,
	5.7753 7.00221,
	5.77069 7.01449,
	5.76225 7.02678,
	5.75687 7.03292,
	5.72769 7.08207,
	5.71618 7.10664,
	5.71157 7.11892,
	5.7108 7.12507,
	5.71003 7.12814,
	5.71464 7.15271,
	5.72155 7.17728,
	5.72386 7.18956,
	5.72539 7.19571,
	5.72539 7.20185,
	5.73 7.21414,
	5.73153 7.22028,
	5.73768 7.23256,
	5.74152 7.24485,
	5.74305 7.25099,
	5.74228 7.25714,
	5.73691 7.26942,
	5.72693 7.28171,
	5.71464 7.29322,
	5.70389 7.30551,
	5.69698 7.3178,
	5.67241 7.3416,
	5.66012 7.35388,
	5.65398 7.35926,
	5.62941 7.37231,
	5.60484 7.38229,
	5.58027 7.38613,
	5.5557 7.39688,
	5.55263 7.39842,
	5.52805 7.39996,
	5.50348 7.39765,
	5.47891 7.39381,
	5.45434 7.38383,
	5.4482 7.37922,
	5.44052 7.36694,
	5.44205 7.36079,
	5.4482 7.34851,
	5.45127 7.34237,
	5.45204 7.33622,
	5.44973 7.33008,
	5.42516 7.31165,
	5.40059 7.2986,
	5.37602 7.28708,
	5.36373 7.28401,
	5.31459 7.25867,
	5.30231 7.25176,
	5.29616 7.24562,
	5.28388 7.23947,
	5.28081 7.23871,
	5.28004 7.23871,
	5.27313 7.23333,
	5.26775 7.22719,
	5.26315 7.22258,
	5.25931 7.21644,
	5.25931 7.2103,
	5.26007 7.20722,
	5.26468 7.20262,
	5.2739 7.1911,
	5.27543 7.18956,
	5.27543 7.17728,
	5.27543 7.17114,
	5.27543 7.16806,
	5.27236 7.16269,
	5.26699 7.15808,
	5.26391 7.15501,
	5.26084 7.15348,
	5.25931 7.15348,
	5.25777 7.15194,
	5.24549 7.14733,
	5.24241 7.1458,
	5.23013 7.14426,
	5.21784 7.14119,
	5.21247 7.13812,
	5.21016 7.13658,
	5.20556 7.1243,
	5.19634 7.11201,
	5.18406 7.09973,
	5.17715 7.08744,
	5.17177 7.06287,
	5.16947 7.05058,
	5.1687 7.04444,
	5.16486 7.0383,
	5.15334 7.02755,
	5.14106 7.01833,
	5.12877 7.01066,
	5.12263 7.00758,
	5.11725 7.00221,
	5.11111 6.98992,
	5.10958 6.98378,
	5.10958 6.95921,
	5.10881 6.94692,
	5.1065 6.93464,
	5.10267 6.92235,
	5.10036 6.91621,
	5.08884 6.90392,
	5.07963 6.89164,
	5.07502 6.8855,
	5.06888 6.87321,
	5.06197 6.84864,
	5.05967 6.83635,
	5.05736 6.81178,
	5.05659 6.80564,
	5.05659 6.80257,
	5.05659 6.80103,
	5.05506 6.7995,
	5.05429 6.79335,
	5.04431 6.76878,
	5.04047 6.76264,
	5.03509 6.75035,
	5.03509 6.72655,
	"/>
</Transform>

<Transform dim="0"
 xcoef=" 0 1 0 0 0 0"
 ycoef=" 0 0 1 0 0 0">
<Contour name="d02" hidden="false" closed="true" simplified="true" border="0.5 0 1" fill="0.5 0 1" mode="9"
 points="2.85241 7.74263,
	2.87838 7.69865,
	2.88817 7.65501,
	2.88767 7.6333,
	2.93423 7.54546,
	2.94941 7.5017,
	2.9636 7.41453,
	2.9631 7.39282,
	2.97339 7.37089,
	2.97314 7.36003,
	3.01567 7.33201,
	3.02596 7.31008,
	3.02571 7.29923,
	2.98168 7.26212,
	2.9537 7.21925,
	2.93162 7.19798,
	2.91983 7.15478,
	2.94581 7.1108,
	2.96701 7.09407,
	3.00992 7.08233,
	3.09662 7.09685,
	3.11833 7.10183,
	3.13978 7.09596,
	3.16099 7.07924,
	3.17152 7.06816,
	3.21456 7.06185,
	3.23614 7.06141,
	3.27855 7.02796,
	3.32145 7.01622,
	3.40777 7.01445,
	3.42935 7.01401,
	3.51643 7.04481,
	3.53788 7.03894,
	3.58029 7.00549,
	3.66561 6.9603,
	3.68693 6.949,
	3.70262 6.92696,
	3.7222 6.83968,
	3.73199 6.79603,
	3.73688 6.77421,
	3.75269 6.7576,
	3.83913 6.76126,
	3.88279 6.78208,
	3.90475 6.79793,
	3.91114 6.84124,
	3.89596 6.88499,
	3.90335 6.97172,
	3.90385 6.99343,
	3.94802 7.03596,
	3.97699 7.12226,
	4.0155 7.15405,
	4.04348 7.19692,
	4.08324 7.28299,
	4.1713 7.35721,
	4.25787 7.36629,
	4.27945 7.36585,
	4.31671 7.34337,
	4.32161 7.32155,
	4.31521 7.27824,
	4.31471 7.25653,
	4.33579 7.23437,
	4.37846 7.21178,
	4.4215 7.20547,
	4.48271 7.28566,
	4.4994 7.30704,
	4.53766 7.32798,
	4.62423 7.33707,
	4.66738 7.33618,
	4.68896 7.33574,
	4.73262 7.35657,
	4.75457 7.37241,
	4.78894 7.45858,
	4.79484 7.48018,
	4.87702 7.5328,
	4.92105 7.56992,
	4.943 7.58576,
	4.98654 7.60116,
	5.00837 7.61157,
	5.02505 7.63295,
	5.03684 7.67615,
	5.06481 7.71902,
	5.07071 7.74062,
	5.07096 7.75147,
	5.09279 7.76188,
	5.1037 7.76709,
	5.09341 7.78902,
	5.0505 7.80076,
	4.96506 7.84052,
	4.9544 7.84617,
	4.92642 7.8033,
	4.92003 7.75999,
	4.92492 7.73817,
	4.946 7.71602,
	4.94011 7.69442,
	4.93986 7.68357,
	4.88391 7.59783,
	4.79596 7.52903,
	4.75218 7.50278,
	4.66661 7.53711,
	4.62383 7.55429,
	4.58694 7.59305,
	4.56586 7.61521,
	4.54453 7.6265,
	4.46548 7.70958,
	4.45469 7.7098,
	4.43262 7.68853,
	4.42133 7.66704,
	4.43651 7.62329,
	4.4453 7.53622,
	4.43941 7.51462,
	4.41745 7.49878,
	4.331 7.49512,
	4.28759 7.48515,
	4.24444 7.48603,
	4.15737 7.45523,
	4.14633 7.4446,
	4.06001 7.44637,
	4.01686 7.44725,
	3.9314 7.48701,
	3.84571 7.51592,
	3.80293 7.53309,
	3.78712 7.5497,
	3.76214 7.6371,
	3.75148 7.64275,
	3.74019 7.62126,
	3.69628 7.58958,
	3.65262 7.56876,
	3.64183 7.56898,
	3.59528 7.65681,
	3.60168 7.70012,
	3.61296 7.72161,
	3.624 7.73225,
	3.71045 7.73591,
	3.75348 7.72959,
	3.79701 7.74499,
	3.83992 7.73325,
	3.88308 7.73237,
	3.97115 7.80659,
	4.01456 7.81656,
	4.1005 7.79851,
	4.18619 7.7696,
	4.22898 7.75243,
	4.25043 7.74656,
	4.29372 7.75111,
	4.31542 7.75609,
	4.32671 7.77758,
	4.32181 7.7994,
	4.23687 7.86087,
	4.21579 7.88303,
	4.19509 7.92146,
	4.20248 8.0082,
	4.21377 8.02969,
	4.25743 8.05052,
	4.30084 8.06049,
	4.34462 8.08674,
	4.35051 8.10834,
	4.35076 8.1192,
	4.30823 8.14722,
	4.13572 8.15618,
	4.09244 8.15164,
	4.00537 8.12084,
	3.98367 8.11586,
	3.93975 8.08418,
	3.92307 8.0628,
	3.89409 7.9765,
	3.8882 7.9549,
	3.84944 7.91225,
	3.76225 7.87603,
	3.75121 7.86539,
	3.72975 7.87126,
	3.71407 7.89331,
	3.67129 7.91047,
	3.63252 7.86783,
	3.54583 7.85331,
	3.45938 7.84965,
	3.43768 7.84467,
	3.39591 7.67176,
	3.4057 7.62812,
	3.39442 7.60663,
	3.38877 7.59588,
	3.34574 7.6022,
	3.30295 7.61936,
	3.2598 7.62025,
	3.21701 7.63741,
	3.13257 7.7206,
	3.04763 7.78207,
	3.00546 7.82637,
	2.98425 7.8431,
	2.94135 7.85484,
	2.89794 7.84487,
	2.85918 7.80222,
	2.85278 7.75891,
	2.85253 7.74805,
	"/>
</Transform>

<Transform dim="0"
 xcoef=" 0 1 0 0 0 0"
 ycoef=" 0 0 1 0 0 0">
<Contour name="ax19" comment="LK bouton trace named after cfa" hidden="false" closed="true" simplified="true" border="0 1 1" fill="0.502 1 1" mode="-9"
 points="2.86994 8.04819,
	2.88152 8.03275,
	2.9124 8.01152,
	2.92012 8.0067,
	2.92688 7.99126,
	2.93556 7.96038,
	2.93846 7.94494,
	2.93846 7.94301,
	2.94039 7.94108,
	2.94135 7.93336,
	2.94521 7.92564,
	2.94618 7.92178,
	2.94907 7.91792,
	2.95004 7.9102,
	2.95679 7.89476,
	2.96548 7.87932,
	2.97706 7.86388,
	2.98478 7.85616,
	2.99057 7.84844,
	2.99539 7.833,
	2.99829 7.82528,
	3.00022 7.82142,
	3.00022 7.81949,
	3.00215 7.81756,
	3.00215 7.81563,
	3.01566 7.80019,
	3.0311 7.7915,
	3.03882 7.78668,
	3.06584 7.7558,
	3.07742 7.74035,
	3.08321 7.73263,
	3.08707 7.72877,
	3.11795 7.71237,
	3.13339 7.70368,
	3.16427 7.67956,
	3.19322 7.64868,
	3.20866 7.6342,
	3.2241 7.62262,
	3.23954 7.61297,
	3.27042 7.60043,
	3.28586 7.5956,
	3.3013 7.58885,
	3.31674 7.58402,
	3.34762 7.56762,
	3.35534 7.56472,
	3.36306 7.56376,
	3.36692 7.56279,
	3.38236 7.56665,
	3.39008 7.56955,
	3.39201 7.56955,
	3.40745 7.58113,
	3.41421 7.58885,
	3.41807 7.59271,
	3.42482 7.60815,
	3.43158 7.63903,
	3.43351 7.65447,
	3.44219 7.68535,
	3.44509 7.70079,
	3.45378 7.73167,
	3.45474 7.73939,
	3.45957 7.75483,
	3.46246 7.77027,
	3.46343 7.77799,
	3.4586 7.80887,
	3.45667 7.82431,
	3.45764 7.83203,
	3.45764 7.83589,
	3.46536 7.85133,
	3.46825 7.85905,
	3.46729 7.86677,
	3.46729 7.87063,
	3.46536 7.87449,
	3.46536 7.88221,
	3.4615 7.89765,
	3.45281 7.91309,
	3.45088 7.91695,
	3.44992 7.92467,
	3.45667 7.94011,
	3.45571 7.95555,
	3.44316 7.98643,
	3.44316 7.99415,
	3.44219 7.99608,
	3.44799 8.0038,
	3.44992 8.01924,
	3.44316 8.05012,
	3.4393 8.06556,
	3.43737 8.081,
	3.43158 8.09644,
	3.42772 8.10416,
	3.42579 8.10802,
	3.41807 8.11381,
	3.41035 8.11671,
	3.39491 8.11574,
	3.38719 8.11285,
	3.38333 8.11092,
	3.37947 8.11478,
	3.37175 8.11864,
	3.35727 8.13215,
	3.35438 8.13601,
	3.35438 8.13987,
	3.34955 8.14759,
	3.3428 8.15531,
	3.32736 8.16399,
	3.29648 8.1775,
	3.28876 8.18137,
	3.27332 8.18619,
	3.25788 8.18716,
	3.24244 8.18426,
	3.227 8.18523,
	3.21156 8.19005,
	3.20384 8.19295,
	3.1884 8.19391,
	3.15752 8.20067,
	3.1498 8.20356,
	3.11892 8.20356,
	3.10348 8.20935,
	3.09576 8.21225,
	3.08032 8.21321,
	3.0726 8.21418,
	3.06874 8.21418,
	3.0533 8.2219,
	3.04558 8.22576,
	3.03014 8.22672,
	3.02242 8.22672,
	3.0147 8.22383,
	2.95293 8.18619,
	2.93749 8.17847,
	2.92977 8.17461,
	2.91433 8.17075,
	2.90661 8.16882,
	2.89889 8.16303,
	2.89214 8.15531,
	2.88828 8.15145,
	2.88635 8.14952,
	2.88538 8.14566,
	2.88345 8.14373,
	2.87091 8.08197,
	2.86994 8.05109,
	2.86994 8.04916,
	"/>
</Transform>

<Transform dim="0"
 xcoef=" 0 1 0 0 0 0"
 ycoef=" 0 0 1 0 0 0">
<Contour name="ax20" comment="LK bouton trace named after cfa" hidden="false" closed="true" simplified="true" border="0 1 1" fill="0.502 1 1" mode="9"
 points="4.94085 7.34087,
	4.94453 7.33107,
	4.9531 7.32373,
	4.958 7.32128,
	4.97759 7.3225,
	4.99596 7.33352,
	5.00575 7.33842,
	5.02534 7.3372,
	5.03514 7.33475,
	5.04494 7.33475,
	5.04983 7.3372,
	5.06943 7.34087,
	5.0731 7.34332,
	5.078 7.34822,
	5.08657 7.36781,
	5.08534 7.37761,
	5.08412 7.3825,
	5.08412 7.38495,
	5.078 7.39475,
	5.07065 7.4021,
	5.06575 7.40699,
	5.06085 7.40822,
	5.0584 7.41067,
	5.04861 7.41434,
	5.03881 7.41434,
	5.01922 7.40822,
	4.99963 7.40944,
	4.98983 7.40944,
	4.98493 7.40944,
	4.96534 7.40087,
	4.958 7.39475,
	4.95065 7.38618,
	4.9433 7.36659,
	4.94085 7.36169,
	4.94085 7.3421,
	"/>
</Transform>

<Transform dim="0"
 xcoef=" 0 1 0 0 0 0"
 ycoef=" 0 0 1 0 0 0">
<Contour name="ax20" comment="LK bouton trace named after cfa" hidden="false" closed="true" simplified="true" border="0 1 1" fill="0.502 1 1" mode="9"
 points="5.72548 7.78249,
	5.72967 7.7783,
	5.74644 7.77096,
	5.75483 7.76782,
	5.75902 7.76677,
	5.76636 7.75838,
	5.76951 7.74999,
	5.77161 7.73322,
	5.7758 7.72483,
	5.78419 7.71644,
	5.78838 7.71225,
	5.79677 7.71015,
	5.80096 7.70806,
	5.80935 7.70806,
	5.81354 7.70806,
	5.83032 7.71749,
	5.84395 7.73427,
	5.85234 7.74161,
	5.86911 7.74894,
	5.88588 7.75104,
	5.90266 7.75733,
	5.91943 7.75943,
	5.92782 7.76048,
	5.96137 7.77516,
	5.97815 7.78249,
	5.98653 7.78145,
	6.02008 7.76991,
	6.05363 7.76362,
	6.12073 7.76257,
	6.18783 7.76362,
	6.22138 7.76362,
	6.23816 7.76467,
	6.25493 7.77096,
	6.28848 7.78878,
	6.30526 7.80137,
	6.31364 7.80451,
	6.31574 7.80451,
	6.33252 7.81814,
	6.34929 7.83492,
	6.35663 7.8433,
	6.36187 7.85169,
	6.3755 7.86847,
	6.38494 7.88524,
	6.39123 7.90202,
	6.39647 7.9104,
	6.40381 7.91879,
	6.408 7.92298,
	6.4101 7.92718,
	6.41429 7.93032,
	6.42268 7.93242,
	6.43107 7.93766,
	6.43946 7.94081,
	6.44784 7.94919,
	6.48454 8.01629,
	6.49397 8.03307,
	6.50026 8.04984,
	6.49922 8.08339,
	6.49817 8.10017,
	6.48664 8.13372,
	6.4793 8.15049,
	6.46776 8.16727,
	6.46252 8.17566,
	6.44784 8.19243,
	6.43107 8.20606,
	6.42268 8.21235,
	6.40591 8.21969,
	6.37236 8.22913,
	6.35558 8.23227,
	6.34719 8.23542,
	6.33042 8.23646,
	6.31364 8.23542,
	6.29687 8.23227,
	6.28009 8.22703,
	6.26332 8.21969,
	6.25493 8.2155,
	6.23816 8.2113,
	6.22977 8.20816,
	6.21299 8.20501,
	6.19622 8.20396,
	6.16267 8.20606,
	6.1459 8.20711,
	6.12912 8.20501,
	6.11235 8.20606,
	6.09557 8.20082,
	6.08718 8.19558,
	6.08299 8.19348,
	6.06831 8.1767,
	6.05783 8.15993,
	6.05678 8.15574,
	6.05468 8.15364,
	6.05154 8.13686,
	6.05049 8.12009,
	6.05049 8.11589,
	6.05363 8.10751,
	6.05154 8.07396,
	6.04629 8.04041,
	6.0442 8.03202,
	6.03266 8.01525,
	6.02637 8.00686,
	6.00855 7.97331,
	5.99492 7.95653,
	5.96137 7.93032,
	5.9446 7.91984,
	5.91105 7.90935,
	5.89427 7.90097,
	5.88588 7.89572,
	5.85234 7.86217,
	5.78524 7.82443,
	5.76846 7.81185,
	5.76007 7.80556,
	5.7433 7.79717,
	5.73491 7.79298,
	5.72757 7.78564,
	5.72548 7.78354,
	"/>
</Transform>

<Transform dim="0"
 xcoef=" 0 1 0 0 0 0"
 ycoef=" 0 0 1 0 0 0">
<Contour name="d02" hidden="false" closed="true" simplified="true" border="0.5 0 1" fill="0.5 0 1" mode="9"
 points="3.92011 6.33165,
	3.92337 6.31712,
	3.93022 6.30251,
	3.94247 6.28779,
	3.95481 6.27668,
	3.9635 6.26384,
	3.96701 6.26015,
	3.97712 6.231,
	3.97876 6.22373,
	3.98741 6.20908,
	3.99263 6.20175,
	4.00684 6.19421,
	4.03555 6.19182,
	4.06451 6.20027,
	4.0791 6.20901,
	4.09197 6.22141,
	4.09565 6.22496,
	4.09598 6.23942,
	4.07394 6.29775,
	4.06989 6.35572,
	4.07202 6.37014,
	4.07039 6.37742,
	4.05129 6.40675,
	4.04623 6.42132,
	4.03921 6.4287,
	4.02496 6.43442,
	4.01058 6.43471,
	3.99608 6.42958,
	3.98881 6.42611,
	3.96005 6.4267,
	3.95646 6.42677,
	3.94915 6.4215,
	3.93473 6.41999,
	3.93297 6.42183,
	3.92332 6.39309,
	3.92019 6.33527,
	3.92015 6.33346,
	"/>
<Contour name="d06" hidden="false" closed="true" simplified="true" border="0 0 1" fill="0 0 1" mode="9"
 points="3.05404 6.97404,
	3.05929 6.96285,
	3.05916 6.95731,
	3.06716 6.94606,
	3.06967 6.93492,
	3.09624 6.8928,
	3.1339 6.85323,
	3.16322 6.81106,
	3.19268 6.77442,
	3.2361 6.74582,
	3.2737 6.70348,
	3.2899 6.68929,
	3.33031 6.64966,
	3.35214 6.64089,
	3.37416 6.64044,
	3.39607 6.63445,
	3.40702 6.63146,
	3.41784 6.62292,
	3.42879 6.61993,
	3.45049 6.60562,
	3.49366 6.56594,
	3.50455 6.56018,
	3.5153 6.54887,
	3.60233 6.49998,
	3.62416 6.49121,
	3.62955 6.48555,
	3.65138 6.47679,
	3.65939 6.46554,
	3.66489 6.46543,
	3.68366 6.44287,
	3.69448 6.43434,
	3.69986 6.42869,
	3.78797 6.42688,
	3.81 6.42643,
	3.8212 6.43452,
	3.82722 6.45656,
	3.82824 6.50089,
	3.82849 6.51197,
	3.86793 6.54996,
	3.86844 6.57212,
	3.83911 6.61429,
	3.82835 6.6256,
	3.8151 6.64804,
	3.80985 6.65923,
	3.79108 6.6818,
	3.77776 6.70146,
	3.76975 6.71272,
	3.77179 6.80136,
	3.77006 6.84574,
	3.76506 6.86802,
	3.74892 6.88498,
	3.73291 6.90747,
	3.73304 6.91301,
	3.71422 6.9328,
	3.70896 6.94399,
	3.67388 6.9752,
	3.63052 7.00657,
	3.60862 7.01256,
	3.56501 7.03285,
	3.52102 7.03653,
	3.4769 7.03466,
	3.43266 7.02725,
	3.41063 7.0277,
	3.38841 7.01984,
	3.30036 7.02442,
	3.2784 7.02764,
	3.25657 7.03641,
	3.24581 7.04771,
	3.22685 7.06196,
	3.20502 7.07072,
	3.16166 7.10209,
	3.13983 7.11085,
	3.12894 7.11662,
	3.11792 7.11685,
	3.10672 7.10877,
	3.10095 7.09779,
	3.10044 7.07564,
	3.09443 7.05358,
	3.05761 7.00999,
	3.05436 6.98789,
	3.0541 6.97681,
	"/>
</Transform>

<Transform dim="0"
 xcoef=" 0 1 0 0 0 0"
 ycoef=" 0 0 1 0 0 0">
<Contour name="ax21" comment="LK bouton trace named after cfa" hidden="false" closed="true" simplified="true" border="0 1 1" fill="0.502 1 1" mode="9"
 points="3.81793 6.46737,
	3.82262 6.45799,
	3.82555 6.4533,
	3.83317 6.44392,
	3.83727 6.43923,
	3.84665 6.43337,
	3.849 6.4322,
	3.85252 6.42751,
	3.8619 6.42106,
	3.87128 6.41812,
	3.87597 6.41695,
	3.87831 6.41519,
	3.88769 6.41285,
	3.92522 6.40992,
	3.96274 6.40992,
	4.00026 6.41168,
	4.00964 6.41285,
	4.01902 6.41519,
	4.02371 6.41871,
	4.04247 6.42751,
	4.05186 6.43395,
	4.06124 6.43923,
	4.07003 6.44685,
	4.07296 6.45154,
	4.07589 6.46092,
	4.07531 6.46561,
	4.0671 6.48438,
	4.06358 6.48907,
	4.05889 6.49317,
	4.04951 6.49903,
	4.04423 6.50841,
	4.03954 6.5131,
	4.0372 6.51545,
	4.03251 6.51779,
	4.02313 6.51779,
	4.00437 6.51486,
	4.00202 6.51486,
	3.99733 6.5131,
	3.97857 6.51076,
	3.96919 6.50959,
	3.96802 6.509,
	3.95863 6.51428,
	3.95394 6.51779,
	3.94867 6.52717,
	3.94691 6.53186,
	3.94398 6.53656,
	3.93636 6.55532,
	3.9346 6.56001,
	3.93284 6.56939,
	3.92991 6.57877,
	3.92522 6.58287,
	3.92287 6.58463,
	3.91818 6.58463,
	3.9088 6.5817,
	3.89238 6.56294,
	3.8789 6.54418,
	3.87304 6.5348,
	3.86541 6.52542,
	3.86072 6.52073,
	3.85134 6.51721,
	3.84665 6.51662,
	3.84431 6.51662,
	3.83962 6.51428,
	3.83024 6.50607,
	3.82672 6.50138,
	3.82203 6.492,
	3.8191 6.48262,
	3.81793 6.47793,
	3.81793 6.46855,
	3.81793 6.46796,
	"/>
</Transform>

<Transform dim="0"
 xcoef=" 0 1 0 0 0 0"
 ycoef=" 0 0 1 0 0 0">
<Contour name="d01" hidden="false" closed="true" simplified="true" border="1 0.5 0" fill="1 0.5 0" mode="9"
 points="4.8296 3.86613,
	4.90733 3.81155,
	4.9328 3.77394,
	4.93758 3.75265,
	4.93734 3.74206,
	4.95264 3.72055,
	4.96292 3.70974,
	4.97247 3.66716,
	5.02867 3.59183,
	5.03296 3.54936,
	5.03247 3.52818,
	5.04287 3.52266,
	5.06429 3.53812,
	5.07507 3.5485,
	5.11706 3.54234,
	5.15856 3.51499,
	5.1528 3.49392,
	5.11499 3.4523,
	5.09883 3.43674,
	5.09834 3.41556,
	5.17608 3.36098,
	5.21758 3.33364,
	5.23815 3.31203,
	5.25823 3.26923,
	5.26839 3.25312,
	5.31148 3.29462,
	5.32776 3.31548,
	5.36963 3.30403,
	5.39056 3.2983,
	5.41125 3.28199,
	5.45312 3.27053,
	5.62168 3.27238,
	5.70615 3.28125,
	5.72732 3.2861,
	5.73785 3.28589,
	5.79771 3.36944,
	5.8365 3.45342,
	5.84274 3.49568,
	5.84299 3.50627,
	5.86453 3.52702,
	5.86477 3.53762,
	5.88105 3.55848,
	5.88729 3.60074,
	5.92609 3.68471,
	5.95338 3.72654,
	6.03356 3.77788,
	6.03453 3.82024,
	6.01397 3.84186,
	6.00393 3.86326,
	6.01016 3.90552,
	6.01065 3.9267,
	5.99584 3.96939,
	5.97037 4.007,
	5.9656 4.0283,
	5.96584 4.03889,
	5.88259 4.08298,
	5.85186 4.12069,
	5.76764 4.12242,
	5.72565 4.12858,
	5.68342 4.12415,
	5.59847 4.0941,
	5.55623 4.08967,
	5.53506 4.0848,
	5.51363 4.06935,
	5.42929 4.06577,
	5.38706 4.06135,
	5.3021 4.03129,
	5.25987 4.02686,
	5.23882 4.02729,
	5.1607 4.06598,
	5.11872 4.07214,
	5.0979 4.08316,
	5.08762 4.09397,
	5.07709 4.09418,
	4.99433 4.15946,
	4.95283 4.1868,
	4.94255 4.19761,
	4.93202 4.19783,
	4.91133 4.21415,
	4.90093 4.21966,
	4.89028 4.21458,
	4.9051 4.17189,
	4.90461 4.1507,
	4.90437 4.14011,
	4.92506 4.12379,
	4.93007 4.1131,
	4.97218 4.11223,
	4.99311 4.1065,
	5.01368 4.08489,
	5.00121 4.00037,
	4.97391 3.95854,
	4.9629 3.93758,
	4.94148 3.92211,
	4.85701 3.91325,
	4.83584 3.90838,
	4.82972 3.87142,
	"/>
<Contour name="d01" hidden="false" closed="true" simplified="true" border="1 0.5 0" fill="1 0.5 0" mode="9"
 points="4.63029 2.75642,
	4.64146 2.74468,
	4.68715 2.74375,
	4.73312 2.75431,
	4.75596 2.75384,
	4.80205 2.77014,
	4.82504 2.77542,
	4.83673 2.78669,
	4.80351 2.83337,
	4.75794 2.84005,
	4.71211 2.83524,
	4.66602 2.81893,
	4.64278 2.80216,
	4.63719 2.80802,
	4.63042 2.76216,
	"/>
<Contour name="d03" hidden="false" closed="true" simplified="true" border="0 1 0" fill="0 1 0" mode="9"
 points="4.17034 2.54998,
	4.19171 2.52752,
	4.24165 2.52335,
	4.26672 2.52599,
	4.292 2.53805,
	4.2984 2.5442,
	4.32355 2.54998,
	4.3489 2.56519,
	4.37413 2.57411,
	4.39956 2.59246,
	4.41221 2.5985,
	4.4372 2.59799,
	4.46243 2.6069,
	4.48786 2.62526,
	4.50058 2.63443,
	4.513 2.63104,
	4.53524 2.6463,
	4.57383 2.6927,
	4.62165 2.73261,
	4.63443 2.74493,
	4.64127 2.76996,
	4.64243 2.82026,
	4.62425 2.8458,
	4.61233 2.87121,
	4.60324 2.88397,
	4.59713 2.89039,
	4.58835 2.91574,
	4.58238 2.92844,
	4.57017 2.94127,
	4.57032 2.94756,
	4.55214 2.9731,
	4.54604 2.97952,
	4.53353 2.97977,
	4.51115 2.95821,
	4.49807 2.93331,
	4.48754 2.8832,
	4.48072 2.85818,
	4.46764 2.83328,
	4.45485 2.82096,
	4.43494 2.77103,
	4.41561 2.74627,
	4.36473 2.70957,
	4.33937 2.69435,
	4.33298 2.6882,
	4.28254 2.67036,
	4.25726 2.65829,
	4.24461 2.65226,
	4.23836 2.65239,
	4.18749 2.61569,
	4.17477 2.60651,
	4.17049 2.55626,
	4.17042 2.55312,
	"/>
<Contour name="d03c17" hidden="false" closed="true" simplified="true" border="1 0 0" fill="1 0 0" mode="9"
 points="4.58734 2.88459,
	4.61047 2.83979,
	4.62844 2.81798,
	4.63965 2.8106,
	4.64933 2.79896,
	4.65211 2.79604,
	4.67483 2.79558,
	4.68052 2.79546,
	4.6863 2.79964,
	4.68643 2.80535,
	4.68939 2.81101,
	4.68992 2.83387,
	4.68593 2.84539,
	4.68454 2.84685,
	4.68609 2.85254,
	4.67496 2.86277,
	4.66938 2.86718,
	4.66663 2.87153,
	4.6444 2.89343,
	4.63608 2.90218,
	4.63323 2.90224,
	4.62203 2.90962,
	4.61642 2.9126,
	4.60506 2.91283,
	4.59937 2.91294,
	4.59363 2.9102,
	4.5878 2.9046,
	4.58754 2.89317,
	4.58741 2.88745,
	4.58738 2.88602,
	"/>
<Contour name="d03cfa17" hidden="false" closed="false" simplified="false" border="0 1 1" fill="0 1 1" mode="9"
 points="4.59897 2.91154,
	4.62259 2.88818,
	4.64327 2.86059,
	4.66241 2.82732,
	4.66162 2.79301,
	"/>
<Contour name="d08" hidden="false" closed="true" simplified="true" border="1 0 0" fill="1 0 0" mode="9"
 points="3.82687 3.11426,
	3.85063 3.08088,
	3.87867 3.05563,
	3.94412 3.05839,
	3.9769 3.06184,
	3.97841 3.12761,
	3.96768 3.19361,
	3.96026 3.22666,
	3.94838 3.24336,
	3.93688 3.27649,
	3.93764 3.30937,
	3.93374 3.31767,
	3.9173 3.3139,
	3.88795 3.2816,
	3.86677 3.24914,
	3.83741 3.21684,
	3.82848 3.18413,
	3.82697 3.11837,
	"/>
<Contour name="d08cfa22ax30" hidden="false" closed="false" simplified="false" border="0 1 1" fill="0 1 1" mode="9"
 points="3.94821 3.29166,
	3.96899 3.16531,
	3.97701 3.07326,
	"/>
<Contour name="D14" hidden="false" closed="true" simplified="true" border="1 0 0" fill="1 0 0" mode="11"
 points="3.99587 3.70828,
	4.00119 3.68427,
	4.01775 3.66238,
	4.04391 3.64474,
	4.07711 3.63308,
	4.11411 3.62854,
	4.15128 3.63156,
	4.185 3.64185,
	4.21194 3.6584,
	4.22948 3.6796,
	4.23591 3.70336,
	4.23058 3.72736,
	4.21403 3.74925,
	4.18788 3.76689,
	4.15467 3.77855,
	4.11767 3.7831,
	4.08049 3.78007,
	4.04678 3.76978,
	4.01984 3.75323,
	"/>
<Contour name="d08" hidden="false" closed="true" simplified="true" border="1 0 0" fill="1 0 0" mode="9"
 points="4.75684 2.85259,
	4.78905 2.83137,
	4.8052 2.82281,
	4.87056 2.82147,
	4.90344 2.82902,
	4.91997 2.83691,
	4.93669 2.85301,
	4.96966 2.86468,
	5.00243 2.86812,
	5.01877 2.86778,
	5.0354 2.87977,
	5.04357 2.87961,
	5.0562 2.8958,
	5.05696 2.92868,
	5.03311 2.95795,
	4.90247 2.96475,
	4.8697 2.9613,
	4.85317 2.95342,
	4.78638 2.8931,
	4.75712 2.86492,
	4.75693 2.8567,
	"/>
</Transform>

<Transform dim="0"
 xcoef=" 0 1 0 0 0 0"
 ycoef=" 0 0 1 0 0 0">
<Contour name="d01" hidden="false" closed="true" simplified="true" border="1 0.5 0" fill="1 0.5 0" mode="9"
 points="5.01197 2.8663,
	5.02201 2.8449,
	5.03229 2.83409,
	5.04282 2.83387,
	5.05286 2.81247,
	5.05617 2.72763,
	5.09877 2.74795,
	5.18299 2.74623,
	5.20441 2.76169,
	5.20466 2.77228,
	5.22094 2.79314,
	5.26341 2.80816,
	5.301 2.83919,
	5.31201 2.86015,
	5.30723 2.88144,
	5.29193 2.90295,
	5.29817 2.94521,
	5.31445 2.96607,
	5.31542 3.00844,
	5.27416 3.04637,
	5.25408 3.08917,
	5.24931 3.11046,
	5.21307 3.13769,
	5.19214 3.14342,
	5.14978 3.13369,
	5.13827 3.09154,
	5.14257 3.04906,
	5.13681 3.02799,
	5.12604 3.01762,
	5.11551 3.01783,
	5.07255 2.98162,
	5.01809 2.90326,
	5.01233 2.88219,
	5.01209 2.8716,
	"/>
</Transform>

<Transform dim="0"
 xcoef=" 0 1 0 0 0 0"
 ycoef=" 0 0 1 0 0 0">
<Contour name="ax30" comment="LK bouton trace named after cfa" hidden="false" closed="true" simplified="true" border="0 1 1" fill="0.502 1 1" mode="9"
 points="3.94864 3.5131,
	3.9501 3.51115,
	3.95059 3.5092,
	3.954 3.5053,
	3.96179 3.49994,
	3.9652 3.49604,
	3.96764 3.48825,
	3.97105 3.48045,
	3.97397 3.47656,
	3.97495 3.47461,
	3.97885 3.4712,
	3.98664 3.4673,
	3.99444 3.46438,
	4.01003 3.46292,
	4.01392 3.46145,
	4.01782 3.46097,
	4.02562 3.45658,
	4.02903 3.44879,
	4.02903 3.44684,
	4.03049 3.44294,
	4.03146 3.43515,
	4.03487 3.41956,
	4.03438 3.40397,
	4.03195 3.39617,
	4.03097 3.39227,
	4.02026 3.37668,
	4.01344 3.36889,
	3.99785 3.35427,
	3.99005 3.34697,
	3.98274 3.34356,
	3.97885 3.34112,
	3.9769 3.34015,
	3.973 3.33673,
	3.97105 3.33576,
	3.96326 3.32845,
	3.95692 3.32066,
	3.95351 3.31286,
	3.95156 3.30507,
	3.95108 3.29727,
	3.95108 3.29338,
	3.95302 3.28558,
	3.96618 3.2544,
	3.96861 3.24661,
	3.96959 3.24271,
	3.97349 3.23491,
	3.97836 3.21932,
	3.98664 3.18814,
	3.98908 3.18035,
	3.98956 3.17645,
	3.992 3.16866,
	3.99541 3.15307,
	3.99736 3.13748,
	3.99785 3.1063,
	3.99882 3.09071,
	3.99931 3.08291,
	3.99931 3.08096,
	4.00077 3.07706,
	4.00126 3.07512,
	4.00272 3.07317,
	4.00321 3.07122,
	4.00856 3.06342,
	4.01636 3.05758,
	4.03195 3.04783,
	4.03974 3.04345,
	4.04754 3.04004,
	4.06313 3.03176,
	4.07092 3.02932,
	4.07872 3.02835,
	4.09431 3.02932,
	4.1021 3.03273,
	4.11769 3.04345,
	4.13328 3.05563,
	4.14108 3.06099,
	4.14303 3.06196,
	4.144 3.06245,
	4.1518 3.05709,
	4.15569 3.05368,
	4.16349 3.04832,
	4.17128 3.04394,
	4.17908 3.04247,
	4.18687 3.04296,
	4.19077 3.04296,
	4.19857 3.04637,
	4.21416 3.04783,
	4.21805 3.04783,
	4.22585 3.04491,
	4.23364 3.04345,
	4.24923 3.04394,
	4.26482 3.04735,
	4.27262 3.05027,
	4.28041 3.05173,
	4.296 3.05271,
	4.3038 3.05319,
	4.31939 3.05173,
	4.32718 3.05027,
	4.33108 3.04978,
	4.34667 3.05271,
	4.36226 3.05124,
	4.37785 3.05076,
	4.38565 3.05124,
	4.38954 3.05076,
	4.39685 3.04345,
	4.40465 3.03809,
	4.41244 3.03614,
	4.42024 3.03565,
	4.43583 3.03955,
	4.44362 3.04101,
	4.45142 3.04101,
	4.45921 3.03955,
	4.46701 3.03565,
	4.4748 3.02981,
	4.4787 3.0264,
	4.48113 3.0225,
	4.48113 3.02153,
	4.48795 3.01373,
	4.49575 3.00788,
	4.51134 2.99814,
	4.51475 2.99424,
	4.51913 2.98645,
	4.52303 2.98304,
	4.53083 2.97865,
	4.54642 2.97427,
	4.56201 2.97086,
	4.5659 2.97037,
	4.5737 2.97183,
	4.58149 2.97524,
	4.58539 2.97719,
	4.60098 2.98742,
	4.61657 2.99912,
	4.62437 3.00545,
	4.63947 3.02104,
	4.65506 3.03517,
	4.66285 3.04101,
	4.67844 3.04978,
	4.69403 3.05417,
	4.70962 3.05465,
	4.72521 3.05319,
	4.73301 3.05222,
	4.7408 3.05027,
	4.75639 3.04442,
	4.77198 3.03614,
	4.80316 3.02104,
	4.81875 3.01276,
	4.82947 2.99717,
	4.84457 2.98158,
	4.86016 2.97135,
	4.86796 2.96647,
	4.87575 2.96453,
	4.89134 2.96355,
	4.92252 2.96404,
	4.93811 2.96258,
	4.94591 2.96063,
	4.9537 2.95624,
	4.9615 2.95332,
	4.9654 2.95235,
	4.99658 2.95186,
	5.02776 2.95235,
	5.04335 2.95429,
	5.05894 2.95722,
	5.06283 2.95722,
	5.07842 2.96111,
	5.08622 2.96355,
	5.09401 2.96696,
	5.09791 2.96891,
	5.10571 2.97573,
	5.11204 2.98353,
	5.11691 2.99132,
	5.11886 2.99522,
	5.12032 2.99717,
	5.12081 2.99912,
	5.12227 3.00106,
	5.12373 3.00886,
	5.12081 3.02445,
	5.11837 3.03224,
	5.11594 3.03614,
	5.11399 3.03809,
	5.11399 3.03906,
	5.10717 3.04686,
	5.09158 3.0605,
	5.08378 3.06781,
	5.08183 3.06927,
	5.07696 3.07706,
	5.07453 3.08096,
	5.06722 3.08876,
	5.05163 3.10191,
	5.04383 3.10824,
	5.02873 3.12383,
	5.02142 3.13163,
	5.01363 3.13845,
	4.99804 3.15014,
	4.98245 3.16086,
	4.97855 3.16135,
	4.97076 3.16573,
	4.96686 3.16817,
	4.95127 3.1823,
	4.94396 3.19009,
	4.93763 3.19789,
	4.93032 3.20568,
	4.92252 3.2125,
	4.90693 3.22127,
	4.90304 3.22176,
	4.89914 3.22322,
	4.89134 3.2242,
	4.88745 3.22468,
	4.87965 3.22712,
	4.87186 3.22761,
	4.86796 3.22761,
	4.86016 3.23102,
	4.85237 3.2354,
	4.84457 3.24173,
	4.82898 3.25635,
	4.81339 3.26609,
	4.8056 3.27096,
	4.79001 3.27681,
	4.78221 3.28217,
	4.77442 3.28655,
	4.76663 3.29191,
	4.73545 3.30799,
	4.72765 3.31335,
	4.71206 3.32602,
	4.70816 3.32894,
	4.70037 3.33284,
	4.69257 3.33771,
	4.68478 3.34404,
	4.67698 3.34891,
	4.66919 3.35574,
	4.65603 3.37133,
	4.65067 3.37912,
	4.64629 3.38692,
	4.64483 3.39081,
	4.64483 3.39861,
	4.6458 3.4064,
	4.6458 3.42199,
	4.64434 3.42979,
	4.64191 3.43758,
	4.63411 3.45317,
	4.62826 3.46097,
	4.62485 3.46486,
	4.6156 3.48045,
	4.61121 3.48825,
	4.60049 3.50384,
	4.59416 3.51163,
	4.59075 3.51553,
	4.58296 3.52138,
	4.57614 3.52917,
	4.5737 3.53307,
	4.5659 3.54087,
	4.55031 3.55207,
	4.54252 3.55646,
	4.53472 3.55938,
	4.51913 3.56133,
	4.51134 3.56425,
	4.49575 3.57253,
	4.48795 3.57789,
	4.47334 3.59348,
	4.46019 3.60907,
	4.4446 3.62417,
	4.42901 3.63343,
	4.42121 3.63782,
	4.41342 3.64123,
	4.40562 3.64269,
	4.37444 3.64512,
	4.35885 3.64464,
	4.35106 3.64317,
	4.34911 3.6422,
	4.34131 3.64171,
	4.33352 3.6383,
	4.32572 3.63294,
	4.32182 3.631,
	4.30623 3.61784,
	4.29064 3.60761,
	4.28285 3.60371,
	4.27505 3.60128,
	4.25946 3.59446,
	4.24387 3.5891,
	4.21269 3.58423,
	4.1971 3.58179,
	4.18152 3.57692,
	4.16593 3.57058,
	4.15813 3.56717,
	4.15034 3.56474,
	4.14254 3.55987,
	4.13913 3.55597,
	4.13475 3.54817,
	4.12792 3.54038,
	4.12013 3.53453,
	4.11623 3.5321,
	4.10844 3.52917,
	4.10064 3.52722,
	4.09674 3.52625,
	4.08895 3.52722,
	4.087 3.52722,
	4.07921 3.53015,
	4.07531 3.53258,
	4.05972 3.54817,
	4.05241 3.55597,
	4.04462 3.56279,
	4.03682 3.56766,
	4.02903 3.5701,
	4.02123 3.57058,
	4.01733 3.57107,
	4.00174 3.56961,
	3.99395 3.5662,
	3.97836 3.55743,
	3.96277 3.54525,
	3.95546 3.53746,
	3.95254 3.53356,
	3.95205 3.53161,
	3.95059 3.52966,
	3.9501 3.52771,
	3.94913 3.52674,
	3.94864 3.51894,
	3.94864 3.51504,
	3.94864 3.51358,
	"/>
</Transform>

<Transform dim="0"
 xcoef=" 0 1 0 0 0 0"
 ycoef=" 0 0 1 0 0 0">
<Contour name="d08c23b2" hidden="false" closed="true" simplified="true" border="1 0 0" fill="0 1 0" mode="9"
 points="5.40896 2.42054,
	5.42531 2.39637,
	5.4386 2.3859,
	5.46557 2.38193,
	5.4791 2.38165,
	5.50645 2.39471,
	5.51322 2.39457,
	5.52398 2.42158,
	5.52524 2.476,
	5.52217 2.48967,
	5.468 2.48738,
	5.44072 2.47774,
	5.42696 2.4678,
	5.4202 2.46794,
	5.40974 2.45454,
	5.40911 2.42733,
	5.40903 2.42394,
	"/>
<Contour name="d08cfa23b2" hidden="false" closed="false" simplified="false" border="0 1 1" fill="0 1 1" mode="9"
 points="5.5126 2.48027,
	5.47793 2.44355,
	5.45017 2.4135,
	5.40292 2.41786,
	"/>
<Contour name="d08" hidden="false" closed="true" simplified="true" border="1 0 0" fill="1 0 0" mode="9"
 points="5.10507 2.53294,
	5.11696 2.51624,
	5.1331 2.50769,
	5.19847 2.50635,
	5.23115 2.50568,
	5.2475 2.50535,
	5.31219 2.47524,
	5.3445 2.45813,
	5.36056 2.44546,
	5.37681 2.44102,
	5.39286 2.42834,
	5.45766 2.40234,
	5.46573 2.39807,
	5.491 2.43045,
	5.50763 2.44244,
	5.51322 2.50813,
	5.5099 2.54109,
	5.47788 2.57053,
	5.44557 2.58764,
	5.42952 2.6003,
	5.39703 2.60919,
	5.26639 2.61599,
	5.20102 2.61733,
	5.16834 2.618,
	5.13518 2.59811,
	5.10592 2.56993,
	5.10517 2.53704,
	"/>
</Transform>

<Transform dim="0"
 xcoef=" 0 1 0 0 0 0"
 ycoef=" 0 0 1 0 0 0">
<Contour name="d01ax17" comment="LK bouton trace named after cfa" hidden="false" closed="true" simplified="true" border="0 1 1" fill="0.502 1 1" mode="-9"
 points="5.18002 2.67952,
	5.19186 2.65585,
	5.20369 2.64549,
	5.20961 2.63958,
	5.22145 2.63366,
	5.24512 2.6307,
	5.25696 2.62922,
	5.2688 2.62478,
	5.28063 2.6233,
	5.28655 2.6233,
	5.29839 2.61886,
	5.34573 2.60998,
	5.35165 2.60703,
	5.35757 2.60703,
	5.36941 2.60259,
	5.37533 2.59963,
	5.399 2.59519,
	5.42267 2.58779,
	5.44635 2.57743,
	5.47002 2.57299,
	5.47594 2.57299,
	5.48777 2.57891,
	5.49221 2.58335,
	5.49813 2.58187,
	5.5218 2.58927,
	5.56915 2.6159,
	5.58099 2.62182,
	5.62833 2.6307,
	5.63425 2.63366,
	5.6816 2.63514,
	5.70527 2.63662,
	5.71711 2.63662,
	5.72303 2.63662,
	5.72895 2.63958,
	5.74078 2.6381,
	5.76446 2.62774,
	5.77629 2.62034,
	5.78221 2.6159,
	5.79405 2.61146,
	5.84139 2.61146,
	5.86507 2.61442,
	5.88874 2.62182,
	5.89466 2.6233,
	5.90058 2.62774,
	5.91241 2.6307,
	5.91537 2.63366,
	5.96272 2.6381,
	5.98639 2.63958,
	5.99823 2.64401,
	6.01007 2.64549,
	6.01303 2.64845,
	6.06037 2.64993,
	6.08405 2.64993,
	6.09588 2.65141,
	6.10772 2.65733,
	6.12399 2.681,
	6.12843 2.69284,
	6.12695 2.71651,
	6.12104 2.72835,
	6.11068 2.74019,
	6.09884 2.74907,
	6.08848 2.7609,
	6.06481 2.77718,
	6.05297 2.78458,
	6.04706 2.78901,
	6.0441 2.78901,
	6.03818 2.79345,
	6.03226 2.79493,
	6.02634 2.79937,
	5.979 2.81565,
	5.95532 2.826,
	5.93165 2.83044,
	5.8843 2.83488,
	5.86063 2.83932,
	5.81328 2.85412,
	5.78961 2.86151,
	5.77777 2.86595,
	5.77185 2.86891,
	5.74818 2.87187,
	5.70083 2.87187,
	5.60614 2.85707,
	5.58247 2.86003,
	5.55879 2.87039,
	5.53512 2.88963,
	5.48777 2.93401,
	5.47594 2.94585,
	5.4641 2.95473,
	5.46114 2.95473,
	5.45818 2.95769,
	5.43451 2.96213,
	5.41084 2.97248,
	5.399 2.97692,
	5.37533 2.97988,
	5.35165 2.97988,
	5.32798 2.96952,
	5.30431 2.95029,
	5.29691 2.93845,
	5.29839 2.91478,
	5.30135 2.90294,
	5.30135 2.87927,
	5.29839 2.8556,
	5.29099 2.83192,
	5.24364 2.79789,
	5.23181 2.79049,
	5.21257 2.76682,
	5.1963 2.74315,
	5.18298 2.71947,
	5.18002 2.6958,
	5.18002 2.68396,
	5.18002 2.681,
	"/>
</Transform>

<Transform dim="0"
 xcoef=" 0 1 0 0 0 0"
 ycoef=" 0 0 1 0 0 0">
<Contour name="d08ax23" comment="LK bouton trace named after cfa" hidden="false" closed="true" simplified="true" border="0 1 1" fill="0.502 1 1" mode="-9"
 points="5.42198 2.34242,
	5.42372 2.33776,
	5.42372 2.33543,
	5.42896 2.32612,
	5.43828 2.32146,
	5.44759 2.31796,
	5.46623 2.31272,
	5.47088 2.30981,
	5.47321 2.30748,
	5.48253 2.30224,
	5.49185 2.29467,
	5.4965 2.29002,
	5.50233 2.2807,
	5.5099 2.26207,
	5.51455 2.25275,
	5.52212 2.24344,
	5.52678 2.23994,
	5.53144 2.23528,
	5.54076 2.23063,
	5.54541 2.2283,
	5.55473 2.22655,
	5.57336 2.22597,
	5.59199 2.22713,
	5.60131 2.22771,
	5.61063 2.22713,
	5.61528 2.22655,
	5.61761 2.22655,
	5.62693 2.22364,
	5.64556 2.21374,
	5.65488 2.20908,
	5.65954 2.20675,
	5.66885 2.20442,
	5.68748 2.20384,
	5.6968 2.20442,
	5.70612 2.20617,
	5.71543 2.21025,
	5.72009 2.21258,
	5.72941 2.22015,
	5.73348 2.2248,
	5.73581 2.22946,
	5.73931 2.23412,
	5.74338 2.24344,
	5.74455 2.25275,
	5.74338 2.27138,
	5.74222 2.2807,
	5.74396 2.29933,
	5.74455 2.30865,
	5.74396 2.31796,
	5.74396 2.32029,
	5.74746 2.32961,
	5.74979 2.33893,
	5.74979 2.34824,
	5.74687 2.36687,
	5.74396 2.37619,
	5.74338 2.38085,
	5.74222 2.38318,
	5.74047 2.40181,
	5.73931 2.41113,
	5.73872 2.41578,
	5.72882 2.43442,
	5.72591 2.43907,
	5.71019 2.45771,
	5.70088 2.47634,
	5.69796 2.481,
	5.68923 2.48973,
	5.6869 2.49206,
	5.67759 2.4973,
	5.66827 2.50079,
	5.65895 2.50254,
	5.64032 2.50196,
	5.62169 2.49905,
	5.61237 2.49788,
	5.60772 2.49905,
	5.58908 2.51011,
	5.58675 2.51186,
	5.57744 2.5136,
	5.56812 2.51418,
	5.55881 2.5136,
	5.55415 2.51186,
	5.54949 2.50894,
	5.54076 2.50079,
	5.53726 2.49613,
	5.53319 2.48682,
	5.53028 2.46819,
	5.52853 2.45887,
	5.52503 2.44955,
	5.52329 2.4449,
	5.52038 2.44024,
	5.51863 2.43791,
	5.51397 2.435,
	5.51281 2.43383,
	5.50815 2.43209,
	5.50349 2.42918,
	5.49418 2.42102,
	5.48952 2.41695,
	5.47088 2.40647,
	5.46856 2.40589,
	5.4639 2.40239,
	5.45924 2.40064,
	5.44992 2.39424,
	5.43246 2.37677,
	5.42605 2.36746,
	5.4243 2.3628,
	5.42314 2.36047,
	5.42198 2.35115,
	5.42198 2.34649,
	5.42198 2.34417,
	5.42198 2.343,
	"/>
</Transform>

<Transform dim="0"
 xcoef=" 0 1 0 0 0 0"
 ycoef=" 0 0 1 0 0 0">
<Contour name="d08" hidden="false" closed="true" simplified="true" border="1 0 0" fill="1 0 0" mode="9"
 points="3.97868 2.25172,
	3.99427 2.2185,
	4.04596 2.15576,
	4.17509 2.08321,
	4.19884 2.04983,
	4.2148 2.03305,
	4.2472 2.02005,
	4.37784 2.01326,
	4.41052 2.01259,
	4.42686 2.01226,
	4.45983 2.02392,
	4.47627 2.02769,
	4.5097 2.05991,
	4.77126 2.05865,
	4.80394 2.05799,
	4.83643 2.04909,
	4.86912 2.04842,
	4.90162 2.03953,
	4.90979 2.03937,
	4.94294 2.05925,
	4.95557 2.07545,
	4.96117 2.14112,
	4.96155 2.15756,
	4.94967 2.17425,
	4.94635 2.20722,
	4.94264 2.22375,
	4.91452 2.24488,
	4.78388 2.25167,
	4.76754 2.25201,
	4.70302 2.29034,
	4.63832 2.32044,
	4.62217 2.329,
	4.59432 2.36247,
	4.57836 2.37924,
	4.56278 2.41246,
	4.5509 2.42915,
	4.5472 2.44567,
	4.53522 2.45826,
	4.53673 2.52402,
	4.54158 2.55682,
	4.55459 2.58945,
	4.55478 2.59767,
	4.62138 2.64976,
	4.65454 2.66964,
	4.68379 2.69783,
	4.68417 2.71427,
	4.68436 2.72249,
	4.65177 2.72727,
	4.61899 2.72383,
	4.60256 2.72005,
	4.59438 2.72022,
	4.52751 2.65579,
	4.51079 2.63969,
	4.37845 2.5725,
	4.34529 2.55261,
	4.27945 2.5334,
	4.24659 2.52585,
	4.21723 2.49356,
	4.19605 2.46109,
	4.19302 2.32957,
	4.18817 2.29677,
	4.15882 2.26448,
	4.14219 2.25248,
	4.07693 2.25793,
	4.06068 2.26237,
	4.02866 2.29181,
	3.99607 2.2966,
	3.97944 2.28459,
	3.97878 2.25583,
	"/>
</Transform>

<Transform dim="0"
 xcoef=" 0 1 0 0 0 0"
 ycoef=" 0 0 1 0 0 0">
<Contour name="d08ax23" comment="LK bouton trace named after cfa" hidden="false" closed="true" simplified="true" border="0 1 1" fill="0.502 1 1" mode="-9"
 points="4.43131 1.9931,
	4.43193 1.99063,
	4.43749 1.98074,
	4.44429 1.97146,
	4.45357 1.96343,
	4.45789 1.9591,
	4.45913 1.9591,
	4.46284 1.95601,
	4.47273 1.95168,
	4.48262 1.94983,
	4.49251 1.94921,
	4.49746 1.94921,
	4.51724 1.94488,
	4.52219 1.94364,
	4.52466 1.94364,
	4.53455 1.94055,
	4.5395 1.9387,
	4.54073 1.93746,
	4.55063 1.93375,
	4.55557 1.93066,
	4.55804 1.92881,
	4.56052 1.92819,
	4.56299 1.92633,
	4.56546 1.92572,
	4.56979 1.92263,
	4.57474 1.92077,
	4.57535 1.91953,
	4.59452 1.91273,
	4.60441 1.91088,
	4.60936 1.90964,
	4.64892 1.90902,
	4.65881 1.90902,
	4.6687 1.91088,
	4.68849 1.9183,
	4.69343 1.92139,
	4.70332 1.9251,
	4.70456 1.92633,
	4.71445 1.93004,
	4.71507 1.93128,
	4.71631 1.93128,
	4.71754 1.93252,
	4.71878 1.93252,
	4.72867 1.9387,
	4.72991 1.93994,
	4.73114 1.93994,
	4.75092 1.9523,
	4.77071 1.96281,
	4.79049 1.97023,
	4.80038 1.97332,
	4.80471 1.97579,
	4.80718 1.97641,
	4.80842 1.97641,
	4.8282 1.98754,
	4.83315 1.99063,
	4.84304 1.99866,
	4.84798 2.00299,
	4.85046 2.00423,
	4.85293 2.0067,
	4.86097 2.0135,
	4.8622 2.01597,
	4.86468 2.01845,
	4.86962 2.02834,
	4.87086 2.03081,
	4.87086 2.03205,
	4.87642 2.04194,
	4.87766 2.04441,
	4.87704 2.0543,
	4.87209 2.06419,
	4.86838 2.06914,
	4.86653 2.07161,
	4.86158 2.07409,
	4.85664 2.0747,
	4.85417 2.07594,
	4.8146 2.0778,
	4.80471 2.0778,
	4.79976 2.0778,
	4.7602 2.07038,
	4.75031 2.0679,
	4.74042 2.06729,
	4.73547 2.06729,
	4.72558 2.06914,
	4.72063 2.071,
	4.71074 2.071,
	4.69096 2.06852,
	4.68107 2.0679,
	4.66128 2.06914,
	4.6415 2.06852,
	4.63656 2.0679,
	4.63408 2.0679,
	4.63161 2.06667,
	4.61183 2.06296,
	4.60936 2.06234,
	4.60812 2.0611,
	4.60317 2.05987,
	4.59328 2.0543,
	4.58895 2.05183,
	4.57906 2.04874,
	4.57412 2.0475,
	4.53455 2.04874,
	4.52466 2.04936,
	4.4851 2.04689,
	4.4752 2.04441,
	4.46531 2.04008,
	4.45542 2.0339,
	4.45171 2.03019,
	4.44244 2.02092,
	4.4412 2.01907,
	4.43873 2.01659,
	4.43564 2.01165,
	4.4344 2.00917,
	4.43317 2.00794,
	4.43255 2.00547,
	4.43131 2.00423,
	4.43131 1.99434,
	4.43131 1.99372,
	"/>
</Transform>

<Transform dim="0"
 xcoef=" 0 1 0 0 0 0"
 ycoef=" 0 0 1 0 0 0">
<Contour name="d01c22ax03" hidden="false" closed="true" simplified="true" border="0 1 0" fill="0 1 0" mode="9"
 points="4.3936 4.31683,
	4.46667 4.23757,
	4.48524 4.21776,
	4.49391 4.20785,
	4.49762 4.20414,
	4.55459 4.28339,
	4.56945 4.30321,
	4.57564 4.31187,
	4.49639 4.38617,
	4.47657 4.40475,
	4.47162 4.4097,
	4.40475 4.33045,
	4.39732 4.32054,
	4.39484 4.31807,
	"/>
</Transform>

<Transform dim="6"
 xcoef=" -0.217286913022915 1.12699228527015 -0.00181297609165286 0 0 0"
 ycoef=" -1.3077900920832 0.0407570598963493 1.05309836949202 0 0 0">
<Image mag="0.00217507" contrast="1.15145" brightness="-0.09" red="true" green="true" blue="true"
 src="FHLTD.140.jpg" />
<Contour name="domain1" hidden="false" closed="true" simplified="false" border="1 0 1" fill="1 0 1" mode="11"
 points="0 0,
	4096 0,
	4096 4096,
	0 4096,
	"/>
</Transform>

<Transform dim="0"
 xcoef=" 0 1 0 0 0 0"
 ycoef=" 0 0 1 0 0 0">
<Contour name="d03c19ax10" hidden="false" closed="true" simplified="true" border="0 1 0" fill="0 1 0" mode="9"
 points="2.34651 3.15229,
	2.37504 3.02636,
	2.37897 3.0116,
	2.50491 3.07653,
	2.56788 3.109,
	2.57575 3.11293,
	2.60821 3.17492,
	2.63871 3.23789,
	2.64659 3.25363,
	2.52065 3.30577,
	2.51278 3.30872,
	2.38685 3.19164,
	2.35536 3.16213,
	2.34749 3.15524,
	2.34651 3.15327,
	"/>
</Transform>

<Transform dim="0"
 xcoef=" 0 1 0 0 0 0"
 ycoef=" 0 0 1 0 0 0">
<Contour name="d08c22ax30" hidden="false" closed="true" simplified="true" border="0 1 0" fill="0 1 0" mode="9"
 points="3.91492 3.28057,
	3.93388 3.16499,
	3.94291 3.10719,
	3.94788 3.0783,
	3.94833 3.07469,
	4.00612 3.07062,
	4.01335 3.07062,
	4.01696 3.07017,
	4.01786 3.07062,
	4.01244 3.12841,
	4.00973 3.15731,
	4.00838 3.17176,
	4.00612 3.18621,
	3.99167 3.244,
	3.98445 3.27289,
	3.98084 3.28734,
	3.97903 3.29456,
	3.97813 3.29818,
	3.97768 3.29998,
	3.97768 3.30089,
	3.97677 3.30134,
	3.91898 3.28328,
	3.91537 3.28237,
	3.91492 3.28102,
	"/>
</Transform>

</Section>