<?xml version="1.0"?>
<!DOCTYPE Section SYSTEM "section.dtd">

<Section index="226" thickness="0.045" alignLocked="true">
<Transform dim="6"
 xcoef=" -1.01977296037148 1.13414029255486 0.0615261511915548 0 0 0"
 ycoef=" -2.58901671495212 0.14090712450532 1.03868959267455 0 0 0">
<Image mag="0.00217507" contrast="1.06154" brightness="0.075" red="true" green="true" blue="true"
 src="FHLTD.226.jpg" />
<Contour name="domain1" hidden="false" closed="true" simplified="false" border="1 0 1" fill="1 0 1" mode="11"
 points="0 0,
	4096 0,
	4096 4096,
	0 4096,
	"/>
</Transform>

<Transform dim="6"
 xcoef=" 0.637874646431816 1.0081619887597 -0.021891705946757 0 0 0"
 ycoef=" 0.150292458085249 0.0132164509415794 0.986712221313614 0 0 0">
<Contour name="D05" hidden="false" closed="true" simplified="true" border="1 1 0" fill="1 1 0" mode="11"
 points="2.69299 3.97404,
	2.70475 3.90163,
	2.73888 3.83632,
	2.79205 3.78448,
	2.85904 3.7512,
	2.93329 3.73974,
	3.00755 3.7512,
	3.07454 3.78448,
	3.12771 3.83632,
	3.16184 3.90163,
	3.1736 3.97404,
	3.16184 4.04644,
	3.12771 4.11175,
	3.07454 4.16359,
	3.00755 4.19687,
	2.93329 4.20833,
	2.85904 4.19687,
	2.79205 4.16359,
	2.73888 4.11175,
	"/>
</Transform>

<Transform dim="6"
 xcoef=" 0.0378746464318156 1.0081619887597 -0.021891705946757 0 0 0"
 ycoef=" 0.000292458085248304 0.0132164509415794 0.986712221313614 0 0 0">
<Contour name="d01" hidden="false" closed="true" simplified="true" border="1 0.5 0" fill="1 0.5 0" mode="9"
 points="4.53905 4.87468,
	4.54437 4.85337,
	4.56036 4.83206,
	4.60298 4.80542,
	4.67224 4.72551,
	4.7042 4.68289,
	4.69355 4.66158,
	4.65092 4.62961,
	4.66158 4.58699,
	4.69355 4.54437,
	4.70953 4.52306,
	4.75215 4.51774,
	4.7628 4.51774,
	4.80542 4.55503,
	4.81075 4.56036,
	4.81075 4.53905,
	4.81608 4.53372,
	4.82141 4.57634,
	4.78411 4.74682,
	4.78944 4.83206,
	4.80542 4.9173,
	4.80542 4.95992,
	4.78944 5.00254,
	4.77346 5.08778,
	4.7628 5.10909,
	4.74149 5.11975,
	4.73084 5.12507,
	4.68822 5.10909,
	4.66691 5.08778,
	4.67224 5.06647,
	4.67224 5.05582,
	4.62961 5.03451,
	4.56568 4.94927,
	4.5497 4.92796,
	4.54437 4.92263,
	4.5497 4.90132,
	4.53905 4.88001,
	"/>
</Transform>

<Transform dim="6"
 xcoef=" 0.0378746464318156 1.0081619887597 -0.021891705946757 0 0 0"
 ycoef=" 0.000292458085248304 0.0132164509415794 0.986712221313614 0 0 0">
<Contour name="d01" hidden="false" closed="true" simplified="true" border="1 0.5 0" fill="1 0.5 0" mode="9"
 points="4.82267 5.23158,
	4.8311 5.21472,
	4.86482 5.20629,
	4.88169 5.20629,
	4.89855 5.21893,
	4.90698 5.2358,
	4.92384 5.24844,
	4.93227 5.28217,
	4.93227 5.34962,
	4.92806 5.35383,
	4.86482 5.2906,
	4.84796 5.29482,
	4.83953 5.29903,
	4.8311 5.29482,
	4.82688 5.26109,
	4.82267 5.24423,
	4.82267 5.2358,
	"/>
</Transform>

<Transform dim="6"
 xcoef=" 0.0378746464318156 1.0081619887597 -0.021891705946757 0 0 0"
 ycoef=" 0.000292458085248304 0.0132164509415794 0.986712221313614 0 0 0">
<Contour name="d01c43" hidden="false" closed="true" simplified="true" border="0 1 0" fill="0 1 0" mode="9"
 points="4.88605 5.21341,
	4.90231 5.20324,
	4.91858 5.20121,
	4.92671 5.20528,
	4.94095 5.23781,
	4.94705 5.24594,
	4.95111 5.26221,
	4.94908 5.27848,
	4.94705 5.28661,
	4.94298 5.29068,
	4.92671 5.27644,
	4.92468 5.26831,
	4.89825 5.23781,
	4.88605 5.22154,
	4.88605 5.21544,
	"/>
<Contour name="d01cfa43" hidden="false" closed="false" simplified="false" border="0 1 1" fill="0 1 1" mode="9"
 points="4.94227 5.28489,
	4.93617 5.26252,
	4.92803 5.24219,
	4.91583 5.22999,
	4.89753 5.20966,
	"/>
</Transform>

<Transform dim="6"
 xcoef=" 0.0378746464318156 1.0081619887597 -0.021891705946757 0 0 0"
 ycoef=" 0.000292458085248304 0.0132164509415794 0.986712221313614 0 0 0">
<Contour name="d06" hidden="false" closed="true" simplified="true" border="0 0 1" fill="0 0 1" mode="9"
 points="3.86635 7.08888,
	3.87657 7.06162,
	3.87657 7.03437,
	3.88679 7.00712,
	3.91404 6.98328,
	3.96854 6.95943,
	3.9958 6.95262,
	4.00942 6.9458,
	4.03667 6.95602,
	4.04008 7.01053,
	4.02305 7.03778,
	3.9958 7.06162,
	3.98217 7.06162,
	3.95492 7.07525,
	3.93448 7.09228,
	3.91745 7.11953,
	3.8902 7.14338,
	3.87657 7.14679,
	3.86635 7.13316,
	3.86635 7.10591,
	3.86635 7.09228,
	"/>
</Transform>

<Transform dim="6"
 xcoef=" 0.0378746464318156 1.0081619887597 -0.021891705946757 0 0 0"
 ycoef=" 0.000292458085248304 0.0132164509415794 0.986712221313614 0 0 0">
<Contour name="d07" hidden="false" closed="true" simplified="true" border="1 0 1" fill="1 0 1" mode="9"
 points="5.02403 7.32293,
	5.0603 7.31839,
	5.07844 7.32293,
	5.09658 7.34106,
	5.10564 7.3592,
	5.11471 7.36827,
	5.15099 7.36827,
	5.16006 7.3728,
	5.15552 7.40908,
	5.13285 7.44082,
	5.09658 7.47256,
	5.07844 7.48163,
	5.04216 7.48163,
	5.02403 7.47709,
	5.02403 7.332,
	5.02403 7.32746,
	"/>
<Contour name="d07" hidden="false" closed="true" simplified="true" border="1 0 1" fill="1 0 1" mode="9"
 points="4.40736 8.06202,
	4.42096 8.02575,
	4.4255 7.88065,
	4.4255 7.8081,
	4.4391 7.77182,
	4.49351 7.69928,
	4.54339 7.6358,
	4.57513 7.59952,
	4.59327 7.58138,
	4.66582 7.54057,
	4.73836 7.54057,
	4.77464 7.54057,
	4.79278 7.54511,
	4.81091 7.55871,
	4.81545 7.57685,
	4.82452 7.57685,
	4.85172 7.61312,
	4.86986 7.62219,
	4.90613 7.62673,
	4.94241 7.65393,
	4.95601 7.69021,
	4.96508 7.70834,
	5.00136 7.71741,
	5.03763 7.71741,
	5.05577 7.71741,
	5.06937 7.73102,
	5.06484 7.76729,
	5.05123 7.80357,
	5.02856 7.83531,
	4.99229 7.87158,
	4.98322 7.90785,
	4.98322 7.9804,
	4.95601 8.05295,
	4.94241 8.08923,
	4.87893 8.15271,
	4.84265 8.17991,
	4.80638 8.19352,
	4.73383 8.23886,
	4.66128 8.2706,
	4.64314 8.2842,
	4.63408 8.29327,
	4.56153 8.2706,
	4.48898 8.26607,
	4.4527 8.26153,
	4.43457 8.257,
	4.41643 8.23886,
	4.40736 8.22072,
	4.40736 8.07562,
	4.40736 8.06656,
	"/>
</Transform>

<Transform dim="6"
 xcoef=" 0.0378746464318156 1.0081619887597 -0.021891705946757 0 0 0"
 ycoef=" 0.000292458085248304 0.0132164509415794 0.986712221313614 0 0 0">
<Contour name="d07c38" hidden="false" closed="true" simplified="true" border="1 0 0" fill="0 1 0" mode="9"
 points="5.02633 7.30834,
	5.03743 7.29354,
	5.04483 7.28615,
	5.104 7.28615,
	5.1188 7.28985,
	5.14469 7.31204,
	5.16318 7.34163,
	5.14469 7.37121,
	5.13359 7.38601,
	5.104 7.38971,
	5.08921 7.38971,
	5.05962 7.37861,
	5.03003 7.35272,
	5.02633 7.32313,
	5.02633 7.31204,
	"/>
<Contour name="d07cfa38" hidden="false" closed="false" simplified="false" border="0 1 1" fill="0 1 1" mode="9"
 points="5.15612 7.35575,
	5.08955 7.32986,
	5.03037 7.32247,
	"/>
</Transform>

<Transform dim="6"
 xcoef=" 0.0178746464318156 1.0081619887597 -0.021891705946757 0 0 0"
 ycoef=" 0.000292458085248304 0.0132164509415794 0.986712221313614 0 0 0">
<Contour name="d01p42" hidden="false" closed="true" simplified="true" border="1 0 1" fill="1 0 1" mode="9"
 points="3.85913 5.6083,
	3.8615 5.59071,
	3.86839 5.57485,
	3.87911 5.56226,
	3.89263 5.55417,
	3.90761 5.55139,
	3.92259 5.55417,
	3.9361 5.56226,
	3.94683 5.57485,
	3.95371 5.59071,
	3.95609 5.6083,
	3.95371 5.62588,
	3.94683 5.64175,
	3.9361 5.65434,
	3.92259 5.66242,
	3.90761 5.66521,
	3.89263 5.66242,
	3.87911 5.65434,
	3.86839 5.64175,
	"/>
</Transform>

<Transform dim="6"
 xcoef=" 0.0378746464318156 1.0081619887597 -0.021891705946757 0 0 0"
 ycoef=" 0.000292458085248304 0.0132164509415794 0.986712221313614 0 0 0">
<Contour name="d01" hidden="false" closed="true" simplified="true" border="1 0.5 0" fill="1 0.5 0" mode="9"
 points="3.78787 5.59922,
	3.84114 5.51398,
	3.84647 5.49267,
	3.8518 5.48202,
	3.87311 5.47669,
	3.88909 5.43407,
	3.90507 5.41276,
	3.94769 5.38612,
	4.02761 5.34883,
	4.09686 5.26892,
	4.1821 5.22097,
	4.22472 5.20499,
	4.23538 5.21031,
	4.32062 5.19433,
	4.40586 5.19433,
	4.42717 5.19433,
	4.46979 5.16769,
	4.4911 5.15704,
	4.57634 5.19433,
	4.59765 5.20499,
	4.63494 5.24761,
	4.65092 5.26359,
	4.69355 5.26892,
	4.70953 5.29023,
	4.70953 5.33285,
	4.68289 5.37547,
	4.70953 5.41809,
	4.65092 5.50333,
	4.6456 5.49267,
	4.63494 5.50866,
	4.56036 5.58857,
	4.54437 5.60988,
	4.53372 5.69512,
	4.4911 5.70577,
	4.44848 5.70045,
	4.40586 5.72708,
	4.38455 5.73241,
	4.37389 5.73241,
	4.36324 5.75372,
	4.34193 5.75905,
	4.32595 5.77503,
	4.24071 5.807,
	4.2194 5.82298,
	4.19809 5.82831,
	4.17145 5.87093,
	4.15547 5.89224,
	4.15014 5.92953,
	4.13416 5.95084,
	4.09154 5.94551,
	4.07023 5.92953,
	4.02761 5.95084,
	4.0063 5.96682,
	3.96367 5.95084,
	3.93704 5.90822,
	3.92638 5.89756,
	3.92638 5.87625,
	3.89974 5.83363,
	3.89974 5.79101,
	3.88909 5.74839,
	3.88909 5.72708,
	3.90507 5.68446,
	3.9104 5.67381,
	3.89974 5.63119,
	3.85712 5.62586,
	3.83581 5.61521,
	3.79319 5.60988,
	3.78787 5.60455,
	"/>
</Transform>

<Transform dim="6"
 xcoef=" 0.0378746464318156 1.0081619887597 -0.021891705946757 0 0 0"
 ycoef=" 0.000292458085248304 0.0132164509415794 0.986712221313614 0 0 0">
<Contour name="d01p42" hidden="false" closed="true" simplified="true" border="1 0 1" fill="1 0 1" mode="9"
 points="3.87913 5.6083,
	3.8815 5.59071,
	3.88839 5.57485,
	3.89911 5.56226,
	3.91263 5.55417,
	3.92761 5.55139,
	3.94259 5.55417,
	3.9561 5.56226,
	3.96683 5.57485,
	3.97371 5.59071,
	3.97609 5.6083,
	3.97371 5.62588,
	3.96683 5.64175,
	3.9561 5.65434,
	3.94259 5.66242,
	3.92761 5.66521,
	3.91263 5.66242,
	3.89911 5.65434,
	3.88839 5.64175,
	"/>
</Transform>

<Transform dim="0"
 xcoef=" 0 1 0 0 0 0"
 ycoef=" 0 0 1 0 0 0">
<Contour name="ax14" comment="LK bouton trace named after cfa" hidden="false" closed="true" simplified="true" border="0 1 1" fill="0.502 1 1" mode="9"
 points="3.42797 2.82893,
	3.43069 2.81804,
	3.43546 2.80714,
	3.43818 2.8017,
	3.44363 2.79693,
	3.45452 2.79353,
	3.46541 2.79216,
	3.47631 2.78399,
	3.48516 2.7731,
	3.49061 2.76765,
	3.49401 2.75676,
	3.49469 2.7554,
	3.49673 2.75199,
	3.50695 2.74519,
	3.51171 2.74246,
	3.51648 2.73838,
	3.52397 2.72817,
	3.53486 2.72068,
	3.53758 2.72,
	3.53826 2.71863,
	3.54099 2.71795,
	3.54371 2.71591,
	3.54916 2.71455,
	3.55052 2.71319,
	3.55324 2.71251,
	3.5546 2.71183,
	3.57639 2.70774,
	3.59818 2.7091,
	3.59954 2.7091,
	3.60499 2.71319,
	3.60907 2.71863,
	3.61179 2.72136,
	3.61452 2.7268,
	3.6152 2.73225,
	3.61452 2.7377,
	3.60703 2.74859,
	3.6043 2.75131,
	3.60158 2.75268,
	3.59613 2.75812,
	3.59273 2.76357,
	3.59137 2.76629,
	3.59613 2.77719,
	3.59818 2.78263,
	3.5975 2.78808,
	3.5866 2.79625,
	3.57571 2.80033,
	3.57299 2.80033,
	3.57162 2.8017,
	3.57026 2.8017,
	3.5689 2.80306,
	3.56754 2.80306,
	3.56277 2.8085,
	3.56414 2.81395,
	3.57026 2.82484,
	3.57299 2.82689,
	3.58388 2.82893,
	3.59477 2.82961,
	3.60567 2.83233,
	3.62745 2.84118,
	3.64924 2.84595,
	3.67103 2.84867,
	3.67647 2.84867,
	3.68737 2.84527,
	3.69826 2.84323,
	3.72005 2.83438,
	3.73094 2.82825,
	3.74183 2.82076,
	3.74728 2.81667,
	3.75817 2.81327,
	3.76362 2.81191,
	3.76634 2.81055,
	3.77724 2.81055,
	3.78268 2.81123,
	3.78813 2.81327,
	3.79358 2.81395,
	3.80447 2.81804,
	3.82626 2.82893,
	3.84804 2.83369,
	3.85349 2.83438,
	3.87528 2.83029,
	3.89706 2.8228,
	3.90796 2.81804,
	3.91885 2.81463,
	3.92157 2.81327,
	3.94336 2.81531,
	3.95425 2.81599,
	3.96515 2.82008,
	3.97604 2.82621,
	3.98557 2.8371,
	3.98625 2.84255,
	3.98557 2.84799,
	3.98353 2.85344,
	3.98217 2.85616,
	3.97128 2.86569,
	3.96583 2.87114,
	3.95494 2.87863,
	3.93383 2.90042,
	3.92362 2.91131,
	3.91272 2.92084,
	3.89094 2.93105,
	3.88004 2.9365,
	3.86915 2.94331,
	3.85826 2.94876,
	3.85281 2.9508,
	3.84192 2.95216,
	3.79834 2.95012,
	3.77656 2.95216,
	3.77111 2.95284,
	3.74932 2.96101,
	3.74388 2.96373,
	3.73298 2.96578,
	3.72209 2.96646,
	3.7112 2.96578,
	3.68941 2.95625,
	3.67852 2.95216,
	3.66762 2.95012,
	3.65673 2.94671,
	3.64584 2.94467,
	3.64107 2.94331,
	3.61928 2.96101,
	3.61384 2.96442,
	3.59205 2.96646,
	3.58116 2.9685,
	3.57026 2.97259,
	3.54848 2.9719,
	3.53758 2.96986,
	3.52669 2.96646,
	3.52124 2.96373,
	3.51035 2.95488,
	3.5049 2.94944,
	3.49401 2.94399,
	3.48856 2.94127,
	3.47767 2.9331,
	3.47358 2.92765,
	3.46814 2.92288,
	3.46269 2.91948,
	3.4518 2.91744,
	3.44635 2.91608,
	3.43546 2.90723,
	3.43137 2.90178,
	3.42933 2.89633,
	3.42933 2.87455,
	3.43137 2.86365,
	3.43137 2.86093,
	3.42865 2.85548,
	3.42797 2.83369,
	3.42797 2.83097,
	3.42797 2.82961,
	"/>
</Transform>

<Transform dim="0"
 xcoef=" 0 1 0 0 0 0"
 ycoef=" 0 0 1 0 0 0">
<Contour name="d06" hidden="false" closed="true" simplified="true" border="0 0 1" fill="0 0 1" mode="9"
 points="2.8858 7.34218,
	2.90209 7.31433,
	2.92116 7.25884,
	2.97453 7.22706,
	3.08165 7.18075,
	3.12099 7.12497,
	3.13728 7.09714,
	3.18682 7.04469,
	3.2194 6.98902,
	3.23232 6.96123,
	3.25536 6.9333,
	3.30874 6.90151,
	3.33553 6.8908,
	3.38958 6.89007,
	3.44318 6.86864,
	3.55119 6.86374,
	3.60524 6.86301,
	3.61867 6.85939,
	3.63196 6.84885,
	3.68571 6.83432,
	3.71258 6.82706,
	3.73923 6.80944,
	3.76228 6.78151,
	3.77856 6.75367,
	3.80169 6.7292,
	3.83426 6.67352,
	3.83623 6.45255,
	3.85252 6.42471,
	3.87932 6.41399,
	3.98741 6.41255,
	4.04145 6.41182,
	4.0684 6.40801,
	4.09565 6.418,
	4.10608 6.43167,
	4.10638 6.44547,
	4.08671 6.47336,
	4.07343 6.4839,
	4.07065 6.51155,
	4.07095 6.52535,
	4.00579 6.6367,
	3.9895 6.66454,
	3.95474 6.77548,
	3.93229 6.83102,
	3.9031 6.88665,
	3.85363 6.94255,
	3.82713 6.96707,
	3.82052 6.97406,
	3.81376 6.97415,
	3.80716 6.98114,
	3.80041 6.98123,
	3.74733 7.02683,
	3.70462 7.08264,
	3.64621 7.1939,
	3.62377 7.24943,
	3.56198 7.36074,
	3.54231 7.38862,
	3.53586 7.40251,
	3.48639 7.45842,
	3.45996 7.48639,
	3.44661 7.49347,
	3.39263 7.49765,
	3.33844 7.49147,
	3.28401 7.47493,
	3.27035 7.46821,
	3.21631 7.46893,
	3.16271 7.49037,
	3.05469 7.49527,
	3.00064 7.49599,
	2.94638 7.48636,
	2.91898 7.46946,
	2.89481 7.44562,
	2.88745 7.41811,
	2.88625 7.36288,
	2.88595 7.34908,
	2.88588 7.34562,
	"/>
</Transform>

<Transform dim="0"
 xcoef=" 0 1 0 0 0 0"
 ycoef=" 0 0 1 0 0 0">
<Contour name="ax17" comment="LK bouton trace named after cfa" hidden="false" closed="true" simplified="true" border="0 1 1" fill="0.502 1 1" mode="9"
 points="2.70273 7.35715,
	2.70924 7.34412,
	2.7125 7.3376,
	2.72228 7.32457,
	2.74753 7.29932,
	2.76463 7.27325,
	2.77848 7.24718,
	2.78255 7.24067,
	2.78907 7.23496,
	2.81514 7.21704,
	2.82817 7.20808,
	2.8298 7.20646,
	2.83306 7.20564,
	2.83469 7.20564,
	2.84772 7.19749,
	2.85424 7.19261,
	2.86157 7.17957,
	2.86727 7.16654,
	2.87053 7.16002,
	2.8803 7.14699,
	2.886 7.14129,
	2.89904 7.13559,
	2.9251 7.12011,
	2.92755 7.11685,
	2.92836 7.10382,
	2.9308 7.0973,
	2.94384 7.08671,
	2.9699 7.06961,
	2.97642 7.06472,
	3.00249 7.04028,
	3.01552 7.03214,
	3.02204 7.02807,
	3.0481 7.01911,
	3.05462 7.01829,
	3.06765 7.01259,
	3.07417 7.01014,
	3.08068 7.00607,
	3.0872 6.99956,
	3.09127 6.99304,
	3.10023 6.96697,
	3.10431 6.95394,
	3.10675 6.94091,
	3.10756 6.92787,
	3.10838 6.92136,
	3.10919 6.9181,
	3.11408 6.91158,
	3.1149 6.90832,
	3.12793 6.90588,
	3.13445 6.90425,
	3.1377 6.90181,
	3.14015 6.88877,
	3.13852 6.88226,
	3.13852 6.87574,
	3.14259 6.86923,
	3.14829 6.86352,
	3.15155 6.86027,
	3.16458 6.85293,
	3.17029 6.84642,
	3.17517 6.83338,
	3.1768 6.82035,
	3.1768 6.81383,
	3.18088 6.8008,
	3.18658 6.79429,
	3.19309 6.79103,
	3.21916 6.79184,
	3.22568 6.79429,
	3.22894 6.79591,
	3.23545 6.80243,
	3.24441 6.81546,
	3.24523 6.81709,
	3.24278 6.83013,
	3.23952 6.83664,
	3.23464 6.84316,
	3.23138 6.8456,
	3.20531 6.85212,
	3.20368 6.85212,
	3.20043 6.85456,
	3.1988 6.85619,
	3.19717 6.86271,
	3.1988 6.87574,
	3.20613 6.90181,
	3.20857 6.90832,
	3.21264 6.91484,
	3.22486 6.92706,
	3.23138 6.93276,
	3.23627 6.93928,
	3.23545 6.95231,
	3.23545 6.95883,
	3.23301 6.97186,
	3.23138 6.97838,
	3.22568 6.99141,
	3.22242 6.99793,
	3.21183 7.01014,
	3.1988 7.01829,
	3.18576 7.02888,
	3.18169 7.0354,
	3.17029 7.06146,
	3.16296 7.0745,
	3.14422 7.10056,
	3.13363 7.11359,
	3.12874 7.12011,
	3.11653 7.13314,
	3.11327 7.1364,
	3.11001 7.13803,
	3.09698 7.14944,
	3.07417 7.17469,
	3.0481 7.19668,
	3.03507 7.20483,
	3.02204 7.21134,
	3.01552 7.2146,
	2.98945 7.2203,
	2.97642 7.22356,
	2.96339 7.22519,
	2.95035 7.22845,
	2.94384 7.23089,
	2.93732 7.23496,
	2.93406 7.23822,
	2.92755 7.25126,
	2.92184 7.27732,
	2.92184 7.28058,
	2.9194 7.2871,
	2.91044 7.30013,
	2.89985 7.31316,
	2.88682 7.3262,
	2.8803 7.33271,
	2.87378 7.3376,
	2.86727 7.34412,
	2.85424 7.35471,
	2.84772 7.35959,
	2.84446 7.36285,
	2.83143 7.37018,
	2.82491 7.37426,
	2.79884 7.38566,
	2.77278 7.39299,
	2.74671 7.39462,
	2.73368 7.39543,
	2.72065 7.39299,
	2.71413 7.39055,
	2.70843 7.38484,
	2.70273 7.35878,
	2.70273 7.35796,
	"/>
</Transform>

</Section>