<?xml version="1.0"?>
<!DOCTYPE Section SYSTEM "section.dtd">

<Section index="110" thickness="0.045" alignLocked="true">
<Transform dim="0"
 xcoef=" 0 1 0 0 0 0"
 ycoef=" 0 0 1 0 0 0">
<Contour name="D04" hidden="false" closed="true" simplified="true" border="1 0 0" fill="1 0 0" mode="11"
 points="3.50842 6.07043,
	3.51126 6.03153,
	3.51975 5.99335,
	3.53373 5.95673,
	3.55289 5.92245,
	3.57683 5.89128,
	3.60499 5.86389,
	3.63677 5.84088,
	3.6715 5.82275,
	3.70839 5.8099,
	3.74666 5.8026,
	3.78546 5.80102,
	3.82395 5.8052,
	3.86129 5.81503,
	3.89665 5.83031,
	3.92929 5.8507,
	3.95847 5.87576,
	3.98356 5.90493,
	4.00402 5.9376,
	4.0194 5.97303,
	4.02936 6.01046,
	4.0337 6.04907,
	4.0323 6.08802,
	4.02521 6.12647,
	4.01258 6.16355,
	3.99467 6.1985,
	3.97189 6.23051,
	3.94473 6.2589,
	3.91379 6.28306,
	3.87973 6.30245,
	3.8433 6.31665,
	3.8053 6.32535,
	3.76655 6.32837,
	3.72791 6.32563,
	3.69021 6.31719,
	3.65428 6.30325,
	3.62089 6.2841,
	3.59079 6.26016,
	3.56461 6.23196,
	3.54294 6.2001,
	3.52625 6.1653,
	3.51491 6.12829,
	"/>
<Contour name="D05" hidden="false" closed="true" simplified="true" border="1 1 0" fill="1 1 0" mode="11"
 points="2.44061 4.3056,
	2.45235 4.23324,
	2.48655 4.16744,
	2.53988 4.11464,
	2.6071 4.08001,
	2.68162 4.06695,
	2.75619 4.07671,
	2.82347 4.10836,
	2.8769 4.15881,
	2.91122 4.22308,
	2.9231 4.29493,
	2.91136 4.36729,
	2.87716 4.43308,
	2.82384 4.48589,
	2.75662 4.52052,
	2.68208 4.53358,
	2.60753 4.52382,
	2.54024 4.49216,
	2.48681 4.44172,
	"/>
<Contour name="d01" hidden="false" closed="true" simplified="true" border="1 0.5 0" fill="1 0.5 0" mode="9"
 points="5.92951 4.06567,
	5.94999 4.01093,
	5.97049 3.98334,
	6.02521 3.98891,
	6.07997 4.02163,
	6.1279 4.06807,
	6.1416 4.0949,
	6.13482 4.14934,
	6.10747 4.16351,
	6.05274 4.16472,
	6.03907 4.16503,
	5.98439 4.22052,
	5.97073 4.23439,
	5.95705 4.2347,
	5.9365 4.20801,
	5.92955 4.09959,
	5.92952 4.07246,
	"/>
<Contour name="d01" hidden="false" closed="true" simplified="true" border="1 0.5 0" fill="1 0.5 0" mode="9"
 points="5.30066 3.93931,
	5.32204 3.92822,
	5.33272 3.90677,
	5.3755 3.90052,
	5.4183 3.91549,
	5.46109 3.91454,
	5.48248 3.91407,
	5.49318 3.91383,
	5.50924 3.9347,
	5.51461 3.9558,
	5.48256 3.99895,
	5.45584 4.02607,
	5.41307 4.04293,
	5.39704 4.0592,
	5.39171 4.08054,
	5.37034 4.09693,
	5.36499 4.09175,
	5.37567 4.08089,
	5.37028 4.03857,
	5.35957 4.01759,
	5.33816 4.00215,
	5.32745 3.99177,
	5.31676 3.992,
	5.30069 3.97114,
	5.30067 3.94992,
	5.30067 3.94462,
	"/>
<Contour name="d02" hidden="false" closed="true" simplified="true" border="0.5 0 1" fill="0.5 0 1" mode="9"
 points="5.45743 5.7077,
	5.49199 5.69407,
	5.50928 5.69369,
	5.51793 5.6935,
	5.53523 5.70598,
	5.56981 5.7095,
	5.5828 5.72637,
	5.58283 5.76067,
	5.55261 5.79563,
	5.53533 5.8046,
	5.51804 5.80498,
	5.50073 5.7925,
	5.48344 5.78859,
	5.46614 5.77611,
	5.45746 5.742,
	5.45744 5.71199,
	"/>
<Contour name="d02" hidden="false" closed="true" simplified="true" border="0.5 0 1" fill="0.5 0 1" mode="9"
 points="5.06304 6.05625,
	5.07618 6.02986,
	5.09588 6.00333,
	5.10902 5.99325,
	5.16164 5.99209,
	5.18794 5.99477,
	5.2011 5.99774,
	5.22414 6.02006,
	5.23073 6.03296,
	5.23075 6.05906,
	5.25379 6.08139,
	5.2801 6.0808,
	5.29325 6.08051,
	5.29982 6.08037,
	5.30642 6.08674,
	5.30644 6.11284,
	5.30645 6.12588,
	5.29331 6.13922,
	5.26702 6.15285,
	5.21441 6.16706,
	5.16181 6.16823,
	5.13549 6.16554,
	5.12234 6.15931,
	5.09929 6.13699,
	5.08613 6.12423,
	5.07295 6.09843,
	5.06637 6.08553,
	5.06305 6.0595,
	"/>
<Contour name="d02" hidden="false" closed="true" simplified="true" border="0.5 0 1" fill="0.5 0 1" mode="9"
 points="3.16277 6.45942,
	3.16517 6.44017,
	3.16757 6.43053,
	3.17724 6.42313,
	3.19658 6.4251,
	3.20625 6.42967,
	3.21108 6.43437,
	3.24976 6.43591,
	3.25702 6.44294,
	3.25703 6.45253,
	3.24253 6.46484,
	3.22321 6.47486,
	3.21355 6.48226,
	3.17489 6.49751,
	3.17005 6.49762,
	3.16279 6.48819,
	3.16278 6.46901,
	3.16277 6.46181,
	"/>
<Contour name="d02" hidden="false" closed="true" simplified="true" border="0.5 0 1" fill="0.5 0 1" mode="9"
 points="5.65455 7.01491,
	5.66827 6.97823,
	5.67742 6.95984,
	5.70949 6.93184,
	5.70489 6.92285,
	5.71405 6.90445,
	5.73239 6.91769,
	5.80578 6.94335,
	5.82414 6.96114,
	5.81958 6.99762,
	5.80126 7.01622,
	5.7646 7.02612,
	5.74626 7.03108,
	5.71878 7.06351,
	5.70047 7.08211,
	5.68213 7.08707,
	5.66378 7.07383,
	5.6546 7.06493,
	5.65457 7.02856,
	5.65456 7.01947,
	"/>
<Contour name="d02c08" hidden="false" closed="true" simplified="true" border="0 1 0" fill="0 1 0" mode="9"
 points="5.51355 5.78668,
	5.52611 5.7775,
	5.52788 5.74897,
	5.53146 5.74533,
	5.54582 5.74145,
	5.5494 5.73425,
	5.54938 5.72,
	5.55477 5.71276,
	5.56912 5.71423,
	5.57452 5.71767,
	5.57991 5.73179,
	5.57815 5.76032,
	5.57456 5.76397,
	5.57457 5.76752,
	5.56381 5.78201,
	5.54946 5.7948,
	5.5351 5.80045,
	5.52793 5.80239,
	5.52433 5.80247,
	5.51715 5.79551,
	5.51355 5.78846,
	"/>
<Contour name="d02cfa08" hidden="false" closed="false" simplified="false" border="0 1 1" fill="0 1 1" mode="9"
 points="5.56693 5.71396,
	5.56873 5.72282,
	5.56695 5.74245,
	5.56338 5.75855,
	5.5598 5.76753,
	5.54546 5.78387,
	5.51853 5.78981,
	"/>
<Contour name="d03" hidden="false" closed="true" simplified="true" border="0 1 0" fill="0 1 0" mode="9"
 points="3.07261 3.15057,
	3.08735 3.11114,
	3.09719 3.09136,
	3.10824 3.05201,
	3.11192 3.03238,
	3.11437 3.02255,
	3.11557 2.98341,
	3.11429 2.94434,
	3.11305 2.9248,
	3.11181 2.91506,
	3.11057 2.9102,
	3.13271 2.8706,
	3.15854 2.83093,
	3.16469 2.82101,
	3.16715 2.81607,
	3.16962 2.81356,
	3.24846 2.80571,
	3.28787 2.79873,
	3.30759 2.79463,
	3.31743 2.79318,
	3.35683 2.76421,
	3.36546 2.75668,
	3.39498 2.71692,
	3.40975 2.69704,
	3.41713 2.6871,
	3.4282 2.6673,
	3.43435 2.65739,
	3.43804 2.65242,
	3.47746 2.64789,
	3.51691 2.67145,
	3.52677 2.67735,
	3.5317 2.67968,
	3.57113 2.68614,
	3.59085 2.69059,
	3.63028 2.69217,
	3.64999 2.69295,
	3.68941 2.68597,
	3.70912 2.68431,
	3.72883 2.6851,
	3.73994 2.70318,
	3.71533 2.74284,
	3.70919 2.75275,
	3.70673 2.76257,
	3.70431 2.80173,
	3.68105 2.95869,
	3.68355 2.99774,
	3.68356 3.00752,
	3.64416 3.03405,
	3.60476 3.05813,
	3.58506 3.0708,
	3.57521 3.07712,
	3.57028 3.07968,
	3.55059 3.09845,
	3.54074 3.10844,
	3.53582 3.11344,
	3.4964 3.12531,
	3.47669 3.13185,
	3.46685 3.13452,
	3.38804 3.17659,
	3.37819 3.18169,
	3.35847 3.18091,
	3.34861 3.17991,
	3.3092 3.19789,
	3.28951 3.20933,
	3.25012 3.24808,
	3.23042 3.26807,
	3.2255 3.27306,
	3.18609 3.28616,
	3.18116 3.28749,
	3.14172 3.27492,
	3.1035 3.24521,
	3.08375 3.20654,
	3.07632 3.1676,
	3.07385 3.15787,
	3.07261 3.15302,
	3.07261 3.15179,
	"/>
<Contour name="d03" hidden="false" closed="true" simplified="true" border="0 1 0" fill="0 1 0" mode="9"
 points="3.52805 2.16751,
	3.54073 2.14203,
	3.56293 2.11635,
	3.57562 2.10346,
	3.62638 2.06769,
	3.64859 2.05146,
	3.65495 2.05446,
	3.65817 2.10479,
	3.65503 2.13005,
	3.65187 2.14272,
	3.63284 2.16835,
	3.62968 2.18101,
	3.60747 2.2067,
	3.59478 2.21643,
	3.56938 2.22329,
	3.55668 2.22357,
	3.53126 2.20208,
	3.52806 2.17696,
	3.52806 2.17067,
	"/>
<Contour name="d06" hidden="false" closed="true" simplified="true" border="0 0 1" fill="0 0 1" mode="9"
 points="1.40668 6.76614,
	1.41506 6.75763,
	1.41786 6.75203,
	1.50738 6.75004,
	1.55215 6.7546,
	1.57454 6.76798,
	1.58574 6.77329,
	1.59693 6.77304,
	1.60531 6.76453,
	1.69483 6.75977,
	1.71722 6.76205,
	1.76202 6.80269,
	1.77322 6.81353,
	1.79562 6.82414,
	1.81521 6.84314,
	1.82641 6.84844,
	1.83201 6.85386,
	1.83205 6.89826,
	1.83487 6.92041,
	1.83488 6.92596,
	1.85727 6.93933,
	1.90207 6.97997,
	1.91048 6.99088,
	1.9105 7.01308,
	1.91051 7.02418,
	1.9301 7.03208,
	1.9413 7.04015,
	1.96369 7.04244,
	1.97488 7.05051,
	1.98607 7.05304,
	2.00568 7.06925,
	2.05045 7.07382,
	2.13996 7.07184,
	2.15116 7.07159,
	2.17355 7.08219,
	2.19315 7.09842,
	2.20434 7.10094,
	2.22672 7.0949,
	2.2379 7.0891,
	2.32742 7.08434,
	2.34979 7.07274,
	2.43928 7.04024,
	2.48404 7.03369,
	2.50642 7.03598,
	2.52879 7.02161,
	2.61831 7.01685,
	2.62951 7.0166,
	2.71897 6.9619,
	2.73855 6.94759,
	2.74973 6.93624,
	2.8392 6.88709,
	2.88395 6.87222,
	2.90632 6.86063,
	2.9147 6.84934,
	2.95945 6.83448,
	3.04897 6.82972,
	3.07136 6.83477,
	3.08255 6.84008,
	3.09656 6.85919,
	3.10217 6.87017,
	3.10499 6.89231,
	3.11339 6.90045,
	3.13577 6.89996,
	3.15536 6.91339,
	3.15541 6.9578,
	3.14984 6.98012,
	3.15265 7.00225,
	3.17226 7.02403,
	3.17786 7.035,
	3.17511 7.07946,
	3.17232 7.09063,
	3.16674 7.0963,
	3.12478 7.11111,
	3.12486 7.19991,
	3.12488 7.2221,
	3.11931 7.24443,
	3.11652 7.2556,
	3.09696 7.2699,
	3.05221 7.29032,
	3.02985 7.30469,
	3.00747 7.31351,
	2.9851 7.31678,
	2.89555 7.29933,
	2.7165 7.30329,
	2.69694 7.3176,
	2.68018 7.34018,
	2.65781 7.35732,
	2.64663 7.36034,
	2.60189 7.38908,
	2.55712 7.39007,
	2.54593 7.39032,
	2.52356 7.40192,
	2.51237 7.40217,
	2.50678 7.40229,
	2.46477 7.36159,
	2.41998 7.3265,
	2.40038 7.30751,
	2.39477 7.30209,
	2.37239 7.29426,
	2.35 7.29197,
	2.30521 7.26244,
	2.26043 7.23846,
	2.23803 7.21675,
	2.21563 7.20615,
	2.20444 7.20362,
	2.19324 7.19276,
	2.10368 7.15867,
	2.05891 7.14301,
	2.01414 7.13845,
	1.99176 7.13894,
	1.94698 7.12606,
	1.92459 7.11823,
	1.90221 7.11595,
	1.85742 7.09752,
	1.81266 7.09295,
	1.76788 7.07729,
	1.74548 7.06391,
	1.73429 7.05861,
	1.71469 7.03684,
	1.68666 6.99306,
	1.68106 6.98209,
	1.63906 6.94139,
	1.61667 6.928,
	1.57189 6.9179,
	1.54949 6.90729,
	1.5383 6.89644,
	1.49351 6.87523,
	1.47113 6.8674,
	1.44874 6.86512,
	1.42635 6.85451,
	1.40675 6.83552,
	1.4067 6.79112,
	1.40668 6.76892,
	"/>
<Contour name="d06" hidden="false" closed="true" simplified="true" border="0 0 1" fill="0 0 1" mode="9"
 points="3.73126 6.47606,
	3.74244 6.46471,
	3.76481 6.45312,
	3.77599 6.44732,
	3.79556 6.42468,
	3.82069 6.37972,
	3.82627 6.36851,
	3.84863 6.34858,
	3.85982 6.33723,
	3.90458 6.33347,
	3.92695 6.33298,
	3.94933 6.32138,
	3.96051 6.32113,
	3.9717 6.31534,
	3.98567 6.2956,
	3.99126 6.28437,
	4.00243 6.27302,
	4.02482 6.26976,
	4.036 6.26951,
	4.08079 6.2935,
	4.09199 6.30435,
	4.11438 6.31773,
	4.13119 6.33955,
	4.13959 6.35047,
	4.14244 6.39481,
	4.14246 6.41701,
	4.14246 6.42256,
	4.11174 6.46486,
	4.067 6.49361,
	4.04463 6.51075,
	4.02226 6.52235,
	4.01107 6.52815,
	3.96632 6.53191,
	3.94394 6.53796,
	3.93276 6.54376,
	3.84323 6.54296,
	3.82085 6.54068,
	3.77607 6.5278,
	3.76488 6.52804,
	3.74249 6.51189,
	3.73127 6.48994,
	3.73126 6.47884,
	"/>
<Contour name="d06c13" hidden="false" closed="true" simplified="true" border="0 1 0" fill="0 1 0" mode="9"
 points="1.43366 6.72148,
	1.53661 6.71602,
	1.56234 6.71545,
	1.61383 6.73346,
	1.66532 6.74189,
	1.68786 6.76373,
	1.66536 6.78656,
	1.6525 6.79643,
	1.54955 6.7987,
	1.49808 6.79665,
	1.47234 6.79403,
	1.44658 6.77226,
	1.44013 6.75964,
	1.43369 6.7534,
	1.43367 6.72786,
	1.43366 6.72468,
	"/>
<Contour name="d06cfa13" hidden="false" closed="false" simplified="false" border="0 1 1" fill="0 1 1" mode="9"
 points="1.42882 6.74158,
	1.47386 6.74695,
	1.5543 6.75156,
	1.62831 6.76907,
	1.683 6.76148,
	"/>
<Contour name="d06c14a" hidden="false" closed="true" simplified="true" border="0 1 0" fill="0 1 0" mode="9"
 points="4.0436 6.26692,
	4.05873 6.25533,
	4.089 6.25466,
	4.14961 6.30588,
	4.16475 6.3093,
	4.17234 6.32415,
	4.17237 6.35418,
	4.1686 6.36928,
	4.13833 6.38121,
	4.12319 6.38155,
	4.10804 6.37437,
	4.07774 6.34501,
	4.06637 6.33024,
	4.05879 6.3229,
	4.05499 6.30797,
	4.04362 6.2932,
	4.04361 6.27819,
	4.0436 6.27068,
	"/>
<Contour name="d06cfa14a" hidden="false" closed="false" simplified="false" border="0 1 1" fill="0 1 1" mode="9"
 points="4.14481 6.37044,
	4.07662 6.30062,
	4.04253 6.27134,
	"/>
<Contour name="d07" hidden="false" closed="true" simplified="true" border="1 0 1" fill="1 0 1" mode="9"
 points="4.74098 7.74444,
	4.75006 7.72619,
	4.76826 7.71223,
	4.77735 7.70301,
	4.92302 7.69978,
	4.95943 7.69898,
	4.99586 7.7072,
	5.01408 7.71131,
	5.02318 7.71562,
	5.02321 7.75175,
	5.01868 7.76991,
	4.98685 7.80222,
	4.91406 7.84899,
	4.87767 7.86786,
	4.84125 7.87318,
	4.80483 7.86495,
	4.76838 7.84318,
	4.75016 7.83004,
	4.74105 7.81218,
	4.74101 7.77605,
	4.741 7.75799,
	4.74099 7.74896,
	"/>
<Contour name="d07" hidden="false" closed="true" simplified="true" border="1 0 1" fill="1 0 1" mode="9"
 points="3.84906 8.04865,
	3.93086 7.90686,
	3.97176 7.83823,
	4.0036 7.81043,
	4.01724 7.79206,
	4.03544 7.78715,
	4.07188 7.81344,
	4.0901 7.82658,
	4.12652 7.8348,
	4.14475 7.84794,
	4.14933 7.88397,
	4.14935 7.90203,
	4.14936 7.91106,
	4.08569 7.97568,
	4.04931 8.00809,
	4.0402 8.0083,
	4.00382 8.04071,
	3.96742 8.06409,
	3.94923 8.08256,
	3.91284 8.10143,
	3.87642 8.10223,
	3.85821 8.09811,
	3.84909 8.08929,
	3.84906 8.05316,
	"/>
<Contour name="d07" hidden="false" closed="true" simplified="true" border="1 0 1" fill="1 0 1" mode="9"
 points="3.72076 7.18903,
	3.73896 7.17057,
	3.77535 7.15171,
	4.06668 7.14074,
	4.13953 7.15268,
	4.17596 7.16993,
	4.24879 7.17284,
	4.28521 7.17204,
	4.32165 7.19832,
	4.39 7.26905,
	4.3947 7.41345,
	4.41293 7.43111,
	4.41751 7.46713,
	4.41753 7.48519,
	4.40389 7.50356,
	4.39479 7.50827,
	4.3948 7.5173,
	4.3766 7.52673,
	4.35839 7.52714,
	4.34019 7.53657,
	4.32198 7.53698,
	4.30378 7.54641,
	4.23095 7.54802,
	4.19454 7.54883,
	4.15813 7.56769,
	4.08993 7.64144,
	4.05352 7.66031,
	4.01711 7.66563,
	3.9989 7.66603,
	3.97611 7.63042,
	3.97609 7.61235,
	3.9533 7.58125,
	3.91689 7.5956,
	3.84407 7.59721,
	3.80765 7.59802,
	3.78944 7.59842,
	3.78033 7.59862,
	3.7439 7.57685,
	3.73023 7.5591,
	3.73019 7.52297,
	3.73018 7.50491,
	3.7529 7.46828,
	3.76199 7.45002,
	3.75729 7.30563,
	3.75271 7.26961,
	3.72991 7.23398,
	3.72079 7.21613,
	3.72077 7.19807,
	3.72077 7.19355,
	"/>
<Contour name="d07" hidden="false" closed="true" simplified="true" border="1 0 1" fill="1 0 1" mode="9"
 points="4.46278 7.21326,
	4.47187 7.19499,
	4.50371 7.1672,
	4.51279 7.14894,
	4.53099 7.13499,
	4.60382 7.12886,
	4.60837 7.12425,
	4.61749 7.14211,
	4.61752 7.17823,
	4.61754 7.19629,
	4.61755 7.20533,
	4.60391 7.22368,
	4.59484 7.26001,
	4.59498 7.4045,
	4.58135 7.42286,
	4.57225 7.43209,
	4.49941 7.42919,
	4.46751 7.39377,
	4.46282 7.24938,
	4.46279 7.21777,
	"/>
<Contour name="d07c17" hidden="false" closed="true" simplified="true" border="1 0 0" fill="0 1 0" mode="9"
 points="4.78646 7.6883,
	4.80721 7.66723,
	4.90216 7.66219,
	4.94965 7.66408,
	4.97338 7.66356,
	4.98526 7.66329,
	4.99119 7.66316,
	5.00011 7.67475,
	5.00013 7.69829,
	5.00014 7.71007,
	4.99125 7.72204,
	4.98829 7.73682,
	4.98236 7.7399,
	4.9586 7.72276,
	4.86364 7.72486,
	4.81617 7.72591,
	4.80429 7.72617,
	4.79241 7.71466,
	4.78647 7.70301,
	4.78646 7.69124,
	"/>
<Contour name="d07cfa17" hidden="false" closed="false" simplified="false" border="0 1 1" fill="0 1 1" mode="9"
 points="4.78217 7.69868,
	4.82964 7.69763,
	4.87416 7.69664,
	4.93944 7.6952,
	4.99287 7.7058,
	"/>
<Contour name="d07c18" hidden="false" closed="true" simplified="true" border="1 0 0" fill="0 1 0" mode="9"
 points="3.89063 8.08491,
	3.90545 8.06103,
	3.94993 8.02766,
	3.97365 8.00948,
	3.98551 7.99744,
	4.03296 7.97578,
	4.05669 7.95465,
	4.07151 7.93961,
	4.08339 7.93934,
	4.10714 7.95649,
	4.11902 7.96799,
	4.11016 8.01529,
	4.1072 8.0183,
	4.09829 8.00966,
	4.08643 8.01876,
	4.08049 8.01889,
	4.03602 8.06403,
	4.01527 8.08215,
	4.00933 8.08228,
	4.0034 8.0883,
	3.99153 8.09151,
	3.97968 8.1006,
	3.97373 8.10073,
	3.96188 8.11277,
	3.93815 8.12507,
	3.92629 8.13416,
	3.90254 8.13174,
	3.89066 8.10846,
	3.89064 8.08785,
	"/>
<Contour name="d07cfa18" hidden="false" closed="false" simplified="false" border="0 1 1" fill="0 1 1" mode="9"
 points="3.88636 8.10706,
	3.93679 8.09123,
	3.98423 8.05779,
	4.05837 8.00023,
	4.10581 7.95797,
	"/>
<Contour name="d07c19" hidden="false" closed="true" simplified="true" border="1 0 0" fill="0 1 0" mode="9"
 points="3.67795 6.65252,
	3.68506 6.63352,
	3.71352 6.60228,
	3.74672 6.56857,
	3.75384 6.55899,
	3.76333 6.55407,
	3.80131 6.55323,
	3.8203 6.55517,
	3.8298 6.55967,
	3.8488 6.55925,
	3.8583 6.56139,
	3.86304 6.56129,
	3.87254 6.5705,
	3.87971 6.60802,
	3.87985 6.75873,
	3.87749 6.77762,
	3.87513 6.78238,
	3.86563 6.78495,
	3.84903 6.79709,
	3.83004 6.80457,
	3.82055 6.81185,
	3.78256 6.81269,
	3.76358 6.81311,
	3.74458 6.80882,
	3.73508 6.80667,
	3.71607 6.79296,
	3.70895 6.78371,
	3.69941 6.74624,
	3.68752 6.72766,
	3.68038 6.70898,
	3.67797 6.67136,
	3.67795 6.65487,
	"/>
<Contour name="d07cfa19" hidden="false" closed="false" simplified="false" border="0 1 1" fill="0 1 1" mode="9"
 points="3.87377 6.76326,
	3.85482 6.79665,
	3.8026 6.80958,
	3.73375 6.80639,
	3.7076 6.77165,
	"/>
<Contour name="d07" hidden="false" closed="true" simplified="true" border="1 0 1" fill="1 0 1" mode="9"
 points="3.65908 6.77068,
	3.6733 6.75153,
	3.68041 6.74195,
	3.71839 6.73876,
	3.75404 6.77093,
	3.77303 6.77758,
	3.78254 6.78443,
	3.82052 6.78124,
	3.85849 6.76627,
	3.87747 6.75878,
	3.89646 6.75601,
	3.90596 6.75815,
	3.92497 6.76951,
	3.94398 6.78557,
	3.95586 6.80415,
	3.96062 6.81346,
	3.95589 6.83241,
	3.93929 6.84926,
	3.92031 6.86145,
	3.90846 6.8782,
	3.89425 6.91619,
	3.89902 6.93493,
	3.89903 6.94435,
	3.90378 6.95366,
	3.92042 6.97213,
	3.92754 6.9814,
	3.92756 7.00023,
	3.91808 7.00515,
	3.8801 7.0107,
	3.80413 7.01238,
	3.78514 7.0128,
	3.74714 7.00422,
	3.7115 6.96969,
	3.70199 6.96048,
	3.69011 6.94191,
	3.68297 6.93264,
	3.67343 6.89517,
	3.6663 6.87649,
	3.65911 6.80129,
	3.65909 6.78245,
	3.65908 6.77303,
	"/>
<Contour name="d07cfa20" hidden="false" closed="false" simplified="false" border="0 1 1" fill="0 1 1" mode="9"
 points="4.58895 7.36444,
	4.58653 7.31975,
	4.61019 7.23209,
	4.61488 7.17547,
	"/>
<Contour name="d08" hidden="false" closed="true" simplified="true" border="1 0 0" fill="1 0 0" mode="9"
 points="5.1641 3.75171,
	5.17296 3.73389,
	5.20848 3.71106,
	5.22625 3.71067,
	5.2618 3.7231,
	5.33288 3.72594,
	5.36843 3.72074,
	5.40398 3.73318,
	5.42175 3.73278,
	5.49284 3.75325,
	5.51062 3.75726,
	5.54175 3.79182,
	5.55065 3.80044,
	5.55071 3.87095,
	5.55073 3.88858,
	5.51965 3.91129,
	5.5019 3.92931,
	5.46637 3.93892,
	5.43083 3.9353,
	5.373 3.86607,
	5.35966 3.84874,
	5.3241 3.83189,
	5.30632 3.82347,
	5.23523 3.81183,
	5.21745 3.799,
	5.1819 3.79097,
	5.16412 3.77374,
	5.1641 3.75611,
	"/>
<Contour name="d08" hidden="false" closed="true" simplified="true" border="1 0 0" fill="1 0 0" mode="9"
 points="4.62232 3.98844,
	4.6534 3.95691,
	4.67115 3.94329,
	4.74222 3.93731,
	4.75999 3.93691,
	4.79555 3.95816,
	4.86664 3.961,
	4.90217 3.94699,
	4.9155 3.95551,
	4.93328 3.95512,
	4.9644 3.98968,
	4.96 4.02503,
	4.94669 4.04295,
	4.94226 4.05187,
	4.94671 4.0694,
	4.94672 4.07821,
	4.92453 4.10073,
	4.9201 4.11846,
	4.90235 4.13207,
	4.83572 4.14236,
	4.83131 4.17771,
	4.80913 4.21346,
	4.7736 4.21865,
	4.75583 4.21905,
	4.72469 4.18448,
	4.7158 4.17587,
	4.71129 4.10545,
	4.69793 4.07049,
	4.68458 4.05316,
	4.64903 4.04072,
	4.63125 4.0279,
	4.62235 4.01929,
	4.62234 4.00166,
	4.62233 3.99285,
	"/>
<Contour name="d08" hidden="false" closed="true" simplified="true" border="1 0 0" fill="1 0 0" mode="9"
 points="6.1324 3.56723,
	6.15016 3.55802,
	6.1857 3.55724,
	6.22123 3.54324,
	6.25675 3.52041,
	6.29228 3.51523,
	6.30117 3.51943,
	6.30121 3.55468,
	6.29678 3.57241,
	6.29678 3.58122,
	6.22572 3.59602,
	6.15465 3.60199,
	6.13687 3.59357,
	6.13241 3.57604,
	6.1324 3.57164,
	"/>
<Contour name="d08" hidden="false" closed="true" simplified="true" border="1 0 0" fill="1 0 0" mode="9"
 points="3.54973 3.73463,
	3.55785 3.71831,
	3.59037 3.68934,
	3.6229 3.67248,
	3.68799 3.67104,
	3.70427 3.67471,
	3.7694 3.71363,
	3.80197 3.73308,
	3.81825 3.74079,
	3.84269 3.77254,
	3.85898 3.78025,
	3.87525 3.79603,
	3.90782 3.81146,
	3.94037 3.81477,
	3.97293 3.82616,
	4.0055 3.84965,
	4.03805 3.86104,
	4.0462 3.86892,
	4.0422 3.93358,
	4.03407 3.94184,
	4.02594 3.94202,
	4.01374 3.9544,
	3.88355 3.95728,
	3.81845 3.94661,
	3.7859 3.94329,
	3.76962 3.94365,
	3.73705 3.91209,
	3.72076 3.89631,
	3.71262 3.88841,
	3.68007 3.8851,
	3.66379 3.87738,
	3.63121 3.84582,
	3.59864 3.82636,
	3.56607 3.79883,
	3.54978 3.78305,
	3.54975 3.75076,
	3.54974 3.73866,
	"/>
<Contour name="d07cfa19" hidden="false" closed="true" simplified="true" border="0 1 0" fill="0 1 0" mode="9"
 points="3.66792 6.6627,
	3.67503 6.6437,
	3.70349 6.61246,
	3.73669 6.57875,
	3.74381 6.56917,
	3.7533 6.56425,
	3.79128 6.56341,
	3.81027 6.56535,
	3.81977 6.56985,
	3.83877 6.56943,
	3.84827 6.57157,
	3.85302 6.57147,
	3.86251 6.58068,
	3.86968 6.6182,
	3.86982 6.76891,
	3.86746 6.7878,
	3.8651 6.79256,
	3.8556 6.79513,
	3.839 6.80727,
	3.82001 6.81475,
	3.81052 6.82203,
	3.77253 6.82287,
	3.75355 6.82329,
	3.73455 6.819,
	3.72505 6.81685,
	3.70604 6.80314,
	3.69892 6.79389,
	3.68938 6.75642,
	3.67749 6.73784,
	3.67035 6.71916,
	3.66794 6.68154,
	3.66792 6.66505,
	"/>
<Contour name="d07c20" hidden="false" closed="true" simplified="true" border="1 0 0" fill="0 1 0" mode="9"
 points="4.56644 7.25691,
	4.58539 7.22117,
	4.5925 7.20217,
	4.60435 7.18307,
	4.61383 7.17345,
	4.63283 7.17303,
	4.63758 7.17763,
	4.64237 7.2152,
	4.64244 7.29056,
	4.63535 7.3284,
	4.62825 7.34739,
	4.60927 7.36666,
	4.59028 7.36943,
	4.58079 7.36492,
	4.56653 7.3464,
	4.56645 7.27105,
	4.56644 7.26163,
	4.56644 7.25927,
	"/>
<Contour name="D05" hidden="false" closed="true" simplified="true" border="1 1 0" fill="1 1 0" mode="11"
 points="2.87576 3.29201,
	2.87828 3.27458,
	2.88565 3.25873,
	2.89714 3.24603,
	2.91162 3.23772,
	2.92768 3.23462,
	2.94375 3.23701,
	2.95824 3.24468,
	2.96976 3.25687,
	2.97715 3.27239,
	2.97971 3.28971,
	2.97719 3.30716,
	2.96982 3.32299,
	2.95833 3.33569,
	2.94385 3.344,
	2.92779 3.34712,
	2.91173 3.34471,
	2.89722 3.33705,
	2.88572 3.32485,
	"/>
<Contour name="D05" hidden="false" closed="true" simplified="true" border="1 1 0" fill="1 1 0" mode="11"
 points="2.29075 4.28933,
	2.29499 4.25997,
	2.3076 4.23156,
	2.3281 4.20516,
	2.3557 4.18183,
	2.38933 4.16243,
	2.42772 4.14772,
	2.46937 4.13826,
	2.5127 4.13442,
	2.55603 4.13635,
	2.59771 4.14396,
	2.63611 4.15697,
	2.66979 4.17488,
	2.69743 4.19699,
	2.71799 4.22248,
	2.73065 4.25033,
	2.73495 4.2795,
	2.73071 4.30886,
	2.7181 4.33728,
	2.69759 4.36366,
	2.67 4.38701,
	2.63635 4.40641,
	2.59798 4.42112,
	2.55631 4.43057,
	2.51299 4.43441,
	2.46966 4.43249,
	2.42799 4.42488,
	2.38957 4.41186,
	2.35591 4.39396,
	2.32827 4.37183,
	2.30771 4.34636,
	"/>
<Contour name="D05" hidden="false" closed="true" simplified="true" border="1 1 0" fill="1 1 0" mode="11"
 points="3.93026 4.01634,
	3.93198 4.0011,
	3.937 3.98726,
	3.94483 3.97621,
	3.9547 3.969,
	3.96565 3.96634,
	3.97661 3.96851,
	3.98649 3.97528,
	3.99434 3.986,
	3.9994 3.99961,
	4.00114 4.01477,
	3.99943 4.03002,
	3.9944 4.04385,
	3.98657 4.05492,
	3.9767 4.06213,
	3.96575 4.06477,
	3.95479 4.06261,
	3.94491 4.05584,
	3.93706 4.04512,
	"/>
<Contour name="D05" hidden="false" closed="true" simplified="true" border="1 1 0" fill="1 1 0" mode="11"
 points="3.92524 5.19801,
	3.92892 5.18373,
	3.93965 5.17067,
	3.95637 5.16013,
	3.97743 5.15314,
	4.0008 5.15037,
	4.02417 5.1521,
	4.04524 5.15817,
	4.06198 5.16797,
	4.07273 5.18054,
	4.07645 5.19466,
	4.07276 5.20895,
	4.06203 5.222,
	4.04532 5.23254,
	4.02425 5.23954,
	4.00089 5.2423,
	3.97752 5.24057,
	3.95644 5.2345,
	3.93971 5.22471,
	"/>
<Contour name="D11" hidden="false" closed="true" simplified="true" border="1 0.5 0" fill="1 0.5 0" mode="11"
 points="5.1834 4.86051,
	5.18602 4.84924,
	5.19363 4.83895,
	5.20549 4.83066,
	5.22044 4.82517,
	5.23703 4.82303,
	5.2536 4.82444,
	5.26856 4.82927,
	5.28045 4.83703,
	5.28808 4.84698,
	5.29071 4.85814,
	5.2881 4.86941,
	5.28049 4.87969,
	5.26862 4.88798,
	5.25367 4.89347,
	5.2371 4.89561,
	5.22051 4.8942,
	5.20555 4.88938,
	5.19367 4.88161,
	"/>
<Contour name="D11" hidden="false" closed="true" simplified="true" border="1 0.5 0" fill="1 0.5 0" mode="11"
 points="4.42183 4.21689,
	4.42605 4.18345,
	4.43844 4.15242,
	4.45805 4.1262,
	4.48336 4.10681,
	4.51241 4.09576,
	4.54294 4.09391,
	4.57259 4.1014,
	4.59906 4.11765,
	4.6203 4.1414,
	4.63467 4.17081,
	4.64105 4.2036,
	4.63896 4.23724,
	4.62854 4.2691,
	4.61061 4.29675,
	4.58655 4.318,
	4.55824 4.33125,
	4.52787 4.33543,
	4.49778 4.33025,
	4.47031 4.3161,
	4.44759 4.29408,
	4.43136 4.26588,
	"/>
<Contour name="D11" hidden="false" closed="true" simplified="true" border="1 0.5 0" fill="1 0.5 0" mode="11"
 points="3.90548 4.94201,
	3.90691 4.93375,
	3.91106 4.92624,
	3.91752 4.92021,
	3.92568 4.91624,
	3.93472 4.91474,
	3.94376 4.91584,
	3.95193 4.91945,
	3.95841 4.92519,
	3.96257 4.93252,
	3.96402 4.94071,
	3.96259 4.94896,
	3.95844 4.95647,
	3.95197 4.9625,
	3.94381 4.96646,
	3.93477 4.96797,
	3.92573 4.96686,
	3.91757 4.96326,
	3.91109 4.95752,
	"/>
<Contour name="D12" hidden="false" closed="true" simplified="true" border="0.5 0 1" fill="0.5 0 1" mode="11"
 points="3.79131 2.89781,
	3.79332 2.87908,
	3.7992 2.86209,
	3.80835 2.84851,
	3.81991 2.83966,
	3.83271 2.83642,
	3.84552 2.83909,
	3.85709 2.84743,
	3.86628 2.86061,
	3.87219 2.87734,
	3.87423 2.89598,
	3.87222 2.91471,
	3.86635 2.9317,
	3.85718 2.94529,
	3.84564 2.95414,
	3.83283 2.95738,
	3.82002 2.95471,
	3.80844 2.94637,
	3.79926 2.93319,
	"/>
<Contour name="D12" hidden="false" closed="true" simplified="true" border="0.5 0 1" fill="0.5 0 1" mode="11"
 points="4.08999 4.07423,
	4.0945 4.04273,
	4.10764 4.01412,
	4.12812 3.99119,
	4.15394 3.97618,
	4.18258 3.97058,
	4.21122 3.97491,
	4.23707 3.98878,
	4.2576 4.0108,
	4.27079 4.03883,
	4.27535 4.07013,
	4.27085 4.10163,
	4.25771 4.13025,
	4.23723 4.15318,
	4.21141 4.16818,
	4.18277 4.1738,
	4.15413 4.16945,
	4.12828 4.15559,
	4.10776 4.13357,
	"/>
<Contour name="D13" hidden="false" closed="true" simplified="true" border="1 0 0.5" fill="1 0 0.5" mode="11"
 points="5.26134 4.7475,
	5.2636 4.74072,
	5.27018 4.73451,
	5.28042 4.72946,
	5.29333 4.72608,
	5.30766 4.7247,
	5.32197 4.72545,
	5.3349 4.72826,
	5.34515 4.73285,
	5.35174 4.73877,
	5.35402 4.74545,
	5.35176 4.75222,
	5.34518 4.75844,
	5.33493 4.76349,
	5.32201 4.76686,
	5.3077 4.76824,
	5.29337 4.76749,
	5.28046 4.76469,
	5.2702 4.7601,
	"/>
<Contour name="D13" hidden="false" closed="true" simplified="true" border="1 0 0.5" fill="1 0 0.5" mode="11"
 points="5.61243 4.63086,
	5.61563 4.60388,
	5.62496 4.57939,
	5.63951 4.5598,
	5.65786 4.54703,
	5.67819 4.54232,
	5.69854 4.54613,
	5.71692 4.55809,
	5.7315 4.57704,
	5.74088 4.60111,
	5.74413 4.62794,
	5.74094 4.65493,
	5.7316 4.67942,
	5.71705 4.69901,
	5.6987 4.71178,
	5.67836 4.7165,
	5.65802 4.71268,
	5.63964 4.70072,
	5.62506 4.68177,
	"/>
<Contour name="D13" hidden="false" closed="true" simplified="true" border="1 0 0.5" fill="1 0 0.5" mode="11"
 points="5.21768 4.99523,
	5.2203 4.98845,
	5.22791 4.9822,
	5.23977 4.97713,
	5.25473 4.9737,
	5.27131 4.97227,
	5.28789 4.97297,
	5.30285 4.97573,
	5.31473 4.98028,
	5.32236 4.98619,
	5.32498 4.99285,
	5.32237 4.99964,
	5.31476 5.00588,
	5.30288 5.01096,
	5.28793 5.01438,
	5.27136 5.01582,
	5.25477 5.01512,
	5.23981 5.01235,
	5.22794 5.0078,
	"/>
<Contour name="D14" hidden="false" closed="true" simplified="true" border="1 0 0" fill="1 0 0" mode="11"
 points="5.42295 5.41407,
	5.42727 5.37853,
	5.43992 5.34567,
	5.4599 5.31817,
	5.48558 5.29824,
	5.51487 5.2875,
	5.54541 5.28683,
	5.57473 5.29627,
	5.60044 5.31506,
	5.62048 5.34168,
	5.6332 5.37397,
	5.63758 5.40932,
	5.63327 5.44486,
	5.62061 5.47771,
	5.60063 5.50521,
	5.57496 5.52514,
	5.54565 5.53587,
	5.51511 5.53655,
	5.4858 5.52711,
	5.46008 5.50832,
	5.44006 5.4817,
	5.42733 5.44941,
	"/>
<Contour name="D15" hidden="false" closed="true" simplified="true" border="1 1 0" fill="1 1 0" mode="11"
 points="5.91609 5.89911,
	5.91879 5.86876,
	5.92691 5.83899,
	5.94023 5.81047,
	5.95849 5.78387,
	5.98123 5.75977,
	6.00796 5.73873,
	6.03805 5.72126,
	6.07081 5.70773,
	6.10551 5.69846,
	6.14134 5.69365,
	6.17749 5.69342,
	6.21312 5.69778,
	6.24742 5.70663,
	6.27962 5.71976,
	6.30896 5.73687,
	6.33479 5.75757,
	6.3565 5.78138,
	6.37361 5.80777,
	6.38572 5.83614,
	6.39254 5.86581,
	6.39394 5.89613,
	6.38987 5.9264,
	6.38043 5.95592,
	6.36584 5.98402,
	6.34643 6.01006,
	6.32263 6.03343,
	6.295 6.05362,
	6.26418 6.07015,
	6.23086 6.08264,
	6.1958 6.09081,
	6.15981 6.09448,
	6.12372 6.09355,
	6.08834 6.08806,
	6.0545 6.07812,
	6.02294 6.06396,
	5.99442 6.04592,
	5.96957 6.02439,
	5.94897 5.99987,
	5.93308 5.97293,
	5.92227 5.94418,
	"/>
<Contour name="D16" hidden="false" closed="true" simplified="true" border="0 0 1" fill="0 0 1" mode="11"
 points="2.53387 3.31038,
	2.53602 3.29614,
	2.54229 3.2832,
	2.55208 3.27282,
	2.56442 3.26603,
	2.5781 3.26348,
	2.59179 3.26542,
	2.60413 3.27167,
	2.61394 3.28161,
	2.62024 3.29428,
	2.62242 3.30842,
	2.62027 3.32266,
	2.61399 3.33559,
	2.60421 3.34597,
	2.59187 3.35276,
	2.57819 3.35532,
	2.56451 3.35337,
	2.55215 3.34712,
	2.54235 3.33718,
	"/>
<Contour name="D16" hidden="false" closed="true" simplified="true" border="0 0 1" fill="0 0 1" mode="11"
 points="2.00546 2.19007,
	2.00919 2.16527,
	2.0201 2.14251,
	2.03722 2.12381,
	2.05903 2.11083,
	2.08359 2.10472,
	2.10872 2.10603,
	2.13218 2.11465,
	2.1519 2.1298,
	2.16612 2.15013,
	2.17356 2.17385,
	2.17358 2.19885,
	2.16619 2.22289,
	2.15201 2.24386,
	2.13232 2.25988,
	2.10888 2.26953,
	2.08375 2.27196,
	2.05918 2.26693,
	2.03734 2.25492,
	2.02019 2.23697,
	"/>
<Contour name="D14" hidden="false" closed="true" simplified="true" border="1 0 0" fill="1 0 0" mode="11"
 points="3.50835 3.66416,
	3.50953 3.65735,
	3.51295 3.65115,
	3.51828 3.64617,
	3.52502 3.6429,
	3.53248 3.64166,
	3.53994 3.64257,
	3.54668 3.64554,
	3.55203 3.65028,
	3.55547 3.65633,
	3.55665 3.66309,
	3.55548 3.6699,
	3.55205 3.67609,
	3.54672 3.68107,
	3.53998 3.68434,
	3.53253 3.68558,
	3.52506 3.68467,
	3.51832 3.6817,
	3.51297 3.67696,
	"/>
<Contour name="d02" hidden="false" closed="true" simplified="true" border="0.5 0 1" fill="0.5 0 1" mode="9"
 points="3.9053 6.91059,
	3.91333 6.89444,
	3.91333 6.88645,
	3.94549 6.8578,
	3.96157 6.82549,
	3.95751 6.79364,
	3.92931 6.76631,
	3.92125 6.75851,
	3.92122 6.72656,
	3.92523 6.7105,
	3.9574 6.68184,
	3.98959 6.66914,
	4.05398 6.65574,
	4.07008 6.64741,
	4.08617 6.63108,
	4.0942 6.61493,
	4.10224 6.60676,
	4.11426 6.54261,
	4.13436 6.51022,
	4.1625 6.48564,
	4.2269 6.47223,
	4.25909 6.46354,
	4.38791 6.46867,
	4.40402 6.47231,
	4.4161 6.48402,
	4.42416 6.48784,
	4.45636 6.48313,
	4.48856 6.48641,
	4.52078 6.50167,
	4.53286 6.5054,
	4.56102 6.48481,
	4.59319 6.45615,
	4.60121 6.42403,
	4.67757 6.29457,
	4.72984 6.23351,
	4.72983 6.22552,
	4.7419 6.21329,
	4.74189 6.2053,
	4.75395 6.18906,
	4.762 6.1809,
	4.76601 6.16483,
	4.81022 6.09997,
	4.82626 6.03572,
	4.8383 6.00351,
	4.8785 5.93874,
	4.88652 5.92259,
	4.88248 5.89074,
	4.88246 5.87477,
	4.91862 5.81007,
	4.92667 5.8099,
	4.93876 5.82161,
	4.93878 5.83758,
	4.94684 5.85338,
	4.94686 5.86935,
	4.97507 5.89667,
	5.00325 5.91601,
	5.01131 5.92382,
	5.01132 5.93181,
	5.03148 5.96331,
	5.03551 5.97121,
	5.02749 6.00332,
	5.02348 6.01938,
	4.97927 6.08425,
	4.96319 6.10058,
	4.95515 6.11672,
	4.9471 6.12089,
	4.94713 6.15284,
	4.94312 6.1689,
	4.91899 6.1934,
	4.90693 6.20964,
	4.90292 6.22569,
	4.90696 6.24157,
	4.93517 6.2689,
	4.94324 6.2847,
	4.97547 6.31194,
	5.0399 6.34644,
	5.05601 6.35008,
	5.08421 6.36942,
	5.13659 6.43214,
	5.14064 6.44803,
	5.16079 6.47953,
	5.1608 6.48752,
	5.16886 6.49532,
	5.181 6.55894,
	5.18509 6.62274,
	5.18109 6.65477,
	5.16905 6.68698,
	5.15296 6.69932,
	5.13686 6.70366,
	5.12077 6.716,
	5.08858 6.72869,
	5.07249 6.73703,
	5.06444 6.74519,
	5.03225 6.75788,
	4.96789 6.79924,
	4.91158 6.84839,
	4.85124 6.88567,
	4.83514 6.89401,
	4.80294 6.89472,
	4.77075 6.90742,
	4.71444 6.96056,
	4.68629 6.99313,
	4.63401 7.03422,
	4.61792 7.05055,
	4.60183 7.0589,
	4.54151 7.12012,
	4.48117 7.16538,
	4.46508 7.17771,
	4.44899 7.18206,
	4.41677 7.17079,
	4.38857 7.15146,
	4.35635 7.12422,
	4.32413 7.10896,
	4.25967 7.06646,
	4.23149 7.04712,
	4.21537 7.0355,
	4.20731 7.02769,
	4.19926 7.02787,
	4.18315 7.01624,
	4.11873 7.0017,
	4.05431 6.99513,
	3.9899 6.98059,
	3.97379 6.98094,
	3.94157 6.96569,
	3.91338 6.94236,
	3.9053 6.91458,
	"/>
<Contour name="d02" hidden="false" closed="true" simplified="true" border="0.5 0 1" fill="0.5 0 1" mode="9"
 points="4.57997 5.27054,
	4.60813 5.24995,
	4.64033 5.24525,
	4.67254 5.24853,
	4.68864 5.25616,
	4.70879 5.27966,
	4.77322 5.2982,
	4.80542 5.30148,
	4.86985 5.32402,
	4.93425 5.32259,
	4.96645 5.31389,
	5.03085 5.31247,
	5.06307 5.32374,
	5.09528 5.32702,
	5.1275 5.35825,
	5.15571 5.38158,
	5.18792 5.39285,
	5.22011 5.38814,
	5.23622 5.39178,
	5.24842 5.51928,
	5.2404 5.55141,
	5.22834 5.56365,
	5.19615 5.57235,
	5.13173 5.56978,
	5.09951 5.55452,
	5.06729 5.52728,
	5.05118 5.51566,
	5.01896 5.50439,
	5.01091 5.50457,
	4.99479 5.49295,
	4.96259 5.48967,
	4.83372 5.42464,
	4.76929 5.40211,
	4.73708 5.39084,
	4.67266 5.38028,
	4.64045 5.36903,
	4.60822 5.34578,
	4.58806 5.31428,
	4.57999 5.29848,
	4.57998 5.28251,
	4.57997 5.27452,
	"/>
<Contour name="d02c46" hidden="false" closed="true" simplified="true" border="0 1 0" fill="0 1 0" mode="-13"
 points="4.8336 5.30086,
	4.84164 5.2927,
	4.90604 5.29127,
	4.93825 5.29056,
	4.97044 5.28186,
	4.9785 5.28168,
	4.98251 5.27361,
	5.01472 5.28487,
	5.01875 5.29277,
	5.01072 5.30892,
	4.97855 5.33359,
	4.94634 5.3383,
	4.88194 5.33174,
	4.84972 5.32446,
	4.83361 5.31284,
	4.8336 5.30485,
	"/>
<Contour name="d02cfa46" hidden="false" closed="false" simplified="false" border="0 1 1" fill="0 1 1" mode="-13"
 points="5.00736 5.28208,
	4.98724 5.29051,
	4.95907 5.30311,
	4.91883 5.308,
	4.87455 5.31297,
	4.82624 5.30605,
	"/>
<Contour name="D13" hidden="false" closed="true" simplified="true" border="1 0 0.5" fill="1 0 0.5" mode="11"
 points="5.26783 4.06845,
	5.26989 4.05052,
	5.27588 4.03425,
	5.28521 4.02123,
	5.29699 4.01275,
	5.31005 4.00962,
	5.32311 4.01217,
	5.33489 4.02013,
	5.34426 4.03273,
	5.35028 4.04874,
	5.35237 4.06658,
	5.35032 4.08452,
	5.34433 4.10079,
	5.33498 4.11381,
	5.32322 4.1223,
	5.31016 4.12541,
	5.29709 4.12287,
	5.2853 4.11491,
	5.27594 4.1023,
	"/>
<Contour name="d08" hidden="false" closed="true" simplified="true" border="1 0 0" fill="1 0 0" mode="9"
 points="3.57857 3.47914,
	3.59783 3.41738,
	3.5978 3.38671,
	3.60937 3.35578,
	3.61317 3.29435,
	3.61316 3.27902,
	3.62859 3.248,
	3.65562 3.2244,
	3.68654 3.21988,
	3.69427 3.21971,
	3.72522 3.24586,
	3.73684 3.27628,
	3.74083 3.39888,
	3.74085 3.42954,
	3.72929 3.46047,
	3.72544 3.47589,
	3.70614 3.50315,
	3.65595 3.56561,
	3.62504 3.57013,
	3.60958 3.57047,
	3.60185 3.57064,
	3.58637 3.55565,
	3.57863 3.54815,
	3.57858 3.48681,
	3.57857 3.48297,
	"/>
<Contour name="d06p13" hidden="false" closed="true" simplified="false" border="1 0 0.5" fill="1 0 0.5" mode="-13"
 points="2.30277 7.14925,
	2.33266 7.14859,
	2.31774 7.1761,
	"/>
<Contour name="d08p16" hidden="false" closed="true" simplified="false" border="0 0 1" fill="0 0 1" mode="-13"
 points="4.22176 3.51262,
	4.2068 3.49812,
	4.22173 3.48298,
	4.23669 3.49746,
	"/>
</Transform>

<Transform dim="0"
 xcoef=" 0 1 0 0 0 0"
 ycoef=" 0 0 1 0 0 0">
<Contour name="d01" hidden="false" closed="true" simplified="true" border="1 0.5 0" fill="1 0.5 0" mode="9"
 points="4.82047 3.16737,
	4.84093 3.11264,
	4.87509 3.0576,
	4.89556 3.00286,
	4.90922 2.98221,
	4.91609 3.00919,
	4.90926 3.02291,
	4.91611 3.02954,
	4.92289 2.97511,
	4.95021 2.92022,
	4.9707 2.89263,
	4.99117 2.8379,
	4.99114 2.81075,
	5.03213 2.75556,
	5.07998 2.72057,
	5.09365 2.7067,
	5.2031 2.71107,
	5.31257 2.729,
	5.42205 2.76051,
	5.4768 2.78643,
	5.48367 2.81343,
	5.50421 2.83333,
	5.49742 2.88776,
	5.46326 2.93602,
	5.47013 2.96301,
	5.51123 3.01638,
	5.62074 3.08861,
	5.66868 3.13504,
	5.71658 3.15433,
	5.74396 3.17409,
	5.73717 3.22852,
	5.69623 3.338,
	5.6896 3.55528,
	5.68966 3.60956,
	5.65555 3.7121,
	5.63506 3.73969,
	5.60768 3.73351,
	5.58714 3.71361,
	5.47767 3.68889,
	5.45715 3.68256,
	5.46398 3.67563,
	5.35452 3.67126,
	5.2998 3.67247,
	5.24506 3.6601,
	5.13555 3.58789,
	5.12184 3.56784,
	5.09446 3.5413,
	5.06704 3.48762,
	5.01911 3.44119,
	4.99173 3.41465,
	4.95748 3.36791,
	4.90272 3.3352,
	4.88904 3.3355,
	4.86166 3.30896,
	4.8616 3.25467,
	4.8479 3.23462,
	4.82052 3.22166,
	4.82047 3.17415,
	"/>
<Contour name="d03" hidden="false" closed="true" simplified="true" border="0 1 0" fill="0 1 0" mode="9"
 points="4.44383 2.84728,
	4.45825 2.8306,
	4.49122 2.81556,
	4.52418 2.79438,
	4.54066 2.79606,
	4.54892 2.79793,
	4.56338 2.83032,
	4.55107 2.89602,
	4.54903 2.91242,
	4.55733 2.97767,
	4.55941 2.99398,
	4.57387 3.02637,
	4.59245 3.05867,
	4.62339 3.08048,
	4.6399 3.09034,
	4.65434 3.10434,
	4.67498 3.13659,
	4.67914 3.16921,
	4.6812 3.17735,
	4.67505 3.21019,
	4.67505 3.21429,
	4.65857 3.22896,
	4.6256 3.23992,
	4.60912 3.24437,
	4.605 3.24446,
	4.58436 3.2122,
	4.5761 3.19603,
	4.574 3.16336,
	4.57192 3.14705,
	4.55953 3.11461,
	4.54091 3.0496,
	4.53058 3.01711,
	4.52438 3.00089,
	4.5223 2.99276,
	4.45629 2.93287,
	4.44804 2.92488,
	4.44385 2.85955,
	4.44384 2.85136,
	4.44384 2.84932,
	"/>
<Contour name="d03cfa10ax08" hidden="false" closed="false" simplified="false" border="0 1 1" fill="0 1 1" mode="9"
 points="4.62646 3.06758,
	4.57928 3.01407,
	4.55958 2.95606,
	4.55559 2.8938,
	4.55553 2.83925,
	"/>
<Contour name="d08" hidden="false" closed="true" simplified="true" border="1 0 0" fill="1 0 0" mode="9"
 points="3.84386 2.94362,
	3.85715 2.90807,
	3.90596 2.8497,
	3.96365 2.78232,
	3.99917 2.7595,
	4.0347 2.75431,
	4.17687 2.75557,
	4.21242 2.7636,
	4.24798 2.78485,
	4.25686 2.78465,
	4.29243 2.8103,
	4.32798 2.81393,
	4.36353 2.82636,
	4.39907 2.82557,
	4.41685 2.8384,
	4.43465 2.87326,
	4.43914 2.90842,
	4.46138 2.94318,
	4.47915 2.94719,
	4.51473 2.98166,
	4.53252 2.99889,
	4.54587 3.03385,
	4.54594 3.10435,
	4.56375 3.13922,
	4.56823 3.17438,
	4.58158 3.20933,
	4.58165 3.27984,
	4.5728 3.31529,
	4.52401 3.38688,
	4.49738 3.42272,
	4.49296 3.44045,
	4.46634 3.47629,
	4.43083 3.50793,
	4.35975 3.5139,
	4.32422 3.5235,
	4.29315 3.55504,
	4.27097 3.58638,
	4.26656 3.62173,
	4.26657 3.63936,
	4.25771 3.65718,
	4.23995 3.6708,
	4.22218 3.67119,
	4.2044 3.65836,
	4.1866 3.6235,
	4.13322 3.55417,
	4.12874 3.51901,
	4.09762 3.48886,
	4.06205 3.46761,
	4.04869 3.43265,
	4.03529 3.36244,
	3.99969 3.29271,
	3.99079 3.2841,
	3.99078 3.27528,
	3.96853 3.24052,
	3.93741 3.20596,
	3.91962 3.18873,
	3.89737 3.15396,
	3.88848 3.14535,
	3.87956 3.11028,
	3.85731 3.07552,
	3.84395 3.04056,
	3.84388 2.97006,
	3.84387 2.95243,
	3.84386 2.94802,
	"/>
<Contour name="ax02" comment="LK bouton trace named after cfa" hidden="false" closed="true" simplified="true" border="0 1 1" fill="0.502 1 1" mode="9"
 points="4.21741 2.73485,
	4.21961 2.729,
	4.22399 2.72388,
	4.22911 2.72023,
	4.23203 2.71803,
	4.25543 2.71438,
	4.30221 2.71365,
	4.31391 2.71438,
	4.32561 2.71365,
	4.33146 2.71292,
	4.3373 2.71072,
	4.34023 2.70999,
	4.34608 2.70634,
	4.35193 2.70414,
	4.36289 2.69683,
	4.37459 2.69099,
	4.38628 2.68733,
	4.38921 2.68587,
	4.39506 2.68587,
	4.39798 2.68587,
	4.40091 2.68733,
	4.40383 2.68733,
	4.40968 2.68952,
	4.41114 2.68952,
	4.41187 2.69099,
	4.4148 2.69172,
	4.42649 2.69976,
	4.43819 2.70634,
	4.48498 2.71365,
	4.49082 2.71584,
	4.49375 2.71657,
	4.51641 2.73192,
	4.52299 2.74362,
	4.52518 2.74947,
	4.52665 2.75239,
	4.52665 2.75386,
	4.52811 2.75532,
	4.5303 2.76117,
	4.53103 2.77286,
	4.5303 2.77871,
	4.52811 2.78456,
	4.52738 2.78748,
	4.52299 2.79333,
	4.52153 2.79626,
	4.52153 2.79772,
	4.51787 2.80357,
	4.50691 2.81453,
	4.50252 2.81892,
	4.49082 2.8255,
	4.48498 2.82915,
	4.48351 2.82915,
	4.48205 2.83062,
	4.4762 2.83281,
	4.47474 2.83281,
	4.47328 2.83427,
	4.46158 2.8372,
	4.4148 2.83646,
	4.4031 2.83354,
	4.40017 2.83354,
	4.37678 2.82623,
	4.37093 2.82404,
	4.36947 2.82257,
	4.36362 2.82111,
	4.36216 2.82111,
	4.36143 2.81965,
	4.35558 2.81819,
	4.35412 2.81673,
	4.30733 2.81307,
	4.29564 2.81015,
	4.28394 2.8043,
	4.28248 2.80284,
	4.28101 2.80284,
	4.26932 2.79479,
	4.2642 2.79187,
	4.243 2.77506,
	4.23276 2.76628,
	4.22472 2.75532,
	4.22107 2.75093,
	4.21814 2.74508,
	4.21741 2.73923,
	4.21741 2.73631,
	4.21741 2.73558,
	"/>
</Transform>

<Transform dim="6"
 xcoef=" 0.347977206958665 1.03334341374884 0.0238128279613942 0 0 0"
 ycoef=" -0.32825167851572 -0.0194851921645114 0.96048331996468 0 0 0">
<Image mag="0.00217507" contrast="0.905595" brightness="0.12" red="true" green="true" blue="true"
 src="FHLTD.110.jpg" />
<Contour name="domain1" hidden="false" closed="true" simplified="false" border="1 0 1" fill="1 0 1" mode="11"
 points="0 0,
	4096 0,
	4096 4096,
	0 4096,
	"/>
</Transform>

<Transform dim="0"
 xcoef=" 0 1 0 0 0 0"
 ycoef=" 0 0 1 0 0 0">
<Contour name="d03" hidden="false" closed="true" simplified="true" border="0 1 0" fill="0 1 0" mode="9"
 points="3.5601 2.48177,
	3.56643 2.45644,
	3.57911 2.43095,
	3.59814 2.41164,
	3.60448 2.3989,
	3.62668 2.37636,
	3.63303 2.36992,
	3.65844 2.37565,
	3.67114 2.38482,
	3.67752 2.40989,
	3.6744 2.46034,
	3.66175 2.51102,
	3.64906 2.5365,
	3.63324 2.58725,
	3.63008 2.59992,
	3.60788 2.62246,
	3.58247 2.62302,
	3.57612 2.62316,
	3.56341 2.61084,
	3.56013 2.51012,
	3.56011 2.48492,
	"/>
</Transform>

<Transform dim="0"
 xcoef=" 0 1 0 0 0 0"
 ycoef=" 0 0 1 0 0 0">
<Contour name="ax09" comment="LK bouton trace named after cfa" hidden="false" closed="true" simplified="true" border="0 1 1" fill="0.502 1 1" mode="9"
 points="3.66752 2.51161,
	3.68053 2.48187,
	3.68239 2.47444,
	3.68053 2.45957,
	3.67867 2.45586,
	3.67775 2.44099,
	3.67775 2.43356,
	3.67867 2.4317,
	3.67775 2.40196,
	3.67775 2.3871,
	3.6796 2.37223,
	3.6796 2.35736,
	3.68518 2.3425,
	3.69447 2.32763,
	3.70005 2.32019,
	3.70748 2.31369,
	3.72235 2.3044,
	3.73721 2.29696,
	3.75208 2.28767,
	3.76137 2.27281,
	3.76881 2.26723,
	3.79854 2.25515,
	3.80226 2.25329,
	3.80412 2.25143,
	3.80412 2.24772,
	3.81062 2.24028,
	3.82549 2.23099,
	3.82735 2.22913,
	3.83106 2.2282,
	3.8608 2.20869,
	3.87566 2.19754,
	3.89053 2.19104,
	3.9054 2.18639,
	3.91283 2.18453,
	3.94257 2.1836,
	3.95743 2.18453,
	3.96487 2.18639,
	3.9723 2.1929,
	3.98624 2.22263,
	3.9881 2.22635,
	4.0011 2.24121,
	4.0104 2.25608,
	4.01411 2.27095,
	4.01504 2.27838,
	4.01504 2.28024,
	4.01783 2.28396,
	4.01969 2.29139,
	4.02248 2.29511,
	4.02341 2.30997,
	4.02248 2.32484,
	4.02248 2.33227,
	4.02248 2.33599,
	4.0327 2.35086,
	4.03456 2.35829,
	4.03363 2.36572,
	4.0327 2.36944,
	4.02712 2.37688,
	4.02526 2.37688,
	4.0104 2.38895,
	3.99553 2.39825,
	3.9881 2.40568,
	3.96858 2.43541,
	3.95929 2.45028,
	3.94721 2.46515,
	3.93234 2.47723,
	3.92491 2.4828,
	3.89518 2.4921,
	3.88774 2.49767,
	3.87566 2.51254,
	3.8608 2.52555,
	3.84593 2.53484,
	3.8162 2.54506,
	3.80133 2.54971,
	3.79389 2.55249,
	3.78646 2.55342,
	3.77159 2.55993,
	3.76788 2.55993,
	3.76044 2.56271,
	3.73071 2.56364,
	3.71584 2.56364,
	3.70098 2.559,
	3.68611 2.55063,
	3.67217 2.53577,
	3.66845 2.52833,
	3.66752 2.51347,
	3.66752 2.51254,
	"/>
</Transform>

<Transform dim="0"
 xcoef=" 0 1 0 0 0 0"
 ycoef=" 0 0 1 0 0 0">
<Contour name="ax15" comment="LK bouton trace named after cfa" hidden="false" closed="true" simplified="true" border="0 1 1" fill="0.502 1 1" mode="9"
 points="2.77213 1.80851,
	2.77448 1.79601,
	2.77565 1.78976,
	2.7776 1.78351,
	2.78932 1.75851,
	2.80221 1.73351,
	2.8069 1.72726,
	2.81315 1.72101,
	2.81627 1.71789,
	2.82877 1.70812,
	2.83502 1.70382,
	2.84752 1.69679,
	2.85377 1.69328,
	2.86002 1.69054,
	2.86314 1.68898,
	2.87564 1.68742,
	2.88189 1.68625,
	2.89439 1.68664,
	2.90064 1.68664,
	2.91314 1.68859,
	2.91939 1.68937,
	2.92564 1.69211,
	2.92877 1.69367,
	2.95376 1.71632,
	2.96626 1.72765,
	2.97251 1.73195,
	2.97564 1.73429,
	2.98189 1.73703,
	2.99439 1.73742,
	3.00064 1.73781,
	3.02564 1.73703,
	3.03814 1.73585,
	3.05063 1.7339,
	3.06313 1.73039,
	3.07563 1.72921,
	3.08188 1.72882,
	3.09438 1.73078,
	3.09751 1.73156,
	3.10376 1.73468,
	3.10688 1.73624,
	3.11938 1.74601,
	3.12251 1.74796,
	3.12876 1.74992,
	3.13188 1.75148,
	3.15688 1.75265,
	3.16938 1.75343,
	3.17094 1.75343,
	3.17719 1.75656,
	3.18032 1.75812,
	3.18657 1.76242,
	3.19282 1.76749,
	3.20297 1.7796,
	3.20727 1.78585,
	3.21391 1.79835,
	3.21742 1.8046,
	3.21781 1.80773,
	3.21899 1.81085,
	3.21938 1.82335,
	3.2182 1.84835,
	3.21703 1.8546,
	3.21313 1.8671,
	3.20727 1.8796,
	3.20063 1.8921,
	3.19282 1.9046,
	3.18422 1.9171,
	3.17211 1.92959,
	3.16586 1.93467,
	3.15961 1.93897,
	3.13461 1.95342,
	3.12212 1.96202,
	3.09712 1.97412,
	3.08462 1.98037,
	3.08149 1.98194,
	3.07524 1.98701,
	3.02525 2.01397,
	3.00025 2.03115,
	2.994 2.03545,
	2.99087 2.03779,
	2.98462 2.04131,
	2.9815 2.04287,
	2.97525 2.04756,
	2.97212 2.0499,
	2.96587 2.05264,
	2.96275 2.05381,
	2.96119 2.05459,
	2.95806 2.05498,
	2.9565 2.05576,
	2.944 2.05576,
	2.93775 2.05537,
	2.9315 2.05225,
	2.92994 2.05107,
	2.92798 2.04795,
	2.92213 2.0417,
	2.90963 2.03115,
	2.9065 2.02842,
	2.90494 2.02725,
	2.90416 2.02647,
	2.90338 2.02647,
	2.89088 2.01631,
	2.88931 2.01475,
	2.88775 2.01397,
	2.88541 2.01084,
	2.87291 2.00342,
	2.86666 1.99912,
	2.86041 1.99561,
	2.85416 1.99053,
	2.84166 1.97881,
	2.82994 1.9667,
	2.82408 1.96045,
	2.82096 1.95733,
	2.81276 1.94483,
	2.81041 1.9417,
	2.79713 1.9167,
	2.79088 1.90421,
	2.78776 1.89796,
	2.78346 1.88546,
	2.78073 1.87921,
	2.77916 1.87296,
	2.77877 1.86671,
	2.77487 1.85421,
	2.77291 1.84171,
	2.77213 1.83858,
	2.77213 1.81358,
	2.77213 1.81046,
	2.77213 1.8089,
	"/>
</Transform>

<Transform dim="0"
 xcoef=" 0 1 0 0 0 0"
 ycoef=" 0 0 1 0 0 0">
<Contour name="d08c18" hidden="false" closed="true" simplified="true" border="1 0 0" fill="0 1 0" mode="9"
 points="5.12639 2.55405,
	5.14698 2.52973,
	5.16072 2.52943,
	5.17446 2.53595,
	5.18134 2.5392,
	5.1814 2.59372,
	5.18142 2.62098,
	5.17114 2.64847,
	5.16772 2.66218,
	5.15399 2.6727,
	5.14712 2.67285,
	5.1368 2.65945,
	5.13331 2.605,
	5.13328 2.57775,
	5.1264 2.56427,
	5.1264 2.55745,
	"/>
<Contour name="d08" hidden="false" closed="true" simplified="true" border="1 0 0" fill="1 0 0" mode="9"
 points="4.98485 2.68187,
	5.00109 2.64922,
	5.02547 2.6164,
	5.02137 2.58421,
	5.02136 2.56807,
	5.0498 2.53919,
	5.08233 2.5183,
	5.11488 2.52161,
	5.14745 2.54914,
	5.15967 2.56501,
	5.15974 2.62957,
	5.15977 2.66186,
	5.13946 2.69459,
	5.10694 2.71953,
	5.0744 2.73236,
	5.04185 2.73308,
	5.0093 2.72169,
	4.99301 2.70994,
	4.98486 2.69398,
	4.98486 2.68591,
	"/>
<Contour name="ax08" comment="LK bouton trace named after cfa" hidden="false" closed="true" simplified="true" border="0 1 1" fill="0.502 1 1" mode="9"
 points="4.56843 2.78193,
	4.57603 2.77088,
	4.58707 2.76329,
	4.60916 2.75569,
	4.62021 2.75086,
	4.62573 2.7481,
	4.62849 2.74534,
	4.63125 2.74396,
	4.65334 2.72325,
	4.66439 2.71704,
	4.66991 2.71497,
	4.68095 2.7129,
	4.692 2.70875,
	4.69752 2.70806,
	4.70373 2.69702,
	4.70857 2.68597,
	4.71202 2.67493,
	4.71409 2.67217,
	4.71478 2.66941,
	4.71685 2.66665,
	4.71685 2.66526,
	4.71892 2.6625,
	4.71892 2.66112,
	4.72099 2.65836,
	4.72168 2.6556,
	4.73756 2.63351,
	4.74515 2.62247,
	4.74998 2.61694,
	4.75482 2.6128,
	4.75758 2.61142,
	4.75896 2.61004,
	4.77 2.60728,
	4.78105 2.60314,
	4.80314 2.59692,
	4.8059 2.59692,
	4.80866 2.59554,
	4.83075 2.59623,
	4.84179 2.59761,
	4.85284 2.60107,
	4.85836 2.60452,
	4.88045 2.62178,
	4.8915 2.62937,
	4.90254 2.63834,
	4.94672 2.68252,
	4.95638 2.69357,
	4.97157 2.71566,
	4.97433 2.71704,
	4.98469 2.7267,
	4.98745 2.72946,
	4.98883 2.73222,
	4.99435 2.73637,
	4.99987 2.73844,
	5.0054 2.74189,
	5.00816 2.74327,
	5.01437 2.75431,
	5.01506 2.7764,
	5.0123 2.78745,
	5.00816 2.79849,
	5.00263 2.80954,
	4.99987 2.81506,
	4.98952 2.82611,
	4.984 2.83025,
	4.98193 2.83301,
	4.97916 2.83439,
	4.97157 2.84543,
	4.96536 2.85648,
	4.96122 2.86752,
	4.96053 2.87305,
	4.95155 2.89514,
	4.95017 2.8979,
	4.95017 2.90066,
	4.94741 2.90618,
	4.94603 2.91723,
	4.94258 2.92827,
	4.93706 2.93932,
	4.92877 2.95036,
	4.92394 2.95588,
	4.91704 2.96693,
	4.9129 2.97245,
	4.91013 2.97521,
	4.8984 2.9973,
	4.89081 3.01939,
	4.88804 3.02491,
	4.88597 3.03596,
	4.87769 3.05805,
	4.86526 3.08014,
	4.86043 3.08566,
	4.8487 3.10775,
	4.84525 3.11879,
	4.84041 3.12984,
	4.83282 3.14088,
	4.82178 3.15124,
	4.81073 3.15607,
	4.79969 3.15952,
	4.7776 3.16021,
	4.75551 3.15055,
	4.73342 3.14296,
	4.71133 3.13191,
	4.7058 3.12915,
	4.6844 3.11051,
	4.66577 3.08842,
	4.65541 3.07738,
	4.64989 3.07185,
	4.63884 3.06495,
	4.61675 3.05529,
	4.60571 3.05045,
	4.60019 3.04838,
	4.58914 3.03803,
	4.58431 3.03251,
	4.5781 3.01042,
	4.57603 2.99937,
	4.57396 2.97728,
	4.5705 2.95519,
	4.56981 2.9331,
	4.56912 2.92206,
	4.57258 2.87788,
	4.57119 2.8337,
	4.57189 2.82265,
	4.56981 2.80056,
	4.56843 2.78952,
	4.56843 2.784,
	4.56843 2.78262,
	"/>
</Transform>

<Transform dim="0"
 xcoef=" 0 1 0 0 0 0"
 ycoef=" 0 0 1 0 0 0">
<Contour name="ax26" comment="LK bouton trace named after cfa" hidden="false" closed="true" simplified="true" border="0 1 1" fill="0.502 1 1" mode="9"
 points="4.78512 2.43005,
	4.79017 2.41657,
	4.79017 2.40983,
	4.79354 2.40309,
	4.7986 2.39635,
	4.81208 2.38708,
	4.82556 2.37613,
	4.83904 2.36265,
	4.84831 2.34917,
	4.84916 2.34242,
	4.8441 2.32894,
	4.83989 2.3222,
	4.83483 2.30872,
	4.8323 2.29524,
	4.8323 2.26828,
	4.83483 2.25479,
	4.83736 2.24805,
	4.84242 2.24131,
	4.84242 2.23963,
	4.8441 2.23794,
	4.8441 2.23626,
	4.85505 2.22278,
	4.86264 2.20929,
	4.88202 2.18233,
	4.88876 2.16885,
	4.89381 2.15537,
	4.8955 2.14189,
	4.8955 2.13515,
	4.88539 2.10818,
	4.88286 2.0947,
	4.88707 2.06774,
	4.88792 2.04077,
	4.88539 2.01381,
	4.88707 2.00033,
	4.8955 1.98685,
	4.90898 1.97589,
	4.91572 1.97,
	4.91909 1.96747,
	4.92078 1.9641,
	4.92752 1.95736,
	4.93342 1.94388,
	4.93763 1.93039,
	4.94016 1.92365,
	4.96712 1.9009,
	4.97049 1.89838,
	4.97302 1.88489,
	4.9747 1.87815,
	4.9747 1.86467,
	4.9747 1.85793,
	4.9806 1.84445,
	4.98481 1.83771,
	4.9983 1.83012,
	5.01178 1.82086,
	5.01852 1.80737,
	5.02105 1.80063,
	5.02273 1.78715,
	5.03369 1.76019,
	5.04295 1.74671,
	5.06992 1.72311,
	5.08171 1.70963,
	5.08845 1.70458,
	5.09182 1.70205,
	5.10531 1.69868,
	5.13227 1.69615,
	5.1862 1.70458,
	5.19294 1.70626,
	5.20642 1.71216,
	5.23338 1.7307,
	5.24686 1.74249,
	5.26793 1.76946,
	5.27383 1.78294,
	5.28057 1.8099,
	5.28225 1.81664,
	5.28225 1.83012,
	5.28057 1.84361,
	5.2772 1.85709,
	5.2654 1.88405,
	5.25613 1.91101,
	5.2536 1.9245,
	5.25276 1.95146,
	5.25445 1.96494,
	5.25613 1.97168,
	5.26287 1.98516,
	5.26456 1.98853,
	5.28984 2.0155,
	5.30332 2.02476,
	5.31006 2.02814,
	5.32354 2.0374,
	5.33702 2.04836,
	5.34376 2.05341,
	5.35724 2.06689,
	5.36904 2.08038,
	5.37662 2.09386,
	5.38252 2.10734,
	5.38421 2.11408,
	5.3901 2.12756,
	5.39432 2.14104,
	5.396 2.15453,
	5.396 2.18149,
	5.39432 2.20845,
	5.39179 2.22193,
	5.39179 2.23541,
	5.38252 2.28934,
	5.37999 2.30282,
	5.37494 2.3163,
	5.37157 2.32979,
	5.36651 2.34327,
	5.35893 2.35675,
	5.34966 2.37023,
	5.32775 2.39719,
	5.32101 2.40393,
	5.31596 2.41068,
	5.30921 2.41573,
	5.30332 2.42247,
	5.28984 2.43258,
	5.27635 2.44438,
	5.26961 2.44775,
	5.25613 2.45786,
	5.2022 2.49072,
	5.18872 2.49662,
	5.16176 2.50336,
	5.10783 2.51263,
	5.05391 2.51347,
	5.04043 2.51094,
	5.02694 2.50673,
	5.01346 2.49999,
	4.99998 2.49578,
	4.99661 2.49409,
	4.98987 2.49325,
	4.98313 2.49072,
	4.95617 2.48567,
	4.94268 2.48735,
	4.93594 2.48819,
	4.93257 2.48819,
	4.92583 2.49072,
	4.91235 2.49241,
	4.90898 2.49409,
	4.90561 2.49409,
	4.89213 2.49915,
	4.88539 2.50168,
	4.88202 2.50252,
	4.87865 2.50505,
	4.87191 2.50757,
	4.84494 2.50842,
	4.83146 2.50252,
	4.81798 2.49494,
	4.81461 2.49409,
	4.80113 2.48314,
	4.79776 2.47977,
	4.79354 2.47303,
	4.79102 2.46966,
	4.7868 2.45618,
	4.78512 2.44943,
	4.78512 2.43595,
	4.78512 2.43258,
	4.78512 2.4309,
	"/>
</Transform>

<Transform dim="0"
 xcoef=" 0 1 0 0 0 0"
 ycoef=" 0 0 1 0 0 0">
<Contour name="d03c10ax08" hidden="false" closed="true" simplified="true" border="0 1 0" fill="0 1 0" mode="9"
 points="4.51962 2.91859,
	4.5306 2.85471,
	4.5316 2.84672,
	4.5326 2.84273,
	4.53659 2.84073,
	4.56853 2.83574,
	4.5845 2.83275,
	4.58849 2.83175,
	4.59149 2.83475,
	4.63341 2.96251,
	4.65437 3.02639,
	4.65737 3.03438,
	4.65836 3.03637,
	4.62742 3.06731,
	4.61145 3.08229,
	4.60347 3.09027,
	4.59947 3.09426,
	4.59848 3.09526,
	4.56154 3.03138,
	4.54358 2.99944,
	4.52361 2.93556,
	4.51962 2.91959,
	"/>
</Transform>

</Section>