<?xml version="1.0"?>
<!DOCTYPE Section SYSTEM "section.dtd">

<Section index="129" thickness="0.045" alignLocked="true">
<Transform dim="6"
 xcoef=" 1.53304215503322 1.01161358043972 -0.0232860853193382 0 0 0"
 ycoef=" 0.762929176675024 0.0206018529314313 1.00550325163609 0 0 0">
<Contour name="D04" hidden="false" closed="true" simplified="true" border="1 0 0" fill="1 0 0" mode="11"
 points="5.46492 7.32996,
	5.46778 7.29096,
	5.47628 7.25281,
	5.49024 7.21634,
	5.50936 7.18235,
	5.53323 7.15158,
	5.56131 7.1247,
	5.59299 7.1023,
	5.6276 7.08487,
	5.66436 7.07278,
	5.70248 7.0663,
	5.74113 7.06558,
	5.77947 7.07063,
	5.81665 7.08133,
	5.85186 7.09746,
	5.88435 7.11866,
	5.91339 7.14447,
	5.93836 7.17432,
	5.95871 7.20758,
	5.97399 7.2435,
	5.98388 7.28131,
	5.98816 7.32018,
	5.98673 7.35926,
	5.97963 7.39771,
	5.96701 7.43467,
	5.94914 7.46936,
	5.92642 7.501,
	5.89934 7.52891,
	5.86849 7.55248,
	5.83455 7.57119,
	5.79825 7.58464,
	5.76039 7.59254,
	5.72179 7.59471,
	5.6833 7.5911,
	5.64576 7.58179,
	5.60998 7.56699,
	5.57674 7.54702,
	5.54678 7.52231,
	5.52073 7.49341,
	5.49918 7.46094,
	5.48259 7.42562,
	5.47133 7.3882,
	"/>
</Transform>

<Transform dim="6"
 xcoef=" 0.0630421550332155 1.01161358043972 -0.0232860853193382 0 0 0"
 ycoef=" -0.167070823324978 0.0206018529314313 1.00550325163609 0 0 0">
<Contour name="D05" hidden="false" closed="true" simplified="true" border="1 1 0" fill="1 1 0" mode="11"
 points="2.69299 3.97404,
	2.70475 3.90163,
	2.73888 3.83632,
	2.79205 3.78448,
	2.85904 3.7512,
	2.93329 3.73974,
	3.00755 3.7512,
	3.07454 3.78448,
	3.12771 3.83632,
	3.16184 3.90163,
	3.1736 3.97404,
	3.16184 4.04644,
	3.12771 4.11175,
	3.07454 4.16359,
	3.00755 4.19687,
	2.93329 4.20833,
	2.85904 4.19687,
	2.79205 4.16359,
	2.73888 4.11175,
	"/>
</Transform>

<Transform dim="6"
 xcoef=" 0.0630421550332155 1.01161358043972 -0.0232860853193382 0 0 0"
 ycoef=" -0.167070823324978 0.0206018529314313 1.00550325163609 0 0 0">
<Contour name="d01" hidden="false" closed="true" simplified="true" border="1 0.5 0" fill="1 0.5 0" mode="9"
 points="6.37705 4.08088,
	6.39836 4.07556,
	6.43565 4.09154,
	6.45696 4.09687,
	6.47827 4.11285,
	6.48892 4.11818,
	6.51023 4.10752,
	6.55285 4.0649,
	6.59015 4.03294,
	6.60613 4.01695,
	6.60613 4.0063,
	6.61679 4.00097,
	6.61679 3.97966,
	6.61679 3.96901,
	6.6381 3.95835,
	6.72334 3.96368,
	6.76596 3.95835,
	6.80325 3.91573,
	6.82456 3.89442,
	6.83521 3.89442,
	6.84587 3.91573,
	6.77661 3.99032,
	6.69137 4.04359,
	6.65408 4.08088,
	6.61146 4.10219,
	6.53154 4.1608,
	6.48892 4.16612,
	6.4463 4.1608,
	6.40368 4.13416,
	6.38237 4.09154,
	6.37705 4.08621,
	"/>
</Transform>

<Transform dim="6"
 xcoef=" 0.0630421550332155 1.01161358043972 -0.0232860853193382 0 0 0"
 ycoef=" -0.167070823324978 0.0206018529314313 1.00550325163609 0 0 0">
<Contour name="d01" hidden="false" closed="true" simplified="true" border="1 0.5 0" fill="1 0.5 0" mode="9"
 points="4.93974 3.41332,
	4.94419 3.40887,
	4.962 3.41777,
	5.02875 3.37772,
	5.0332 3.35992,
	5.0154 3.32431,
	5.00205 3.25311,
	5.01095 3.1107,
	5.0154 3.0929,
	5.01985 3.084,
	5.05545 3.1018,
	5.09105 3.10625,
	5.12665 3.084,
	5.14445 3.07955,
	5.21566 3.09735,
	5.25126 3.08845,
	5.28686 3.09735,
	5.32246 3.11515,
	5.39367 3.1196,
	5.46487 3.11515,
	5.50047 3.1018,
	5.52272 3.07065,
	5.53162 3.03505,
	5.54052 3.01725,
	5.54052 2.98165,
	5.55387 2.94605,
	5.58503 2.91044,
	5.59393 2.90154,
	5.61173 2.90154,
	5.64288 2.93715,
	5.65623 2.97275,
	5.66513 3.04395,
	5.66958 3.07955,
	5.66958 3.08845,
	5.70518 3.1107,
	5.71408 3.1196,
	5.72743 3.19081,
	5.72743 3.20861,
	5.75858 3.24421,
	5.77194 3.27981,
	5.83869 3.34657,
	5.87429 3.37772,
	5.90989 3.39997,
	5.91434 3.43557,
	5.94549 3.45337,
	5.95884 3.47117,
	5.96329 3.48007,
	5.95439 3.49787,
	5.95884 3.51567,
	5.99445 3.52457,
	6.01225 3.52902,
	6.0345 3.56018,
	6.04785 3.59578,
	6.079 3.62693,
	6.0968 3.64028,
	6.1057 3.64918,
	6.1413 3.66253,
	6.17691 3.68478,
	6.21251 3.68033,
	6.28371 3.69368,
	6.31931 3.69813,
	6.33711 3.70258,
	6.35046 3.73818,
	6.35491 3.75599,
	6.33266 3.79159,
	6.26146 3.82719,
	6.24366 3.82274,
	6.22586 3.80939,
	6.20806 3.77379,
	6.17691 3.73818,
	6.1591 3.72038,
	6.1235 3.72928,
	6.0523 3.77379,
	6.0167 3.79604,
	5.9989 3.80049,
	5.96329 3.77824,
	5.92769 3.78714,
	5.91879 3.78714,
	5.88319 3.81829,
	5.86539 3.83609,
	5.85204 3.87169,
	5.84314 3.88949,
	5.80754 3.91619,
	5.79864 3.92064,
	5.76303 3.91174,
	5.69183 3.92509,
	5.65623 3.93399,
	5.63843 3.93844,
	5.62063 3.93399,
	5.60728 3.94735,
	5.60283 3.9518,
	5.56723 3.92064,
	5.56278 3.93844,
	5.52717 3.95625,
	5.49602 3.93399,
	5.46487 3.90284,
	5.44707 3.86724,
	5.43372 3.84944,
	5.41592 3.84054,
	5.38032 3.83609,
	5.34471 3.81829,
	5.31356 3.78714,
	5.24236 3.74709,
	5.22011 3.71148,
	5.21121 3.69368,
	5.19341 3.68033,
	5.1578 3.69813,
	5.1222 3.69368,
	5.09105 3.72038,
	5.05545 3.71148,
	5.03765 3.70258,
	5.02875 3.66698,
	5.00205 3.63583,
	4.9976 3.61803,
	5.01985 3.54683,
	5.01985 3.51122,
	5.0154 3.49342,
	5.0154 3.48452,
	4.9976 3.46672,
	4.9798 3.46227,
	4.95755 3.43112,
	4.94419 3.41777,
	"/>
</Transform>

<Transform dim="6"
 xcoef=" 0.0630421550332155 1.01161358043972 -0.0232860853193382 0 0 0"
 ycoef=" -0.167070823324978 0.0206018529314313 1.00550325163609 0 0 0">
<Contour name="d01" hidden="false" closed="true" simplified="true" border="1 0.5 0" fill="1 0.5 0" mode="9"
 points="5.80309 4.25441,
	5.80754 4.21881,
	5.83869 4.18321,
	5.90989 4.14315,
	5.93659 4.112,
	6.0078 4.0675,
	6.0345 4.03635,
	6.0523 4.02745,
	6.0612 4.0319,
	6.03895 4.1031,
	6.0167 4.24551,
	6.02115 4.31226,
	6.0256 4.27666,
	6.0256 4.25886,
	6.03005 4.25441,
	6.0345 4.29001,
	6.03005 4.32561,
	6.0256 4.34341,
	6.0256 4.35232,
	5.95439 4.41462,
	5.91879 4.44132,
	5.84759 4.40572,
	5.83424 4.33451,
	5.80309 4.26331,
	5.80309 4.25886,
	"/>
</Transform>

<Transform dim="6"
 xcoef=" 0.0630421550332155 1.01161358043972 -0.0232860853193382 0 0 0"
 ycoef=" -0.167070823324978 0.0206018529314313 1.00550325163609 0 0 0">
<Contour name="d02" hidden="false" closed="true" simplified="true" border="0.5 0 1" fill="0.5 0 1" mode="9"
 points="4.77303 5.8052,
	4.78554 5.75516,
	4.82933 5.71137,
	4.86061 5.68009,
	4.88563 5.67383,
	4.93567 5.64256,
	4.9607 5.64256,
	4.97946 5.66132,
	4.97946 5.67383,
	4.95444 5.69886,
	4.85435 5.76141,
	4.83558 5.78643,
	4.82307 5.79895,
	4.81056 5.79895,
	4.79179 5.82397,
	4.77928 5.83022,
	4.77303 5.81146,
	"/>
</Transform>

<Transform dim="6"
 xcoef=" 0.0630421550332155 1.01161358043972 -0.0232860853193382 0 0 0"
 ycoef=" -0.167070823324978 0.0206018529314313 1.00550325163609 0 0 0">
<Contour name="d02" hidden="false" closed="true" simplified="true" border="0.5 0 1" fill="0.5 0 1" mode="9"
 points="4.88425 6.0408,
	4.89032 6.02866,
	4.90246 6.01955,
	4.9996 6.02866,
	5.04817 6.03777,
	5.07245 6.05902,
	5.0846 6.07116,
	5.09067 6.0833,
	5.08763 6.09544,
	5.07549 6.10455,
	5.02692 6.1258,
	5.00264 6.12884,
	4.97835 6.11366,
	4.95407 6.09241,
	4.9055 6.06205,
	4.89335 6.04991,
	4.88728 6.05598,
	4.88425 6.04384,
	"/>
</Transform>

<Transform dim="6"
 xcoef=" 0.0630421550332155 1.01161358043972 -0.0232860853193382 0 0 0"
 ycoef=" -0.167070823324978 0.0206018529314313 1.00550325163609 0 0 0">
<Contour name="d01c16" hidden="false" closed="true" simplified="true" border="0 1 0" fill="0 1 0" mode="9"
 points="5.96789 4.27996,
	5.97235 4.27105,
	5.97012 4.25324,
	5.9768 4.23542,
	5.97903 4.21761,
	5.9768 4.19979,
	5.9768 4.19089,
	5.99016 4.17307,
	5.99239 4.15526,
	5.99239 4.14635,
	5.99907 4.13744,
	6.00575 4.13299,
	5.99684 4.13076,
	5.99016 4.12408,
	5.99239 4.11517,
	5.99684 4.11072,
	6.01243 4.10404,
	6.02134 4.09959,
	6.03915 4.10181,
	6.04138 4.13744,
	6.03692 4.15526,
	6.03247 4.16416,
	6.03247 4.17307,
	6.02802 4.18198,
	6.01688 4.32449,
	6.00129 4.36012,
	6.00129 4.36458,
	5.99684 4.36903,
	5.99239 4.3668,
	5.99461 4.36458,
	5.98348 4.34676,
	5.9768 4.32895,
	5.97457 4.31113,
	5.96789 4.29332,
	5.96789 4.28441,
	5.96789 4.28219,
	"/>
</Transform>

<Transform dim="6"
 xcoef=" 0.0630421550332155 1.01161358043972 -0.0232860853193382 0 0 0"
 ycoef=" -0.167070823324978 0.0206018529314313 1.00550325163609 0 0 0">
<Contour name="d01cfa16" hidden="false" closed="false" simplified="false" border="0 1 1" fill="0 1 1" mode="9"
 points="6.02283 4.10554,
	6.02506 4.11445,
	6.02283 4.13449,
	6.01615 4.15676,
	6.00724 4.18348,
	5.99611 4.22802,
	6.00056 4.27478,
	6.00056 4.32377,
	5.99611 4.36163,
	"/>
</Transform>

<Transform dim="6"
 xcoef=" 0.0630421550332155 1.01161358043972 -0.0232860853193382 0 0 0"
 ycoef=" -0.167070823324978 0.0206018529314313 1.00550325163609 0 0 0">
<Contour name="d01" hidden="false" closed="true" simplified="true" border="1 0.5 0" fill="1 0.5 0" mode="9"
 points="4.93712 2.93658,
	4.9463 2.9274,
	4.95547 2.89069,
	4.96465 2.87234,
	5.00136 2.85857,
	5.03806 2.85857,
	5.05642 2.86316,
	5.07477 2.87693,
	5.08854 2.91363,
	5.09771 2.93199,
	5.09313 2.9687,
	5.07936 2.98705,
	5.04265 3.00999,
	5.02889 3.02834,
	5.01053 3.02376,
	4.983 2.99164,
	4.96465 2.98705,
	4.95547 2.98705,
	4.94171 2.9687,
	4.93712 2.95034,
	4.93712 2.94117,
	"/>
</Transform>

<Transform dim="6"
 xcoef=" 0.0630421550332155 1.01161358043972 -0.0232860853193382 0 0 0"
 ycoef=" -0.167070823324978 0.0206018529314313 1.00550325163609 0 0 0">
<Contour name="d03" hidden="false" closed="true" simplified="true" border="0 1 0" fill="0 1 0" mode="9"
 points="3.13402 2.70432,
	3.16358 2.67475,
	3.18329 2.64322,
	3.20892 2.61168,
	3.22074 2.59591,
	3.25228 2.5762,
	3.25819 2.57226,
	3.26411 2.55649,
	3.26608 2.5486,
	3.31733 2.48553,
	3.33112 2.46976,
	3.36266 2.45005,
	3.37054 2.44611,
	3.39026 2.41457,
	3.40011 2.3988,
	3.40405 2.39092,
	3.46713 2.35347,
	3.49866 2.33179,
	3.56174 2.30419,
	3.59328 2.29236,
	3.62481 2.26674,
	3.68789 2.25886,
	3.81404 2.26477,
	3.82192 2.26674,
	3.83769 2.28251,
	3.84557 2.29039,
	3.84952 2.29434,
	3.8574 2.35741,
	3.85937 2.38895,
	3.86134 2.40472,
	3.84755 2.43625,
	3.80024 2.49933,
	3.77856 2.53087,
	3.7687 2.54663,
	3.76279 2.5624,
	3.76279 2.62548,
	3.77659 2.68855,
	3.7825 2.72009,
	3.78447 2.73586,
	3.78644 2.74374,
	3.76476 2.77528,
	3.75491 2.79105,
	3.74111 2.80485,
	3.67803 2.83835,
	3.55188 2.89551,
	3.52035 2.91128,
	3.50458 2.91917,
	3.47304 2.92705,
	3.45727 2.93297,
	3.3942 2.93494,
	3.38631 2.93494,
	3.26016 2.85215,
	3.19709 2.8147,
	3.16555 2.79499,
	3.1419 2.76345,
	3.13599 2.75557,
	3.13402 2.72403,
	3.13402 2.70826,
	3.13402 2.70629,
	"/>
</Transform>

<Transform dim="6"
 xcoef=" 0.0630421550332155 1.01161358043972 -0.0232860853193382 0 0 0"
 ycoef=" -0.167070823324978 0.0206018529314313 1.00550325163609 0 0 0">
<Contour name="D09" hidden="false" closed="true" simplified="true" border="0 1 0" fill="0 1 0" mode="11"
 points="5.95282 1.59313,
	5.96039 1.55357,
	5.98237 1.51788,
	6.01659 1.48956,
	6.05972 1.47137,
	6.10752 1.4651,
	6.15533 1.47137,
	6.19845 1.48956,
	6.23268 1.51788,
	6.25465 1.55357,
	6.26222 1.59313,
	6.25465 1.63269,
	6.23268 1.66838,
	6.19845 1.69671,
	6.15533 1.71489,
	6.10752 1.72116,
	6.05972 1.71489,
	6.01659 1.69671,
	5.98237 1.66838,
	"/>
</Transform>

<Transform dim="6"
 xcoef=" 0.0630421550332155 1.01161358043972 -0.0232860853193382 0 0 0"
 ycoef=" -0.167070823324978 0.0206018529314313 1.00550325163609 0 0 0">
<Contour name="d03" hidden="false" closed="true" simplified="true" border="0 1 0" fill="0 1 0" mode="9"
 points="3.17869 3.54242,
	3.22613 3.49498,
	3.23878 3.48549,
	3.24511 3.48549,
	3.29572 3.45702,
	3.32102 3.43488,
	3.34632 3.42539,
	3.35897 3.41907,
	3.38428 3.41907,
	3.39693 3.42223,
	3.40958 3.41907,
	3.42223 3.42223,
	3.44121 3.44121,
	3.44121 3.46651,
	3.43488 3.49181,
	3.43172 3.50447,
	3.40958 3.52661,
	3.30837 3.58986,
	3.29572 3.59935,
	3.28307 3.60252,
	3.27674 3.60252,
	3.26409 3.612,
	3.21348 3.62149,
	3.20083 3.62149,
	3.17869 3.59935,
	3.17869 3.54875,
	3.17869 3.54558,
	"/>
</Transform>

<Transform dim="6"
 xcoef=" 0.0630421550332155 1.01161358043972 -0.0232860853193382 0 0 0"
 ycoef=" -0.167070823324978 0.0206018529314313 1.00550325163609 0 0 0">
<Contour name="d03c20" hidden="false" closed="true" simplified="true" border="1 0 0" fill="1 0 0" mode="9"
 points="3.21884 3.62376,
	3.22567 3.60556,
	3.22567 3.59646,
	3.23022 3.58736,
	3.29846 3.53959,
	3.31666 3.53276,
	3.32576 3.52821,
	3.33486 3.51912,
	3.35078 3.50774,
	3.3576 3.50092,
	3.394 3.48727,
	3.4122 3.47817,
	3.44632 3.48272,
	3.45542 3.48499,
	3.45997 3.48499,
	3.46452 3.48954,
	3.46225 3.52594,
	3.45087 3.54414,
	3.43267 3.56006,
	3.42812 3.56006,
	3.39628 3.58963,
	3.37808 3.60783,
	3.34396 3.63286,
	3.32576 3.63741,
	3.31666 3.63741,
	3.28026 3.65105,
	3.24386 3.65788,
	3.22567 3.6556,
	3.21884 3.6465,
	3.21884 3.62831,
	3.21884 3.62603,
	"/>
<Contour name="d03cfa20" hidden="false" closed="false" simplified="false" border="0 1 1" fill="0 1 1" mode="9"
 points="3.46124 3.48561,
	3.39982 3.53566,
	3.302 3.59025,
	3.21783 3.62893,
	"/>
</Transform>

<Transform dim="6"
 xcoef=" 0.0630421550332155 1.01161358043972 -0.0232860853193382 0 0 0"
 ycoef=" -0.167070823324978 0.0206018529314313 1.00550325163609 0 0 0">
<Contour name="d06" hidden="false" closed="true" simplified="true" border="0 0 1" fill="0 0 1" mode="9"
 points="2.01758 6.63796,
	2.02594 6.62681,
	2.07053 6.60173,
	2.0761 6.60173,
	2.08168 6.59615,
	2.09282 6.59337,
	2.11233 6.57386,
	2.12069 6.55435,
	2.12069 6.50977,
	2.1179 6.48747,
	2.11512 6.47633,
	2.09282 6.46797,
	2.07053 6.45403,
	2.06217 6.44289,
	2.06217 6.3983,
	2.06217 6.376,
	2.06774 6.35371,
	2.07332 6.34256,
	2.0761 6.29798,
	2.09004 6.27568,
	2.12905 6.23388,
	2.14577 6.21995,
	2.15134 6.2088,
	2.16249 6.19765,
	2.16806 6.19208,
	2.21265 6.19208,
	2.23495 6.19487,
	2.24331 6.20601,
	2.24331 6.22831,
	2.25445 6.2506,
	2.2656 6.26175,
	2.27117 6.2729,
	2.29347 6.28962,
	2.31576 6.29798,
	2.33805 6.29798,
	2.36035 6.30355,
	2.38264 6.30076,
	2.40494 6.28683,
	2.42723 6.26454,
	2.44395 6.24224,
	2.48296 6.20601,
	2.50526 6.19487,
	2.51083 6.19487,
	2.5164 6.18929,
	2.52198 6.18929,
	2.52476 6.18372,
	2.54706 6.17815,
	2.59165 6.18651,
	2.61394 6.19487,
	2.63623 6.19765,
	2.65853 6.21159,
	2.68082 6.21995,
	2.69197 6.21995,
	2.70311 6.22552,
	2.72262 6.24503,
	2.72819 6.25339,
	2.72819 6.29798,
	2.71705 6.32027,
	2.70033 6.33978,
	2.68918 6.34535,
	2.68361 6.34814,
	2.68361 6.35928,
	2.69475 6.38158,
	2.7059 6.39551,
	2.71426 6.41781,
	2.71705 6.46239,
	2.71705 6.48469,
	2.71705 6.49583,
	2.68082 6.53206,
	2.67803 6.57665,
	2.67803 6.59894,
	2.67525 6.61009,
	2.65853 6.63238,
	2.61394 6.65746,
	2.60279 6.66025,
	2.59165 6.66861,
	2.54706 6.68254,
	2.53591 6.6909,
	2.52198 6.71041,
	2.48018 6.74942,
	2.45788 6.75221,
	2.43559 6.76057,
	2.391 6.76336,
	2.30183 6.76057,
	2.25724 6.75778,
	2.23495 6.755,
	2.19036 6.72992,
	2.17921 6.72434,
	2.13462 6.71877,
	2.09004 6.70484,
	2.04545 6.69648,
	2.02594 6.67697,
	2.01758 6.66582,
	2.01758 6.64353,
	2.01758 6.64074,
	"/>
<Contour name="d06" hidden="false" closed="true" simplified="true" border="0 0 1" fill="0 0 1" mode="9"
 points="2.6641 6.84139,
	2.66967 6.83024,
	2.69197 6.81352,
	2.71426 6.80237,
	2.73377 6.78286,
	2.7477 6.76057,
	2.75606 6.73828,
	2.76163 6.69369,
	2.76163 6.68254,
	2.80344 6.64632,
	2.82573 6.63517,
	2.84802 6.61845,
	2.85638 6.61009,
	2.86196 6.61009,
	2.90654 6.57107,
	2.99293 6.50977,
	3.03752 6.48469,
	3.05703 6.47075,
	3.06539 6.45961,
	3.08768 6.44846,
	3.12391 6.41781,
	3.12669 6.41223,
	3.17128 6.41223,
	3.21587 6.41781,
	3.26046 6.41781,
	3.2716 6.42617,
	3.2939 6.43453,
	3.30504 6.43453,
	3.31619 6.4401,
	3.32734 6.45125,
	3.37193 6.44846,
	3.39422 6.4401,
	3.48339 6.43731,
	3.51126 6.4819,
	3.51405 6.49305,
	3.50847 6.51534,
	3.50569 6.52649,
	3.50011 6.53206,
	3.50011 6.53763,
	3.48339 6.55993,
	3.47782 6.56829,
	3.47782 6.57943,
	3.48618 6.59058,
	3.53077 6.6073,
	3.54192 6.61009,
	3.55306 6.61845,
	3.56421 6.64074,
	3.56421 6.66304,
	3.56421 6.67418,
	3.51962 6.71041,
	3.49733 6.72713,
	3.47782 6.73828,
	3.43323 6.76893,
	3.38865 6.79401,
	3.34406 6.80237,
	3.29947 6.80237,
	3.25488 6.81631,
	3.23538 6.83024,
	3.20194 6.86647,
	3.16014 6.91105,
	3.13784 6.92777,
	3.11555 6.93056,
	3.09325 6.93892,
	3.07096 6.93892,
	3.04867 6.94449,
	3.04309 6.94449,
	3.03752 6.95007,
	3.01523 6.95564,
	3.00408 6.96121,
	2.99293 6.96121,
	2.98736 6.96679,
	2.97621 6.96679,
	2.96506 6.97236,
	2.92048 6.98072,
	2.87589 6.97793,
	2.8313 6.96957,
	2.78672 6.94728,
	2.77557 6.94171,
	2.75327 6.9222,
	2.70869 6.90269,
	2.68918 6.88876,
	2.66967 6.86925,
	2.6641 6.85811,
	2.6641 6.84696,
	2.6641 6.84417,
	"/>
</Transform>

<Transform dim="6"
 xcoef=" 0.0630421550332155 1.01161358043972 -0.0232860853193382 0 0 0"
 ycoef=" -0.167070823324978 0.0206018529314313 1.00550325163609 0 0 0">
<Contour name="d06c16" hidden="false" closed="true" simplified="true" border="0 1 0" fill="0 1 0" mode="9"
 points="2.22386 6.21835,
	2.23657 6.20141,
	2.25352 6.19293,
	2.38907 6.19293,
	2.45684 6.19293,
	2.47378 6.19293,
	2.48226 6.19293,
	2.48649 6.22682,
	2.48649 6.24377,
	2.47378 6.27765,
	2.45261 6.3073,
	2.42295 6.32001,
	2.35518 6.32848,
	2.32129 6.32848,
	2.30435 6.32848,
	2.27046 6.31578,
	2.25352 6.31578,
	2.22386 6.28612,
	2.22386 6.22259,
	"/>
<Contour name="d06cfa16" hidden="false" closed="false" simplified="false" border="0 1 1" fill="0 1 1" mode="9"
 points="2.22038 6.21938,
	2.28392 6.2575,
	2.35169 6.27021,
	2.44065 6.24479,
	2.48301 6.20667,
	"/>
</Transform>

<Transform dim="6"
 xcoef=" 0.0630421550332155 1.01161358043972 -0.0232860853193382 0 0 0"
 ycoef=" -0.167070823324978 0.0206018529314313 1.00550325163609 0 0 0">
<Contour name="d06c16b" hidden="false" closed="true" simplified="true" border="0 1 0" fill="0 1 0" mode="9"
 points="2.13491 6.52334,
	2.15609 6.49369,
	2.17303 6.47674,
	2.20692 6.46403,
	2.22386 6.46403,
	2.24081 6.47674,
	2.24504 6.51063,
	2.23657 6.5784,
	2.22386 6.59535,
	2.15609 6.59535,
	2.13915 6.58264,
	2.13491 6.54875,
	2.13491 6.53181,
	2.13491 6.52757,
	"/>
</Transform>

<Transform dim="6"
 xcoef=" 0.0730421550332155 1.01161358043972 -0.0232860853193382 0 0 0"
 ycoef=" -0.177070823324978 0.0206018529314313 1.00550325163609 0 0 0">
<Contour name="d06cfa16b" hidden="false" closed="true" simplified="true" border="0 1 0" fill="0 1 0" mode="9"
 points="2.13491 6.52334,
	2.15609 6.49369,
	2.17303 6.47674,
	2.20692 6.46403,
	2.22386 6.46403,
	2.24081 6.47674,
	2.24504 6.51063,
	2.23657 6.5784,
	2.22386 6.59535,
	2.15609 6.59535,
	2.13915 6.58264,
	2.13491 6.54875,
	2.13491 6.53181,
	2.13491 6.52757,
	"/>
<Contour name="d06cfa16b" hidden="false" closed="false" simplified="false" border="0 1 1" fill="0 1 1" mode="9"
 points="2.18802 6.59061,
	2.22614 6.5779,
	2.24732 6.52284,
	2.22614 6.4593,
	"/>
</Transform>

<Transform dim="6"
 xcoef=" 0.0630421550332155 1.01161358043972 -0.0232860853193382 0 0 0"
 ycoef=" -0.167070823324978 0.0206018529314313 1.00550325163609 0 0 0">
<Contour name="d08" hidden="false" closed="true" simplified="true" border="1 0 0" fill="1 0 0" mode="9"
 points="3.95509 2.71285,
	3.97336 2.67631,
	3.9825 2.63977,
	3.9825 2.62151,
	3.9688 2.58497,
	3.9688 2.5119,
	3.9688 2.47536,
	3.9688 2.45709,
	3.99163 2.42055,
	3.9962 2.40229,
	4.06927 2.34748,
	4.14234 2.30181,
	4.21542 2.26984,
	4.25195 2.25157,
	4.3981 2.247,
	4.43464 2.24244,
	4.50771 2.21047,
	4.54425 2.18763,
	4.58078 2.19677,
	4.59905 2.2059,
	4.60819 2.20133,
	4.68126 2.2333,
	4.69953 2.23787,
	4.73607 2.26527,
	4.7589 2.30181,
	4.7589 2.37488,
	4.7589 2.41142,
	4.74977 2.42969,
	4.7178 2.46622,
	4.68583 2.5393,
	4.61275 2.59867,
	4.53968 2.64434,
	4.50314 2.67174,
	4.47117 2.70828,
	4.45747 2.72655,
	4.45291 2.79962,
	4.44834 2.83616,
	4.44377 2.85443,
	4.48031 2.88183,
	4.50314 2.91837,
	4.51228 2.93663,
	4.51228 2.97317,
	4.48944 3.00971,
	4.45747 3.04168,
	4.3844 3.03711,
	4.34786 3.02341,
	4.28849 2.9549,
	4.28849 2.94577,
	4.27936 2.9412,
	4.24282 2.94577,
	4.20628 2.9412,
	4.13321 2.9138,
	4.09667 2.90466,
	4.07841 2.90466,
	4.06014 2.89553,
	4.03273 2.85899,
	4.02817 2.84073,
	3.95966 2.78592,
	3.95509 2.71741,
	"/>
</Transform>

<Transform dim="6"
 xcoef=" 0.0630421550332155 1.01161358043972 -0.0232860853193382 0 0 0"
 ycoef=" -0.167070823324978 0.0206018529314313 1.00550325163609 0 0 0">
<Contour name="d08" hidden="false" closed="true" simplified="true" border="1 0 0" fill="1 0 0" mode="9"
 points="4.56708 3.07821,
	4.57622 3.07365,
	4.61275 3.07821,
	4.63102 3.07821,
	4.66756 3.11018,
	4.68583 3.12388,
	4.72236 3.13759,
	4.86851 3.13302,
	4.90505 3.12388,
	4.94158 3.12845,
	4.95072 3.13302,
	4.95072 3.16956,
	4.95072 3.18782,
	4.92332 3.22436,
	4.91418 3.24263,
	4.90505 3.25176,
	4.88678 3.25633,
	4.82284 3.32484,
	4.79087 3.35681,
	4.7726 3.35681,
	4.75433 3.37051,
	4.68126 3.39334,
	4.66299 3.39334,
	4.64472 3.38421,
	4.60819 3.34767,
	4.59449 3.31114,
	4.58992 3.2746,
	4.58078 3.25633,
	4.57622 3.18326,
	4.56708 3.16499,
	4.56708 3.09192,
	4.56708 3.08278,
	"/>
</Transform>

<Transform dim="6"
 xcoef=" 0.0630421550332155 1.01161358043972 -0.0232860853193382 0 0 0"
 ycoef=" -0.167070823324978 0.0206018529314313 1.00550325163609 0 0 0">
<Contour name="D05" hidden="false" closed="true" simplified="true" border="1 1 0" fill="1 1 0" mode="11"
 points="2.92089 2.66732,
	2.92374 2.6448,
	2.93202 2.62448,
	2.94492 2.60836,
	2.96117 2.59801,
	2.97919 2.59444,
	2.99721 2.59801,
	3.01346 2.60836,
	3.02636 2.62448,
	3.03464 2.6448,
	3.0375 2.66732,
	3.03464 2.68984,
	3.02636 2.71016,
	3.01346 2.72629,
	2.99721 2.73664,
	2.97919 2.7402,
	2.96117 2.73664,
	2.94492 2.72629,
	2.93202 2.71016,
	"/>
</Transform>

<Transform dim="6"
 xcoef=" 0.0630421550332155 1.01161358043972 -0.0232860853193382 0 0 0"
 ycoef=" -0.167070823324978 0.0206018529314313 1.00550325163609 0 0 0">
<Contour name="D11" hidden="false" closed="true" simplified="true" border="1 0.5 0" fill="1 0.5 0" mode="11"
 points="5.18993 4.36546,
	5.19124 4.35721,
	5.19504 4.34976,
	5.20095 4.34384,
	5.2084 4.34005,
	5.21666 4.33874,
	5.22491 4.34005,
	5.23236 4.34384,
	5.23828 4.34976,
	5.24207 4.35721,
	5.24338 4.36546,
	5.24207 4.37372,
	5.23828 4.38117,
	5.23236 4.38708,
	5.22491 4.39088,
	5.21666 4.39219,
	5.2084 4.39088,
	5.20095 4.38708,
	5.19504 4.38117,
	"/>
</Transform>

<Transform dim="6"
 xcoef=" 0.0630421550332155 1.01161358043972 -0.0232860853193382 0 0 0"
 ycoef=" -0.167070823324978 0.0206018529314313 1.00550325163609 0 0 0">
<Contour name="D11" hidden="false" closed="true" simplified="true" border="1 0.5 0" fill="1 0.5 0" mode="11"
 points="4.00925 3.92575,
	4.01432 3.89567,
	4.02909 3.86827,
	4.05224 3.84597,
	4.08172 3.83076,
	4.1149 3.824,
	4.14884 3.82627,
	4.18052 3.83738,
	4.20713 3.85634,
	4.22631 3.88147,
	4.23634 3.91054,
	4.23634 3.94095,
	4.22631 3.97002,
	4.20713 3.99515,
	4.18052 4.01411,
	4.14884 4.02522,
	4.1149 4.02749,
	4.08172 4.02073,
	4.05224 4.00552,
	4.02909 3.98322,
	"/>
</Transform>

<Transform dim="6"
 xcoef=" 0.0630421550332155 1.01161358043972 -0.0232860853193382 0 0 0"
 ycoef=" -0.167070823324978 0.0206018529314313 1.00550325163609 0 0 0">
<Contour name="D11" hidden="false" closed="true" simplified="true" border="1 0.5 0" fill="1 0.5 0" mode="11"
 points="4.0384 5.121,
	4.04066 5.10599,
	4.04722 5.09244,
	4.05743 5.08169,
	4.0703 5.07479,
	4.08456 5.07242,
	4.09883 5.07479,
	4.11169 5.08169,
	4.12191 5.09244,
	4.12846 5.10599,
	4.13072 5.121,
	4.12846 5.13602,
	4.12191 5.14956,
	4.11169 5.16031,
	4.09883 5.16721,
	4.08456 5.16959,
	4.0703 5.16721,
	4.05743 5.16031,
	4.04722 5.14956,
	"/>
</Transform>

<Transform dim="6"
 xcoef=" 0.0630421550332155 1.01161358043972 -0.0232860853193382 0 0 0"
 ycoef=" -0.167070823324978 0.0206018529314313 1.00550325163609 0 0 0">
<Contour name="D11" hidden="false" closed="true" simplified="true" border="1 0.5 0" fill="1 0.5 0" mode="11"
 points="4.90327 4.63513,
	4.90588 4.62311,
	4.91347 4.61228,
	4.9253 4.60368,
	4.9402 4.59816,
	4.95671 4.59626,
	4.97323 4.59816,
	4.98813 4.60368,
	4.99995 4.61228,
	5.00754 4.62311,
	5.01016 4.63513,
	5.00754 4.64714,
	4.99995 4.65797,
	4.98813 4.66657,
	4.97323 4.67209,
	4.95671 4.674,
	4.9402 4.67209,
	4.9253 4.66657,
	4.91347 4.65797,
	"/>
</Transform>

<Transform dim="6"
 xcoef=" 0.0630421550332155 1.01161358043972 -0.0232860853193382 0 0 0"
 ycoef=" -0.167070823324978 0.0206018529314313 1.00550325163609 0 0 0">
<Contour name="D14" hidden="false" closed="true" simplified="true" border="1 0 0" fill="1 0 0" mode="11"
 points="5.22394 5.34937,
	5.22454 5.34336,
	5.22626 5.33794,
	5.22895 5.33364,
	5.23234 5.33088,
	5.23609 5.32993,
	5.23985 5.33088,
	5.24323 5.33364,
	5.24592 5.33794,
	5.24764 5.34336,
	5.24824 5.34937,
	5.24764 5.35537,
	5.24592 5.36079,
	5.24323 5.36509,
	5.23985 5.36785,
	5.23609 5.3688,
	5.23234 5.36785,
	5.22895 5.36509,
	5.22626 5.36079,
	"/>
</Transform>

<Transform dim="6"
 xcoef=" 0.0630421550332155 1.01161358043972 -0.0232860853193382 0 0 0"
 ycoef=" -0.167070823324978 0.0206018529314313 1.00550325163609 0 0 0">
<Contour name="D14" hidden="false" closed="true" simplified="true" border="1 0 0" fill="1 0 0" mode="11"
 points="4.75264 4.25371,
	4.75609 4.23044,
	4.7661 4.20945,
	4.78169 4.19278,
	4.80132 4.18209,
	4.8231 4.1784,
	4.84487 4.18209,
	4.86451 4.19278,
	4.88009 4.20945,
	4.8901 4.23044,
	4.89355 4.25371,
	4.8901 4.27698,
	4.88009 4.29798,
	4.86451 4.31464,
	4.84487 4.32534,
	4.8231 4.32902,
	4.80132 4.32534,
	4.78169 4.31464,
	4.7661 4.29798,
	"/>
</Transform>

<Transform dim="6"
 xcoef=" 0.0630421550332155 1.01161358043972 -0.0232860853193382 0 0 0"
 ycoef=" -0.167070823324978 0.0206018529314313 1.00550325163609 0 0 0">
<Contour name="D15" hidden="false" closed="true" simplified="true" border="1 1 0" fill="1 1 0" mode="11"
 points="6.38519 5.44897,
	6.39173 5.41969,
	6.41071 5.39328,
	6.44027 5.37232,
	6.47752 5.35886,
	6.51881 5.35422,
	6.5601 5.35886,
	6.59735 5.37232,
	6.62691 5.39328,
	6.64588 5.41969,
	6.65242 5.44897,
	6.64588 5.47825,
	6.62691 5.50466,
	6.59735 5.52562,
	6.5601 5.53908,
	6.51881 5.54372,
	6.47752 5.53908,
	6.44027 5.52562,
	6.41071 5.50466,
	"/>
</Transform>

<Transform dim="6"
 xcoef=" 0.0630421550332155 1.01161358043972 -0.0232860853193382 0 0 0"
 ycoef=" -0.167070823324978 0.0206018529314313 1.00550325163609 0 0 0">
<Contour name="D16" hidden="false" closed="true" simplified="true" border="0 0 1" fill="0 0 1" mode="11"
 points="2.07767 2.1121,
	2.0811 2.0929,
	2.09107 2.07557,
	2.10659 2.06182,
	2.12615 2.05299,
	2.14784 2.04995,
	2.16952 2.05299,
	2.18908 2.06182,
	2.2046 2.07557,
	2.21457 2.0929,
	2.218 2.1121,
	2.21457 2.13131,
	2.2046 2.14863,
	2.18908 2.16238,
	2.16952 2.17121,
	2.14784 2.17425,
	2.12615 2.17121,
	2.10659 2.16238,
	2.09107 2.14863,
	"/>
</Transform>

<Transform dim="6"
 xcoef=" 0.0630421550332155 1.01161358043972 -0.0232860853193382 0 0 0"
 ycoef=" -0.167070823324978 0.0206018529314313 1.00550325163609 0 0 0">
<Contour name="d06c30" hidden="false" closed="true" simplified="true" border="0 1 0" fill="0 1 0" mode="9"
 points="2.88845 6.97741,
	2.89484 6.96889,
	2.89909 6.96464,
	2.90761 6.96251,
	2.91187 6.95825,
	2.97998 6.93697,
	3.04809 6.92632,
	3.06512 6.93058,
	3.07364 6.93484,
	3.07364 6.94335,
	3.06512 6.96038,
	3.05661 6.96677,
	3.05235 6.97102,
	2.98424 6.98592,
	2.95018 6.99231,
	2.91612 6.99444,
	2.89909 6.99444,
	2.88845 6.98379,
	2.88845 6.97954,
	"/>
<Contour name="d06cfa30" hidden="false" closed="false" simplified="false" border="0 1 1" fill="0 1 1" mode="9"
 points="3.07257 6.94345,
	3.0151 6.95409,
	2.95763 6.96687,
	2.89164 6.98389,
	"/>
</Transform>

<Transform dim="6"
 xcoef=" -0.0545500659428862 1.06990131809782 0.0054631394907133 0 0 0"
 ycoef=" -0.834047535007697 0.026362599971037 0.993903235616424 0 0 0">
<Image mag="0.00217507" contrast="1.11462" brightness="0.06" red="true" green="true" blue="true"
 src="FHLTD.129.jpg" />
<Contour name="domain1" hidden="false" closed="true" simplified="false" border="1 0 1" fill="1 0 1" mode="11"
 points="0 0,
	4096 0,
	4096 4096,
	0 4096,
	"/>
</Transform>

<Transform dim="6"
 xcoef=" 0.0630421550332155 1.01161358043972 -0.0232860853193382 0 0 0"
 ycoef=" -0.167070823324978 0.0206018529314313 1.00550325163609 0 0 0">
<Contour name="d01p14" hidden="false" closed="true" simplified="false" border="1 0 0" fill="1 0 0" mode="-13"
 points="5.92438 3.66454,
	5.94071 3.64169,
	5.92438 3.61884,
	5.93418 3.61884,
	5.94723 3.63842,
	5.96029 3.61884,
	5.97008 3.61884,
	5.95376 3.64169,
	5.97008 3.66454,
	5.96029 3.66454,
	5.94723 3.64495,
	5.93418 3.66454,
	"/>
</Transform>

<Transform dim="6"
 xcoef=" 0.0630421550332155 1.01161358043972 -0.0232860853193382 0 0 0"
 ycoef=" -0.167070823324978 0.0206018529314313 1.00550325163609 0 0 0">
<Contour name="d01p15" hidden="false" closed="true" simplified="false" border="1 1 0" fill="1 1 0" mode="-13"
 points="5.61428 3.16511,
	5.61428 3.11288,
	5.56206 3.11288,
	5.56206 3.15858,
	5.55553 3.16511,
	5.55553 3.10635,
	5.62081 3.10635,
	5.62081 3.17164,
	5.55553 3.17164,
	5.56206 3.16511,
	"/>
</Transform>

<Transform dim="6"
 xcoef=" 0.0630421550332155 1.01161358043972 -0.0232860853193382 0 0 0"
 ycoef=" -0.167070823324978 0.0206018529314313 1.00550325163609 0 0 0">
<Contour name="d06p30" hidden="false" closed="true" simplified="false" border="0 1 1" fill="0 1 1" mode="-13"
 points="2.98309 6.91257,
	2.99302 6.90265,
	2.95332 6.86294,
	2.96324 6.85302,
	3.00295 6.89272,
	3.01287 6.88279,
	3.01287 6.91257,
	"/>
</Transform>

<Transform dim="6"
 xcoef=" 0.0630421550332155 1.01161358043972 -0.0232860853193382 0 0 0"
 ycoef=" -0.167070823324978 0.0206018529314313 1.00550325163609 0 0 0">
<Contour name="d07p23" hidden="false" closed="true" simplified="false" border="1 1 0" fill="1 1 0" mode="-13"
 points="3.7747 7.52054,
	3.7747 7.48084,
	3.73499 7.48084,
	3.73499 7.51558,
	3.73003 7.52054,
	3.73003 7.47587,
	3.77966 7.47587,
	3.77966 7.5255,
	3.73003 7.5255,
	3.73499 7.52054,
	"/>
</Transform>

<Transform dim="6"
 xcoef=" 0.0630421550332155 1.01161358043972 -0.0232860853193382 0 0 0"
 ycoef=" -0.167070823324978 0.0206018529314313 1.00550325163609 0 0 0">
<Contour name="d08p21" hidden="false" closed="true" simplified="false" border="1 0 0" fill="1 0 0" mode="-9"
 points="4.31385 2.82644,
	4.31385 2.82218,
	4.3181 2.81793,
	4.32235 2.81793,
	4.3266 2.82218,
	4.3266 2.82644,
	4.32235 2.83069,
	4.3181 2.83069,
	"/>
</Transform>

<Transform dim="0"
 xcoef=" 0 1 0 0 0 0"
 ycoef=" 0 0 1 0 0 0">
<Contour name="d01ax14" comment="LK bouton trace named after cfa" hidden="false" closed="true" simplified="true" border="0 1 1" fill="0.502 1 1" mode="-9"
 points="6.76693 4.9276,
	6.77067 4.92387,
	6.78468 4.91546,
	6.78842 4.91452,
	6.79589 4.90985,
	6.79776 4.90985,
	6.80149 4.90705,
	6.80523 4.90612,
	6.80897 4.90332,
	6.82391 4.89958,
	6.83886 4.89771,
	6.85381 4.89771,
	6.86875 4.90238,
	6.87622 4.90332,
	6.89117 4.89864,
	6.90425 4.88837,
	6.91079 4.8837,
	6.922 4.86969,
	6.92573 4.86315,
	6.9276 4.85567,
	6.92667 4.84073,
	6.91733 4.82672,
	6.91266 4.81924,
	6.90705 4.81364,
	6.87716 4.79589,
	6.86969 4.78935,
	6.86501 4.78281,
	6.86221 4.77534,
	6.86315 4.76039,
	6.86408 4.75292,
	6.86688 4.74544,
	6.87155 4.73891,
	6.87342 4.73517,
	6.87716 4.73237,
	6.87903 4.73237,
	6.88183 4.72863,
	6.8893 4.72489,
	6.89117 4.72489,
	6.89491 4.72209,
	6.90238 4.71929,
	6.90985 4.71835,
	6.9248 4.71368,
	6.92854 4.71368,
	6.9304 4.71182,
	6.93788 4.70995,
	6.93975 4.70808,
	6.94722 4.70528,
	6.94909 4.70528,
	6.95282 4.70247,
	6.96777 4.69967,
	6.98272 4.70061,
	6.99766 4.70341,
	7.00514 4.70621,
	7.00887 4.70901,
	7.01354 4.71555,
	7.02569 4.72956,
	7.03129 4.73704,
	7.0397 4.75198,
	7.04811 4.76506,
	7.05278 4.77254,
	7.05838 4.78748,
	7.06118 4.80243,
	7.06212 4.80616,
	7.0836 4.83325,
	7.08827 4.83979,
	7.09108 4.84727,
	7.09201 4.85474,
	7.08734 4.88463,
	7.0836 4.89958,
	7.0808 4.90705,
	7.078 4.922,
	7.07613 4.92947,
	7.07613 4.93134,
	7.07426 4.93321,
	7.07239 4.94068,
	7.06866 4.94815,
	7.05745 4.96217,
	7.05091 4.96777,
	7.04717 4.97057,
	7.0397 4.97338,
	7.03223 4.97805,
	7.02475 4.97991,
	7.02102 4.98085,
	7.01915 4.98085,
	7.01541 4.98365,
	7.00794 4.98552,
	7.0014 4.99019,
	6.99112 5.00327,
	6.98365 5.00981,
	6.97711 5.01448,
	6.96964 5.01728,
	6.95469 5.01728,
	6.93975 5.01354,
	6.9248 5.00514,
	6.90985 4.99393,
	6.90799 4.99393,
	6.90051 4.98926,
	6.88557 4.98365,
	6.88183 4.98178,
	6.87996 4.98178,
	6.87809 4.97991,
	6.87062 4.97805,
	6.86688 4.97711,
	6.86501 4.97524,
	6.85007 4.96871,
	6.8426 4.9659,
	6.84073 4.96403,
	6.83325 4.96123,
	6.82578 4.95563,
	6.81083 4.94909,
	6.78094 4.94255,
	6.7744 4.93975,
	6.77253 4.93975,
	6.7688 4.93694,
	6.76693 4.93508,
	6.76693 4.92854,
	"/>
</Transform>

<Transform dim="0"
 xcoef=" 0 1 0 0 0 0"
 ycoef=" 0 0 1 0 0 0">
<Contour name="ax10" comment="LK bouton trace named after cfa" hidden="false" closed="true" simplified="true" border="0 1 1" fill="0.502 1 1" mode="9"
 points="1.7372 3.71935,
	1.73941 3.71494,
	1.75651 3.69728,
	1.76755 3.67963,
	1.77692 3.66198,
	1.78189 3.65315,
	1.78465 3.64432,
	1.78851 3.6355,
	1.78961 3.63108,
	1.78961 3.62888,
	1.79458 3.62005,
	1.80285 3.61233,
	1.81168 3.60626,
	1.82051 3.6035,
	1.82933 3.6024,
	1.83816 3.6024,
	1.84699 3.60019,
	1.86464 3.58971,
	1.87347 3.58364,
	1.88229 3.57647,
	1.89112 3.57205,
	1.89995 3.56985,
	1.90436 3.56874,
	1.90657 3.56874,
	1.91098 3.56654,
	1.91539 3.56599,
	1.91981 3.56433,
	1.93746 3.56157,
	1.95511 3.56102,
	1.99042 3.55716,
	1.99483 3.55606,
	1.99704 3.55495,
	2.01469 3.5533,
	2.02352 3.55275,
	2.02793 3.55219,
	2.06324 3.55716,
	2.07207 3.55826,
	2.07648 3.56047,
	2.09413 3.56378,
	2.11179 3.56543,
	2.1162 3.56543,
	2.13385 3.56985,
	2.14268 3.57205,
	2.15151 3.57592,
	2.16033 3.58143,
	2.16916 3.58805,
	2.17799 3.59357,
	2.18681 3.59688,
	2.20447 3.60074,
	2.22212 3.6035,
	2.22653 3.60295,
	2.24419 3.59467,
	2.26184 3.58971,
	2.27949 3.58585,
	2.28832 3.58695,
	2.29273 3.58805,
	2.29494 3.5886,
	2.31259 3.60295,
	2.31701 3.60736,
	2.31866 3.61177,
	2.32032 3.62943,
	2.31977 3.63825,
	2.31701 3.65591,
	2.31204 3.67356,
	2.30432 3.70887,
	2.30322 3.71769,
	2.29825 3.73535,
	2.28391 3.77065,
	2.2646 3.80596,
	2.25908 3.81479,
	2.25081 3.82361,
	2.24639 3.82803,
	2.23757 3.83244,
	2.23315 3.8341,
	2.23095 3.8341,
	2.21329 3.84182,
	2.20447 3.84403,
	2.18681 3.85175,
	2.1824 3.85285,
	2.17357 3.85782,
	2.15592 3.87051,
	2.15151 3.87382,
	2.13385 3.88044,
	2.09855 3.88485,
	2.08089 3.8865,
	2.07207 3.88816,
	2.06765 3.88926,
	2.06545 3.88981,
	2.06324 3.89147,
	2.06103 3.89202,
	2.05993 3.89202,
	2.05772 3.89368,
	2.0489 3.89643,
	2.04448 3.89864,
	2.04338 3.89864,
	2.04117 3.9003,
	2.03897 3.90085,
	2.03014 3.90636,
	2.02131 3.91078,
	2.0169 3.91298,
	2.0158 3.91409,
	2.01469 3.91409,
	2.01359 3.91519,
	2.01138 3.91574,
	2.00256 3.92126,
	1.9849 3.93615,
	1.98325 3.95381,
	1.98159 3.96264,
	1.98104 3.96705,
	1.97442 3.9847,
	1.96449 4.00236,
	1.95842 4.01118,
	1.95346 4.02001,
	1.9507 4.02442,
	1.94794 4.03325,
	1.94629 4.03766,
	1.94518 4.04649,
	1.9347 4.0818,
	1.92863 4.09945,
	1.91374 4.13476,
	1.90657 4.15241,
	1.89829 4.17006,
	1.88946 4.17889,
	1.88064 4.1833,
	1.87622 4.18385,
	1.87402 4.18441,
	1.86905 4.17558,
	1.86574 4.16675,
	1.85967 4.15793,
	1.85581 4.15351,
	1.85085 4.14469,
	1.84864 4.14027,
	1.84754 4.13586,
	1.8503 4.11821,
	1.85085 4.10938,
	1.84919 4.09173,
	1.84588 4.07407,
	1.84754 4.06525,
	1.85361 4.04759,
	1.85526 4.04318,
	1.85581 4.03435,
	1.85471 4.0167,
	1.85305 4.00787,
	1.8525 4.00346,
	1.85305 3.99905,
	1.85692 3.99022,
	1.85802 3.98139,
	1.85581 3.97698,
	1.84809 3.96815,
	1.84368 3.96374,
	1.8343 3.94608,
	1.82988 3.93726,
	1.82713 3.92843,
	1.82492 3.91078,
	1.82437 3.90636,
	1.81609 3.88871,
	1.81113 3.87988,
	1.80396 3.87106,
	1.80009 3.86664,
	1.79844 3.86223,
	1.79568 3.84458,
	1.79182 3.82692,
	1.7863 3.80927,
	1.7841 3.80486,
	1.77803 3.79603,
	1.77306 3.7872,
	1.7703 3.78279,
	1.75541 3.76514,
	1.74824 3.75631,
	1.73886 3.73866,
	1.7372 3.72983,
	1.7372 3.721,
	1.7372 3.7199,
	"/>
</Transform>

<Transform dim="0"
 xcoef=" 0 1 0 0 0 0"
 ycoef=" 0 0 1 0 0 0">
<Contour name="ax15" comment="LK bouton trace named after cfa" hidden="false" closed="true" simplified="true" border="0 1 1" fill="0.502 1 1" mode="9"
 points="3.09414 1.96805,
	3.09892 1.95415,
	3.10065 1.9472,
	3.10152 1.94372,
	3.10239 1.92982,
	3.10283 1.92634,
	3.10587 1.91939,
	3.11282 1.91287,
	3.11977 1.90853,
	3.12325 1.90549,
	3.12498 1.90375,
	3.12802 1.8968,
	3.12933 1.88985,
	3.12976 1.8829,
	3.12976 1.87942,
	3.13107 1.87247,
	3.13584 1.86552,
	3.13932 1.86248,
	3.15322 1.85466,
	3.15409 1.85466,
	3.15453 1.85379,
	3.15626 1.85335,
	3.158 1.85205,
	3.15887 1.85118,
	3.15974 1.85118,
	3.17277 1.82338,
	3.17929 1.80948,
	3.18407 1.80252,
	3.20579 1.77472,
	3.20883 1.77124,
	3.21274 1.76429,
	3.22273 1.75039,
	3.22838 1.74344,
	3.23012 1.7417,
	3.23707 1.73692,
	3.24055 1.73562,
	3.24402 1.73345,
	3.24706 1.73041,
	3.25097 1.72345,
	3.25401 1.7165,
	3.26227 1.7026,
	3.26574 1.69565,
	3.26661 1.69391,
	3.28052 1.68696,
	3.28399 1.68566,
	3.29789 1.68653,
	3.30137 1.68653,
	3.31527 1.68913,
	3.32222 1.69044,
	3.3257 1.69087,
	3.3535 1.70347,
	3.35698 1.70521,
	3.36393 1.70564,
	3.36741 1.70564,
	3.37088 1.70477,
	3.38478 1.69739,
	3.39173 1.69131,
	3.39869 1.68653,
	3.40216 1.68435,
	3.41606 1.68218,
	3.42301 1.68088,
	3.43692 1.6748,
	3.44039 1.67306,
	3.45429 1.67219,
	3.46125 1.67219,
	3.4682 1.67306,
	3.47515 1.6748,
	3.47862 1.67653,
	3.48384 1.68305,
	3.49166 1.69695,
	3.49513 1.7039,
	3.49991 1.71781,
	3.50208 1.72476,
	3.50513 1.73171,
	3.50947 1.74561,
	3.51121 1.75256,
	3.51208 1.75951,
	3.51034 1.77342,
	3.5073 1.78732,
	3.49861 1.81512,
	3.496 1.82207,
	3.48905 1.83598,
	3.48601 1.84293,
	3.48167 1.85683,
	3.47602 1.87073,
	3.47428 1.87768,
	3.47385 1.88116,
	3.46863 1.89506,
	3.46429 1.90896,
	3.45299 1.93677,
	3.44995 1.94372,
	3.44778 1.95067,
	3.44561 1.96457,
	3.44343 1.97152,
	3.44039 1.97848,
	3.43648 1.98543,
	3.42606 1.99933,
	3.4191 2.00454,
	3.41215 2.00845,
	3.4052 2.01149,
	3.39825 2.01323,
	3.3913 2.01671,
	3.38435 2.01931,
	3.38261 2.02018,
	3.37566 2.02105,
	3.37218 2.02105,
	3.35828 2.02583,
	3.34438 2.02887,
	3.33743 2.02931,
	3.32353 2.02844,
	3.30962 2.02322,
	3.29572 2.02018,
	3.28182 2.01975,
	3.27487 2.01844,
	3.24706 2.01801,
	3.23316 2.01844,
	3.22621 2.01844,
	3.21926 2.01931,
	3.21231 2.01801,
	3.20536 2.0154,
	3.19145 2.01193,
	3.16365 2.00802,
	3.1567 2.00715,
	3.14975 2.00498,
	3.14801 2.00454,
	3.14149 1.99889,
	3.13845 1.99542,
	3.13671 1.99455,
	3.13498 1.99455,
	3.12802 1.99194,
	3.12455 1.99064,
	3.12107 1.99021,
	3.1176 1.9889,
	3.11065 1.98803,
	3.10717 1.98716,
	3.10543 1.98716,
	3.10196 1.98543,
	3.09848 1.98282,
	3.09588 1.97934,
	3.09501 1.97761,
	3.09414 1.97066,
	3.09414 1.96892,
	3.09414 1.96848,
	"/>
</Transform>

<Transform dim="0"
 xcoef=" 0 1 0 0 0 0"
 ycoef=" 0 0 1 0 0 0">
<Contour name="d02" hidden="false" closed="true" simplified="true" border="0.5 0 1" fill="0.5 0 1" mode="9"
 points="5.06077 6.2049,
	5.07193 6.18922,
	5.10237 6.17701,
	5.11772 6.17669,
	5.14887 6.19537,
	5.1644 6.20278,
	5.17208 6.20262,
	5.17993 6.21019,
	5.21063 6.20956,
	5.23794 6.22831,
	5.25365 6.24345,
	5.25785 6.25881,
	5.25436 6.27433,
	5.23936 6.29009,
	5.22088 6.32137,
	5.20973 6.33706,
	5.2066 6.36803,
	5.20695 6.38347,
	5.20321 6.38741,
	5.19901 6.37204,
	5.19509 6.36827,
	5.18393 6.38394,
	5.15313 6.38071,
	5.13769 6.37717,
	5.12582 6.36196,
	5.10137 6.30065,
	5.07773 6.27409,
	5.06585 6.25888,
	5.06131 6.22806,
	5.06095 6.21263,
	5.06086 6.20876,
	"/>
<Contour name="d07" hidden="false" closed="true" simplified="true" border="1 0 1" fill="1 0 1" mode="9"
 points="4.3363 7.07606,
	4.40684 7.02501,
	4.44217 7.00174,
	4.47728 6.96946,
	4.54793 6.92291,
	4.58314 6.89513,
	4.61367 6.85843,
	4.65244 6.78999,
	4.66953 6.75356,
	4.72612 6.68025,
	4.74789 6.65275,
	4.7654 6.63435,
	4.80114 6.62912,
	4.81916 6.63325,
	4.85583 6.66857,
	4.86198 6.7406,
	4.86281 6.77666,
	4.87218 6.79451,
	4.86853 6.83066,
	4.87343 6.8486,
	4.87363 6.85762,
	4.9102 6.88843,
	4.94645 6.90572,
	4.96458 6.91437,
	5.00126 6.9497,
	5.01958 6.96735,
	5.02573 7.03938,
	5.02615 7.05741,
	5.03552 7.07526,
	5.07219 7.11058,
	5.14501 7.1587,
	5.18116 7.17148,
	5.19012 7.1713,
	5.25868 7.22852,
	5.29504 7.25032,
	5.33119 7.26311,
	5.40288 7.26164,
	5.43871 7.2609,
	5.44767 7.26072,
	5.46591 7.27388,
	5.47529 7.29172,
	5.48445 7.30055,
	5.48528 7.33662,
	5.48569 7.35464,
	5.34244 7.36209,
	5.27065 7.35905,
	5.2346 7.35078,
	5.16219 7.32069,
	5.12604 7.3079,
	5.05332 7.2643,
	5.03508 7.25114,
	4.89161 7.24957,
	4.82014 7.26005,
	4.7843 7.26079,
	4.74867 7.27054,
	4.6052 7.26897,
	4.56935 7.26971,
	4.55123 7.26106,
	4.52799 7.22545,
	4.49133 7.19013,
	4.47309 7.17697,
	4.40131 7.17394,
	4.36537 7.17017,
	4.34703 7.1525,
	4.33724 7.11662,
	4.33641 7.08057,
	"/>
<Contour name="d07cfa22ax18" hidden="false" closed="false" simplified="false" border="0 1 1" fill="0 1 1" mode="9"
 points="5.00188 6.95158,
	4.98608 6.92778,
	4.94657 6.91543,
	4.90885 6.88552,
	4.88195 6.85319,
	4.87001 6.8074,
	4.86038 6.76813,
	"/>
<Contour name="d07cfa22ax18" hidden="false" closed="false" simplified="false" border="0 1 1" fill="0 1 1" mode="9"
 points="5.40346 7.26341,
	5.37444 7.23331,
	5.31052 7.20174,
	5.23095 7.15295,
	5.15407 7.12602,
	5.08124 7.08586,
	"/>
</Transform>

<Transform dim="0"
 xcoef=" 0 1 0 0 0 0"
 ycoef=" 0 0 1 0 0 0">
<Contour name="ax18" comment="LK bouton trace named after cfa" hidden="false" closed="true" simplified="true" border="0 1 1" fill="0.502 1 1" mode="9"
 points="4.81276 6.60267,
	4.82298 6.57932,
	4.82517 6.57348,
	4.83247 6.5618,
	4.83466 6.55596,
	4.84196 6.54428,
	4.84415 6.5326,
	4.8478 6.48588,
	4.84853 6.4742,
	4.84707 6.45084,
	4.83101 6.40412,
	4.8259 6.38076,
	4.82444 6.36908,
	4.82444 6.3574,
	4.82517 6.35156,
	4.83028 6.33988,
	4.83393 6.33404,
	4.83539 6.33112,
	4.8405 6.32528,
	4.84707 6.3136,
	4.85145 6.30776,
	4.87408 6.2844,
	4.87992 6.27856,
	4.90328 6.26542,
	4.92664 6.25447,
	4.95 6.2479,
	4.97336 6.24279,
	4.99672 6.23914,
	5.0084 6.23768,
	5.01424 6.23695,
	5.02592 6.23841,
	5.04928 6.25082,
	5.07264 6.27053,
	5.08359 6.28221,
	5.09234 6.29389,
	5.10548 6.31725,
	5.10694 6.32017,
	5.11862 6.33112,
	5.12811 6.3428,
	5.14125 6.36616,
	5.14563 6.372,
	5.14709 6.37492,
	5.15877 6.38441,
	5.18213 6.39901,
	5.18797 6.40193,
	5.19381 6.40631,
	5.20549 6.41726,
	5.2106 6.4231,
	5.2179 6.43478,
	5.22739 6.44573,
	5.25075 6.4596,
	5.25659 6.46544,
	5.27338 6.4888,
	5.28287 6.50048,
	5.3055 6.52384,
	5.31718 6.53406,
	5.32886 6.54574,
	5.3347 6.55012,
	5.34638 6.5618,
	5.35806 6.57129,
	5.36974 6.57932,
	5.38142 6.59027,
	5.38653 6.59611,
	5.39018 6.60194,
	5.39383 6.61362,
	5.39821 6.63698,
	5.41062 6.66034,
	5.41646 6.66472,
	5.42814 6.66983,
	5.43982 6.67348,
	5.4515 6.67859,
	5.46318 6.68589,
	5.46901 6.69027,
	5.47704 6.70195,
	5.48945 6.72531,
	5.49529 6.73699,
	5.49894 6.74283,
	5.51062 6.75451,
	5.53398 6.7713,
	5.54566 6.77787,
	5.56902 6.79612,
	5.57486 6.80123,
	5.5807 6.81291,
	5.58508 6.82459,
	5.58873 6.84795,
	5.59311 6.85963,
	5.59895 6.87131,
	5.60041 6.87423,
	5.62158 6.89759,
	5.63472 6.92095,
	5.65151 6.96767,
	5.65151 6.97351,
	5.6537 6.97642,
	5.65516 6.9881,
	5.65735 6.99394,
	5.65808 7.00562,
	5.65735 7.0173,
	5.65662 7.02314,
	5.65443 7.02898,
	5.6464 7.04066,
	5.62523 7.06402,
	5.61501 7.0757,
	5.61063 7.08154,
	5.6026 7.1049,
	5.59895 7.11658,
	5.58654 7.13994,
	5.58289 7.14578,
	5.57194 7.15673,
	5.56026 7.16403,
	5.51354 7.17936,
	5.50186 7.18885,
	5.49018 7.20053,
	5.47631 7.22389,
	5.46682 7.23557,
	5.46172 7.24141,
	5.45004 7.24944,
	5.43836 7.25309,
	5.42668 7.25455,
	5.37996 7.25017,
	5.36828 7.24798,
	5.32156 7.22462,
	5.27484 7.19031,
	5.22812 7.15965,
	5.1814 7.13556,
	5.15804 7.12461,
	5.13468 7.11658,
	5.123 7.11001,
	5.11132 7.10198,
	5.08797 7.08373,
	5.06461 7.06913,
	5.04198 7.05088,
	5.03176 7.02752,
	5.02738 7.01584,
	5.02592 7.01,
	5.02519 7.00708,
	5.01862 6.9954,
	5.01497 6.98956,
	5.01132 6.97788,
	4.99745 6.95453,
	4.98723 6.94285,
	4.98358 6.93701,
	4.98212 6.93409,
	4.97701 6.92825,
	4.96971 6.91657,
	4.92883 6.86985,
	4.90547 6.84649,
	4.89379 6.83481,
	4.87335 6.81145,
	4.86824 6.80561,
	4.86094 6.79393,
	4.8551 6.78225,
	4.85145 6.77057,
	4.84926 6.74721,
	4.84926 6.70049,
	4.84999 6.68881,
	4.85072 6.68735,
	4.83904 6.66399,
	4.8259 6.64063,
	4.82079 6.63479,
	4.81422 6.62311,
	4.81276 6.61143,
	4.81276 6.60559,
	4.81276 6.6034,
	"/>
</Transform>

<Transform dim="0"
 xcoef=" 0 1 0 0 0 0"
 ycoef=" 0 0 1 0 0 0">
<Contour name="d02" hidden="false" closed="true" simplified="true" border="0.5 0 1" fill="0.5 0 1" mode="9"
 points="3.23882 7.47834,
	3.25622 7.42821,
	3.25507 7.37846,
	3.27751 7.27846,
	3.27522 7.17897,
	3.27408 7.12921,
	3.24705 7.03023,
	3.23973 6.98061,
	3.25095 6.9306,
	3.26274 6.90548,
	3.28703 6.88632,
	3.38549 6.86564,
	3.43466 6.85219,
	3.53212 6.78798,
	3.58071 6.74966,
	3.59882 6.73062,
	3.64812 6.72339,
	3.67271 6.71666,
	3.697 6.6975,
	3.70908 6.68481,
	3.72648 6.63469,
	3.76874 6.59027,
	3.77434 6.56527,
	3.79864 6.54611,
	3.8488 6.57619,
	3.85109 6.67568,
	3.85841 6.7253,
	3.85899 6.75017,
	3.88415 6.76832,
	3.90901 6.77404,
	4.0069 6.72848,
	4.05563 6.69638,
	4.10494 6.68914,
	4.15452 6.69435,
	4.25413 6.72342,
	4.30416 6.74728,
	4.32931 6.76543,
	4.33578 6.77774,
	4.34814 6.77748,
	4.36079 6.78967,
	4.41023 6.78865,
	4.4594 6.7752,
	4.50812 6.7431,
	4.53256 6.73015,
	4.58215 6.73535,
	4.60745 6.75973,
	4.59623 6.80972,
	4.59738 6.85948,
	4.55511 6.90388,
	4.53714 6.92914,
	4.53154 6.95414,
	4.51356 6.97939,
	4.4161 7.04361,
	4.36723 7.06949,
	4.34294 7.08866,
	4.31318 7.13903,
	4.30139 7.16416,
	4.27723 7.18955,
	4.26601 7.23954,
	4.26041 7.26454,
	4.24834 7.27724,
	4.19846 7.25959,
	4.17331 7.24144,
	4.16066 7.22926,
	3.96301 7.23953,
	3.91385 7.25298,
	3.86512 7.28509,
	3.81567 7.2861,
	3.79109 7.29282,
	3.77873 7.29308,
	3.73647 7.33749,
	3.71217 7.35666,
	3.66272 7.35767,
	3.638 7.35818,
	3.61442 7.40843,
	3.57187 7.44041,
	3.54715 7.44091,
	3.49813 7.46059,
	3.44883 7.46781,
	3.39895 7.45018,
	3.34936 7.44497,
	3.337 7.44522,
	3.28827 7.47733,
	3.27015 7.49636,
	3.24557 7.50308,
	3.23897 7.48455,
	"/>
<Contour name="d07" hidden="false" closed="true" simplified="true" border="1 0 1" fill="1 0 1" mode="9"
 points="3.42029 7.97869,
	3.43738 7.94227,
	3.4504 7.92396,
	3.45405 7.88781,
	3.48375 7.81505,
	3.5269 7.74201,
	3.579 7.66879,
	3.61401 7.63199,
	3.64944 7.61324,
	3.66715 7.60385,
	3.72821 7.53045,
	3.74989 7.49844,
	3.75864 7.48924,
	3.75532 7.345,
	3.76793 7.30867,
	3.78095 7.29037,
	3.81649 7.27611,
	3.8344 7.27574,
	3.90525 7.23821,
	4.04862 7.23527,
	4.1203 7.23381,
	4.15636 7.24209,
	4.17458 7.25524,
	4.18375 7.26407,
	4.25554 7.26712,
	4.27357 7.27125,
	4.30576 7.30667,
	4.3417 7.31044,
	4.35941 7.30106,
	4.37734 7.30069,
	4.3863 7.30051,
	4.39546 7.30934,
	4.39712 7.38146,
	4.39732 7.39048,
	4.37576 7.42699,
	4.3595 7.49948,
	4.34647 7.51778,
	4.2753 7.54179,
	4.23999 7.56506,
	4.20935 7.59725,
	4.18778 7.63377,
	4.15694 7.65695,
	4.01389 7.67341,
	3.87042 7.67184,
	3.83448 7.66806,
	3.79801 7.64176,
	3.72643 7.64773,
	3.7085 7.6481,
	3.6908 7.65748,
	3.62953 7.72187,
	3.60337 7.75397,
	3.59607 7.82628,
	3.58731 7.83547,
	3.58752 7.84449,
	3.54876 7.91292,
	3.54594 7.98513,
	3.54615 7.99415,
	3.52009 8.03076,
	3.48488 8.05854,
	3.44904 8.05927,
	3.42591 8.02818,
	3.4206 7.99221,
	3.42039 7.9832,
	"/>
<Contour name="d07cfa23ax19" hidden="false" closed="false" simplified="false" border="0 1 1" fill="0 1 1" mode="9"
 points="3.47381 7.875,
	3.4733 7.85269,
	3.49672 7.8098,
	3.52642 7.75117,
	3.54968 7.7016,
	"/>
</Transform>

<Transform dim="0"
 xcoef=" 0 1 0 0 0 0"
 ycoef=" 0 0 1 0 0 0">
<Contour name="ax19" comment="LK bouton trace named after cfa" hidden="false" closed="true" simplified="true" border="0 1 1" fill="0.502 1 1" mode="-9"
 points="2.98475 7.92294,
	2.98709 7.91827,
	2.98884 7.89958,
	2.99059 7.89491,
	2.9976 7.88556,
	3.01454 7.86688,
	3.02388 7.85987,
	3.03906 7.84118,
	3.0595 7.80381,
	3.07877 7.76643,
	3.08753 7.74774,
	3.09162 7.7384,
	3.09746 7.71971,
	3.09863 7.71504,
	3.10272 7.7057,
	3.10389 7.70453,
	3.10564 7.69986,
	3.10681 7.69752,
	3.11557 7.68876,
	3.13425 7.67591,
	3.1436 7.66774,
	3.14768 7.66306,
	3.15352 7.65372,
	3.15703 7.64905,
	3.16637 7.63036,
	3.16871 7.62569,
	3.16988 7.62335,
	3.17864 7.61401,
	3.18798 7.60642,
	3.19207 7.60291,
	3.19557 7.59824,
	3.2055 7.57955,
	3.20667 7.57488,
	3.209 7.57021,
	3.21192 7.56087,
	3.21426 7.5562,
	3.22886 7.53751,
	3.23587 7.52816,
	3.24521 7.51999,
	3.24988 7.5159,
	3.25455 7.50656,
	3.26273 7.49721,
	3.28142 7.48144,
	3.29076 7.47327,
	3.29543 7.47093,
	3.30478 7.46451,
	3.31412 7.46042,
	3.31879 7.4575,
	3.32755 7.44874,
	3.33164 7.44465,
	3.34098 7.44057,
	3.35967 7.4394,
	3.36434 7.4394,
	3.37369 7.44232,
	3.38303 7.44757,
	3.39237 7.45575,
	3.39705 7.46042,
	3.40639 7.46626,
	3.41106 7.46977,
	3.42041 7.47269,
	3.42508 7.47561,
	3.42975 7.47736,
	3.43909 7.4832,
	3.45778 7.49955,
	3.46713 7.50889,
	3.47822 7.52758,
	3.49107 7.54568,
	3.50275 7.56437,
	3.51326 7.58306,
	3.51793 7.5924,
	3.51968 7.59707,
	3.52903 7.6035,
	3.5337 7.60583,
	3.53487 7.60583,
	3.5372 7.60759,
	3.54655 7.60934,
	3.55589 7.61343,
	3.56056 7.61576,
	3.56874 7.62511,
	3.57341 7.63445,
	3.57867 7.65314,
	3.57983 7.67182,
	3.5775 7.68117,
	3.57691 7.68584,
	3.57341 7.69518,
	3.56699 7.70453,
	3.5629 7.7092,
	3.55823 7.71854,
	3.55647 7.72322,
	3.55472 7.7419,
	3.55414 7.74657,
	3.55005 7.75592,
	3.54713 7.76059,
	3.53837 7.76877,
	3.53604 7.7711,
	3.52669 7.77694,
	3.52202 7.77928,
	3.51735 7.78337,
	3.50567 7.80205,
	3.49924 7.8114,
	3.49457 7.82074,
	3.48289 7.85812,
	3.47939 7.86746,
	3.47705 7.8768,
	3.47588 7.88148,
	3.46713 7.90016,
	3.46479 7.90483,
	3.46362 7.90717,
	3.46245 7.92586,
	3.46129 7.9352,
	3.4607 7.93987,
	3.45661 7.94922,
	3.45428 7.95389,
	3.44493 7.96148,
	3.43559 7.96791,
	3.42625 7.97667,
	3.42157 7.98075,
	3.41048 7.99944,
	3.40522 8.00878,
	3.3988 8.01813,
	3.39413 8.02163,
	3.39179 8.02338,
	3.3731 8.0228,
	3.36843 8.02222,
	3.34974 8.01404,
	3.3404 8.0082,
	3.32171 8.0082,
	3.31237 8.00878,
	3.29368 8.01754,
	3.28901 8.01871,
	3.28784 8.01871,
	3.28317 8.02222,
	3.2785 8.02397,
	3.25981 8.03506,
	3.25047 8.04266,
	3.24112 8.04791,
	3.23178 8.052,
	3.22711 8.05317,
	3.22477 8.05375,
	3.21543 8.052,
	3.21076 8.05142,
	3.20608 8.04966,
	3.19674 8.04382,
	3.17805 8.02747,
	3.16112 8.00878,
	3.15644 8.0047,
	3.15177 8.00236,
	3.14243 8.00178,
	3.14009 8.00178,
	3.10272 7.98426,
	3.08403 7.9825,
	3.07469 7.98192,
	3.06534 7.9825,
	3.06067 7.98426,
	3.04198 7.98484,
	3.03731 7.98542,
	3.02797 7.98367,
	3.01862 7.98075,
	3.00928 7.97608,
	3.00694 7.97491,
	2.9976 7.96615,
	2.99293 7.96207,
	2.98826 7.95272,
	2.98534 7.94338,
	2.98475 7.92469,
	2.98475 7.92352,
	"/>
</Transform>

<Transform dim="0"
 xcoef=" 0 1 0 0 0 0"
 ycoef=" 0 0 1 0 0 0">
<Contour name="ax29" comment="LK bouton trace named after cfa" hidden="false" closed="true" simplified="true" border="0 1 1" fill="0.502 1 1" mode="9"
 points="0.203831 2.91697,
	0.205287 2.91551,
	0.205287 2.91406,
	0.211111 2.90896,
	0.234406 2.89367,
	0.246053 2.88494,
	0.251877 2.88057,
	0.257701 2.87475,
	0.267164 2.8631,
	0.27226 2.85727,
	0.278084 2.85291,
	0.280996 2.84999,
	0.292643 2.84272,
	0.298467 2.83908,
	0.301379 2.83689,
	0.307202 2.83544,
	0.310114 2.83471,
	0.31157 2.83325,
	0.334865 2.82816,
	0.346513 2.82597,
	0.369808 2.82452,
	0.381455 2.82452,
	0.393103 2.82597,
	0.398926 2.82743,
	0.401838 2.82816,
	0.407662 2.8318,
	0.410574 2.83252,
	0.41203 2.83252,
	0.414942 2.83471,
	0.417854 2.83544,
	0.41931 2.83544,
	0.422221 2.83762,
	0.425133 2.83835,
	0.426589 2.83835,
	0.428045 2.8398,
	0.433869 2.84053,
	0.457164 2.84854,
	0.468811 2.84927,
	0.474635 2.84927,
	0.486283 2.8449,
	0.49793 2.83835,
	0.503754 2.83471,
	0.515401 2.83107,
	0.527049 2.82961,
	0.538696 2.82961,
	0.550344 2.83252,
	0.556168 2.83325,
	0.579463 2.84126,
	0.59111 2.84272,
	0.6377 2.84344,
	0.660995 2.84199,
	0.68429 2.83689,
	0.695937 2.83325,
	0.701761 2.83034,
	0.713409 2.8267,
	0.736704 2.82452,
	0.759999 2.82452,
	0.771646 2.82306,
	0.783294 2.82015,
	0.794941 2.8136,
	0.806589 2.80559,
	0.8095 2.8034,
	0.810956 2.80195,
	0.812412 2.80195,
	0.81314 2.80049,
	0.814596 2.80049,
	0.826244 2.78957,
	0.832067 2.78593,
	0.850995 2.76264,
	0.85973 2.75099,
	0.864098 2.74517,
	0.867738 2.73352,
	0.873562 2.72187,
	0.877201 2.71605,
	0.888849 2.7044,
	0.935439 2.66436,
	0.947086 2.65417,
	0.95291 2.64908,
	0.955822 2.64616,
	0.961646 2.64325,
	0.973293 2.64034,
	0.984941 2.63961,
	0.996588 2.63743,
	1.01988 2.62651,
	1.04318 2.61341,
	1.05483 2.60613,
	1.06065 2.60176,
	1.08394 2.59229,
	1.08977 2.59011,
	1.11306 2.58793,
	1.11889 2.5872,
	1.16548 2.59011,
	1.17712 2.59084,
	1.18295 2.59157,
	1.1946 2.58865,
	1.21789 2.58647,
	1.24119 2.58574,
	1.26448 2.58647,
	1.28778 2.58574,
	1.29942 2.5872,
	1.30233 2.5872,
	1.32563 2.59739,
	1.33728 2.59957,
	1.34892 2.6003,
	1.35475 2.59885,
	1.37804 2.5872,
	1.38969 2.5821,
	1.3926 2.58065,
	1.4159 2.57773,
	1.42755 2.57409,
	1.43337 2.57264,
	1.44502 2.57191,
	1.46831 2.57409,
	1.47996 2.57555,
	1.49161 2.57919,
	1.5149 2.59375,
	1.52655 2.6054,
	1.53456 2.61704,
	1.53965 2.62869,
	1.54256 2.64034,
	1.54329 2.66363,
	1.54111 2.68693,
	1.54111 2.69858,
	1.54111 2.7044,
	1.53456 2.7277,
	1.53092 2.73934,
	1.51854 2.76264,
	1.51126 2.77429,
	1.50835 2.78011,
	1.48869 2.8034,
	1.48287 2.80923,
	1.45958 2.82452,
	1.43628 2.8318,
	1.42463 2.83471,
	1.41299 2.83471,
	1.40134 2.83325,
	1.39551 2.8318,
	1.37222 2.8216,
	1.3664 2.82015,
	1.36348 2.81796,
	1.35184 2.81505,
	1.32854 2.81214,
	1.32272 2.81141,
	1.31981 2.81068,
	1.30816 2.81505,
	1.30233 2.81796,
	1.29942 2.82015,
	1.25283 2.83689,
	1.24701 2.83908,
	1.22371 2.84272,
	1.20042 2.8449,
	1.17712 2.84344,
	1.16548 2.84272,
	1.16256 2.84199,
	1.15092 2.84417,
	1.14509 2.8449,
	1.1218 2.84272,
	1.11015 2.83835,
	1.10433 2.83544,
	1.09268 2.83252,
	1.08686 2.83034,
	1.08394 2.82888,
	1.0723 2.82816,
	1.049 2.83034,
	1.02571 2.82816,
	1.01406 2.82597,
	1.00824 2.8267,
	0.996588 2.83325,
	0.990764 2.83471,
	0.944174 2.83325,
	0.938351 2.83325,
	0.932527 2.83034,
	0.929615 2.82888,
	0.928159 2.82816,
	0.904864 2.84053,
	0.893217 2.84199,
	0.869922 2.84053,
	0.864098 2.83835,
	0.840803 2.84635,
	0.834979 2.84781,
	0.832067 2.84854,
	0.829156 2.85072,
	0.823332 2.85218,
	0.817508 2.85509,
	0.816052 2.85509,
	0.81314 2.85727,
	0.810228 2.858,
	0.807317 2.86019,
	0.804405 2.86091,
	0.792757 2.86819,
	0.786933 2.87183,
	0.763638 2.87766,
	0.740343 2.87839,
	0.717048 2.87329,
	0.670459 2.87839,
	0.647164 2.88203,
	0.64134 2.88275,
	0.618045 2.89294,
	0.59475 2.90532,
	0.583102 2.91187,
	0.559807 2.91988,
	0.54816 2.92206,
	0.50157 2.92206,
	0.489922 2.92134,
	0.466627 2.9177,
	0.460804 2.9177,
	0.457892 2.91624,
	0.434597 2.91551,
	0.422949 2.91624,
	0.399654 2.92425,
	0.388007 2.93007,
	0.364712 2.94754,
	0.358888 2.95191,
	0.347241 2.95846,
	0.335593 2.96793,
	0.323946 2.97521,
	0.312298 2.98103,
	0.306475 2.98467,
	0.303563 2.9854,
	0.302107 2.98685,
	0.300651 2.98685,
	0.297739 2.98904,
	0.294827 2.98976,
	0.293371 2.98976,
	0.291915 2.99122,
	0.26862 2.99268,
	0.256973 2.99268,
	0.251149 2.99195,
	0.245325 2.98976,
	0.239501 2.98612,
	0.233678 2.98103,
	0.223486 2.95773,
	0.216206 2.94609,
	0.214023 2.94317,
	0.213295 2.94026,
	0.208199 2.93444,
	0.206015 2.93153,
	0.204559 2.93007,
	0.203831 2.91842,
	0.203831 2.9177,
	"/>
</Transform>

<Transform dim="0"
 xcoef=" 0 1 0 0 0 0"
 ycoef=" 0 0 1 0 0 0">
<Contour name="d03" hidden="false" closed="true" simplified="true" border="0 1 0" fill="0 1 0" mode="9"
 points="4.05277 3.1469,
	4.06157 3.12156,
	4.08286 3.09595,
	4.18178 3.04674,
	4.20656 3.0368,
	4.2315 3.03314,
	4.25664 3.03892,
	4.26914 3.03867,
	4.28178 3.04469,
	4.37436 3.12773,
	4.39674 3.14929,
	4.40954 3.16161,
	4.41636 3.18663,
	4.41868 3.28725,
	4.41671 3.33761,
	4.40166 3.36309,
	4.37717 3.38561,
	4.32725 3.38978,
	4.30217 3.38715,
	4.2513 3.35044,
	4.23197 3.32567,
	4.20966 3.30725,
	4.18466 3.30777,
	4.15951 3.30199,
	4.13415 3.28678,
	4.08634 3.24687,
	4.0702 3.22518,
	4.06024 3.20022,
	4.05371 3.18777,
	4.05313 3.16262,
	4.05284 3.15004,
	"/>
<Contour name="D14" hidden="false" closed="true" simplified="true" border="1 0 0" fill="1 0 0" mode="11"
 points="3.90438 3.69807,
	3.90717 3.68682,
	3.91581 3.67653,
	3.92943 3.66824,
	3.94671 3.66273,
	3.96596 3.66057,
	3.98529 3.66194,
	4.0028 3.66674,
	4.01679 3.67447,
	4.02589 3.68438,
	4.0292 3.69551,
	4.0264 3.70677,
	4.01777 3.71705,
	4.00414 3.72535,
	3.98687 3.73085,
	3.96763 3.73302,
	3.9483 3.73164,
	3.93078 3.72685,
	3.91679 3.71912,
	"/>
<Contour name="D14" hidden="false" closed="true" simplified="true" border="1 0 0" fill="1 0 0" mode="11"
 points="3.74064 3.49602,
	3.74197 3.48613,
	3.74626 3.47716,
	3.75311 3.46995,
	3.76184 3.46524,
	3.7716 3.46348,
	3.78143 3.46484,
	3.79037 3.46919,
	3.79754 3.4761,
	3.80225 3.4849,
	3.80403 3.49472,
	3.8027 3.5046,
	3.7984 3.51359,
	3.79156 3.52078,
	3.78283 3.5255,
	3.77307 3.52726,
	3.76324 3.5259,
	3.7543 3.52155,
	3.74712 3.51464,
	"/>
</Transform>

<Transform dim="0"
 xcoef=" 0 1 0 0 0 0"
 ycoef=" 0 0 1 0 0 0">
<Contour name="ax30" comment="LK bouton trace named after cfa" hidden="false" closed="true" simplified="true" border="0 1 1" fill="0.502 1 1" mode="9"
 points="3.79502 3.56387,
	3.80084 3.55456,
	3.81423 3.53593,
	3.82413 3.51729,
	3.82588 3.51264,
	3.82704 3.51031,
	3.82704 3.50565,
	3.82471 3.50099,
	3.82064 3.48236,
	3.81889 3.46373,
	3.81889 3.45907,
	3.8218 3.44975,
	3.83112 3.43112,
	3.83869 3.42181,
	3.848 3.41307,
	3.85266 3.40958,
	3.86198 3.40492,
	3.86664 3.40259,
	3.87595 3.40143,
	3.89458 3.40143,
	3.91321 3.40026,
	3.92253 3.39735,
	3.93185 3.3927,
	3.93418 3.39153,
	3.95222 3.3729,
	3.95979 3.36358,
	3.96911 3.35485,
	3.98774 3.34495,
	3.99706 3.34379,
	4.03432 3.34437,
	4.05295 3.3467,
	4.09022 3.3467,
	4.09953 3.34553,
	4.11816 3.34553,
	4.13679 3.34903,
	4.15543 3.3566,
	4.16474 3.35834,
	4.1694 3.36009,
	4.17872 3.36533,
	4.18104 3.36649,
	4.18221 3.36708,
	4.20084 3.36009,
	4.21016 3.35601,
	4.21481 3.3531,
	4.22413 3.35019,
	4.22879 3.34903,
	4.2381 3.34903,
	4.24742 3.35019,
	4.25673 3.3531,
	4.26605 3.35718,
	4.27071 3.36009,
	4.27187 3.36009,
	4.27304 3.36125,
	4.2742 3.36125,
	4.27886 3.36533,
	4.28119 3.36708,
	4.28235 3.36824,
	4.28468 3.36882,
	4.294 3.37581,
	4.29633 3.37639,
	4.29866 3.37814,
	4.30331 3.37989,
	4.30564 3.38047,
	4.30681 3.38047,
	4.30797 3.38163,
	4.31729 3.3828,
	4.32195 3.38396,
	4.34058 3.38338,
	4.34523 3.38338,
	4.34989 3.38221,
	4.36852 3.38105,
	4.37318 3.37989,
	4.3825 3.3793,
	4.39181 3.38047,
	4.39647 3.3828,
	4.40113 3.38687,
	4.40695 3.39619,
	4.4087 3.4055,
	4.4087 3.41482,
	4.40695 3.42414,
	4.40695 3.42879,
	4.40753 3.43112,
	4.40753 3.43229,
	4.40928 3.43462,
	4.40986 3.43927,
	4.41161 3.4416,
	4.41336 3.45092,
	4.41394 3.46023,
	4.40986 3.47887,
	4.40695 3.48818,
	4.40579 3.49284,
	4.40288 3.4975,
	4.40113 3.50216,
	4.39298 3.51147,
	4.37435 3.52719,
	4.36503 3.53301,
	4.35572 3.53709,
	4.33708 3.54233,
	4.33243 3.54349,
	4.3301 3.54349,
	4.32078 3.54757,
	4.31612 3.55048,
	4.30681 3.55863,
	4.30273 3.56329,
	4.29633 3.57261,
	4.29167 3.58192,
	4.29109 3.58425,
	4.28352 3.59357,
	4.28235 3.5959,
	4.28119 3.59706,
	4.28119 3.59822,
	4.27362 3.60754,
	4.27129 3.6122,
	4.2678 3.61686,
	4.26663 3.61802,
	4.26663 3.61919,
	4.26256 3.62384,
	4.25266 3.64247,
	4.25033 3.64713,
	4.23694 3.66576,
	4.22762 3.67508,
	4.22529 3.67624,
	4.21598 3.6844,
	4.20666 3.69022,
	4.19735 3.69429,
	4.19502 3.69546,
	4.1857 3.69604,
	4.17639 3.69779,
	4.16707 3.70128,
	4.15775 3.70885,
	4.1531 3.71293,
	4.14378 3.71875,
	4.13912 3.72166,
	4.13447 3.72341,
	4.12981 3.72399,
	4.11118 3.71991,
	4.10186 3.717,
	4.08323 3.70594,
	4.07391 3.69953,
	4.06925 3.69721,
	4.05062 3.69313,
	4.03199 3.68556,
	4.02268 3.68323,
	4.01802 3.68148,
	4.01336 3.6809,
	4.01103 3.67974,
	4.00172 3.67799,
	3.9924 3.67392,
	3.97377 3.66926,
	3.96911 3.66693,
	3.93185 3.66052,
	3.92253 3.65936,
	3.91787 3.65878,
	3.89924 3.66169,
	3.88993 3.66344,
	3.88527 3.6646,
	3.88061 3.66693,
	3.87129 3.66868,
	3.85266 3.67566,
	3.85033 3.67683,
	3.8317 3.67508,
	3.82239 3.67159,
	3.81773 3.66984,
	3.8154 3.66868,
	3.81307 3.66402,
	3.81249 3.6547,
	3.81656 3.63607,
	3.81831 3.62675,
	3.81889 3.61744,
	3.81831 3.61278,
	3.81889 3.60812,
	3.81889 3.60579,
	3.81423 3.60114,
	3.80667 3.59182,
	3.80259 3.58716,
	3.79735 3.57785,
	3.7956 3.57319,
	3.79502 3.56446,
	"/>
</Transform>

<Transform dim="0"
 xcoef=" 0 1 0 0 0 0"
 ycoef=" 0 0 1 0 0 0">
<Contour name="d07c22ax18" hidden="false" closed="true" simplified="true" border="0 1 0" fill="0 1 0" mode="9"
 points="5.06003 7.14699,
	5.08586 7.04369,
	5.08586 7.04046,
	5.08908 7.03885,
	5.29568 7.13085,
	5.39898 7.17604,
	5.41189 7.18089,
	5.41674 7.18573,
	5.40221 7.28903,
	5.40059 7.29548,
	5.39737 7.2971,
	5.19077 7.20671,
	5.08747 7.16313,
	5.06165 7.15183,
	5.06003 7.14861,
	"/>
<Contour name="d07c22ax18" hidden="false" closed="true" simplified="true" border="0 1 0" fill="0 1 0" mode="9"
 points="4.8034 6.78545,
	4.85505 6.76123,
	4.88087 6.74994,
	4.89378 6.74509,
	4.89701 6.74348,
	4.98094 6.84678,
	5.02452 6.89843,
	5.03421 6.91134,
	5.03905 6.9178,
	5.04228 6.92103,
	4.99063 6.96138,
	4.9648 6.98074,
	4.95189 6.99043,
	4.94705 6.99366,
	4.84375 6.89197,
	4.83245 6.87906,
	4.81631 6.82741,
	4.80824 6.80159,
	4.80501 6.78867,
	4.8034 6.78706,
	"/>
</Transform>

<Transform dim="0"
 xcoef=" 0 1 0 0 0 0"
 ycoef=" 0 0 1 0 0 0">
<Contour name="d07c23ax19" hidden="false" closed="true" simplified="true" border="0 1 0" fill="0 1 0" mode="9"
 points="3.43178 7.84852,
	3.50182 7.72225,
	3.51958 7.69069,
	3.52401 7.6828,
	3.525 7.68082,
	3.52549 7.68033,
	3.55706 7.70894,
	3.57284 7.72324,
	3.57679 7.72669,
	3.57876 7.72866,
	3.51563 7.85493,
	3.49985 7.88649,
	3.49787 7.89044,
	3.49689 7.89241,
	3.43376 7.85,
	3.43228 7.84901,
	"/>
</Transform>

</Section>