<?xml version="1.0"?>
<!DOCTYPE Section SYSTEM "section.dtd">

<Section index="133" thickness="0.045" alignLocked="true">
<Transform dim="6"
 xcoef=" 1.35304215503322 1.01161358043972 -0.0232860853193382 0 0 0"
 ycoef=" 0.712929176675023 0.0206018529314313 1.00550325163609 0 0 0">
<Contour name="D04" hidden="false" closed="true" simplified="true" border="1 0 0" fill="1 0 0" mode="11"
 points="5.46492 7.32996,
	5.46778 7.29096,
	5.47628 7.25281,
	5.49024 7.21634,
	5.50936 7.18235,
	5.53323 7.15158,
	5.56131 7.1247,
	5.59299 7.1023,
	5.6276 7.08487,
	5.66436 7.07278,
	5.70248 7.0663,
	5.74113 7.06558,
	5.77947 7.07063,
	5.81665 7.08133,
	5.85186 7.09746,
	5.88435 7.11866,
	5.91339 7.14447,
	5.93836 7.17432,
	5.95871 7.20758,
	5.97399 7.2435,
	5.98388 7.28131,
	5.98816 7.32018,
	5.98673 7.35926,
	5.97963 7.39771,
	5.96701 7.43467,
	5.94914 7.46936,
	5.92642 7.501,
	5.89934 7.52891,
	5.86849 7.55248,
	5.83455 7.57119,
	5.79825 7.58464,
	5.76039 7.59254,
	5.72179 7.59471,
	5.6833 7.5911,
	5.64576 7.58179,
	5.60998 7.56699,
	5.57674 7.54702,
	5.54678 7.52231,
	5.52073 7.49341,
	5.49918 7.46094,
	5.48259 7.42562,
	5.47133 7.3882,
	"/>
</Transform>

<Transform dim="6"
 xcoef=" 0.0630421550332155 1.01161358043972 -0.0232860853193382 0 0 0"
 ycoef=" -0.167070823324978 0.0206018529314313 1.00550325163609 0 0 0">
<Contour name="D05" hidden="false" closed="true" simplified="true" border="1 1 0" fill="1 1 0" mode="11"
 points="2.69299 3.97404,
	2.70475 3.90163,
	2.73888 3.83632,
	2.79205 3.78448,
	2.85904 3.7512,
	2.93329 3.73974,
	3.00755 3.7512,
	3.07454 3.78448,
	3.12771 3.83632,
	3.16184 3.90163,
	3.1736 3.97404,
	3.16184 4.04644,
	3.12771 4.11175,
	3.07454 4.16359,
	3.00755 4.19687,
	2.93329 4.20833,
	2.85904 4.19687,
	2.79205 4.16359,
	2.73888 4.11175,
	"/>
</Transform>

<Transform dim="6"
 xcoef=" 0.0630421550332155 1.01161358043972 -0.0232860853193382 0 0 0"
 ycoef=" -0.167070823324978 0.0206018529314313 1.00550325163609 0 0 0">
<Contour name="d01" hidden="false" closed="true" simplified="true" border="1 0.5 0" fill="1 0.5 0" mode="9"
 points="4.98123 3.72394,
	4.99721 3.6387,
	5.00254 3.59608,
	5.03451 3.55346,
	5.05049 3.53215,
	5.05582 3.51084,
	5.04516 3.48953,
	5.02385 3.46822,
	5.02385 3.45756,
	5.04516 3.44158,
	5.06647 3.44158,
	5.08778 3.43092,
	5.09311 3.3883,
	5.09311 3.36699,
	5.16237 3.29773,
	5.20499 3.2711,
	5.24228 3.22848,
	5.27957 3.19651,
	5.29023 3.18053,
	5.30088 3.18586,
	5.31154 3.1752,
	5.31154 3.16455,
	5.32752 3.14324,
	5.34883 3.13258,
	5.39145 3.09529,
	5.43407 3.09529,
	5.4394 3.08463,
	5.46071 3.07931,
	5.48202 3.08463,
	5.56726 3.14324,
	5.58324 3.16455,
	5.5939 3.20717,
	5.63652 3.19118,
	5.65783 3.18586,
	5.66315 3.18053,
	5.65783 3.15922,
	5.66315 3.1166,
	5.6525 3.07398,
	5.63119 3.03136,
	5.58857 2.99407,
	5.58324 2.95145,
	5.62053 2.90883,
	5.64184 2.89817,
	5.6525 2.89817,
	5.66848 2.91948,
	5.66848 2.9621,
	5.67914 2.98341,
	5.67914 3.00472,
	5.68979 3.01538,
	5.7111 3.0207,
	5.73241 3.03669,
	5.73774 3.07931,
	5.73241 3.16455,
	5.73774 3.20717,
	5.75905 3.24979,
	5.75372 3.26044,
	5.81232 3.34568,
	5.84962 3.38298,
	5.89224 3.40961,
	5.96682 3.48953,
	5.97748 3.48953,
	5.99346 3.51084,
	5.97748 3.55346,
	5.96682 3.56411,
	5.97215 3.60673,
	5.9828 3.62804,
	6.00412 3.64402,
	6.00944 3.68664,
	5.99346 3.77188,
	5.90822 3.83581,
	5.8656 3.85712,
	5.84429 3.86778,
	5.83363 3.86778,
	5.81765 3.88909,
	5.80167 3.93171,
	5.79101 3.95302,
	5.79101 3.99564,
	5.83363 4.02228,
	5.87625 4.03826,
	5.88691 4.05957,
	5.89224 4.10219,
	5.88691 4.14481,
	5.87625 4.15547,
	5.87625 4.19809,
	5.89224 4.2194,
	5.89224 4.24071,
	5.87093 4.26202,
	5.86027 4.27267,
	5.83896 4.26734,
	5.79634 4.23005,
	5.75372 4.21407,
	5.73241 4.19809,
	5.72708 4.19276,
	5.72176 4.19809,
	5.70045 4.17678,
	5.67914 4.17145,
	5.65783 4.17678,
	5.64717 4.17678,
	5.63652 4.18743,
	5.62586 4.18743,
	5.58324 4.15547,
	5.498 4.11817,
	5.45538 4.10219,
	5.37014 4.04892,
	5.43407 3.96367,
	5.44473 3.95302,
	5.40211 3.9104,
	5.39145 3.89974,
	5.30621 3.92105,
	5.24228 3.84114,
	5.19966 3.80385,
	5.11442 3.77721,
	5.0718 3.76656,
	5.02918 3.76656,
	5.00787 3.76123,
	4.98656 3.74525,
	4.98123 3.72926,
	"/>
</Transform>

<Transform dim="6"
 xcoef=" 0.0630421550332155 1.01161358043972 -0.0232860853193382 0 0 0"
 ycoef=" -0.167070823324978 0.0206018529314313 1.00550325163609 0 0 0">
<Contour name="d01" hidden="false" closed="true" simplified="true" border="1 0.5 0" fill="1 0.5 0" mode="9"
 points="4.77903 4.77903,
	4.79902 4.72575,
	4.81567 4.69911,
	4.83898 4.67246,
	4.89227 4.64249,
	4.94555 4.63916,
	5.05212 4.58254,
	5.06544 4.57588,
	5.09209 4.57921,
	5.09875 4.57921,
	5.11207 4.59254,
	5.12539 4.61918,
	5.13205 4.6325,
	5.13538 4.63583,
	5.10208 4.68579,
	5.04879 4.71909,
	4.99551 4.73574,
	4.96886 4.7424,
	4.91558 4.7757,
	4.86229 4.80235,
	4.83565 4.81234,
	4.82233 4.81234,
	4.819 4.80901,
	4.83232 4.80235,
	4.82233 4.79236,
	4.79569 4.79569,
	4.78903 4.79569,
	4.78237 4.78237,
	"/>
</Transform>

<Transform dim="6"
 xcoef=" 0.0630421550332155 1.01161358043972 -0.0232860853193382 0 0 0"
 ycoef=" -0.167070823324978 0.0206018529314313 1.00550325163609 0 0 0">
<Contour name="d02" hidden="false" closed="true" simplified="true" border="0.5 0 1" fill="0.5 0 1" mode="9"
 points="4.88728 6.01348,
	4.89639 6.00134,
	4.90246 5.99527,
	4.92675 5.99223,
	4.97531 5.97706,
	5.02388 5.98009,
	5.03603 5.98616,
	5.06031 5.9892,
	5.07245 5.99223,
	5.08156 6.00438,
	5.08156 6.01652,
	5.07245 6.02866,
	5.04817 6.0408,
	4.9996 6.04384,
	4.97531 6.03473,
	4.92675 6.03473,
	4.90246 6.0317,
	4.89032 6.02866,
	4.88728 6.01652,
	"/>
</Transform>

<Transform dim="6"
 xcoef=" 0.0630421550332155 1.01161358043972 -0.0232860853193382 0 0 0"
 ycoef=" -0.167070823324978 0.0206018529314313 1.00550325163609 0 0 0">
<Contour name="d01c48" hidden="false" closed="true" simplified="true" border="0 1 0" fill="0 1 0" mode="9"
 points="4.85489 4.79096,
	4.86554 4.77675,
	4.92236 4.75189,
	4.95078 4.74479,
	4.97919 4.72703,
	5.03601 4.70217,
	5.06442 4.69862,
	5.09284 4.70572,
	5.06797 4.73413,
	5.03956 4.74834,
	5.02536 4.759,
	5.01825 4.759,
	5.01115 4.7661,
	4.95433 4.7803,
	4.8975 4.80161,
	4.86909 4.80872,
	4.85489 4.80161,
	4.85489 4.79451,
	"/>
</Transform>

<Transform dim="6"
 xcoef=" 0.0630421550332155 1.01161358043972 -0.0232860853193382 0 0 0"
 ycoef=" -0.167070823324978 0.0206018529314313 1.00550325163609 0 0 0">
<Contour name="d01cfa48" hidden="false" closed="false" simplified="false" border="0 1 1" fill="0 1 1" mode="9"
 points="5.08528 4.7057,
	4.86043 4.80024,
	"/>
</Transform>

<Transform dim="6"
 xcoef=" 0.0630421550332155 1.01161358043972 -0.0232860853193382 0 0 0"
 ycoef=" -0.167070823324978 0.0206018529314313 1.00550325163609 0 0 0">
<Contour name="d01" hidden="false" closed="true" simplified="true" border="1 0.5 0" fill="1 0.5 0" mode="9"
 points="4.91418 2.83104,
	4.92794 2.81269,
	5.00136 2.79434,
	5.01971 2.79892,
	5.05183 2.83563,
	5.0656 2.87234,
	5.0656 2.89069,
	5.04265 2.9274,
	5.0243 2.94117,
	4.98759 2.94117,
	4.96924 2.93199,
	4.95547 2.91363,
	4.96006 2.89528,
	4.95547 2.87693,
	4.91877 2.85399,
	4.91418 2.83563,
	"/>
</Transform>

<Transform dim="6"
 xcoef=" 0.0630421550332155 1.01161358043972 -0.0232860853193382 0 0 0"
 ycoef=" -0.167070823324978 0.0206018529314313 1.00550325163609 0 0 0">
<Contour name="d03" hidden="false" closed="true" simplified="true" border="0 1 0" fill="0 1 0" mode="9"
 points="3.15176 2.66884,
	3.15964 2.6373,
	3.17738 2.60577,
	3.18329 2.57423,
	3.203 2.54269,
	3.21286 2.52692,
	3.22863 2.5151,
	3.26016 2.50721,
	3.27593 2.5013,
	3.2917 2.48947,
	3.30747 2.48356,
	3.33901 2.47962,
	3.35478 2.47765,
	3.38631 2.46779,
	3.40405 2.43625,
	3.43559 2.41851,
	3.46319 2.38698,
	3.48684 2.35544,
	3.5164 2.32982,
	3.54794 2.30813,
	3.56371 2.29828,
	3.58933 2.26871,
	3.62087 2.24309,
	3.63664 2.23126,
	3.65241 2.22732,
	3.66818 2.22732,
	3.69971 2.21352,
	3.71548 2.20564,
	3.77856 2.19184,
	3.78644 2.19381,
	3.81798 2.1741,
	3.82586 2.17016,
	3.82981 2.16819,
	3.84557 2.17607,
	3.85346 2.18001,
	3.8574 2.18198,
	3.86923 2.24506,
	3.89288 2.30813,
	3.91259 2.33967,
	3.92048 2.35544,
	3.92639 2.36332,
	3.94019 2.4264,
	3.94807 2.45794,
	3.95004 2.4737,
	3.94807 2.48947,
	3.94807 2.49341,
	3.9323 2.50721,
	3.92442 2.5151,
	3.89288 2.5151,
	3.86134 2.51115,
	3.82981 2.49539,
	3.81404 2.4875,
	3.8101 2.48553,
	3.79433 2.48947,
	3.79038 2.49736,
	3.7825 2.56043,
	3.7687 2.59197,
	3.75096 2.62351,
	3.6465 2.74965,
	3.59919 2.81273,
	3.57554 2.84427,
	3.56371 2.86004,
	3.5578 2.8758,
	3.55583 2.88369,
	3.52429 2.88763,
	3.46121 2.87383,
	3.44545 2.86989,
	3.38237 2.83638,
	3.35083 2.82061,
	3.33507 2.81273,
	3.27199 2.76542,
	3.25031 2.73389,
	3.2444 2.726,
	3.21286 2.71023,
	3.20497 2.70629,
	3.17344 2.70038,
	3.15767 2.69249,
	3.15373 2.67673,
	3.15176 2.67081,
	"/>
</Transform>

<Transform dim="6"
 xcoef=" 0.0630421550332155 1.01161358043972 -0.0232860853193382 0 0 0"
 ycoef=" -0.167070823324978 0.0206018529314313 1.00550325163609 0 0 0">
<Contour name="d03" hidden="false" closed="true" simplified="true" border="0 1 0" fill="0 1 0" mode="9"
 points="3.2546 3.63414,
	3.26409 3.60884,
	3.28623 3.58354,
	3.31469 3.53293,
	3.33367 3.48233,
	3.33367 3.43172,
	3.33367 3.40642,
	3.34316 3.38111,
	3.35897 3.35897,
	3.36846 3.35265,
	3.37479 3.34,
	3.42223 3.29572,
	3.44437 3.2799,
	3.45702 3.27674,
	3.48233 3.29888,
	3.52661 3.33051,
	3.53926 3.33683,
	3.54558 3.34316,
	3.54875 3.35581,
	3.55824 3.36846,
	3.5614 3.38111,
	3.57721 3.40642,
	3.58038 3.41907,
	3.612 3.46967,
	3.61517 3.57089,
	3.612 3.59619,
	3.60252 3.62149,
	3.59935 3.63414,
	3.58986 3.6468,
	3.56456 3.66261,
	3.53926 3.66894,
	3.48865 3.66894,
	3.46335 3.66894,
	3.43805 3.67526,
	3.41591 3.69108,
	3.40642 3.71638,
	3.40009 3.7227,
	3.39377 3.7227,
	3.36846 3.73852,
	3.34316 3.74484,
	3.31786 3.74168,
	3.27358 3.6974,
	3.26725 3.69108,
	3.25776 3.66577,
	3.2546 3.64047,
	3.2546 3.63731,
	"/>
</Transform>

<Transform dim="6"
 xcoef=" 0.0630421550332155 1.01161358043972 -0.0232860853193382 0 0 0"
 ycoef=" -0.167070823324978 0.0206018529314313 1.00550325163609 0 0 0">
<Contour name="d03p17" hidden="false" closed="true" simplified="false" border="1 0 1" fill="1 0 1" mode="9"
 points="3.84424 2.43458,
	3.84424 2.41463,
	3.86419 2.39468,
	3.88414 2.39468,
	3.90409 2.41463,
	3.90409 2.43458,
	3.88414 2.45453,
	3.86419 2.45453,
	"/>
</Transform>

<Transform dim="6"
 xcoef=" 0.0630421550332155 1.01161358043972 -0.0232860853193382 0 0 0"
 ycoef=" -0.167070823324978 0.0206018529314313 1.00550325163609 0 0 0">
<Contour name="d06" hidden="false" closed="true" simplified="true" border="0 0 1" fill="0 0 1" mode="9"
 points="1.92562 6.75221,
	1.94791 6.72992,
	1.97857 6.6909,
	1.98693 6.6714,
	1.98693 6.62681,
	1.98971 6.60451,
	2.00365 6.58501,
	2.02594 6.56271,
	2.07053 6.53485,
	2.09282 6.52091,
	2.13741 6.51813,
	2.1597 6.51534,
	2.182 6.50698,
	2.20429 6.49305,
	2.22101 6.47354,
	2.23216 6.46518,
	2.23495 6.44289,
	2.23495 6.43174,
	2.21823 6.40944,
	2.20987 6.38715,
	2.20987 6.376,
	2.22101 6.35371,
	2.24331 6.33142,
	2.2656 6.32306,
	2.35477 6.32584,
	2.37707 6.32863,
	2.38821 6.32863,
	2.39658 6.33978,
	2.41887 6.34814,
	2.50804 6.34814,
	2.55263 6.3342,
	2.56378 6.32863,
	2.56935 6.32863,
	2.61394 6.29798,
	2.62509 6.2924,
	2.64459 6.27011,
	2.65574 6.26454,
	2.67246 6.24503,
	2.68918 6.23388,
	2.71147 6.21716,
	2.72262 6.21159,
	2.76721 6.21159,
	2.7895 6.21437,
	2.80065 6.21995,
	2.81737 6.24224,
	2.82573 6.25339,
	2.82852 6.29798,
	2.82573 6.34256,
	2.8118 6.36207,
	2.7895 6.37043,
	2.76721 6.37322,
	2.74491 6.38158,
	2.72262 6.39551,
	2.71147 6.40387,
	2.7059 6.40944,
	2.7059 6.41502,
	2.69754 6.42617,
	2.69475 6.47075,
	2.68918 6.49305,
	2.66967 6.53763,
	2.66131 6.55993,
	2.65574 6.57107,
	2.65017 6.66025,
	2.64738 6.6714,
	2.60837 6.7132,
	2.58886 6.72992,
	2.57771 6.7327,
	2.55542 6.74664,
	2.54984 6.75221,
	2.5387 6.75221,
	2.49411 6.7745,
	2.47182 6.78286,
	2.46624 6.78286,
	2.46067 6.78844,
	2.37149 6.7968,
	2.32691 6.79401,
	2.23773 6.76057,
	2.14856 6.75778,
	2.10397 6.76614,
	2.05938 6.78286,
	2.03709 6.79122,
	1.9925 6.79122,
	1.94791 6.78286,
	1.93677 6.77729,
	1.92562 6.76614,
	1.92562 6.755,
	"/>
<Contour name="d06" hidden="false" closed="true" simplified="true" border="0 0 1" fill="0 0 1" mode="9"
 points="2.7477 6.78286,
	2.76163 6.76057,
	2.78393 6.74385,
	2.8118 6.70205,
	2.82852 6.67976,
	2.82294 6.59058,
	2.8313 6.56829,
	2.85081 6.54878,
	2.88146 6.50977,
	2.89261 6.48747,
	2.9149 6.47354,
	2.95949 6.46797,
	3.04867 6.43731,
	3.09325 6.42338,
	3.1044 6.42338,
	3.11555 6.41781,
	3.13784 6.41502,
	3.18243 6.40108,
	3.2716 6.35371,
	3.31619 6.35092,
	3.33848 6.35092,
	3.34963 6.35092,
	3.37193 6.33978,
	3.41651 6.33142,
	3.4611 6.33142,
	3.48339 6.3342,
	3.52798 6.36764,
	3.53355 6.37322,
	3.5447 6.36486,
	3.55028 6.36207,
	3.59486 6.36486,
	3.63945 6.38436,
	3.66174 6.40108,
	3.66732 6.40666,
	3.66453 6.49583,
	3.66453 6.51813,
	3.66174 6.52927,
	3.65617 6.53485,
	3.65617 6.54042,
	3.64224 6.56271,
	3.63945 6.58501,
	3.64224 6.6073,
	3.66453 6.62124,
	3.67568 6.63238,
	3.67568 6.64353,
	3.68404 6.65189,
	3.68404 6.66304,
	3.65338 6.70762,
	3.61437 6.74106,
	3.60322 6.74942,
	3.55864 6.76336,
	3.51405 6.78286,
	3.46946 6.78286,
	3.42487 6.78844,
	3.38029 6.78844,
	3.36914 6.78844,
	3.34684 6.7968,
	3.3357 6.80516,
	3.33012 6.80516,
	3.30783 6.81909,
	3.28554 6.8386,
	3.27439 6.84696,
	3.26882 6.85253,
	3.22423 6.87204,
	3.20194 6.87761,
	3.19079 6.88597,
	3.10161 6.91384,
	3.05703 6.93335,
	3.03473 6.94728,
	3.02359 6.95564,
	3.00129 6.964,
	2.99015 6.96957,
	2.94556 6.96957,
	2.92326 6.96957,
	2.87868 6.95564,
	2.86753 6.95285,
	2.84524 6.93892,
	2.82573 6.91941,
	2.8118 6.89712,
	2.77278 6.85532,
	2.75327 6.83581,
	2.7477 6.82467,
	2.7477 6.80237,
	2.7477 6.79122,
	2.7477 6.78565,
	"/>
</Transform>

<Transform dim="6"
 xcoef=" 0.0630421550332155 1.01161358043972 -0.0232860853193382 0 0 0"
 ycoef=" -0.167070823324978 0.0206018529314313 1.00550325163609 0 0 0">
<Contour name="d06c16" hidden="false" closed="true" simplified="true" border="0 1 0" fill="0 1 0" mode="9"
 points="2.34247 6.29883,
	2.35094 6.28189,
	2.48649 6.28612,
	2.55427 6.26071,
	2.57121 6.248,
	2.63899 6.22682,
	2.67287 6.22682,
	2.68982 6.22682,
	2.70253 6.24377,
	2.70253 6.27765,
	2.67287 6.31154,
	2.64322 6.33696,
	2.62628 6.34966,
	2.5585 6.37084,
	2.49073 6.37084,
	2.45684 6.37084,
	2.42295 6.36237,
	2.35518 6.35814,
	2.34247 6.34119,
	2.34247 6.3073,
	2.34247 6.30307,
	"/>
<Contour name="d06c16" hidden="false" closed="true" simplified="true" border="0 1 0" fill="0 1 0" mode="9"
 points="1.93159 6.60382,
	1.96971 6.53604,
	2.02901 6.48945,
	2.04596 6.48098,
	2.11373 6.47674,
	2.13067 6.46827,
	2.15185 6.43438,
	2.15185 6.41744,
	2.16033 6.40049,
	2.17727 6.38355,
	2.19421 6.37508,
	2.2281 6.37508,
	2.24928 6.40897,
	2.26199 6.44285,
	2.26199 6.47674,
	2.26199 6.48521,
	2.23234 6.51063,
	2.22386 6.52757,
	2.18998 6.55722,
	2.15609 6.55722,
	2.08832 6.58264,
	2.05443 6.60806,
	1.98665 6.63347,
	1.95277 6.63347,
	1.94429 6.63347,
	1.93159 6.61653,
	1.93159 6.60806,
	"/>
<Contour name="d06cfa16" hidden="false" closed="false" simplified="false" border="0 1 1" fill="0 1 1" mode="9"
 points="1.97469 6.62603,
	1.99164 6.57519,
	2.04247 6.5286,
	2.10601 6.52013,
	2.16107 6.51589,
	2.21191 6.4693,
	2.22461 6.4227,
	2.21191 6.36763,
	"/>
<Contour name="d06cfa16" hidden="false" closed="false" simplified="false" border="0 1 1" fill="0 1 1" mode="9"
 points="2.33475 6.32104,
	2.4237 6.34645,
	2.51689 6.34645,
	2.61856 6.30833,
	2.70327 6.24056,
	"/>
</Transform>

<Transform dim="6"
 xcoef=" 0.0630421550332155 1.01161358043972 -0.0232860853193382 0 0 0"
 ycoef=" -0.167070823324978 0.0206018529314313 1.00550325163609 0 0 0">
<Contour name="d07" hidden="false" closed="true" simplified="true" border="1 0 1" fill="1 0 1" mode="9"
 points="3.6728 7.3728,
	3.71814 7.30026,
	3.75442 7.28212,
	3.82697 7.28212,
	3.86324 7.28665,
	3.88138 7.28665,
	3.91765 7.30026,
	4.20785 7.30479,
	4.2804 7.31386,
	4.29854 7.31839,
	4.30307 7.35467,
	4.33028 7.42722,
	4.33028 7.46349,
	4.33028 7.47256,
	4.25773 7.49523,
	4.23959 7.5043,
	4.17611 7.56778,
	4.16704 7.57685,
	4.16704 7.58592,
	4.1489 7.60406,
	4.12623 7.64033,
	4.1217 7.65847,
	4.11263 7.663,
	4.10809 7.69928,
	4.08996 7.71288,
	4.05822 7.78543,
	4.06275 7.93053,
	4.11263 8.07562,
	4.13983 8.1119,
	4.14437 8.13004,
	4.15344 8.1391,
	4.16251 8.17538,
	4.16251 8.32048,
	4.16251 8.33861,
	4.13983 8.37489,
	4.13077 8.39303,
	4.13077 8.41116,
	4.10809 8.4429,
	4.07182 8.4429,
	4.05368 8.43837,
	3.98567 8.37036,
	3.94939 8.34768,
	3.88138 8.2842,
	3.86778 8.26607,
	3.86778 8.24793,
	3.88591 8.21165,
	3.90405 8.19352,
	3.9766 8.15271,
	3.99927 8.12097,
	4.01287 8.10283,
	4.01741 8.06656,
	4.01287 8.04842,
	3.98113 8.01214,
	3.96753 7.99401,
	3.95846 7.95773,
	3.95846 7.92146,
	3.94032 7.88518,
	3.92219 7.86705,
	3.91312 7.84891,
	3.90405 7.83984,
	3.89045 7.80357,
	3.74988 7.68114,
	3.71814 7.64486,
	3.69547 7.60859,
	3.68187 7.57231,
	3.68187 7.49977,
	3.6728 7.46349,
	3.6728 7.39094,
	3.6728 7.37734,
	"/>
</Transform>

<Transform dim="6"
 xcoef=" 0.0630421550332155 1.01161358043972 -0.0232860853193382 0 0 0"
 ycoef=" -0.167070823324978 0.0206018529314313 1.00550325163609 0 0 0">
<Contour name="d07c24" hidden="false" closed="true" simplified="true" border="1 0 0" fill="0 1 0" mode="9"
 points="3.84853 8.33213,
	3.85975 8.31418,
	3.86424 8.30744,
	3.87322 8.29847,
	3.88219 8.29398,
	3.954 8.29622,
	3.97196 8.31418,
	3.97869 8.32315,
	3.98318 8.33886,
	3.99215 8.34559,
	3.99215 8.35008,
	4.00562 8.36579,
	4.03928 8.39945,
	4.0505 8.4174,
	4.04825 8.45331,
	4.04376 8.4578,
	4.04376 8.46228,
	4.03928 8.46677,
	4.03479 8.46677,
	4.01684 8.48024,
	3.98093 8.48248,
	3.94503 8.48024,
	3.92707 8.48024,
	3.9181 8.47799,
	3.91361 8.47799,
	3.89566 8.46004,
	3.88219 8.44209,
	3.87771 8.43311,
	3.87771 8.42414,
	3.87322 8.41516,
	3.86873 8.41291,
	3.86649 8.39496,
	3.85751 8.37701,
	3.85302 8.37252,
	3.84853 8.33662,
	3.84853 8.33437,
	"/>
</Transform>

<Transform dim="6"
 xcoef=" 0.0730421550332155 1.01161358043972 -0.0232860853193382 0 0 0"
 ycoef=" -0.177070823324978 0.0206018529314313 1.00550325163609 0 0 0">
<Contour name="d07cfa24" hidden="false" closed="true" simplified="true" border="0 1 0" fill="0 1 0" mode="9"
 points="3.84853 8.33213,
	3.85975 8.31418,
	3.86424 8.30744,
	3.87322 8.29847,
	3.88219 8.29398,
	3.954 8.29622,
	3.97196 8.31418,
	3.97869 8.32315,
	3.98318 8.33886,
	3.99215 8.34559,
	3.99215 8.35008,
	4.00562 8.36579,
	4.03928 8.39945,
	4.0505 8.4174,
	4.04825 8.45331,
	4.04376 8.4578,
	4.04376 8.46228,
	4.03928 8.46677,
	4.03479 8.46677,
	4.01684 8.48024,
	3.98093 8.48248,
	3.94503 8.48024,
	3.92707 8.48024,
	3.9181 8.47799,
	3.91361 8.47799,
	3.89566 8.46004,
	3.88219 8.44209,
	3.87771 8.43311,
	3.87771 8.42414,
	3.87322 8.41516,
	3.86873 8.41291,
	3.86649 8.39496,
	3.85751 8.37701,
	3.85302 8.37252,
	3.84853 8.33662,
	3.84853 8.33437,
	"/>
<Contour name="d07cfa24" hidden="false" closed="false" simplified="false" border="0 1 1" fill="0 1 1" mode="9"
 points="4.05235 8.41872,
	4.02766 8.40525,
	3.98727 8.37159,
	3.95137 8.33345,
	3.91771 8.2953,
	"/>
</Transform>

<Transform dim="6"
 xcoef=" 0.0630421550332155 1.01161358043972 -0.0232860853193382 0 0 0"
 ycoef=" -0.167070823324978 0.0206018529314313 1.00550325163609 0 0 0">
<Contour name="d08" hidden="false" closed="true" simplified="true" border="1 0 0" fill="1 0 0" mode="9"
 points="3.99002 2.62556,
	4.01069 2.59248,
	4.07272 2.53046,
	4.10993 2.4643,
	4.1182 2.39815,
	4.1182 2.36507,
	4.1182 2.34853,
	4.1182 2.34026,
	4.19676 2.20795,
	4.22984 2.17901,
	4.26291 2.1666,
	4.29599 2.1666,
	4.36215 2.15006,
	4.49446 2.14593,
	4.56061 2.14593,
	4.59369 2.17074,
	4.726 2.17901,
	4.75908 2.17901,
	4.79216 2.19555,
	4.85832 2.20795,
	4.87485 2.21622,
	4.87899 2.2493,
	4.87899 2.26584,
	4.74668 2.33613,
	4.73841 2.3444,
	4.70533 2.35267,
	4.67225 2.3692,
	4.64744 2.39401,
	4.53167 2.51392,
	4.5234 2.52632,
	4.49032 2.55113,
	4.47379 2.5594,
	4.46552 2.5594,
	4.40349 2.59661,
	4.37042 2.60902,
	4.23811 2.60902,
	4.20503 2.60902,
	4.17195 2.62969,
	4.10993 2.68758,
	4.07685 2.70412,
	4.04377 2.71239,
	4.01069 2.70825,
	3.99416 2.69585,
	3.99002 2.62969,
	"/>
</Transform>

<Transform dim="6"
 xcoef=" 0.0630421550332155 1.01161358043972 -0.0232860853193382 0 0 0"
 ycoef=" -0.167070823324978 0.0206018529314313 1.00550325163609 0 0 0">
<Contour name="d08" hidden="false" closed="true" simplified="true" border="1 0 0" fill="1 0 0" mode="9"
 points="4.7136 1.64149,
	4.726 1.60841,
	4.75495 1.5836,
	4.77149 1.56707,
	4.78803 1.5588,
	4.80456 1.5588,
	4.83764 1.5836,
	4.85005 1.60014,
	4.85005 1.73245,
	4.85005 1.76553,
	4.84178 1.79861,
	4.84178 1.81515,
	4.83351 1.83169,
	4.82524 1.83996,
	4.79216 1.83582,
	4.77562 1.83169,
	4.74668 1.79861,
	4.73427 1.78207,
	4.73014 1.71592,
	4.73014 1.70765,
	4.7136 1.69111,
	4.7136 1.65803,
	4.7136 1.64563,
	"/>
</Transform>

<Transform dim="6"
 xcoef=" 0.0630421550332155 1.01161358043972 -0.0232860853193382 0 0 0"
 ycoef=" -0.167070823324978 0.0206018529314313 1.00550325163609 0 0 0">
<Contour name="d08c23a" hidden="false" closed="true" simplified="true" border="1 0 0" fill="0 1 0" mode="9"
 points="4.80434 1.60829,
	4.82829 1.58091,
	4.84198 1.58091,
	4.85567 1.58776,
	4.85567 1.61513,
	4.86593 1.64251,
	4.87277 1.6562,
	4.86935 1.7657,
	4.86593 1.79307,
	4.83856 1.80334,
	4.82487 1.79992,
	4.81802 1.79992,
	4.80776 1.78623,
	4.80434 1.67673,
	4.80434 1.62198,
	4.80434 1.61171,
	"/>
<Contour name="d08cfa23a" hidden="false" closed="false" simplified="false" border="0 1 1" fill="0 1 1" mode="9"
 points="4.83251 1.80053,
	4.83251 1.75262,
	4.82567 1.67734,
	4.82225 1.58495,
	"/>
</Transform>

<Transform dim="6"
 xcoef=" 0.0630421550332155 1.01161358043972 -0.0232860853193382 0 0 0"
 ycoef=" -0.167070823324978 0.0206018529314313 1.00550325163609 0 0 0">
<Contour name="D05" hidden="false" closed="true" simplified="true" border="1 1 0" fill="1 1 0" mode="11"
 points="3.0132 2.66246,
	3.01511 2.65346,
	3.02063 2.64533,
	3.02923 2.63888,
	3.04006 2.63474,
	3.05207 2.63331,
	3.06408 2.63474,
	3.07492 2.63888,
	3.08352 2.64533,
	3.08904 2.65346,
	3.09094 2.66246,
	3.08904 2.67147,
	3.08352 2.6796,
	3.07492 2.68605,
	3.06408 2.69019,
	3.05207 2.69162,
	3.04006 2.69019,
	3.02923 2.68605,
	3.02063 2.6796,
	"/>
</Transform>

<Transform dim="6"
 xcoef=" 0.0630421550332155 1.01161358043972 -0.0232860853193382 0 0 0"
 ycoef=" -0.167070823324978 0.0206018529314313 1.00550325163609 0 0 0">
<Contour name="D11" hidden="false" closed="true" simplified="true" border="1 0.5 0" fill="1 0.5 0" mode="11"
 points="3.76631 3.99134,
	3.77005 3.9611,
	3.78106 3.93254,
	3.79871 3.90728,
	3.82203 3.88672,
	3.84971 3.87202,
	3.8802 3.86399,
	3.91179 3.86309,
	3.94272 3.86936,
	3.97126 3.88246,
	3.9958 3.90165,
	4.01498 3.92586,
	4.02772 3.95373,
	4.03331 3.98371,
	4.03144 4.01411,
	4.02221 4.04324,
	4.00613 4.06947,
	3.98412 4.09132,
	3.95739 4.10758,
	3.92745 4.11734,
	3.89597 4.12004,
	3.86471 4.11554,
	3.83542 4.1041,
	3.80974 4.08634,
	3.78911 4.06327,
	3.77467 4.03617,
	"/>
</Transform>

<Transform dim="6"
 xcoef=" 0.0630421550332155 1.01161358043972 -0.0232860853193382 0 0 0"
 ycoef=" -0.167070823324978 0.0206018529314313 1.00550325163609 0 0 0">
<Contour name="D11" hidden="false" closed="true" simplified="true" border="1 0.5 0" fill="1 0.5 0" mode="11"
 points="3.9558 5.05541,
	3.95973 5.03064,
	3.97112 5.00829,
	3.98885 4.99055,
	4.0112 4.97916,
	4.03597 4.97524,
	4.06075 4.97916,
	4.0831 4.99055,
	4.10083 5.00829,
	4.11222 5.03064,
	4.11614 5.05541,
	4.11222 5.08018,
	4.10083 5.10253,
	4.0831 5.12027,
	4.06075 5.13166,
	4.03597 5.13558,
	4.0112 5.13166,
	3.98885 5.12027,
	3.97112 5.10253,
	"/>
</Transform>

<Transform dim="6"
 xcoef=" 0.0630421550332155 1.01161358043972 -0.0232860853193382 0 0 0"
 ycoef=" -0.167070823324978 0.0206018529314313 1.00550325163609 0 0 0">
<Contour name="D14" hidden="false" closed="true" simplified="true" border="1 0 0" fill="1 0 0" mode="11"
 points="3.19784 2.85682,
	3.20176 2.84631,
	3.21315 2.83682,
	3.23088 2.8293,
	3.25323 2.82447,
	3.27801 2.8228,
	3.30278 2.82447,
	3.32513 2.8293,
	3.34286 2.83682,
	3.35425 2.84631,
	3.35818 2.85682,
	3.35425 2.86733,
	3.34286 2.87681,
	3.32513 2.88433,
	3.30278 2.88916,
	3.27801 2.89083,
	3.25323 2.88916,
	3.23088 2.88433,
	3.21315 2.87681,
	"/>
</Transform>

<Transform dim="6"
 xcoef=" 0.0630421550332155 1.01161358043972 -0.0232860853193382 0 0 0"
 ycoef=" -0.167070823324978 0.0206018529314313 1.00550325163609 0 0 0">
<Contour name="D15" hidden="false" closed="true" simplified="true" border="1 1 0" fill="1 1 0" mode="11"
 points="5.71468 5.26677,
	5.71635 5.25926,
	5.72118 5.25249,
	5.7287 5.24711,
	5.73818 5.24366,
	5.74869 5.24247,
	5.7592 5.24366,
	5.76868 5.24711,
	5.77621 5.25249,
	5.78104 5.25926,
	5.7827 5.26677,
	5.78104 5.27427,
	5.77621 5.28105,
	5.76868 5.28642,
	5.7592 5.28987,
	5.74869 5.29106,
	5.73818 5.28987,
	5.7287 5.28642,
	5.72118 5.28105,
	"/>
<Contour name="D15" hidden="false" closed="true" simplified="true" border="1 1 0" fill="1 1 0" mode="11"
 points="6.40949 5.41253,
	6.41381 5.38238,
	6.42646 5.35447,
	6.4465 5.33086,
	6.47245 5.31331,
	6.50237 5.30312,
	6.53405 5.30104,
	6.56515 5.30723,
	6.59334 5.32123,
	6.61655 5.342,
	6.63305 5.36801,
	6.64162 5.39731,
	6.64162 5.42775,
	6.63305 5.45705,
	6.61655 5.48305,
	6.59334 5.50383,
	6.56515 5.51783,
	6.53405 5.52402,
	6.50237 5.52194,
	6.47245 5.51175,
	6.4465 5.4942,
	6.42646 5.47059,
	6.41381 5.44268,
	"/>
<Contour name="D15" hidden="false" closed="true" simplified="true" border="1 1 0" fill="1 1 0" mode="11"
 points="5.95276 5.50242,
	5.95443 5.48815,
	5.95926 5.47529,
	5.96678 5.46507,
	5.97626 5.45852,
	5.98677 5.45626,
	5.99728 5.45852,
	6.00676 5.46507,
	6.01429 5.47529,
	6.01912 5.48815,
	6.02078 5.50242,
	6.01912 5.51668,
	6.01429 5.52955,
	6.00676 5.53976,
	5.99728 5.54632,
	5.98677 5.54858,
	5.97626 5.54632,
	5.96678 5.53976,
	5.95926 5.52955,
	"/>
</Transform>

<Transform dim="6"
 xcoef=" 0.0630421550332155 1.01161358043972 -0.0232860853193382 0 0 0"
 ycoef=" -0.167070823324978 0.0206018529314313 1.00550325163609 0 0 0">
<Contour name="D16" hidden="false" closed="true" simplified="true" border="0 0 1" fill="0 0 1" mode="11"
 points="2.09371 2.00184,
	2.09704 1.9783,
	2.10672 1.95706,
	2.1218 1.9402,
	2.14081 1.92938,
	2.16187 1.92565,
	2.18293 1.92938,
	2.20193 1.9402,
	2.21701 1.95706,
	2.2267 1.9783,
	2.23003 2.00184,
	2.2267 2.02538,
	2.21701 2.04662,
	2.20193 2.06347,
	2.18293 2.07429,
	2.16187 2.07802,
	2.14081 2.07429,
	2.1218 2.06347,
	2.10672 2.04662,
	"/>
</Transform>

<Transform dim="6"
 xcoef=" 0.0630421550332155 1.01161358043972 -0.0232860853193382 0 0 0"
 ycoef=" -0.167070823324978 0.0206018529314313 1.00550325163609 0 0 0">
<Contour name="D18" hidden="false" closed="true" simplified="true" border="1 0 0" fill="1 0 0" mode="11"
 points="3.62939 5.35388,
	3.63067 5.34149,
	3.63437 5.33031,
	3.64014 5.32144,
	3.6474 5.31575,
	3.65546 5.31379,
	3.66351 5.31575,
	3.67077 5.32144,
	3.67654 5.33031,
	3.68024 5.34149,
	3.68152 5.35388,
	3.68024 5.36627,
	3.67654 5.37745,
	3.67077 5.38632,
	3.66351 5.39202,
	3.65546 5.39398,
	3.6474 5.39202,
	3.64014 5.38632,
	3.63437 5.37745,
	"/>
</Transform>

<Transform dim="6"
 xcoef=" 0.0630421550332155 1.01161358043972 -0.0232860853193382 0 0 0"
 ycoef=" -0.167070823324978 0.0206018529314313 1.00550325163609 0 0 0">
<Contour name="d01p15" hidden="false" closed="true" simplified="false" border="1 1 0" fill="1 1 0" mode="-13"
 points="5.68936 3.29568,
	5.68936 3.24345,
	5.63713 3.24345,
	5.63713 3.28915,
	5.6306 3.29568,
	5.6306 3.23692,
	5.69589 3.23692,
	5.69589 3.30221,
	5.6306 3.30221,
	5.63713 3.29568,
	"/>
</Transform>

<Transform dim="6"
 xcoef=" 0.0630421550332155 1.01161358043972 -0.0232860853193382 0 0 0"
 ycoef=" -0.167070823324978 0.0206018529314313 1.00550325163609 0 0 0">
<Contour name="d01p16" hidden="false" closed="true" simplified="false" border="0 0 1" fill="0 0 1" mode="-13"
 points="5.5947 3.93873,
	5.57185 3.91588,
	5.5947 3.89303,
	5.61755 3.91588,
	"/>
</Transform>

<Transform dim="6"
 xcoef=" 0.0630421550332155 1.01161358043972 -0.0232860853193382 0 0 0"
 ycoef=" -0.167070823324978 0.0206018529314313 1.00550325163609 0 0 0">
<Contour name="d07p24" hidden="false" closed="true" simplified="false" border="0 0 1" fill="0 0 1" mode="-13"
 points="3.98314 7.76869,
	3.96577 7.75132,
	3.98314 7.73395,
	4.00051 7.75132,
	"/>
</Transform>

<Transform dim="6"
 xcoef=" 0.0630421550332155 1.01161358043972 -0.0232860853193382 0 0 0"
 ycoef=" -0.167070823324978 0.0206018529314313 1.00550325163609 0 0 0">
<Contour name="d08p22" hidden="false" closed="true" simplified="false" border="0.251 0 0.502" fill="0.251 0 0.502" mode="-13"
 points="4.17139 2.55215,
	4.1565 2.53727,
	4.17139 2.52238,
	4.18627 2.53727,
	"/>
</Transform>

<Transform dim="0"
 xcoef=" 0 1 0 0 0 0"
 ycoef=" 0 0 1 0 0 0">
<Contour name="d01" hidden="false" closed="true" simplified="true" border="1 0.5 0" fill="1 0.5 0" mode="9"
 points="6.18141 3.88115,
	6.25729 3.73797,
	6.26619 3.74221,
	6.25218 3.70709,
	6.24298 3.68958,
	6.23838 3.68082,
	6.25076 3.64516,
	6.25914 3.62729,
	6.27632 3.60923,
	6.29371 3.60003,
	6.32081 3.63045,
	6.3386 3.63894,
	6.37367 3.63379,
	6.44453 3.65447,
	6.46232 3.66296,
	6.48512 3.69789,
	6.45485 3.72064,
	6.40812 3.79242,
	6.37457 3.86392,
	6.3622 3.89958,
	6.34347 4.04159,
	6.34827 4.0592,
	6.34848 4.06804,
	6.33979 4.07265,
	6.30379 4.03798,
	6.28099 4.00304,
	6.26299 3.98571,
	6.25778 3.9504,
	6.2221 3.929,
	6.20431 3.92052,
	6.19551 3.9207,
	6.18192 3.90327,
	6.18151 3.88558,
	"/>
<Contour name="d01c14" hidden="false" closed="true" simplified="true" border="0 1 0" fill="0 1 0" mode="9"
 points="6.32288 3.90337,
	6.3429 3.84567,
	6.36004 3.81668,
	6.37394 3.80207,
	6.40198 3.7836,
	6.43019 3.77228,
	6.44442 3.77199,
	6.45534 3.7825,
	6.44954 3.83991,
	6.44987 3.85422,
	6.44292 3.86152,
	6.43291 3.89037,
	6.41578 3.91936,
	6.409 3.93382,
	6.40916 3.94098,
	6.40222 3.94828,
	6.40238 3.95544,
	6.38161 3.98093,
	6.36763 3.99196,
	6.33917 3.99254,
	6.33205 3.99269,
	6.32461 3.97852,
	6.32329 3.92126,
	6.32296 3.90695,
	"/>
<Contour name="d01cfa14" hidden="false" closed="false" simplified="false" border="0 1 1" fill="0 1 1" mode="9"
 points="6.35705 3.98675,
	6.35606 3.94381,
	6.36566 3.89707,
	6.38916 3.83572,
	6.43044 3.77401,
	"/>
</Transform>

<Transform dim="0"
 xcoef=" 0 1 0 0 0 0"
 ycoef=" 0 0 1 0 0 0">
<Contour name="d01ax14" comment="LK bouton trace named after cfa" hidden="false" closed="true" simplified="true" border="0 1 1" fill="0.502 1 1" mode="-9"
 points="6.53994 4.56842,
	6.54142 4.56446,
	6.54142 4.55653,
	6.5558 4.5248,
	6.55977 4.51687,
	6.56076 4.51489,
	6.56472 4.51092,
	6.56671 4.50894,
	6.56671 4.50497,
	6.57018 4.49704,
	6.57464 4.48911,
	6.5905 4.4782,
	6.60587 4.46284,
	6.6138 4.45788,
	6.61777 4.4554,
	6.61975 4.45391,
	6.62768 4.45143,
	6.63561 4.45044,
	6.65148 4.45292,
	6.65544 4.45441,
	6.65693 4.4554,
	6.65792 4.45936,
	6.65594 4.47523,
	6.65693 4.49109,
	6.66436 4.50695,
	6.66635 4.51489,
	6.66883 4.51885,
	6.67031 4.52282,
	6.6718 4.5248,
	6.67279 4.52579,
	6.67725 4.53422,
	6.67973 4.53769,
	6.68072 4.53868,
	6.68072 4.53967,
	6.68568 4.5476,
	6.68965 4.55107,
	6.69163 4.55256,
	6.69212 4.55256,
	6.69361 4.55454,
	6.69659 4.56248,
	6.70154 4.57041,
	6.70799 4.57834,
	6.71592 4.5828,
	6.71988 4.58577,
	6.75161 4.58776,
	6.75954 4.58825,
	6.76351 4.58875,
	6.76549 4.58875,
	6.77342 4.59172,
	6.80515 4.61453,
	6.82101 4.62642,
	6.83688 4.63436,
	6.84481 4.63832,
	6.84877 4.6403,
	6.86464 4.64278,
	6.89636 4.6408,
	6.91223 4.64179,
	6.92016 4.64229,
	6.95188 4.65914,
	6.96775 4.66856,
	6.97568 4.67302,
	6.97964 4.6755,
	6.99551 4.68988,
	6.99898 4.69384,
	7.00146 4.70177,
	7.00493 4.71764,
	7.00939 4.7335,
	7.01583 4.74936,
	7.01682 4.75729,
	7.01534 4.77316,
	7.01434 4.78109,
	7.01385 4.78505,
	7.01385 4.78704,
	7.00641 4.8029,
	6.95882 4.86635,
	6.93552 4.89808,
	6.92264 4.91394,
	6.9152 4.92187,
	6.91123 4.92584,
	6.89537 4.93625,
	6.87951 4.94567,
	6.87554 4.94716,
	6.86761 4.94864,
	6.86364 4.94914,
	6.84778 4.95558,
	6.83985 4.95955,
	6.83588 4.96153,
	6.77243 4.96599,
	6.7645 4.96698,
	6.76053 4.96847,
	6.75855 4.96946,
	6.75062 4.97046,
	6.74269 4.96847,
	6.73476 4.96847,
	6.73079 4.96698,
	6.70353 4.93526,
	6.68766 4.91989,
	6.6837 4.91642,
	6.68171 4.91444,
	6.66585 4.90552,
	6.65792 4.90056,
	6.65197 4.89263,
	6.649 4.88866,
	6.64801 4.88668,
	6.64107 4.87875,
	6.6252 4.86883,
	6.60934 4.85545,
	6.59695 4.83958,
	6.59298 4.83165,
	6.59149 4.82769,
	6.59199 4.81976,
	6.59248 4.81579,
	6.59248 4.81381,
	6.59546 4.80588,
	6.59645 4.80191,
	6.59546 4.79993,
	6.6024 4.7682,
	6.60339 4.75234,
	6.6019 4.73647,
	6.59248 4.70475,
	6.59001 4.69682,
	6.58901 4.69285,
	6.56026 4.6294,
	6.54489 4.59767,
	6.54242 4.58974,
	6.54093 4.58181,
	6.54043 4.57388,
	6.53994 4.56991,
	6.53994 4.56892,
	"/>
<Contour name="d01ax14" comment="LK bouton trace named after cfa" hidden="false" closed="true" simplified="true" border="0 1 1" fill="0.502 1 1" mode="-9"
 points="6.33949 4.00407,
	6.34511 3.98608,
	6.36198 3.95009,
	6.36985 3.9321,
	6.37547 3.91411,
	6.38334 3.89612,
	6.38559 3.88713,
	6.4227 3.81516,
	6.44181 3.77918,
	6.45418 3.76119,
	6.4643 3.7432,
	6.47105 3.73421,
	6.48904 3.69822,
	6.49803 3.68023,
	6.50478 3.67124,
	6.54076 3.64425,
	6.57674 3.61951,
	6.61273 3.60152,
	6.63072 3.59253,
	6.6667 3.58691,
	6.70268 3.58353,
	6.72067 3.58466,
	6.72967 3.58466,
	6.76565 3.59703,
	6.77464 3.60152,
	6.8095 3.63751,
	6.81625 3.6465,
	6.81962 3.651,
	6.82187 3.65999,
	6.82187 3.66224,
	6.82524 3.66674,
	6.82637 3.67574,
	6.83424 3.69373,
	6.83536 3.69822,
	6.84098 3.70722,
	6.84773 3.72521,
	6.85785 3.7432,
	6.87359 3.77918,
	6.88371 3.79717,
	6.9017 3.81404,
	6.90957 3.82303,
	6.9152 3.83203,
	6.92981 3.85002,
	6.94218 3.86801,
	6.95005 3.886,
	6.96017 3.90399,
	6.96355 3.91299,
	6.96579 3.93098,
	6.96467 3.93997,
	6.95792 3.95797,
	6.9523 3.96696,
	6.91857 4.00294,
	6.90957 4.01081,
	6.90732 4.01306,
	6.90845 4.04904,
	6.90508 4.06703,
	6.89833 4.08503,
	6.89496 4.08952,
	6.89158 4.09852,
	6.88034 4.11651,
	6.8646 4.1345,
	6.8601 4.15249,
	6.85785 4.16149,
	6.84661 4.17948,
	6.82974 4.19747,
	6.81175 4.21208,
	6.79376 4.22895,
	6.78476 4.23345,
	6.78251 4.23345,
	6.78026 4.2357,
	6.77127 4.2357,
	6.76227 4.23907,
	6.74428 4.24919,
	6.7083 4.26381,
	6.69931 4.26493,
	6.62734 4.29529,
	6.55538 4.32115,
	6.5194 4.3324,
	6.48342 4.34027,
	6.46543 4.34364,
	6.44744 4.34252,
	6.43844 4.34027,
	6.42944 4.33577,
	6.42495 4.33352,
	6.41708 4.32453,
	6.41258 4.31553,
	6.40921 4.29754,
	6.40921 4.26156,
	6.39121 4.24582,
	6.38222 4.2402,
	6.3721 4.2222,
	6.3676 4.20421,
	6.36535 4.19522,
	6.37997 4.15924,
	6.38334 4.14125,
	6.38334 4.13225,
	6.37547 4.11426,
	6.35074 4.07828,
	6.34286 4.06029,
	6.33949 4.0423,
	6.33949 4.00632,
	6.33949 4.00519,
	"/>
</Transform>

<Transform dim="0"
 xcoef=" 0 1 0 0 0 0"
 ycoef=" 0 0 1 0 0 0">
<Contour name="d01ax17" comment="LK bouton trace named after cfa" hidden="false" closed="true" simplified="true" border="0 1 1" fill="0.502 1 1" mode="-9"
 points="6.21532 2.63001,
	6.22283 2.61286,
	6.22711 2.60428,
	6.22926 2.60321,
	6.23033 2.59463,
	6.2314 2.59034,
	6.2432 2.57426,
	6.25177 2.56676,
	6.26678 2.55496,
	6.27536 2.54746,
	6.27965 2.54424,
	6.2818 2.54424,
	6.28287 2.5421,
	6.28501 2.5421,
	6.29359 2.53459,
	6.30002 2.52816,
	6.3086 2.511,
	6.31074 2.50671,
	6.31932 2.49921,
	6.3279 2.49492,
	6.33648 2.48849,
	6.35041 2.47348,
	6.35363 2.46919,
	6.36221 2.46597,
	6.37936 2.4649,
	6.39652 2.46704,
	6.40509 2.46812,
	6.41367 2.47348,
	6.42118 2.48098,
	6.43297 2.49814,
	6.43833 2.50671,
	6.44369 2.52387,
	6.44584 2.53245,
	6.44476 2.56676,
	6.44584 2.57533,
	6.4512 2.59249,
	6.4512 2.60964,
	6.44798 2.61822,
	6.43726 2.63537,
	6.42332 2.65038,
	6.41903 2.65467,
	6.40295 2.66432,
	6.39437 2.67075,
	6.38579 2.6729,
	6.38151 2.67504,
	6.37293 2.67504,
	6.35577 2.67933,
	6.33862 2.68148,
	6.30431 2.6804,
	6.28716 2.67826,
	6.27858 2.67826,
	6.26142 2.67183,
	6.25285 2.66968,
	6.24856 2.66647,
	6.24427 2.66539,
	6.22819 2.6536,
	6.22068 2.64609,
	6.21639 2.64288,
	6.21532 2.6343,
	6.21532 2.63108,
	"/>
</Transform>

<Transform dim="0"
 xcoef=" 0 1 0 0 0 0"
 ycoef=" 0 0 1 0 0 0">
<Contour name="d03" hidden="false" closed="true" simplified="true" border="0 1 0" fill="0 1 0" mode="9"
 points="2.30359 3.22049,
	2.31551 3.19507,
	2.33688 3.17262,
	2.38681 3.16845,
	2.41181 3.16794,
	2.43419 3.1895,
	2.43477 3.21465,
	2.43506 3.22722,
	2.45184 3.27721,
	2.45526 3.28972,
	2.48062 3.30494,
	2.53061 3.30391,
	2.55562 3.3034,
	2.56521 3.31263,
	2.56637 3.36294,
	2.56695 3.38809,
	2.56724 3.40068,
	2.54587 3.42313,
	2.52123 3.43936,
	2.47159 3.4561,
	2.44666 3.45977,
	2.42159 3.45713,
	2.39616 3.43878,
	2.3737 3.41407,
	2.36004 3.36403,
	2.35662 3.35152,
	2.32734 3.30178,
	2.31113 3.27695,
	2.3046 3.26451,
	2.30402 3.23935,
	2.30373 3.22677,
	2.30366 3.22363,
	"/>
</Transform>

<Transform dim="0"
 xcoef=" 0 1 0 0 0 0"
 ycoef=" 0 0 1 0 0 0">
<Contour name="ax10" comment="LK bouton trace named after cfa" hidden="false" closed="true" simplified="true" border="0 1 1" fill="0.502 1 1" mode="9"
 points="1.7118 3.50783,
	1.71544 3.50054,
	1.72455 3.48597,
	1.72865 3.47869,
	1.73547 3.4714,
	1.75004 3.45911,
	1.76461 3.44591,
	1.7719 3.4409,
	1.77918 3.43498,
	1.78282 3.43225,
	1.79739 3.42497,
	1.81196 3.41859,
	1.81924 3.41586,
	1.83381 3.41313,
	1.84838 3.41131,
	1.85202 3.41085,
	1.85931 3.40812,
	1.86659 3.40767,
	1.88116 3.40357,
	1.89573 3.39765,
	1.9103 3.39037,
	1.91394 3.38855,
	1.92122 3.38126,
	1.93579 3.37352,
	1.94308 3.3717,
	1.95036 3.36851,
	1.95764 3.36624,
	1.97221 3.35941,
	2.00135 3.34393,
	2.01592 3.3371,
	2.03049 3.33118,
	2.03413 3.33027,
	2.06327 3.31525,
	2.07783 3.30751,
	2.08512 3.30341,
	2.09969 3.29157,
	2.11426 3.27883,
	2.11881 3.27154,
	2.12108 3.2679,
	2.122 3.26608,
	2.12928 3.25925,
	2.13292 3.25561,
	2.16206 3.23558,
	2.17663 3.22647,
	2.18027 3.22465,
	2.18755 3.22283,
	2.19484 3.22237,
	2.20212 3.22283,
	2.20941 3.22419,
	2.22398 3.2292,
	2.25311 3.24377,
	2.26768 3.25151,
	2.29682 3.26927,
	2.31139 3.28156,
	2.31503 3.28475,
	2.31639 3.28839,
	2.31685 3.29567,
	2.3173 3.29931,
	2.31503 3.31388,
	2.31366 3.32117,
	2.31139 3.32845,
	2.3082 3.33573,
	2.3082 3.33938,
	2.30638 3.34302,
	2.30592 3.3503,
	2.30592 3.35395,
	2.3082 3.36123,
	2.31594 3.3758,
	2.32504 3.39037,
	2.32732 3.39401,
	2.35646 3.41859,
	2.36374 3.42497,
	2.37103 3.43043,
	2.40016 3.45638,
	2.41473 3.47004,
	2.42202 3.47596,
	2.43658 3.48461,
	2.46572 3.49872,
	2.48029 3.50646,
	2.48757 3.51147,
	2.49122 3.51329,
	2.49395 3.51693,
	2.49713 3.52422,
	2.49805 3.5315,
	2.49713 3.53514,
	2.49713 3.53696,
	2.49304 3.54425,
	2.49031 3.54789,
	2.48848 3.55153,
	2.48302 3.55882,
	2.47847 3.5661,
	2.47619 3.56974,
	2.47255 3.58431,
	2.47073 3.59159,
	2.468 3.59888,
	2.4639 3.60616,
	2.45434 3.62073,
	2.44933 3.62802,
	2.4466 3.63166,
	2.44478 3.63348,
	2.44432 3.6353,
	2.44296 3.63712,
	2.44205 3.64441,
	2.44296 3.65169,
	2.44341 3.65533,
	2.44569 3.66262,
	2.44569 3.66444,
	2.4466 3.66626,
	2.44797 3.68083,
	2.44842 3.68811,
	2.45115 3.6954,
	2.45161 3.70268,
	2.45024 3.70632,
	2.44979 3.70814,
	2.44842 3.70996,
	2.44842 3.71087,
	2.43613 3.72544,
	2.4293 3.73182,
	2.40517 3.7605,
	2.3906 3.7737,
	2.37603 3.78599,
	2.37239 3.78918,
	2.36784 3.79646,
	2.36556 3.80011,
	2.35099 3.81194,
	2.33643 3.82196,
	2.30729 3.83698,
	2.29272 3.84381,
	2.28635 3.85064,
	2.27906 3.86521,
	2.27496 3.87249,
	2.27223 3.87614,
	2.26859 3.87978,
	2.26131 3.88342,
	2.25402 3.88479,
	2.25038 3.88524,
	2.23581 3.89389,
	2.22853 3.8989,
	2.21396 3.90527,
	2.20667 3.90891,
	2.20303 3.90983,
	2.19575 3.91301,
	2.18846 3.91438,
	2.18118 3.91665,
	2.17754 3.91757,
	2.17572 3.91848,
	2.14658 3.9203,
	2.13201 3.92166,
	2.11744 3.92394,
	2.10287 3.92713,
	2.09559 3.92849,
	2.08102 3.92986,
	2.07374 3.93122,
	2.05917 3.92895,
	2.05553 3.92849,
	2.04096 3.92166,
	2.01182 3.90527,
	1.98268 3.88114,
	1.96812 3.86931,
	1.95355 3.85656,
	1.9499 3.85292,
	1.92077 3.83152,
	1.90665 3.81695,
	1.90301 3.81331,
	1.88844 3.80238,
	1.87388 3.79282,
	1.8675 3.78554,
	1.86249 3.77825,
	1.8543 3.76369,
	1.83928 3.73455,
	1.82471 3.72043,
	1.79557 3.70313,
	1.781 3.69312,
	1.77918 3.69221,
	1.75004 3.66535,
	1.74412 3.65806,
	1.74003 3.65078,
	1.73912 3.64714,
	1.74003 3.63985,
	1.73912 3.62528,
	1.74003 3.61072,
	1.73957 3.59615,
	1.73912 3.58886,
	1.73502 3.57429,
	1.73183 3.56701,
	1.72227 3.55244,
	1.71499 3.53787,
	1.71408 3.53605,
	1.71226 3.52148,
	1.7118 3.5142,
	1.7118 3.51056,
	1.7118 3.50874,
	1.7118 3.50828,
	"/>
</Transform>

<Transform dim="0"
 xcoef=" 0 1 0 0 0 0"
 ycoef=" 0 0 1 0 0 0">
<Contour name="ax15" comment="LK bouton trace named after cfa" hidden="false" closed="true" simplified="true" border="0 1 1" fill="0.502 1 1" mode="9"
 points="3.32032 1.88843,
	3.32388 1.8862,
	3.331 1.88353,
	3.33456 1.88264,
	3.33634 1.88131,
	3.34346 1.87864,
	3.3577 1.86974,
	3.36482 1.8644,
	3.36571 1.8644,
	3.37283 1.85817,
	3.3795 1.85327,
	3.38395 1.84616,
	3.39463 1.83192,
	3.39952 1.8248,
	3.4013 1.82124,
	3.40709 1.81412,
	3.41421 1.80833,
	3.41732 1.80477,
	3.42088 1.8021,
	3.43112 1.78787,
	3.43468 1.78075,
	3.43512 1.77719,
	3.43913 1.77007,
	3.44491 1.76295,
	3.44803 1.75939,
	3.44892 1.75761,
	3.45203 1.75405,
	3.45648 1.74693,
	3.46182 1.73269,
	3.46271 1.72913,
	3.46315 1.72735,
	3.4725 1.71311,
	3.47383 1.71133,
	3.47383 1.71044,
	3.47517 1.70866,
	3.47561 1.70688,
	3.47784 1.70332,
	3.47784 1.70243,
	3.48451 1.69531,
	3.49163 1.69175,
	3.49519 1.68997,
	3.50231 1.68953,
	3.50943 1.68997,
	3.51299 1.69042,
	3.51655 1.6922,
	3.52011 1.69487,
	3.52411 1.70199,
	3.52634 1.70911,
	3.52678 1.71267,
	3.52901 1.71979,
	3.53034 1.7269,
	3.53034 1.73402,
	3.53034 1.73758,
	3.52901 1.7447,
	3.52856 1.75182,
	3.52723 1.75538,
	3.52678 1.75894,
	3.52545 1.7625,
	3.52456 1.76962,
	3.52367 1.77318,
	3.52411 1.7803,
	3.52278 1.78742,
	3.51744 1.80166,
	3.50943 1.8159,
	3.50587 1.82302,
	3.50587 1.83726,
	3.50543 1.84438,
	3.50409 1.85149,
	3.49875 1.86573,
	3.49519 1.87285,
	3.49252 1.87997,
	3.48896 1.88709,
	3.48718 1.89065,
	3.48496 1.90489,
	3.48407 1.91913,
	3.48273 1.92625,
	3.48051 1.93337,
	3.47739 1.94049,
	3.4765 1.94405,
	3.47294 1.95117,
	3.47027 1.95473,
	3.46671 1.95784,
	3.45959 1.9614,
	3.44536 1.96185,
	3.43824 1.9614,
	3.43468 1.96185,
	3.4329 1.96185,
	3.42578 1.96541,
	3.42222 1.96674,
	3.4151 1.96763,
	3.40798 1.96674,
	3.4062 1.96674,
	3.40264 1.96496,
	3.40086 1.96407,
	3.3973 1.96407,
	3.39018 1.96185,
	3.37594 1.95562,
	3.34746 1.93559,
	3.3439 1.93292,
	3.34212 1.93203,
	3.32789 1.91868,
	3.32522 1.91512,
	3.32255 1.90801,
	3.32032 1.89377,
	3.32032 1.89021,
	3.32032 1.88887,
	"/>
</Transform>

<Transform dim="0"
 xcoef=" 0 1 0 0 0 0"
 ycoef=" 0 0 1 0 0 0">
<Contour name="d02" hidden="false" closed="true" simplified="true" border="0.5 0 1" fill="0.5 0 1" mode="9"
 points="5.05561 6.14706,
	5.06309 6.13918,
	5.1246 6.14178,
	5.13986 6.1376,
	5.1553 6.14116,
	5.15984 6.17196,
	5.13369 6.20341,
	5.07228 6.20467,
	5.06042 6.18945,
	5.05587 6.15864,
	5.05569 6.15091,
	"/>
<Contour name="d07" hidden="false" closed="true" simplified="true" border="1 0 1" fill="1 0 1" mode="9"
 points="4.41601 7.03384,
	4.55928 7.02639,
	4.63023 6.99337,
	4.65638 6.96127,
	4.6915 6.92899,
	4.70776 6.8565,
	4.7061 6.78438,
	4.71913 6.76608,
	4.73684 6.7567,
	4.77268 6.75596,
	4.79091 6.76912,
	4.80518 6.8049,
	4.82841 6.8405,
	4.83779 6.85835,
	4.84696 6.86717,
	4.85185 6.88511,
	4.87008 6.89828,
	4.90759 6.96965,
	4.95405 7.04085,
	4.99071 7.07618,
	4.99092 7.0852,
	5.00926 7.10285,
	5.01416 7.12079,
	5.03239 7.13394,
	5.03259 7.14296,
	5.0602 7.17396,
	5.09687 7.20929,
	5.115 7.21794,
	5.12417 7.22676,
	5.1422 7.23091,
	5.16959 7.25289,
	5.18334 7.26614,
	5.18355 7.27515,
	5.25627 7.31876,
	5.2745 7.33192,
	5.41797 7.33348,
	5.48935 7.31849,
	5.52477 7.29973,
	5.59635 7.29376,
	5.60541 7.29808,
	5.60707 7.37019,
	5.60749 7.38823,
	5.58988 7.40211,
	5.44673 7.41407,
	5.30336 7.417,
	5.23116 7.39594,
	5.15833 7.34782,
	5.13999 7.33016,
	5.06779 7.30909,
	5.03144 7.28729,
	4.95924 7.26622,
	4.88683 7.23614,
	4.74346 7.23908,
	4.67178 7.24055,
	4.63563 7.22776,
	4.59906 7.19695,
	4.52675 7.17137,
	4.49039 7.14956,
	4.46268 7.11405,
	4.4533 7.09621,
	4.41664 7.06088,
	4.41622 7.04285,
	4.41612 7.03835,
	"/>
<Contour name="d07cfa22ax18" hidden="false" closed="false" simplified="false" border="0 1 1" fill="0 1 1" mode="9"
 points="5.33538 7.33496,
	5.2784 7.32078,
	5.21686 7.29792,
	5.16342 7.24859,
	5.10377 7.21255,
	5.048 7.1567,
	4.99194 7.08769,
	4.91314 6.9775,
	4.85247 6.89763,
	"/>
</Transform>

<Transform dim="0"
 xcoef=" 0 1 0 0 0 0"
 ycoef=" 0 0 1 0 0 0">
<Contour name="ax18" comment="LK bouton trace named after cfa" hidden="false" closed="true" simplified="true" border="0 1 1" fill="0.502 1 1" mode="9"
 points="4.78873 6.70407,
	4.79505 6.69144,
	4.7982 6.68513,
	4.80294 6.67882,
	4.80452 6.6725,
	4.81478 6.65987,
	4.83845 6.63462,
	4.84319 6.62831,
	4.86765 6.60542,
	4.87318 6.59911,
	4.88028 6.58648,
	4.88501 6.56123,
	4.88343 6.53597,
	4.88422 6.52966,
	4.88659 6.52335,
	4.88659 6.52019,
	4.90948 6.49573,
	4.91579 6.4831,
	4.91737 6.47679,
	4.91895 6.47363,
	4.91895 6.44838,
	4.91658 6.43575,
	4.91658 6.42312,
	4.92132 6.39787,
	4.92447 6.38524,
	4.92605 6.37893,
	4.93394 6.3663,
	4.93947 6.35367,
	4.94341 6.34736,
	4.9442 6.3442,
	4.94578 6.34263,
	4.94578 6.34105,
	4.95841 6.33158,
	4.96472 6.32605,
	4.96788 6.3229,
	4.99313 6.30711,
	5.00576 6.30317,
	5.03101 6.30238,
	5.03732 6.30396,
	5.04048 6.30396,
	5.04679 6.30711,
	5.05311 6.31185,
	5.05626 6.31343,
	5.08152 6.31421,
	5.08468 6.315,
	5.0973 6.32447,
	5.10283 6.33079,
	5.10914 6.34341,
	5.11387 6.35604,
	5.11624 6.36235,
	5.12256 6.36867,
	5.13518 6.37577,
	5.13834 6.37656,
	5.14465 6.38051,
	5.15097 6.38208,
	5.15728 6.38603,
	5.16359 6.39234,
	5.16675 6.39866,
	5.18648 6.42391,
	5.19674 6.43654,
	5.19832 6.43969,
	5.21094 6.4468,
	5.22357 6.4468,
	5.22988 6.44601,
	5.2362 6.44364,
	5.23935 6.44127,
	5.24567 6.43969,
	5.25829 6.44048,
	5.27092 6.44285,
	5.28355 6.4468,
	5.29617 6.44838,
	5.3088 6.4539,
	5.31512 6.45627,
	5.32143 6.46258,
	5.32459 6.46574,
	5.33721 6.49099,
	5.34195 6.50362,
	5.35536 6.52887,
	5.36404 6.5415,
	5.37746 6.56675,
	5.38062 6.57307,
	5.39088 6.5849,
	5.4035 6.59595,
	5.42876 6.60779,
	5.44138 6.61489,
	5.4477 6.61963,
	5.46506 6.64488,
	5.47374 6.65751,
	5.484 6.67013,
	5.49663 6.67882,
	5.52188 6.69144,
	5.52504 6.69302,
	5.55029 6.71354,
	5.56055 6.72538,
	5.56607 6.73169,
	5.57239 6.73643,
	5.5787 6.74274,
	5.60395 6.75773,
	5.61658 6.76247,
	5.62921 6.76878,
	5.64183 6.77667,
	5.66709 6.78772,
	5.67972 6.79404,
	5.69234 6.80193,
	5.70497 6.81376,
	5.71839 6.83902,
	5.72864 6.86427,
	5.73101 6.8769,
	5.7318 6.90215,
	5.73022 6.91478,
	5.72707 6.92741,
	5.72312 6.97791,
	5.72628 7.00317,
	5.72864 7.01579,
	5.73022 7.0663,
	5.73022 7.07893,
	5.73022 7.08524,
	5.72549 7.1105,
	5.72154 7.12312,
	5.71444 7.13575,
	5.71049 7.14206,
	5.70892 7.14522,
	5.69708 7.15785,
	5.67972 7.1831,
	5.65604 7.20835,
	5.6442 7.22098,
	5.61895 7.24071,
	5.60632 7.24939,
	5.58422 7.27464,
	5.57397 7.28727,
	5.5495 7.31253,
	5.53687 7.322,
	5.51162 7.3362,
	5.49899 7.34251,
	5.47374 7.34883,
	5.46111 7.35041,
	5.43586 7.3583,
	5.38535 7.35909,
	5.3601 7.35751,
	5.34747 7.35514,
	5.29696 7.33778,
	5.24646 7.31489,
	5.2212 7.30306,
	5.20858 7.29753,
	5.20226 7.29358,
	5.192 7.28096,
	5.18017 7.26833,
	5.15491 7.24623,
	5.12966 7.22729,
	5.11703 7.21861,
	5.11072 7.2123,
	5.09178 7.18705,
	5.0831 7.17442,
	5.07284 7.16179,
	5.04758 7.14206,
	5.03496 7.13417,
	5.02233 7.12312,
	5.01286 7.1105,
	5.00181 7.09787,
	4.96472 7.04736,
	4.94894 7.02211,
	4.93079 6.99685,
	4.89212 6.94635,
	4.87239 6.92109,
	4.86292 6.90847,
	4.85739 6.90215,
	4.84003 6.8769,
	4.82425 6.85165,
	4.81635 6.83902,
	4.80452 6.81376,
	4.79663 6.76326,
	4.7911 6.738,
	4.78873 6.71275,
	4.78873 6.70644,
	4.78873 6.70486,
	"/>
</Transform>

<Transform dim="0"
 xcoef=" 0 1 0 0 0 0"
 ycoef=" 0 0 1 0 0 0">
<Contour name="d02" hidden="false" closed="true" simplified="true" border="0.5 0 1" fill="0.5 0 1" mode="9"
 points="3.00541 7.27781,
	3.03402 7.17768,
	3.05141 7.12756,
	3.10001 7.08923,
	3.11179 7.06411,
	3.18985 6.96297,
	3.28803 6.92984,
	3.33044 6.89165,
	3.52694 6.83163,
	3.57625 6.8244,
	3.60097 6.82389,
	3.64323 6.77948,
	3.69196 6.74738,
	3.71625 6.72821,
	3.77592 6.63367,
	3.80568 6.58329,
	3.82983 6.55791,
	3.92887 6.56211,
	3.94137 6.56807,
	3.94194 6.59294,
	3.91218 6.64332,
	3.91275 6.66819,
	3.91304 6.68063,
	3.93806 6.69256,
	3.95717 6.71706,
	3.95745 6.7295,
	3.98275 6.75386,
	4.00244 6.80322,
	4.00977 6.85285,
	4.05404 6.89549,
	4.10391 6.91313,
	4.15407 6.94321,
	4.17304 6.96149,
	4.27136 6.93459,
	4.36997 6.92013,
	4.3947 6.91962,
	4.40145 6.94437,
	4.38966 6.96949,
	4.34065 6.98916,
	4.29134 6.99639,
	4.2669 7.00933,
	4.22464 7.05375,
	4.19488 7.10413,
	4.17073 7.12951,
	4.15865 7.1422,
	4.1654 7.16694,
	4.26587 7.23333,
	4.31575 7.25096,
	4.36505 7.24374,
	4.46323 7.21062,
	4.51254 7.20338,
	4.56213 7.20859,
	4.58699 7.2143,
	4.59375 7.23905,
	4.57635 7.28918,
	4.58368 7.3388,
	4.62766 7.36901,
	4.65252 7.37472,
	4.67767 7.39287,
	4.67882 7.44261,
	4.66703 7.46773,
	4.56914 7.51329,
	4.5207 7.55783,
	4.49654 7.58322,
	4.47915 7.63334,
	4.47944 7.64578,
	4.46736 7.65847,
	4.45614 7.70847,
	4.45053 7.73347,
	4.43242 7.75251,
	4.4077 7.75302,
	4.35754 7.72294,
	4.33842 7.69844,
	4.34345 7.64857,
	4.34288 7.62369,
	4.29329 7.61848,
	4.27432 7.60022,
	4.27993 7.57521,
	4.30422 7.55605,
	4.35324 7.53638,
	4.37768 7.52344,
	4.38975 7.51075,
	4.38918 7.48588,
	4.35713 7.43676,
	4.34362 7.38727,
	4.33687 7.36252,
	4.31186 7.35059,
	4.26242 7.3516,
	4.21268 7.34018,
	4.11364 7.33599,
	4.01489 7.34423,
	3.99017 7.34474,
	3.89056 7.31567,
	3.84097 7.31047,
	3.81638 7.31719,
	3.71935 7.40006,
	3.67077 7.43838,
	3.62175 7.45805,
	3.59717 7.46477,
	3.54858 7.5031,
	3.49913 7.50412,
	3.47412 7.49218,
	3.42971 7.44332,
	3.40471 7.43139,
	3.30595 7.43963,
	3.28166 7.45879,
	3.23264 7.47847,
	3.1842 7.52301,
	3.1668 7.57313,
	3.14265 7.59851,
	3.11792 7.59902,
	3.10527 7.58683,
	3.09795 7.53722,
	3.05857 7.43848,
	3.058 7.41361,
	3.04506 7.38898,
	3.04392 7.33924,
	3.03156 7.33949,
	3.01244 7.315,
	3.00569 7.29025,
	3.00555 7.28404,
	"/>
</Transform>

<Transform dim="0"
 xcoef=" 0 1 0 0 0 0"
 ycoef=" 0 0 1 0 0 0">
<Contour name="ax19" comment="LK bouton trace named after cfa" hidden="false" closed="true" simplified="true" border="0 1 1" fill="0.502 1 1" mode="-9"
 points="2.89249 8.04319,
	2.89447 8.03922,
	2.89745 8.02333,
	2.90242 8.00745,
	2.91135 7.94392,
	2.91433 7.93598,
	2.91532 7.93201,
	2.92028 7.92407,
	2.92028 7.92209,
	2.92326 7.91812,
	2.92723 7.90223,
	2.93418 7.88635,
	2.93517 7.88238,
	2.94014 7.87444,
	2.94014 7.87246,
	2.94808 7.86451,
	2.95205 7.86054,
	2.96793 7.8526,
	2.97488 7.84565,
	2.98679 7.81389,
	3.00168 7.78213,
	3.00863 7.76625,
	3.02252 7.75036,
	3.0384 7.73647,
	3.04635 7.72952,
	3.05726 7.71364,
	3.05925 7.70967,
	3.06223 7.69378,
	3.06719 7.6779,
	3.07513 7.66202,
	3.08605 7.64614,
	3.09002 7.6382,
	3.10094 7.62232,
	3.1069 7.61437,
	3.10888 7.6104,
	3.12476 7.59551,
	3.14064 7.5836,
	3.14461 7.58162,
	3.1595 7.56574,
	3.17936 7.53397,
	3.18829 7.51809,
	3.19623 7.51213,
	3.2002 7.50816,
	3.23197 7.49129,
	3.23991 7.48732,
	3.24388 7.48533,
	3.27465 7.45357,
	3.28259 7.44662,
	3.29847 7.43769,
	3.30641 7.43372,
	3.32229 7.43074,
	3.33818 7.42578,
	3.34612 7.42181,
	3.362 7.41684,
	3.36994 7.41287,
	3.4017 7.41089,
	3.41758 7.41089,
	3.43347 7.41784,
	3.44141 7.42578,
	3.45729 7.45754,
	3.4692 7.47342,
	3.48508 7.4893,
	3.51188 7.52107,
	3.51387 7.52901,
	3.51387 7.53099,
	3.51982 7.53894,
	3.52479 7.55482,
	3.52777 7.5707,
	3.53074 7.57864,
	3.5367 7.58658,
	3.53868 7.59055,
	3.54663 7.5975,
	3.55159 7.60544,
	3.55357 7.62132,
	3.55556 7.62926,
	3.55655 7.63323,
	3.56251 7.64118,
	3.57045 7.64713,
	3.57144 7.67889,
	3.57442 7.69478,
	3.58037 7.71066,
	3.58137 7.7186,
	3.58434 7.72654,
	3.58534 7.74242,
	3.58236 7.77419,
	3.5774 7.80595,
	3.57442 7.81389,
	3.56449 7.82977,
	3.55854 7.84565,
	3.56151 7.86154,
	3.56251 7.87742,
	3.56052 7.8933,
	3.5506 7.92506,
	3.54265 7.95683,
	3.53968 7.97271,
	3.5367 7.98065,
	3.53372 7.99653,
	3.51982 8.0283,
	3.5099 8.04418,
	3.50494 8.05212,
	3.49005 8.068,
	3.45828 8.08587,
	3.4424 8.09381,
	3.42652 8.09877,
	3.39475 8.10175,
	3.36299 8.10076,
	3.35505 8.09976,
	3.35108 8.09976,
	3.3352 8.09282,
	3.31932 8.08785,
	3.28755 8.07396,
	3.28358 8.07197,
	3.2677 8.07098,
	3.25976 8.07098,
	3.24388 8.06701,
	3.22799 8.06105,
	3.21211 8.06205,
	3.20417 8.06403,
	3.18829 8.06403,
	3.18035 8.06602,
	3.17638 8.06602,
	3.16844 8.06899,
	3.13667 8.07197,
	3.1327 8.07197,
	3.11682 8.06403,
	3.10888 8.05907,
	3.10491 8.05708,
	3.08903 8.05609,
	3.05726 8.06403,
	3.0255 8.06999,
	2.96197 8.07495,
	2.93021 8.07594,
	2.91433 8.07495,
	2.91036 8.07495,
	2.90242 8.06999,
	2.89547 8.06304,
	2.89249 8.04716,
	2.89249 8.04418,
	"/>
</Transform>

<Transform dim="0"
 xcoef=" 0 1 0 0 0 0"
 ycoef=" 0 0 1 0 0 0">
<Contour name="ax20" comment="LK bouton trace named after cfa" hidden="false" closed="true" simplified="true" border="0 1 1" fill="0.502 1 1" mode="9"
 points="4.94143 7.35367,
	4.9437 7.3416,
	4.94445 7.33556,
	4.94671 7.32953,
	4.94898 7.32651,
	4.95275 7.31444,
	4.95577 7.3084,
	4.9603 7.30236,
	4.96633 7.29708,
	4.9784 7.29029,
	4.98444 7.28727,
	4.98746 7.28576,
	4.99349 7.28501,
	5.00557 7.28124,
	5.02971 7.28199,
	5.03575 7.2835,
	5.03877 7.28576,
	5.04028 7.28576,
	5.05008 7.29784,
	5.05537 7.30312,
	5.0614 7.30689,
	5.07348 7.3084,
	5.08555 7.31142,
	5.09083 7.3167,
	5.09385 7.32274,
	5.09385 7.33481,
	5.09309 7.34084,
	5.08781 7.35292,
	5.08404 7.35895,
	5.08027 7.36348,
	5.0697 7.37254,
	5.06668 7.3748,
	5.06367 7.37555,
	5.05159 7.38234,
	5.04556 7.38461,
	5.04405 7.38461,
	5.04254 7.38612,
	5.0365 7.38763,
	5.03047 7.39064,
	5.02745 7.39291,
	5.02443 7.39366,
	5.01839 7.39819,
	5.00632 7.40272,
	4.98218 7.40196,
	4.97614 7.40196,
	4.9701 7.39894,
	4.95803 7.38989,
	4.95275 7.38536,
	4.95049 7.38385,
	4.94219 7.37178,
	4.94143 7.35971,
	4.94143 7.35443,
	"/>
</Transform>

<Transform dim="0"
 xcoef=" 0 1 0 0 0 0"
 ycoef=" 0 0 1 0 0 0">
<Contour name="d08" hidden="false" closed="true" simplified="true" border="1 0 0" fill="1 0 0" mode="9"
 points="4.54181 3.10267,
	4.55976 3.09776,
	4.55503 3.08877,
	4.56396 3.08405,
	4.70992 3.14919,
	4.74602 3.14845,
	4.75096 3.16652,
	4.72923 3.2033,
	4.72513 3.22156,
	4.71611 3.22174,
	4.70299 3.24017,
	4.69418 3.24944,
	4.6823 3.32235,
	4.67822 3.34061,
	4.66384 3.30456,
	4.66343 3.2864,
	4.64957 3.27306,
	4.64464 3.255,
	4.6354 3.2461,
	4.63457 3.20978,
	4.62964 3.19172,
	4.56049 3.12954,
	4.54653 3.11166,
	4.54191 3.10721,
	"/>
<Contour name="D11" hidden="false" closed="true" simplified="true" border="1 0.5 0" fill="1 0.5 0" mode="11"
 points="4.46041 3.85823,
	4.46185 3.84924,
	4.46644 3.84106,
	4.47372 3.83449,
	4.48299 3.83018,
	4.49335 3.82855,
	4.50376 3.82976,
	4.51322 3.83368,
	4.52081 3.83994,
	4.52577 3.84793,
	4.52762 3.85685,
	4.52618 3.86583,
	4.5216 3.87401,
	4.5143 3.88057,
	4.50503 3.88488,
	4.49468 3.88651,
	4.48426 3.8853,
	4.4748 3.88138,
	4.46722 3.87512,
	"/>
<Contour name="D14" hidden="false" closed="true" simplified="true" border="1 0 0" fill="1 0 0" mode="11"
 points="4.14161 3.78019,
	4.14525 3.76443,
	4.15652 3.75006,
	4.17431 3.73847,
	4.1969 3.73081,
	4.22206 3.7278,
	4.24734 3.72977,
	4.27025 3.7365,
	4.28857 3.74736,
	4.30049 3.76125,
	4.30484 3.77685,
	4.30121 3.7926,
	4.28995 3.80697,
	4.27214 3.81856,
	4.24956 3.82624,
	4.2244 3.82923,
	4.19912 3.82727,
	4.1762 3.82053,
	4.15789 3.80967,
	"/>
</Transform>

<Transform dim="0"
 xcoef=" 0 1 0 0 0 0"
 ycoef=" 0 0 1 0 0 0">
<Contour name="ax30" comment="LK bouton trace named after cfa" hidden="false" closed="true" simplified="true" border="0 1 1" fill="0.502 1 1" mode="9"
 points="3.71894 3.71133,
	3.72003 3.71024,
	3.72003 3.69284,
	3.7222 3.68414,
	3.72655 3.67544,
	3.73906 3.65805,
	3.74504 3.64935,
	3.76461 3.61455,
	3.76951 3.60585,
	3.77222 3.6015,
	3.77984 3.5928,
	3.78419 3.589,
	3.78636 3.58682,
	3.80376 3.57867,
	3.82116 3.57214,
	3.82986 3.56888,
	3.83421 3.5667,
	3.84291 3.56072,
	3.84726 3.55692,
	3.85052 3.55257,
	3.85106 3.54822,
	3.84997 3.53952,
	3.84508 3.52212,
	3.84399 3.50472,
	3.84454 3.49602,
	3.84834 3.48732,
	3.85052 3.48297,
	3.85378 3.47862,
	3.85487 3.47645,
	3.85487 3.47536,
	3.86194 3.46666,
	3.86357 3.46231,
	3.8652 3.44491,
	3.86465 3.43621,
	3.8652 3.42752,
	3.86574 3.42317,
	3.869 3.41447,
	3.87607 3.40577,
	3.88151 3.39707,
	3.88477 3.38837,
	3.88532 3.37967,
	3.88912 3.36227,
	3.89075 3.35357,
	3.89021 3.33617,
	3.88966 3.32747,
	3.8913 3.31008,
	3.89021 3.29268,
	3.89293 3.25788,
	3.89238 3.24048,
	3.88966 3.22308,
	3.88966 3.21438,
	3.88858 3.21003,
	3.88858 3.20568,
	3.89184 3.19698,
	3.89619 3.18829,
	3.89728 3.18611,
	3.9 3.16871,
	3.90217 3.16001,
	3.90652 3.15131,
	3.91033 3.14751,
	3.9125 3.14533,
	3.91685 3.14316,
	3.92392 3.13446,
	3.93534 3.11706,
	3.93969 3.11271,
	3.94838 3.10945,
	3.95708 3.10836,
	3.96143 3.10782,
	3.97883 3.1138,
	3.98753 3.11652,
	3.99623 3.11815,
	4.00058 3.11978,
	4.00928 3.12032,
	4.01363 3.12141,
	4.03103 3.12195,
	4.06583 3.12032,
	4.10062 3.12087,
	4.10497 3.12195,
	4.12237 3.1176,
	4.13107 3.11489,
	4.13542 3.11434,
	4.17022 3.1176,
	4.17892 3.11869,
	4.18761 3.12195,
	4.20501 3.1312,
	4.21371 3.13391,
	4.23111 3.13391,
	4.24851 3.13283,
	4.26591 3.13283,
	4.27461 3.13391,
	4.27678 3.135,
	4.28548 3.13391,
	4.30288 3.12957,
	4.31158 3.12685,
	4.32028 3.1225,
	4.32245 3.12141,
	4.33985 3.11978,
	4.34855 3.11978,
	4.3529 3.11923,
	4.35399 3.11923,
	4.36269 3.11271,
	4.36486 3.11054,
	4.37356 3.1051,
	4.38226 3.10292,
	4.38661 3.10184,
	4.39531 3.10184,
	4.41271 3.10401,
	4.43011 3.10347,
	4.43881 3.10238,
	4.44751 3.10021,
	4.44859 3.09912,
	4.45294 3.09857,
	4.45729 3.0964,
	4.47469 3.09749,
	4.48339 3.09912,
	4.49209 3.09966,
	4.52689 3.10619,
	4.53559 3.10782,
	4.53994 3.10836,
	4.54211 3.10836,
	4.55951 3.1138,
	4.56168 3.11543,
	4.57038 3.11815,
	4.57908 3.12195,
	4.58126 3.1225,
	4.58343 3.12467,
	4.58561 3.12522,
	4.58778 3.12685,
	4.58996 3.12739,
	4.59866 3.13337,
	4.60083 3.135,
	4.60192 3.13609,
	4.60627 3.13718,
	4.61062 3.13935,
	4.61877 3.14751,
	4.63128 3.16491,
	4.63291 3.16654,
	4.63345 3.16871,
	4.63889 3.17741,
	4.63998 3.18176,
	4.64161 3.18394,
	4.64215 3.18611,
	4.64215 3.1872,
	4.64378 3.18937,
	4.64487 3.19372,
	4.64759 3.19807,
	4.64922 3.20242,
	4.65955 3.21982,
	4.66879 3.23722,
	4.68347 3.27202,
	4.68619 3.28072,
	4.68891 3.29811,
	4.68837 3.31551,
	4.68619 3.33291,
	4.68565 3.33726,
	4.68293 3.34596,
	4.68184 3.35031,
	4.67206 3.36771,
	4.66662 3.38511,
	4.66608 3.38946,
	4.66553 3.39109,
	4.66825 3.40849,
	4.67206 3.41719,
	4.67423 3.42153,
	4.67695 3.43023,
	4.67804 3.43458,
	4.67858 3.44328,
	4.67749 3.45198,
	4.67423 3.46068,
	4.66988 3.46938,
	4.66444 3.47808,
	4.65738 3.48678,
	4.64868 3.49276,
	4.64052 3.50092,
	4.63889 3.50309,
	4.6378 3.50418,
	4.63726 3.50635,
	4.63019 3.51505,
	4.62584 3.51831,
	4.60844 3.52756,
	4.59974 3.53136,
	4.59104 3.5368,
	4.58669 3.53952,
	4.57908 3.54822,
	4.57528 3.55257,
	4.55788 3.56399,
	4.54102 3.5803,
	4.53232 3.58736,
	4.51493 3.59878,
	4.50623 3.60041,
	4.49753 3.59987,
	4.49318 3.59933,
	4.491 3.59933,
	4.48991 3.59878,
	4.48122 3.60368,
	4.47252 3.60748,
	4.46817 3.60966,
	4.45947 3.6102,
	4.45512 3.60911,
	4.45294 3.60857,
	4.44424 3.60204,
	4.43663 3.59335,
	4.42358 3.57595,
	4.41923 3.5716,
	4.40183 3.5629,
	4.39314 3.55746,
	4.38444 3.55583,
	4.38009 3.55474,
	4.37139 3.55529,
	4.36704 3.55583,
	4.35834 3.55909,
	4.34964 3.56344,
	4.34529 3.56616,
	4.32843 3.58356,
	4.31539 3.60096,
	4.31049 3.60966,
	4.30777 3.61401,
	4.30669 3.62271,
	4.30614 3.6401,
	4.3056 3.6488,
	4.3056 3.65098,
	4.30071 3.65968,
	4.29201 3.66403,
	4.28331 3.6662,
	4.27896 3.66783,
	4.24416 3.67327,
	4.22676 3.67544,
	4.20936 3.67871,
	4.20066 3.68088,
	4.19631 3.68251,
	4.19414 3.6836,
	4.19196 3.6836,
	4.18979 3.68469,
	4.18109 3.68578,
	4.17239 3.68795,
	4.16804 3.68849,
	4.15934 3.69121,
	4.12455 3.69719,
	4.11585 3.69937,
	4.08105 3.70426,
	4.06365 3.70481,
	4.04625 3.70426,
	4.03755 3.70372,
	4.02885 3.70209,
	4.01145 3.69719,
	3.99406 3.69502,
	3.97666 3.69447,
	3.95926 3.69719,
	3.95491 3.69774,
	3.95273 3.69882,
	3.94404 3.70698,
	3.93969 3.71133,
	3.93751 3.7135,
	3.93207 3.7222,
	3.92337 3.7396,
	3.91739 3.7483,
	3.90924 3.757,
	3.90054 3.76353,
	3.89619 3.7657,
	3.89184 3.76624,
	3.88966 3.76679,
	3.88097 3.76516,
	3.87227 3.76461,
	3.86357 3.76189,
	3.85487 3.76026,
	3.83747 3.75918,
	3.82877 3.75809,
	3.82007 3.75809,
	3.81572 3.75809,
	3.79832 3.76189,
	3.78962 3.7657,
	3.78527 3.76787,
	3.77657 3.77059,
	3.75918 3.77114,
	3.75048 3.76951,
	3.74613 3.76896,
	3.74178 3.76679,
	3.7396 3.76516,
	3.73471 3.75646,
	3.72927 3.73906,
	3.72873 3.73471,
	3.7271 3.73036,
	3.72112 3.72166,
	3.71949 3.71731,
	3.71894 3.71296,
	3.71894 3.71187,
	"/>
</Transform>

<Transform dim="0"
 xcoef=" 0 1 0 0 0 0"
 ycoef=" 0 0 1 0 0 0">
<Contour name="ax30" comment="LK bouton trace named after cfa" hidden="false" closed="true" simplified="true" border="0 1 1" fill="0.502 1 1" mode="9"
 points="3.35893 4.20956,
	3.36378 4.20472,
	3.36862 4.18051,
	3.37185 4.17889,
	3.37346 4.17244,
	3.38315 4.16114,
	3.39444 4.15307,
	3.39606 4.14984,
	3.42188 4.14823,
	3.42834 4.14823,
	3.43318 4.15145,
	3.43964 4.15145,
	3.44125 4.15468,
	3.45417 4.15307,
	3.46708 4.15468,
	3.47353 4.15468,
	3.47999 4.15145,
	3.53164 4.14338,
	3.54455 4.14338,
	3.55585 4.15468,
	3.55908 4.15791,
	3.56392 4.18374,
	3.56392 4.20956,
	3.55908 4.23539,
	3.55424 4.24023,
	3.5494 4.26606,
	3.54455 4.27897,
	3.53971 4.28542,
	3.53648 4.28704,
	3.53326 4.28542,
	3.48483 4.32255,
	3.47838 4.32739,
	3.47515 4.32901,
	3.47192 4.32739,
	3.46546 4.33223,
	3.43964 4.33062,
	3.42673 4.32901,
	3.41381 4.32416,
	3.40736 4.32255,
	3.39444 4.31448,
	3.3896 4.31125,
	3.38153 4.29995,
	3.37507 4.29511,
	3.36378 4.26928,
	3.35893 4.24346,
	3.35893 4.21763,
	3.35893 4.21118,
	"/>
</Transform>

<Transform dim="0"
 xcoef=" 0 1 0 0 0 0"
 ycoef=" 0 0 1 0 0 0">
<Contour name="ax30" comment="LK bouton trace named after cfa" hidden="false" closed="true" simplified="true" border="0 1 1" fill="0.502 1 1" mode="9"
 points="5.22564 2.64456,
	5.2378 2.62295,
	5.2432 2.6216,
	5.26346 2.60404,
	5.26616 2.60404,
	5.26886 2.59864,
	5.27157 2.59864,
	5.28102 2.59054,
	5.29047 2.57973,
	5.29183 2.57433,
	5.30128 2.56622,
	5.30803 2.55677,
	5.31884 2.55002,
	5.32424 2.54732,
	5.32964 2.54191,
	5.3499 2.53111,
	5.3526 2.53111,
	5.36071 2.523,
	5.37151 2.51895,
	5.38097 2.51085,
	5.38637 2.5095,
	5.39447 2.50139,
	5.39718 2.49869,
	5.40258 2.49734,
	5.40798 2.49329,
	5.41338 2.49194,
	5.41744 2.48789,
	5.42284 2.48654,
	5.42284 2.48113,
	5.42689 2.47573,
	5.42959 2.47573,
	5.42959 2.47303,
	5.4485 2.45682,
	5.46876 2.44602,
	5.47281 2.44061,
	5.47821 2.43926,
	5.47957 2.43656,
	5.50118 2.43251,
	5.52279 2.43251,
	5.53359 2.43386,
	5.55385 2.44197,
	5.56331 2.45142,
	5.56466 2.47303,
	5.56331 2.48384,
	5.56195 2.48924,
	5.55925 2.49194,
	5.55925 2.49464,
	5.5525 2.5041,
	5.54845 2.50815,
	5.54845 2.51085,
	5.53764 2.51895,
	5.52144 2.53651,
	5.51468 2.54597,
	5.51063 2.55137,
	5.50928 2.55677,
	5.50523 2.56217,
	5.50388 2.56487,
	5.49847 2.56622,
	5.49847 2.56893,
	5.47686 2.58378,
	5.4566 2.59594,
	5.4512 2.59864,
	5.4485 2.59864,
	5.4458 2.60404,
	5.43634 2.6135,
	5.43499 2.6189,
	5.42149 2.64051,
	5.41338 2.64996,
	5.40393 2.65672,
	5.39988 2.66212,
	5.39718 2.66212,
	5.39447 2.66617,
	5.38367 2.67428,
	5.37421 2.68508,
	5.36746 2.69183,
	5.36746 2.69454,
	5.35125 2.7148,
	5.34045 2.7256,
	5.33234 2.73641,
	5.32964 2.73641,
	5.31884 2.74316,
	5.29723 2.74586,
	5.27562 2.74451,
	5.27022 2.74316,
	5.26886 2.74046,
	5.25806 2.73776,
	5.2405 2.7202,
	5.23105 2.69859,
	5.22699 2.67698,
	5.22699 2.65537,
	5.22564 2.64591,
	"/>
</Transform>

<Transform dim="0"
 xcoef=" 0 1 0 0 0 0"
 ycoef=" 0 0 1 0 0 0">
<Contour name="d07c22ax18" hidden="false" closed="true" simplified="true" border="0 1 0" fill="0 1 0" mode="9"
 points="4.77757 6.93071,
	4.88087 6.87583,
	4.9067 6.86292,
	4.91315 6.85969,
	4.91477 6.85808,
	5.09231 7.06468,
	5.11329 7.0905,
	5.12459 7.10341,
	5.33119 7.26482,
	5.3441 7.27612,
	5.35056 7.28096,
	5.32635 7.38426,
	5.32473 7.38748,
	5.11814 7.27934,
	5.01484 7.22447,
	4.98901 7.21155,
	4.9761 7.2051,
	4.82599 6.9985,
	4.78887 6.94685,
	4.77919 6.93394,
	4.77919 6.93232,
	"/>
</Transform>

<Transform dim="6"
 xcoef=" -0.210813068208405 1.0950759217918 0.0176692863201958 0 0 0"
 ycoef=" -0.867781151302835 0.00993607508055141 1.00738072475038 0 0 0">
<Image mag="0.00217507" contrast="0.936702" brightness="0.045" red="true" green="true" blue="true"
 src="FHLTD.133.jpg" />
<Contour name="domain1" hidden="false" closed="true" simplified="false" border="1 0 1" fill="1 0 1" mode="11"
 points="0 0,
	4096 0,
	4096 4096,
	0 4096,
	"/>
</Transform>

</Section>