<?xml version="1.0"?>
<!DOCTYPE Section SYSTEM "section.dtd">

<Section index="230" thickness="0.045" alignLocked="true">
<Transform dim="6"
 xcoef=" -1.39641488661883 1.15114560797363 0.089191885244724 0 0 0"
 ycoef=" -2.63750895472995 0.104162857366277 1.04751886040422 0 0 0">
<Image mag="0.00217507" contrast="0.917" brightness="0.12" red="true" green="true" blue="true"
 src="FHLTD.230.jpg" />
<Contour name="domain1" hidden="false" closed="true" simplified="false" border="1 0 1" fill="1 0 1" mode="11"
 points="0 0,
	4096 0,
	4096 4096,
	0 4096,
	"/>
</Transform>

<Transform dim="6"
 xcoef=" 0.604964873559125 0.992141058751621 -0.00784184619469989 0 0 0"
 ycoef=" 0.145474328401839 0.0119226582587304 0.989312073966097 0 0 0">
<Contour name="D05" hidden="false" closed="true" simplified="true" border="1 1 0" fill="1 1 0" mode="11"
 points="2.69299 3.97404,
	2.70475 3.90163,
	2.73888 3.83632,
	2.79205 3.78448,
	2.85904 3.7512,
	2.93329 3.73974,
	3.00755 3.7512,
	3.07454 3.78448,
	3.12771 3.83632,
	3.16184 3.90163,
	3.1736 3.97404,
	3.16184 4.04644,
	3.12771 4.11175,
	3.07454 4.16359,
	3.00755 4.19687,
	2.93329 4.20833,
	2.85904 4.19687,
	2.79205 4.16359,
	2.73888 4.11175,
	"/>
</Transform>

<Transform dim="6"
 xcoef=" 0.00496487355912499 0.992141058751621 -0.00784184619469989 0 0 0"
 ycoef=" -0.00452567159816172 0.0119226582587304 0.989312073966097 0 0 0">
<Contour name="d01" hidden="true" closed="true" simplified="true" border="1 0.5 0" fill="1 0.5 0" mode="9"
 points="3.70795 5.58857,
	3.72926 5.57259,
	3.73992 5.56193,
	3.78254 5.5566,
	3.86778 5.56193,
	3.88909 5.5566,
	3.96367 5.48202,
	4.04892 5.42874,
	4.2194 5.35949,
	4.30464 5.36481,
	4.34726 5.35949,
	4.51774 5.25293,
	4.56036 5.22097,
	4.58167 5.21564,
	4.62429 5.23162,
	4.6456 5.24761,
	4.64027 5.29023,
	4.62429 5.33285,
	4.61896 5.3435,
	4.63494 5.35416,
	4.67756 5.35416,
	4.68289 5.37547,
	4.66691 5.46071,
	4.62429 5.47136,
	4.60298 5.48202,
	4.58167 5.56193,
	4.57634 5.58324,
	4.54437 5.62053,
	4.52306 5.66315,
	4.53905 5.70577,
	4.53905 5.71643,
	4.50708 5.75905,
	4.49643 5.7697,
	4.48577 5.7697,
	4.48044 5.75905,
	4.43782 5.75372,
	4.35258 5.79634,
	4.28333 5.87625,
	4.22472 5.96149,
	4.20341 5.9828,
	4.16079 6.00944,
	4.11817 6.02543,
	4.09686 6.03608,
	4.07555 6.03608,
	3.99031 5.99879,
	3.94769 5.9828,
	3.92638 5.96149,
	3.92105 5.94018,
	3.93704 5.86027,
	3.91573 5.81765,
	3.89442 5.73241,
	3.8518 5.7111,
	3.78254 5.63119,
	3.73992 5.61521,
	3.71861 5.59922,
	3.71328 5.5939,
	"/>
</Transform>

<Transform dim="6"
 xcoef=" 0.00496487355912499 0.992141058751621 -0.00784184619469989 0 0 0"
 ycoef=" -0.00452567159816172 0.0119226582587304 0.989312073966097 0 0 0">
<Contour name="d01" hidden="true" closed="true" simplified="true" border="1 0.5 0" fill="1 0.5 0" mode="9"
 points="3.24446 5.90822,
	3.29773 5.82298,
	3.3297 5.78036,
	3.34568 5.75905,
	3.36167 5.71643,
	3.37765 5.63119,
	3.36167 5.54595,
	3.34568 5.52464,
	3.3297 5.48202,
	3.34036 5.46071,
	3.36167 5.45538,
	3.38298 5.46071,
	3.40429 5.48202,
	3.42027 5.52464,
	3.43092 5.54595,
	3.43092 5.5566,
	3.45223 5.56726,
	3.49485 5.57259,
	3.51616 5.58324,
	3.53747 5.58324,
	3.55878 5.5939,
	3.56944 5.59922,
	3.59075 5.58857,
	3.59608 5.59922,
	3.58542 5.62053,
	3.50551 5.69512,
	3.4842 5.73774,
	3.46289 5.74839,
	3.42027 5.79101,
	3.37765 5.82298,
	3.34036 5.8656,
	3.29773 5.88691,
	3.27642 5.89224,
	3.24979 5.91887,
	3.24446 5.91355,
	"/>
</Transform>

<Transform dim="6"
 xcoef=" 0.00496487355912499 0.992141058751621 -0.00784184619469989 0 0 0"
 ycoef=" -0.00452567159816172 0.0119226582587304 0.989312073966097 0 0 0">
<Contour name="d01c42" hidden="false" closed="true" simplified="true" border="0 1 0" fill="0 1 0" mode="9"
 points="3.28235 5.83185,
	3.28676 5.82744,
	3.29339 5.80978,
	3.30001 5.80095,
	3.32208 5.73032,
	3.33312 5.695,
	3.33974 5.67734,
	3.34416 5.66851,
	3.34857 5.66409,
	3.35961 5.62878,
	3.3574 5.61112,
	3.3574 5.60229,
	3.34636 5.56697,
	3.34416 5.54931,
	3.34636 5.53165,
	3.34636 5.52724,
	3.35519 5.52062,
	3.36402 5.52062,
	3.37285 5.52945,
	3.37727 5.53386,
	3.37727 5.53827,
	3.38168 5.54269,
	3.38389 5.57801,
	3.3861 5.59567,
	3.38168 5.6663,
	3.37947 5.70162,
	3.36844 5.73694,
	3.36181 5.7546,
	3.35961 5.76343,
	3.33312 5.79874,
	3.32208 5.8164,
	3.30663 5.83406,
	3.29118 5.8451,
	3.28456 5.85393,
	3.28235 5.83627,
	3.28235 5.83406,
	"/>
</Transform>

<Transform dim="6"
 xcoef=" 0.00496487355912499 0.992141058751621 -0.00784184619469989 0 0 0"
 ycoef=" -0.00452567159816172 0.0119226582587304 0.989312073966097 0 0 0">
<Contour name="d01cfa42" hidden="false" closed="false" simplified="false" border="0 1 1" fill="0 1 1" mode="9"
 points="3.35616 5.52085,
	3.3694 5.56721,
	3.3694 5.60915,
	3.36499 5.6555,
	3.34733 5.72172,
	3.31201 5.79236,
	3.28552 5.84313,
	"/>
</Transform>

<Transform dim="6"
 xcoef=" 0.00496487355912499 0.992141058751621 -0.00784184619469989 0 0 0"
 ycoef=" -0.00452567159816172 0.0119226582587304 0.989312073966097 0 0 0">
<Contour name="d06" hidden="true" closed="true" simplified="true" border="0 0 1" fill="0 0 1" mode="11"
 points="3.80163 6.56428,
	3.81866 6.53703,
	3.83229 6.52681,
	3.8391 6.52681,
	3.86635 6.50978,
	3.8936 6.49956,
	3.91745 6.47912,
	3.92767 6.46549,
	3.93789 6.45868,
	3.95151 6.43143,
	3.95151 6.37692,
	3.95492 6.3633,
	3.98217 6.35308,
	3.9958 6.34967,
	4.00261 6.34626,
	4.05711 6.37692,
	4.07074 6.38714,
	4.08096 6.41439,
	4.08436 6.44165,
	4.09458 6.4689,
	4.1014 6.5779,
	4.12184 6.60516,
	4.12524 6.65966,
	4.12184 6.71416,
	4.11162 6.74142,
	4.11162 6.79592,
	4.11162 6.82317,
	4.11162 6.8368,
	4.08777 6.86405,
	4.06052 6.86405,
	4.04689 6.86405,
	4.04008 6.86405,
	4.03327 6.85724,
	4.03327 6.85042,
	4.00942 6.82658,
	3.9992 6.79933,
	3.94811 6.75504,
	3.92085 6.7346,
	3.89701 6.70735,
	3.88338 6.69372,
	3.87657 6.68691,
	3.87316 6.65966,
	3.87316 6.64603,
	3.85272 6.62219,
	3.82547 6.60516,
	3.81185 6.59834,
	3.80163 6.58472,
	3.80163 6.57109,
	3.80163 6.56769,
	"/>
<Contour name="d06" hidden="true" closed="true" simplified="true" border="0 0 1" fill="0 0 1" mode="11"
 points="2.91935 7.2592,
	2.93638 7.23195,
	2.95001 7.21832,
	3.00451 7.18085,
	3.03176 7.16382,
	3.05902 7.1536,
	3.08627 7.13657,
	3.09989 7.12635,
	3.13055 7.07525,
	3.15099 7.05481,
	3.18505 7.00371,
	3.19527 6.97646,
	3.24637 6.93218,
	3.30088 6.90493,
	3.3145 6.89811,
	3.42351 6.89471,
	3.45076 6.89811,
	3.48482 6.94921,
	3.48482 6.96284,
	3.48482 6.96965,
	3.49845 6.97987,
	3.55295 6.97987,
	3.56658 6.97987,
	3.58021 6.98668,
	3.59383 6.98668,
	3.60746 6.9969,
	3.60746 7.01053,
	3.64152 7.06503,
	3.66196 7.08888,
	3.67218 7.1025,
	3.67559 7.15701,
	3.67218 7.21151,
	3.65855 7.23876,
	3.63471 7.26601,
	3.62108 7.29326,
	3.61768 7.30689,
	3.61768 7.3137,
	3.61086 7.32052,
	3.59383 7.37502,
	3.5768 7.40227,
	3.52911 7.44315,
	3.51548 7.45678,
	3.50867 7.45678,
	3.48482 7.47721,
	3.47801 7.47721,
	3.46439 7.48743,
	3.40988 7.48743,
	3.38263 7.48743,
	3.369 7.48403,
	3.3145 7.44996,
	3.09649 7.44656,
	3.04198 7.44656,
	3.01473 7.44315,
	2.98748 7.42612,
	2.97385 7.4193,
	2.96363 7.40568,
	2.95341 7.35117,
	2.91935 7.29667,
	2.91935 7.26942,
	2.91935 7.26261,
	"/>
</Transform>

<Transform dim="6"
 xcoef=" 0.00496487355912499 0.992141058751621 -0.00784184619469989 0 0 0"
 ycoef=" -0.00452567159816172 0.0119226582587304 0.989312073966097 0 0 0">
<Contour name="d07" hidden="true" closed="true" simplified="true" border="1 0 1" fill="1 0 1" mode="9"
 points="4.47084 8.03028,
	4.48898 7.99401,
	4.50258 7.97587,
	4.50258 7.90332,
	4.50711 7.86705,
	4.52072 7.83077,
	4.52525 7.75822,
	4.53432 7.74008,
	4.67942 7.65847,
	4.71569 7.64033,
	4.78824 7.57685,
	4.79731 7.56325,
	4.83359 7.53604,
	4.84265 7.52697,
	4.86079 7.53151,
	4.89253 7.56325,
	4.91067 7.57685,
	4.94694 7.58138,
	4.96508 7.58592,
	5.00136 7.60859,
	5.05577 7.66754,
	5.08297 7.69928,
	5.09204 7.71741,
	5.09204 7.75369,
	5.06484 7.78543,
	5.0467 7.79903,
	5.02856 7.80357,
	5.01042 7.8217,
	5.04216 7.85344,
	5.05577 7.87158,
	5.05123 8.01668,
	5.0331 8.05295,
	4.96508 8.1255,
	4.93787 8.15724,
	4.9016 8.18445,
	4.89253 8.19352,
	4.81998 8.21619,
	4.78371 8.23433,
	4.76557 8.24793,
	4.7293 8.257,
	4.5842 8.25246,
	4.54792 8.24793,
	4.53885 8.24793,
	4.50711 8.21619,
	4.48898 8.19805,
	4.47991 8.18898,
	4.47084 8.11643,
	4.47084 8.04388,
	4.47084 8.03482,
	"/>
</Transform>

<Transform dim="6"
 xcoef=" 0.00496487355912499 0.992141058751621 -0.00784184619469989 0 0 0"
 ycoef=" -0.00452567159816172 0.0119226582587304 0.989312073966097 0 0 0">
<Contour name="d01p42" hidden="false" closed="true" simplified="true" border="1 0 1" fill="1 0 1" mode="9"
 points="3.85913 5.6083,
	3.8615 5.59071,
	3.86839 5.57485,
	3.87911 5.56226,
	3.89263 5.55417,
	3.90761 5.55139,
	3.92259 5.55417,
	3.9361 5.56226,
	3.94683 5.57485,
	3.95371 5.59071,
	3.95609 5.6083,
	3.95371 5.62588,
	3.94683 5.64175,
	3.9361 5.65434,
	3.92259 5.66242,
	3.90761 5.66521,
	3.89263 5.66242,
	3.87911 5.65434,
	3.86839 5.64175,
	"/>
</Transform>

<Transform dim="0"
 xcoef=" 0 1 0 0 0 0"
 ycoef=" 0 0 1 0 0 0">
<Contour name="ax14" comment="LK bouton trace named after cfa" hidden="false" closed="true" simplified="true" border="0 1 1" fill="0.502 1 1" mode="9"
 points="3.77319 2.87517,
	3.7766 2.8704,
	3.78136 2.86632,
	3.79226 2.86428,
	3.81404 2.85747,
	3.82494 2.85338,
	3.82766 2.85202,
	3.82902 2.85202,
	3.83174 2.84998,
	3.83447 2.8493,
	3.83583 2.8493,
	3.83719 2.84794,
	3.84264 2.84658,
	3.844 2.84521,
	3.84945 2.84385,
	3.85421 2.84045,
	3.85694 2.83909,
	3.85966 2.83636,
	3.86511 2.83364,
	3.87055 2.82955,
	3.87191 2.82955,
	3.89234 2.81117,
	3.89642 2.80572,
	3.90596 2.79755,
	3.91685 2.7887,
	3.9223 2.78394,
	3.93047 2.77441,
	3.93387 2.76896,
	3.93932 2.76419,
	3.94204 2.76215,
	3.95293 2.76147,
	3.95838 2.76215,
	3.96927 2.76692,
	3.97404 2.76964,
	3.97949 2.77373,
	3.98221 2.77509,
	3.98834 2.78598,
	3.99038 2.79687,
	3.99106 2.80777,
	3.99038 2.81866,
	3.99038 2.82411,
	3.98902 2.82955,
	3.98766 2.83228,
	3.98698 2.83772,
	3.98357 2.84862,
	3.97064 2.86972,
	3.96655 2.87517,
	3.9611 2.88062,
	3.94 2.89628,
	3.9291 2.90377,
	3.91889 2.90921,
	3.908 2.9167,
	3.90255 2.91942,
	3.89166 2.92215,
	3.88076 2.92623,
	3.86987 2.92828,
	3.85898 2.92896,
	3.84808 2.92828,
	3.84264 2.92759,
	3.83991 2.92691,
	3.83855 2.92555,
	3.83583 2.92487,
	3.83311 2.92283,
	3.82221 2.91942,
	3.81949 2.91806,
	3.81813 2.91806,
	3.81677 2.9167,
	3.81132 2.91466,
	3.80996 2.9133,
	3.8086 2.9133,
	3.7977 2.90649,
	3.79362 2.90308,
	3.79089 2.90172,
	3.78136 2.89219,
	3.7766 2.88674,
	3.77387 2.88198,
	3.77319 2.87653,
	3.77319 2.87585,
	"/>
</Transform>

</Section>