<?xml version="1.0"?>
<!DOCTYPE Section SYSTEM "section.dtd">

<Section index="82" thickness="0.045" alignLocked="true">
<Transform dim="0"
 xcoef=" 0 1 0 0 0 0"
 ycoef=" 0 0 1 0 0 0">
<Contour name="D04" hidden="false" closed="true" simplified="true" border="1 0 0" fill="1 0 0" mode="11"
 points="1.77492 4.84996,
	1.77778 4.81096,
	1.78628 4.77281,
	1.80024 4.73634,
	1.81936 4.70235,
	1.84323 4.67158,
	1.87131 4.6447,
	1.90299 4.6223,
	1.9376 4.60487,
	1.97436 4.59278,
	2.01248 4.5863,
	2.05113 4.58558,
	2.08947 4.59063,
	2.12665 4.60133,
	2.16186 4.61746,
	2.19435 4.63866,
	2.22339 4.66447,
	2.24836 4.69432,
	2.26871 4.72758,
	2.28399 4.7635,
	2.29388 4.80131,
	2.29816 4.84018,
	2.29673 4.87926,
	2.28963 4.91771,
	2.27701 4.95467,
	2.25914 4.98936,
	2.23642 5.021,
	2.20934 5.04891,
	2.17849 5.07248,
	2.14455 5.09119,
	2.10825 5.10464,
	2.07039 5.11254,
	2.03179 5.11471,
	1.9933 5.1111,
	1.95576 5.10179,
	1.91998 5.08699,
	1.88674 5.06702,
	1.85678 5.04231,
	1.83073 5.01341,
	1.80918 4.98094,
	1.79259 4.94562,
	1.78133 4.9082,
	"/>
<Contour name="D05" hidden="false" closed="true" simplified="true" border="1 1 0" fill="1 1 0" mode="11"
 points="2.15299 4.10404,
	2.16475 4.03163,
	2.19888 3.96632,
	2.25205 3.91448,
	2.31904 3.8812,
	2.39329 3.86974,
	2.46755 3.8812,
	2.53454 3.91448,
	2.58771 3.96632,
	2.62184 4.03163,
	2.6336 4.10404,
	2.62184 4.17644,
	2.58771 4.24175,
	2.53454 4.29359,
	2.46755 4.32687,
	2.39329 4.33833,
	2.31904 4.32687,
	2.25205 4.29359,
	2.19888 4.24175,
	"/>
<Contour name="d01" hidden="true" closed="true" simplified="true" border="1 0.5 0" fill="1 0.5 0" mode="9"
 points="6.5595 3.86151,
	6.56794 3.82778,
	6.61431 3.76455,
	6.63117 3.73082,
	6.64382 3.71396,
	6.65646 3.64651,
	6.69019 3.62543,
	6.70705 3.617,
	6.74078 3.62965,
	6.77029 3.65916,
	6.77872 3.66759,
	6.77872 3.73504,
	6.75764 3.86994,
	6.73235 3.90366,
	6.6649 3.94582,
	6.63117 3.96268,
	6.61431 3.97111,
	6.60588 3.97533,
	6.57215 3.95425,
	6.5595 3.93739,
	6.5595 3.86994,
	6.5595 3.86572,
	"/>
<Contour name="d03" hidden="false" closed="true" simplified="true" border="0 1 0" fill="0 1 0" mode="9"
 points="3.18352 2.21462,
	3.1859 2.17644,
	3.18829 2.15735,
	3.21454 2.11916,
	3.22886 2.10007,
	3.23841 2.09053,
	3.27659 2.07143,
	3.29568 2.0595,
	3.30045 2.05712,
	3.37682 2.07621,
	3.45319 2.12871,
	3.46034 2.13587,
	3.45796 2.17405,
	3.45557 2.19314,
	3.45557 2.19792,
	3.39352 2.27428,
	3.35534 2.29815,
	3.3458 2.30292,
	3.34102 2.30531,
	3.30284 2.29576,
	3.28375 2.2886,
	3.20738 2.24564,
	3.18829 2.2361,
	3.18352 2.23133,
	3.18352 2.22178,
	3.18352 2.21701,
	"/>
<Contour name="d03" hidden="false" closed="true" simplified="true" border="0 1 0" fill="0 1 0" mode="9"
 points="2.54063 2.70869,
	2.54718 2.67377,
	2.54936 2.65631,
	2.54936 2.63885,
	2.55045 2.63012,
	2.55045 2.62575,
	2.58428 2.59192,
	2.6192 2.5821,
	2.62793 2.57882,
	2.6454 2.57664,
	2.65413 2.57992,
	2.68905 2.59956,
	2.69778 2.60611,
	2.76763 2.66941,
	2.80255 2.70215,
	2.82001 2.71961,
	2.8211 2.7207,
	2.81019 2.73816,
	2.77526 2.74034,
	2.63557 2.74143,
	2.60065 2.74143,
	2.58319 2.74034,
	2.57446 2.74034,
	2.57009 2.74034,
	2.55263 2.72288,
	2.5439 2.71415,
	2.54063 2.70978,
	"/>
<Contour name="d03c04b" hidden="false" closed="true" simplified="true" border="1 0 0" fill="1 0 0" mode="9"
 points="3.15001 2.15814,
	3.17907 2.1,
	3.2372 2.0673,
	3.25174 2.0673,
	3.259 2.07094,
	3.2481 2.12907,
	3.24447 2.1436,
	3.22267 2.16904,
	3.20814 2.17993,
	3.17907 2.18357,
	3.16454 2.18357,
	3.15364 2.17267,
	3.15001 2.16177,
	"/>
<Contour name="d03cfa04b" hidden="false" closed="false" simplified="false" border="0 1 1" fill="0 1 1" mode="9"
 points="3.17388 2.18376,
	3.19205 2.122,
	3.25381 2.0675,
	"/>
<Contour name="d06" hidden="true" closed="true" simplified="true" border="0 0 1" fill="0 0 1" mode="11"
 points="1.87825 7.46561,
	1.93119 7.37922,
	1.95906 7.33463,
	2.00365 7.29841,
	2.09282 7.24546,
	2.11512 7.2371,
	2.1597 7.23431,
	2.182 7.23153,
	2.22659 7.21481,
	2.24888 7.21202,
	2.27117 7.20366,
	2.28232 7.19809,
	2.37149 7.19809,
	2.39379 7.20087,
	2.41608 7.21481,
	2.42723 7.22595,
	2.47182 7.2371,
	2.48296 7.23989,
	2.50526 7.2371,
	2.5164 7.2371,
	2.56099 7.25382,
	2.57214 7.26497,
	2.58328 7.28726,
	2.62509 7.32906,
	2.65017 7.37365,
	2.66131 7.39594,
	2.67803 7.41824,
	2.68082 7.44053,
	2.67525 7.48512,
	2.67246 7.49626,
	2.65853 7.51577,
	2.64738 7.52413,
	2.6223 7.56593,
	2.60279 7.58823,
	2.59722 7.5938,
	2.59165 7.5938,
	2.5805 7.60216,
	2.57492 7.60216,
	2.56378 7.61052,
	2.54148 7.61609,
	2.4969 7.61609,
	2.48854 7.61888,
	2.44952 7.65511,
	2.44116 7.66625,
	2.44952 7.6774,
	2.46067 7.68297,
	2.46624 7.68855,
	2.48854 7.68855,
	2.49968 7.69133,
	2.51919 7.70527,
	2.54148 7.71084,
	2.56378 7.71084,
	2.57492 7.71363,
	2.5805 7.7192,
	2.60279 7.7192,
	2.61394 7.7192,
	2.63623 7.73313,
	2.65574 7.75264,
	2.6641 7.76379,
	2.66689 7.78608,
	2.6641 7.79723,
	2.61951 7.83346,
	2.60001 7.85018,
	2.42166 7.85018,
	2.33248 7.85296,
	2.28789 7.85296,
	2.2656 7.85296,
	2.24331 7.84739,
	2.2238 7.82788,
	2.21265 7.82231,
	2.2015 7.81116,
	2.15692 7.78887,
	2.06774 7.72756,
	2.04545 7.71084,
	2.00365 7.66904,
	1.98135 7.64953,
	1.96463 7.62724,
	1.92283 7.59101,
	1.88661 7.54642,
	1.87825 7.52413,
	1.87825 7.47954,
	1.87825 7.4684,
	"/>
<Contour name="d06" hidden="true" closed="true" simplified="true" border="0 0 1" fill="0 0 1" mode="11"
 points="4.12155 7.57429,
	4.14106 7.55478,
	4.18565 7.5297,
	4.23023 7.49626,
	4.24138 7.49069,
	4.26367 7.49348,
	4.28597 7.50741,
	4.29154 7.51298,
	4.29154 7.55757,
	4.29154 7.56872,
	4.29154 7.57429,
	4.27482 7.59659,
	4.23023 7.62724,
	4.20794 7.6356,
	4.16335 7.6356,
	4.14106 7.6356,
	4.12434 7.61609,
	4.12155 7.5938,
	4.12155 7.58265,
	4.12155 7.57708,
	"/>
<Contour name="d07" hidden="true" closed="true" simplified="true" border="1 0 1" fill="1 0 1" mode="9"
 points="1.95933 7.8373,
	1.97686 7.81977,
	2.04699 7.82415,
	2.08206 7.8373,
	2.15219 7.88114,
	2.29246 7.86799,
	2.36259 7.85922,
	2.39765 7.84169,
	2.43272 7.83292,
	2.57298 7.83292,
	2.64312 7.83292,
	2.71325 7.79785,
	2.74832 7.77594,
	2.78338 7.74087,
	2.81845 7.71895,
	2.83598 7.71019,
	2.85351 7.71457,
	2.84913 7.7847,
	2.84036 7.81977,
	2.8316 7.8373,
	2.80092 7.86799,
	2.73517 7.9162,
	2.5949 7.92059,
	2.57737 7.92059,
	2.55984 7.93374,
	2.52477 7.9425,
	2.50724 7.96004,
	2.4897 7.9688,
	2.48094 7.97757,
	2.44587 7.99072,
	2.3056 7.9951,
	2.27054 7.9951,
	2.24424 8.02578,
	2.20917 8.04332,
	2.13904 8.05647,
	2.10397 8.074,
	2.03384 8.07838,
	1.99878 8.074,
	1.96809 8.03893,
	1.95933 7.9688,
	1.95933 7.89867,
	1.95933 7.8636,
	1.95933 7.84607,
	1.95933 7.84169,
	"/>
<Contour name="d07" hidden="true" closed="true" simplified="true" border="1 0 1" fill="1 0 1" mode="9"
 points="2.84475 7.29816,
	2.86228 7.26309,
	2.86666 7.19296,
	2.87105 7.1579,
	2.89296 7.12283,
	2.90611 7.1053,
	2.92365 7.09653,
	3.06391 7.09653,
	3.08145 7.09653,
	3.15158 7.14913,
	3.16911 7.1579,
	3.23924 7.21926,
	3.27431 7.24994,
	3.30938 7.25871,
	3.34444 7.25871,
	3.37951 7.27186,
	3.41457 7.27186,
	3.43211 7.27186,
	3.44087 7.27186,
	3.46279 7.30254,
	3.48032 7.31131,
	3.51101 7.34638,
	3.54607 7.35953,
	3.58114 7.35953,
	3.61182 7.39021,
	3.62936 7.40336,
	3.63812 7.41213,
	3.67319 7.42089,
	3.70825 7.42089,
	3.71702 7.42089,
	3.72579 7.42966,
	3.72579 7.44719,
	3.73894 7.46472,
	3.774 7.47787,
	3.79154 7.47787,
	3.80907 7.48664,
	3.82222 7.50417,
	3.82222 7.57431,
	3.82222 7.59184,
	3.83537 7.60937,
	3.97563 7.60937,
	3.99317 7.60937,
	4.02823 7.59184,
	4.04577 7.58307,
	4.08083 7.58307,
	4.09837 7.58307,
	4.13343 7.61376,
	4.15097 7.62691,
	4.15973 7.64444,
	4.15973 7.65321,
	4.1948 7.68827,
	4.20795 7.72334,
	4.20795 7.7584,
	4.20356 7.77594,
	4.18603 7.79347,
	4.17727 7.811,
	4.14658 7.84169,
	4.1159 7.85922,
	4.0896 7.88552,
	4.07645 7.90305,
	4.07207 7.92059,
	4.07207 7.92935,
	4.04138 7.96004,
	4.037 8.03017,
	4.037 8.0477,
	4.05453 8.08277,
	4.05453 8.1529,
	4.05453 8.17043,
	4.03262 8.2055,
	4.02823 8.24057,
	4.05453 8.27563,
	4.05453 8.34576,
	4.04138 8.3633,
	4.00632 8.3633,
	3.98878 8.3633,
	3.95372 8.34138,
	3.91865 8.30631,
	3.90112 8.27125,
	3.89235 8.25371,
	3.86167 8.21865,
	3.84852 8.18358,
	3.84852 8.16605,
	3.89674 8.1003,
	3.9055 8.08277,
	3.90112 7.9425,
	3.90112 7.90744,
	3.89235 7.8899,
	3.87482 7.87675,
	3.83975 7.8636,
	3.82222 7.85045,
	3.75209 7.84607,
	3.61182 7.85484,
	3.54169 7.85922,
	3.50662 7.85922,
	3.47156 7.87675,
	3.40142 7.87675,
	3.38389 7.88114,
	3.37513 7.88114,
	3.36636 7.8899,
	3.29623 7.88552,
	3.26554 7.85045,
	3.24801 7.83292,
	3.20418 7.76279,
	3.17788 7.69266,
	3.17349 7.65759,
	3.17349 7.64882,
	3.13843 7.61376,
	3.12966 7.60499,
	3.12966 7.59622,
	3.0946 7.56554,
	3.08583 7.55677,
	3.0157 7.55677,
	2.98063 7.55239,
	2.9631 7.54801,
	2.93241 7.51732,
	2.91926 7.48226,
	2.89735 7.44719,
	2.89296 7.42966,
	2.84475 7.35953,
	2.84475 7.32446,
	2.84475 7.30693,
	2.84475 7.30254,
	"/>
<Contour name="d07p14b" hidden="false" closed="true" simplified="false" border="1 0 0" fill="1 0 0" mode="-13"
 points="3.11408 7.566,
	3.13675 7.53426,
	3.11408 7.50252,
	3.12769 7.50252,
	3.14582 7.52973,
	3.16396 7.50252,
	3.17756 7.50252,
	3.15489 7.53426,
	3.17756 7.566,
	3.16396 7.566,
	3.14582 7.5388,
	3.12769 7.566,
	"/>
<Contour name="d07p14a" hidden="false" closed="true" simplified="false" border="1 0 0" fill="1 0 0" mode="-13"
 points="3.11408 7.566,
	3.13675 7.53426,
	3.11408 7.50252,
	3.12769 7.50252,
	3.14582 7.52973,
	3.16396 7.50252,
	3.17756 7.50252,
	3.15489 7.53426,
	3.17756 7.566,
	3.16396 7.566,
	3.14582 7.5388,
	3.12769 7.566,
	"/>
<Contour name="d07c14a" hidden="true" closed="true" simplified="true" border="1 0 0" fill="0 1 0" mode="9"
 points="1.92185 7.84372,
	1.94091 7.81322,
	1.95616 7.80559,
	1.98667 7.8094,
	1.99048 7.83991,
	2.00574 7.87042,
	2.01336 7.87804,
	2.01336 8.00006,
	2.01336 8.06107,
	2.01336 8.0687,
	1.98286 8.07251,
	1.95235 8.0687,
	1.93329 8.0382,
	1.92947 7.91617,
	1.92185 7.90092,
	1.92185 7.87042,
	1.92185 7.85516,
	1.92185 7.84754,
	"/>
<Contour name="d07cfa14a" hidden="false" closed="false" simplified="false" border="0 1 1" fill="0 1 1" mode="9"
 points="1.99451 8.07643,
	1.97544 8.04592,
	1.95638 7.9811,
	1.95256 7.93153,
	1.94875 7.85526,
	1.964 7.80188,
	"/>
<Contour name="d08" hidden="false" closed="true" simplified="true" border="1 0 0" fill="1 0 0" mode="9"
 points="4.8456 4.39866,
	4.87658 4.36768,
	4.89428 4.35441,
	4.92968 4.34998,
	4.94738 4.34556,
	5.01819 4.30573,
	5.03589 4.30573,
	5.06686 4.32785,
	5.06244 4.36326,
	5.03146 4.39866,
	5.00934 4.42963,
	5.00049 4.43849,
	5.00049 4.44734,
	4.98721 4.46504,
	4.98721 4.48274,
	4.95181 4.51371,
	4.95181 4.53141,
	4.94296 4.54027,
	4.90756 4.54027,
	4.87216 4.50929,
	4.85445 4.47389,
	4.8456 4.40308,
	"/>
<Contour name="d08" hidden="false" closed="true" simplified="true" border="1 0 0" fill="1 0 0" mode="9"
 points="5.08457 4.10659,
	5.09784 4.07119,
	5.10669 4.05349,
	5.10669 3.98269,
	5.11997 3.91189,
	5.14209 3.84108,
	5.1775 3.77028,
	5.1952 3.73488,
	5.20847 3.71718,
	5.22617 3.70833,
	5.36778 3.70833,
	5.38548 3.69948,
	5.41203 3.66407,
	5.45186 3.59327,
	5.46956 3.58442,
	5.54036 3.58442,
	5.57576 3.56672,
	5.58461 3.55787,
	5.58019 3.48707,
	5.55364 3.45166,
	5.55806 3.38086,
	5.57134 3.34546,
	5.59346 3.31006,
	5.65984 3.23925,
	5.73065 3.19943,
	5.76605 3.18615,
	5.83685 3.18173,
	5.90765 3.18615,
	5.92536 3.18615,
	5.93421 3.18173,
	5.96518 3.21713,
	5.97846 3.23483,
	5.98288 3.37643,
	5.98288 3.44724,
	5.97846 3.46494,
	5.95191 3.50034,
	5.93863 3.51804,
	5.92093 3.52689,
	5.91208 3.52689,
	5.90323 3.53574,
	5.83243 3.53574,
	5.79702 3.53574,
	5.73507 3.60655,
	5.71295 3.67735,
	5.70852 3.81896,
	5.7041 3.88976,
	5.7041 3.92516,
	5.69967 3.94286,
	5.67312 3.97826,
	5.66427 3.99596,
	5.62887 4.02694,
	5.61117 4.02694,
	5.57576 4.04464,
	5.54036 4.04907,
	5.50496 4.06677,
	5.43416 4.1243,
	5.42531 4.1243,
	5.38991 4.15085,
	5.3722 4.16412,
	5.3545 4.16412,
	5.3191 4.18182,
	5.2483 4.19067,
	5.1775 4.19067,
	5.14209 4.19067,
	5.10669 4.18182,
	5.09784 4.18182,
	5.08457 4.16412,
	5.08457 4.12872,
	5.08457 4.11102,
	"/>
<Contour name="d08" hidden="false" closed="true" simplified="true" border="1 0 0" fill="1 0 0" mode="9"
 points="5.14209 3.16402,
	5.17307 3.13305,
	5.20847 3.11092,
	5.22617 3.09322,
	5.22617 3.05782,
	5.23502 3.04012,
	5.25272 3.02684,
	5.28813 3.02242,
	5.30583 3.02242,
	5.32353 3.03127,
	5.33238 3.04454,
	5.3368 3.03569,
	5.35008 3.04897,
	5.3545 3.06667,
	5.35008 3.08437,
	5.34123 3.0888,
	5.3368 3.1242,
	5.32353 3.1596,
	5.32795 3.2304,
	5.31025 3.2481,
	5.29255 3.2481,
	5.2837 3.2481,
	5.27485 3.25695,
	5.20405 3.25253,
	5.16864 3.22598,
	5.15094 3.20828,
	5.14209 3.19943,
	5.14209 3.16845,
	"/>
<Contour name="D11" hidden="false" closed="true" simplified="true" border="1 0.5 0" fill="1 0.5 0" mode="11"
 points="4.88383 5.00925,
	4.88573 4.98072,
	4.89125 4.95499,
	4.89985 4.93457,
	4.91069 4.92145,
	4.9227 4.91693,
	4.93471 4.92145,
	4.94555 4.93457,
	4.95415 4.95499,
	4.95967 4.98072,
	4.96157 5.00925,
	4.95967 5.03778,
	4.95415 5.06351,
	4.94555 5.08394,
	4.93471 5.09705,
	4.9227 5.10157,
	4.91069 5.09705,
	4.89985 5.08394,
	4.89125 5.06351,
	"/>
<Contour name="D11" hidden="false" closed="true" simplified="true" border="1 0.5 0" fill="1 0.5 0" mode="11"
 points="5.69525 4.1784,
	5.70002 4.14825,
	5.71399 4.12034,
	5.73612 4.09673,
	5.76477 4.07918,
	5.79781 4.06899,
	5.83279 4.06691,
	5.86712 4.0731,
	5.89825 4.0871,
	5.92388 4.10788,
	5.9421 4.13388,
	5.95156 4.16318,
	5.95156 4.19362,
	5.9421 4.22292,
	5.92388 4.24893,
	5.89825 4.2697,
	5.86712 4.2837,
	5.83279 4.28989,
	5.79781 4.28782,
	5.76477 4.27762,
	5.73612 4.26007,
	5.71399 4.23647,
	5.70002 4.20855,
	"/>
<Contour name="D11" hidden="false" closed="true" simplified="true" border="1 0.5 0" fill="1 0.5 0" mode="11"
 points="5.3114 3.43987,
	5.31437 3.42335,
	5.323 3.40845,
	5.33644 3.39663,
	5.35337 3.38904,
	5.37214 3.38642,
	5.39091 3.38904,
	5.40784 3.39663,
	5.42127 3.40845,
	5.4299 3.42335,
	5.43287 3.43987,
	5.4299 3.45638,
	5.42127 3.47128,
	5.40784 3.48311,
	5.39091 3.4907,
	5.37214 3.49331,
	5.35337 3.4907,
	5.33644 3.48311,
	5.323 3.47128,
	"/>
<Contour name="D05" hidden="false" closed="true" simplified="true" border="1 1 0" fill="1 1 0" mode="11"
 points="3.11524 4.51609,
	3.11785 4.50332,
	3.12544 4.49181,
	3.13727 4.48267,
	3.15217 4.47681,
	3.16868 4.47479,
	3.1852 4.47681,
	3.2001 4.48267,
	3.21192 4.49181,
	3.21951 4.50332,
	3.22213 4.51609,
	3.21951 4.52885,
	3.21192 4.54036,
	3.2001 4.5495,
	3.1852 4.55536,
	3.16868 4.55739,
	3.15217 4.55536,
	3.13727 4.5495,
	3.12544 4.54036,
	"/>
<Contour name="D05" hidden="false" closed="true" simplified="true" border="1 1 0" fill="1 1 0" mode="11"
 points="2.73284 3.88717,
	2.73393 3.87008,
	2.73716 3.85325,
	2.74251 3.83694,
	2.74987 3.82139,
	2.75915 3.80683,
	2.7702 3.7935,
	2.78285 3.78158,
	2.79691 3.77126,
	2.81217 3.7627,
	2.8284 3.75603,
	2.84535 3.75134,
	2.86277 3.74872,
	2.88038 3.74819,
	2.89793 3.74977,
	2.91514 3.75343,
	2.93177 3.75912,
	2.94754 3.76675,
	2.96223 3.77621,
	2.97561 3.78735,
	2.98749 3.8,
	2.99767 3.81397,
	3.00601 3.82905,
	3.01237 3.84502,
	3.01667 3.86162,
	3.01884 3.87861,
	3.01884 3.89573,
	3.01667 3.91272,
	3.01237 3.92932,
	3.00601 3.94528,
	2.99767 3.96037,
	2.98749 3.97434,
	2.97561 3.98699,
	2.96223 3.99813,
	2.94754 4.00758,
	2.93177 4.01522,
	2.91514 4.02091,
	2.89793 4.02457,
	2.88038 4.02615,
	2.86277 4.02562,
	2.84535 4.02299,
	2.8284 4.01831,
	2.81217 4.01164,
	2.79691 4.00308,
	2.78285 3.99276,
	2.7702 3.98084,
	2.75915 3.96751,
	2.74987 3.95295,
	2.74251 3.9374,
	2.73716 3.92108,
	"/>
<Contour name="D05" hidden="false" closed="true" simplified="true" border="1 1 0" fill="1 1 0" mode="11"
 points="4.7258 4.56739,
	4.7276 4.54591,
	4.73283 4.52653,
	4.74098 4.51115,
	4.75124 4.50127,
	4.76261 4.49787,
	4.77398 4.50127,
	4.78424 4.51115,
	4.79239 4.52653,
	4.79761 4.54591,
	4.79941 4.56739,
	4.79761 4.58888,
	4.79239 4.60826,
	4.78424 4.62364,
	4.77398 4.63351,
	4.76261 4.63692,
	4.75124 4.63351,
	4.74098 4.62364,
	4.73283 4.60826,
	"/>
<Contour name="D19" hidden="false" closed="true" simplified="true" border="0 1 0" fill="0 1 0" mode="11"
 points="3.03652 8.14553,
	3.03965 8.12254,
	3.04894 8.10024,
	3.06412 8.07932,
	3.08472 8.06041,
	3.11011 8.04409,
	3.13952 8.03085,
	3.17206 8.02109,
	3.20675 8.01512,
	3.24252 8.0131,
	3.27829 8.01512,
	3.31298 8.02109,
	3.34552 8.03085,
	3.37493 8.04409,
	3.40032 8.06041,
	3.42092 8.07932,
	3.4361 8.10024,
	3.44539 8.12254,
	3.44852 8.14553,
	3.44539 8.16853,
	3.4361 8.19082,
	3.42092 8.21175,
	3.40032 8.23065,
	3.37493 8.24698,
	3.34552 8.26022,
	3.31298 8.26997,
	3.27829 8.27595,
	3.24252 8.27796,
	3.20675 8.27595,
	3.17206 8.26997,
	3.13952 8.26022,
	3.11011 8.24698,
	3.08472 8.23065,
	3.06412 8.21175,
	3.04894 8.19082,
	3.03965 8.16853,
	"/>
<Contour name="D19" hidden="false" closed="true" simplified="true" border="0 1 0" fill="0 1 0" mode="11"
 points="2.29345 6.02669,
	2.29597 6.01191,
	2.30329 5.99858,
	2.31468 5.988,
	2.32904 5.98121,
	2.34495 5.97886,
	2.36087 5.98121,
	2.37522 5.988,
	2.38662 5.99858,
	2.39393 6.01191,
	2.39645 6.02669,
	2.39393 6.04146,
	2.38662 6.05479,
	2.37522 6.06537,
	2.36087 6.07217,
	2.34495 6.07451,
	2.32904 6.07217,
	2.31468 6.06537,
	2.30329 6.05479,
	"/>
<Contour name="d07p12" hidden="false" closed="true" simplified="false" border="0.5 0 1" fill="0.5 0 1" mode="9"
 points="3.80199 7.72403,
	3.79455 7.72154,
	3.80199 7.71906,
	3.79703 7.71162,
	3.80447 7.71658,
	3.80696 7.70914,
	3.80944 7.71658,
	3.81688 7.71162,
	3.81192 7.71906,
	3.81936 7.72154,
	3.81192 7.72403,
	3.81688 7.73147,
	3.80944 7.72651,
	3.80696 7.73395,
	3.80447 7.72651,
	3.79703 7.73147,
	"/>
<Contour name="d08p10" hidden="false" closed="true" simplified="false" border="0 1 1" fill="0 1 1" mode="-13"
 points="5.61087 3.68545,
	5.61937 3.67694,
	5.58535 3.64292,
	5.59386 3.63442,
	5.62788 3.66844,
	5.63638 3.65993,
	5.63638 3.68545,
	"/>
<Contour name="ax01" comment="LK bouton trace named after cfa" hidden="false" closed="true" simplified="true" border="0 1 1" fill="0.502 1 1" mode="9"
 points="5.54663 1.7576,
	5.58125 1.73273,
	5.59856 1.72407,
	5.60721 1.71974,
	5.61586 1.71758,
	5.63317 1.71974,
	5.65048 1.71974,
	5.65913 1.7165,
	5.69375 1.69487,
	5.71105 1.68946,
	5.72836 1.68188,
	5.76298 1.67431,
	5.76406 1.67323,
	5.76622 1.67431,
	5.78353 1.6689,
	5.81814 1.66458,
	5.83545 1.6635,
	5.85276 1.66458,
	5.86141 1.6689,
	5.86574 1.67215,
	5.88305 1.67215,
	5.91766 1.67648,
	5.93497 1.67756,
	5.96958 1.68405,
	5.97391 1.68405,
	5.99122 1.69378,
	5.99987 1.70027,
	6.00312 1.7046,
	6.00095 1.71325,
	5.99554 1.72191,
	5.92632 1.75111,
	5.85709 1.78573,
	5.84843 1.79114,
	5.83112 1.79763,
	5.82247 1.80196,
	5.80516 1.80304,
	5.79651 1.80196,
	5.79435 1.80087,
	5.77704 1.80845,
	5.74242 1.81818,
	5.73377 1.82034,
	5.71646 1.83008,
	5.70781 1.83657,
	5.70348 1.83982,
	5.66887 1.85063,
	5.65156 1.85604,
	5.64723 1.85712,
	5.64507 1.85712,
	5.64291 1.85929,
	5.6256 1.85712,
	5.61695 1.85496,
	5.61478 1.85388,
	5.59747 1.8582,
	5.58017 1.85929,
	5.54555 1.84306,
	5.54123 1.8409,
	5.53906 1.83982,
	5.53582 1.83657,
	5.53257 1.80196,
	5.53257 1.7933,
	5.53798 1.77599,
	5.54123 1.76734,
	5.54231 1.76301,
	"/>
</Transform>

<Transform dim="6"
 xcoef=" 0.299349419981252 1.01761201555371 0.0206914664420562 0 0 0"
 ycoef=" -0.224373556303306 0.012520433583995 0.998852387686994 0 0 0">
<Image mag="0.00217507" contrast="0.917" brightness="0.12" red="true" green="true" blue="true"
 src="FHLTD.82.jpg" />
<Contour name="domain1" hidden="false" closed="true" simplified="false" border="1 0 1" fill="1 0 1" mode="11"
 points="0 0,
	4096 0,
	4096 4096,
	0 4096,
	"/>
</Transform>

<Transform dim="0"
 xcoef=" 0 1 0 0 0 0"
 ycoef=" 0 0 1 0 0 0">
<Contour name="ax02" comment="LK bouton trace named after cfa" hidden="false" closed="true" simplified="true" border="0 1 1" fill="0.502 1 1" mode="9"
 points="3.40112 1.57338,
	3.40365 1.56664,
	3.40786 1.53968,
	3.40786 1.53295,
	3.41291 1.51947,
	3.4146 1.5161,
	3.41544 1.50936,
	3.43481 1.45546,
	3.44744 1.4285,
	3.44913 1.42513,
	3.46261 1.41334,
	3.46934 1.40997,
	3.4963 1.40745,
	3.52325 1.40745,
	3.52662 1.40745,
	3.52999 1.40913,
	3.54346 1.40997,
	3.57042 1.41503,
	3.62432 1.41755,
	3.65128 1.4184,
	3.67823 1.42092,
	3.69171 1.42261,
	3.69844 1.42598,
	3.71192 1.43524,
	3.71866 1.44114,
	3.74561 1.45883,
	3.75825 1.4723,
	3.76751 1.48578,
	3.77509 1.49926,
	3.78436 1.51273,
	3.78688 1.5161,
	3.78772 1.51947,
	3.79025 1.52284,
	3.79194 1.52958,
	3.79278 1.53295,
	3.79531 1.53632,
	3.79952 1.56327,
	3.79615 1.57674,
	3.7852 1.59022,
	3.77846 1.59696,
	3.77341 1.6037,
	3.77088 1.60707,
	3.76919 1.60875,
	3.76583 1.62223,
	3.76498 1.6357,
	3.76667 1.64918,
	3.76835 1.65592,
	3.76919 1.65929,
	3.77341 1.66603,
	3.77425 1.6694,
	3.78267 1.68287,
	3.78857 1.68961,
	3.79025 1.69298,
	3.8172 1.71993,
	3.83068 1.73257,
	3.83742 1.73762,
	3.84416 1.74436,
	3.85763 1.75362,
	3.88459 1.77805,
	3.89806 1.78647,
	3.90143 1.78816,
	3.90733 1.79489,
	3.9208 1.80416,
	3.93428 1.81679,
	3.9427 1.83027,
	3.96376 1.88418,
	3.96797 1.91113,
	3.96881 1.93808,
	3.96797 1.96503,
	3.96713 1.97851,
	3.96208 2.00546,
	3.95871 2.03242,
	3.95787 2.03916,
	3.94607 2.06611,
	3.94102 2.07285,
	3.92754 2.0838,
	3.91407 2.09053,
	3.90059 2.09559,
	3.87364 2.0998,
	3.84668 2.10064,
	3.83321 2.09896,
	3.81973 2.0939,
	3.80625 2.08632,
	3.80289 2.08295,
	3.79531 2.06948,
	3.79278 2.056,
	3.79362 2.02905,
	3.79278 2.01557,
	3.78857 2.0021,
	3.77509 1.97514,
	3.77088 1.96167,
	3.75825 1.93471,
	3.75066 1.92124,
	3.74477 1.9145,
	3.73129 1.90776,
	3.71782 1.89513,
	3.70434 1.88418,
	3.6976 1.88081,
	3.69086 1.87912,
	3.68749 1.87744,
	3.66054 1.8766,
	3.64706 1.87744,
	3.64033 1.8766,
	3.62685 1.8707,
	3.5999 1.85217,
	3.58642 1.84038,
	3.56115 1.81342,
	3.50725 1.75952,
	3.49377 1.74688,
	3.48029 1.73594,
	3.46766 1.72246,
	3.46429 1.71909,
	3.46261 1.71572,
	3.45587 1.70898,
	3.44576 1.69551,
	3.43986 1.68877,
	3.42386 1.66181,
	3.41123 1.63486,
	3.40196 1.60791,
	3.40112 1.58096,
	3.40112 1.57422,
	"/>
</Transform>

<Transform dim="1"
 xcoef=" 0 1 0 0 0 0"
 ycoef=" 0.01 0 1 0 0 0">
<Contour name="ax02" comment="LK bouton trace named after cfa" hidden="false" closed="true" simplified="true" border="0 1 1" fill="0.502 1 1" mode="9"
 points="3.8697 1.65464,
	3.87275 1.64245,
	3.87808 1.63788,
	3.88417 1.63788,
	3.89026 1.63941,
	3.89635 1.64322,
	3.89864 1.64626,
	3.8994 1.65235,
	3.89788 1.65844,
	3.89255 1.66301,
	3.88036 1.66225,
	3.87732 1.66225,
	3.87123 1.65844,
	3.87046 1.65921,
	3.8697 1.65616,
	3.8697 1.6554,
	"/>
</Transform>

<Transform dim="0"
 xcoef=" 0 1 0 0 0 0"
 ycoef=" 0 0 1 0 0 0">
<Contour name="ax05" comment="LK bouton trace named after cfa" hidden="false" closed="true" simplified="true" border="0 1 1" fill="0.502 1 1" mode="9"
 points="2.1624 1.80752,
	2.16594 1.79805,
	2.17068 1.79332,
	2.18014 1.78741,
	2.21799 1.78859,
	2.22746 1.78977,
	2.23219 1.79096,
	2.23337 1.79214,
	2.24284 1.78741,
	2.24757 1.78504,
	2.25585 1.77676,
	2.26058 1.77321,
	2.27951 1.77321,
	2.29843 1.77558,
	2.31736 1.78149,
	2.32564 1.78977,
	2.32919 1.7945,
	2.32919 1.79687,
	2.33274 1.8016,
	2.3351 1.81107,
	2.3351 1.82999,
	2.33392 1.83472,
	2.32564 1.84301,
	2.31618 1.84774,
	2.24047 1.85129,
	2.22154 1.84655,
	2.20262 1.83472,
	2.19315 1.82881,
	2.18842 1.82644,
	2.18724 1.82408,
	2.16831 1.81816,
	2.16358 1.8158,
	2.1624 1.81107,
	2.1624 1.8087,
	"/>
</Transform>

<Transform dim="0"
 xcoef=" 0 1 0 0 0 0"
 ycoef=" 0 0 1 0 0 0">
<Contour name="d01" hidden="true" closed="true" simplified="true" border="1 0.5 0" fill="1 0.5 0" mode="-11"
 points="4.91128 2.6116,
	4.93243 2.59574,
	4.92186 2.51115,
	4.92714 2.49,
	4.92714 2.47943,
	4.94829 2.46886,
	4.9853 2.42657,
	4.99058 2.34198,
	4.9853 2.29969,
	4.9853 2.27854,
	4.99587 2.25739,
	4.99587 2.24682,
	5.03816 2.22039,
	5.08046 2.20981,
	5.16504 2.16752,
	5.24963 2.11465,
	5.28663 2.07236,
	5.29721 2.06179,
	5.31307 1.9772,
	5.33421 1.93491,
	5.30778 1.85032,
	5.29721 1.83446,
	5.3395 1.80274,
	5.36065 1.80803,
	5.37122 1.8186,
	5.37651 1.83975,
	5.46109 1.87676,
	5.48224 1.88204,
	5.49281 1.88204,
	5.52453 1.92433,
	5.53511 1.94548,
	5.54039 1.95605,
	5.51925 1.99835,
	5.50339 2.08293,
	5.50867 2.10408,
	5.54039 2.14637,
	5.56154 2.15695,
	5.5774 2.17809,
	5.58269 2.26268,
	5.59326 2.30497,
	5.60383 2.32612,
	5.60383 2.33669,
	5.64084 2.3737,
	5.63555 2.41599,
	5.66199 2.45828,
	5.68313 2.46886,
	5.70956 2.51115,
	5.72542 2.55344,
	5.72542 2.56402,
	5.736 2.57459,
	5.73071 2.61688,
	5.71485 2.65918,
	5.72014 2.74376,
	5.72542 2.78606,
	5.736 2.8072,
	5.77829 2.8495,
	5.78886 2.87064,
	5.77829 2.89179,
	5.736 2.89179,
	5.71485 2.89179,
	5.63027 2.94466,
	5.58797 2.97637,
	5.50867 3.05567,
	5.46638 3.09268,
	5.45052 3.11383,
	5.44523 3.13497,
	5.42937 3.15612,
	5.4188 3.16669,
	5.39765 3.15083,
	5.38708 3.10854,
	5.38708 3.08739,
	5.35536 3.0451,
	5.31307 3.02924,
	5.27077 3.03981,
	5.20205 3.11911,
	5.17033 3.15612,
	5.12803 3.16669,
	5.08574 3.16669,
	5.0646 3.15612,
	5.0223 3.11383,
	5.00116 3.07153,
	4.9853 2.98695,
	4.9853 2.9658,
	4.96944 2.92351,
	4.95886 2.83892,
	4.92714 2.75434,
	4.91657 2.66975,
	4.91128 2.62746,
	4.91128 2.61688,
	"/>
<Contour name="d03" hidden="false" closed="true" simplified="true" border="0 1 0" fill="0 1 0" mode="9"
 points="2.95535 2.99627,
	2.99386 2.97942,
	3.03237 2.9722,
	3.05162 2.96979,
	3.06125 2.96498,
	3.13826 2.89759,
	3.17436 2.8639,
	3.22971 2.78689,
	3.2634 2.70988,
	3.30191 2.68822,
	3.34042 2.67137,
	3.41743 2.65452,
	3.49444 2.65452,
	3.51369 2.6473,
	3.53295 2.6449,
	3.5522 2.6473,
	3.56183 2.6473,
	3.60033 2.67378,
	3.67735 2.73635,
	3.75436 2.77967,
	3.77842 2.81817,
	3.78324 2.8278,
	3.76398 2.86631,
	3.68697 2.91925,
	3.64847 2.94573,
	3.57386 3.02033,
	3.53776 3.05884,
	3.50647 3.09735,
	3.49444 3.1166,
	3.48963 3.12622,
	3.49444 3.13585,
	3.49685 3.13826,
	3.44871 3.21527,
	3.42224 3.25378,
	3.4078 3.27303,
	3.3717 3.31154,
	3.35245 3.33079,
	3.31394 3.36208,
	3.27544 3.37411,
	3.23693 3.37652,
	3.21768 3.37652,
	3.17917 3.36448,
	3.15992 3.35726,
	3.12382 3.31876,
	3.10938 3.2995,
	3.06606 3.22249,
	3.02996 3.14548,
	3.01552 3.10697,
	3.01071 3.09735,
	2.97701 3.05884,
	2.96257 3.03959,
	2.95776 3.02996,
	2.95535 3.01071,
	2.95535 3.00108,
	2.95535 2.99867,
	"/>
<Contour name="d03" hidden="false" closed="true" simplified="true" border="0 1 0" fill="0 1 0" mode="9"
 points="3.48412 3.16738,
	3.5098 3.14855,
	3.51836 3.12116,
	3.53035 3.09376,
	3.53377 3.08691,
	3.55603 3.05952,
	3.56801 3.04582,
	3.58171 3.03726,
	3.5937 3.02528,
	3.62794 2.97049,
	3.65533 2.94995,
	3.66903 2.94139,
	3.72039 2.88831,
	3.73409 2.87633,
	3.76148 2.87975,
	3.76491 2.87975,
	3.76662 2.88317,
	3.76319 2.89687,
	3.71012 2.94995,
	3.70327 2.9568,
	3.67074 3.01158,
	3.66218 3.02528,
	3.6502 3.05267,
	3.64848 3.06637,
	3.6502 3.07835,
	3.67759 3.0852,
	3.69129 3.08863,
	3.69471 3.09034,
	3.69813 3.11773,
	3.67588 3.17252,
	3.67416 3.22731,
	3.67588 3.241,
	3.71012 3.35058,
	3.71697 3.40537,
	3.71868 3.41906,
	3.72039 3.42591,
	3.693 3.44988,
	3.68615 3.45673,
	3.65876 3.45159,
	3.64506 3.44646,
	3.61767 3.39167,
	3.57829 3.28209,
	3.52521 3.23416,
	3.49782 3.20847,
	3.48583 3.19649,
	3.48412 3.1691,
	"/>
<Contour name="d08" hidden="false" closed="true" simplified="true" border="1 0 0" fill="1 0 0" mode="9"
 points="4.40751 3.19943,
	4.41636 3.18173,
	4.43406 3.16402,
	4.45176 3.1596,
	4.46946 3.16845,
	4.48716 3.18615,
	4.48716 3.22155,
	4.50044 3.23925,
	4.50929 3.2481,
	4.58009 3.21713,
	4.61549 3.21713,
	4.64204 3.25253,
	4.63762 3.28793,
	4.60664 3.31891,
	4.58894 3.31891,
	4.58009 3.32776,
	4.54469 3.32776,
	4.52699 3.34103,
	4.49159 3.34103,
	4.47389 3.33661,
	4.46504 3.33661,
	4.43406 3.30121,
	4.41636 3.28351,
	4.40751 3.2481,
	4.40751 3.2127,
	4.40751 3.20385,
	"/>
</Transform>

<Transform dim="0"
 xcoef=" 0 1 0 0 0 0"
 ycoef=" 0 0 1 0 0 0">
<Contour name="ax06" comment="LK bouton trace named after cfa" hidden="false" closed="true" simplified="true" border="0 1 1" fill="0.502 1 1" mode="9"
 points="3.64895 3.05436,
	3.67072 3.02406,
	3.68493 3.00891,
	3.69061 3.00134,
	3.6925 2.99755,
	3.69345 2.96726,
	3.69345 2.96347,
	3.69723 2.95589,
	3.69913 2.95495,
	3.69913 2.95305,
	3.70102 2.95211,
	3.70102 2.95021,
	3.7086 2.94264,
	3.71617 2.9379,
	3.71996 2.93506,
	3.75026 2.92844,
	3.75404 2.92749,
	3.77487 2.89719,
	3.80517 2.87731,
	3.82032 2.86311,
	3.83073 2.84796,
	3.83641 2.84039,
	3.84967 2.81009,
	3.85724 2.79494,
	3.86198 2.78736,
	3.89038 2.75707,
	3.89701 2.74949,
	3.9008 2.74571,
	3.91594 2.73813,
	3.93109 2.73434,
	3.96139 2.7334,
	3.97654 2.73245,
	4.00684 2.72488,
	4.02199 2.72298,
	4.05228 2.72772,
	4.05986 2.73056,
	4.07501 2.74192,
	4.08542 2.75707,
	4.09394 2.77222,
	4.1072 2.78736,
	4.12235 2.80157,
	4.13749 2.81293,
	4.14507 2.81861,
	4.20566 2.84701,
	4.21324 2.8508,
	4.22839 2.86121,
	4.24354 2.865,
	4.25868 2.87163,
	4.28898 2.89246,
	4.30413 2.90382,
	4.3117 2.90855,
	4.32401 2.9237,
	4.33443 2.93885,
	4.34106 2.954,
	4.34295 2.96915,
	4.34768 2.9843,
	4.35526 2.98998,
	4.36567 3.00513,
	4.37325 3.02028,
	4.37609 3.03542,
	4.38271 3.05057,
	4.38461 3.08087,
	4.3865 3.08845,
	4.3865 3.09223,
	4.39124 3.09981,
	4.39597 3.11496,
	4.39692 3.12253,
	4.39976 3.1301,
	4.40165 3.1907,
	4.4026 3.221,
	4.40449 3.23615,
	4.40544 3.24372,
	4.40828 3.25129,
	4.40922 3.25887,
	4.41301 3.26644,
	4.41491 3.27023,
	4.42816 3.28538,
	4.44331 3.29958,
	4.45656 3.31473,
	4.46603 3.32988,
	4.47929 3.36018,
	4.48497 3.37532,
	4.48876 3.3829,
	4.4897 3.39805,
	4.48781 3.4132,
	4.48591 3.42077,
	4.48118 3.42834,
	4.47455 3.43592,
	4.47077 3.43971,
	4.44047 3.45201,
	4.42532 3.4577,
	4.39502 3.47284,
	4.37987 3.47947,
	4.34958 3.4861,
	4.342 3.48799,
	4.3117 3.48421,
	4.30413 3.48421,
	4.28898 3.48042,
	4.28519 3.47947,
	4.27005 3.48326,
	4.23975 3.49746,
	4.2246 3.50125,
	4.1943 3.50504,
	4.17915 3.50598,
	4.17158 3.50693,
	4.15643 3.51261,
	4.12613 3.51356,
	4.09584 3.51166,
	4.08069 3.50882,
	4.07311 3.50882,
	4.05796 3.50598,
	4.02767 3.50788,
	4.01252 3.50693,
	3.98222 3.5003,
	3.96707 3.49651,
	3.9595 3.49462,
	3.8989 3.47095,
	3.8686 3.45959,
	3.85346 3.45296,
	3.83831 3.44917,
	3.83073 3.44728,
	3.77014 3.41888,
	3.75499 3.41036,
	3.73984 3.39805,
	3.72943 3.3829,
	3.71522 3.3526,
	3.70765 3.33745,
	3.70386 3.32988,
	3.69723 3.29958,
	3.69155 3.23899,
	3.68493 3.20869,
	3.68114 3.19354,
	3.68209 3.17839,
	3.69723 3.1178,
	3.69818 3.11022,
	3.69534 3.10265,
	3.69061 3.09507,
	3.66031 3.08182,
	3.65368 3.07614,
	3.64989 3.06856,
	3.64895 3.06099,
	3.64895 3.0572,
	3.64895 3.05531,
	"/>
</Transform>

<Transform dim="0"
 xcoef=" 0 1 0 0 0 0"
 ycoef=" 0 0 1 0 0 0">
<Contour name="ax09" comment="LK bouton trace named after cfa" hidden="false" closed="true" simplified="true" border="0 1 1" fill="0.502 1 1" mode="9"
 points="4.17192 1.90586,
	4.1752 1.89931,
	4.18093 1.89276,
	4.19321 1.88375,
	4.19567 1.88211,
	4.1973 1.87557,
	4.19894 1.87229,
	4.19976 1.84609,
	4.20467 1.83299,
	4.20713 1.82972,
	4.20713 1.82808,
	4.22759 1.80434,
	4.23332 1.79779,
	4.25952 1.78306,
	4.27262 1.77896,
	4.2759 1.77733,
	4.28899 1.77569,
	4.29554 1.77569,
	4.30209 1.77405,
	4.31519 1.77405,
	4.34139 1.77814,
	4.36759 1.78797,
	4.38068 1.78879,
	4.38723 1.79042,
	4.39051 1.79124,
	4.40279 1.80025,
	4.40606 1.80189,
	4.41098 1.80762,
	4.41671 1.81171,
	4.41998 1.81253,
	4.42489 1.81744,
	4.43144 1.82071,
	4.43472 1.82235,
	4.43635 1.82235,
	4.4429 1.82726,
	4.44454 1.82726,
	4.45109 1.83218,
	4.45355 1.83545,
	4.45518 1.842,
	4.456 1.84527,
	4.45764 1.84609,
	4.45682 1.85264,
	4.45027 1.86574,
	4.43963 1.87802,
	4.43472 1.88375,
	4.40852 1.90013,
	4.40197 1.90422,
	4.38969 1.90913,
	4.38314 1.91159,
	4.37659 1.91732,
	4.36595 1.92796,
	4.3594 1.93123,
	4.35612 1.93369,
	4.32993 1.93451,
	4.31683 1.93205,
	4.29063 1.93205,
	4.28408 1.93205,
	4.27098 1.93533,
	4.26443 1.93615,
	4.23906 1.94515,
	4.22596 1.94679,
	4.21286 1.94515,
	4.20631 1.94515,
	4.19976 1.94351,
	4.18748 1.93451,
	4.18175 1.92796,
	4.17684 1.92305,
	4.17274 1.9165,
	4.17192 1.90995,
	4.17192 1.90667,
	"/>
</Transform>

<Transform dim="0"
 xcoef=" 0 1 0 0 0 0"
 ycoef=" 0 0 1 0 0 0">
<Contour name="d08" hidden="false" closed="true" simplified="true" border="1 0 0" fill="1 0 0" mode="9"
 points="5.23502 5.09784,
	5.28813 5.02704,
	5.30583 4.99164,
	5.34123 4.96066,
	5.37663 4.94296,
	5.44743 4.92968,
	5.48283 4.93411,
	5.50054 4.93411,
	5.53151 4.96509,
	5.56691 4.96951,
	5.58461 4.96951,
	5.59346 4.96951,
	5.60232 4.98721,
	5.61117 4.98721,
	5.62002 4.99606,
	5.62002 5.03146,
	5.60674 5.04474,
	5.46513 5.05801,
	5.45628 5.05801,
	5.38548 5.09784,
	5.35008 5.11554,
	5.27928 5.11554,
	5.24387 5.11112,
	5.23502 5.10669,
	5.23502 5.10227,
	"/>
<Contour name="d08cfa06ax24" hidden="false" closed="false" simplified="false" border="0 1 1" fill="0 1 1" mode="9"
 points="5.5435 5.03908,
	5.47377 5.07077,
	5.37868 5.10669,
	5.30895 5.11937,
	"/>
</Transform>

<Transform dim="0"
 xcoef=" 0 1 0 0 0 0"
 ycoef=" 0 0 1 0 0 0">
<Contour name="ax24" comment="LK bouton trace named after cfa" hidden="false" closed="true" simplified="true" border="0 1 1" fill="0.502 1 1" mode="9"
 points="4.29357 5.9201,
	4.29604 5.91022,
	4.29975 5.90034,
	4.30098 5.8954,
	4.29913 5.88552,
	4.29913 5.86576,
	4.30098 5.85588,
	4.30345 5.85094,
	4.30716 5.846,
	4.3121 5.84291,
	4.31333 5.84291,
	4.31395 5.84168,
	4.31518 5.84168,
	4.31642 5.84044,
	4.31765 5.84044,
	4.31889 5.83921,
	4.32012 5.83921,
	4.32136 5.83797,
	4.32383 5.83735,
	4.3263 5.8355,
	4.32877 5.83488,
	4.32939 5.83365,
	4.33433 5.8318,
	4.34421 5.825,
	4.35409 5.81636,
	4.35903 5.81265,
	4.36891 5.80277,
	4.37385 5.79783,
	4.38373 5.79228,
	4.40349 5.7861,
	4.42325 5.7756,
	4.44301 5.75831,
	4.45289 5.7509,
	4.45783 5.74781,
	4.4603 5.74658,
	4.46277 5.74411,
	4.47265 5.73855,
	4.49241 5.72991,
	4.50229 5.72805,
	4.52205 5.72744,
	4.52699 5.72682,
	4.52946 5.72682,
	4.5344 5.72497,
	4.53687 5.72497,
	4.55663 5.71817,
	4.56651 5.71323,
	4.58627 5.69903,
	4.59121 5.69533,
	4.60109 5.68977,
	4.61097 5.68668,
	4.61591 5.68606,
	4.63567 5.67804,
	4.64555 5.67309,
	4.65049 5.67124,
	4.67025 5.66939,
	4.69001 5.6626,
	4.69989 5.65889,
	4.71965 5.64592,
	4.72953 5.63913,
	4.7493 5.62246,
	4.75856 5.61258,
	4.76288 5.60764,
	4.78264 5.59282,
	4.8024 5.5817,
	4.81228 5.57553,
	4.82216 5.56812,
	4.83204 5.55947,
	4.83636 5.55638,
	4.83883 5.55144,
	4.84007 5.54897,
	4.84501 5.54589,
	4.84686 5.54403,
	4.85674 5.54095,
	4.86662 5.53662,
	4.88638 5.52427,
	4.89626 5.51748,
	4.91602 5.49957,
	4.9259 5.49031,
	4.93578 5.48228,
	4.95554 5.46808,
	4.95987 5.46438,
	4.97963 5.45511,
	4.99939 5.45264,
	5.00927 5.45203,
	5.01791 5.44215,
	5.02779 5.43226,
	5.04755 5.41744,
	5.05743 5.41065,
	5.0599 5.40942,
	5.07966 5.38966,
	5.08954 5.38101,
	5.10931 5.36743,
	5.11425 5.3631,
	5.1303 5.34334,
	5.13771 5.33346,
	5.14759 5.3242,
	5.15624 5.31432,
	5.16735 5.29456,
	5.17414 5.2748,
	5.176 5.26986,
	5.18896 5.2501,
	5.2007 5.23034,
	5.20564 5.22046,
	5.21181 5.21058,
	5.22602 5.19082,
	5.23343 5.18094,
	5.23651 5.176,
	5.24639 5.1692,
	5.25627 5.16365,
	5.26615 5.15685,
	5.28591 5.14697,
	5.32543 5.13586,
	5.40448 5.11672,
	5.40942 5.11548,
	5.4193 5.11054,
	5.43906 5.10375,
	5.444 5.10128,
	5.46376 5.08646,
	5.50328 5.06114,
	5.5428 5.04076,
	5.55268 5.03767,
	5.55762 5.03582,
	5.5675 5.0352,
	5.58726 5.03767,
	5.60702 5.04447,
	5.61196 5.0457,
	5.63172 5.04632,
	5.6416 5.0457,
	5.65148 5.04632,
	5.66136 5.0457,
	5.68112 5.04694,
	5.68606 5.04817,
	5.69594 5.05558,
	5.70088 5.0599,
	5.7157 5.07966,
	5.73917 5.11919,
	5.74658 5.12907,
	5.75028 5.13401,
	5.7719 5.17353,
	5.77992 5.19329,
	5.78425 5.20317,
	5.78857 5.22293,
	5.78672 5.23281,
	5.78301 5.24269,
	5.77128 5.26245,
	5.76634 5.27233,
	5.76387 5.27727,
	5.75399 5.28715,
	5.74905 5.29085,
	5.7472 5.29332,
	5.74596 5.29456,
	5.74349 5.30444,
	5.74411 5.3242,
	5.74349 5.33408,
	5.73917 5.35384,
	5.73608 5.36372,
	5.73176 5.3736,
	5.72003 5.39336,
	5.70953 5.41312,
	5.69286 5.45264,
	5.68853 5.46252,
	5.68298 5.4724,
	5.6768 5.49216,
	5.67309 5.50204,
	5.67124 5.50698,
	5.67062 5.50945,
	5.66939 5.51069,
	5.66815 5.51563,
	5.66692 5.55515,
	5.6663 5.56503,
	5.66321 5.57491,
	5.66198 5.57985,
	5.6558 5.58973,
	5.6521 5.59467,
	5.64222 5.60393,
	5.62246 5.61752,
	5.61999 5.61814,
	5.61752 5.61999,
	5.61505 5.62061,
	5.60517 5.62616,
	5.6027 5.62678,
	5.60146 5.62678,
	5.5922 5.63604,
	5.58047 5.6558,
	5.57615 5.66074,
	5.57306 5.66568,
	5.56318 5.67433,
	5.54342 5.68483,
	5.53848 5.6873,
	5.51872 5.69039,
	5.49896 5.69224,
	5.48908 5.69224,
	5.48414 5.69224,
	5.46438 5.67804,
	5.44462 5.66754,
	5.43473 5.66321,
	5.42979 5.66198,
	5.41003 5.66136,
	5.40015 5.66198,
	5.38039 5.66136,
	5.36063 5.6558,
	5.35075 5.65272,
	5.33099 5.64222,
	5.32852 5.64037,
	5.30876 5.63975,
	5.289 5.64098,
	5.27912 5.64037,
	5.27418 5.64037,
	5.25442 5.63543,
	5.23466 5.63172,
	5.2149 5.6311,
	5.20502 5.63049,
	5.19514 5.62863,
	5.15562 5.63419,
	5.1161 5.63728,
	5.10622 5.6379,
	5.08646 5.63604,
	5.07658 5.63296,
	5.07164 5.63172,
	5.0667 5.63172,
	5.06423 5.63172,
	5.04447 5.64098,
	5.02471 5.64778,
	5.00495 5.65333,
	4.98519 5.66136,
	4.9753 5.66568,
	4.95554 5.67062,
	4.94566 5.67433,
	4.93578 5.67989,
	4.91602 5.69656,
	4.90676 5.70521,
	4.89688 5.71138,
	4.887 5.71632,
	4.86724 5.72126,
	4.86477 5.72188,
	4.85489 5.72744,
	4.83513 5.73052,
	4.82525 5.73114,
	4.82031 5.73176,
	4.81043 5.73793,
	4.80796 5.73917,
	4.80672 5.73917,
	4.78696 5.75399,
	4.77708 5.7614,
	4.75732 5.77313,
	4.7178 5.79166,
	4.69804 5.79783,
	4.65852 5.80586,
	4.65358 5.80771,
	4.65111 5.80771,
	4.64864 5.80957,
	4.6437 5.81142,
	4.62394 5.82439,
	4.61406 5.82933,
	4.57454 5.84229,
	4.5696 5.84353,
	4.56713 5.84415,
	4.56466 5.846,
	4.55478 5.84909,
	4.53502 5.85279,
	4.52514 5.85403,
	4.51526 5.8565,
	4.50538 5.8602,
	4.4955 5.86638,
	4.49056 5.87008,
	4.48562 5.87502,
	4.47821 5.8849,
	4.46092 5.90466,
	4.45104 5.91269,
	4.44116 5.91701,
	4.43128 5.91948,
	4.42634 5.9201,
	4.40658 5.91825,
	4.39669 5.91763,
	4.38681 5.91825,
	4.37693 5.92257,
	4.37199 5.92442,
	4.36211 5.93122,
	4.35223 5.93554,
	4.34235 5.93801,
	4.33741 5.93986,
	4.32753 5.94048,
	4.31765 5.93986,
	4.30777 5.93801,
	4.30283 5.93492,
	4.29789 5.9306,
	4.29419 5.92628,
	4.29357 5.92134,
	4.29357 5.92072,
	"/>
</Transform>

<Transform dim="0"
 xcoef=" 0 1 0 0 0 0"
 ycoef=" 0 0 1 0 0 0">
<Contour name="ax25" comment="LK bouton trace named after cfa" hidden="false" closed="true" simplified="true" border="0 1 1" fill="0.502 1 1" mode="9"
 points="3.66143 3.82709,
	3.66666 3.81949,
	3.6695 3.8157,
	3.67235 3.8081,
	3.67378 3.80051,
	3.67378 3.79291,
	3.6733 3.78911,
	3.66998 3.78152,
	3.66713 3.76633,
	3.66713 3.76253,
	3.67045 3.75494,
	3.67378 3.75114,
	3.68137 3.7464,
	3.68896 3.74023,
	3.69513 3.73263,
	3.69988 3.72504,
	3.70748 3.70985,
	3.71127 3.70225,
	3.7108 3.69846,
	3.71365 3.68327,
	3.72124 3.66808,
	3.72314 3.66428,
	3.72409 3.66238,
	3.73168 3.65621,
	3.73928 3.65242,
	3.76965 3.64197,
	3.77725 3.63865,
	3.79244 3.63438,
	3.80003 3.63201,
	3.80763 3.63153,
	3.81142 3.63106,
	3.81522 3.62963,
	3.82281 3.62916,
	3.83041 3.63011,
	3.8456 3.63485,
	3.85319 3.6377,
	3.85699 3.63865,
	3.87218 3.64625,
	3.88737 3.65621,
	3.89496 3.66143,
	3.91015 3.67472,
	3.91727 3.68232,
	3.92486 3.68896,
	3.94005 3.69846,
	3.95524 3.70605,
	3.96284 3.70985,
	3.97043 3.71222,
	3.97423 3.7127,
	3.97802 3.71412,
	4.0084 3.71887,
	4.016 3.71982,
	4.02359 3.72314,
	4.03119 3.72551,
	4.06156 3.7407,
	4.07675 3.75067,
	4.08055 3.75399,
	4.08435 3.75636,
	4.08814 3.75969,
	4.09574 3.76396,
	4.11093 3.77488,
	4.11852 3.7801,
	4.12042 3.782,
	4.13561 3.78864,
	4.1432 3.79244,
	4.147 3.79481,
	4.15032 3.79861,
	4.15554 3.8062,
	4.16788 3.82139,
	4.17358 3.82899,
	4.1864 3.84417,
	4.18877 3.84797,
	4.20253 3.86316,
	4.21013 3.87028,
	4.21772 3.87645,
	4.22152 3.87977,
	4.23671 3.88832,
	4.2519 3.89496,
	4.2538 3.89591,
	4.26898 3.89733,
	4.27658 3.89828,
	4.28038 3.89828,
	4.28797 3.90018,
	4.29556 3.90113,
	4.29936 3.90256,
	4.31455 3.90351,
	4.32214 3.90351,
	4.32974 3.90256,
	4.34493 3.89781,
	4.36012 3.89449,
	4.36771 3.89306,
	4.3829 3.89211,
	4.39049 3.89259,
	4.39239 3.89259,
	4.39999 3.89686,
	4.40758 3.90208,
	4.41565 3.91727,
	4.42182 3.93246,
	4.42562 3.94765,
	4.43036 3.97802,
	4.43084 3.98562,
	4.43036 3.99321,
	4.43036 3.99701,
	4.42657 4.0122,
	4.41612 4.04258,
	4.40189 4.07295,
	4.39666 4.08055,
	4.39049 4.08814,
	4.37958 4.10333,
	4.37341 4.11093,
	4.37056 4.11472,
	4.35584 4.12991,
	4.35205 4.13371,
	4.34445 4.13893,
	4.33686 4.1451,
	4.32926 4.1527,
	4.32547 4.15602,
	4.31787 4.16076,
	4.31028 4.16646,
	4.29509 4.17405,
	4.2799 4.18022,
	4.26471 4.1845,
	4.24952 4.18972,
	4.23433 4.19209,
	4.21915 4.19304,
	4.18877 4.19257,
	4.17358 4.19209,
	4.15839 4.19019,
	4.1432 4.18734,
	4.13561 4.18545,
	4.13181 4.1845,
	4.12801 4.1826,
	4.09764 4.17453,
	4.09384 4.17311,
	4.09004 4.17263,
	4.05966 4.16076,
	4.04448 4.15602,
	4.03688 4.1527,
	4.02169 4.14747,
	4.0065 4.13988,
	3.99131 4.13086,
	3.98372 4.12564,
	3.97992 4.12374,
	3.97233 4.11615,
	3.97138 4.11425,
	3.96948 4.11235,
	3.93958 4.09669,
	3.93198 4.09336,
	3.92819 4.09147,
	3.92629 4.09099,
	3.92439 4.08957,
	3.92059 4.08814,
	3.913 4.0834,
	3.9111 4.08197,
	3.91015 4.08197,
	3.89496 4.06963,
	3.88737 4.06346,
	3.88025 4.05587,
	3.87408 4.04827,
	3.87075 4.04448,
	3.86648 4.03688,
	3.86411 4.03308,
	3.86316 4.03119,
	3.84797 4.01647,
	3.84085 4.00888,
	3.83468 4.00128,
	3.82471 3.98609,
	3.82234 3.9823,
	3.81475 3.97613,
	3.81095 3.9747,
	3.80335 3.96901,
	3.79671 3.96141,
	3.79576 3.95951,
	3.79196 3.95667,
	3.76159 3.92771,
	3.7464 3.913,
	3.7407 3.9054,
	3.73406 3.89781,
	3.72456 3.88262,
	3.72077 3.8793,
	3.71317 3.87455,
	3.71127 3.87313,
	3.70748 3.8717,
	3.69988 3.86648,
	3.68517 3.85414,
	3.68279 3.85034,
	3.68184 3.84845,
	3.67805 3.84607,
	3.67425 3.84465,
	3.67235 3.84322,
	3.67045 3.84275,
	3.66333 3.83611,
	3.66191 3.83231,
	3.66143 3.82851,
	3.66143 3.82756,
	"/>
</Transform>

<Transform dim="0"
 xcoef=" 0 1 0 0 0 0"
 ycoef=" 0 0 1 0 0 0">
<Contour name="ax27" hidden="false" closed="true" simplified="true" border="0 0 1" fill="0 0 1" mode="11"
 points="3.49495 3.94044,
	3.49756 3.93784,
	3.49625 3.93264,
	3.49625 3.92743,
	3.50081 3.91703,
	3.50666 3.90662,
	3.50861 3.90142,
	3.51511 3.89101,
	3.51707 3.88061,
	3.51902 3.8598,
	3.52227 3.84939,
	3.52942 3.83899,
	3.53332 3.83378,
	3.53593 3.83183,
	3.53723 3.83053,
	3.54763 3.82923,
	3.55283 3.82793,
	3.57365 3.82598,
	3.57885 3.82403,
	3.58405 3.82338,
	3.59446 3.81948,
	3.59966 3.81818,
	3.62047 3.82143,
	3.64128 3.83573,
	3.64648 3.83899,
	3.65689 3.84029,
	3.66209 3.84094,
	3.6673 3.84289,
	3.6777 3.84939,
	3.68811 3.85785,
	3.69331 3.8624,
	3.70176 3.87215,
	3.71217 3.88061,
	3.71737 3.88256,
	3.72257 3.88646,
	3.72518 3.88841,
	3.72778 3.88906,
	3.73818 3.89947,
	3.74209 3.90467,
	3.74404 3.90987,
	3.74404 3.91248,
	3.74404 3.91378,
	3.74924 3.91898,
	3.75184 3.92158,
	3.75444 3.93199,
	3.74664 3.9528,
	3.73428 3.97361,
	3.71347 3.99442,
	3.71087 3.99702,
	3.66925 4.01978,
	3.62762 4.02238,
	3.586 4.01978,
	3.5756 4.01978,
	3.56519 4.01328,
	3.54438 4.00352,
	3.53397 3.99897,
	3.52877 3.99637,
	3.52357 3.99572,
	3.52097 3.99507,
	3.4956 3.95345,
	3.49495 3.94304,
	3.49495 3.94109,
	"/>
</Transform>

<Transform dim="0"
 xcoef=" 0 1 0 0 0 0"
 ycoef=" 0 0 1 0 0 0">
<Contour name="d08c06ax24" hidden="false" closed="true" simplified="true" border="0 1 0" fill="0 1 0" mode="9"
 points="5.30284 5.09292,
	5.43327 5.04707,
	5.49848 5.02363,
	5.53109 5.01242,
	5.53924 5.00937,
	5.54128 5.01039,
	5.55147 5.0756,
	5.55657 5.10821,
	5.55657 5.11025,
	5.42613 5.14795,
	5.36092 5.16629,
	5.32831 5.17546,
	5.32016 5.17852,
	5.31812 5.1775,
	5.30589 5.11228,
	5.30385 5.09598,
	5.30284 5.09394,
	"/>
</Transform>

<Transform dim="0"
 xcoef=" 0 1 0 0 0 0"
 ycoef=" 0 0 1 0 0 0">
<Contour name="ddh_d06ax07" comment="traced by ddh 12/20/18" hidden="false" closed="true" simplified="true" border="0.5 0 1" fill="0.5 0 1" mode="11"
 points="1.6448 8.29393,
	1.64608 8.2871,
	1.64693 8.2854,
	1.64736 8.28199,
	1.64992 8.27516,
	1.65034 8.27175,
	1.65162 8.26834,
	1.65162 8.26749,
	1.65247 8.26663,
	1.6529 8.26322,
	1.65418 8.25981,
	1.65418 8.25811,
	1.65546 8.25469,
	1.65589 8.24105,
	1.65503 8.23422,
	1.65034 8.22058,
	1.64906 8.21717,
	1.64821 8.21546,
	1.64821 8.20181,
	1.64992 8.19499,
	1.65333 8.18817,
	1.65589 8.18476,
	1.65674 8.18305,
	1.66356 8.17836,
	1.66697 8.17708,
	1.6738 8.17708,
	1.68062 8.17793,
	1.68403 8.17836,
	1.68574 8.17836,
	1.68744 8.17921,
	1.69427 8.18007,
	1.72156 8.17964,
	1.72497 8.17964,
	1.73179 8.1822,
	1.73862 8.1839,
	1.74544 8.18433,
	1.75226 8.18604,
	1.75909 8.18646,
	1.7625 8.18732,
	1.76591 8.18732,
	1.77273 8.18945,
	1.77614 8.1903,
	1.77955 8.19286,
	1.78339 8.19926,
	1.78552 8.20608,
	1.78638 8.20949,
	1.78723 8.2112,
	1.78766 8.21461,
	1.79022 8.22143,
	1.80002 8.23465,
	1.80471 8.24105,
	1.80941 8.25469,
	1.81026 8.2564,
	1.81026 8.25725,
	1.81111 8.25811,
	1.81154 8.25981,
	1.81154 8.26066,
	1.81282 8.26237,
	1.81282 8.26322,
	1.81666 8.27005,
	1.81921 8.27687,
	1.82007 8.27858,
	1.82007 8.27943,
	1.82092 8.28028,
	1.82177 8.28369,
	1.82348 8.2871,
	1.82476 8.28881,
	1.82476 8.28966,
	1.8286 8.29649,
	1.83073 8.30331,
	1.83073 8.31013,
	1.82902 8.31696,
	1.8286 8.32037,
	1.82604 8.32719,
	1.82263 8.33401,
	1.81708 8.34041,
	1.81495 8.34297,
	1.81196 8.34595,
	1.80813 8.35278,
	1.80599 8.35619,
	1.80344 8.35875,
	1.80216 8.36045,
	1.8013 8.36045,
	1.79789 8.36258,
	1.79619 8.36344,
	1.79533 8.36429,
	1.79192 8.36514,
	1.79107 8.366,
	1.78936 8.36642,
	1.78766 8.3677,
	1.78425 8.36855,
	1.7706 8.36855,
	1.76378 8.36855,
	1.75695 8.36728,
	1.75525 8.36685,
	1.75439 8.366,
	1.75098 8.36472,
	1.74928 8.36429,
	1.74757 8.36301,
	1.74587 8.36258,
	1.74245 8.36045,
	1.74075 8.3596,
	1.7399 8.3596,
	1.73904 8.35875,
	1.73222 8.35576,
	1.73051 8.35491,
	1.72966 8.35406,
	1.72284 8.35107,
	1.71644 8.34894,
	1.71303 8.34766,
	1.71218 8.34766,
	1.71132 8.34681,
	1.69768 8.34382,
	1.68403 8.33956,
	1.68233 8.33956,
	1.67593 8.337,
	1.67422 8.33572,
	1.67252 8.33529,
	1.67209 8.33444,
	1.67124 8.33444,
	1.66783 8.33231,
	1.66527 8.32975,
	1.66399 8.32804,
	1.661 8.32591,
	1.65589 8.31951,
	1.6529 8.3161,
	1.65077 8.31354,
	1.64736 8.30672,
	1.64522 8.2999,
	1.6448 8.29649,
	1.6448 8.29478,
	1.6448 8.29435,
	"/>
</Transform>

<Transform dim="0"
 xcoef=" 0 1 0 0 0 0"
 ycoef=" 0 0 1 0 0 0">
<Contour name="ddh_d06ax10" comment="traced by ddh" hidden="false" closed="true" simplified="true" border="1 1 0" fill="1 1 0" mode="11"
 points="3.6503 7.03396,
	3.65859 7.00746,
	3.67349 6.98096,
	3.69419 6.95446,
	3.7033 6.94121,
	3.7149 6.92796,
	3.72152 6.92134,
	3.72815 6.91719,
	3.73891 6.90477,
	3.75133 6.89318,
	3.75796 6.88738,
	3.76127 6.88407,
	3.76458 6.87745,
	3.7679 6.8642,
	3.76955 6.85757,
	3.77369 6.85095,
	3.78694 6.84018,
	3.80019 6.8319,
	3.80682 6.82693,
	3.81841 6.81368,
	3.8358 6.78718,
	3.84243 6.77393,
	3.84574 6.76731,
	3.85733 6.75406,
	3.87058 6.74081,
	3.87721 6.73418,
	3.89294 6.70768,
	3.89874 6.69443,
	3.90205 6.68781,
	3.92358 6.66131,
	3.92772 6.65468,
	3.93352 6.64806,
	3.936 6.64475,
	3.94014 6.6315,
	3.9418 6.62487,
	3.94263 6.62156,
	3.94428 6.6199,
	3.94428 6.61825,
	3.94594 6.61659,
	3.94594 6.61493,
	3.95091 6.60831,
	3.96416 6.59672,
	3.97741 6.58926,
	3.99066 6.58595,
	4.00391 6.58429,
	4.01716 6.58429,
	4.03041 6.58015,
	4.03703 6.57767,
	4.06353 6.57353,
	4.09003 6.57353,
	4.10328 6.57519,
	4.1099 6.57684,
	4.12315 6.58347,
	4.12978 6.58678,
	4.14303 6.59589,
	4.15628 6.60748,
	4.16539 6.62073,
	4.18029 6.64723,
	4.18443 6.65386,
	4.18609 6.65717,
	4.21259 6.67456,
	4.21922 6.6787,
	4.2217 6.68201,
	4.23495 6.68781,
	4.24157 6.69112,
	4.25317 6.70437,
	4.25979 6.70768,
	4.26642 6.70934,
	4.27304 6.71348,
	4.28546 6.72673,
	4.29126 6.73998,
	4.29375 6.75323,
	4.30617 6.77973,
	4.31362 6.79298,
	4.31693 6.7996,
	4.32024 6.81285,
	4.32107 6.8261,
	4.31776 6.83273,
	4.31196 6.83935,
	4.30534 6.84432,
	4.3012 6.85095,
	4.30037 6.85757,
	4.29954 6.86088,
	4.30451 6.87413,
	4.30782 6.88738,
	4.31693 6.90063,
	4.34178 6.92713,
	4.3542 6.94038,
	4.35999 6.94701,
	4.36827 6.96026,
	4.3807 6.98676,
	4.38318 7.00001,
	4.3807 7.0265,
	4.37987 7.053,
	4.38235 7.0795,
	4.38318 7.09275,
	4.38235 7.106,
	4.3749 7.1325,
	4.37324 7.13582,
	4.35999 7.14741,
	4.33349 7.16066,
	4.32687 7.16397,
	4.3219 7.1706,
	4.3161 7.18385,
	4.31196 7.1971,
	4.31031 7.21035,
	4.31114 7.22359,
	4.31114 7.23022,
	4.32107 7.25672,
	4.32439 7.26334,
	4.32604 7.26666,
	4.33929 7.27659,
	4.35254 7.28819,
	4.35917 7.29481,
	4.36496 7.30806,
	4.36827 7.32131,
	4.36413 7.34781,
	4.33515 7.40081,
	4.32024 7.42731,
	4.30948 7.44056,
	4.30285 7.44636,
	4.2896 7.45381,
	4.27635 7.45795,
	4.24986 7.46954,
	4.23661 7.47617,
	4.22998 7.48031,
	4.21673 7.4919,
	4.19189 7.5184,
	4.18526 7.5242,
	4.15876 7.53828,
	4.14551 7.5449,
	4.1422 7.54656,
	4.13061 7.55981,
	4.11736 7.56726,
	4.09086 7.5772,
	4.07761 7.58134,
	4.05111 7.59376,
	4.03786 7.60121,
	4.02461 7.60701,
	3.99811 7.61446,
	3.97161 7.62026,
	3.96499 7.62192,
	3.93849 7.62192,
	3.88549 7.61777,
	3.87224 7.61446,
	3.86561 7.61281,
	3.85236 7.60535,
	3.84574 7.60121,
	3.83166 7.57471,
	3.82669 7.56146,
	3.82504 7.53496,
	3.82421 7.52171,
	3.82255 7.51509,
	3.8151 7.50184,
	3.81096 7.49521,
	3.80516 7.48859,
	3.77866 7.47451,
	3.75216 7.46457,
	3.73891 7.45712,
	3.7356 7.45464,
	3.72732 7.44139,
	3.71407 7.41489,
	3.70993 7.40164,
	3.70744 7.37514,
	3.70993 7.34864,
	3.71076 7.33539,
	3.7091 7.32214,
	3.69585 7.29564,
	3.68509 7.28239,
	3.67929 7.27577,
	3.66521 7.24927,
	3.65859 7.23602,
	3.6561 7.20952,
	3.6561 7.19627,
	3.6561 7.18964,
	3.6561 7.18633,
	3.66438 7.15983,
	3.67018 7.13333,
	3.67266 7.12008,
	3.67349 7.11346,
	3.67018 7.10021,
	3.65693 7.07371,
	3.65196 7.06046,
	3.6503 7.04721,
	3.6503 7.03479,
	"/>
</Transform>

<Transform dim="0"
 xcoef=" 0 1 0 0 0 0"
 ycoef=" 0 0 1 0 0 0">
<Contour name="ddh_d06ax11" comment="traced by ddh" hidden="false" closed="true" simplified="true" border="0 0 1" fill="0 0 1" mode="11"
 points="0.462247 6.68087,
	0.46436 6.6778,
	0.468395 6.6655,
	0.471277 6.65935,
	0.472621 6.65628,
	0.474351 6.65013,
	0.480691 6.63783,
	0.48242 6.63476,
	0.482996 6.63322,
	0.483188 6.63245,
	0.489144 6.62708,
	0.492218 6.62439,
	0.493755 6.62304,
	0.499903 6.61939,
	0.502977 6.61766,
	0.504514 6.61689,
	0.51047 6.61074,
	0.513928 6.6046,
	0.515657 6.60152,
	0.516425 6.59999,
	0.518347 6.59384,
	0.519115 6.59076,
	0.525455 6.57847,
	0.528145 6.57539,
	0.52949 6.57386,
	0.532564 6.57174,
	0.535638 6.57001,
	0.538712 6.56925,
	0.540249 6.56886,
	0.543323 6.56886,
	0.555618 6.56367,
	0.567914 6.55983,
	0.574062 6.55791,
	0.575599 6.55733,
	0.581747 6.55618,
	0.584821 6.55561,
	0.587895 6.55541,
	0.594043 6.5558,
	0.597117 6.55599,
	0.609413 6.56156,
	0.615561 6.56502,
	0.618635 6.56675,
	0.624783 6.57251,
	0.627856 6.57539,
	0.629393 6.57674,
	0.632852 6.58289,
	0.634581 6.58596,
	0.635349 6.5875,
	0.635734 6.58827,
	0.638039 6.60056,
	0.639192 6.60671,
	0.639768 6.60978,
	0.639 6.63438,
	0.639 6.64052,
	0.638423 6.64667,
	0.638423 6.64744,
	0.63362 6.65974,
	0.631123 6.66588,
	0.630162 6.67203,
	0.629778 6.67511,
	0.629586 6.67664,
	0.62997 6.67972,
	0.62997 6.68125,
	0.63093 6.68433,
	0.632275 6.6874,
	0.634197 6.69048,
	0.638615 6.69662,
	0.640537 6.6997,
	0.641305 6.70123,
	0.646877 6.70738,
	0.649758 6.71046,
	0.651103 6.71199,
	0.653985 6.71814,
	0.654754 6.72429,
	0.655138 6.72736,
	0.655138 6.7289,
	0.654946 6.72967,
	0.653409 6.73121,
	0.65264 6.73197,
	0.651103 6.73217,
	0.648029 6.73447,
	0.641881 6.7362,
	0.638807 6.73716,
	0.626512 6.73889,
	0.620364 6.73889,
	0.61729 6.73889,
	0.615753 6.73908,
	0.612679 6.7412,
	0.611142 6.74216,
	0.604994 6.74465,
	0.598846 6.74677,
	0.595772 6.74792,
	0.589624 6.74927,
	0.58655 6.74965,
	0.585782 6.75003,
	0.579634 6.75061,
	0.573486 6.75042,
	0.571949 6.75042,
	0.568875 6.74965,
	0.567338 6.74965,
	0.555042 6.74696,
	0.548894 6.74561,
	0.54582 6.74504,
	0.533524 6.74465,
	0.527376 6.74446,
	0.524302 6.74427,
	0.518155 6.74273,
	0.515081 6.74196,
	0.513544 6.74158,
	0.501248 6.74081,
	0.498174 6.74043,
	0.497405 6.74024,
	0.495868 6.73889,
	0.494331 6.7387,
	0.488183 6.7337,
	0.485109 6.7314,
	0.482228 6.72852,
	0.47704 6.72237,
	0.474351 6.71929,
	0.470892 6.71315,
	0.469163 6.71007,
	0.468203 6.70854,
	0.465513 6.70239,
	0.464168 6.69931,
	0.462439 6.69317,
	0.462247 6.68106,
	"/>
</Transform>

<Transform dim="0"
 xcoef=" 0 1 0 0 0 0"
 ycoef=" 0 0 1 0 0 0">
<Contour name="ddh_d07ax14a" comment="traced by ddh" hidden="false" closed="true" simplified="true" border="1 0 1" fill="1 0 1" mode="11"
 points="1.29768 7.86213,
	1.30222 7.85305,
	1.30335 7.85078,
	1.3113 7.8417,
	1.32038 7.83261,
	1.32493 7.82807,
	1.33117 7.81899,
	1.33117 7.81786,
	1.33912 7.80877,
	1.34309 7.80423,
	1.34763 7.80083,
	1.3658 7.79117,
	1.37488 7.78834,
	1.38396 7.78266,
	1.39248 7.77415,
	1.39588 7.7696,
	1.39702 7.76052,
	1.39532 7.75144,
	1.38567 7.73327,
	1.38339 7.72873,
	1.38169 7.71965,
	1.38112 7.71511,
	1.38283 7.69694,
	1.38453 7.6924,
	1.3851 7.68786,
	1.3885 7.67878,
	1.39248 7.66061,
	1.39986 7.64245,
	1.4027 7.63791,
	1.40383 7.63564,
	1.41235 7.62655,
	1.41462 7.62428,
	1.45095 7.60498,
	1.46003 7.60044,
	1.46911 7.5942,
	1.47819 7.59249,
	1.48274 7.59193,
	1.49182 7.59306,
	1.50998 7.59817,
	1.51907 7.60101,
	1.52361 7.60271,
	1.52815 7.60555,
	1.53723 7.60896,
	1.5554 7.61917,
	1.55994 7.62144,
	1.56902 7.62031,
	1.5781 7.62088,
	1.61443 7.62882,
	1.62352 7.62939,
	1.65985 7.62769,
	1.66893 7.62826,
	1.67347 7.62882,
	1.68255 7.63223,
	1.69164 7.63734,
	1.7098 7.64983,
	1.71888 7.65607,
	1.73705 7.66572,
	1.74613 7.6697,
	1.7643 7.6731,
	1.76884 7.67367,
	1.77792 7.67651,
	1.77962 7.67707,
	1.81595 7.67367,
	1.83412 7.6731,
	1.8432 7.67367,
	1.86137 7.67878,
	1.86591 7.68105,
	1.86704 7.68105,
	1.86931 7.68275,
	1.87158 7.68332,
	1.88067 7.689,
	1.88521 7.69354,
	1.88861 7.69808,
	1.89089 7.70262,
	1.8994 7.71,
	1.90848 7.71511,
	1.91075 7.71624,
	1.91302 7.71624,
	1.91757 7.71908,
	1.92211 7.72078,
	1.93119 7.72646,
	1.93573 7.72987,
	1.9397 7.73441,
	1.94141 7.74349,
	1.94084 7.74576,
	1.94084 7.7469,
	1.93232 7.75598,
	1.93062 7.75825,
	1.92892 7.76733,
	1.93062 7.77642,
	1.93346 7.7855,
	1.9397 7.79458,
	1.94141 7.79912,
	1.94198 7.81729,
	1.94084 7.82637,
	1.94084 7.8627,
	1.94084 7.88087,
	1.94368 7.9172,
	1.94425 7.92628,
	1.94595 7.93536,
	1.94652 7.94444,
	1.94652 7.94899,
	1.94935 7.96715,
	1.95901 8.00348,
	1.96411 8.02165,
	1.96809 8.03981,
	1.96752 8.05798,
	1.96468 8.06706,
	1.96014 8.07614,
	1.95844 8.08068,
	1.95163 8.08977,
	1.94311 8.09828,
	1.93857 8.10282,
	1.93403 8.10623,
	1.92495 8.11134,
	1.91586 8.11758,
	1.91132 8.12042,
	1.90678 8.12212,
	1.8977 8.1278,
	1.89316 8.1295,
	1.89089 8.13064,
	1.87272 8.13121,
	1.86364 8.13121,
	1.8591 8.13234,
	1.85683 8.13348,
	1.85228 8.13404,
	1.8432 8.13745,
	1.82504 8.14937,
	1.81652 8.15845,
	1.81255 8.16243,
	1.80347 8.1681,
	1.79438 8.17094,
	1.77622 8.17435,
	1.73989 8.17151,
	1.70356 8.17037,
	1.68539 8.17037,
	1.66723 8.17151,
	1.66268 8.17208,
	1.6536 8.17094,
	1.64906 8.17094,
	1.63998 8.16924,
	1.63544 8.16754,
	1.63317 8.16583,
	1.615 8.15959,
	1.61046 8.15789,
	1.60592 8.15732,
	1.59684 8.15334,
	1.59229 8.15051,
	1.59002 8.1488,
	1.58548 8.1471,
	1.58094 8.14369,
	1.57697 8.13915,
	1.57413 8.13461,
	1.57129 8.12553,
	1.57072 8.10736,
	1.57072 8.10282,
	1.56845 8.09374,
	1.56845 8.0926,
	1.56675 8.09033,
	1.56505 8.08579,
	1.54972 8.06763,
	1.54575 8.06309,
	1.52758 8.0523,
	1.5185 8.04776,
	1.50033 8.03527,
	1.49125 8.02789,
	1.48274 8.01881,
	1.47876 8.01427,
	1.47649 8.012,
	1.47081 8.00291,
	1.464 7.98475,
	1.46003 7.97567,
	1.45833 7.97112,
	1.45549 7.96658,
	1.44754 7.9575,
	1.44357 7.95353,
	1.4254 7.94274,
	1.41632 7.93763,
	1.39815 7.92231,
	1.38907 7.91493,
	1.38794 7.91379,
	1.37885 7.91152,
	1.36977 7.91095,
	1.35161 7.91152,
	1.33344 7.91095,
	1.3289 7.91038,
	1.32436 7.90811,
	1.31528 7.90073,
	1.30676 7.89222,
	1.30335 7.88768,
	1.30108 7.88541,
	1.29881 7.88087,
	1.29768 7.87632,
	1.29768 7.86724,
	1.29768 7.8627,
	"/>
</Transform>

<Transform dim="0"
 xcoef=" 0 1 0 0 0 0"
 ycoef=" 0 0 1 0 0 0">
<Contour name="ddh_d07ax12" comment="traced by ddh" hidden="false" closed="true" simplified="true" border="1 0 0" fill="1 0 0" mode="11"
 points="4.41889 7.77294,
	4.42506 7.75884,
	4.42947 7.75179,
	4.43299 7.74826,
	4.4471 7.74121,
	4.4612 7.7368,
	4.46825 7.73416,
	4.48236 7.73504,
	4.49646 7.74033,
	4.52467 7.74473,
	4.53172 7.74562,
	4.53877 7.74473,
	4.5423 7.74473,
	4.59871 7.7227,
	4.61282 7.71565,
	4.64102 7.71124,
	4.66923 7.713,
	4.68333 7.71476,
	4.69744 7.71476,
	4.71154 7.713,
	4.73975 7.70331,
	4.75385 7.69802,
	4.76091 7.69537,
	4.78911 7.69361,
	4.80322 7.69361,
	4.81732 7.69625,
	4.87374 7.69185,
	4.88079 7.69449,
	4.88431 7.69625,
	4.88608 7.69802,
	4.88784 7.69802,
	4.89313 7.70507,
	4.89577 7.71212,
	4.89665 7.71388,
	4.88784 7.72799,
	4.87374 7.74209,
	4.84553 7.76236,
	4.84376 7.76236,
	4.83671 7.76677,
	4.82966 7.76942,
	4.81556 7.77911,
	4.78735 7.79145,
	4.77325 7.79939,
	4.74504 7.81878,
	4.73093 7.82671,
	4.71683 7.83288,
	4.70273 7.83641,
	4.6992 7.83641,
	4.6851 7.84346,
	4.67805 7.84787,
	4.67452 7.84963,
	4.66747 7.8558,
	4.66394 7.85757,
	4.65689 7.86374,
	4.64279 7.87255,
	4.61458 7.88401,
	4.60047 7.88489,
	4.57227 7.8796,
	4.56522 7.87784,
	4.55111 7.86991,
	4.54759 7.86814,
	4.54053 7.86726,
	4.52643 7.86197,
	4.5229 7.86197,
	4.5088 7.85492,
	4.48059 7.83641,
	4.45239 7.82054,
	4.43828 7.81173,
	4.43211 7.80468,
	4.42241 7.79057,
	4.41977 7.78352,
	4.41889 7.77647,
	4.41889 7.77382,
	"/>
</Transform>

<Transform dim="0"
 xcoef=" 0 1 0 0 0 0"
 ycoef=" 0 0 1 0 0 0">
<Contour name="ddh_d08ax12" comment="traced by ddh" hidden="false" closed="true" simplified="true" border="0 1 1" fill="0 1 1" mode="11"
 points="4.36696 2.99223,
	4.37076 2.98548,
	4.37329 2.98253,
	4.37666 2.98043,
	4.3834 2.97832,
	4.39014 2.97537,
	4.39689 2.96989,
	4.40236 2.96315,
	4.40363 2.96146,
	4.40489 2.95809,
	4.40531 2.9564,
	4.40658 2.95472,
	4.40869 2.94797,
	4.40911 2.94629,
	4.41121 2.94292,
	4.41332 2.93617,
	4.41332 2.93533,
	4.41459 2.93365,
	4.41754 2.9269,
	4.42133 2.92016,
	4.42765 2.91342,
	4.43102 2.91004,
	4.43397 2.90752,
	4.44198 2.89529,
	4.44872 2.88223,
	4.45209 2.87549,
	4.45631 2.86874,
	4.45842 2.86537,
	4.46516 2.85863,
	4.46853 2.85568,
	4.47527 2.85146,
	4.47865 2.84978,
	4.48539 2.84472,
	4.49213 2.84135,
	4.4955 2.84009,
	4.49635 2.84009,
	4.49719 2.83924,
	4.49887 2.83924,
	4.50056 2.83798,
	4.50393 2.83714,
	4.50477 2.83714,
	4.50562 2.83629,
	4.5073 2.83629,
	4.50815 2.83545,
	4.51152 2.83461,
	4.51826 2.83419,
	4.52163 2.83376,
	4.53512 2.8266,
	4.54144 2.82323,
	4.54313 2.82196,
	4.5465 2.8207,
	4.55324 2.81691,
	4.55493 2.81691,
	4.55661 2.81606,
	4.55998 2.81564,
	4.56335 2.81438,
	4.56504 2.81353,
	4.56841 2.81311,
	4.57516 2.81438,
	4.57684 2.8148,
	4.57768 2.8148,
	4.57937 2.81606,
	4.58106 2.81649,
	4.58274 2.81775,
	4.58443 2.81817,
	4.59117 2.82196,
	4.59454 2.82365,
	4.59791 2.82618,
	4.5996 2.82744,
	4.60634 2.82871,
	4.60971 2.82955,
	4.6232 2.82997,
	4.62657 2.82997,
	4.63331 2.82871,
	4.64006 2.82913,
	4.64343 2.82997,
	4.64511 2.83039,
	4.64849 2.83292,
	4.65017 2.83419,
	4.65101 2.83419,
	4.6645 2.84556,
	4.67124 2.85146,
	4.67419 2.85441,
	4.67588 2.85526,
	4.68262 2.86158,
	4.68937 2.86579,
	4.69021 2.86664,
	4.69105 2.86664,
	4.69737 2.87338,
	4.6999 2.87675,
	4.70327 2.88349,
	4.70833 2.89698,
	4.71423 2.91047,
	4.71676 2.91721,
	4.72308 2.9307,
	4.72687 2.93744,
	4.72687 2.93828,
	4.72772 2.93912,
	4.72814 2.94081,
	4.73657 2.9543,
	4.73741 2.95598,
	4.74078 2.95893,
	4.74247 2.95977,
	4.74921 2.96525,
	4.75595 2.96989,
	4.76227 2.97663,
	4.76312 2.97748,
	4.76312 2.97832,
	4.76438 2.97958,
	4.76438 2.98043,
	4.76649 2.9838,
	4.76775 2.99054,
	4.76775 2.99728,
	4.7686 3.00403,
	4.76944 3.0074,
	4.7745 3.01414,
	4.7804 3.02088,
	4.78461 3.02763,
	4.78503 3.02931,
	4.7863 3.031,
	4.78672 3.03268,
	4.78798 3.03437,
	4.79135 3.04786,
	4.79262 3.0546,
	4.79304 3.06134,
	4.79599 3.07483,
	4.79557 3.1018,
	4.79599 3.11529,
	4.79894 3.12877,
	4.80063 3.14226,
	4.80105 3.149,
	4.79894 3.16249,
	4.79852 3.16586,
	4.79346 3.17935,
	4.79178 3.18272,
	4.7863 3.18946,
	4.78293 3.19283,
	4.78124 3.1941,
	4.77955 3.19452,
	4.77281 3.19873,
	4.76607 3.20126,
	4.75932 3.20252,
	4.74584 3.20295,
	4.73235 3.20168,
	4.72561 3.20042,
	4.72224 3.19957,
	4.70875 3.2,
	4.70201 3.20042,
	4.68852 3.20379,
	4.68684 3.20505,
	4.68515 3.20547,
	4.68178 3.208,
	4.68094 3.208,
	4.67419 3.21432,
	4.66745 3.21896,
	4.65396 3.22612,
	4.64722 3.22908,
	4.64638 3.22992,
	4.63964 3.23076,
	4.63795 3.2316,
	4.61098 3.23245,
	4.59749 3.23245,
	4.59075 3.23371,
	4.58738 3.23413,
	4.58063 3.23666,
	4.55366 3.25099,
	4.55029 3.25268,
	4.54355 3.25731,
	4.54186 3.259,
	4.53512 3.26279,
	4.53343 3.26363,
	4.51995 3.26532,
	4.5132 3.2649,
	4.50646 3.26195,
	4.49972 3.25815,
	4.49635 3.25605,
	4.49297 3.2531,
	4.49087 3.24973,
	4.48792 3.24635,
	4.48707 3.24298,
	4.48581 3.2413,
	4.48539 3.23961,
	4.48412 3.23793,
	4.48075 3.22444,
	4.47991 3.22107,
	4.47949 3.21938,
	4.47865 3.21854,
	4.47612 3.20505,
	4.4757 3.20168,
	4.47359 3.19831,
	4.47275 3.19662,
	4.4719 3.19578,
	4.4719 3.19494,
	4.47106 3.1941,
	4.4698 3.19072,
	4.46853 3.18904,
	4.46811 3.18735,
	4.46558 3.18398,
	4.46389 3.18061,
	4.46221 3.17892,
	4.45842 3.17218,
	4.45378 3.16544,
	4.45167 3.16207,
	4.44493 3.15617,
	4.43819 3.15195,
	4.43482 3.14942,
	4.43397 3.14942,
	4.42723 3.14394,
	4.42639 3.14394,
	4.42007 3.1372,
	4.4129 3.12371,
	4.40995 3.11697,
	4.40826 3.1136,
	4.40279 3.10686,
	4.40068 3.10349,
	4.39478 3.09674,
	4.39267 3.09337,
	4.3893 3.09084,
	4.38635 3.0841,
	4.38509 3.07736,
	4.38509 3.07061,
	4.38593 3.06387,
	4.38509 3.06218,
	4.38424 3.05544,
	4.38424 3.05207,
	4.38424 3.05038,
	4.3834 3.0487,
	4.3834 3.04701,
	4.3834 3.04617,
	4.38256 3.04533,
	4.38256 3.04448,
	4.38171 3.04364,
	4.38171 3.0428,
	4.38087 3.04196,
	4.38045 3.04027,
	4.37666 3.03353,
	4.37539 3.03016,
	4.37413 3.01667,
	4.36781 3.00318,
	4.36696 2.99644,
	4.36696 2.99307,
	4.36696 2.99265,
	"/>
</Transform>

<Transform dim="0"
 xcoef=" 0 1 0 0 0 0"
 ycoef=" 0 0 1 0 0 0">
<Contour name="ddh_d08ax10" comment="traced by ddh" hidden="false" closed="true" simplified="true" border="1 0.5 0" fill="1 0.5 0" mode="11"
 points="6.29065 3.12358,
	6.29126 3.11869,
	6.29248 3.11624,
	6.29677 3.11195,
	6.29861 3.11072,
	6.30106 3.10828,
	6.30534 3.10583,
	6.30657 3.1046,
	6.31636 3.10215,
	6.32616 3.10093,
	6.33106 3.10032,
	6.33351 3.09909,
	6.33596 3.09909,
	6.34086 3.09725,
	6.34331 3.09664,
	6.34576 3.0948,
	6.34698 3.09358,
	6.34821 3.09358,
	6.3678 3.07827,
	6.37148 3.0746,
	6.38127 3.0697,
	6.3825 3.06847,
	6.39229 3.06541,
	6.39474 3.06419,
	6.40454 3.06419,
	6.41434 3.06541,
	6.42414 3.06786,
	6.42536 3.06909,
	6.42781 3.0697,
	6.42904 3.07092,
	6.43026 3.07092,
	6.43516 3.0746,
	6.43761 3.07643,
	6.43945 3.08133,
	6.44006 3.09113,
	6.43883 3.09603,
	6.43945 3.10583,
	6.43945 3.11072,
	6.44067 3.11195,
	6.44067 3.1144,
	6.44189 3.11562,
	6.44189 3.11685,
	6.44312 3.11807,
	6.44373 3.12052,
	6.44496 3.12175,
	6.44496 3.12297,
	6.44618 3.1242,
	6.44741 3.1291,
	6.44741 3.13889,
	6.44557 3.14869,
	6.44434 3.15114,
	6.44434 3.15236,
	6.44251 3.15481,
	6.44128 3.15971,
	6.44006 3.16216,
	6.44067 3.18176,
	6.43883 3.19155,
	6.43883 3.19278,
	6.42965 3.20013,
	6.4272 3.20135,
	6.42659 3.20258,
	6.41679 3.20319,
	6.40699 3.20196,
	6.39719 3.1989,
	6.39597 3.19768,
	6.39352 3.19768,
	6.38862 3.19523,
	6.3874 3.19523,
	6.38617 3.194,
	6.38372 3.194,
	6.38127 3.19278,
	6.37882 3.19278,
	6.36903 3.18849,
	6.36413 3.18666,
	6.36168 3.18604,
	6.36045 3.18482,
	6.35923 3.18482,
	6.35433 3.18176,
	6.34698 3.1738,
	6.34331 3.16951,
	6.34086 3.16522,
	6.33718 3.16155,
	6.33412 3.15665,
	6.33106 3.15298,
	6.32616 3.14992,
	6.32371 3.14747,
	6.30412 3.13889,
	6.29432 3.13338,
	6.29065 3.12848,
	6.29065 3.1242,
	"/>
</Transform>

<Transform dim="0"
 xcoef=" 0 1 0 0 0 0"
 ycoef=" 0 0 1 0 0 0">
<Contour name="ddh_d08ax07" comment="traced by ddh" hidden="false" closed="true" simplified="true" border="1 0.5 0" fill="1 0.5 0" mode="11"
 points="5.59456 4.81116,
	5.59787 4.80455,
	5.60282 4.79794,
	5.61605 4.79215,
	5.62266 4.78967,
	5.63588 4.77975,
	5.65158 4.75331,
	5.65654 4.7467,
	5.65902 4.74339,
	5.65984 4.74009,
	5.66398 4.73348,
	5.66563 4.73017,
	5.66563 4.72852,
	5.66728 4.72687,
	5.66728 4.72521,
	5.66893 4.72439,
	5.66893 4.72274,
	5.67141 4.71943,
	5.67224 4.71612,
	5.6772 4.70951,
	5.6805 4.7029,
	5.68298 4.6996,
	5.70034 4.64671,
	5.70282 4.6401,
	5.70447 4.63679,
	5.7053 4.61035,
	5.70612 4.60374,
	5.7086 4.59713,
	5.7086 4.59382,
	5.71108 4.58721,
	5.71356 4.5839,
	5.71356 4.58225,
	5.72017 4.57647,
	5.72348 4.57399,
	5.72678 4.57399,
	5.74 4.56738,
	5.74661 4.56407,
	5.77306 4.55829,
	5.78628 4.55498,
	5.79289 4.5525,
	5.81934 4.55002,
	5.87222 4.55002,
	5.89867 4.54754,
	5.91189 4.54506,
	5.92511 4.54093,
	5.93172 4.54011,
	5.93503 4.53845,
	5.94164 4.53763,
	5.94825 4.53432,
	5.95403 4.52771,
	5.97056 4.50127,
	5.97304 4.49466,
	5.97552 4.49135,
	5.98048 4.46491,
	5.9813 4.45168,
	5.98461 4.43846,
	5.98874 4.43185,
	6.01436 4.40541,
	6.01684 4.3988,
	6.01849 4.38557,
	6.01849 4.37235,
	6.02345 4.35913,
	6.03337 4.34673,
	6.03998 4.34343,
	6.06642 4.3393,
	6.07964 4.33764,
	6.08625 4.33682,
	6.1127 4.32773,
	6.12592 4.32112,
	6.13914 4.31203,
	6.16559 4.2988,
	6.17881 4.29385,
	6.19203 4.29219,
	6.20525 4.29302,
	6.2317 4.29798,
	6.23831 4.29963,
	6.2912 4.2988,
	6.30442 4.29715,
	6.31764 4.29302,
	6.34408 4.28062,
	6.37053 4.27319,
	6.39697 4.26905,
	6.40358 4.26823,
	6.41019 4.26575,
	6.41102 4.26492,
	6.41267 4.26575,
	6.41928 4.26244,
	6.42259 4.26162,
	6.42589 4.25831,
	6.43168 4.24509,
	6.43581 4.23187,
	6.44242 4.21865,
	6.45234 4.20542,
	6.46887 4.17898,
	6.4763 4.16576,
	6.47878 4.15915,
	6.48374 4.15254,
	6.49696 4.14014,
	6.50357 4.13436,
	6.5168 4.12527,
	6.53002 4.1137,
	6.53663 4.10956,
	6.54985 4.10461,
	6.55646 4.10378,
	6.56968 4.09717,
	6.57299 4.09552,
	6.58621 4.09469,
	6.59943 4.09634,
	6.60274 4.09717,
	6.60935 4.10213,
	6.61266 4.10295,
	6.61596 4.10543,
	6.62918 4.10874,
	6.63579 4.11039,
	6.6391 4.11122,
	6.65232 4.10709,
	6.66554 4.09965,
	6.67877 4.09386,
	6.69199 4.0856,
	6.69777 4.07899,
	6.70025 4.07568,
	6.7019 4.07486,
	6.7019 4.0732,
	6.70851 4.06742,
	6.71099 4.06411,
	6.71761 4.05998,
	6.73083 4.05916,
	6.74405 4.05998,
	6.75727 4.06659,
	6.77049 4.07486,
	6.77628 4.08147,
	6.77876 4.08477,
	6.77876 4.08808,
	6.78372 4.09469,
	6.78619 4.10791,
	6.78785 4.11452,
	6.78785 4.12774,
	6.79033 4.14097,
	6.7895 4.19385,
	6.78537 4.2203,
	6.78289 4.22691,
	6.78206 4.23022,
	6.78041 4.23187,
	6.77876 4.23848,
	6.76471 4.26492,
	6.75397 4.27815,
	6.7457 4.29137,
	6.72091 4.31781,
	6.70769 4.33021,
	6.69447 4.34095,
	6.69116 4.3426,
	6.68455 4.34839,
	6.67133 4.35665,
	6.65811 4.36657,
	6.6515 4.37153,
	6.64984 4.37318,
	6.64819 4.37318,
	6.62175 4.39962,
	6.60852 4.40871,
	6.60522 4.41202,
	6.58869 4.43846,
	6.57547 4.46491,
	6.56803 4.47813,
	6.5639 4.48474,
	6.55811 4.49135,
	6.54241 4.51779,
	6.53663 4.53102,
	6.53415 4.54424,
	6.53415 4.55746,
	6.53167 4.56407,
	6.52754 4.57068,
	6.52423 4.5839,
	6.51349 4.61035,
	6.50771 4.62357,
	6.50357 4.65001,
	6.50192 4.7029,
	6.50027 4.70951,
	6.49366 4.72274,
	6.49035 4.72935,
	6.4887 4.73265,
	6.48291 4.73926,
	6.47548 4.75248,
	6.46639 4.76571,
	6.45234 4.79215,
	6.44903 4.79876,
	6.44738 4.80207,
	6.4449 4.81529,
	6.43333 4.84173,
	6.41846 4.86818,
	6.40937 4.8814,
	6.40441 4.88801,
	6.40276 4.89132,
	6.39697 4.89793,
	6.38953 4.91115,
	6.3854 4.91776,
	6.38375 4.92107,
	6.33582 4.97395,
	6.3226 4.98718,
	6.31103 5.0004,
	6.30194 5.01362,
	6.2912 5.02684,
	6.28706 5.03345,
	6.28045 5.04006,
	6.27715 5.04337,
	6.17137 5.09626,
	6.14493 5.11196,
	6.11848 5.12931,
	6.11187 5.13344,
	6.08543 5.13592,
	6.05898 5.13179,
	6.05237 5.13096,
	5.99948 5.10535,
	5.98626 5.09874,
	5.95982 5.0946,
	5.9466 5.09543,
	5.93337 5.10039,
	5.90693 5.11444,
	5.90032 5.11774,
	5.8871 5.11857,
	5.86065 5.11278,
	5.83421 5.10535,
	5.80777 5.0946,
	5.79454 5.09047,
	5.7681 5.0789,
	5.74166 5.06238,
	5.71521 5.03593,
	5.66232 4.99131,
	5.6491 4.97809,
	5.6334 4.95164,
	5.62018 4.9252,
	5.61357 4.91198,
	5.61109 4.89875,
	5.61191 4.88553,
	5.61109 4.87231,
	5.60696 4.85909,
	5.60035 4.84586,
	5.59704 4.83925,
	5.59456 4.81281,
	5.59456 4.81198,
	"/>
</Transform>

<Transform dim="0"
 xcoef=" 0 1 0 0 0 0"
 ycoef=" 0 0 1 0 0 0">
<Contour name="ddh_d07ax11" comment="traced by ddh" hidden="false" closed="true" simplified="true" border="1 0.5 0" fill="1 0.5 0" mode="11"
 points="2.68605 8.38522,
	2.68668 8.38017,
	2.68858 8.37512,
	2.68984 8.37259,
	2.69426 8.36754,
	2.69615 8.36502,
	2.7012 8.36312,
	2.72141 8.36312,
	2.73151 8.36375,
	2.73656 8.36375,
	2.74161 8.36565,
	2.74414 8.36628,
	2.7454 8.36565,
	2.74667 8.36691,
	2.75677 8.36881,
	2.77697 8.37007,
	2.78708 8.37133,
	2.7896 8.37133,
	2.80981 8.38017,
	2.81486 8.3827,
	2.8237 8.39091,
	2.82812 8.39596,
	2.83001 8.39848,
	2.83317 8.40859,
	2.8338 8.41869,
	2.83254 8.42121,
	2.83254 8.42248,
	2.83128 8.42374,
	2.83128 8.425,
	2.83001 8.42627,
	2.82938 8.42879,
	2.82117 8.43826,
	2.81865 8.44016,
	2.81738 8.44142,
	2.81612 8.44142,
	2.80918 8.45089,
	2.80476 8.46099,
	2.80286 8.4812,
	2.80223 8.4913,
	2.80476 8.51151,
	2.80539 8.53171,
	2.80476 8.53676,
	2.8016 8.54687,
	2.79339 8.55697,
	2.78834 8.56013,
	2.77824 8.56202,
	2.76813 8.56013,
	2.75803 8.55381,
	2.72457 8.5134,
	2.72141 8.50835,
	2.71699 8.5033,
	2.71446 8.50077,
	2.70752 8.49067,
	2.69678 8.47046,
	2.68984 8.45026,
	2.68731 8.44016,
	2.68605 8.41995,
	2.68605 8.39975,
	2.68605 8.38964,
	2.68605 8.38712,
	2.68605 8.38585,
	"/>
<Contour name="ddh_d07ax11" comment="traced by ddh" hidden="false" closed="true" simplified="true" border="1 0.5 0" fill="1 0.5 0" mode="11"
 points="2.76167 8.65456,
	2.76685 8.64628,
	2.77099 8.64214,
	2.77927 8.63903,
	2.78755 8.63903,
	2.79169 8.6411,
	2.79997 8.64214,
	2.81654 8.64835,
	2.82068 8.65145,
	2.82482 8.65249,
	2.82585 8.65456,
	2.8331 8.65663,
	2.83517 8.6587,
	2.85173 8.66284,
	2.86001 8.66491,
	2.86415 8.66698,
	2.89727 8.67009,
	2.9304 8.66905,
	2.94696 8.66698,
	2.96352 8.66698,
	2.99664 8.66284,
	3.00493 8.6618,
	3.02149 8.65663,
	3.02563 8.65559,
	3.02666 8.65352,
	3.02873 8.65352,
	3.0308 8.65145,
	3.03908 8.64938,
	3.04115 8.64731,
	3.05668 8.64007,
	3.07324 8.63903,
	3.0898 8.64007,
	3.09809 8.64214,
	3.10223 8.64317,
	3.10637 8.64628,
	3.10844 8.64628,
	3.11051 8.64835,
	3.11258 8.64835,
	3.11982 8.65456,
	3.12189 8.65456,
	3.13017 8.65973,
	3.13328 8.66387,
	3.14156 8.66905,
	3.15812 8.6763,
	3.17468 8.6794,
	3.18296 8.68147,
	3.19125 8.68147,
	3.20781 8.68561,
	3.20988 8.68561,
	3.21195 8.68768,
	3.21609 8.68768,
	3.22333 8.69286,
	3.22851 8.7001,
	3.23058 8.70217,
	3.23058 8.70424,
	3.23265 8.70631,
	3.23576 8.7146,
	3.23679 8.72288,
	3.23472 8.73944,
	3.23472 8.74358,
	3.23161 8.74772,
	3.22644 8.76428,
	3.22644 8.78084,
	3.22851 8.78912,
	3.22851 8.79119,
	3.23058 8.79326,
	3.23369 8.80983,
	3.23576 8.8119,
	3.23886 8.82846,
	3.23679 8.84502,
	3.23161 8.85226,
	3.22437 8.85951,
	3.22126 8.86158,
	3.21919 8.86158,
	3.21712 8.86365,
	3.21298 8.86365,
	3.2047 8.86676,
	3.17158 8.86779,
	3.13845 8.86469,
	3.13017 8.86262,
	3.12189 8.86262,
	3.08877 8.85641,
	3.07221 8.84916,
	3.07014 8.84916,
	3.06807 8.84709,
	3.05151 8.84088,
	3.04944 8.83881,
	3.0453 8.83777,
	3.04426 8.8357,
	3.04012 8.83467,
	3.02356 8.82535,
	3.00803 8.81811,
	3.00596 8.81604,
	3.00389 8.81604,
	3.00182 8.81397,
	2.98526 8.80879,
	2.98112 8.80672,
	2.97698 8.80672,
	2.96042 8.80154,
	2.94385 8.79844,
	2.93557 8.79533,
	2.9335 8.79533,
	2.93143 8.79326,
	2.92729 8.79326,
	2.91901 8.79016,
	2.91487 8.78912,
	2.9128 8.78912,
	2.91073 8.78705,
	2.90866 8.78705,
	2.90038 8.78084,
	2.88382 8.7736,
	2.85069 8.75289,
	2.84966 8.75082,
	2.84759 8.75082,
	2.84552 8.74875,
	2.84345 8.74875,
	2.84138 8.74668,
	2.83931 8.74668,
	2.83517 8.74254,
	2.8331 8.74254,
	2.81861 8.73116,
	2.81447 8.72702,
	2.81032 8.72495,
	2.80618 8.71977,
	2.80411 8.71977,
	2.7979 8.71356,
	2.79583 8.71045,
	2.78755 8.70424,
	2.7741 8.68768,
	2.76996 8.68458,
	2.76271 8.66802,
	2.76167 8.65973,
	2.76167 8.65559,
	"/>
</Transform>

<Transform dim="0"
 xcoef=" 0 1 0 0 0 0"
 ycoef=" 0 0 1 0 0 0">
<Contour name="ddh_d07ax10" comment="traced by ddh" hidden="false" closed="true" simplified="true" border="1 0 0.5" fill="1 0 0.5" mode="11"
 points="5.22048 7.0462,
	5.22209 7.03974,
	5.22209 7.03651,
	5.22532 7.03328,
	5.23017 7.02037,
	5.24792 6.99938,
	5.27052 6.98324,
	5.27698 6.9784,
	5.28021 6.9784,
	5.28182 6.97517,
	5.28505 6.97517,
	5.28828 6.97194,
	5.29151 6.97194,
	5.30119 6.96225,
	5.31895 6.93804,
	5.33186 6.92674,
	5.33832 6.92513,
	5.36253 6.90898,
	5.38352 6.88477,
	5.39482 6.8767,
	5.41419 6.85087,
	5.41742 6.84603,
	5.42388 6.8428,
	5.4271 6.83957,
	5.45293 6.82989,
	5.46585 6.82504,
	5.49167 6.8202,
	5.54333 6.82181,
	5.56916 6.82343,
	5.58207 6.82827,
	5.59499 6.83796,
	5.60144 6.8428,
	5.60306 6.85571,
	5.60144 6.86863,
	5.59821 6.87509,
	5.59499 6.87831,
	5.59499 6.88154,
	5.57239 6.90253,
	5.55947 6.9106,
	5.55302 6.91383,
	5.5514 6.91706,
	5.54817 6.91706,
	5.53849 6.92674,
	5.53364 6.93158,
	5.53042 6.93158,
	5.48037 6.96548,
	5.47392 6.97033,
	5.47069 6.97355,
	5.46746 6.97355,
	5.46423 6.97678,
	5.461 6.97678,
	5.45455 6.98163,
	5.44163 6.98647,
	5.4384 6.98647,
	5.43518 6.9897,
	5.43195 6.9897,
	5.41903 6.99777,
	5.3932 7.00907,
	5.38029 7.01391,
	5.36738 7.02198,
	5.36415 7.02521,
	5.35123 7.03005,
	5.32541 7.0462,
	5.31249 7.05265,
	5.28666 7.05911,
	5.28021 7.06072,
	5.27698 7.06395,
	5.25115 7.06557,
	5.23824 7.06557,
	5.22532 7.06234,
	5.22048 7.0575,
	5.22048 7.05104,
	5.22048 7.04781,
	"/>
</Transform>

<Transform dim="0"
 xcoef=" 0 1 0 0 0 0"
 ycoef=" 0 0 1 0 0 0">
<Contour name="ddh_d07ax10" comment="traced by ddh" hidden="false" closed="true" simplified="true" border="1 0 0.5" fill="1 0 0.5" mode="11"
 points="4.57645 8.03057,
	4.58613 7.99183,
	4.59461 7.97246,
	4.59582 7.96277,
	4.5934 7.95309,
	4.58492 7.93372,
	4.58129 7.92403,
	4.58129 7.91435,
	4.58976 7.89498,
	4.59703 7.88529,
	4.6164 7.87924,
	4.63577 7.8756,
	4.64546 7.87681,
	4.6503 7.87803,
	4.65877 7.8974,
	4.65756 7.91677,
	4.64788 7.93614,
	4.63577 7.97488,
	4.63335 7.99425,
	4.63335 7.9991,
	4.63093 8.00394,
	4.63093 8.00878,
	4.62245 8.02815,
	4.61761 8.03784,
	4.60914 8.04752,
	4.6055 8.05237,
	4.60308 8.05479,
	4.5934 8.056,
	4.58855 8.056,
	4.57887 8.04994,
	4.57645 8.0451,
	4.57645 8.03542,
	4.57645 8.03178,
	"/>
<Contour name="ddh_d07ax10" comment="traced by ddh" hidden="false" closed="true" simplified="true" border="1 0 0.5" fill="1 0 0.5" mode="11"
 points="4.37547 7.47244,
	4.38273 7.45307,
	4.39 7.41433,
	4.39363 7.39496,
	4.39363 7.35621,
	4.39968 7.33684,
	4.41906 7.2981,
	4.42995 7.27873,
	4.44327 7.25936,
	4.45901 7.23999,
	4.46627 7.2303,
	4.48564 7.21819,
	4.49049 7.21456,
	4.5038 7.19519,
	4.54255 7.15766,
	4.56071 7.1395,
	4.58855 7.10076,
	4.59219 7.09591,
	4.63093 7.07654,
	4.66967 7.06686,
	4.68904 7.05959,
	4.70841 7.04991,
	4.72778 7.04385,
	4.74716 7.04022,
	4.76653 7.03296,
	4.7859 7.03175,
	4.80527 7.02811,
	4.82464 7.0269,
	4.83433 7.03054,
	4.84401 7.03175,
	4.86338 7.03901,
	4.88275 7.0487,
	4.89244 7.05475,
	4.91181 7.0608,
	4.9215 7.06565,
	4.94087 7.08017,
	4.95782 7.09591,
	4.9675 7.10197,
	4.97719 7.11165,
	4.98203 7.1165,
	4.99051 7.13466,
	4.99414 7.15403,
	4.99172 7.1734,
	4.98203 7.21214,
	4.97477 7.23151,
	4.97113 7.2412,
	4.9675 7.26057,
	4.96145 7.27994,
	4.95297 7.29931,
	4.94208 7.31868,
	4.93966 7.32837,
	4.92997 7.34774,
	4.91786 7.36711,
	4.88517 7.40585,
	4.85006 7.44459,
	4.83554 7.46397,
	4.82827 7.47365,
	4.82343 7.48334,
	4.79074 7.52208,
	4.78227 7.53177,
	4.77742 7.53661,
	4.77258 7.54629,
	4.77137 7.55598,
	4.76774 7.56566,
	4.76774 7.57535,
	4.77621 7.59472,
	4.78953 7.61409,
	4.79558 7.62378,
	4.80164 7.64315,
	4.79922 7.66252,
	4.79437 7.67221,
	4.775 7.69037,
	4.75563 7.7049,
	4.73626 7.71579,
	4.71689 7.72306,
	4.6394 7.73395,
	4.60066 7.72911,
	4.58129 7.72548,
	4.5716 7.72185,
	4.55223 7.70611,
	4.53891 7.68673,
	4.51954 7.64799,
	4.50744 7.60925,
	4.4699 7.57535,
	4.46022 7.56688,
	4.42148 7.54387,
	4.40211 7.53177,
	4.38395 7.51603,
	4.38031 7.51118,
	4.37668 7.5015,
	4.37547 7.48213,
	4.37547 7.47365,
	"/>
</Transform>

<Transform dim="0"
 xcoef=" 0 1 0 0 0 0"
 ycoef=" 0 0 1 0 0 0">
<Contour name="ddh_d07ax09" comment="traced by ddh" hidden="false" closed="true" simplified="true" border="1 0 0.5" fill="1 0 0.5" mode="11"
 points="2.27397 5.74408,
	2.27791 5.73488,
	2.28054 5.72962,
	2.28054 5.72699,
	2.28974 5.7191,
	2.29632 5.71122,
	2.30683 5.70465,
	2.30946 5.70465,
	2.31078 5.70202,
	2.33181 5.69413,
	2.33444 5.69413,
	2.33706 5.6915,
	2.34627 5.68756,
	2.35547 5.67704,
	2.36072 5.6731,
	2.36335 5.6731,
	2.38044 5.65733,
	2.38833 5.64812,
	2.40542 5.63367,
	2.41593 5.62841,
	2.43565 5.61395,
	2.43828 5.61395,
	2.4409 5.61132,
	2.44353 5.61132,
	2.44616 5.60869,
	2.44879 5.60869,
	2.45931 5.59949,
	2.46456 5.59686,
	2.46982 5.5916,
	2.47639 5.5824,
	2.4856 5.57189,
	2.4948 5.56663,
	2.50005 5.56269,
	2.50268 5.56006,
	2.50531 5.56006,
	2.51583 5.55349,
	2.52109 5.54954,
	2.52371 5.54954,
	2.52503 5.54691,
	2.52766 5.54691,
	2.54869 5.53114,
	2.58155 5.49828,
	2.59995 5.48119,
	2.61441 5.46542,
	2.62493 5.46016,
	2.63018 5.45753,
	2.6407 5.45622,
	2.64596 5.45359,
	2.65121 5.45359,
	2.66173 5.44965,
	2.68276 5.4457,
	2.70379 5.43913,
	2.74585 5.43387,
	2.75637 5.43256,
	2.76163 5.42993,
	2.77214 5.42861,
	2.7774 5.4273,
	2.78003 5.4273,
	2.78266 5.42467,
	2.79317 5.42467,
	2.80369 5.42204,
	2.8142 5.42204,
	2.82472 5.41941,
	2.82998 5.41941,
	2.84049 5.41547,
	2.84312 5.41284,
	2.84575 5.41284,
	2.84707 5.41021,
	2.85232 5.41021,
	2.86284 5.40364,
	2.88255 5.39707,
	2.92462 5.39181,
	2.96668 5.39181,
	2.97194 5.39444,
	3.014 5.40364,
	3.02451 5.40758,
	3.04554 5.42204,
	3.0508 5.42599,
	3.07972 5.46805,
	3.09286 5.48908,
	3.10207 5.49959,
	3.10207 5.50222,
	3.11784 5.52194,
	3.12178 5.5272,
	3.14281 5.53903,
	3.18487 5.54954,
	3.19539 5.55349,
	3.20065 5.5548,
	3.20459 5.55874,
	3.20722 5.55874,
	3.21774 5.56794,
	3.22299 5.57057,
	3.22562 5.5732,
	3.22825 5.5732,
	3.23088 5.57583,
	3.23351 5.57583,
	3.23614 5.57846,
	3.23877 5.57846,
	3.24402 5.5824,
	3.24928 5.5824,
	3.2598 5.58766,
	3.26506 5.5916,
	3.27031 5.59292,
	3.2874 5.61264,
	3.29529 5.62052,
	3.29792 5.62447,
	3.30317 5.62972,
	3.30317 5.63235,
	3.31237 5.64024,
	3.3242 5.65207,
	3.32815 5.65601,
	3.32815 5.65864,
	3.33866 5.66653,
	3.35444 5.68624,
	3.36101 5.69676,
	3.36495 5.70202,
	3.36495 5.70465,
	3.37415 5.71385,
	3.38861 5.73225,
	3.39256 5.73488,
	3.39781 5.74014,
	3.40833 5.74671,
	3.41359 5.74934,
	3.41622 5.75197,
	3.41884 5.75197,
	3.43856 5.76774,
	3.44119 5.77168,
	3.45039 5.78088,
	3.46485 5.8006,
	3.47142 5.81111,
	3.47536 5.81506,
	3.48062 5.81637,
	3.48194 5.819,
	3.50165 5.82294,
	3.51217 5.82557,
	3.55423 5.82557,
	3.56475 5.82557,
	3.58578 5.83083,
	3.59629 5.83477,
	3.60024 5.83872,
	3.60286 5.83872,
	3.60549 5.84135,
	3.60812 5.84135,
	3.61732 5.84923,
	3.62127 5.85449,
	3.61732 5.87552,
	3.61338 5.88604,
	3.59629 5.90707,
	3.58315 5.92678,
	3.57658 5.93599,
	3.56738 5.94519,
	3.5608 5.95439,
	3.54372 5.9741,
	3.524 5.99382,
	3.51348 6.00039,
	3.51085 6.00039,
	3.50823 6.00302,
	3.5056 6.00302,
	3.50428 6.00565,
	3.50165 6.00565,
	3.48062 6.0188,
	3.47142 6.02274,
	3.46879 6.02537,
	3.44776 6.02668,
	3.4057 6.02537,
	3.39518 6.02537,
	3.38467 6.028,
	3.37941 6.028,
	3.37415 6.03063,
	3.33209 6.03983,
	3.29003 6.04114,
	3.24797 6.03851,
	3.20591 6.03851,
	3.19539 6.03588,
	3.19013 6.03588,
	3.1691 6.02931,
	3.16384 6.02668,
	3.15333 6.02668,
	3.14281 6.02405,
	3.13756 6.02405,
	3.1323 6.02142,
	3.09024 6.01748,
	3.07972 6.01617,
	3.07446 6.01617,
	3.05343 6.00959,
	3.04292 6.00697,
	3.03766 6.00697,
	3.0324 6.00434,
	3.01137 6.00171,
	3.00085 5.99908,
	2.9956 5.99908,
	2.99034 5.99645,
	2.98508 5.99645,
	2.97982 5.99382,
	2.8957 5.99251,
	2.87467 5.99514,
	2.79054 5.99251,
	2.74848 5.99382,
	2.70642 5.99776,
	2.69591 5.99776,
	2.67487 6.00302,
	2.65384 6.00302,
	2.63281 5.99776,
	2.61178 5.99514,
	2.60127 5.99119,
	2.59601 5.99119,
	2.55395 5.97673,
	2.54869 5.9741,
	2.54343 5.9741,
	2.50137 5.95702,
	2.48034 5.94782,
	2.45931 5.94124,
	2.41724 5.9189,
	2.40804 5.91364,
	2.39753 5.90575,
	2.38701 5.9005,
	2.36861 5.88604,
	2.34758 5.87158,
	2.33969 5.86106,
	2.32129 5.84398,
	2.31209 5.83346,
	2.30552 5.82294,
	2.30289 5.81769,
	2.29237 5.80849,
	2.28843 5.80323,
	2.28449 5.79271,
	2.28186 5.78745,
	2.27923 5.78483,
	2.27923 5.77957,
	2.27529 5.76905,
	2.27397 5.74802,
	2.27397 5.74539,
	"/>
</Transform>

</Section>