<?xml version="1.0"?>
<!DOCTYPE Section SYSTEM "section.dtd">

<Section index="170" thickness="0.045" alignLocked="true">
<Transform dim="6"
 xcoef=" -0.334723931677419 1.00825716264578 -0.0267809606108929 0 0 0"
 ycoef=" -0.26671420803726 0.0178847787628444 1.01373276289052 0 0 0">
<Contour name="D04" hidden="false" closed="true" simplified="true" border="1 0 0" fill="1 0 0" mode="11"
 points="5.46492 7.28996,
	5.46778 7.25096,
	5.47628 7.21281,
	5.49024 7.17634,
	5.50936 7.14235,
	5.53323 7.11158,
	5.56131 7.0847,
	5.59299 7.0623,
	5.6276 7.04487,
	5.66436 7.03278,
	5.70248 7.0263,
	5.74113 7.02558,
	5.77947 7.03063,
	5.81665 7.04133,
	5.85186 7.05746,
	5.88435 7.07866,
	5.91339 7.10447,
	5.93836 7.13432,
	5.95871 7.16758,
	5.97399 7.2035,
	5.98388 7.24131,
	5.98816 7.28018,
	5.98673 7.31926,
	5.97963 7.35771,
	5.96701 7.39467,
	5.94914 7.42936,
	5.92642 7.461,
	5.89934 7.48891,
	5.86849 7.51248,
	5.83455 7.53119,
	5.79825 7.54464,
	5.76039 7.55254,
	5.72179 7.55471,
	5.6833 7.5511,
	5.64576 7.54179,
	5.60998 7.52699,
	5.57674 7.50702,
	5.54678 7.48231,
	5.52073 7.45341,
	5.49918 7.42094,
	5.48259 7.38562,
	5.47133 7.3482,
	"/>
</Transform>

<Transform dim="6"
 xcoef=" 0.175276068322581 1.00825716264578 -0.0267809606108929 0 0 0"
 ycoef=" 0.24328579196274 0.0178847787628444 1.01373276289052 0 0 0">
<Contour name="D05" hidden="false" closed="true" simplified="true" border="1 1 0" fill="1 1 0" mode="11"
 points="2.69299 3.97404,
	2.70475 3.90163,
	2.73888 3.83632,
	2.79205 3.78448,
	2.85904 3.7512,
	2.93329 3.73974,
	3.00755 3.7512,
	3.07454 3.78448,
	3.12771 3.83632,
	3.16184 3.90163,
	3.1736 3.97404,
	3.16184 4.04644,
	3.12771 4.11175,
	3.07454 4.16359,
	3.00755 4.19687,
	2.93329 4.20833,
	2.85904 4.19687,
	2.79205 4.16359,
	2.73888 4.11175,
	"/>
</Transform>

<Transform dim="6"
 xcoef=" 0.0952760683225813 1.00825716264578 -0.0267809606108929 0 0 0"
 ycoef=" -0.17671420803726 0.0178847787628444 1.01373276289052 0 0 0">
<Contour name="d01" hidden="false" closed="true" simplified="true" border="1 0.5 0" fill="1 0.5 0" mode="9"
 points="5.62053 4.47512,
	5.64184 4.46979,
	5.65783 4.44848,
	5.67914 4.44315,
	5.71643 4.40586,
	5.75905 4.40053,
	5.80167 4.41119,
	5.88691 4.40586,
	5.92953 4.40053,
	5.97215 4.41119,
	6.00412 4.44848,
	6.02543 4.46446,
	6.03608 4.47512,
	6.05739 4.47512,
	6.10001 4.50175,
	6.09468 4.54437,
	6.08403 4.56568,
	6.06272 4.58699,
	6.04674 4.62961,
	6.03075 4.65092,
	6.00944 4.66158,
	5.96682 4.66691,
	5.9242 4.68289,
	5.90289 4.69887,
	5.89224 4.70953,
	5.87093 4.70953,
	5.85494 4.68822,
	5.84962 4.6456,
	5.84962 4.62429,
	5.807 4.61363,
	5.76438 4.61363,
	5.74307 4.62429,
	5.73241 4.63494,
	5.74839 4.64027,
	5.73774 4.65092,
	5.69512 4.6456,
	5.68446 4.64027,
	5.68446 4.59765,
	5.67381 4.55503,
	5.66848 4.53372,
	5.6525 4.51241,
	5.63119 4.50708,
	5.62053 4.49643,
	5.62053 4.48044,
	"/>
</Transform>

<Transform dim="6"
 xcoef=" 0.0952760683225813 1.00825716264578 -0.0267809606108929 0 0 0"
 ycoef=" -0.17671420803726 0.0178847787628444 1.01373276289052 0 0 0">
<Contour name="d01" hidden="false" closed="true" simplified="true" border="1 0.5 0" fill="1 0.5 0" mode="9"
 points="3.75057 3.35634,
	3.77188 3.31372,
	3.80385 3.27642,
	3.8145 3.26577,
	3.89974 3.26044,
	3.98498 3.26577,
	4.00097 3.26044,
	4.05957 3.34036,
	4.08088 3.36167,
	4.10219 3.37232,
	4.11285 3.38298,
	4.1235 3.38298,
	4.16079 3.41494,
	4.17145 3.41494,
	4.25669 3.47354,
	4.278 3.49485,
	4.29398 3.53747,
	4.28865 3.62271,
	4.278 3.64402,
	4.278 3.66533,
	4.278 3.67599,
	4.29931 3.69197,
	4.31529 3.73459,
	4.32595 3.81983,
	4.32595 3.86245,
	4.31529 3.90507,
	4.278 3.99031,
	4.278 4.03293,
	4.28333 4.05424,
	4.28333 4.0649,
	4.32595 4.07023,
	4.34726 4.07555,
	4.38988 4.10752,
	4.40053 4.11285,
	4.44315 4.08621,
	4.48577 4.07023,
	4.50708 4.05957,
	4.52306 4.03826,
	4.56568 4.01695,
	4.6083 4.02228,
	4.62961 4.03293,
	4.67224 4.03293,
	4.75748 4.01162,
	4.8001 4.00097,
	4.88534 4.00097,
	4.97058 3.99031,
	5.0132 3.97966,
	5.05582 3.95302,
	5.07713 3.94236,
	5.08778 3.93171,
	5.09844 3.93171,
	5.11975 3.9104,
	5.1304 3.9104,
	5.18368 3.83049,
	5.21564 3.78787,
	5.25293 3.7559,
	5.29555 3.71328,
	5.32219 3.68132,
	5.32752 3.70263,
	5.36481 3.73992,
	5.37547 3.76123,
	5.35949 3.84647,
	5.36481 3.88909,
	5.39145 3.93171,
	5.41276 3.95302,
	5.41276 3.96367,
	5.47136 4.04892,
	5.47669 4.07023,
	5.52997 4.15547,
	5.57259 4.1821,
	5.58324 4.18743,
	5.58857 4.23005,
	5.58324 4.25136,
	5.58857 4.29398,
	5.60455 4.3366,
	5.60988 4.37922,
	5.58857 4.42184,
	5.55128 4.44848,
	5.498 4.52839,
	5.47136 4.57101,
	5.45538 4.61363,
	5.44473 4.62429,
	5.4394 4.6456,
	5.41809 4.66691,
	5.37547 4.68289,
	5.35416 4.69355,
	5.31686 4.73084,
	5.23162 4.72551,
	5.21031 4.72551,
	5.16769 4.70953,
	4.99721 4.74682,
	4.9759 4.75215,
	4.96525 4.75215,
	4.92263 4.77879,
	4.9173 4.73617,
	4.92796 4.69355,
	4.93328 4.67224,
	4.92263 4.62961,
	4.90132 4.58699,
	4.86403 4.56036,
	4.84272 4.56036,
	4.8001 4.58699,
	4.7628 4.62429,
	4.74149 4.6456,
	4.69887 4.65625,
	4.65625 4.65092,
	4.61363 4.63494,
	4.59232 4.64027,
	4.58167 4.66158,
	4.58167 4.68289,
	4.54437 4.76813,
	4.4911 4.84804,
	4.4911 4.8587,
	4.46979 4.87468,
	4.42717 4.86935,
	4.40586 4.86403,
	4.38988 4.84804,
	4.37922 4.84804,
	4.36324 4.82673,
	4.35791 4.78411,
	4.36324 4.7628,
	4.37389 4.7628,
	4.37922 4.75215,
	4.35258 4.70953,
	4.34726 4.66691,
	4.34726 4.65625,
	4.35791 4.6456,
	4.40053 4.62961,
	4.48044 4.57101,
	4.50175 4.56036,
	4.51241 4.5497,
	4.51241 4.52839,
	4.47512 4.4911,
	4.4325 4.48044,
	4.41119 4.47512,
	4.38988 4.4325,
	4.37922 4.41119,
	4.36857 4.40053,
	4.36857 4.38988,
	4.35258 4.36857,
	4.30996 4.35258,
	4.26734 4.35791,
	4.26202 4.35258,
	4.27267 4.34193,
	4.25136 4.3366,
	4.1821 4.26202,
	4.15014 4.2194,
	4.13948 4.19809,
	4.09686 4.19276,
	4.05424 4.20341,
	4.04359 4.20341,
	4.0063 4.16079,
	3.98498 4.15547,
	3.94769 4.1821,
	3.86245 4.2194,
	3.81983 4.23538,
	3.79852 4.24071,
	3.78254 4.23538,
	3.86778 4.20341,
	3.87311 4.19809,
	3.8518 4.19809,
	3.80918 4.21407,
	3.79852 4.22472,
	3.7559 4.22472,
	3.75057 4.20341,
	3.7559 4.16079,
	3.82516 4.08088,
	3.8518 4.03826,
	3.86778 3.99564,
	3.87843 3.97433,
	3.87311 3.88909,
	3.86778 3.84647,
	3.86245 3.82516,
	3.87311 3.78254,
	3.89442 3.78254,
	3.90507 3.77721,
	3.92105 3.69197,
	3.93704 3.52149,
	3.93704 3.50018,
	3.94769 3.47887,
	3.94769 3.43625,
	3.93171 3.41494,
	3.84647 3.39363,
	3.80385 3.39363,
	3.76123 3.37765,
	3.75057 3.37232,
	3.75057 3.36167,
	"/>
</Transform>

<Transform dim="6"
 xcoef=" 0.0952760683225813 1.00825716264578 -0.0267809606108929 0 0 0"
 ycoef=" -0.17671420803726 0.0178847787628444 1.01373276289052 0 0 0">
<Contour name="d01" hidden="false" closed="true" simplified="true" border="1 0.5 0" fill="1 0.5 0" mode="9"
 points="4.69355 4.99189,
	4.77346 4.91197,
	4.81608 4.89599,
	4.83206 4.86935,
	4.84272 4.86935,
	4.85337 4.88001,
	4.8587 4.92263,
	4.8587 4.93328,
	4.80542 5.01852,
	4.78411 5.03451,
	4.74149 5.05049,
	4.72018 5.06114,
	4.70953 5.06647,
	4.69887 5.06114,
	4.69355 5.01852,
	4.69355 4.99721,
	"/>
</Transform>

<Transform dim="6"
 xcoef=" 0.0952760683225813 1.00825716264578 -0.0267809606108929 0 0 0"
 ycoef=" -0.17671420803726 0.0178847787628444 1.01373276289052 0 0 0">
<Contour name="d01" hidden="false" closed="true" simplified="true" border="1 0.5 0" fill="1 0.5 0" mode="9"
 points="5.57259 4.49643,
	5.58857 4.47512,
	5.59922 4.46446,
	5.64184 4.46446,
	5.66315 4.46446,
	5.69512 4.5497,
	5.69512 4.57101,
	5.70577 4.59232,
	5.70577 4.61363,
	5.70577 4.62429,
	5.68446 4.64027,
	5.59922 4.61363,
	5.58324 4.59765,
	5.58324 4.57634,
	5.57259 4.55503,
	5.57259 4.51241,
	5.57259 4.50175,
	"/>
</Transform>

<Transform dim="6"
 xcoef=" 0.0952760683225813 1.00825716264578 -0.0267809606108929 0 0 0"
 ycoef=" -0.17671420803726 0.0178847787628444 1.01373276289052 0 0 0">
<Contour name="d02" hidden="false" closed="true" simplified="true" border="0.5 0 1" fill="0.5 0 1" mode="9"
 points="1.87116 8.7703,
	1.89489 8.73865,
	1.91071 8.72283,
	1.94236 8.70305,
	1.97401 8.69118,
	1.98192 8.69118,
	2.00961 8.6714,
	2.01752 8.65558,
	2.01752 8.62393,
	2.02148 8.60811,
	2.04126 8.58833,
	2.07291 8.58041,
	2.1362 8.55272,
	2.15203 8.54877,
	2.17181 8.51712,
	2.17576 8.48547,
	2.17181 8.45383,
	2.14411 8.42613,
	2.11247 8.41427,
	2.1006 8.39844,
	2.09664 8.39053,
	2.1006 8.37471,
	2.14016 8.31537,
	2.19554 8.25603,
	2.20345 8.25603,
	2.23115 8.22834,
	2.23115 8.19669,
	2.23115 8.18878,
	2.21532 8.17691,
	2.20345 8.18482,
	2.1995 8.17691,
	2.25884 8.14131,
	2.28257 8.10966,
	2.34587 8.0701,
	2.36169 8.06219,
	2.37356 8.04636,
	2.38543 7.98307,
	2.41312 7.96329,
	2.44477 7.95933,
	2.46059 7.96329,
	2.47641 7.95933,
	2.49224 7.9712,
	2.50015 8.00285,
	2.51202 8.01472,
	2.57531 8.01867,
	2.63861 8.03054,
	2.67025 8.0345,
	2.68608 8.03845,
	2.71772 8.02658,
	2.77706 7.9712,
	2.84036 7.93164,
	2.87201 7.92373,
	2.90365 7.92373,
	2.96695 7.91186,
	2.98277 7.91186,
	2.9986 7.91977,
	3.00255 7.9356,
	3.00255 7.94351,
	2.99068 7.95933,
	2.98277 7.96725,
	2.9709 8.03054,
	2.96299 8.06219,
	2.9709 8.09384,
	2.98277 8.10966,
	2.99068 8.14131,
	2.99068 8.2046,
	2.99068 8.21251,
	2.97486 8.22438,
	2.91157 8.22043,
	2.89574 8.22043,
	2.88783 8.22043,
	2.87992 8.23625,
	2.87992 8.2679,
	2.88783 8.29954,
	2.88783 8.31537,
	2.89574 8.33119,
	2.92739 8.34306,
	2.94321 8.34702,
	2.9709 8.37471,
	2.98277 8.39053,
	2.99068 8.39844,
	2.99068 8.43009,
	2.99068 8.438,
	2.96299 8.46174,
	2.96695 8.49338,
	2.96695 8.50921,
	2.95112 8.52503,
	2.94321 8.54086,
	2.88387 8.58437,
	2.85223 8.60811,
	2.8364 8.62393,
	2.80476 8.63975,
	2.78893 8.64371,
	2.76124 8.6714,
	2.74146 8.70305,
	2.70981 8.72678,
	2.69399 8.73865,
	2.66234 8.74656,
	2.59905 8.74261,
	2.53575 8.73074,
	2.5041 8.72283,
	2.47246 8.74261,
	2.45663 8.75843,
	2.44872 8.76634,
	2.41707 8.77426,
	2.38938 8.79404,
	2.35774 8.80195,
	2.29444 8.79404,
	2.27862 8.77821,
	2.27466 8.77426,
	2.24301 8.79008,
	2.21928 8.81777,
	2.21137 8.83359,
	2.21928 8.89689,
	2.21928 8.91271,
	2.19554 8.9404,
	2.18763 8.94832,
	2.19159 8.97996,
	2.19159 8.99579,
	2.17576 9.02744,
	2.15994 9.04326,
	2.14411 9.05117,
	2.11247 9.04721,
	2.1006 9.03535,
	2.1006 9.0037,
	2.12038 8.9404,
	2.11642 8.87711,
	2.12434 8.86129,
	2.1006 8.83755,
	2.08478 8.82964,
	2.02148 8.83359,
	1.98983 8.84151,
	1.92654 8.82568,
	1.91071 8.82173,
	1.89489 8.8059,
	1.88698 8.8059,
	1.87116 8.79008,
	1.87116 8.77426,
	"/>
</Transform>

<Transform dim="6"
 xcoef=" 0.0952760683225813 1.00825716264578 -0.0267809606108929 0 0 0"
 ycoef=" -0.17671420803726 0.0178847787628444 1.01373276289052 0 0 0">
<Contour name="d02p31" hidden="false" closed="true" simplified="false" border="1 0.5 0" fill="1 0.5 0" mode="9"
 points="2.1449 8.88728,
	2.1449 8.8775,
	2.15468 8.86772,
	2.16446 8.86772,
	2.17424 8.8775,
	2.17424 8.88728,
	2.16446 8.89706,
	2.15468 8.89706,
	"/>
</Transform>

<Transform dim="6"
 xcoef=" 0.0952760683225813 1.00825716264578 -0.0267809606108929 0 0 0"
 ycoef=" -0.17671420803726 0.0178847787628444 1.01373276289052 0 0 0">
<Contour name="d01c25" hidden="false" closed="true" simplified="true" border="0 1 0" fill="0 1 0" mode="9"
 points="3.84551 4.02497,
	3.87115 3.96637,
	3.87847 3.90777,
	3.87481 3.84917,
	3.87481 3.81987,
	3.87847 3.80522,
	3.89312 3.80522,
	3.9151 3.83452,
	3.9151 3.86382,
	3.90411 3.92242,
	3.90777 3.95172,
	3.9151 3.96637,
	3.9151 3.98102,
	3.89678 4.00666,
	3.8858 4.03229,
	3.88213 4.04694,
	3.85284 4.06525,
	3.84551 4.05793,
	3.84551 4.02863,
	"/>
<Contour name="d01c25" hidden="false" closed="true" simplified="true" border="0 1 0" fill="0 1 0" mode="9"
 points="3.84917 3.3694,
	3.8565 3.36208,
	3.8858 3.35841,
	3.9444 3.3694,
	3.99567 3.42434,
	4.01032 3.45364,
	4.01764 3.48293,
	4.01398 3.51223,
	3.97736 3.56717,
	3.94806 3.58182,
	3.94073 3.58548,
	3.94073 3.59281,
	3.92975 3.60746,
	3.92608 3.63675,
	3.94073 3.66605,
	3.9444 3.72465,
	3.94073 3.7393,
	3.94073 3.74663,
	3.93341 3.75395,
	3.92975 3.7686,
	3.91876 3.78325,
	3.88946 3.78691,
	3.8858 3.79058,
	3.88213 3.78325,
	3.90045 3.75395,
	3.90777 3.69535,
	3.91143 3.57816,
	3.91143 3.56351,
	3.93341 3.53421,
	3.94073 3.51956,
	3.93707 3.46096,
	3.92242 3.43166,
	3.91143 3.41701,
	3.91143 3.40969,
	3.89678 3.3987,
	3.86749 3.39137,
	3.85284 3.38039,
	3.84917 3.37306,
	"/>
</Transform>

<Transform dim="6"
 xcoef=" 0.0952760683225813 1.00825716264578 -0.0267809606108929 0 0 0"
 ycoef=" -0.17671420803726 0.0178847787628444 1.01373276289052 0 0 0">
<Contour name="d01cfa25" hidden="false" closed="false" simplified="false" border="0 1 1" fill="0 1 1" mode="9"
 points="3.8883 3.80511,
	3.88464 3.83807,
	3.88464 3.87836,
	3.88464 3.92597,
	3.88097 3.96626,
	3.86632 4.01387,
	3.85167 4.05781,
	"/>
<Contour name="d01cfa25" hidden="false" closed="false" simplified="false" border="0 1 1" fill="0 1 1" mode="9"
 points="3.84435 3.37295,
	3.87365 3.37661,
	3.92492 3.38027,
	3.94323 3.4169,
	3.97253 3.45718,
	3.97253 3.48282,
	3.95056 3.53409,
	3.93591 3.56705,
	3.9176 3.60734,
	3.92126 3.64763,
	3.92126 3.68791,
	3.9176 3.72087,
	3.91393 3.7575,
	3.89196 3.77947,
	"/>
</Transform>

<Transform dim="6"
 xcoef=" 0.0952760683225813 1.00825716264578 -0.0267809606108929 0 0 0"
 ycoef=" -0.17671420803726 0.0178847787628444 1.01373276289052 0 0 0">
<Contour name="d01c28" hidden="false" closed="true" simplified="true" border="0 1 0" fill="0 1 0" mode="9"
 points="4.99945 5.14479,
	5.00527 5.13316,
	5.02852 5.12735,
	5.04015 5.12153,
	5.06631 5.07503,
	5.08956 5.06631,
	5.13607 5.0634,
	5.18257 5.06631,
	5.20583 5.06631,
	5.22908 5.06049,
	5.25233 5.04596,
	5.29884 5.04596,
	5.32209 5.04887,
	5.34535 5.05759,
	5.35697 5.0634,
	5.3686 5.07503,
	5.46161 5.07793,
	5.50812 5.08375,
	5.53137 5.08375,
	5.55463 5.08956,
	5.57788 5.08956,
	5.62439 5.07212,
	5.67089 5.07212,
	5.69415 5.08665,
	5.70577 5.09537,
	5.70577 5.107,
	5.69705 5.11572,
	5.68543 5.11863,
	5.68252 5.12444,
	5.65927 5.13316,
	5.56625 5.14188,
	5.47324 5.13025,
	5.42673 5.10991,
	5.41511 5.10409,
	5.3686 5.107,
	5.35697 5.107,
	5.31047 5.12153,
	5.21745 5.12444,
	5.12444 5.13607,
	5.07793 5.13897,
	5.03143 5.14769,
	5.00817 5.1506,
	4.99945 5.14769,
	"/>
</Transform>

<Transform dim="6"
 xcoef=" 0.0952760683225813 1.00825716264578 -0.0267809606108929 0 0 0"
 ycoef=" -0.17671420803726 0.0178847787628444 1.01373276289052 0 0 0">
<Contour name="d01cfa28" hidden="false" closed="false" simplified="false" border="0 1 1" fill="0 1 1" mode="9"
 points="5.70141 5.09974,
	5.67816 5.10264,
	5.60549 5.10555,
	5.53573 5.10555,
	5.48341 5.09392,
	5.37005 5.08811,
	5.31192 5.07358,
	5.21891 5.07939,
	5.1259 5.09974,
	5.06486 5.11718,
	5.01254 5.14043,
	"/>
</Transform>

<Transform dim="6"
 xcoef=" 0.0952760683225813 1.00825716264578 -0.0267809606108929 0 0 0"
 ycoef=" -0.17671420803726 0.0178847787628444 1.01373276289052 0 0 0">
<Contour name="d03" hidden="false" closed="true" simplified="true" border="0 1 0" fill="0 1 0" mode="9"
 points="3.02004 2.69092,
	3.02462 2.67873,
	3.04138 2.65435,
	3.049 2.64216,
	3.07338 2.62083,
	3.08557 2.61016,
	3.10995 2.59645,
	3.1587 2.57664,
	3.20746 2.55378,
	3.23184 2.54159,
	3.25927 2.49283,
	3.30041 2.39531,
	3.30651 2.38312,
	3.35527 2.36179,
	3.37965 2.35417,
	3.47717 2.34046,
	3.50155 2.33741,
	3.59906 2.31608,
	3.64782 2.30541,
	3.69658 2.29779,
	3.74534 2.29322,
	3.76972 2.2917,
	3.81848 2.27494,
	3.83067 2.27189,
	3.87943 2.26884,
	3.92819 2.2597,
	3.95257 2.24294,
	3.97695 2.23684,
	3.98305 2.23532,
	3.98609 2.2338,
	3.99066 2.23989,
	3.99371 2.24294,
	3.96476 2.34046,
	3.96019 2.35265,
	3.95409 2.40141,
	3.94343 2.45017,
	3.94343 2.47455,
	3.94343 2.48674,
	3.94343 2.49283,
	3.92819 2.51721,
	3.92362 2.52331,
	3.87486 2.54312,
	3.85048 2.55378,
	3.83829 2.55835,
	3.8261 2.56597,
	3.80172 2.5873,
	3.78953 2.59797,
	3.76515 2.61168,
	3.71639 2.63149,
	3.66763 2.64368,
	3.64325 2.6513,
	3.59449 2.67263,
	3.5823 2.67873,
	3.57621 2.68178,
	3.52745 2.68025,
	3.47869 2.68178,
	3.47259 2.68178,
	3.42841 2.63454,
	3.40707 2.61016,
	3.38269 2.59645,
	3.3766 2.5934,
	3.32784 2.60102,
	3.28822 2.64978,
	3.24251 2.69854,
	3.23642 2.70463,
	3.18766 2.71987,
	3.16328 2.72749,
	3.06576 2.73815,
	3.05357 2.73358,
	3.04138 2.72596,
	3.03528 2.72292,
	3.02766 2.71073,
	3.02309 2.69854,
	3.02004 2.69244,
	"/>
</Transform>

<Transform dim="6"
 xcoef=" 0.0952760683225813 1.00825716264578 -0.0267809606108929 0 0 0"
 ycoef=" -0.17671420803726 0.0178847787628444 1.01373276289052 0 0 0">
<Contour name="d03" hidden="false" closed="true" simplified="true" border="0 1 0" fill="0 1 0" mode="9"
 points="3.35897 1.75856,
	3.37163 1.74907,
	3.39693 1.74907,
	3.40958 1.75223,
	3.41591 1.75223,
	3.44121 1.77754,
	3.46651 1.79651,
	3.47916 1.80916,
	3.50447 1.81865,
	3.52977 1.83447,
	3.5361 1.83447,
	3.54875 1.84396,
	3.57405 1.83447,
	3.59935 1.83447,
	3.612 1.83447,
	3.63731 1.84396,
	3.66261 1.86293,
	3.6721 1.87559,
	3.67842 1.87875,
	3.67842 1.90405,
	3.67526 1.9167,
	3.64996 1.93884,
	3.62466 1.94517,
	3.57405 1.94517,
	3.54875 1.94201,
	3.5361 1.93252,
	3.51079 1.92303,
	3.46019 1.88191,
	3.43805 1.85661,
	3.38744 1.82498,
	3.36214 1.806,
	3.35897 1.7807,
	3.35897 1.76805,
	3.35897 1.76172,
	"/>
</Transform>

<Transform dim="6"
 xcoef=" 0.0952760683225813 1.00825716264578 -0.0267809606108929 0 0 0"
 ycoef=" -0.17671420803726 0.0178847787628444 1.01373276289052 0 0 0">
<Contour name="d03c28" hidden="false" closed="true" simplified="true" border="1 0 0" fill="1 0 0" mode="9"
 points="3.40097 1.73559,
	3.40658 1.72435,
	3.45152 1.72155,
	3.45713 1.72716,
	3.4796 1.73559,
	3.52454 1.73559,
	3.547 1.73559,
	3.55824 1.7384,
	3.59755 1.77771,
	3.60598 1.80018,
	3.60598 1.84512,
	3.60317 1.86758,
	3.55824 1.89005,
	3.547 1.89567,
	3.52454 1.89286,
	3.4796 1.8732,
	3.45994 1.85073,
	3.44871 1.84512,
	3.43748 1.83388,
	3.43186 1.82265,
	3.40939 1.80018,
	3.40097 1.78895,
	3.40097 1.74401,
	3.40097 1.7384,
	"/>
</Transform>

<Transform dim="6"
 xcoef=" 0.105276068322581 1.00825716264578 -0.0267809606108929 0 0 0"
 ycoef=" -0.16671420803726 0.0178847787628444 1.01373276289052 0 0 0">
<Contour name="d03cfa28" hidden="false" closed="true" simplified="true" border="1 0 0" fill="1 0 0" mode="9"
 points="3.40097 1.73559,
	3.40658 1.72435,
	3.45152 1.72155,
	3.45713 1.72716,
	3.4796 1.73559,
	3.52454 1.73559,
	3.547 1.73559,
	3.55824 1.7384,
	3.59755 1.77771,
	3.60598 1.80018,
	3.60598 1.84512,
	3.60317 1.86758,
	3.55824 1.89005,
	3.547 1.89567,
	3.52454 1.89286,
	3.4796 1.8732,
	3.45994 1.85073,
	3.44871 1.84512,
	3.43748 1.83388,
	3.43186 1.82265,
	3.40939 1.80018,
	3.40097 1.78895,
	3.40097 1.74401,
	3.40097 1.7384,
	"/>
<Contour name="d03cfa28" hidden="false" closed="false" simplified="false" border="0 1 1" fill="0 1 1" mode="9"
 points="3.42187 1.8133,
	3.45276 1.84981,
	3.49489 1.88913,
	3.55386 1.89755,
	3.5988 1.86947,
	"/>
</Transform>

<Transform dim="6"
 xcoef=" 0.0952760683225813 1.00825716264578 -0.0267809606108929 0 0 0"
 ycoef=" -0.17671420803726 0.0178847787628444 1.01373276289052 0 0 0">
<Contour name="d06" hidden="false" closed="true" simplified="true" border="0 0 1" fill="0 0 1" mode="9"
 points="3.85613 6.23385,
	3.86635 6.22022,
	3.92085 6.19979,
	3.97536 6.18616,
	4.00261 6.18616,
	4.05711 6.16913,
	4.08436 6.15891,
	4.09799 6.1521,
	4.11162 6.13847,
	4.12865 6.11462,
	4.17975 6.07715,
	4.207 6.05671,
	4.23425 6.04309,
	4.25809 6.06353,
	4.28535 6.07034,
	4.33985 6.07034,
	4.3671 6.07034,
	4.38073 6.07034,
	4.39435 6.08056,
	4.39776 6.10781,
	4.39776 6.12144,
	4.37391 6.14528,
	4.3637 6.1555,
	4.36029 6.16913,
	4.33644 6.18957,
	4.28194 6.21682,
	4.25469 6.23726,
	4.20018 6.24066,
	4.17293 6.24066,
	4.14568 6.24748,
	4.13206 6.24748,
	4.1048 6.2611,
	4.08096 6.28154,
	4.05371 6.29517,
	3.9447 6.29857,
	3.8902 6.29517,
	3.87657 6.29176,
	3.85954 6.26792,
	3.85613 6.24066,
	3.85613 6.23726,
	"/>
<Contour name="d06" hidden="false" closed="true" simplified="true" border="0 0 1" fill="0 0 1" mode="9"
 points="2.93979 7.12635,
	2.95001 7.07184,
	2.97045 7.01734,
	2.97726 7.00371,
	2.99089 6.99009,
	2.9977 6.97646,
	3.01132 6.96624,
	3.02495 6.9424,
	3.02836 6.88789,
	3.04539 6.86064,
	3.09989 6.82658,
	3.2089 6.82658,
	3.2634 6.82658,
	3.27703 6.82658,
	3.30428 6.84361,
	3.31791 6.85042,
	3.37241 6.85383,
	3.39966 6.85383,
	3.45417 6.86746,
	3.46779 6.87086,
	3.49504 6.89471,
	3.50867 6.90493,
	3.51548 6.91174,
	3.56999 6.91174,
	3.58361 6.91515,
	3.58021 6.96965,
	3.5768 6.98328,
	3.56658 6.9969,
	3.53933 6.9969,
	3.52911 7.00371,
	3.5257 7.03097,
	3.54273 7.05822,
	3.55295 7.08547,
	3.55295 7.11272,
	3.55295 7.12635,
	3.55295 7.13316,
	3.51548 7.18426,
	3.48823 7.2081,
	3.46779 7.22854,
	3.44735 7.25579,
	3.42691 7.27623,
	3.39966 7.30348,
	3.37241 7.32052,
	3.31791 7.32392,
	3.30428 7.32392,
	3.26 7.37502,
	3.24637 7.38524,
	3.19187 7.38865,
	3.13736 7.38524,
	3.08286 7.35458,
	3.05902 7.32733,
	3.04539 7.30008,
	2.99089 7.26601,
	2.93979 7.21492,
	2.93979 7.16041,
	2.93979 7.13316,
	2.93979 7.12975,
	"/>
</Transform>

<Transform dim="6"
 xcoef=" 0.0952760683225813 1.00825716264578 -0.0267809606108929 0 0 0"
 ycoef=" -0.17671420803726 0.0178847787628444 1.01373276289052 0 0 0">
<Contour name="d06" hidden="false" closed="true" simplified="true" border="0 0 1" fill="0 0 1" mode="9"
 points="4.61237 6.33945,
	4.64303 6.28495,
	4.68731 6.23385,
	4.74181 6.18275,
	4.76907 6.15891,
	4.77588 6.1521,
	4.78269 6.1521,
	4.80994 6.13166,
	4.81676 6.12825,
	4.87126 6.17594,
	4.87807 6.18275,
	4.87807 6.23726,
	4.87807 6.25088,
	4.86785 6.27813,
	4.85082 6.30539,
	4.8372 6.31901,
	4.82357 6.32583,
	4.79632 6.34967,
	4.74181 6.3667,
	4.71456 6.37692,
	4.66347 6.41439,
	4.63621 6.4178,
	4.6294 6.4178,
	4.61577 6.40417,
	4.61237 6.34967,
	4.61237 6.34286,
	"/>
</Transform>

<Transform dim="6"
 xcoef=" 0.0952760683225813 1.00825716264578 -0.0267809606108929 0 0 0"
 ycoef=" -0.17671420803726 0.0178847787628444 1.01373276289052 0 0 0">
<Contour name="d06c20" hidden="false" closed="true" simplified="true" border="0 1 0" fill="0 1 0" mode="9"
 points="3.91936 6.21855,
	3.92796 6.20136,
	3.99672 6.15408,
	4.06548 6.1283,
	4.09986 6.10681,
	4.10845 6.10681,
	4.11705 6.09821,
	4.12564 6.09821,
	4.16002 6.07243,
	4.16862 6.06383,
	4.18581 6.06383,
	4.19011 6.1326,
	4.13853 6.19706,
	4.07837 6.24433,
	4.04399 6.26152,
	3.97523 6.26152,
	3.94085 6.25722,
	3.93225 6.25722,
	3.91936 6.24003,
	3.91936 6.22284,
	"/>
<Contour name="d06cfa20" hidden="false" closed="false" simplified="false" border="0 1 1" fill="0 1 1" mode="9"
 points="4.18829 6.07525,
	4.14532 6.13971,
	4.06366 6.20847,
	3.98631 6.22996,
	3.91755 6.22566,
	"/>
</Transform>

<Transform dim="6"
 xcoef=" 0.0952760683225813 1.00825716264578 -0.0267809606108929 0 0 0"
 ycoef=" -0.17671420803726 0.0178847787628444 1.01373276289052 0 0 0">
<Contour name="d06cfa21" hidden="false" closed="false" simplified="false" border="0 1 1" fill="0 1 1" mode="9"
 points="4.89309 6.26864,
	4.8802 6.17839,
	4.86301 6.1483,
	"/>
</Transform>

<Transform dim="6"
 xcoef=" 0.0952760683225813 1.00825716264578 -0.0267809606108929 0 0 0"
 ycoef=" -0.17671420803726 0.0178847787628444 1.01373276289052 0 0 0">
<Contour name="d07" hidden="false" closed="true" simplified="true" border="1 0 1" fill="1 0 1" mode="9"
 points="2.82942 7.40455,
	2.85209 7.36827,
	2.86116 7.36827,
	2.88383 7.332,
	2.89743 7.29572,
	2.9065 7.27758,
	2.92464 7.26398,
	2.99719 7.26398,
	3.01532 7.26398,
	3.03346 7.27305,
	3.0516 7.30932,
	3.11961 7.3728,
	3.12868 7.40908,
	3.13322 7.42722,
	3.12868 7.44535,
	3.09241 7.47256,
	3.0652 7.49977,
	3.03799 7.53604,
	3.00172 7.57231,
	2.96545 7.58592,
	2.92917 7.59045,
	2.8929 7.58592,
	2.87476 7.57231,
	2.86569 7.55418,
	2.86569 7.53604,
	2.84755 7.49977,
	2.83848 7.46349,
	2.82942 7.44535,
	2.82942 7.40908,
	"/>
<Contour name="d07" hidden="false" closed="true" simplified="true" border="1 0 1" fill="1 0 1" mode="9"
 points="3.32366 7.72648,
	3.33273 7.70834,
	3.40527 7.65847,
	3.47782 7.61766,
	3.48689 7.61312,
	3.48689 7.59499,
	3.45062 7.56325,
	3.43701 7.54511,
	3.44155 7.40001,
	3.45062 7.36374,
	3.49143 7.29119,
	3.51863 7.25945,
	3.5277 7.25038,
	3.6728 7.25038,
	3.74535 7.25038,
	3.78162 7.25038,
	3.85417 7.29572,
	3.92672 7.29572,
	3.99927 7.28665,
	4.03555 7.26852,
	4.05368 7.26852,
	4.12623 7.30026,
	4.14437 7.31839,
	4.15344 7.33653,
	4.15344 7.40908,
	4.16251 7.42722,
	4.3076 7.54511,
	4.37562 7.61312,
	4.38469 7.6494,
	4.41189 7.68114,
	4.44817 7.68114,
	4.48444 7.66754,
	4.50258 7.66754,
	4.51618 7.68114,
	4.51165 7.82624,
	4.51165 7.86251,
	4.50711 7.88065,
	4.4391 7.94866,
	4.40736 7.98494,
	4.35748 8.05295,
	4.33028 8.08923,
	4.294 8.11643,
	4.22145 8.12097,
	4.20331 8.10736,
	4.19878 8.03482,
	4.17611 7.99854,
	4.10356 7.99401,
	4.06729 8.00308,
	4.03101 8.00308,
	3.99927 7.9668,
	3.98113 7.93053,
	3.9766 7.85798,
	3.94032 7.8217,
	3.92219 7.80357,
	3.88591 7.78543,
	3.86778 7.78089,
	3.8315 7.74915,
	3.79523 7.72648,
	3.72268 7.71288,
	3.65013 7.71288,
	3.61385 7.71288,
	3.59572 7.71741,
	3.5277 7.76729,
	3.49596 7.7945,
	3.47782 7.79903,
	3.46876 7.8081,
	3.39621 7.81263,
	3.35993 7.80357,
	3.34179 7.79903,
	3.32366 7.78089,
	3.32366 7.74462,
	3.32366 7.73102,
	"/>
</Transform>

<Transform dim="6"
 xcoef=" 0.0952760683225813 1.00825716264578 -0.0267809606108929 0 0 0"
 ycoef=" -0.17671420803726 0.0178847787628444 1.01373276289052 0 0 0">
<Contour name="d08" hidden="false" closed="true" simplified="true" border="1 0 0" fill="1 0 0" mode="9"
 points="4.97379 2.57565,
	4.98103 2.54667,
	4.99915 2.51769,
	5.0245 2.49233,
	5.03899 2.48508,
	5.06797 2.48508,
	5.08246 2.48508,
	5.09333 2.49957,
	5.1042 2.52855,
	5.11145 2.54304,
	5.1368 2.54667,
	5.15129 2.55029,
	5.14767 2.60825,
	5.14405 2.63723,
	5.11869 2.66259,
	5.11145 2.66983,
	5.1042 2.66983,
	5.09696 2.67708,
	5.03899 2.67708,
	5.01001 2.65897,
	4.98466 2.62999,
	4.97379 2.601,
	4.97379 2.58651,
	4.97379 2.57927,
	"/>
</Transform>

<Transform dim="6"
 xcoef=" 0.0952760683225813 1.00825716264578 -0.0267809606108929 0 0 0"
 ycoef=" -0.17671420803726 0.0178847787628444 1.01373276289052 0 0 0">
<Contour name="d06c21" hidden="false" closed="true" simplified="true" border="0 1 0" fill="0 1 0" mode="9"
 points="4.85193 6.15838,
	4.86912 6.14119,
	4.88631 6.14549,
	4.9078 6.21425,
	4.9078 6.24863,
	4.9035 6.26582,
	4.8992 6.27441,
	4.88201 6.27012,
	4.86482 6.25722,
	4.85193 6.22284,
	4.85193 6.18846,
	4.85193 6.17127,
	4.85193 6.16268,
	"/>
</Transform>

<Transform dim="6"
 xcoef=" 0.0952760683225813 1.00825716264578 -0.0267809606108929 0 0 0"
 ycoef=" -0.17671420803726 0.0178847787628444 1.01373276289052 0 0 0">
<Contour name="d01ax28" hidden="false" closed="true" simplified="true" border="0 0 1" fill="0 0 1" mode="-11"
 points="4.27652 5.85133,
	4.29097 5.82821,
	4.28808 5.80509,
	4.29097 5.78198,
	4.3112 5.73574,
	4.32276 5.71263,
	4.36032 5.6664,
	4.39211 5.62016,
	4.41811 5.57393,
	4.42389 5.56237,
	4.46723 5.51614,
	4.49035 5.4988,
	4.51347 5.49013,
	4.53658 5.47569,
	4.58282 5.43523,
	4.60593 5.415,
	4.61749 5.41212,
	4.66372 5.38322,
	4.68684 5.36877,
	4.6984 5.3601,
	4.70418 5.35432,
	4.70996 5.35432,
	4.71285 5.34855,
	4.7244 5.34566,
	4.74752 5.32832,
	4.75908 5.32543,
	4.76197 5.31387,
	4.76197 5.30809,
	4.77064 5.29653,
	4.79375 5.28209,
	4.80531 5.27631,
	4.81109 5.27631,
	4.81687 5.27053,
	4.82265 5.27053,
	4.82843 5.26475,
	4.83421 5.26475,
	4.84576 5.25608,
	4.86888 5.24741,
	4.91511 5.21563,
	4.92667 5.20696,
	4.94979 5.19829,
	4.96135 5.19251,
	4.96713 5.19251,
	4.9729 5.18673,
	4.98446 5.18384,
	5.0307 5.15206,
	5.05381 5.14339,
	5.07693 5.12894,
	5.12316 5.11449,
	5.13472 5.1116,
	5.1405 5.1116,
	5.14628 5.10582,
	5.19251 5.09716,
	5.23874 5.09427,
	5.26186 5.09716,
	5.26764 5.09716,
	5.29075 5.11449,
	5.33699 5.10582,
	5.3601 5.10293,
	5.38322 5.10582,
	5.42945 5.12027,
	5.45257 5.12894,
	5.47569 5.12894,
	5.52192 5.13761,
	5.61438 5.12894,
	5.66062 5.12605,
	5.68373 5.12316,
	5.69529 5.11738,
	5.71841 5.11738,
	5.72997 5.12027,
	5.73285 5.11738,
	5.73863 5.12894,
	5.73285 5.17517,
	5.71263 5.19829,
	5.70974 5.22141,
	5.70396 5.23296,
	5.65773 5.25897,
	5.64039 5.28209,
	5.62883 5.3052,
	5.6086 5.32832,
	5.58549 5.34566,
	5.53926 5.36877,
	5.49302 5.37455,
	5.48146 5.37455,
	5.43523 5.35721,
	5.389 5.3341,
	5.36588 5.32254,
	5.34277 5.31676,
	5.2503 5.31676,
	5.20407 5.34277,
	5.15784 5.36299,
	5.1116 5.37166,
	5.08849 5.36877,
	5.04225 5.35143,
	5.01914 5.36299,
	4.9729 5.40345,
	4.95846 5.42656,
	4.94979 5.4728,
	4.9469 5.49591,
	4.90356 5.58838,
	4.88333 5.61149,
	4.86021 5.62305,
	4.8371 5.62305,
	4.81398 5.61727,
	4.79086 5.60283,
	4.77931 5.59416,
	4.75619 5.6086,
	4.74463 5.61149,
	4.72151 5.62883,
	4.71862 5.65195,
	4.73596 5.69818,
	4.74174 5.70396,
	4.73885 5.72708,
	4.72151 5.75019,
	4.67528 5.77909,
	4.65217 5.78776,
	4.62905 5.8022,
	4.61749 5.80509,
	4.59437 5.82243,
	4.58282 5.82821,
	4.5597 5.84844,
	4.55103 5.85999,
	4.54814 5.87155,
	4.52503 5.88889,
	4.47879 5.90623,
	4.38633 5.92067,
	4.34009 5.92356,
	4.31698 5.9149,
	4.30542 5.90912,
	4.28519 5.886,
	4.27652 5.86288,
	4.27652 5.85422,
	"/>
</Transform>

<Transform dim="6"
 xcoef=" 0.0952760683225813 1.00825716264578 -0.0267809606108929 0 0 0"
 ycoef=" -0.17671420803726 0.0178847787628444 1.01373276289052 0 0 0">
<Contour name="d01" hidden="false" closed="true" simplified="true" border="1 0.5 0" fill="1 0.5 0" mode="9"
 points="4.91104 5.05197,
	4.93001 5.00861,
	4.94085 4.98693,
	4.94627 4.97609,
	4.94627 4.9544,
	4.96254 4.93272,
	4.97338 4.93001,
	4.98964 4.91104,
	4.99777 4.9002,
	5.00048 4.88936,
	5.04113 4.84599,
	5.06282 4.83515,
	5.10618 4.84057,
	5.14683 4.81618,
	5.16039 4.7945,
	5.16581 4.79179,
	5.25254 4.81889,
	5.33927 4.81889,
	5.38263 4.8216,
	5.42599 4.83515,
	5.46936 4.86497,
	5.55609 4.88936,
	5.56693 4.89207,
	5.57777 4.90291,
	5.6645 4.92459,
	5.70786 4.94898,
	5.716 4.95983,
	5.73768 4.96525,
	5.74852 4.96796,
	5.75394 4.96796,
	5.77562 4.98964,
	5.77833 4.99506,
	5.75936 5.08179,
	5.74039 5.10347,
	5.72955 5.1116,
	5.55609 5.13328,
	5.46936 5.12786,
	5.44768 5.12515,
	5.42599 5.11702,
	5.41515 5.10889,
	5.37179 5.10076,
	5.32842 5.1116,
	5.30674 5.11702,
	5.28506 5.1116,
	5.27422 5.10076,
	5.2688 5.09534,
	5.18207 5.08992,
	5.1387 5.09805,
	5.11702 5.10347,
	5.10618 5.10347,
	5.01945 5.15226,
	4.99777 5.1631,
	4.98693 5.17123,
	4.97609 5.17394,
	4.9544 5.16581,
	4.9273 5.12515,
	4.91104 5.08179,
	4.91104 5.06011,
	4.91104 5.05469,
	"/>
</Transform>

<Transform dim="6"
 xcoef=" 0.0952760683225813 1.00825716264578 -0.0267809606108929 0 0 0"
 ycoef=" -0.17671420803726 0.0178847787628444 1.01373276289052 0 0 0">
<Contour name="d01p26" hidden="false" closed="true" simplified="false" border="0 0 1" fill="0 0 1" mode="-9"
 points="4.6089 4.5622,
	4.58605 4.53935,
	4.6089 4.5165,
	4.63175 4.53935,
	"/>
</Transform>

<Transform dim="6"
 xcoef=" 0.0952760683225813 1.00825716264578 -0.0267809606108929 0 0 0"
 ycoef=" -0.17671420803726 0.0178847787628444 1.01373276289052 0 0 0">
<Contour name="d01p25" hidden="false" closed="true" simplified="false" border="0 0 1" fill="0 0 1" mode="9"
 points="4.50771 4.22925,
	4.48812 4.22925,
	4.48812 4.23904,
	4.49792 4.24883,
	4.5273 4.25862,
	4.50771 4.26842,
	4.49792 4.288,
	4.47833 4.26842,
	4.46854 4.24883,
	4.46854 4.22925,
	4.44895 4.22925,
	4.47833 4.20966,
	"/>
</Transform>

<Transform dim="6"
 xcoef=" 0.0952760683225813 1.00825716264578 -0.0267809606108929 0 0 0"
 ycoef=" -0.17671420803726 0.0178847787628444 1.01373276289052 0 0 0">
<Contour name="d01p30" hidden="false" closed="true" simplified="false" border="0 1 1" fill="0 1 1" mode="-13"
 points="5.00714 4.68624,
	5.02019 4.67318,
	4.96797 4.62095,
	4.98102 4.6079,
	5.03325 4.66012,
	5.04631 4.64707,
	5.04631 4.68624,
	"/>
</Transform>

<Transform dim="6"
 xcoef=" 0.0952760683225813 1.00825716264578 -0.0267809606108929 0 0 0"
 ycoef=" -0.17671420803726 0.0178847787628444 1.01373276289052 0 0 0">
<Contour name="d03p24a" hidden="false" closed="true" simplified="false" border="0 0 1" fill="0 0 1" mode="-13"
 points="3.31394 2.54869,
	3.29337 2.52812,
	3.31394 2.50755,
	3.33451 2.52812,
	"/>
<Contour name="d03p24b" hidden="false" closed="true" simplified="false" border="0 0 1" fill="0 0 1" mode="-13"
 points="3.31394 2.54869,
	3.29337 2.52812,
	3.31394 2.50755,
	3.33451 2.52812,
	"/>
</Transform>

<Transform dim="6"
 xcoef=" 0.0952760683225813 1.00825716264578 -0.0267809606108929 0 0 0"
 ycoef=" -0.17671420803726 0.0178847787628444 1.01373276289052 0 0 0">
<Contour name="d07p30" hidden="false" closed="true" simplified="false" border="0 1 1" fill="0 1 1" mode="-13"
 points="4.27596 8.04414,
	4.28589 8.03421,
	4.24618 7.99451,
	4.25611 7.98458,
	4.29581 8.02429,
	4.30574 8.01436,
	4.30574 8.04414,
	"/>
</Transform>

<Transform dim="0"
 xcoef=" 0 1 0 0 0 0"
 ycoef=" 0 0 1 0 0 0">
<Contour name="d01cfa35ax04" hidden="false" closed="false" simplified="false" border="0 1 1" fill="0 1 1" mode="9"
 points="3.68044 4.92918,
	3.66196 4.93777,
	3.61273 4.96137,
	3.56748 4.9787,
	3.51972 4.97954,
	3.47561 4.96173,
	3.43354 4.9418,
	"/>
<Contour name="d01" hidden="false" closed="true" simplified="true" border="1 0.5 0" fill="1 0.5 0" mode="9"
 points="3.18931 5.12903,
	3.20089 5.09576,
	3.20253 5.0792,
	3.23488 5.04557,
	3.24088 5.0372,
	3.25247 5.00393,
	3.27236 4.97052,
	3.28601 4.93721,
	3.30503 4.87076,
	3.33815 4.86604,
	3.34639 4.86382,
	3.38033 4.89009,
	3.38055 4.89835,
	3.3893 4.91472,
	3.40619 4.92476,
	3.42324 4.94099,
	3.44012 4.95103,
	3.47363 4.96076,
	3.49041 4.96667,
	3.55702 4.97169,
	3.6232 4.9602,
	3.65566 4.93069,
	3.72101 4.88822,
	3.75364 4.8649,
	3.78642 4.84779,
	3.80309 4.84957,
	3.81139 4.84942,
	3.8391 4.87579,
	3.84757 4.88185,
	3.85839 4.89818,
	3.87337 4.91445,
	3.8701 4.94757,
	3.87032 4.95584,
	3.74284 5.08414,
	3.68852 5.15122,
	3.656 5.17865,
	3.59076 5.22527,
	3.58256 5.22954,
	3.57448 5.23794,
	3.54126 5.23853,
	3.50786 5.23292,
	3.49114 5.22909,
	3.45792 5.22967,
	3.44961 5.22982,
	3.41687 5.24899,
	3.40868 5.25327,
	3.39665 5.27001,
	3.38847 5.27429,
	3.38016 5.27444,
	3.37606 5.27658,
	3.30856 5.23851,
	3.29168 5.22847,
	3.22516 5.22758,
	3.21687 5.22773,
	3.20194 5.21352,
	3.19549 5.20537,
	3.19046 5.1724,
	3.18958 5.13935,
	3.18936 5.13109,
	"/>
</Transform>

<Transform dim="0"
 xcoef=" 0 1 0 0 0 0"
 ycoef=" 0 0 1 0 0 0">
<Contour name="ax04" comment="LK bouton trace named after cfa" hidden="false" closed="true" simplified="true" border="0 1 1" fill="0.502 1 1" mode="9"
 points="3.32862 4.6058,
	3.34122 4.57479,
	3.35284 4.55929,
	3.35866 4.55154,
	3.36157 4.54378,
	3.36254 4.52828,
	3.36157 4.52053,
	3.35769 4.51277,
	3.35575 4.50502,
	3.37029 4.47401,
	3.3761 4.46626,
	3.38385 4.46045,
	3.39451 4.44494,
	3.40808 4.43041,
	3.41196 4.4275,
	3.41389 4.42556,
	3.4294 4.42169,
	3.43715 4.41878,
	3.46816 4.41587,
	3.49917 4.40812,
	3.51467 4.40424,
	3.52243 4.40424,
	3.53793 4.40909,
	3.55343 4.41684,
	3.56119 4.42265,
	3.56506 4.42459,
	3.56894 4.42459,
	3.57088 4.42653,
	3.60189 4.43234,
	3.63289 4.43525,
	3.6484 4.43234,
	3.65615 4.43234,
	3.6639 4.43719,
	3.66584 4.43719,
	3.66972 4.4401,
	3.70073 4.44591,
	3.70848 4.44688,
	3.71235 4.44688,
	3.71623 4.44494,
	3.72398 4.44494,
	3.73949 4.44882,
	3.75499 4.45076,
	3.76274 4.45269,
	3.76662 4.45366,
	3.77437 4.46045,
	3.77534 4.4682,
	3.77437 4.47595,
	3.77147 4.4837,
	3.77437 4.49921,
	3.78116 4.51471,
	3.79182 4.53022,
	3.79957 4.54572,
	3.80344 4.55347,
	3.80635 4.56898,
	3.80538 4.57673,
	3.80732 4.58061,
	3.81023 4.61162,
	3.8112 4.62712,
	3.8267 4.68914,
	3.82767 4.70464,
	3.8267 4.72015,
	3.82379 4.73565,
	3.81992 4.7434,
	3.8141 4.75116,
	3.8112 4.75503,
	3.81023 4.75891,
	3.79763 4.77441,
	3.78213 4.78216,
	3.77534 4.78895,
	3.7705 4.7967,
	3.76856 4.80058,
	3.76759 4.80833,
	3.76856 4.81608,
	3.76759 4.83158,
	3.75984 4.84709,
	3.75305 4.85484,
	3.73755 4.86647,
	3.7298 4.87325,
	3.69879 4.8936,
	3.66778 4.91589,
	3.65228 4.92461,
	3.63677 4.93043,
	3.62902 4.9314,
	3.59801 4.94399,
	3.5825 4.9469,
	3.567 4.94787,
	3.53599 4.9469,
	3.50498 4.94399,
	3.49723 4.94109,
	3.48173 4.93818,
	3.47397 4.9343,
	3.46622 4.93236,
	3.45072 4.92461,
	3.43521 4.92074,
	3.41971 4.9188,
	3.41196 4.91492,
	3.39645 4.90329,
	3.38192 4.88876,
	3.37126 4.87325,
	3.36641 4.8655,
	3.35575 4.83449,
	3.35381 4.83062,
	3.348 4.79961,
	3.34606 4.7841,
	3.34219 4.7686,
	3.34122 4.75309,
	3.33831 4.74534,
	3.33637 4.72984,
	3.33734 4.71433,
	3.33637 4.69883,
	3.3325 4.68332,
	3.33153 4.65231,
	3.32862 4.62131,
	3.32862 4.60677,
	"/>
</Transform>

<Transform dim="0"
 xcoef=" 0 1 0 0 0 0"
 ycoef=" 0 0 1 0 0 0">
<Contour name="ax20" comment="LK bouton trace named after cfa" hidden="false" closed="true" simplified="true" border="0 1 1" fill="0.502 1 1" mode="9"
 points="6.28222 8.77754,
	6.28419 8.7736,
	6.29998 8.76077,
	6.30393 8.75781,
	6.30787 8.75682,
	6.30985 8.75485,
	6.31379 8.73906,
	6.31873 8.73117,
	6.31873 8.72919,
	6.34339 8.69762,
	6.35425 8.68183,
	6.35523 8.67789,
	6.35819 8.67394,
	6.36017 8.66605,
	6.36017 8.65026,
	6.36017 8.64237,
	6.34142 8.61079,
	6.33747 8.6029,
	6.3355 8.59501,
	6.32859 8.57922,
	6.32761 8.57133,
	6.32859 8.56343,
	6.33057 8.55949,
	6.33451 8.55751,
	6.3503 8.55554,
	6.35819 8.5585,
	6.37201 8.5733,
	6.37595 8.57725,
	6.38385 8.59303,
	6.38681 8.60882,
	6.38681 8.62461,
	6.38483 8.64039,
	6.37595 8.67197,
	6.37497 8.68775,
	6.37497 8.6917,
	6.38286 8.70749,
	6.38582 8.71439,
	6.38681 8.72229,
	6.39273 8.73807,
	6.39569 8.75386,
	6.39766 8.78544,
	6.39766 8.81701,
	6.39963 8.84858,
	6.40259 8.85648,
	6.40555 8.87226,
	6.40457 8.88805,
	6.40161 8.89594,
	6.38681 8.91074,
	6.38286 8.91272,
	6.37201 8.9285,
	6.36411 8.9364,
	6.35819 8.94429,
	6.3503 8.95219,
	6.34241 8.95712,
	6.33451 8.95909,
	6.31873 8.95811,
	6.31675 8.95811,
	6.30294 8.94232,
	6.29406 8.92653,
	6.29208 8.91864,
	6.29208 8.88706,
	6.29208 8.87128,
	6.29504 8.85549,
	6.29603 8.85154,
	6.29603 8.84957,
	6.29899 8.84562,
	6.29899 8.83773,
	6.29504 8.82194,
	6.28222 8.79037,
	6.28222 8.78248,
	6.28222 8.77853,
	"/>
</Transform>

<Transform dim="0"
 xcoef=" 0 1 0 0 0 0"
 ycoef=" 0 0 1 0 0 0">
<Contour name="ax23" comment="LK bouton trace named after cfa" hidden="false" closed="true" simplified="true" border="0 1 1" fill="0.502 1 1" mode="9"
 points="4.26687 9.15249,
	4.26999 9.14834,
	4.27414 9.14419,
	4.28245 9.13796,
	4.29646 9.12187,
	4.30009 9.11771,
	4.3084 9.11356,
	4.31048 9.11304,
	4.31463 9.10993,
	4.31826 9.10578,
	4.31826 9.10162,
	4.3193 9.09747,
	4.32501 9.08917,
	4.3411 9.07619,
	4.34941 9.06892,
	4.35615 9.06062,
	4.36498 9.044,
	4.36757 9.0357,
	4.36757 9.03466,
	4.38107 9.01805,
	4.38782 9.00975,
	4.39301 9.00144,
	4.39612 8.99729,
	4.40287 8.98068,
	4.40495 8.97652,
	4.40599 8.97445,
	4.41325 8.96614,
	4.41533 8.96458,
	4.41689 8.96043,
	4.42312 8.95213,
	4.4309 8.94382,
	4.43921 8.93759,
	4.45478 8.92098,
	4.46257 8.90437,
	4.46412 8.90022,
	4.46516 8.89191,
	4.46516 8.88361,
	4.46672 8.8753,
	4.46464 8.84208,
	4.46516 8.82547,
	4.46828 8.81716,
	4.47243 8.80886,
	4.47503 8.80471,
	4.4771 8.80263,
	4.47814 8.80159,
	4.48645 8.79952,
	4.4906 8.80107,
	4.49475 8.80419,
	4.4989 8.80834,
	4.50098 8.80886,
	4.50513 8.81146,
	4.52174 8.81716,
	4.53005 8.81924,
	4.53212 8.81976,
	4.5342 8.82132,
	4.53524 8.82132,
	4.54354 8.82858,
	4.55029 8.83689,
	4.55964 8.8535,
	4.56171 8.85765,
	4.5695 8.86596,
	4.5778 8.87271,
	4.58611 8.8779,
	4.59441 8.88413,
	4.60272 8.89191,
	4.60687 8.89607,
	4.61258 8.90437,
	4.62193 8.92098,
	4.63438 8.9542,
	4.6375 8.96251,
	4.63906 8.96666,
	4.64165 8.97081,
	4.65359 9.00404,
	4.65619 9.01234,
	4.65774 9.01649,
	4.65826 9.02065,
	4.66034 9.0248,
	4.6619 9.04141,
	4.66034 9.05802,
	4.65982 9.06633,
	4.65878 9.07048,
	4.65774 9.07255,
	4.65722 9.07671,
	4.65151 9.09332,
	4.64944 9.09747,
	4.64788 9.09955,
	4.64373 9.11616,
	4.64165 9.12446,
	4.64113 9.12862,
	4.63906 9.13277,
	4.63802 9.13692,
	4.63542 9.14107,
	4.63387 9.14523,
	4.63023 9.14938,
	4.62919 9.15146,
	4.62089 9.15872,
	4.6048 9.17533,
	4.58819 9.19091,
	4.58403 9.19454,
	4.56742 9.20388,
	4.55912 9.20648,
	4.54251 9.20907,
	4.5342 9.21011,
	4.53212 9.21011,
	4.52797 9.21167,
	4.51967 9.21271,
	4.51136 9.21478,
	4.50928 9.21478,
	4.50513 9.21634,
	4.49683 9.21686,
	4.48022 9.2153,
	4.47191 9.21115,
	4.46776 9.21063,
	4.45115 9.21167,
	4.44907 9.21323,
	4.44077 9.21582,
	4.42416 9.2262,
	4.41585 9.22984,
	4.40754 9.23243,
	4.39924 9.23399,
	4.39509 9.23503,
	4.37848 9.23555,
	4.37017 9.23399,
	4.36186 9.23347,
	4.35356 9.23191,
	4.34525 9.22932,
	4.33695 9.22568,
	4.30373 9.207,
	4.29542 9.20077,
	4.29127 9.19713,
	4.28712 9.19454,
	4.28504 9.1935,
	4.27725 9.1852,
	4.27362 9.18104,
	4.26895 9.17274,
	4.26739 9.16859,
	4.26687 9.16028,
	4.26687 9.15613,
	4.26687 9.15405,
	4.26687 9.15301,
	"/>
</Transform>

<Transform dim="6"
 xcoef=" -0.688304976302294 1.13569073133835 0.0505799969354939 0 0 0"
 ycoef=" -1.10815328832436 0.0115873165309054 1.04208202226984 0 0 0">
<Image mag="0.00217507" contrast="0.917" brightness="0.12" red="true" green="true" blue="true"
 src="FHLTD.170.jpg" />
<Contour name="domain1" hidden="false" closed="true" simplified="false" border="1 0 1" fill="1 0 1" mode="11"
 points="0 0,
	4096 0,
	4096 4096,
	0 4096,
	"/>
</Transform>

<Transform dim="0"
 xcoef=" 0 1 0 0 0 0"
 ycoef=" 0 0 1 0 0 0">
<Contour name="d01c35ax04" hidden="false" closed="true" simplified="true" border="0 1 0" fill="0 1 0" mode="9"
 points="3.42047 5.01484,
	3.43866 4.91361,
	3.4434 4.8883,
	3.44577 4.87565,
	3.44656 4.86932,
	3.44815 4.86616,
	3.65061 4.86853,
	3.66326 4.86853,
	3.66959 4.86932,
	3.68936 4.97055,
	3.6941 4.99586,
	3.69648 5.00851,
	3.69727 5.01484,
	3.69806 5.018,
	3.69173 5.01958,
	3.5905 5.02828,
	3.57785 5.02987,
	3.47662 5.02196,
	3.426 5.01721,
	3.42284 5.01721,
	3.42126 5.01721,
	3.42047 5.01563,
	"/>
</Transform>

</Section>