<?xml version="1.0"?>
<!DOCTYPE Section SYSTEM "section.dtd">

<Section index="74" thickness="0.045" alignLocked="true">
<Transform dim="1"
 xcoef=" 4.19999999999996 1 0 0 0 0"
 ycoef=" 2.47999999999999 0 1 0 0 0">
<Contour name="D04" hidden="false" closed="true" simplified="true" border="1 0 0" fill="1 0 0" mode="11"
 points="5.46492 7.32996,
	5.46778 7.29096,
	5.47628 7.25281,
	5.49024 7.21634,
	5.50936 7.18235,
	5.53323 7.15158,
	5.56131 7.1247,
	5.59299 7.1023,
	5.6276 7.08487,
	5.66436 7.07278,
	5.70248 7.0663,
	5.74113 7.06558,
	5.77947 7.07063,
	5.81665 7.08133,
	5.85186 7.09746,
	5.88435 7.11866,
	5.91339 7.14447,
	5.93836 7.17432,
	5.95871 7.20758,
	5.97399 7.2435,
	5.98388 7.28131,
	5.98816 7.32018,
	5.98673 7.35926,
	5.97963 7.39771,
	5.96701 7.43467,
	5.94914 7.46936,
	5.92642 7.501,
	5.89934 7.52891,
	5.86849 7.55248,
	5.83455 7.57119,
	5.79825 7.58464,
	5.76039 7.59254,
	5.72179 7.59471,
	5.6833 7.5911,
	5.64576 7.58179,
	5.60998 7.56699,
	5.57674 7.54702,
	5.54678 7.52231,
	5.52073 7.49341,
	5.49918 7.46094,
	5.48259 7.42562,
	5.47133 7.3882,
	"/>
</Transform>

<Transform dim="1"
 xcoef=" -0.49 1 0 0 0 0"
 ycoef=" -0.18 0 1 0 0 0">
<Contour name="D05" hidden="false" closed="true" simplified="true" border="1 1 0" fill="1 1 0" mode="11"
 points="2.15299 4.10404,
	2.16475 4.03163,
	2.19888 3.96632,
	2.25205 3.91448,
	2.31904 3.8812,
	2.39329 3.86974,
	2.46755 3.8812,
	2.53454 3.91448,
	2.58771 3.96632,
	2.62184 4.03163,
	2.6336 4.10404,
	2.62184 4.17644,
	2.58771 4.24175,
	2.53454 4.29359,
	2.46755 4.32687,
	2.39329 4.33833,
	2.31904 4.32687,
	2.25205 4.29359,
	2.19888 4.24175,
	"/>
</Transform>

<Transform dim="0"
 xcoef=" 0 1 0 0 0 0"
 ycoef=" 0 0 1 0 0 0">
<Contour name="d01" hidden="true" closed="true" simplified="true" border="1 0.5 0" fill="1 0.5 0" mode="-11"
 points="4.91657 2.46357,
	4.97472 2.37899,
	4.9853 2.33669,
	4.9853 2.2944,
	4.9853 2.27325,
	4.99058 2.26268,
	4.9853 2.24153,
	5.00116 2.19924,
	5.02759 2.15695,
	5.03816 2.15166,
	5.03816 2.14109,
	5.0646 2.09879,
	5.06988 2.0565,
	5.05931 2.04593,
	5.0646 2.00363,
	5.08574 1.98249,
	5.08574 1.94019,
	5.1016 1.8979,
	5.11746 1.87676,
	5.15975 1.85032,
	5.23377 1.76574,
	5.27077 1.72873,
	5.31307 1.72873,
	5.35536 1.74459,
	5.41351 1.8186,
	5.42409 1.82918,
	5.43466 1.87147,
	5.44523 1.89261,
	5.44523 1.91376,
	5.48753 1.94019,
	5.50867 1.96134,
	5.59326 1.99835,
	5.76243 2.01421,
	5.78358 2.01421,
	5.80472 2.03535,
	5.83116 2.07765,
	5.84702 2.24682,
	5.8523 2.28911,
	5.88931 2.32083,
	5.8946 2.33141,
	5.88402 2.35255,
	5.87345 2.36313,
	5.86288 2.36313,
	5.84173 2.38427,
	5.81001 2.46886,
	5.79415 2.51115,
	5.78886 2.5323,
	5.76772 2.54287,
	5.74128 2.58516,
	5.73071 2.60631,
	5.73071 2.61688,
	5.6937 2.65389,
	5.67784 2.67504,
	5.63555 2.70147,
	5.62498 2.71204,
	5.58269 2.72262,
	5.54568 2.75434,
	5.52453 2.7702,
	5.48224 2.78077,
	5.43995 2.76491,
	5.46109 2.72262,
	5.46109 2.70147,
	5.44523 2.68032,
	5.40294 2.66446,
	5.39237 2.65389,
	5.39237 2.5693,
	5.39237 2.55873,
	5.35007 2.55344,
	5.30778 2.55873,
	5.22319 2.59045,
	5.20205 2.59045,
	5.1809 2.5693,
	5.13861 2.56402,
	5.11746 2.56402,
	5.09632 2.57988,
	5.05402 2.58516,
	5.03288 2.57988,
	5.01173 2.58516,
	4.99058 2.60102,
	4.98001 2.60631,
	4.93772 2.59045,
	4.92186 2.5693,
	4.91657 2.48472,
	4.91657 2.46886,
	"/>
</Transform>

<Transform dim="0"
 xcoef=" 0 1 0 0 0 0"
 ycoef=" 0 0 1 0 0 0">
<Contour name="d01" hidden="true" closed="true" simplified="true" border="1 0.5 0" fill="1 0.5 0" mode="9"
 points="6.15059 1.97291,
	6.21804 1.9434,
	6.23912 1.91389,
	6.25598 1.90546,
	6.39088 1.90124,
	6.4246 1.90124,
	6.45833 1.87595,
	6.49205 1.8633,
	6.5595 1.85487,
	6.59323 1.84644,
	6.62695 1.84644,
	6.64803 1.88017,
	6.65225 1.89703,
	6.6396 1.93075,
	6.61852 1.96026,
	6.60166 1.96869,
	6.57215 2.00242,
	6.5595 2.01928,
	6.52578 2.03193,
	6.50892 2.04036,
	6.47519 2.04458,
	6.46676 2.04458,
	6.45411 2.02771,
	6.43725 2.01928,
	6.42882 2.01507,
	6.41196 2.0235,
	6.34451 2.01085,
	6.27706 2.03193,
	6.26863 2.03614,
	6.25176 2.02771,
	6.23912 2.01085,
	6.2349 1.99399,
	6.23069 1.98556,
	6.19696 1.98977,
	6.1801 1.99399,
	6.16324 1.98977,
	6.15481 1.98977,
	6.15059 1.97713,
	"/>
</Transform>

<Transform dim="0"
 xcoef=" 0 1 0 0 0 0"
 ycoef=" 0 0 1 0 0 0">
<Contour name="d01c04" hidden="false" closed="true" simplified="true" border="0 1 0" fill="0 1 0" mode="9"
 points="5.32854 1.8085,
	5.35805 1.78321,
	5.36648 1.77056,
	5.39599 1.79164,
	5.45501 1.85487,
	5.48452 1.8886,
	5.50138 1.90546,
	5.50982 1.91389,
	5.54354 1.91811,
	5.61099 1.9434,
	5.67844 1.96026,
	5.74589 1.98977,
	5.74589 2.00664,
	5.71217 2.0235,
	5.64472 2.03614,
	5.50982 2.00242,
	5.49295 1.9982,
	5.4255 1.9434,
	5.39178 1.91389,
	5.34962 1.84644,
	5.33276 1.81272,
	"/>
</Transform>

<Transform dim="0"
 xcoef=" 0 1 0 0 0 0"
 ycoef=" 0 0 1 0 0 0">
<Contour name="d01cfa04" hidden="false" closed="false" simplified="false" border="0 1 1" fill="0 1 1" mode="9"
 points="5.74772 2.01448,
	5.73507 2.01448,
	5.73086 2.01448,
	5.70557 2.00605,
	5.68449 2.00183,
	5.62125 1.9934,
	5.60861 1.97654,
	5.50743 1.95546,
	5.46528 1.92595,
	5.39361 1.84586,
	5.35567 1.79105,
	"/>
</Transform>

<Transform dim="0"
 xcoef=" 0 1 0 0 0 0"
 ycoef=" 0 0 1 0 0 0">
<Contour name="d01c45" hidden="false" closed="true" simplified="true" border="0 1 0" fill="0 1 0" mode="9"
 points="6.48566 1.85535,
	6.49372 1.84459,
	6.50448 1.84459,
	6.52599 1.83653,
	6.61203 1.83653,
	6.62279 1.83922,
	6.64161 1.85804,
	6.63892 1.86879,
	6.6201 1.87686,
	6.61472 1.88224,
	6.60935 1.87955,
	6.58783 1.88224,
	6.56632 1.87955,
	6.56095 1.87417,
	6.55557 1.87417,
	6.54481 1.86342,
	6.50179 1.86342,
	6.49103 1.86073,
	6.48834 1.85804,
	"/>
</Transform>

<Transform dim="0"
 xcoef=" 0 1 0 0 0 0"
 ycoef=" 0 0 1 0 0 0">
<Contour name="d01cfa45" hidden="false" closed="false" simplified="false" border="0 1 1" fill="0 1 1" mode="9"
 points="6.64292 1.86247,
	6.60528 1.84903,
	6.53537 1.84634,
	6.50041 1.8544,
	"/>
</Transform>

<Transform dim="0"
 xcoef=" 0 1 0 0 0 0"
 ycoef=" 0 0 1 0 0 0">
<Contour name="d03" hidden="false" closed="true" simplified="true" border="0 1 0" fill="0 1 0" mode="9"
 points="3.75388 2.37929,
	3.79683 2.30292,
	3.80877 2.28383,
	3.81354 2.27428,
	3.8899 2.24087,
	4.04264 2.20269,
	4.06173 2.19792,
	4.07127 2.19553,
	4.10946 2.20746,
	4.12855 2.21701,
	4.13809 2.22417,
	4.06173 2.25519,
	3.98536 2.27667,
	3.94718 2.28621,
	3.87081 2.3411,
	3.79683 2.41031,
	3.79206 2.41508,
	3.75626 2.38167,
	"/>
</Transform>

<Transform dim="0"
 xcoef=" 0 1 0 0 0 0"
 ycoef=" 0 0 1 0 0 0">
<Contour name="d06" hidden="true" closed="true" simplified="true" border="0 0 1" fill="0 0 1" mode="11"
 points="1.385 7.83624,
	1.39893 7.81395,
	1.44073 7.77215,
	1.48532 7.75822,
	1.49647 7.75543,
	1.54105 7.72199,
	1.54663 7.71363,
	1.58843 7.67183,
	1.60793 7.65232,
	1.6358 7.61052,
	1.64138 7.59937,
	1.65252 7.58823,
	1.65252 7.58265,
	1.66924 7.56036,
	1.68039 7.53806,
	1.68596 7.51577,
	1.69154 7.5102,
	1.70826 7.46561,
	1.71662 7.44332,
	1.72219 7.43774,
	1.73891 7.39316,
	1.74727 7.37086,
	1.7612 7.34857,
	1.76399 7.33742,
	1.79186 7.29562,
	1.80579 7.27333,
	1.83645 7.24267,
	1.88103 7.20645,
	1.90333 7.19251,
	1.91447 7.18973,
	1.95906 7.15907,
	1.98135 7.15071,
	2.00365 7.1535,
	2.02594 7.16464,
	2.07053 7.17022,
	2.09282 7.17022,
	2.10397 7.17022,
	2.10954 7.17022,
	2.14577 7.21481,
	2.14577 7.25939,
	2.13741 7.28169,
	2.13741 7.32627,
	2.1402 7.34857,
	2.16806 7.39316,
	2.16806 7.39873,
	2.19314 7.44332,
	2.23216 7.4879,
	2.24888 7.5102,
	2.25724 7.52134,
	2.26003 7.54364,
	2.2656 7.55478,
	2.26003 7.55757,
	2.26281 7.57987,
	2.27117 7.60216,
	2.26839 7.64675,
	2.27396 7.69133,
	2.27675 7.70248,
	2.29347 7.72199,
	2.30183 7.73035,
	2.30461 7.77494,
	2.30461 7.79723,
	2.30461 7.8028,
	2.28511 7.82231,
	2.27953 7.82788,
	2.25724 7.83067,
	2.24609 7.83346,
	2.22659 7.85018,
	2.21823 7.86132,
	2.21544 7.88362,
	2.21544 7.89476,
	2.26003 7.90034,
	2.28232 7.91427,
	2.31855 7.95607,
	2.33527 7.97837,
	2.34363 8.02295,
	2.35756 8.04525,
	2.35756 8.05082,
	2.36592 8.06197,
	2.36592 8.08426,
	2.36035 8.10655,
	2.36035 8.2849,
	2.35756 8.29605,
	2.35756 8.30162,
	2.33805 8.32392,
	2.32691 8.33228,
	2.28232 8.33785,
	2.27675 8.33228,
	2.26839 8.28769,
	2.26281 8.27654,
	2.26281 8.23196,
	2.25724 8.22081,
	2.25167 8.17622,
	2.25167 8.13163,
	2.25167 8.10934,
	2.25167 8.09819,
	2.23773 8.05361,
	2.23773 8.00902,
	2.23773 7.99787,
	2.22659 7.97558,
	2.20708 7.95886,
	2.19593 7.95329,
	2.17921 7.93099,
	2.13741 7.90591,
	2.1179 7.89198,
	2.09561 7.87247,
	2.08446 7.8669,
	2.03988 7.86411,
	2.01758 7.86411,
	1.97299 7.85018,
	1.92841 7.8446,
	1.88382 7.82788,
	1.83923 7.81952,
	1.79464 7.81952,
	1.77235 7.81952,
	1.75006 7.8251,
	1.73891 7.83067,
	1.64974 7.82788,
	1.60515 7.82788,
	1.56056 7.83624,
	1.54941 7.84182,
	1.54384 7.84739,
	1.53269 7.84739,
	1.52712 7.84739,
	1.50483 7.86132,
	1.46024 7.86968,
	1.41565 7.8669,
	1.39336 7.85854,
	1.385 7.85018,
	1.385 7.83903,
	"/>
</Transform>

<Transform dim="0"
 xcoef=" 0 1 0 0 0 0"
 ycoef=" 0 0 1 0 0 0">
<Contour name="d07" hidden="true" closed="true" simplified="true" border="1 0 1" fill="1 0 1" mode="9"
 points="3.07408 6.56558,
	3.10919 6.50316,
	3.1365 6.44075,
	3.18721 6.37833,
	3.21062 6.34712,
	3.24183 6.31981,
	3.27304 6.30031,
	3.28864 6.2925,
	3.31985 6.2925,
	3.33546 6.2925,
	3.34326 6.30031,
	3.35106 6.33152,
	3.37837 6.35882,
	3.38617 6.35882,
	3.41738 6.39003,
	3.40568 6.42124,
	3.37837 6.44855,
	3.34716 6.46805,
	3.33156 6.48366,
	3.28864 6.54218,
	3.23793 6.60069,
	3.23403 6.6163,
	3.20672 6.6397,
	3.1443 6.6436,
	3.11309 6.6436,
	3.09749 6.6397,
	3.08188 6.6241,
	3.07408 6.60849,
	3.07408 6.57729,
	3.07408 6.56948,
	"/>
<Contour name="d07" hidden="true" closed="true" simplified="true" border="1 0 1" fill="1 0 1" mode="9"
 points="2.8049 7.29509,
	2.82831 7.23267,
	2.83221 7.21707,
	2.86732 7.15465,
	2.87512 7.12344,
	2.91804 7.06493,
	2.95315 7.00641,
	2.96875 6.9752,
	2.99606 6.94399,
	3.02727 6.93229,
	3.04287 6.92449,
	3.10529 6.92449,
	3.1365 6.92449,
	3.1404 7.04932,
	3.1404 7.11174,
	3.1443 7.14295,
	3.15991 7.17416,
	3.16771 7.20537,
	3.17161 7.22097,
	3.23013 7.27949,
	3.24963 7.3107,
	3.28084 7.338,
	3.31205 7.34971,
	3.37447 7.35361,
	3.43689 7.40822,
	3.4993 7.45114,
	3.53051 7.47454,
	3.54612 7.48625,
	3.56562 7.50965,
	3.57733 7.52526,
	3.58903 7.53306,
	3.63194 7.59548,
	3.66315 7.61108,
	3.69436 7.61498,
	3.72557 7.62669,
	3.75678 7.62669,
	3.8192 7.60718,
	3.8504 7.59938,
	3.97524 7.60718,
	4.22491 7.60718,
	4.24052 7.60718,
	4.27172 7.62669,
	4.29903 7.6579,
	4.31464 7.6735,
	4.31854 7.70471,
	4.31464 7.72031,
	4.29123 7.74372,
	4.27953 7.75932,
	4.24832 7.77883,
	4.23271 7.78663,
	4.1703 7.79053,
	4.13909 7.78663,
	4.12348 7.78273,
	4.11568 7.78273,
	4.08447 7.75932,
	4.06497 7.72812,
	4.05326 7.71251,
	3.99084 7.70861,
	3.95964 7.6891,
	3.89722 7.6891,
	3.86601 7.6891,
	3.8348 7.70081,
	3.77628 7.74372,
	3.77628 7.77493,
	3.77628 7.79053,
	3.72557 7.84515,
	3.61244 7.95828,
	3.59293 7.98949,
	3.58903 8.0051,
	3.58123 8.0129,
	3.57342 8.04411,
	3.56952 8.10652,
	3.56562 8.12213,
	3.56562 8.12993,
	3.55392 8.14554,
	3.55392 8.15334,
	3.54222 8.16894,
	3.53831 8.18455,
	3.53051 8.19235,
	3.51881 8.22356,
	3.51101 8.23136,
	3.51101 8.23916,
	3.46029 8.29768,
	3.43298 8.32109,
	3.41738 8.33279,
	3.40958 8.33669,
	3.38227 8.31328,
	3.36276 8.28207,
	3.35886 8.26647,
	3.33156 8.23526,
	3.33546 8.20405,
	3.33546 8.19625,
	3.35106 8.18065,
	3.36667 8.18065,
	3.37447 8.18065,
	3.39007 8.16894,
	3.39397 8.11043,
	3.38227 8.07922,
	3.36276 8.04801,
	3.30035 8.00119,
	3.27304 7.97389,
	3.26524 7.96608,
	3.26524 7.90367,
	3.24183 7.87246,
	3.23013 7.85685,
	3.22623 7.82564,
	3.22623 7.81004,
	3.21062 7.79834,
	3.20282 7.79053,
	3.18721 7.78663,
	3.1248 7.72812,
	3.06238 7.6774,
	3.03117 7.6618,
	2.98045 7.61108,
	2.94925 7.58377,
	2.92584 7.55257,
	2.90633 7.42773,
	2.87903 7.40042,
	2.84782 7.38092,
	2.82051 7.35361,
	2.8049 7.338,
	2.8049 7.3068,
	2.8049 7.29899,
	"/>
</Transform>

<Transform dim="0"
 xcoef=" 0 1 0 0 0 0"
 ycoef=" 0 0 1 0 0 0">
<Contour name="d07p11" hidden="false" closed="true" simplified="false" border="1 0.5 0" fill="1 0.5 0" mode="13"
 points="3.46323 8.03304,
	3.46323 8.02397,
	3.47229 8.0149,
	3.48136 8.0149,
	3.49043 8.02397,
	3.49043 8.03304,
	3.48136 8.04211,
	3.47229 8.04211,
	"/>
</Transform>

<Transform dim="0"
 xcoef=" 0 1 0 0 0 0"
 ycoef=" 0 0 1 0 0 0">
<Contour name="d07c09" hidden="true" closed="true" simplified="true" border="1 0 0" fill="0 1 0" mode="9"
 points="3.29911 6.28551,
	3.30693 6.26987,
	3.3382 6.26596,
	3.34602 6.26596,
	3.37338 6.29332,
	3.38901 6.30505,
	3.39683 6.30505,
	3.4281 6.33241,
	3.43201 6.36368,
	3.4281 6.37932,
	3.39683 6.38323,
	3.36556 6.39886,
	3.35774 6.40277,
	3.29911 6.34414,
	3.29911 6.31287,
	3.29911 6.29723,
	3.29911 6.28941,
	"/>
<Contour name="d07cfa09" hidden="false" closed="false" simplified="false" border="0 1 1" fill="0 1 1" mode="9"
 points="3.30452 6.27919,
	3.32016 6.28701,
	3.33188 6.3261,
	3.36706 6.35737,
	3.4257 6.3691,
	"/>
</Transform>

<Transform dim="0"
 xcoef=" 0 1 0 0 0 0"
 ycoef=" 0 0 1 0 0 0">
<Contour name="d08" hidden="false" closed="true" simplified="true" border="1 0 0" fill="1 0 0" mode="9"
 points="5.42695 5.13035,
	5.43673 5.10427,
	5.46607 5.05212,
	5.49214 5.02604,
	5.51822 5.00975,
	5.53126 5.00323,
	5.54429 5.00649,
	5.55407 5.01953,
	5.54755 5.07168,
	5.54104 5.09775,
	5.54104 5.1499,
	5.54755 5.17598,
	5.57037 5.19879,
	5.58341 5.20857,
	5.58993 5.21509,
	5.58993 5.26724,
	5.58667 5.27376,
	5.57363 5.27376,
	5.54755 5.28354,
	5.4954 5.2868,
	5.44325 5.28354,
	5.43021 5.2705,
	5.42695 5.1662,
	5.42695 5.14012,
	5.42695 5.13361,
	"/>
<Contour name="d08" hidden="false" closed="true" simplified="true" border="1 0 0" fill="1 0 0" mode="9"
 points="5.51496 4.66099,
	5.54104 4.64469,
	5.55407 4.63817,
	5.60622 4.63817,
	5.6323 4.66099,
	5.63556 4.66751,
	5.66163 4.67403,
	5.67467 4.67403,
	5.68771 4.68054,
	5.70401 4.70662,
	5.72682 4.7327,
	5.72682 4.837,
	5.73008 4.85004,
	5.74964 4.87611,
	5.76268 4.88915,
	5.78875 4.90545,
	5.8409 4.95434,
	5.84416 5.05864,
	5.88979 5.10101,
	5.90283 5.11405,
	5.90283 5.1662,
	5.87676 5.17598,
	5.82461 5.17924,
	5.79853 5.17598,
	5.78549 5.16946,
	5.76268 5.14338,
	5.74638 5.11731,
	5.7366 5.10427,
	5.73008 5.0782,
	5.73008 5.02604,
	5.71378 4.97389,
	5.71053 4.96086,
	5.68771 4.94456,
	5.67467 4.93804,
	5.65512 4.91196,
	5.64534 4.88589,
	5.64208 4.85981,
	5.62252 4.83374,
	5.59645 4.80766,
	5.57037 4.78811,
	5.54429 4.77507,
	5.53126 4.76529,
	5.52474 4.75877,
	5.51496 4.7327,
	5.51496 4.68054,
	5.51496 4.66751,
	5.51496 4.66425,
	"/>
<Contour name="d08" hidden="false" closed="true" simplified="true" border="1 0 0" fill="1 0 0" mode="9"
 points="4.91196 4.31549,
	4.91848 4.30897,
	4.97063 4.30897,
	4.98367 4.30897,
	5.03582 4.27963,
	5.03582 4.22748,
	5.09123 4.12318,
	5.09449 4.09711,
	5.10753 4.07103,
	5.12709 4.04496,
	5.17924 4.01562,
	5.28354 3.97325,
	5.33569 3.95369,
	5.38784 3.92436,
	5.41392 3.91132,
	5.51822 3.90806,
	5.53126 3.90806,
	5.53778 3.91458,
	5.55081 3.9048,
	5.55733 3.89828,
	5.60948 3.88524,
	5.66163 3.86569,
	5.71378 3.86243,
	5.73986 3.86243,
	5.7529 3.86243,
	5.80505 3.90806,
	5.83112 3.92762,
	5.8409 3.93413,
	5.84416 3.94717,
	5.8409 3.96021,
	5.79527 4.0091,
	5.74312 4.05799,
	5.73334 4.08407,
	5.73334 4.11014,
	5.68119 4.15904,
	5.62904 4.19489,
	5.60622 4.21445,
	5.57689 4.2666,
	5.57689 4.27312,
	5.57037 4.27963,
	5.56711 4.29267,
	5.55733 4.30571,
	5.54104 4.35786,
	5.53126 4.38394,
	5.528 4.43609,
	5.528 4.46216,
	5.528 4.4752,
	5.528 4.48172,
	5.50192 4.50454,
	5.44977 4.50454,
	5.43673 4.50454,
	5.41066 4.47846,
	5.40088 4.45238,
	5.37806 4.42631,
	5.35199 4.41653,
	5.29984 4.41001,
	5.09123 4.40675,
	5.0782 4.40675,
	5.05212 4.38394,
	5.0456 4.3709,
	4.99345 4.36764,
	4.96737 4.36764,
	4.9413 4.35134,
	4.92826 4.34482,
	4.91848 4.33179,
	4.91196 4.32527,
	4.91196 4.31875,
	"/>
</Transform>

<Transform dim="0"
 xcoef=" 0 1 0 0 0 0"
 ycoef=" 0 0 1 0 0 0">
<Contour name="d08p08" hidden="false" closed="true" simplified="false" border="1 0 0" fill="1 0 0" mode="9"
 points="5.10653 4.3056,
	5.08391 4.3056,
	5.08391 4.31691,
	5.09522 4.32823,
	5.12915 4.33954,
	5.10653 4.35085,
	5.09522 4.37347,
	5.0726 4.35085,
	5.06128 4.32823,
	5.06128 4.3056,
	5.03866 4.3056,
	5.0726 4.28298,
	"/>
</Transform>

<Transform dim="0"
 xcoef=" 0 1 0 0 0 0"
 ycoef=" 0 0 1 0 0 0">
<Contour name="d08" hidden="false" closed="true" simplified="true" border="1 0 0" fill="1 0 0" mode="9"
 points="4.88441 3.80566,
	4.89998 3.78787,
	4.90888 3.78342,
	4.91333 3.77897,
	4.91777 3.77897,
	4.92222 3.77452,
	4.95781 3.76785,
	4.9934 3.76785,
	5.01119 3.76785,
	5.02899 3.77897,
	5.03566 3.79676,
	5.04011 3.80566,
	5.03566 3.87683,
	5.00452 3.9102,
	4.98673 3.92132,
	4.95114 3.92354,
	4.91555 3.92132,
	4.90665 3.91687,
	4.89776 3.90797,
	4.89553 3.87239,
	4.89331 3.85459,
	4.89331 3.8457,
	4.88441 3.8279,
	4.88441 3.81011,
	4.88441 3.80788,
	"/>
</Transform>

<Transform dim="0"
 xcoef=" 0 1 0 0 0 0"
 ycoef=" 0 0 1 0 0 0">
<Contour name="D11" hidden="false" closed="true" simplified="true" border="1 0.5 0" fill="1 0.5 0" mode="11"
 points="4.92756 4.25371,
	4.92922 4.24095,
	4.93406 4.22944,
	4.94158 4.2203,
	4.95106 4.21443,
	4.96157 4.21241,
	4.97208 4.21443,
	4.98156 4.2203,
	4.98909 4.22944,
	4.99392 4.24095,
	4.99558 4.25371,
	4.99392 4.26647,
	4.98909 4.27799,
	4.98156 4.28712,
	4.97208 4.29299,
	4.96157 4.29501,
	4.95106 4.29299,
	4.94158 4.28712,
	4.93406 4.27799,
	"/>
<Contour name="D11" hidden="false" closed="true" simplified="true" border="1 0.5 0" fill="1 0.5 0" mode="11"
 points="5.71468 4.2027,
	5.71801 4.17567,
	5.72767 4.15129,
	5.74272 4.13194,
	5.76168 4.11952,
	5.7827 4.11524,
	5.80372 4.11952,
	5.82269 4.13194,
	5.83773 4.15129,
	5.8474 4.17567,
	5.85073 4.2027,
	5.8474 4.22972,
	5.83773 4.2541,
	5.82269 4.27345,
	5.80372 4.28587,
	5.7827 4.29015,
	5.76168 4.28587,
	5.74272 4.27345,
	5.72767 4.2541,
	"/>
</Transform>

<Transform dim="0"
 xcoef=" 0 1 0 0 0 0"
 ycoef=" 0 0 1 0 0 0">
<Contour name="D11" hidden="false" closed="true" simplified="true" border="1 0.5 0" fill="1 0.5 0" mode="11"
 points="4.8401 5.27163,
	4.84236 5.2461,
	4.84892 5.22307,
	4.85913 5.2048,
	4.872 5.19307,
	4.88626 5.18903,
	4.90052 5.19307,
	4.91339 5.2048,
	4.9236 5.22307,
	4.93016 5.2461,
	4.93242 5.27163,
	4.93016 5.29715,
	4.9236 5.32018,
	4.91339 5.33845,
	4.90052 5.35018,
	4.88626 5.35422,
	4.872 5.35018,
	4.85913 5.33845,
	4.84892 5.32018,
	"/>
</Transform>

<Transform dim="0"
 xcoef=" 0 1 0 0 0 0"
 ycoef=" 0 0 1 0 0 0">
<Contour name="D19" hidden="false" closed="true" simplified="true" border="0 1 0" fill="0 1 0" mode="11"
 points="2.4737 7.63605,
	2.47523 7.60524,
	2.47978 7.57497,
	2.48728 7.54577,
	2.4976 7.51814,
	2.51055 7.49258,
	2.52591 7.46952,
	2.54341 7.44937,
	2.56274 7.43248,
	2.58357 7.41915,
	2.60554 7.40961,
	2.62826 7.40403,
	2.65132 7.4025,
	2.67434 7.40505,
	2.6969 7.41163,
	2.71862 7.42214,
	2.73911 7.43638,
	2.75802 7.45412,
	2.77501 7.47503,
	2.78979 7.49875,
	2.80211 7.52488,
	2.81173 7.55294,
	2.8185 7.58246,
	2.82231 7.61292,
	2.82307 7.64378,
	2.82078 7.6745,
	2.81548 7.70455,
	2.80727 7.73341,
	2.79627 7.76056,
	2.7827 7.78554,
	2.76678 7.80791,
	2.74879 7.82727,
	2.72904 7.8433,
	2.70789 7.8557,
	2.6857 7.86426,
	2.66286 7.86884,
	2.63977 7.86935,
	2.61683 7.86579,
	2.59444 7.85821,
	2.57299 7.84675,
	2.55287 7.8316,
	2.53441 7.81304,
	2.51794 7.79139,
	2.50375 7.76703,
	2.4921 7.74037,
	2.48317 7.7119,
	2.47713 7.6821,
	"/>
</Transform>

<Transform dim="0"
 xcoef=" 0 1 0 0 0 0"
 ycoef=" 0 0 1 0 0 0">
<Contour name="d01p04" hidden="false" closed="true" simplified="false" border="0 0 1" fill="0 0 1" mode="-13"
 points="5.48371 2.05527,
	5.46086 2.03242,
	5.48371 2.00957,
	5.50656 2.03242,
	"/>
</Transform>

<Transform dim="0"
 xcoef=" 0 1 0 0 0 0"
 ycoef=" 0 0 1 0 0 0">
<Contour name="d06p07" hidden="false" closed="true" simplified="false" border="1 0 1" fill="1 0 1" mode="-9"
 points="2.15427 7.85803,
	2.15427 7.8481,
	2.1642 7.83817,
	2.17412 7.83817,
	2.18405 7.8481,
	2.18405 7.85803,
	2.17412 7.86795,
	2.1642 7.86795,
	"/>
</Transform>

<Transform dim="0"
 xcoef=" 0 1 0 0 0 0"
 ycoef=" 0 0 1 0 0 0">
<Contour name="d06p08" hidden="false" closed="true" simplified="false" border="1 0 0" fill="1 0 0" mode="-9"
 points="1.72249 7.67688,
	1.7076 7.67688,
	1.7076 7.68432,
	1.71504 7.69177,
	1.73738 7.69921,
	1.72249 7.70665,
	1.71504 7.72154,
	1.70015 7.70665,
	1.69271 7.69177,
	1.69271 7.67688,
	1.67782 7.67688,
	1.70015 7.66199,
	"/>
</Transform>

<Transform dim="0"
 xcoef=" 0 1 0 0 0 0"
 ycoef=" 0 0 1 0 0 0">
<Contour name="d07p09" hidden="false" closed="true" simplified="false" border="0 1 0" fill="0 1 0" mode="-9"
 points="3.01784 7.06146,
	3.01784 7.04161,
	3.03769 7.04161,
	3.03769 7.02176,
	3.05754 7.02176,
	3.05754 7.04161,
	3.07739 7.04161,
	3.07739 7.06146,
	3.05754 7.06146,
	3.05754 7.08131,
	3.03769 7.08131,
	3.03769 7.06146,
	"/>
</Transform>

<Transform dim="0"
 xcoef=" 0 1 0 0 0 0"
 ycoef=" 0 0 1 0 0 0">
<Contour name="d07p10" hidden="false" closed="true" simplified="false" border="0 1 1" fill="0 1 1" mode="-13"
 points="3.69777 7.72899,
	3.7077 7.71906,
	3.66799 7.67936,
	3.67792 7.66943,
	3.71762 7.70914,
	3.72755 7.69921,
	3.72755 7.72899,
	"/>
</Transform>

<Transform dim="0"
 xcoef=" 0 1 0 0 0 0"
 ycoef=" 0 0 1 0 0 0">
<Contour name="d08p07" hidden="false" closed="true" simplified="false" border="1 0 1" fill="1 0 1" mode="-9"
 points="5.43226 4.39562,
	5.43226 4.38711,
	5.44077 4.37861,
	5.44927 4.37861,
	5.45778 4.38711,
	5.45778 4.39562,
	5.44927 4.40412,
	5.44077 4.40412,
	"/>
</Transform>

<Transform dim="0"
 xcoef=" 0 1 0 0 0 0"
 ycoef=" 0 0 1 0 0 0">
<Contour name="ax01" comment="LK bouton trace named after cfa" hidden="false" closed="true" simplified="true" border="0 1 1" fill="0.502 1 1" mode="9"
 points="5.84658 1.78115,
	5.84937 1.77476,
	5.85097 1.77157,
	5.85176 1.76838,
	5.85256 1.76678,
	5.85336 1.7604,
	5.85376 1.75721,
	5.85416 1.75561,
	5.85615 1.75242,
	5.85815 1.74603,
	5.86334 1.73326,
	5.86653 1.7205,
	5.86772 1.7173,
	5.86972 1.70454,
	5.87331 1.69177,
	5.87451 1.68538,
	5.87491 1.68219,
	5.88009 1.66942,
	5.88249 1.66304,
	5.89007 1.65027,
	5.89605 1.6375,
	5.89725 1.62474,
	5.89685 1.62154,
	5.89486 1.61516,
	5.89366 1.60878,
	5.89206 1.58324,
	5.89166 1.57047,
	5.89166 1.56409,
	5.89206 1.5609,
	5.89326 1.5577,
	5.89885 1.55132,
	5.90164 1.54813,
	5.91441 1.53815,
	5.92079 1.53336,
	5.92678 1.52738,
	5.92837 1.52419,
	5.93077 1.52139,
	5.93196 1.5182,
	5.95112 1.49267,
	5.96029 1.4799,
	5.96468 1.47351,
	5.96987 1.46713,
	5.97426 1.46075,
	5.98144 1.44798,
	5.99062 1.43521,
	5.9958 1.42883,
	6.00219 1.42284,
	6.00538 1.41965,
	6.01176 1.41486,
	6.01496 1.41207,
	6.02533 1.3993,
	6.03052 1.39292,
	6.0393 1.38015,
	6.04448 1.37376,
	6.04847 1.36738,
	6.05406 1.361,
	6.05725 1.3578,
	6.06363 1.35262,
	6.06523 1.35222,
	6.07161 1.34743,
	6.078 1.34344,
	6.09077 1.33706,
	6.09396 1.33506,
	6.10034 1.33267,
	6.11311 1.32349,
	6.12588 1.31551,
	6.13865 1.30833,
	6.14503 1.30354,
	6.15141 1.30154,
	6.15461 1.30075,
	6.18014 1.30035,
	6.19291 1.30035,
	6.21845 1.29835,
	6.23122 1.29795,
	6.24398 1.29875,
	6.25037 1.29875,
	6.25356 1.29915,
	6.26633 1.30474,
	6.27271 1.30833,
	6.28548 1.31072,
	6.29186 1.31152,
	6.30463 1.31631,
	6.30782 1.31711,
	6.32059 1.3179,
	6.32378 1.3187,
	6.34932 1.3175,
	6.35251 1.3175,
	6.3589 1.3195,
	6.36209 1.3203,
	6.36847 1.32309,
	6.38124 1.32588,
	6.39401 1.32788,
	6.40039 1.32908,
	6.40199 1.32947,
	6.40478 1.33227,
	6.40638 1.33386,
	6.41276 1.33666,
	6.41436 1.33745,
	6.41835 1.34384,
	6.41914 1.35022,
	6.41954 1.35341,
	6.41875 1.3598,
	6.41835 1.36139,
	6.41715 1.36299,
	6.41675 1.36459,
	6.41795 1.36778,
	6.41994 1.37097,
	6.42353 1.38374,
	6.42513 1.39012,
	6.42872 1.39651,
	6.43032 1.3997,
	6.4363 1.40608,
	6.43949 1.40928,
	6.44588 1.41366,
	6.47141 1.42643,
	6.48418 1.43242,
	6.49695 1.4376,
	6.50333 1.44,
	6.52887 1.45396,
	6.53525 1.45795,
	6.54802 1.46913,
	6.55082 1.47192,
	6.55281 1.47511,
	6.55321 1.48149,
	6.55281 1.48469,
	6.54922 1.49107,
	6.53765 1.50384,
	6.52887 1.51661,
	6.52448 1.52299,
	6.51211 1.54853,
	6.50932 1.55491,
	6.50852 1.55651,
	6.50214 1.56249,
	6.50014 1.56888,
	6.49974 1.57207,
	6.49934 1.57366,
	6.49855 1.57446,
	6.49815 1.57765,
	6.49695 1.58085,
	6.49615 1.58244,
	6.49615 1.58324,
	6.49496 1.58484,
	6.49336 1.59122,
	6.49216 1.59282,
	6.48977 1.5992,
	6.48857 1.6008,
	6.48658 1.60718,
	6.48458 1.61995,
	6.48458 1.62154,
	6.48378 1.62234,
	6.48099 1.63511,
	6.48019 1.6383,
	6.48019 1.64149,
	6.47939 1.64469,
	6.47979 1.65745,
	6.48019 1.66384,
	6.47979 1.66703,
	6.4778 1.67341,
	6.47181 1.68618,
	6.46503 1.69895,
	6.45745 1.71172,
	6.45067 1.72449,
	6.44508 1.73725,
	6.44069 1.75002,
	6.4355 1.76279,
	6.43271 1.76918,
	6.42274 1.78194,
	6.42114 1.78354,
	6.41476 1.78633,
	6.40199 1.78952,
	6.3956 1.79072,
	6.38922 1.79112,
	6.38603 1.79152,
	6.37326 1.7975,
	6.37007 1.7991,
	6.36368 1.80349,
	6.36049 1.80588,
	6.34772 1.81187,
	6.34134 1.81426,
	6.32857 1.81706,
	6.3158 1.81825,
	6.31261 1.81905,
	6.31102 1.81905,
	6.28548 1.83182,
	6.25994 1.84538,
	6.25675 1.84698,
	6.2388 1.87252,
	6.23441 1.8789,
	6.22882 1.88528,
	6.22603 1.88848,
	6.21964 1.89207,
	6.21326 1.89486,
	6.20688 1.89686,
	6.20368 1.89765,
	6.20209 1.89805,
	6.1989 1.89725,
	6.1973 1.89686,
	6.19092 1.89765,
	6.18772 1.89805,
	6.18134 1.89765,
	6.17815 1.89725,
	6.17176 1.89805,
	6.16857 1.89925,
	6.16219 1.90284,
	6.15022 1.91521,
	6.14064 1.92798,
	6.13545 1.93436,
	6.13226 1.93755,
	6.11949 1.94434,
	6.1179 1.94513,
	6.10513 1.94633,
	6.07959 1.94434,
	6.07321 1.94553,
	6.04767 1.9591,
	6.04129 1.96269,
	6.0381 1.96429,
	6.02533 1.96708,
	6.02373 1.96748,
	5.9982 1.96189,
	5.99181 1.9603,
	5.98862 1.9595,
	5.96309 1.94713,
	5.95989 1.94553,
	5.9567 1.94513,
	5.95032 1.94553,
	5.94393 1.94673,
	5.93117 1.95032,
	5.9184 1.95312,
	5.90563 1.95272,
	5.90244 1.95272,
	5.89925 1.95152,
	5.89286 1.94793,
	5.88648 1.94274,
	5.8761 1.92997,
	5.87251 1.92359,
	5.86693 1.91082,
	5.86493 1.90444,
	5.85815 1.89167,
	5.85416 1.88528,
	5.85336 1.88369,
	5.85456 1.8805,
	5.85496 1.8789,
	5.85895 1.87252,
	5.86094 1.86932,
	5.87132 1.85656,
	5.87291 1.85017,
	5.87371 1.84698,
	5.87331 1.8406,
	5.87291 1.8374,
	5.87291 1.83661,
	5.86972 1.83381,
	5.86852 1.83222,
	5.86334 1.81945,
	5.86014 1.81307,
	5.85775 1.80987,
	5.85695 1.80668,
	5.85256 1.8003,
	5.84658 1.78753,
	5.84658 1.78154,
	"/>
</Transform>

<Transform dim="0"
 xcoef=" 0 1 0 0 0 0"
 ycoef=" 0 0 1 0 0 0">
<Contour name="ax02" comment="LK bouton trace named after cfa" hidden="false" closed="true" simplified="true" border="0 1 1" fill="0.502 1 1" mode="9"
 points="3.08392 1.53466,
	3.0858 1.52866,
	3.09217 1.51668,
	3.09404 1.51368,
	3.09554 1.51256,
	3.14348 1.50881,
	3.14648 1.50844,
	3.15847 1.50394,
	3.15996 1.50319,
	3.17195 1.50207,
	3.17794 1.50132,
	3.18993 1.50207,
	3.20192 1.50357,
	3.2139 1.50731,
	3.23788 1.51818,
	3.24087 1.5193,
	3.25286 1.5208,
	3.25586 1.52192,
	3.27983 1.52417,
	3.3038 1.52529,
	3.3098 1.52567,
	3.31279 1.52604,
	3.31879 1.52792,
	3.32178 1.52904,
	3.34576 1.54402,
	3.36973 1.56013,
	3.37273 1.56238,
	3.38471 1.568,
	3.38771 1.56874,
	3.43566 1.57324,
	3.44764 1.57549,
	3.45364 1.57661,
	3.47761 1.58523,
	3.4896 1.5901,
	3.49559 1.59347,
	3.50158 1.59759,
	3.50458 1.59909,
	3.5102 1.6047,
	3.51319 1.6077,
	3.52293 1.61969,
	3.5263 1.62568,
	3.52855 1.63167,
	3.52893 1.63467,
	3.52818 1.64066,
	3.52668 1.64666,
	3.5263 1.64965,
	3.51994 1.66164,
	3.51619 1.66763,
	3.5042 1.67812,
	3.49821 1.68337,
	3.48622 1.69236,
	3.48323 1.69423,
	3.48173 1.6946,
	3.47574 1.6991,
	3.46974 1.70247,
	3.46675 1.70434,
	3.46375 1.70547,
	3.46225 1.70584,
	3.45925 1.70771,
	3.45326 1.70996,
	3.45026 1.71109,
	3.44427 1.71221,
	3.44127 1.71258,
	3.43528 1.71446,
	3.41131 1.71745,
	3.39932 1.71933,
	3.39333 1.72008,
	3.38134 1.72045,
	3.35737 1.7197,
	3.34538 1.71895,
	3.33939 1.71895,
	3.3274 1.71708,
	3.32141 1.71483,
	3.31542 1.71408,
	3.30343 1.71109,
	3.29144 1.70659,
	3.28545 1.70397,
	3.28245 1.70284,
	3.27946 1.70247,
	3.27796 1.7021,
	3.27721 1.70135,
	3.27121 1.69985,
	3.25923 1.6946,
	3.25623 1.69273,
	3.25024 1.69011,
	3.24724 1.68824,
	3.24649 1.68824,
	3.24574 1.68749,
	3.24499 1.68749,
	3.24424 1.68674,
	3.24275 1.68636,
	3.242 1.68561,
	3.2405 1.68524,
	3.23975 1.68449,
	3.239 1.68449,
	3.23825 1.68374,
	3.2375 1.68374,
	3.236 1.68262,
	3.23451 1.68224,
	3.23301 1.68112,
	3.23001 1.68,
	3.22402 1.67662,
	3.21802 1.674,
	3.21503 1.67288,
	3.21203 1.67101,
	3.18806 1.66239,
	3.17607 1.65715,
	3.16408 1.65078,
	3.1521 1.64291,
	3.14011 1.63355,
	3.12812 1.62231,
	3.12251 1.61669,
	3.11951 1.61369,
	3.11089 1.60171,
	3.10602 1.59571,
	3.09816 1.58373,
	3.09404 1.57773,
	3.08842 1.56575,
	3.08542 1.55975,
	3.0843 1.55376,
	3.08392 1.54177,
	3.08392 1.53578,
	3.08392 1.53503,
	"/>
</Transform>

<Transform dim="0"
 xcoef=" 0 1 0 0 0 0"
 ycoef=" 0 0 1 0 0 0">
<Contour name="d01" hidden="true" closed="true" simplified="false" border="1 1 0" fill="0 0 1" mode="11"
 points="3.37173 1.70396,
	3.37519 1.7005,
	3.36135 1.68665,
	3.36481 1.68319,
	3.37865 1.69704,
	3.38211 1.69358,
	3.38211 1.70396,
	"/>
<Contour name="d01" hidden="true" closed="true" simplified="false" border="1 1 0" fill="0 0 1" mode="11"
 points="3.39509 1.69877,
	3.39856 1.69531,
	3.38471 1.68146,
	3.38817 1.678,
	3.40202 1.69185,
	3.40548 1.68838,
	3.40548 1.69877,
	"/>
<Contour name="d01" hidden="true" closed="true" simplified="false" border="1 1 0" fill="0 0 1" mode="11"
 points="3.42538 1.69098,
	3.42884 1.68752,
	3.415 1.67367,
	3.41846 1.67021,
	3.4323 1.68406,
	3.43576 1.6806,
	3.43576 1.69098,
	"/>
<Contour name="d01" hidden="true" closed="true" simplified="false" border="1 1 0" fill="0 0 1" mode="11"
 points="3.4548 1.67627,
	3.45826 1.67281,
	3.44442 1.65896,
	3.44788 1.6555,
	3.46172 1.66935,
	3.46519 1.66589,
	3.46519 1.67627,
	"/>
</Transform>

<Transform dim="0"
 xcoef=" 0 1 0 0 0 0"
 ycoef=" 0 0 1 0 0 0">
<Contour name="ax05" comment="LK bouton trace named after cfa" hidden="false" closed="true" simplified="true" border="0 1 1" fill="0.502 1 1" mode="9"
 points="2.25344 1.96199,
	2.26006 1.95139,
	2.28126 1.93152,
	2.28656 1.92092,
	2.28921 1.91032,
	2.29583 1.89972,
	2.3369 1.86263,
	2.3581 1.84541,
	2.36869 1.83878,
	2.38989 1.83084,
	2.43228 1.82156,
	2.45348 1.81626,
	2.47468 1.81361,
	2.49587 1.81494,
	2.50647 1.82024,
	2.52767 1.82421,
	2.54886 1.82554,
	2.55946 1.82819,
	2.58066 1.84276,
	2.59126 1.85203,
	2.59788 1.86263,
	2.60318 1.86528,
	2.61378 1.86528,
	2.61643 1.86263,
	2.62702 1.86131,
	2.62967 1.85866,
	2.65087 1.85866,
	2.66147 1.85998,
	2.68002 1.88118,
	2.69989 1.89972,
	2.70916 1.91032,
	2.71578 1.92092,
	2.71711 1.92622,
	2.72373 1.93682,
	2.7436 1.95801,
	2.7542 1.96596,
	2.7595 1.97126,
	2.7807 1.98054,
	2.78997 1.99113,
	2.78732 2.01233,
	2.78467 2.02293,
	2.77142 2.04412,
	2.7648 2.06532,
	2.76083 2.07062,
	2.7595 2.07592,
	2.75155 2.08652,
	2.74096 2.09314,
	2.71976 2.09447,
	2.67737 2.09314,
	2.65617 2.08917,
	2.65087 2.08784,
	2.64557 2.08387,
	2.62438 2.07989,
	2.61378 2.07592,
	2.60848 2.07327,
	2.58728 2.07459,
	2.54489 2.08784,
	2.53429 2.08652,
	2.53164 2.08652,
	2.52899 2.08387,
	2.5078 2.07989,
	2.4866 2.08122,
	2.476 2.08122,
	2.4654 2.07724,
	2.4601 2.07327,
	2.45745 2.07327,
	2.4548 2.07062,
	2.45215 2.07062,
	2.44686 2.06665,
	2.42566 2.06532,
	2.40446 2.06002,
	2.36207 2.04015,
	2.35147 2.03618,
	2.34087 2.03485,
	2.33557 2.0322,
	2.31438 2.02955,
	2.30378 2.02558,
	2.29848 2.02425,
	2.27728 2.00703,
	2.26006 1.98583,
	2.25476 1.97524,
	2.25344 1.96464,
	2.25344 1.96331,
	"/>
</Transform>

<Transform dim="0"
 xcoef=" 0 1 0 0 0 0"
 ycoef=" 0 0 1 0 0 0">
<Contour name="d03" hidden="false" closed="true" simplified="true" border="0 1 0" fill="0 1 0" mode="9"
 points="2.87331 3.08197,
	2.88068 3.07215,
	2.88436 3.06724,
	2.88681 3.06478,
	2.90645 3.05987,
	2.91627 3.05865,
	2.92609 3.05496,
	2.9445 3.03901,
	2.95309 3.01937,
	2.95677 3.00955,
	2.95923 2.931,
	2.99359 2.89172,
	3.01201 2.87331,
	3.09056 2.81317,
	3.16911 2.79476,
	3.24766 2.77144,
	3.2673 2.7653,
	3.27712 2.76162,
	3.35567 2.75303,
	3.37531 2.7518,
	3.38513 2.75057,
	3.42441 2.75671,
	3.46368 2.76039,
	3.50296 2.75916,
	3.5226 2.75548,
	3.56187 2.74444,
	3.58151 2.7383,
	3.60115 2.73707,
	3.61097 2.7383,
	3.63061 2.75057,
	3.64043 2.75794,
	3.64534 2.79721,
	3.64165 2.87577,
	3.64043 2.95432,
	3.64043 2.97396,
	3.6392 2.98378,
	3.62447 3.02305,
	3.60729 3.06233,
	3.60115 3.07215,
	3.58397 3.09179,
	3.58151 3.09424,
	3.50296 3.1016,
	3.49805 3.1016,
	3.45877 3.12615,
	3.44896 3.13229,
	3.44405 3.13597,
	3.42073 3.17525,
	3.39986 3.21452,
	3.38145 3.2538,
	3.37286 3.27344,
	3.33358 3.2943,
	3.31394 3.30535,
	3.27467 3.31394,
	3.25503 3.31394,
	3.17648 3.2943,
	3.09792 3.27221,
	3.05865 3.26117,
	2.98009 3.23416,
	2.96046 3.22803,
	2.95064 3.22557,
	2.91872 3.18629,
	2.90031 3.16666,
	2.89295 3.15684,
	2.88436 3.1372,
	2.88068 3.12738,
	2.87822 3.12247,
	2.87331 3.08319,
	"/>
<Contour name="d03" hidden="false" closed="true" simplified="true" border="0 1 0" fill="0 1 0" mode="9"
 points="3.37558 3.30985,
	3.38897 3.29037,
	3.39506 3.28063,
	3.39993 3.26115,
	3.41697 3.2222,
	3.42549 3.20272,
	3.42914 3.19298,
	3.45714 3.15403,
	3.47662 3.13577,
	3.48635 3.12725,
	3.48879 3.12482,
	3.52774 3.11873,
	3.5667 3.11021,
	3.57643 3.10777,
	3.59591 3.09438,
	3.61417 3.07856,
	3.64582 3.00065,
	3.70182 2.92274,
	3.70912 2.913,
	3.78338 2.83631,
	3.80285 2.82049,
	3.84181 2.78519,
	3.91971 2.79127,
	3.95867 2.79858,
	3.97814 2.80223,
	3.98301 2.80345,
	4.00249 2.81927,
	4.01101 2.82779,
	4.02197 2.84727,
	4.0244 2.85214,
	4.02075 2.87162,
	4.02075 2.87405,
	4.00127 2.88501,
	3.96232 2.90083,
	3.94284 2.90935,
	3.9331 2.913,
	3.92824 2.91422,
	3.90998 2.93248,
	3.90024 2.94222,
	3.89415 2.95196,
	3.88198 2.99091,
	3.87589 3.01039,
	3.86737 3.04934,
	3.86494 3.0883,
	3.86372 3.10777,
	3.86372 3.11751,
	3.88076 3.19542,
	3.89415 3.23437,
	3.91363 3.27333,
	3.92337 3.2928,
	3.94041 3.31228,
	3.95015 3.31837,
	3.95502 3.3208,
	3.95745 3.32202,
	3.95867 3.33176,
	3.95867 3.33663,
	3.95867 3.33906,
	3.91971 3.37558,
	3.88076 3.40114,
	3.86128 3.41575,
	3.82233 3.42427,
	3.80285 3.42792,
	3.7639 3.43158,
	3.75416 3.43158,
	3.74442 3.43401,
	3.66652 3.48514,
	3.64704 3.49731,
	3.60808 3.50583,
	3.59835 3.50827,
	3.59348 3.50948,
	3.51557 3.49001,
	3.50583 3.48635,
	3.46688 3.45957,
	3.4474 3.44618,
	3.41088 3.40845,
	3.40236 3.39871,
	3.39749 3.39384,
	3.3841 3.35489,
	3.38045 3.34515,
	3.37801 3.32567,
	3.3768 3.31593,
	3.37558 3.31106,
	"/>
<Contour name="D10" hidden="false" closed="true" simplified="true" border="0 1 1" fill="0 1 1" mode="11"
 points="3.86169 2.47333,
	3.87057 2.42222,
	3.89633 2.37612,
	3.93646 2.33954,
	3.98702 2.31605,
	4.04307 2.30796,
	4.09911 2.31605,
	4.14968 2.33954,
	4.1898 2.37612,
	4.21556 2.42222,
	4.22444 2.47333,
	4.21556 2.52443,
	4.1898 2.57053,
	4.14968 2.60711,
	4.09911 2.6306,
	4.04307 2.63869,
	3.98702 2.6306,
	3.93646 2.60711,
	3.89633 2.57053,
	"/>
<Contour name="d03cfa03ax06" hidden="false" closed="false" simplified="false" border="0 1 1" fill="0 1 1" mode="9"
 points="3.98046 3.30643,
	3.94413 3.24103,
	3.90416 3.17927,
	3.89326 3.1066,
	3.89689 3.03757,
	3.90053 2.98307,
	3.91869 2.94311,
	3.94413 2.91041,
	"/>
</Transform>

<Transform dim="0"
 xcoef=" 0 1 0 0 0 0"
 ycoef=" 0 0 1 0 0 0">
<Contour name="ax06" comment="LK bouton trace named after cfa" hidden="false" closed="true" simplified="true" border="0 1 1" fill="0.502 1 1" mode="9"
 points="3.89903 3.03963,
	3.90147 3.03475,
	3.90208 3.0323,
	3.90391 3.02986,
	3.91245 2.9908,
	3.9149 2.98103,
	3.91612 2.97127,
	3.91917 2.96638,
	3.91978 2.96394,
	3.93382 2.94441,
	3.9387 2.93465,
	3.94053 2.92976,
	3.94053 2.92732,
	3.95091 2.90779,
	3.9564 2.89802,
	3.95884 2.89558,
	3.96372 2.89314,
	3.97349 2.89253,
	3.97837 2.89253,
	3.98081 2.89253,
	3.98326 2.89375,
	4.00279 2.89436,
	4.02232 2.88643,
	4.04185 2.87666,
	4.04673 2.87361,
	4.05101 2.86873,
	4.05345 2.86628,
	4.0565 2.8614,
	4.06077 2.85652,
	4.06688 2.84675,
	4.07054 2.83699,
	4.07847 2.79792,
	4.07908 2.79304,
	4.0803 2.7906,
	4.08885 2.78144,
	4.09373 2.77839,
	4.09862 2.77778,
	4.10106 2.77717,
	4.10594 2.779,
	4.11571 2.7845,
	4.12059 2.7845,
	4.14012 2.78999,
	4.14989 2.79304,
	4.15477 2.79365,
	4.15965 2.79548,
	4.17918 2.79731,
	4.18407 2.79853,
	4.18895 2.79853,
	4.19872 2.80159,
	4.2036 2.80342,
	4.24266 2.80342,
	4.25243 2.80403,
	4.26219 2.80647,
	4.26708 2.80708,
	4.27684 2.81135,
	4.28661 2.81684,
	4.29637 2.82478,
	4.30126 2.82844,
	4.31835 2.84797,
	4.33422 2.86751,
	4.34337 2.87727,
	4.34459 2.87971,
	4.34704 2.88215,
	4.3568 2.90169,
	4.36107 2.91145,
	4.36535 2.93098,
	4.3684 2.94075,
	4.37023 2.94563,
	4.37206 2.94807,
	4.37389 2.95296,
	4.38 2.96272,
	4.38061 2.96516,
	4.38366 2.97005,
	4.3977 3.00911,
	4.39892 3.01888,
	4.40441 3.03841,
	4.40868 3.05794,
	4.41173 3.06771,
	4.41601 3.08724,
	4.41784 3.08968,
	4.42028 3.09944,
	4.42028 3.10189,
	4.42455 3.11165,
	4.42699 3.12142,
	4.42821 3.14095,
	4.4276 3.15072,
	4.42638 3.1556,
	4.4276 3.16536,
	4.43127 3.17513,
	4.43371 3.18001,
	4.43493 3.18245,
	4.43432 3.19222,
	4.43371 3.1971,
	4.43493 3.20687,
	4.43737 3.21664,
	4.4392 3.2557,
	4.42882 3.27523,
	4.42394 3.28011,
	4.41418 3.285,
	4.40929 3.28683,
	4.38976 3.28988,
	4.37023 3.29415,
	4.3507 3.30026,
	4.33117 3.30148,
	4.2921 3.30209,
	4.27257 3.3027,
	4.2628 3.30331,
	4.26036 3.30331,
	4.24083 3.31185,
	4.23107 3.31612,
	4.22618 3.31796,
	4.21642 3.31857,
	4.21153 3.31918,
	4.192 3.31674,
	4.18712 3.31674,
	4.16759 3.30819,
	4.15782 3.30453,
	4.15294 3.3027,
	4.14317 3.30209,
	4.10411 3.30514,
	4.08458 3.30514,
	4.07481 3.30514,
	4.03575 3.30148,
	4.03086 3.30026,
	4.01133 3.29171,
	3.9918 3.28133,
	3.98204 3.27584,
	3.9625 3.2618,
	3.9448 3.24227,
	3.94358 3.2325,
	3.93931 3.22274,
	3.92893 3.20321,
	3.92039 3.18368,
	3.91795 3.17879,
	3.90696 3.13973,
	3.90147 3.10067,
	3.89964 3.0616,
	3.89903 3.04207,
	3.89903 3.04024,
	"/>
</Transform>

<Transform dim="0"
 xcoef=" 0 1 0 0 0 0"
 ycoef=" 0 0 1 0 0 0">
<Contour name="d08" hidden="false" closed="true" simplified="true" border="1 0 0" fill="1 0 0" mode="9"
 points="4.60526 4.10759,
	4.61578 4.07955,
	4.61928 4.06553,
	4.64732 4.041,
	4.66134 4.03048,
	4.66835 4.02347,
	4.72442 4.03048,
	4.75246 4.0445,
	4.75246 4.15665,
	4.73844 4.17067,
	4.72793 4.19871,
	4.72793 4.21273,
	4.7069 4.23726,
	4.67886 4.25479,
	4.62279 4.25128,
	4.60877 4.24077,
	4.60526 4.12861,
	4.60526 4.1146,
	4.60526 4.11109,
	"/>
<Contour name="d08cfa09Aax25" hidden="false" closed="false" simplified="false" border="0 1 1" fill="0 1 1" mode="9"
 points="4.60598 4.19654,
	4.60153 4.12314,
	"/>
</Transform>

<Transform dim="0"
 xcoef=" 0 1 0 0 0 0"
 ycoef=" 0 0 1 0 0 0">
<Contour name="ax25" comment="LK bouton trace named after cfa" hidden="false" closed="true" simplified="true" border="0 1 1" fill="0.502 1 1" mode="9"
 points="3.64109 4.14713,
	3.64433 4.13418,
	3.65566 4.10827,
	3.66214 4.09531,
	3.67024 4.08236,
	3.6751 4.07588,
	3.68157 4.07022,
	3.70748 4.05483,
	3.71963 4.04754,
	3.72611 4.04269,
	3.73096 4.03621,
	3.73744 4.03054,
	3.74392 4.02649,
	3.76983 4.00058,
	3.78197 3.98763,
	3.80302 3.96172,
	3.81274 3.94876,
	3.82488 3.93581,
	3.83784 3.92447,
	3.85079 3.91476,
	3.8767 3.89776,
	3.88966 3.89128,
	3.91557 3.88885,
	3.96739 3.88723,
	3.9933 3.88642,
	4.00625 3.88237,
	4.01921 3.8767,
	4.02568 3.87347,
	4.02892 3.87185,
	4.05483 3.8678,
	4.06779 3.86537,
	4.11961 3.84837,
	4.13256 3.84351,
	4.18438 3.83379,
	4.2362 3.83055,
	4.26211 3.82165,
	4.26858 3.81922,
	4.27506 3.81841,
	4.30097 3.80788,
	4.31393 3.80302,
	4.33984 3.79817,
	4.35279 3.79655,
	4.36574 3.79655,
	4.39165 3.80059,
	4.44347 3.8014,
	4.46938 3.81355,
	4.48234 3.82084,
	4.48881 3.82488,
	4.50015 3.83784,
	4.51311 3.84675,
	4.51958 3.84998,
	4.53254 3.86132,
	4.5382 3.8678,
	4.55035 3.89371,
	4.56088 3.91962,
	4.56411 3.92609,
	4.56573 3.92933,
	4.56735 3.94229,
	4.5633 3.9682,
	4.5625 3.97467,
	4.55764 3.98763,
	4.55602 3.99087,
	4.55683 4.00382,
	4.55926 4.01678,
	4.5633 4.02973,
	4.58679 4.08155,
	4.58759 4.10746,
	4.58679 4.12041,
	4.59002 4.14632,
	4.61431 4.19814,
	4.61593 4.20138,
	4.61674 4.22729,
	4.61593 4.2532,
	4.61512 4.25644,
	4.61917 4.26939,
	4.6216 4.28235,
	4.62322 4.28883,
	4.62322 4.30178,
	4.61269 4.32769,
	4.59731 4.3536,
	4.59164 4.36008,
	4.58759 4.36655,
	4.56169 4.39246,
	4.50987 4.42728,
	4.49691 4.43376,
	4.48396 4.43781,
	4.45805 4.44185,
	4.43214 4.43943,
	4.41918 4.437,
	4.39327 4.44914,
	4.38032 4.45562,
	4.36736 4.46452,
	4.36089 4.46776,
	4.34793 4.47181,
	4.33498 4.47262,
	4.30907 4.471,
	4.30259 4.471,
	4.28964 4.46695,
	4.28316 4.46614,
	4.27668 4.46372,
	4.25077 4.46129,
	4.23782 4.46129,
	4.21191 4.45643,
	4.186 4.44671,
	4.16009 4.43943,
	4.13418 4.43538,
	4.08236 4.43052,
	4.05645 4.43133,
	4.03054 4.43052,
	3.97872 4.43295,
	3.95281 4.43052,
	3.9269 4.42242,
	3.90099 4.40704,
	3.87508 4.38923,
	3.86213 4.3787,
	3.83622 4.36089,
	3.82974 4.35603,
	3.81679 4.34955,
	3.80383 4.34469,
	3.79736 4.34307,
	3.79412 4.34145,
	3.76821 4.33984,
	3.76173 4.33822,
	3.74878 4.33741,
	3.73582 4.33174,
	3.72934 4.3285,
	3.71639 4.31878,
	3.71315 4.31716,
	3.70101 4.30421,
	3.69291 4.29126,
	3.68724 4.2783,
	3.684 4.27182,
	3.68238 4.26535,
	3.67591 4.25239,
	3.67186 4.24591,
	3.67024 4.24268,
	3.66862 4.24106,
	3.66781 4.23782,
	3.66538 4.23458,
	3.66538 4.23296,
	3.66214 4.22972,
	3.65404 4.21677,
	3.64919 4.21029,
	3.64433 4.19733,
	3.6419 4.18438,
	3.64109 4.15847,
	3.64109 4.15199,
	3.64109 4.14875,
	3.64109 4.14794,
	"/>
</Transform>

<Transform dim="0"
 xcoef=" 0 1 0 0 0 0"
 ycoef=" 0 0 1 0 0 0">
<Contour name="ax28" comment="LK bouton trace named after cfa" hidden="false" closed="true" simplified="true" border="0 1 1" fill="0.502 1 1" mode="9"
 points="5.67481 2.82562,
	5.67678 2.82365,
	5.68169 2.80793,
	5.68169 2.79221,
	5.68267 2.78828,
	5.68267 2.78632,
	5.6866 2.78337,
	5.6866 2.7814,
	5.69348 2.77649,
	5.70134 2.77747,
	5.73278 2.77649,
	5.7485 2.77747,
	5.75243 2.77747,
	5.75537 2.7814,
	5.7593 2.78239,
	5.76225 2.78533,
	5.76323 2.78926,
	5.76716 2.79221,
	5.77208 2.80007,
	5.77502 2.80302,
	5.77502 2.80498,
	5.7819 2.81186,
	5.79271 2.82562,
	5.80057 2.83053,
	5.8045 2.83348,
	5.80646 2.83348,
	5.81039 2.83642,
	5.81825 2.83839,
	5.82611 2.83839,
	5.83987 2.84821,
	5.84183 2.85214,
	5.8438 2.85214,
	5.84576 2.85411,
	5.84576 2.85607,
	5.84871 2.86,
	5.84871 2.86197,
	5.84282 2.86884,
	5.84085 2.86884,
	5.83397 2.87376,
	5.83004 2.87474,
	5.82906 2.87572,
	5.83004 2.8767,
	5.82611 2.87965,
	5.81825 2.88162,
	5.81039 2.88555,
	5.80253 2.88555,
	5.80057 2.88555,
	5.79664 2.88849,
	5.78878 2.89046,
	5.78485 2.89144,
	5.78288 2.89144,
	5.77994 2.89439,
	5.76422 2.89537,
	5.76029 2.89439,
	5.75243 2.89537,
	5.74457 2.89439,
	5.73671 2.89144,
	5.73278 2.88948,
	5.7318 2.88849,
	5.72787 2.88948,
	5.71313 2.8826,
	5.70625 2.87769,
	5.70232 2.87572,
	5.68857 2.86197,
	5.6866 2.86,
	5.68464 2.85214,
	5.67972 2.84428,
	5.67481 2.82856,
	5.67481 2.8266,
	"/>
</Transform>

<Transform dim="0"
 xcoef=" 0 1 0 0 0 0"
 ycoef=" 0 0 1 0 0 0">
<Contour name="d03c03ax06" hidden="false" closed="true" simplified="true" border="0 1 0" fill="0 1 0" mode="9"
 points="3.78549 3.12696,
	3.88079 2.90716,
	3.8868 2.89342,
	3.88852 2.89256,
	3.94347 2.90544,
	3.97094 2.91231,
	3.97781 2.91403,
	3.98124 2.91489,
	3.98296 2.91489,
	3.98468 2.91832,
	4.0216 3.13812,
	4.03963 3.24802,
	4.0422 3.26175,
	4.04306 3.26862,
	4.04392 3.27206,
	3.98983 3.30211,
	3.93488 3.33044,
	3.90741 3.34503,
	3.9014 3.34847,
	3.78635 3.12867,
	3.78549 3.12781,
	"/>
</Transform>

<Transform dim="0"
 xcoef=" 0 1 0 0 0 0"
 ycoef=" 0 0 1 0 0 0">
<Contour name="d08c09Aax25" hidden="false" closed="true" simplified="true" border="0 1 0" fill="0 1 0" mode="9"
 points="4.55352 4.19146,
	4.55605 4.13757,
	4.55605 4.13084,
	4.55647 4.12747,
	4.55647 4.12579,
	4.55647 4.12494,
	4.56994 4.12368,
	4.62383 4.12116,
	4.62467 4.12116,
	4.62551 4.12452,
	4.62972 4.17841,
	4.63098 4.19188,
	4.63141 4.19525,
	4.63141 4.19609,
	4.57752 4.19694,
	4.56405 4.19694,
	4.55731 4.19694,
	4.55394 4.19694,
	4.55352 4.19357,
	4.55352 4.19188,
	"/>
</Transform>

<Transform dim="0"
 xcoef=" 0 1 0 0 0 0"
 ycoef=" 0 0 1 0 0 0">
<Contour name="ddh_d06ax07" comment="traced by ddh 12/20/18" hidden="false" closed="true" simplified="true" border="0.5 0 1" fill="0.5 0 1" mode="11"
 points="1.80542 8.54265,
	1.80789 8.53475,
	1.80789 8.53376,
	1.80887 8.53277,
	1.81134 8.52487,
	1.83603 8.49376,
	1.83999 8.4908,
	1.84196 8.4903,
	1.85727 8.48043,
	1.86517 8.47598,
	1.86912 8.47351,
	1.8711 8.47302,
	1.87505 8.47055,
	1.89085 8.46413,
	1.90665 8.46166,
	1.91455 8.46117,
	1.92245 8.45969,
	1.9264 8.4587,
	1.92838 8.4582,
	1.92937 8.4582,
	1.93035 8.45722,
	1.93233 8.45672,
	1.93332 8.45573,
	1.93529 8.45524,
	1.93628 8.45524,
	1.93727 8.45425,
	1.94122 8.45277,
	1.94912 8.45228,
	1.95702 8.45277,
	1.96097 8.45327,
	1.96887 8.45623,
	1.97085 8.45672,
	1.97184 8.45672,
	1.97282 8.45771,
	1.97677 8.45919,
	1.97776 8.46018,
	1.97875 8.46018,
	1.9827 8.46314,
	1.98912 8.47055,
	1.99159 8.4745,
	1.99208 8.47648,
	1.99307 8.47746,
	1.99307 8.48536,
	1.99258 8.48931,
	1.99258 8.49129,
	1.9911 8.49524,
	1.9906 8.49919,
	1.98961 8.50117,
	1.98912 8.50512,
	1.98764 8.50907,
	1.98813 8.52487,
	1.98961 8.54067,
	1.98912 8.55647,
	1.98813 8.56043,
	1.98369 8.56833,
	1.98023 8.57228,
	1.97282 8.57771,
	1.95801 8.58709,
	1.95406 8.58907,
	1.95307 8.58907,
	1.9511 8.59055,
	1.94912 8.59104,
	1.94813 8.59203,
	1.94418 8.59351,
	1.92838 8.59401,
	1.92443 8.59302,
	1.92048 8.59104,
	1.91752 8.58857,
	1.91356 8.58561,
	1.90715 8.58117,
	1.89924 8.5782,
	1.89134 8.5787,
	1.88937 8.5787,
	1.88838 8.5787,
	1.88048 8.58363,
	1.8785 8.58512,
	1.87653 8.58561,
	1.87455 8.58709,
	1.8706 8.58808,
	1.86863 8.58907,
	1.86764 8.58907,
	1.86665 8.59005,
	1.8627 8.59055,
	1.86171 8.59154,
	1.85381 8.59154,
	1.84986 8.59104,
	1.84789 8.59104,
	1.83208 8.58512,
	1.82418 8.58067,
	1.81727 8.57475,
	1.81085 8.56734,
	1.80838 8.56339,
	1.8069 8.56141,
	1.80542 8.55351,
	1.80542 8.54561,
	1.80542 8.54364,
	1.80542 8.54314,
	"/>
</Transform>

<Transform dim="0"
 xcoef=" 0 1 0 0 0 0"
 ycoef=" 0 0 1 0 0 0">
<Contour name="ddh_d06ax08" comment="traced by ddh" hidden="false" closed="true" simplified="true" border="1 0 0.5" fill="1 0 0.5" mode="11"
 points="0.749973 8.30964,
	0.752761 8.29849,
	0.756246 8.29361,
	0.761125 8.28873,
	0.766701 8.28595,
	0.770186 8.28385,
	0.775762 8.28037,
	0.786914 8.27688,
	0.809218 8.26782,
	0.82037 8.26573,
	0.825946 8.26573,
	0.831522 8.26713,
	0.837098 8.26713,
	0.839886 8.26643,
	0.845462 8.26852,
	0.846856 8.26852,
	0.84825 8.26991,
	0.870554 8.27619,
	0.881706 8.27828,
	0.892858 8.28176,
	0.898434 8.28316,
	0.899828 8.28316,
	0.901222 8.28455,
	0.912374 8.28664,
	0.91795 8.28804,
	0.920738 8.28804,
	0.923526 8.28943,
	0.929102 8.29013,
	0.940254 8.29501,
	0.945133 8.29779,
	0.946527 8.29919,
	0.952103 8.29989,
	0.963255 8.30755,
	0.968134 8.31173,
	0.973013 8.31731,
	0.975104 8.3201,
	0.975801 8.32289,
	0.979286 8.32846,
	0.981377 8.33125,
	0.982771 8.33264,
	0.982771 8.33404,
	0.984862 8.33683,
	0.984862 8.33822,
	0.992529 8.34868,
	0.998105 8.35983,
	1.0002 8.3654,
	1.00089 8.37098,
	1.0002 8.37656,
	0.998105 8.38213,
	0.996711 8.38422,
	0.991135 8.3884,
	0.979983 8.39328,
	0.974407 8.39607,
	0.971619 8.39607,
	0.966043 8.39886,
	0.954891 8.40095,
	0.949315 8.40234,
	0.927011 8.40234,
	0.915859 8.40025,
	0.904707 8.39607,
	0.899131 8.39468,
	0.897737 8.39328,
	0.886585 8.3898,
	0.881009 8.38771,
	0.878221 8.38562,
	0.876827 8.38562,
	0.874039 8.38283,
	0.862887 8.37865,
	0.851735 8.37656,
	0.846159 8.37516,
	0.840583 8.37516,
	0.837795 8.37377,
	0.832219 8.37307,
	0.829431 8.37307,
	0.826643 8.37168,
	0.815491 8.37028,
	0.809915 8.37028,
	0.804339 8.36819,
	0.801551 8.36819,
	0.790399 8.36471,
	0.784823 8.36262,
	0.773671 8.35495,
	0.763913 8.34519,
	0.756246 8.33404,
	0.751367 8.32289,
	0.749973 8.31731,
	0.749973 8.31173,
	0.749973 8.31034,
	"/>
</Transform>

<Transform dim="0"
 xcoef=" 0 1 0 0 0 0"
 ycoef=" 0 0 1 0 0 0">
<Contour name="ddh_d06ax10" comment="traced by ddh" hidden="false" closed="true" simplified="true" border="1 1 0" fill="1 1 0" mode="11"
 points="3.74535 7.83788,
	3.74718 7.82815,
	3.75387 7.80931,
	3.75569 7.80444,
	3.75569 7.78499,
	3.75751 7.77526,
	3.76055 7.77039,
	3.76238 7.76553,
	3.76299 7.7631,
	3.78974 7.72479,
	3.79217 7.72358,
	3.79339 7.72236,
	3.79825 7.72054,
	3.81649 7.70898,
	3.82622 7.70534,
	3.83595 7.70412,
	3.87486 7.70473,
	3.88459 7.70412,
	3.89432 7.7023,
	3.89675 7.7023,
	3.89918 7.70108,
	3.90161 7.70108,
	3.90648 7.69926,
	3.90891 7.69865,
	3.91134 7.69682,
	3.92107 7.69257,
	3.9235 7.69074,
	3.92593 7.69014,
	3.93566 7.68466,
	3.94539 7.68284,
	3.95512 7.68345,
	3.95998 7.68527,
	3.9691 7.69135,
	3.97701 7.69865,
	3.98673 7.70473,
	3.9916 7.70655,
	4.00133 7.70777,
	4.02078 7.70716,
	4.03051 7.70777,
	4.03538 7.70777,
	4.04024 7.70898,
	4.0451 7.71202,
	4.04632 7.71324,
	4.04754 7.71324,
	4.05362 7.72175,
	4.05544 7.72662,
	4.05605 7.73634,
	4.05362 7.74607,
	4.0524 7.75094,
	4.04814 7.76067,
	4.04754 7.7631,
	4.04024 7.77161,
	4.03173 7.77891,
	4.022 7.78559,
	4.01957 7.78681,
	4.01896 7.78803,
	4.01774 7.78803,
	4.00802 7.79411,
	3.99829 7.79897,
	3.99342 7.80079,
	3.99099 7.80262,
	3.98126 7.80566,
	3.97153 7.80748,
	3.96181 7.80748,
	3.95694 7.80748,
	3.95208 7.8087,
	3.91317 7.80931,
	3.89371 7.81174,
	3.89249 7.81174,
	3.89128 7.81295,
	3.88641 7.81417,
	3.8852 7.81417,
	3.88398 7.81539,
	3.87912 7.8166,
	3.87668 7.81782,
	3.87547 7.81782,
	3.8706 7.82086,
	3.86817 7.82207,
	3.86756 7.82329,
	3.86513 7.8239,
	3.85723 7.8318,
	3.83777 7.84457,
	3.83534 7.84579,
	3.83412 7.84579,
	3.82561 7.85308,
	3.82318 7.8543,
	3.82136 7.85673,
	3.81892 7.85795,
	3.81406 7.8622,
	3.8092 7.86524,
	3.80676 7.86707,
	3.80555 7.86707,
	3.80068 7.87072,
	3.79947 7.87072,
	3.79035 7.87619,
	3.78548 7.87801,
	3.77575 7.87862,
	3.76603 7.87801,
	3.76359 7.8768,
	3.75873 7.87619,
	3.75387 7.87315,
	3.75204 7.87072,
	3.74839 7.86099,
	3.74718 7.85856,
	3.74718 7.85734,
	3.74596 7.85612,
	3.74535 7.84639,
	3.74535 7.84153,
	3.74535 7.8391,
	3.74535 7.83849,
	"/>
</Transform>

<Transform dim="0"
 xcoef=" 0 1 0 0 0 0"
 ycoef=" 0 0 1 0 0 0">
<Contour name="ddh_d07ax14a" comment="traced by ddh" hidden="false" closed="true" simplified="true" border="1 0 1" fill="1 0 1" mode="11"
 points="1.39396 8.16813,
	1.4029 8.15024,
	1.4057 8.1413,
	1.42414 8.10553,
	1.43364 8.08764,
	1.43979 8.0787,
	1.44091 8.07647,
	1.44985 8.06808,
	1.45432 8.06641,
	1.45879 8.06585,
	1.45991 8.06529,
	1.46215 8.06585,
	1.47109 8.06305,
	1.48003 8.05802,
	1.48395 8.05355,
	1.48562 8.05131,
	1.48786 8.04237,
	1.48618 8.0379,
	1.48339 8.03343,
	1.475 8.0256,
	1.47109 8.02169,
	1.4683 8.01275,
	1.46718 8.00381,
	1.46774 7.99486,
	1.4683 7.99039,
	1.46774 7.98592,
	1.46494 7.97698,
	1.46382 7.97474,
	1.46271 7.97362,
	1.45879 7.95574,
	1.45935 7.9468,
	1.45935 7.94456,
	1.46103 7.94232,
	1.46382 7.93338,
	1.47221 7.9155,
	1.47668 7.90655,
	1.48003 7.89761,
	1.48506 7.88867,
	1.48674 7.8842,
	1.49233 7.87525,
	1.49457 7.87078,
	1.50183 7.86184,
	1.50574 7.85737,
	1.52363 7.84563,
	1.52587 7.84339,
	1.53034 7.84116,
	1.53928 7.83501,
	1.54375 7.83333,
	1.55269 7.83389,
	1.56164 7.83557,
	1.56387 7.83669,
	1.56611 7.83669,
	1.56723 7.83669,
	1.56946 7.83836,
	1.5717 7.83836,
	1.57393 7.84004,
	1.58288 7.84172,
	1.59182 7.84507,
	1.6097 7.84675,
	1.62759 7.84731,
	1.66336 7.84507,
	1.68125 7.84339,
	1.69913 7.84284,
	1.71702 7.8406,
	1.72596 7.84172,
	1.7349 7.84507,
	1.73714 7.84563,
	1.74608 7.85234,
	1.74999 7.85681,
	1.75167 7.86128,
	1.75335 7.86352,
	1.75502 7.87246,
	1.75558 7.8814,
	1.75279 7.89034,
	1.74888 7.89929,
	1.7472 7.90376,
	1.74552 7.92164,
	1.74496 7.93059,
	1.7444 7.93506,
	1.74273 7.93953,
	1.73658 7.94847,
	1.73379 7.95294,
	1.72596 7.96189,
	1.71478 7.97977,
	1.70919 7.99766,
	1.70528 8.01554,
	1.7036 8.02001,
	1.70304 8.02449,
	1.70304 8.02672,
	1.70752 8.03566,
	1.71031 8.04014,
	1.71478 8.04237,
	1.71925 8.04293,
	1.72372 8.04125,
	1.7282 8.0379,
	1.73043 8.03566,
	1.7349 8.03287,
	1.74385 8.03063,
	1.74832 8.03008,
	1.75055 8.02952,
	1.75502 8.03008,
	1.7595 8.02952,
	1.77738 8.03119,
	1.79527 8.03455,
	1.80421 8.0379,
	1.80645 8.03846,
	1.81092 8.04237,
	1.81148 8.04461,
	1.81036 8.04908,
	1.80756 8.05355,
	1.80533 8.05579,
	1.80309 8.0569,
	1.80197 8.05802,
	1.79974 8.05858,
	1.79527 8.06137,
	1.78632 8.06473,
	1.76844 8.07702,
	1.76676 8.07926,
	1.7662 8.0882,
	1.76956 8.09715,
	1.77515 8.10609,
	1.78409 8.11391,
	1.79303 8.11783,
	1.80197 8.12006,
	1.81092 8.12118,
	1.81986 8.12342,
	1.8288 8.12789,
	1.83327 8.13012,
	1.83775 8.13404,
	1.84278 8.14242,
	1.84389 8.1603,
	1.84222 8.17819,
	1.84222 8.18713,
	1.84166 8.1916,
	1.84166 8.19384,
	1.83775 8.19775,
	1.83551 8.19999,
	1.83104 8.20222,
	1.81315 8.20502,
	1.79527 8.20614,
	1.77738 8.20502,
	1.76844 8.20558,
	1.6969 8.2162,
	1.67901 8.21787,
	1.67454 8.21732,
	1.6656 8.21787,
	1.64771 8.21396,
	1.63877 8.21117,
	1.62088 8.20893,
	1.58511 8.20781,
	1.56723 8.20725,
	1.54934 8.20949,
	1.5404 8.21061,
	1.50463 8.20893,
	1.48674 8.20781,
	1.46885 8.20502,
	1.45991 8.20446,
	1.45097 8.20278,
	1.4465 8.20222,
	1.42861 8.19663,
	1.41073 8.18937,
	1.40178 8.18602,
	1.39787 8.18322,
	1.39396 8.17428,
	1.39396 8.16981,
	1.39396 8.16869,
	"/>
</Transform>

<Transform dim="0"
 xcoef=" 0 1 0 0 0 0"
 ycoef=" 0 0 1 0 0 0">
<Contour name="ddh_d07ax12" comment="traced by ddh" hidden="false" closed="true" simplified="true" border="1 0 0" fill="1 0 0" mode="11"
 points="3.69165 8.13631,
	3.6993 8.11185,
	3.71153 8.08739,
	3.71994 8.07516,
	3.72682 8.06292,
	3.73752 8.05069,
	3.74593 8.03846,
	3.7574 8.02699,
	3.78186 8.01553,
	3.79409 8.01094,
	3.80021 8.00865,
	3.82467 7.99259,
	3.84913 7.97195,
	3.86137 7.96354,
	3.86748 7.95896,
	3.89195 7.94749,
	3.90418 7.94367,
	3.90724 7.9429,
	3.90876 7.94214,
	3.91182 7.9429,
	3.92405 7.94061,
	3.94852 7.93908,
	3.95463 7.93755,
	3.95769 7.93755,
	3.98215 7.92455,
	4.00662 7.9085,
	4.01885 7.90162,
	4.02496 7.89703,
	4.0372 7.89092,
	4.06166 7.8848,
	4.07389 7.88251,
	4.08001 7.88174,
	4.08612 7.88251,
	4.09835 7.88021,
	4.11059 7.87563,
	4.1167 7.87333,
	4.12282 7.87257,
	4.13505 7.86798,
	4.14728 7.86569,
	4.1534 7.8634,
	4.16563 7.86263,
	4.17786 7.8634,
	4.20232 7.87563,
	4.21455 7.88251,
	4.22067 7.88786,
	4.22679 7.89168,
	4.23137 7.8978,
	4.2436 7.90391,
	4.26807 7.91309,
	4.27418 7.91538,
	4.2803 7.91615,
	4.29253 7.92073,
	4.29865 7.92303,
	4.31088 7.92303,
	4.32311 7.92455,
	4.33534 7.92761,
	4.34146 7.9322,
	4.34452 7.93526,
	4.34528 7.93832,
	4.34757 7.94137,
	4.34757 7.9429,
	4.3491 7.94443,
	4.3514 7.95666,
	4.35063 7.96278,
	4.34681 7.96889,
	4.34069 7.97348,
	4.33763 7.97425,
	4.31317 7.99489,
	4.30094 8.0033,
	4.29482 8.00788,
	4.28947 8.014,
	4.28718 8.01706,
	4.28565 8.01859,
	4.28412 8.03082,
	4.28641 8.04305,
	4.28794 8.04916,
	4.28794 8.0614,
	4.28412 8.07363,
	4.27342 8.09809,
	4.2696 8.11032,
	4.26883 8.11644,
	4.26425 8.12867,
	4.26042 8.13479,
	4.25431 8.14014,
	4.24819 8.14396,
	4.23061 8.16842,
	4.21914 8.19289,
	4.21532 8.20512,
	4.21379 8.21123,
	4.21303 8.21429,
	4.21226 8.21582,
	4.21532 8.22805,
	4.21455 8.24028,
	4.20462 8.26475,
	4.19315 8.28921,
	4.19086 8.29533,
	4.18856 8.29838,
	4.18627 8.31061,
	4.1855 8.31367,
	4.18703 8.3259,
	4.19009 8.33202,
	4.19621 8.33737,
	4.20232 8.34119,
	4.20538 8.34349,
	4.20844 8.34425,
	4.2115 8.34731,
	4.21379 8.35343,
	4.21226 8.35954,
	4.2092 8.36566,
	4.18474 8.3863,
	4.17251 8.39394,
	4.16639 8.39471,
	4.16028 8.39776,
	4.13581 8.40465,
	4.12358 8.41076,
	4.11135 8.42146,
	4.10523 8.42758,
	4.093 8.43599,
	4.08077 8.4421,
	4.07771 8.44363,
	4.05325 8.44593,
	4.04713 8.44669,
	4.04102 8.44593,
	4.0349 8.44669,
	4.01044 8.44134,
	3.98598 8.43446,
	3.96151 8.43217,
	3.94928 8.4314,
	3.92482 8.43446,
	3.90035 8.4444,
	3.87589 8.45816,
	3.85143 8.47345,
	3.84531 8.47727,
	3.8392 8.47956,
	3.82697 8.48033,
	3.81473 8.47956,
	3.8025 8.47727,
	3.79027 8.47268,
	3.78415 8.47192,
	3.77804 8.46963,
	3.77498 8.46733,
	3.77192 8.46657,
	3.76581 8.46122,
	3.76046 8.44898,
	3.7574 8.43675,
	3.76122 8.41229,
	3.76275 8.40006,
	3.76198 8.38783,
	3.7574 8.3756,
	3.75128 8.36336,
	3.7467 8.35113,
	3.74593 8.3389,
	3.74364 8.32667,
	3.74593 8.31444,
	3.75587 8.28997,
	3.75893 8.28386,
	3.76198 8.27163,
	3.76351 8.25939,
	3.76198 8.24716,
	3.76198 8.24105,
	3.75816 8.22882,
	3.73905 8.20435,
	3.72758 8.19212,
	3.72147 8.18601,
	3.70924 8.17683,
	3.70312 8.17224,
	3.69853 8.16613,
	3.69318 8.1539,
	3.69165 8.14167,
	3.69165 8.13861,
	3.69165 8.13708,
	"/>
</Transform>

<Transform dim="6"
 xcoef=" 0.404440045125514 1.01392465112942 0.0170789272920093 0 0 0"
 ycoef=" -0.542353929324123 0.0356398347116194 1.01165081492266 0 0 0">
<Image mag="0.00217507" contrast="0.917" brightness="0.12" red="true" green="true" blue="true"
 src="FHLTD.74.jpg" />
<Contour name="domain1" hidden="false" closed="true" simplified="false" border="1 0 1" fill="1 0 1" mode="11"
 points="0 0,
	4096 0,
	4096 4096,
	0 4096,
	"/>
</Transform>

<Transform dim="0"
 xcoef=" 0 1 0 0 0 0"
 ycoef=" 0 0 1 0 0 0">
<Contour name="ddh_d08ax12" comment="traced by ddh" hidden="false" closed="true" simplified="true" border="0 1 1" fill="0 1 1" mode="11"
 points="4.43931 3.05009,
	4.44275 3.04322,
	4.44447 3.03978,
	4.45135 3.03462,
	4.45823 3.03118,
	4.47198 3.03032,
	4.49949 3.03118,
	4.50637 3.03118,
	4.52012 3.02516,
	4.52356 3.02344,
	4.53732 3.02172,
	4.54075 3.02087,
	4.54763 3.02172,
	4.55365 3.02774,
	4.55795 3.03462,
	4.56225 3.04837,
	4.5674 3.06041,
	4.58374 3.08792,
	4.58632 3.0948,
	4.58546 3.10167,
	4.5846 3.10511,
	4.5846 3.10683,
	4.57084 3.11801,
	4.56396 3.12145,
	4.56053 3.12402,
	4.54677 3.12832,
	4.53302 3.13434,
	4.52614 3.13692,
	4.51238 3.13778,
	4.49863 3.14036,
	4.48488 3.14122,
	4.47112 3.1395,
	4.45737 3.13434,
	4.45049 3.12918,
	4.44533 3.12231,
	4.44361 3.11887,
	4.44619 3.10511,
	4.44619 3.09136,
	4.44361 3.0776,
	4.44017 3.07073,
	4.43931 3.05697,
	4.43931 3.05095,
	"/>
</Transform>

<Transform dim="0"
 xcoef=" 0 1 0 0 0 0"
 ycoef=" 0 0 1 0 0 0">
<Contour name="ddh_d08ax11" comment="traced by ddh" hidden="false" closed="true" simplified="true" border="1 0 1" fill="1 0 1" mode="11"
 points="4.71508 2.85339,
	4.7168 2.84654,
	4.7168 2.83968,
	4.72023 2.82596,
	4.7228 2.81911,
	4.72365 2.81225,
	4.7288 2.79854,
	4.7288 2.79168,
	4.7288 2.78825,
	4.73308 2.77454,
	4.73565 2.76082,
	4.73737 2.75396,
	4.74423 2.74025,
	4.75365 2.72654,
	4.78108 2.70168,
	4.79222 2.68797,
	4.80765 2.66054,
	4.81622 2.64682,
	4.82994 2.63482,
	4.84365 2.6254,
	4.85051 2.62111,
	4.85394 2.61854,
	4.86765 2.6134,
	4.88137 2.60997,
	4.90879 2.60654,
	4.92251 2.60568,
	4.92937 2.60568,
	4.95679 2.59797,
	4.97051 2.59282,
	4.99794 2.57825,
	5.01165 2.57397,
	5.02536 2.57225,
	5.05279 2.5774,
	5.06651 2.57997,
	5.08022 2.57997,
	5.08708 2.57997,
	5.11451 2.57311,
	5.14193 2.5714,
	5.16936 2.57568,
	5.19679 2.57568,
	5.2105 2.57311,
	5.21736 2.56968,
	5.22422 2.56797,
	5.22765 2.56625,
	5.24136 2.56454,
	5.26879 2.56368,
	5.2825 2.56111,
	5.28936 2.56025,
	5.31679 2.54911,
	5.3305 2.54311,
	5.33736 2.54054,
	5.34422 2.54054,
	5.34765 2.53882,
	5.36136 2.53968,
	5.36822 2.54054,
	5.38193 2.5474,
	5.38879 2.55254,
	5.39222 2.55597,
	5.39565 2.55768,
	5.39907 2.56282,
	5.39993 2.56625,
	5.40422 2.57311,
	5.40593 2.57997,
	5.40507 2.58682,
	5.3905 2.61425,
	5.38793 2.62797,
	5.38793 2.63482,
	5.3905 2.64168,
	5.39479 2.64854,
	5.39822 2.65197,
	5.40507 2.65625,
	5.4085 2.65882,
	5.41536 2.66139,
	5.42907 2.66397,
	5.44279 2.66997,
	5.44964 2.67597,
	5.45222 2.68282,
	5.45393 2.71025,
	5.45393 2.72397,
	5.45307 2.73082,
	5.44793 2.74454,
	5.4445 2.75139,
	5.44364 2.75825,
	5.4445 2.76511,
	5.4625 2.79254,
	5.46936 2.80625,
	5.47879 2.83282,
	5.48136 2.83968,
	5.48307 2.84311,
	5.48393 2.85682,
	5.48307 2.87053,
	5.48222 2.87739,
	5.47707 2.89111,
	5.47279 2.89796,
	5.47107 2.90139,
	5.46422 2.90825,
	5.43679 2.92968,
	5.42307 2.93911,
	5.40936 2.94682,
	5.39565 2.95796,
	5.38879 2.96311,
	5.37507 2.97082,
	5.34765 2.98368,
	5.34079 2.9871,
	5.33393 2.9931,
	5.32879 2.99996,
	5.31508 3.00939,
	5.30136 3.01625,
	5.28765 3.02139,
	5.26022 3.03596,
	5.2465 3.04368,
	5.21908 3.04796,
	5.21222 3.04882,
	5.18479 3.04625,
	5.17108 3.04368,
	5.15736 3.04282,
	5.14365 3.04453,
	5.12993 3.04796,
	5.07508 3.05739,
	5.06136 3.05996,
	5.00651 3.06253,
	4.99279 3.06168,
	4.96537 3.05482,
	4.95165 3.05053,
	4.93794 3.04368,
	4.93108 3.03853,
	4.91822 3.03082,
	4.91137 3.02568,
	4.89765 3.01882,
	4.89079 3.01625,
	4.86337 3.01625,
	4.84965 3.01196,
	4.84622 3.01025,
	4.84022 3.00339,
	4.83165 2.98968,
	4.81794 2.96225,
	4.8008 2.93482,
	4.79565 2.92796,
	4.7888 2.92111,
	4.78194 2.91596,
	4.77508 2.91253,
	4.74765 2.90825,
	4.7408 2.90739,
	4.73394 2.90311,
	4.72708 2.89711,
	4.71937 2.88339,
	4.71765 2.87996,
	4.71594 2.86625,
	4.71508 2.85939,
	4.71508 2.85596,
	4.71508 2.85425,
	"/>
</Transform>

<Transform dim="0"
 xcoef=" 0 1 0 0 0 0"
 ycoef=" 0 0 1 0 0 0">
<Contour name="ddh_d08ax11" comment="traced by ddh" hidden="false" closed="true" simplified="true" border="1 0 1" fill="1 0 1" mode="11"
 points="4.06146 2.72244,
	4.06376 2.71321,
	4.06492 2.7086,
	4.06549 2.70629,
	4.07357 2.69706,
	4.0776 2.69303,
	4.08625 2.68841,
	4.08856 2.68784,
	4.09087 2.68611,
	4.09548 2.68438,
	4.09779 2.68322,
	4.09894 2.68207,
	4.10125 2.68149,
	4.10586 2.67861,
	4.10701 2.67746,
	4.10932 2.67688,
	4.1099 2.67573,
	4.11451 2.67457,
	4.11682 2.67342,
	4.11797 2.67342,
	4.11912 2.67227,
	4.12374 2.67111,
	4.13296 2.6665,
	4.14219 2.66477,
	4.1445 2.66477,
	4.1468 2.66362,
	4.15603 2.66304,
	4.16064 2.66419,
	4.16526 2.66419,
	4.17448 2.66708,
	4.1791 2.66823,
	4.18371 2.67054,
	4.18486 2.67227,
	4.19409 2.67861,
	4.19582 2.68092,
	4.20043 2.6838,
	4.21889 2.69937,
	4.2235 2.70168,
	4.22811 2.70514,
	4.23734 2.70975,
	4.24195 2.71263,
	4.2506 2.72186,
	4.25983 2.72474,
	4.26444 2.72647,
	4.26906 2.72705,
	4.27136 2.7282,
	4.28059 2.72878,
	4.2852 2.73051,
	4.28982 2.73109,
	4.29443 2.73282,
	4.29558 2.73397,
	4.3002 2.73455,
	4.30481 2.73628,
	4.30712 2.73685,
	4.30942 2.73858,
	4.31865 2.74147,
	4.32326 2.74377,
	4.32788 2.74781,
	4.33076 2.75242,
	4.33249 2.75704,
	4.33249 2.76165,
	4.33191 2.76396,
	4.33018 2.76626,
	4.32961 2.76857,
	4.32845 2.76972,
	4.32788 2.77203,
	4.32384 2.77664,
	4.31461 2.78183,
	4.29616 2.78587,
	4.25925 2.78933,
	4.2408 2.79279,
	4.23157 2.79394,
	4.22696 2.79394,
	4.22235 2.79567,
	4.21773 2.79567,
	4.21543 2.79683,
	4.19697 2.7974,
	4.18775 2.7974,
	4.16929 2.7951,
	4.16468 2.79337,
	4.14623 2.79106,
	4.137 2.78645,
	4.13469 2.78587,
	4.13354 2.78472,
	4.13239 2.78472,
	4.13008 2.78241,
	4.12085 2.77722,
	4.11855 2.77607,
	4.11739 2.77491,
	4.11509 2.77434,
	4.09663 2.76223,
	4.08741 2.75588,
	4.0851 2.75473,
	4.07587 2.74666,
	4.07126 2.7432,
	4.06376 2.73397,
	4.06261 2.72936,
	4.06146 2.7282,
	4.06146 2.72359,
	4.06146 2.72301,
	"/>
</Transform>

<Transform dim="0"
 xcoef=" 0 1 0 0 0 0"
 ycoef=" 0 0 1 0 0 0">
<Contour name="ddh_d08ax08" comment="traced by ddh" hidden="false" closed="true" simplified="true" border="1 0 1" fill="1 0 1" mode="11"
 points="3.23764 4.74136,
	3.25439 4.73299,
	3.26276 4.7288,
	3.27113 4.72671,
	3.30462 4.72776,
	3.32136 4.72357,
	3.35484 4.71834,
	3.38833 4.71834,
	3.40507 4.71729,
	3.41344 4.71415,
	3.43019 4.71101,
	3.44693 4.70578,
	3.46367 4.69846,
	3.46681 4.69532,
	3.47518 4.69218,
	3.49193 4.68067,
	3.50867 4.67334,
	3.54215 4.65555,
	3.5589 4.64823,
	3.57564 4.64614,
	3.58401 4.64509,
	3.60075 4.63776,
	3.6175 4.63358,
	3.68447 4.62835,
	3.71795 4.62625,
	3.7347 4.62521,
	3.74307 4.62416,
	3.75981 4.62521,
	3.7933 4.63253,
	3.82678 4.63672,
	3.84353 4.63986,
	3.9105 4.64404,
	3.94398 4.65032,
	3.96073 4.65241,
	3.9691 4.65346,
	4.00258 4.66497,
	4.03607 4.67857,
	4.05281 4.68171,
	4.06955 4.68171,
	4.07793 4.68171,
	4.1449 4.66079,
	4.15327 4.65765,
	4.16164 4.6566,
	4.17838 4.65032,
	4.18675 4.64823,
	4.2035 4.64718,
	4.21187 4.64509,
	4.22861 4.64509,
	4.23698 4.64509,
	4.25373 4.6409,
	4.28721 4.63881,
	4.29558 4.63881,
	4.31233 4.63567,
	4.32907 4.63462,
	4.36255 4.6273,
	4.3793 4.62311,
	4.39604 4.62207,
	4.46301 4.62939,
	4.47975 4.63149,
	4.4965 4.63567,
	4.52998 4.63776,
	4.59695 4.63462,
	4.6137 4.63358,
	4.64718 4.62625,
	4.65555 4.62416,
	4.6723 4.61579,
	4.68067 4.61474,
	4.69741 4.60846,
	4.70578 4.60742,
	4.77275 4.58649,
	4.7895 4.58126,
	4.79787 4.57602,
	4.81356 4.56033,
	4.8188 4.55196,
	4.82089 4.54777,
	4.83763 4.54045,
	4.85437 4.53835,
	4.86275 4.53731,
	4.87112 4.53417,
	4.88786 4.53731,
	4.92135 4.5394,
	4.92972 4.5394,
	4.9339 4.5394,
	4.95065 4.53103,
	5.01762 4.51115,
	5.03436 4.50801,
	5.0511 4.50696,
	5.05947 4.50801,
	5.06366 4.50801,
	5.07203 4.51115,
	5.08877 4.5101,
	5.09715 4.5101,
	5.11389 4.51742,
	5.12226 4.52266,
	5.12645 4.52475,
	5.13796 4.54149,
	5.14214 4.54986,
	5.14319 4.55405,
	5.15156 4.56242,
	5.15993 4.56765,
	5.1683 4.5687,
	5.18505 4.56765,
	5.25202 4.57289,
	5.2855 4.56451,
	5.31899 4.56033,
	5.32736 4.56033,
	5.33573 4.55719,
	5.33992 4.5551,
	5.34201 4.55405,
	5.34619 4.55614,
	5.34933 4.56347,
	5.34933 4.56556,
	5.33573 4.5823,
	5.31899 4.59172,
	5.31062 4.59591,
	5.30643 4.598,
	5.27818 4.63149,
	5.26248 4.64823,
	5.23004 4.67857,
	5.21644 4.69532,
	5.20911 4.70369,
	5.17563 4.72148,
	5.15888 4.7288,
	5.15051 4.73194,
	5.11703 4.73613,
	5.10866 4.73717,
	5.09191 4.73508,
	5.07517 4.73613,
	5.0668 4.73717,
	5.05006 4.74345,
	5.04168 4.7445,
	5.02494 4.74973,
	4.99146 4.75496,
	4.97471 4.7581,
	4.95797 4.76438,
	4.9496 4.76752,
	4.91611 4.7738,
	4.89937 4.77694,
	4.86588 4.77589,
	4.84914 4.7738,
	4.81566 4.76647,
	4.80728 4.76438,
	4.74031 4.76543,
	4.73194 4.76543,
	4.69846 4.7581,
	4.66497 4.75496,
	4.63149 4.74869,
	4.61474 4.7445,
	4.58126 4.74031,
	4.51429 4.73508,
	4.50591 4.73508,
	4.48917 4.73194,
	4.45569 4.73508,
	4.44731 4.73717,
	4.44313 4.73717,
	4.40964 4.75287,
	4.3929 4.7581,
	4.38453 4.7602,
	4.35104 4.7602,
	4.31756 4.75392,
	4.30081 4.75287,
	4.28407 4.75392,
	4.26733 4.75706,
	4.25059 4.76334,
	4.2171 4.76961,
	4.20036 4.77275,
	4.16687 4.78636,
	4.15013 4.79368,
	4.13339 4.79682,
	4.11664 4.79577,
	4.10827 4.79577,
	4.07479 4.78426,
	4.0413 4.76857,
	4.03293 4.76334,
	4.02874 4.76124,
	4.02456 4.76124,
	4.00781 4.75496,
	3.97433 4.75601,
	3.96596 4.75601,
	3.95759 4.7581,
	3.9241 4.77589,
	3.90736 4.78531,
	3.89899 4.79054,
	3.89062 4.79891,
	3.87387 4.81042,
	3.84039 4.82507,
	3.83202 4.82821,
	3.81527 4.83135,
	3.8069 4.8324,
	3.79016 4.84182,
	3.77342 4.85542,
	3.75772 4.87112,
	3.75144 4.87949,
	3.73574 4.91297,
	3.72947 4.92972,
	3.71377 4.99669,
	3.70958 5.01343,
	3.70644 5.04692,
	3.70644 5.05529,
	3.69493 5.08877,
	3.69284 5.09715,
	3.67296 5.13063,
	3.66668 5.139,
	3.64994 5.15365,
	3.63319 5.16202,
	3.61645 5.16516,
	3.59971 5.17144,
	3.58297 5.18086,
	3.57459 5.18609,
	3.55785 5.20283,
	3.54948 5.21016,
	3.54529 5.21225,
	3.53692 5.21121,
	3.52018 5.19551,
	3.49402 5.16202,
	3.48774 5.15365,
	3.4846 5.14947,
	3.4846 5.14737,
	3.48042 5.14319,
	3.47623 5.13482,
	3.46263 5.11807,
	3.45739 5.1097,
	3.45007 5.10133,
	3.44274 5.08459,
	3.43333 5.06785,
	3.41972 5.0511,
	3.39566 5.01762,
	3.38205 5.00087,
	3.35171 4.96739,
	3.34333 4.96006,
	3.33078 4.94332,
	3.32764 4.93495,
	3.32136 4.92658,
	3.30462 4.89309,
	3.2952 4.87635,
	3.29206 4.86798,
	3.28683 4.85961,
	3.28578 4.85542,
	3.28264 4.85123,
	3.27741 4.83449,
	3.27218 4.82612,
	3.24392 4.75915,
	3.23764 4.74241,
	"/>
</Transform>

<Transform dim="0"
 xcoef=" 0 1 0 0 0 0"
 ycoef=" 0 0 1 0 0 0">
<Contour name="ddh_d07ax11" comment="traced by ddh" hidden="false" closed="true" simplified="true" border="1 0.5 0" fill="1 0.5 0" mode="11"
 points="2.5714 8.62014,
	2.5777 8.59772,
	2.58331 8.58651,
	2.59802 8.56409,
	2.60503 8.55288,
	2.60993 8.54167,
	2.60853 8.53046,
	2.60433 8.51924,
	2.60223 8.51364,
	2.60083 8.50243,
	2.60012 8.49682,
	2.60363 8.48561,
	2.60993 8.4744,
	2.61274 8.4688,
	2.62184 8.45759,
	2.62955 8.44638,
	2.63936 8.43517,
	2.64707 8.42396,
	2.65618 8.41345,
	2.6786 8.40294,
	2.68981 8.40083,
	2.70102 8.40013,
	2.72344 8.40224,
	2.74586 8.40083,
	2.7907 8.40083,
	2.81312 8.40153,
	2.83554 8.41275,
	2.85797 8.43096,
	2.86918 8.44007,
	2.87478 8.44498,
	2.87758 8.44778,
	2.88039 8.44918,
	2.90281 8.4695,
	2.90841 8.4751,
	2.91402 8.47791,
	2.92523 8.48701,
	2.94765 8.50173,
	2.95886 8.51014,
	2.96446 8.51434,
	2.97007 8.51995,
	2.97638 8.53116,
	2.98689 8.55358,
	2.99249 8.56479,
	2.9995 8.576,
	3.02122 8.59842,
	3.03243 8.60753,
	3.05485 8.62224,
	3.07727 8.63415,
	3.08287 8.63695,
	3.1053 8.65447,
	3.1109 8.65867,
	3.13332 8.67129,
	3.14453 8.67829,
	3.16695 8.69651,
	3.17606 8.70772,
	3.17957 8.71893,
	3.18097 8.73014,
	3.18097 8.73575,
	3.17116 8.75817,
	3.16625 8.76938,
	3.16415 8.78059,
	3.16275 8.78619,
	3.16275 8.7974,
	3.16555 8.80861,
	3.16835 8.81422,
	3.17746 8.82543,
	3.18867 8.83454,
	3.19988 8.84575,
	3.20409 8.85135,
	3.20969 8.85556,
	3.2153 8.86116,
	3.2195 8.86677,
	3.24192 8.88148,
	3.25313 8.89059,
	3.26224 8.9018,
	3.26645 8.90671,
	3.27766 8.91441,
	3.30008 8.93333,
	3.30428 8.93894,
	3.31549 8.94734,
	3.326 8.95855,
	3.33161 8.96276,
	3.34142 8.97397,
	3.34772 8.98518,
	3.35193 8.99639,
	3.35403 9.0076,
	3.35263 9.01321,
	3.34982 9.01881,
	3.34702 9.02091,
	3.33581 9.02231,
	3.3246 9.02161,
	3.31339 9.01671,
	3.29097 8.99989,
	3.26855 8.98098,
	3.25734 8.97397,
	3.25173 8.97187,
	3.24893 8.97047,
	3.23772 8.96976,
	3.23211 8.96906,
	3.22651 8.96696,
	3.20409 8.96486,
	3.18167 8.96416,
	3.15925 8.96206,
	3.13683 8.95785,
	3.13122 8.95505,
	3.12561 8.95365,
	3.12001 8.95085,
	3.09759 8.93543,
	3.08638 8.92773,
	3.08077 8.92352,
	3.07517 8.92142,
	3.06396 8.91441,
	3.06045 8.90881,
	3.05555 8.9032,
	3.04924 8.89199,
	3.03803 8.88499,
	3.01561 8.87658,
	3.0044 8.87237,
	2.9988 8.86957,
	2.98759 8.86116,
	2.97638 8.84995,
	2.95325 8.80511,
	2.94765 8.80021,
	2.92523 8.7883,
	2.90281 8.77779,
	2.8972 8.77709,
	2.8916 8.77498,
	2.84675 8.76868,
	2.83554 8.76517,
	2.81312 8.75326,
	2.80191 8.74626,
	2.79631 8.74275,
	2.7907 8.73715,
	2.7879 8.73435,
	2.76548 8.72313,
	2.75427 8.71963,
	2.74306 8.71753,
	2.72064 8.71613,
	2.70943 8.71473,
	2.69822 8.71192,
	2.69261 8.70982,
	2.6814 8.70842,
	2.65898 8.70212,
	2.64777 8.69791,
	2.62535 8.686,
	2.60293 8.67129,
	2.59172 8.66358,
	2.58051 8.65447,
	2.5742 8.64326,
	2.5714 8.63205,
	2.5714 8.62084,
	"/>
</Transform>

<Transform dim="0"
 xcoef=" 0 1 0 0 0 0"
 ycoef=" 0 0 1 0 0 0">
<Contour name="ddh_d07ax10" comment="traced by ddh" hidden="false" closed="true" simplified="true" border="1 0 0.5" fill="1 0 0.5" mode="11"
 points="4.41712 7.57909,
	4.42346 7.55881,
	4.426 7.54867,
	4.43234 7.53852,
	4.45135 7.52077,
	4.4615 7.5157,
	4.46657 7.51317,
	4.50714 7.50936,
	4.54771 7.50809,
	4.55785 7.50556,
	4.56799 7.50049,
	4.58701 7.48274,
	4.59589 7.46245,
	4.59715 7.45231,
	4.59842 7.44724,
	4.59842 7.4447,
	4.60096 7.44217,
	4.60096 7.4371,
	4.6073 7.42695,
	4.60983 7.40667,
	4.60983 7.39653,
	4.60983 7.39145,
	4.61617 7.38131,
	4.62631 7.38131,
	4.63646 7.38385,
	4.6466 7.39145,
	4.65674 7.39653,
	4.67069 7.41681,
	4.6783 7.42695,
	4.69858 7.4409,
	4.70872 7.44977,
	4.7138 7.45358,
	4.72521 7.47386,
	4.73281 7.49415,
	4.73408 7.51443,
	4.73662 7.52458,
	4.73662 7.53472,
	4.74042 7.555,
	4.74169 7.56515,
	4.74803 7.58543,
	4.75056 7.5905,
	4.75056 7.61079,
	4.74676 7.63107,
	4.74296 7.63615,
	4.74296 7.63868,
	4.73408 7.64882,
	4.72394 7.65516,
	4.71887 7.65897,
	4.69858 7.6615,
	4.68844 7.66404,
	4.64787 7.66404,
	4.6073 7.66023,
	4.59715 7.6615,
	4.59208 7.6615,
	4.58194 7.66531,
	4.57687 7.66531,
	4.55658 7.67291,
	4.54644 7.67672,
	4.52996 7.697,
	4.52869 7.70207,
	4.52616 7.70461,
	4.52489 7.70968,
	4.51601 7.71982,
	4.50587 7.72743,
	4.49573 7.7287,
	4.48559 7.72363,
	4.48178 7.71855,
	4.47798 7.69827,
	4.4615 7.6577,
	4.45516 7.64756,
	4.42346 7.60699,
	4.42093 7.60191,
	4.42093 7.59938,
	4.41839 7.59684,
	4.41712 7.5867,
	4.41712 7.58163,
	4.41712 7.58036,
	"/>
</Transform>

<Transform dim="0"
 xcoef=" 0 1 0 0 0 0"
 ycoef=" 0 0 1 0 0 0">
<Contour name="ddh_d07ax09" comment="traced by ddh" hidden="false" closed="true" simplified="true" border="1 0 0.5" fill="1 0 0.5" mode="11"
 points="3.08037 5.96441,
	3.08308 5.95357,
	3.08985 5.9441,
	3.11016 5.9292,
	3.11557 5.92649,
	3.13724 5.92514,
	3.1589 5.92649,
	3.16973 5.92785,
	3.18057 5.93191,
	3.26722 5.94545,
	3.27264 5.94545,
	3.2943 5.95493,
	3.29701 5.95493,
	3.29972 5.95764,
	3.30243 5.95764,
	3.30784 5.9617,
	3.31326 5.96305,
	3.31867 5.96711,
	3.32138 5.96982,
	3.34305 5.97389,
	3.36471 5.97253,
	3.38637 5.97389,
	3.39721 5.97524,
	3.40262 5.97524,
	3.42429 5.98472,
	3.43512 5.99013,
	3.44054 5.99284,
	3.44324 5.99284,
	3.4446 5.99555,
	3.45543 5.99961,
	3.46626 6.00097,
	3.47709 6.00503,
	3.52042 6.01315,
	3.54209 6.01721,
	3.56375 6.01857,
	3.60708 6.01721,
	3.65041 6.0294,
	3.67207 6.03346,
	3.7154 6.03617,
	3.73706 6.03752,
	3.75737 6.04565,
	3.76279 6.04565,
	3.77362 6.05242,
	3.77904 6.05513,
	3.78175 6.05513,
	3.79258 6.0619,
	3.79799 6.06596,
	3.81966 6.07002,
	3.84132 6.07137,
	3.8508 6.07814,
	3.85622 6.08221,
	3.85757 6.09168,
	3.86163 6.10252,
	3.86163 6.11335,
	3.86163 6.11606,
	3.85892 6.11876,
	3.85892 6.12418,
	3.84674 6.14449,
	3.83861 6.15397,
	3.82778 6.17428,
	3.81966 6.19594,
	3.81695 6.19865,
	3.81018 6.22031,
	3.80612 6.23115,
	3.79935 6.24198,
	3.79529 6.24469,
	3.79122 6.2501,
	3.78581 6.25281,
	3.77904 6.26093,
	3.75737 6.27312,
	3.7479 6.28124,
	3.74248 6.28531,
	3.73977 6.28801,
	3.73436 6.28937,
	3.72488 6.29749,
	3.71405 6.30291,
	3.70863 6.30291,
	3.68696 6.31103,
	3.64364 6.32187,
	3.62197 6.33134,
	3.61114 6.33676,
	3.59625 6.35301,
	3.59218 6.35707,
	3.59218 6.35978,
	3.58948 6.36113,
	3.58948 6.36384,
	3.57864 6.37061,
	3.55698 6.37738,
	3.55156 6.38144,
	3.54073 6.3828,
	3.5299 6.38686,
	3.50824 6.3855,
	3.48657 6.38144,
	3.44324 6.36926,
	3.43241 6.36655,
	3.427 6.36384,
	3.42429 6.36384,
	3.42158 6.36113,
	3.41616 6.36113,
	3.41075 6.35842,
	3.40804 6.35842,
	3.40533 6.35572,
	3.39992 6.35436,
	3.39721 6.35165,
	3.37554 6.34218,
	3.36065 6.32593,
	3.35117 6.3178,
	3.34305 6.30697,
	3.33086 6.28666,
	3.32815 6.28395,
	3.32815 6.28124,
	3.31867 6.27041,
	3.31326 6.26635,
	3.31326 6.26364,
	3.30649 6.25281,
	3.30243 6.24198,
	3.29972 6.23656,
	3.2943 6.19323,
	3.29159 6.14991,
	3.27805 6.13095,
	3.27399 6.12824,
	3.26993 6.12283,
	3.2591 6.11876,
	3.25639 6.11606,
	3.25368 6.11606,
	3.24285 6.10793,
	3.22119 6.09845,
	3.21035 6.09439,
	3.19952 6.09304,
	3.19411 6.09033,
	3.18327 6.09033,
	3.17244 6.08762,
	3.16161 6.08085,
	3.15619 6.07814,
	3.14672 6.06731,
	3.1413 6.06325,
	3.12776 6.04159,
	3.11287 6.02263,
	3.09526 6.00232,
	3.09526 5.99961,
	3.08037 5.97795,
	3.08037 5.96711,
	3.08037 5.96576,
	"/>
</Transform>

</Section>