<?xml version="1.0"?>
<!DOCTYPE Section SYSTEM "section.dtd">

<Section index="174" thickness="0.045" alignLocked="true">
<Transform dim="6"
 xcoef=" -0.675312555307314 1.01761928370745 -0.0231945005889915 0 0 0"
 ycoef=" -0.483116029753597 0.0201428596538127 1.00140857851713 0 0 0">
<Contour name="D04" hidden="false" closed="true" simplified="true" border="1 0 0" fill="1 0 0" mode="11"
 points="5.46492 7.28996,
	5.46778 7.25096,
	5.47628 7.21281,
	5.49024 7.17634,
	5.50936 7.14235,
	5.53323 7.11158,
	5.56131 7.0847,
	5.59299 7.0623,
	5.6276 7.04487,
	5.66436 7.03278,
	5.70248 7.0263,
	5.74113 7.02558,
	5.77947 7.03063,
	5.81665 7.04133,
	5.85186 7.05746,
	5.88435 7.07866,
	5.91339 7.10447,
	5.93836 7.13432,
	5.95871 7.16758,
	5.97399 7.2035,
	5.98388 7.24131,
	5.98816 7.28018,
	5.98673 7.31926,
	5.97963 7.35771,
	5.96701 7.39467,
	5.94914 7.42936,
	5.92642 7.461,
	5.89934 7.48891,
	5.86849 7.51248,
	5.83455 7.53119,
	5.79825 7.54464,
	5.76039 7.55254,
	5.72179 7.55471,
	5.6833 7.5511,
	5.64576 7.54179,
	5.60998 7.52699,
	5.57674 7.50702,
	5.54678 7.48231,
	5.52073 7.45341,
	5.49918 7.42094,
	5.48259 7.38562,
	5.47133 7.3482,
	"/>
</Transform>

<Transform dim="6"
 xcoef=" 0.444687444692685 1.01761928370745 -0.0231945005889915 0 0 0"
 ycoef=" 0.456883970246404 0.0201428596538127 1.00140857851713 0 0 0">
<Contour name="D05" hidden="false" closed="true" simplified="true" border="1 1 0" fill="1 1 0" mode="11"
 points="2.69299 3.97404,
	2.70475 3.90163,
	2.73888 3.83632,
	2.79205 3.78448,
	2.85904 3.7512,
	2.93329 3.73974,
	3.00755 3.7512,
	3.07454 3.78448,
	3.12771 3.83632,
	3.16184 3.90163,
	3.1736 3.97404,
	3.16184 4.04644,
	3.12771 4.11175,
	3.07454 4.16359,
	3.00755 4.19687,
	2.93329 4.20833,
	2.85904 4.19687,
	2.79205 4.16359,
	2.73888 4.11175,
	"/>
</Transform>

<Transform dim="6"
 xcoef=" 0.0446874446926857 1.01761928370745 -0.0231945005889915 0 0 0"
 ycoef=" -0.163116029753597 0.0201428596538127 1.00140857851713 0 0 0">
<Contour name="d01" hidden="true" closed="true" simplified="true" border="1 0.5 0" fill="1 0.5 0" mode="9"
 points="5.66848 4.65092,
	5.7111 4.61363,
	5.72708 4.59765,
	5.73774 4.59765,
	5.74307 4.51241,
	5.75905 4.4911,
	5.80167 4.47512,
	5.88691 4.47512,
	5.90822 4.45913,
	6.0787 4.46446,
	6.08936 4.46979,
	6.07337 4.51241,
	6.03075 4.54437,
	6.0201 4.56568,
	5.9828 4.6083,
	5.94551 4.64027,
	5.90822 4.68289,
	5.8656 4.70953,
	5.84429 4.72551,
	5.81765 4.7628,
	5.807 4.7628,
	5.76438 4.73084,
	5.72176 4.73084,
	5.70045 4.72018,
	5.68446 4.69887,
	5.67381 4.69355,
	5.66848 4.65625,
	"/>
</Transform>

<Transform dim="6"
 xcoef=" 0.0446874446926857 1.01761928370745 -0.0231945005889915 0 0 0"
 ycoef=" -0.163116029753597 0.0201428596538127 1.00140857851713 0 0 0">
<Contour name="d01" hidden="true" closed="true" simplified="true" border="1 0.5 0" fill="1 0.5 0" mode="9"
 points="5.0132 4.97058,
	5.03983 4.92796,
	5.12507 4.89066,
	5.14638 4.89066,
	5.23162 4.92796,
	5.31686 4.94927,
	5.35949 4.96525,
	5.3808 4.9759,
	5.55128 4.9759,
	5.63652 4.97058,
	5.65783 4.9759,
	5.65783 4.99721,
	5.64184 5.01852,
	5.60455 5.03983,
	5.56193 5.07713,
	5.53529 5.11975,
	5.53529 5.16237,
	5.55128 5.20499,
	5.58857 5.24228,
	5.60455 5.25826,
	5.60988 5.27957,
	5.60455 5.30088,
	5.58857 5.31154,
	5.50333 5.29555,
	5.48202 5.29555,
	5.47136 5.30088,
	5.46604 5.32219,
	5.44473 5.32219,
	5.40743 5.2849,
	5.36481 5.26359,
	5.32752 5.2263,
	5.29023 5.19966,
	5.20499 5.17302,
	5.16237 5.16769,
	5.11975 5.14638,
	5.10376 5.12507,
	5.09844 5.11975,
	5.10376 5.10909,
	5.06114 5.08778,
	5.04516 5.07713,
	5.0132 5.03451,
	5.0132 4.99189,
	5.0132 4.9759,
	"/>
</Transform>

<Transform dim="6"
 xcoef=" 0.0446874446926857 1.01761928370745 -0.0231945005889915 0 0 0"
 ycoef=" -0.163116029753597 0.0201428596538127 1.00140857851713 0 0 0">
<Contour name="d01" hidden="true" closed="true" simplified="true" border="1 0.5 0" fill="1 0.5 0" mode="9"
 points="3.79852 3.90507,
	3.80918 3.86245,
	3.83049 3.81983,
	3.9104 3.77188,
	3.92105 3.76656,
	3.92105 3.7559,
	3.93171 3.74525,
	3.93704 3.72394,
	3.96367 3.68132,
	3.97433 3.6387,
	4.02761 3.55346,
	4.02228 3.46822,
	4.02761 3.4256,
	4.04359 3.40429,
	4.04892 3.3883,
	4.07555 3.34568,
	4.08621 3.30306,
	4.09686 3.29241,
	4.09686 3.28175,
	4.11817 3.27642,
	4.13948 3.28175,
	4.16079 3.32437,
	4.1821 3.40961,
	4.22472 3.49485,
	4.24603 3.53747,
	4.24071 3.58009,
	4.24071 3.6014,
	4.23005 3.62271,
	4.23005 3.66533,
	4.24603 3.75057,
	4.23538 3.77188,
	4.21407 3.79319,
	4.17145 3.79852,
	4.12883 3.78254,
	4.10752 3.77188,
	4.08621 3.77188,
	4.04359 3.78787,
	4.00097 3.8145,
	3.97966 3.82516,
	3.95835 3.84647,
	3.92105 3.87311,
	3.86245 3.95835,
	3.84114 3.95835,
	3.81983 3.94769,
	3.79852 3.92105,
	3.79852 3.9104,
	"/>
</Transform>

<Transform dim="6"
 xcoef=" 0.0446874446926857 1.01761928370745 -0.0231945005889915 0 0 0"
 ycoef=" -0.163116029753597 0.0201428596538127 1.00140857851713 0 0 0">
<Contour name="d01" hidden="true" closed="true" simplified="true" border="1 0.5 0" fill="1 0.5 0" mode="9"
 points="4.05957 4.08621,
	4.09686 4.04892,
	4.13948 4.04359,
	4.22472 4.07023,
	4.26734 4.07555,
	4.28865 4.07555,
	4.30996 4.08621,
	4.32062 4.09686,
	4.36324 4.10752,
	4.35791 4.11817,
	4.44315 4.11817,
	4.48577 4.10752,
	4.57101 4.10752,
	4.61363 4.09154,
	4.69887 4.07555,
	4.74149 4.0649,
	4.82673 4.02761,
	4.91197 3.97433,
	4.95459 3.93704,
	4.9759 3.92105,
	4.98656 3.9104,
	5.0718 3.88376,
	5.09311 3.87843,
	5.11442 3.88909,
	5.11975 3.9104,
	5.11442 3.95302,
	5.11442 3.97433,
	5.1304 3.99564,
	5.13573 4.0063,
	5.22097 3.99031,
	5.24228 3.98498,
	5.24761 3.97433,
	5.29023 4.00097,
	5.32752 4.04359,
	5.33285 4.08621,
	5.35949 4.12883,
	5.36481 4.13416,
	5.39678 4.10752,
	5.41276 4.09154,
	5.43407 4.08621,
	5.47136 4.10752,
	5.51931 4.18743,
	5.52464 4.17678,
	5.54062 4.19809,
	5.54062 4.2194,
	5.56726 4.30464,
	5.56726 4.34726,
	5.57791 4.36857,
	5.64717 4.44848,
	5.65783 4.46979,
	5.6525 4.51241,
	5.63652 4.52839,
	5.5939 4.53372,
	5.57259 4.52306,
	5.52997 4.51774,
	5.50866 4.50708,
	5.46604 4.50175,
	5.44473 4.4911,
	5.40211 4.50708,
	5.38612 4.51774,
	5.38612 4.56036,
	5.3808 4.58167,
	5.34883 4.62429,
	5.30621 4.66158,
	5.26359 4.68822,
	5.24228 4.7042,
	5.19966 4.72018,
	5.189 4.72018,
	5.10376 4.77879,
	5.08245 4.78411,
	5.03983 4.81608,
	4.99721 4.83206,
	4.82673 4.84804,
	4.78411 4.85337,
	4.74149 4.84804,
	4.72018 4.84272,
	4.7042 4.82141,
	4.68822 4.77879,
	4.68289 4.73617,
	4.64027 4.71486,
	4.59765 4.7042,
	4.55503 4.72018,
	4.51241 4.75215,
	4.4911 4.7628,
	4.40586 4.74149,
	4.36324 4.73617,
	4.32062 4.72018,
	4.28865 4.67756,
	4.28865 4.63494,
	4.30996 4.5497,
	4.32062 4.50708,
	4.34193 4.46979,
	4.35258 4.44848,
	4.34193 4.40586,
	4.31529 4.36857,
	4.278 4.33127,
	4.26734 4.30996,
	4.18743 4.23005,
	4.17678 4.2194,
	4.16612 4.2194,
	4.13948 4.17678,
	4.12883 4.16079,
	4.13416 4.15547,
	4.1235 4.15547,
	4.08088 4.11285,
	4.05957 4.09686,
	4.05957 4.09154,
	"/>
</Transform>

<Transform dim="6"
 xcoef=" 0.0446874446926857 1.01761928370745 -0.0231945005889915 0 0 0"
 ycoef=" -0.163116029753597 0.0201428596538127 1.00140857851713 0 0 0">
<Contour name="d01c27" hidden="false" closed="true" simplified="true" border="0 1 0" fill="0 1 0" mode="9"
 points="5.85401 4.70298,
	5.86273 4.67972,
	5.8918 4.63322,
	5.89761 4.6274,
	5.90343 4.6274,
	5.94703 4.58962,
	5.979 4.54602,
	6.01969 4.51404,
	6.04295 4.49951,
	6.04876 4.49951,
	6.06039 4.49079,
	6.06329 4.4966,
	6.05748 4.51986,
	6.04295 4.54311,
	5.95575 4.6274,
	5.91505 4.6681,
	5.89761 4.69135,
	5.87436 4.7117,
	5.86273 4.7117,
	5.85401 4.70588,
	"/>
</Transform>

<Transform dim="6"
 xcoef=" 0.0446874446926857 1.01761928370745 -0.0231945005889915 0 0 0"
 ycoef=" -0.163116029753597 0.0201428596538127 1.00140857851713 0 0 0">
<Contour name="d01cfa27" hidden="false" closed="false" simplified="false" border="0 1 1" fill="0 1 1" mode="9"
 points="6.06184 4.49224,
	5.85837 4.70152,
	"/>
</Transform>

<Transform dim="6"
 xcoef=" 0.0446874446926857 1.01761928370745 -0.0231945005889915 0 0 0"
 ycoef=" -0.163116029753597 0.0201428596538127 1.00140857851713 0 0 0">
<Contour name="d01c37a" hidden="false" closed="true" simplified="true" border="0 1 0" fill="0 1 0" mode="9"
 points="3.41258 5.8389,
	3.43088 5.78035,
	3.4382 5.75107,
	3.44369 5.73643,
	3.44552 5.72911,
	3.44918 5.72545,
	3.44918 5.72179,
	3.45284 5.71813,
	3.45833 5.70349,
	3.49858 5.64494,
	3.51139 5.63213,
	3.52603 5.62664,
	3.53335 5.62481,
	3.54067 5.62664,
	3.54616 5.63396,
	3.54799 5.6486,
	3.54433 5.66324,
	3.53701 5.67788,
	3.53701 5.68154,
	3.50041 5.74009,
	3.49126 5.7529,
	3.4748 5.81145,
	3.46748 5.82609,
	3.4565 5.84073,
	3.44369 5.85171,
	3.42905 5.8572,
	3.41441 5.85537,
	3.41258 5.84073,
	"/>
</Transform>

<Transform dim="6"
 xcoef=" 0.0446874446926857 1.01761928370745 -0.0231945005889915 0 0 0"
 ycoef=" -0.163116029753597 0.0201428596538127 1.00140857851713 0 0 0">
<Contour name="d01" hidden="true" closed="true" simplified="true" border="1 0.5 0" fill="1 0.5 0" mode="9"
 points="3.36501 5.73643,
	3.38513 5.67788,
	3.38696 5.66324,
	3.44552 5.61383,
	3.46016 5.60286,
	3.46748 5.59554,
	3.52603 5.56809,
	3.54067 5.56809,
	3.54799 5.56626,
	3.56263 5.56992,
	3.56812 5.58456,
	3.56629 5.5992,
	3.56446 5.60652,
	3.52969 5.66507,
	3.51505 5.69435,
	3.47662 5.7529,
	3.46931 5.76754,
	3.46382 5.77486,
	3.46016 5.80413,
	3.45101 5.83341,
	3.44186 5.84805,
	3.43637 5.85537,
	3.42173 5.86086,
	3.41441 5.86452,
	3.39977 5.86452,
	3.39245 5.86452,
	3.38879 5.86452,
	3.38148 5.84988,
	3.37599 5.84256,
	3.36867 5.81328,
	3.37416 5.78401,
	3.37233 5.75656,
	3.36501 5.7529,
	3.36501 5.73826,
	"/>
</Transform>

<Transform dim="6"
 xcoef=" 0.0446874446926857 1.01761928370745 -0.0231945005889915 0 0 0"
 ycoef=" -0.163116029753597 0.0201428596538127 1.00140857851713 0 0 0">
<Contour name="d01cfa37a" hidden="false" closed="false" simplified="false" border="0 1 1" fill="0 1 1" mode="9"
 points="3.54175 5.62861,
	3.52162 5.66155,
	3.49784 5.70546,
	3.46673 5.75121,
	3.44843 5.80976,
	3.41733 5.85184,
	"/>
</Transform>

<Transform dim="6"
 xcoef=" 0.0446874446926857 1.01761928370745 -0.0231945005889915 0 0 0"
 ycoef=" -0.163116029753597 0.0201428596538127 1.00140857851713 0 0 0">
<Contour name="d03" hidden="false" closed="true" simplified="true" border="0 1 0" fill="0 1 0" mode="9"
 points="3.2547 2.45779,
	3.27298 2.43341,
	3.28213 2.42122,
	3.33089 2.39227,
	3.35374 2.36941,
	3.36593 2.35722,
	3.39031 2.34503,
	3.43907 2.34198,
	3.48783 2.33436,
	3.51221 2.32979,
	3.5244 2.32827,
	3.54878 2.31456,
	3.56097 2.30846,
	3.56707 2.30541,
	3.59145 2.30389,
	3.60364 2.30237,
	3.62802 2.2856,
	3.64021 2.27646,
	3.68896 2.2658,
	3.70115 2.26275,
	3.74991 2.26122,
	3.77429 2.26122,
	3.78648 2.26122,
	3.81086 2.25361,
	3.82305 2.25056,
	3.87181 2.26122,
	3.89619 2.26275,
	3.92057 2.26122,
	3.93276 2.26122,
	3.95562 2.28256,
	3.95562 2.30694,
	3.95714 2.31303,
	3.99981 2.36179,
	4.02419 2.38617,
	4.04857 2.4075,
	4.07295 2.41512,
	4.07599 2.41512,
	4.09123 2.4395,
	4.09733 2.45169,
	4.1019 2.45779,
	4.11409 2.50655,
	4.12932 2.55531,
	4.17047 2.60254,
	4.21923 2.59797,
	4.26798 2.58273,
	4.27408 2.58121,
	4.32284 2.60711,
	4.33503 2.61473,
	4.35484 2.63911,
	4.36398 2.6513,
	4.36855 2.6574,
	4.3716 2.70616,
	4.37312 2.71225,
	4.3716 2.71835,
	4.34722 2.73206,
	4.34112 2.73663,
	4.31674 2.7412,
	4.30455 2.74425,
	4.25579 2.7412,
	4.20704 2.73206,
	4.19485 2.72901,
	4.14609 2.72596,
	4.1339 2.72596,
	4.11104 2.70311,
	4.07599 2.65435,
	4.03485 2.60559,
	4.03028 2.60102,
	3.98152 2.59035,
	3.93276 2.5873,
	3.90838 2.5873,
	3.89619 2.58578,
	3.87181 2.57664,
	3.86877 2.57511,
	3.84743 2.59949,
	3.83524 2.61016,
	3.78648 2.6254,
	3.78039 2.62844,
	3.68287 2.63759,
	3.58535 2.65892,
	3.56097 2.66349,
	3.46345 2.66959,
	3.43907 2.67111,
	3.41469 2.66197,
	3.38879 2.61473,
	3.37812 2.60559,
	3.35374 2.59187,
	3.30498 2.55683,
	3.2806 2.53854,
	3.26689 2.51416,
	3.25927 2.48978,
	3.25622 2.4654,
	3.2547 2.45931,
	"/>
</Transform>

<Transform dim="6"
 xcoef=" 0.0446874446926857 1.01761928370745 -0.0231945005889915 0 0 0"
 ycoef=" -0.163116029753597 0.0201428596538127 1.00140857851713 0 0 0">
<Contour name="d03" hidden="false" closed="true" simplified="true" border="0 1 0" fill="0 1 0" mode="9"
 points="2.97943 2.70426,
	2.98259 2.69161,
	3.02371 2.64416,
	3.04585 2.62202,
	3.05218 2.6157,
	3.0585 2.6157,
	3.08064 2.59356,
	3.10278 2.57774,
	3.12808 2.56826,
	3.2293 2.56509,
	3.2546 2.56509,
	3.26092 2.56826,
	3.26092 2.58091,
	3.26092 2.58723,
	3.26725 2.59356,
	3.26725 2.64416,
	3.26409 2.66947,
	3.25776 2.68212,
	3.21348 2.73272,
	3.18818 2.74221,
	3.13757 2.74538,
	3.11227 2.74538,
	3.09962 2.74538,
	3.07432 2.75486,
	3.02371 2.75486,
	2.99841 2.7517,
	2.98575 2.74221,
	2.97943 2.72956,
	2.97943 2.70742,
	"/>
</Transform>

<Transform dim="6"
 xcoef=" 0.0446874446926857 1.01761928370745 -0.0231945005889915 0 0 0"
 ycoef=" -0.163116029753597 0.0201428596538127 1.00140857851713 0 0 0">
<Contour name="d03" hidden="false" closed="true" simplified="true" border="0 1 0" fill="0 1 0" mode="9"
 points="3.612 2.04322,
	3.62149 2.03057,
	3.63414 2.02424,
	3.65945 2.0021,
	3.6721 1.98945,
	3.68475 1.98312,
	3.69108 1.97363,
	3.70373 1.96415,
	3.71954 1.94517,
	3.74484 1.91987,
	3.7575 1.90721,
	3.76699 1.90089,
	3.79229 1.87875,
	3.79861 1.86926,
	3.82075 1.8914,
	3.83657 1.91354,
	3.83657 1.91987,
	3.84289 1.92619,
	3.84606 1.9768,
	3.84289 2.0021,
	3.81127 2.05271,
	3.78596 2.06852,
	3.73536 2.0875,
	3.71005 2.10015,
	3.68475 2.10331,
	3.6721 2.10331,
	3.6468 2.09382,
	3.63414 2.0875,
	3.62149 2.07485,
	3.612 2.04954,
	3.612 2.04638,
	"/>
</Transform>

<Transform dim="6"
 xcoef=" 0.0446874446926857 1.01761928370745 -0.0231945005889915 0 0 0"
 ycoef=" -0.163116029753597 0.0201428596538127 1.00140857851713 0 0 0">
<Contour name="d06" hidden="true" closed="true" simplified="true" border="0 0 1" fill="0 0 1" mode="11"
 points="2.91594 6.95943,
	2.96704 6.91174,
	3.00111 6.85724,
	3.01473 6.82998,
	3.06242 6.77889,
	3.08967 6.75845,
	3.1033 6.74823,
	3.1578 6.74482,
	3.37582 6.74823,
	3.40307 6.74823,
	3.4167 6.74823,
	3.44395 6.73801,
	3.49845 6.74823,
	3.50526 6.75504,
	3.51208 6.75504,
	3.53933 6.77889,
	3.54614 6.7857,
	3.54614 6.8402,
	3.54614 6.85383,
	3.54614 6.86064,
	3.51889 6.86405,
	3.51889 6.87086,
	3.53252 6.88449,
	3.53252 6.91174,
	3.53933 6.93899,
	3.53933 6.96624,
	3.52911 6.99349,
	3.52911 7.048,
	3.52911 7.06162,
	3.5223 7.07525,
	3.49845 7.0991,
	3.49164 7.11272,
	3.46439 7.13997,
	3.40988 7.17063,
	3.39626 7.17744,
	3.38944 7.17744,
	3.38263 7.18426,
	3.32813 7.18766,
	3.30088 7.18766,
	3.27362 7.19448,
	3.21912 7.22514,
	3.19187 7.24557,
	3.17824 7.25239,
	3.06923 7.2592,
	3.04198 7.25579,
	3.01814 7.22854,
	3.01132 7.20129,
	3.00792 7.18766,
	3.00792 7.18085,
	2.98748 7.1536,
	2.97385 7.12635,
	2.96704 7.11272,
	2.96023 7.05822,
	2.93638 7.03097,
	2.92616 7.01734,
	2.91594 6.99009,
	2.91594 6.96284,
	"/>
</Transform>

<Transform dim="6"
 xcoef=" 0.0446874446926857 1.01761928370745 -0.0231945005889915 0 0 0"
 ycoef=" -0.163116029753597 0.0201428596538127 1.00140857851713 0 0 0">
<Contour name="d06" hidden="true" closed="true" simplified="true" border="0 0 1" fill="0 0 1" mode="11"
 points="3.73009 6.55065,
	3.7369 6.53703,
	3.75053 6.52681,
	3.77778 6.51659,
	3.83229 6.50978,
	3.88679 6.49274,
	3.8936 6.48593,
	3.94811 6.4689,
	4.00261 6.46549,
	4.05711 6.45527,
	4.16612 6.40758,
	4.21722 6.38033,
	4.24447 6.35989,
	4.29897 6.33264,
	4.32622 6.32242,
	4.43523 6.31901,
	4.48974 6.31901,
	4.51699 6.32242,
	4.5238 6.32923,
	4.55105 6.32923,
	4.56468 6.32923,
	4.61577 6.29176,
	4.63962 6.23726,
	4.63962 6.21001,
	4.67028 6.1555,
	4.69753 6.12825,
	4.71797 6.101,
	4.74522 6.07715,
	4.77247 6.02265,
	4.79291 5.9988,
	4.82016 5.97496,
	4.83379 5.96474,
	4.84742 5.96474,
	4.86104 5.97496,
	4.86785 5.98177,
	4.87126 5.9954,
	4.90873 6.0499,
	4.91895 6.07715,
	4.92236 6.18616,
	4.91554 6.19979,
	4.90192 6.21001,
	4.88829 6.23385,
	4.88829 6.24066,
	4.86104 6.2577,
	4.83379 6.26792,
	4.77929 6.26792,
	4.76566 6.26792,
	4.71116 6.30539,
	4.66347 6.34967,
	4.64303 6.3667,
	4.61577 6.38714,
	4.58852 6.40077,
	4.47952 6.40417,
	4.46589 6.40417,
	4.45226 6.41099,
	4.39776 6.45527,
	4.34326 6.47571,
	4.23425 6.47571,
	4.207 6.47571,
	4.15249 6.50978,
	4.09799 6.52681,
	3.98898 6.52681,
	3.97536 6.52681,
	3.95151 6.55406,
	3.93107 6.5745,
	3.91063 6.60175,
	3.80163 6.60516,
	3.74712 6.60516,
	3.74031 6.60516,
	3.73009 6.59153,
	3.73009 6.56428,
	3.73009 6.55406,
	"/>
</Transform>

<Transform dim="6"
 xcoef=" 0.0446874446926857 1.01761928370745 -0.0231945005889915 0 0 0"
 ycoef=" -0.163116029753597 0.0201428596538127 1.00140857851713 0 0 0">
<Contour name="d06c21" hidden="false" closed="true" simplified="true" border="0 1 0" fill="0 1 0" mode="11"
 points="4.84763 6.01656,
	4.85193 5.99937,
	4.86482 5.98648,
	4.87341 5.98218,
	4.88201 5.98648,
	4.88201 5.99507,
	4.91639 6.01656,
	4.92499 6.05094,
	4.93358 6.06813,
	4.95077 6.08532,
	4.96366 6.1197,
	4.96366 6.18846,
	4.94647 6.22284,
	4.91209 6.24433,
	4.87771 6.23144,
	4.86052 6.21425,
	4.84763 6.17987,
	4.84763 6.04235,
	4.84763 6.02516,
	4.84763 6.02086,
	"/>
<Contour name="d06cfa21" hidden="false" closed="false" simplified="false" border="0 1 1" fill="0 1 1" mode="11"
 points="4.90598 6.23855,
	4.90598 6.17839,
	4.88449 6.05376,
	4.85871 5.99789,
	"/>
</Transform>

<Transform dim="6"
 xcoef=" 0.0446874446926857 1.01761928370745 -0.0231945005889915 0 0 0"
 ycoef=" -0.163116029753597 0.0201428596538127 1.00140857851713 0 0 0">
<Contour name="d07" hidden="true" closed="true" simplified="true" border="1 0 1" fill="1 0 1" mode="9"
 points="3.50956 7.32293,
	3.54584 7.25038,
	3.61839 7.18236,
	3.65013 7.15969,
	3.72268 7.15516,
	3.75895 7.16423,
	3.77709 7.17329,
	3.84964 7.17329,
	3.85871 7.17329,
	3.89498 7.20957,
	4.04008 7.2141,
	4.11263 7.2141,
	4.1489 7.22771,
	4.18518 7.25945,
	4.25773 7.25945,
	4.2668 7.25945,
	4.27586 7.29572,
	4.3076 7.32746,
	4.31667 7.36374,
	4.38469 7.41815,
	4.41643 7.44535,
	4.48444 7.5179,
	4.50258 7.53151,
	4.64768 7.53604,
	4.68395 7.53151,
	4.70209 7.52244,
	4.71116 7.52244,
	4.71569 7.53151,
	4.67942 7.59952,
	4.67035 7.61766,
	4.65221 7.6358,
	4.63861 7.67207,
	4.64768 7.70834,
	4.64768 7.74462,
	4.64768 7.76276,
	4.58873 7.82624,
	4.54792 7.89425,
	4.53885 7.91239,
	4.39376 7.91692,
	4.32121 7.92146,
	4.28493 7.92146,
	4.27586 7.92146,
	4.23959 7.88972,
	4.16704 7.88972,
	4.03555 7.74915,
	3.963 7.6766,
	3.93579 7.6494,
	3.89952 7.61766,
	3.86324 7.59499,
	3.79069 7.57231,
	3.75442 7.55418,
	3.61385 7.43175,
	3.57758 7.39548,
	3.50956 7.33653,
	3.50956 7.32746,
	"/>
</Transform>

<Transform dim="6"
 xcoef=" 0.0446874446926857 1.01761928370745 -0.0231945005889915 0 0 0"
 ycoef=" -0.163116029753597 0.0201428596538127 1.00140857851713 0 0 0">
<Contour name="d01p28" hidden="false" closed="true" simplified="false" border="1 0 0" fill="1 0 0" mode="-9"
 points="5.49351 4.39899,
	5.47392 4.39899,
	5.47392 4.40878,
	5.48371 4.41857,
	5.51309 4.42836,
	5.49351 4.43816,
	5.48371 4.45774,
	5.46413 4.43816,
	5.45434 4.41857,
	5.45434 4.39899,
	5.43475 4.39899,
	5.46413 4.3794,
	"/>
</Transform>

<Transform dim="6"
 xcoef=" 0.0446874446926857 1.01761928370745 -0.0231945005889915 0 0 0"
 ycoef=" -0.163116029753597 0.0201428596538127 1.00140857851713 0 0 0">
<Contour name="d01p25" hidden="false" closed="true" simplified="false" border="0 0 1" fill="0 0 1" mode="9"
 points="4.46854 4.24557,
	4.44895 4.24557,
	4.44895 4.25536,
	4.45875 4.26515,
	4.48812 4.27495,
	4.46854 4.28474,
	4.45875 4.30432,
	4.43916 4.28474,
	4.42937 4.26515,
	4.42937 4.24557,
	4.40978 4.24557,
	4.43916 4.22598,
	"/>
</Transform>

<Transform dim="6"
 xcoef=" 0.0446874446926857 1.01761928370745 -0.0231945005889915 0 0 0"
 ycoef=" -0.163116029753597 0.0201428596538127 1.00140857851713 0 0 0">
<Contour name="d03p25" hidden="false" closed="true" simplified="false" border="1 1 0" fill="1 1 0" mode="-9"
 points="4.01922 2.51636,
	4.01922 2.46935,
	3.97221 2.46935,
	3.97221 2.51049,
	3.96633 2.51636,
	3.96633 2.46347,
	4.0251 2.46347,
	4.0251 2.52224,
	3.96633 2.52224,
	3.97221 2.51636,
	"/>
</Transform>

<Transform dim="6"
 xcoef=" 0.0446874446926857 1.01761928370745 -0.0231945005889915 0 0 0"
 ycoef=" -0.163116029753597 0.0201428596538127 1.00140857851713 0 0 0">
<Contour name="d07p31" hidden="false" closed="true" simplified="false" border="1 0.5 0" fill="1 0.5 0" mode="-13"
 points="4.58119 7.60491,
	4.58119 7.59995,
	4.58615 7.59499,
	4.59111 7.59499,
	4.59608 7.59995,
	4.59608 7.60491,
	4.59111 7.60988,
	4.58615 7.60988,
	"/>
</Transform>

<Transform dim="0"
 xcoef=" 0 1 0 0 0 0"
 ycoef=" 0 0 1 0 0 0">
<Contour name="d01cfa35ax04" hidden="false" closed="false" simplified="false" border="0 1 1" fill="0 1 1" mode="9"
 points="3.81475 4.83766,
	3.81078 4.84401,
	3.7767 4.88444,
	3.72575 4.90639,
	3.64 4.9374,
	3.5785 4.94909,
	3.51668 4.94615,
	3.45678 4.9369,
	3.405 4.9233,
	3.38811 4.90481,
	3.37917 4.87361,
	3.36247 4.8635,
	"/>
<Contour name="d01" hidden="true" closed="true" simplified="true" border="1 0.5 0" fill="1 0.5 0" mode="9"
 points="3.192 5.05628,
	3.22421 5.02425,
	3.24034 5.00928,
	3.24632 5.00079,
	3.248 4.98402,
	3.26987 4.95012,
	3.28183 4.93314,
	3.29547 4.89939,
	3.30743 4.88243,
	3.32313 4.84864,
	3.33308 4.8338,
	3.33715 4.83162,
	3.3707 4.85814,
	3.40026 4.89102,
	3.41505 4.90745,
	3.42973 4.91971,
	3.496 4.9372,
	3.52907 4.94281,
	3.56198 4.94215,
	3.6275 4.92619,
	3.75832 4.8859,
	3.77454 4.87512,
	3.79067 4.86016,
	3.79871 4.85163,
	3.8301 4.78406,
	3.85408 4.7522,
	3.8704 4.74559,
	3.90365 4.75956,
	3.91839 4.77391,
	3.92906 4.79044,
	3.96035 4.80863,
	3.96073 4.82536,
	3.95083 4.84228,
	3.92278 4.87632,
	3.89139 4.94389,
	3.88354 4.96078,
	3.87607 4.99441,
	3.85831 5.02823,
	3.85028 5.03676,
	3.81764 5.04996,
	3.78524 5.07362,
	3.76907 5.0865,
	3.74103 5.12054,
	3.70882 5.15256,
	3.70073 5.159,
	3.69671 5.16326,
	3.66389 5.16811,
	3.63092 5.16668,
	3.61441 5.16492,
	3.58121 5.15303,
	3.56446 5.14083,
	3.54106 5.10782,
	3.47551 5.12169,
	3.40971 5.12511,
	3.34382 5.12434,
	3.31085 5.12291,
	3.2944 5.12324,
	3.22812 5.10575,
	3.21143 5.09563,
	3.19459 5.07923,
	3.19214 5.06255,
	3.19205 5.05836,
	"/>
</Transform>

<Transform dim="0"
 xcoef=" 0 1 0 0 0 0"
 ycoef=" 0 0 1 0 0 0">
<Contour name="ax04" comment="LK bouton trace named after cfa" hidden="false" closed="true" simplified="true" border="0 1 1" fill="0.502 1 1" mode="9"
 points="3.27403 4.63008,
	3.28594 4.59198,
	3.28832 4.58246,
	3.28832 4.57769,
	3.29903 4.55864,
	3.3038 4.55507,
	3.31332 4.5515,
	3.32166 4.54436,
	3.33475 4.52531,
	3.3419 4.50626,
	3.34547 4.46816,
	3.34666 4.44911,
	3.35618 4.41102,
	3.35975 4.40149,
	3.3669 4.39316,
	3.37642 4.3872,
	3.39547 4.38006,
	3.43357 4.37173,
	3.47167 4.35982,
	3.49071 4.35744,
	3.49548 4.35863,
	3.49786 4.35863,
	3.51691 4.37292,
	3.52167 4.37768,
	3.53119 4.37649,
	3.55024 4.36577,
	3.555 4.36101,
	3.55977 4.35863,
	3.5681 4.34911,
	3.57763 4.34315,
	3.58715 4.33958,
	3.66335 4.33958,
	3.68239 4.34554,
	3.68716 4.3503,
	3.69549 4.36935,
	3.70144 4.3884,
	3.70502 4.39792,
	3.70621 4.40268,
	3.71216 4.41221,
	3.71573 4.42173,
	3.72168 4.43126,
	3.75383 4.46816,
	3.79074 4.50388,
	3.80026 4.51221,
	3.81931 4.52531,
	3.83836 4.54079,
	3.84193 4.55031,
	3.84074 4.55507,
	3.84193 4.55984,
	3.84669 4.5646,
	3.85026 4.57412,
	3.85145 4.59317,
	3.85026 4.6027,
	3.85264 4.62174,
	3.85383 4.63127,
	3.85741 4.64079,
	3.87407 4.65984,
	3.87765 4.67889,
	3.87884 4.68842,
	3.87288 4.70746,
	3.86455 4.72651,
	3.83955 4.76461,
	3.78478 4.84081,
	3.76573 4.85867,
	3.72764 4.88129,
	3.71811 4.88367,
	3.71335 4.88724,
	3.67525 4.89914,
	3.67049 4.90272,
	3.66573 4.90391,
	3.66335 4.90391,
	3.65858 4.90748,
	3.62049 4.917,
	3.60144 4.92057,
	3.52524 4.92176,
	3.50619 4.92176,
	3.46809 4.917,
	3.45857 4.917,
	3.43952 4.91224,
	3.42047 4.9051,
	3.40142 4.88605,
	3.37047 4.84795,
	3.33237 4.817,
	3.32642 4.80747,
	3.32285 4.79795,
	3.32285 4.78842,
	3.31927 4.7789,
	3.30975 4.77175,
	3.30261 4.76223,
	3.29903 4.74318,
	3.29903 4.72413,
	3.29903 4.71461,
	3.29308 4.69556,
	3.28356 4.67651,
	3.2788 4.66699,
	3.27403 4.64794,
	3.27403 4.63841,
	3.27403 4.63365,
	3.27403 4.63127,
	"/>
</Transform>

<Transform dim="0"
 xcoef=" 0 1 0 0 0 0"
 ycoef=" 0 0 1 0 0 0">
<Contour name="ax12" comment="LK bouton trace named after cfa" hidden="false" closed="true" simplified="true" border="0 1 1" fill="0.502 1 1" mode="9"
 points="2.60253 2.24915,
	2.60683 2.24056,
	2.62401 2.2266,
	2.65839 2.21049,
	2.66698 2.20619,
	2.67557 2.20404,
	2.67772 2.18686,
	2.67879 2.18256,
	2.68524 2.17504,
	2.69383 2.1686,
	2.70242 2.16645,
	2.73679 2.17182,
	2.75398 2.17182,
	2.76257 2.16967,
	2.76687 2.1686,
	2.77116 2.16538,
	2.78835 2.16,
	2.82272 2.15786,
	2.83991 2.15678,
	2.85709 2.15249,
	2.87428 2.15141,
	2.90865 2.15356,
	2.92583 2.15249,
	2.94302 2.14819,
	2.96021 2.14819,
	2.9688 2.15034,
	2.97739 2.15463,
	2.97954 2.15463,
	2.98384 2.15893,
	2.98384 2.17612,
	2.98276 2.18041,
	2.95913 2.21478,
	2.95269 2.22338,
	2.92154 2.25667,
	2.90435 2.27386,
	2.88717 2.2889,
	2.87106 2.30608,
	2.86246 2.3136,
	2.84528 2.32434,
	2.83668 2.32756,
	2.8195 2.32756,
	2.78513 2.32219,
	2.76794 2.31897,
	2.75935 2.31682,
	2.74216 2.30608,
	2.70779 2.30179,
	2.69061 2.29856,
	2.68202 2.29534,
	2.67772 2.29534,
	2.67342 2.29319,
	2.63905 2.2889,
	2.63046 2.2889,
	2.62187 2.28245,
	2.6079 2.26527,
	2.60361 2.26097,
	2.60253 2.25238,
	2.60253 2.25023,
	"/>
</Transform>

<Transform dim="0"
 xcoef=" 0 1 0 0 0 0"
 ycoef=" 0 0 1 0 0 0">
<Contour name="ax20" comment="LK bouton trace named after cfa" hidden="false" closed="true" simplified="true" border="0 1 1" fill="0.502 1 1" mode="9"
 points="6.30699 8.93209,
	6.31088 8.91132,
	6.31218 8.90612,
	6.32776 8.88665,
	6.33555 8.87886,
	6.34853 8.85939,
	6.36671 8.84251,
	6.3771 8.83861,
	6.39787 8.83731,
	6.41864 8.84121,
	6.42903 8.84251,
	6.43422 8.84251,
	6.43682 8.8451,
	6.44201 8.8451,
	6.46278 8.85289,
	6.47317 8.85809,
	6.49004 8.87886,
	6.49264 8.88405,
	6.49524 8.88665,
	6.49654 8.89184,
	6.50303 8.90223,
	6.50303 8.90482,
	6.50562 8.90742,
	6.5212 8.94897,
	6.5238 8.95935,
	6.53289 8.98012,
	6.53419 8.98532,
	6.53678 8.98791,
	6.54327 9.00869,
	6.54587 9.01907,
	6.55755 9.03855,
	6.56015 9.04374,
	6.56015 9.05413,
	6.55366 9.0749,
	6.54847 9.08399,
	6.54587 9.08918,
	6.54327 9.09178,
	6.54327 9.09437,
	6.53548 9.10346,
	6.51471 9.11774,
	6.50952 9.12293,
	6.50692 9.12293,
	6.50433 9.12553,
	6.49394 9.12943,
	6.47447 9.14111,
	6.46408 9.1463,
	6.45889 9.1502,
	6.45629 9.1502,
	6.45369 9.15279,
	6.43422 9.15929,
	6.42383 9.15929,
	6.40306 9.15279,
	6.38359 9.14371,
	6.3745 9.13332,
	6.36411 9.11255,
	6.36152 9.10735,
	6.36152 9.10476,
	6.35892 9.10216,
	6.35373 9.06062,
	6.35243 9.05023,
	6.34853 9.03984,
	6.34594 9.01907,
	6.34594 9.01388,
	6.33685 8.99311,
	6.30959 8.95676,
	6.30699 8.93598,
	6.30699 8.93339,
	"/>
</Transform>

<Transform dim="0"
 xcoef=" 0 1 0 0 0 0"
 ycoef=" 0 0 1 0 0 0">
<Contour name="ax23" comment="LK bouton trace named after cfa" hidden="false" closed="true" simplified="true" border="0 1 1" fill="0.502 1 1" mode="9"
 points="4.1115 8.91048,
	4.11328 8.90693,
	4.12039 8.90337,
	4.12749 8.9016,
	4.1417 8.90249,
	4.14881 8.90515,
	4.15059 8.90515,
	4.15236 8.90693,
	4.16657 8.90781,
	4.17368 8.90959,
	4.18078 8.90959,
	4.195 8.90604,
	4.19855 8.90515,
	4.21187 8.8936,
	4.21987 8.87939,
	4.22164 8.87584,
	4.22875 8.86962,
	4.24296 8.86074,
	4.25006 8.85452,
	4.25539 8.84831,
	4.2696 8.83765,
	4.27671 8.83587,
	4.28026 8.83409,
	4.28204 8.83232,
	4.28915 8.83143,
	4.30336 8.82255,
	4.30691 8.82077,
	4.3078 8.81722,
	4.32023 8.80301,
	4.33444 8.79412,
	4.34155 8.78968,
	4.3451 8.7888,
	4.35931 8.77903,
	4.36642 8.77458,
	4.36997 8.77192,
	4.38418 8.76748,
	4.41261 8.76748,
	4.41971 8.77014,
	4.43392 8.77991,
	4.44458 8.79412,
	4.4508 8.80834,
	4.45524 8.82255,
	4.4579 8.82965,
	4.45879 8.83321,
	4.46945 8.84742,
	4.48366 8.85985,
	4.48722 8.86163,
	4.49432 8.86873,
	4.5032 8.88295,
	4.50409 8.89005,
	4.50498 8.8936,
	4.50942 8.90071,
	4.52186 8.95755,
	4.5263 8.98598,
	4.52541 9.0144,
	4.52186 9.02861,
	4.51919 9.03572,
	4.51653 9.03927,
	4.51386 9.04638,
	4.50853 9.05348,
	4.49432 9.06592,
	4.48011 9.07302,
	4.473 9.07746,
	4.45879 9.08279,
	4.44458 9.09434,
	4.44103 9.097,
	4.43925 9.10056,
	4.43215 9.10588,
	4.42859 9.10944,
	4.41438 9.11388,
	4.38596 9.11121,
	4.35754 9.10144,
	4.32911 9.0899,
	4.3149 9.08723,
	4.3078 9.08457,
	4.27938 9.08013,
	4.25095 9.08102,
	4.24385 9.0819,
	4.22964 9.0899,
	4.21542 9.10056,
	4.20832 9.10677,
	4.20121 9.11033,
	4.19766 9.11299,
	4.18345 9.11477,
	4.16924 9.11299,
	4.16213 9.10944,
	4.15414 9.09523,
	4.15236 9.08812,
	4.1497 9.0597,
	4.14437 9.03128,
	4.14259 9.01706,
	4.13993 9.00996,
	4.13904 9.00641,
	4.13726 9.00463,
	4.13549 8.99752,
	4.13193 8.99042,
	4.13193 8.98864,
	4.12927 8.98509,
	4.12394 8.97088,
	4.11595 8.94245,
	4.11239 8.92824,
	4.1115 8.91403,
	4.1115 8.91137,
	"/>
</Transform>

<Transform dim="6"
 xcoef=" -0.347385691138324 1.1107055200911 0.0442714681640015 0 0 0"
 ycoef=" -1.00011084323879 0.0279583780802707 1.02432726724566 0 0 0">
<Image mag="0.00217507" contrast="0.917" brightness="0.12" red="true" green="true" blue="true"
 src="FHLTD.174.jpg" />
<Contour name="domain1" hidden="false" closed="true" simplified="false" border="1 0 1" fill="1 0 1" mode="11"
 points="0 0,
	4096 0,
	4096 4096,
	0 4096,
	"/>
</Transform>

<Transform dim="0"
 xcoef=" 0 1 0 0 0 0"
 ycoef=" 0 0 1 0 0 0">
<Contour name="d01c35ax04" hidden="false" closed="true" simplified="true" border="0 1 0" fill="0 1 0" mode="9"
 points="3.32003 4.94445,
	3.37301 4.84322,
	3.37934 4.83057,
	3.3833 4.82503,
	3.43391 4.8448,
	3.44656 4.84955,
	3.45289 4.85192,
	3.45606 4.8535,
	3.55729 4.85271,
	3.6079 4.85271,
	3.62055 4.85271,
	3.62688 4.85271,
	3.72811 4.80842,
	3.75342 4.79656,
	3.755 4.79577,
	3.80561 4.82978,
	3.83092 4.84639,
	3.84358 4.85509,
	3.8499 4.85904,
	3.85148 4.86062,
	3.64902 4.99507,
	3.62372 5.01168,
	3.61106 5.02037,
	3.4086 4.96818,
	3.35799 4.95473,
	3.33268 4.94841,
	3.32082 4.94524,
	"/>
</Transform>

<Transform dim="0"
 xcoef=" 0 1 0 0 0 0"
 ycoef=" 0 0 1 0 0 0">
<Contour name="ddh_d06ax20" comment="traced by ddh" hidden="false" closed="true" simplified="true" border="1 1 0" fill="1 1 0" mode="11"
 points="3.9304 6.06586,
	3.93915 6.03088,
	3.94297 6.01339,
	3.94461 6.00902,
	3.95937 5.99153,
	3.96757 5.98278,
	3.97467 5.97404,
	3.98342 5.96638,
	3.99217 5.96092,
	3.99654 5.95873,
	4.00091 5.95764,
	4.0184 5.94944,
	4.02715 5.94561,
	4.03152 5.94507,
	4.04026 5.94124,
	4.04464 5.93851,
	4.05338 5.93086,
	4.05775 5.92648,
	4.0665 5.92047,
	4.08399 5.91555,
	4.08836 5.91391,
	4.09273 5.91337,
	4.10148 5.91719,
	4.10367 5.91883,
	4.10749 5.92758,
	4.10913 5.93632,
	4.10913 5.94507,
	4.10804 5.94944,
	4.10804 5.95163,
	4.1064 5.956,
	4.10585 5.97349,
	4.1064 5.98224,
	4.11022 5.99098,
	4.11241 5.99535,
	4.1135 5.99754,
	4.1217 6.00628,
	4.12608 6.01011,
	4.13263 6.01886,
	4.13373 6.02104,
	4.13427 6.02541,
	4.1299 6.0429,
	4.13263 6.0604,
	4.13318 6.06914,
	4.13974 6.08663,
	4.14083 6.091,
	4.14903 6.10849,
	4.15231 6.11724,
	4.1534 6.12598,
	4.15231 6.13473,
	4.14794 6.14347,
	4.13701 6.16096,
	4.12826 6.17845,
	4.12061 6.19595,
	4.11897 6.20032,
	4.11842 6.20469,
	4.11733 6.20688,
	4.11569 6.22437,
	4.11405 6.23311,
	4.10913 6.24186,
	4.10039 6.24787,
	4.09601 6.25006,
	4.09164 6.2506,
	4.07415 6.24787,
	4.06541 6.24842,
	4.06103 6.24842,
	4.05885 6.24842,
	4.0501 6.25224,
	4.04136 6.25716,
	4.03261 6.26099,
	4.02824 6.26263,
	4.01075 6.26481,
	4.002 6.26591,
	3.98451 6.2741,
	3.97577 6.27902,
	3.9714 6.28121,
	3.96702 6.28176,
	3.95828 6.27957,
	3.9539 6.27738,
	3.94571 6.26973,
	3.94133 6.26099,
	3.9386 6.25224,
	3.93805 6.24787,
	3.93532 6.23912,
	3.93423 6.23475,
	3.93423 6.22601,
	3.93587 6.21726,
	3.94133 6.19977,
	3.94133 6.19758,
	3.94352 6.19321,
	3.94407 6.18884,
	3.95227 6.17135,
	3.95554 6.1626,
	3.95554 6.15386,
	3.95445 6.14511,
	3.95445 6.14074,
	3.95008 6.12325,
	3.94024 6.10576,
	3.93204 6.08827,
	3.9304 6.0839,
	3.9304 6.06641,
	"/>
</Transform>

<Transform dim="0"
 xcoef=" 0 1 0 0 0 0"
 ycoef=" 0 0 1 0 0 0">
<Contour name="ddh_d06ax20" comment="traced by ddh" hidden="false" closed="true" simplified="true" border="1 1 0" fill="1 1 0" mode="11"
 points="3.93321 5.82958,
	3.93574 5.82451,
	3.937 5.82198,
	3.94207 5.81819,
	3.9446 5.81629,
	3.94713 5.81565,
	3.94966 5.81376,
	3.95472 5.81249,
	3.95725 5.81059,
	3.95978 5.80996,
	3.98003 5.79667,
	3.99016 5.79034,
	3.99522 5.78718,
	3.99775 5.78592,
	4.00787 5.77769,
	4.0123 5.77326,
	4.01483 5.77199,
	4.01989 5.76693,
	4.02496 5.76377,
	4.02749 5.76187,
	4.03002 5.76124,
	4.03508 5.75744,
	4.04521 5.75301,
	4.05027 5.74985,
	4.06039 5.74162,
	4.10089 5.71568,
	4.11101 5.70682,
	4.11607 5.70302,
	4.12493 5.6929,
	4.14012 5.67265,
	4.1572 5.6524,
	4.161 5.63216,
	4.16163 5.62709,
	4.161 5.62203,
	4.161 5.6195,
	4.14771 5.59925,
	4.14581 5.59419,
	4.14518 5.58913,
	4.15214 5.56888,
	4.15784 5.55876,
	4.16037 5.55369,
	4.16859 5.54357,
	4.17049 5.54104,
	4.19074 5.53028,
	4.21099 5.52142,
	4.22111 5.51636,
	4.23124 5.51003,
	4.2363 5.5075,
	4.25655 5.49232,
	4.25908 5.49042,
	4.26034 5.48915,
	4.26287 5.48852,
	4.30337 5.45625,
	4.31349 5.44739,
	4.32362 5.4417,
	4.33374 5.43727,
	4.35399 5.43094,
	4.39449 5.42398,
	4.40461 5.42208,
	4.41473 5.42208,
	4.42486 5.42335,
	4.42992 5.42398,
	4.44004 5.42841,
	4.45017 5.43537,
	4.46029 5.44106,
	4.46535 5.44613,
	4.46472 5.45625,
	4.46029 5.46637,
	4.43688 5.50687,
	4.43372 5.51193,
	4.42486 5.52206,
	4.4198 5.52649,
	4.40967 5.53345,
	4.40461 5.53724,
	4.36411 5.55812,
	4.34387 5.56888,
	4.32362 5.57647,
	4.28312 5.59672,
	4.27806 5.59988,
	4.25781 5.61634,
	4.24895 5.62646,
	4.23566 5.64671,
	4.22997 5.65683,
	4.21605 5.67708,
	4.21225 5.68214,
	4.19327 5.70239,
	4.18504 5.71252,
	4.17998 5.71758,
	4.13949 5.73846,
	4.11924 5.74985,
	4.10911 5.75554,
	4.10405 5.75807,
	4.09899 5.76314,
	4.08887 5.76946,
	4.07874 5.77389,
	4.06862 5.78212,
	4.06419 5.78718,
	4.05406 5.79477,
	4.04394 5.8011,
	4.03382 5.80869,
	4.02875 5.81249,
	4.01989 5.82261,
	4.01547 5.82768,
	4.0104 5.83147,
	3.99016 5.8416,
	3.98509 5.8435,
	3.98003 5.84413,
	3.97497 5.84603,
	3.96485 5.84666,
	3.95978 5.84666,
	3.95472 5.84539,
	3.9446 5.84476,
	3.93953 5.8435,
	3.937 5.84286,
	3.93384 5.8378,
	3.93321 5.83274,
	3.93321 5.83021,
	"/>
</Transform>

</Section>