<?xml version="1.0"?>
<!DOCTYPE Section SYSTEM "section.dtd">

<Section index="59" thickness="0.045" alignLocked="true">
<Transform dim="0"
 xcoef=" 0 1 0 0 0 0"
 ycoef=" 0 0 1 0 0 0">
<Contour name="D04" hidden="false" closed="true" simplified="true" border="1 0 0" fill="1 0 0" mode="11"
 points="0.18492 4.92996,
	0.18778 4.89096,
	0.19628 4.85281,
	0.21024 4.81634,
	0.22936 4.78235,
	0.25323 4.75158,
	0.28131 4.7247,
	0.31299 4.7023,
	0.3476 4.68487,
	0.38436 4.67278,
	0.42248 4.6663,
	0.46113 4.66558,
	0.49947 4.67063,
	0.53665 4.68133,
	0.57186 4.69746,
	0.60435 4.71866,
	0.63339 4.74447,
	0.65836 4.77432,
	0.67871 4.80758,
	0.69399 4.8435,
	0.70388 4.88131,
	0.70816 4.92018,
	0.70673 4.95926,
	0.69963 4.99771,
	0.68701 5.03467,
	0.66914 5.06936,
	0.64642 5.101,
	0.61934 5.12891,
	0.58849 5.15248,
	0.55455 5.17119,
	0.51825 5.18464,
	0.48039 5.19254,
	0.44179 5.19471,
	0.4033 5.1911,
	0.36576 5.18179,
	0.32998 5.16699,
	0.29674 5.14702,
	0.26678 5.12231,
	0.24073 5.09341,
	0.21918 5.06094,
	0.20259 5.02562,
	0.19133 4.9882,
	"/>
<Contour name="D05" hidden="false" closed="true" simplified="true" border="1 1 0" fill="1 1 0" mode="11"
 points="3.04299 4.43404,
	3.05475 4.36163,
	3.08888 4.29632,
	3.14205 4.24448,
	3.20904 4.2112,
	3.28329 4.19974,
	3.35755 4.2112,
	3.42454 4.24448,
	3.47771 4.29632,
	3.51184 4.36163,
	3.5236 4.43404,
	3.51184 4.50644,
	3.47771 4.57175,
	3.42454 4.62359,
	3.35755 4.65687,
	3.28329 4.66833,
	3.20904 4.65687,
	3.14205 4.62359,
	3.08888 4.57175,
	"/>
<Contour name="d01" hidden="false" closed="true" simplified="true" border="1 0.5 0" fill="1 0.5 0" mode="9"
 points="6.07892 1.82958,
	6.09579 1.80007,
	6.09579 1.78321,
	6.10422 1.76634,
	6.12108 1.7537,
	6.1253 1.74527,
	6.14216 1.74948,
	6.15059 1.7537,
	6.28549 1.70733,
	6.35294 1.69889,
	6.38666 1.69046,
	6.45411 1.65252,
	6.52156 1.63566,
	6.55529 1.64831,
	6.57215 1.65674,
	6.55529 1.72419,
	6.55529 1.74105,
	6.59323 1.80429,
	6.66068 1.85909,
	6.72813 1.88438,
	6.74078 1.89703,
	6.72813 1.93075,
	6.72391 1.94762,
	6.69862 1.98134,
	6.68597 1.9982,
	6.61852 1.99399,
	6.60166 1.99399,
	6.59323 1.99399,
	6.5595 1.96026,
	6.54686 1.94762,
	6.51313 1.93919,
	6.5047 1.93919,
	6.48784 1.92232,
	6.47941 1.91389,
	6.41196 1.90124,
	6.37823 1.89703,
	6.31078 1.87595,
	6.24333 1.87174,
	6.17588 1.88438,
	6.15902 1.8886,
	6.09157 1.86752,
	6.07892 1.83379,
	"/>
<Contour name="d01" hidden="false" closed="true" simplified="true" border="1 0.5 0" fill="1 0.5 0" mode="-11"
 points="4.93243 1.90319,
	5.00644 1.82389,
	5.04874 1.78688,
	5.06988 1.77102,
	5.08046 1.77102,
	5.09103 1.76045,
	5.13332 1.74988,
	5.14389 1.7393,
	5.16504 1.73402,
	5.19676 1.69701,
	5.28135 1.62828,
	5.32364 1.60185,
	5.40823 1.57013,
	5.49281 1.57542,
	5.53511 1.60185,
	5.57211 1.63886,
	5.56154 1.64414,
	5.56154 1.66529,
	5.59326 1.71287,
	5.61441 1.70758,
	5.69899 1.71287,
	5.72014 1.72344,
	5.73071 1.72344,
	5.773 1.74988,
	5.78886 1.79217,
	5.79415 1.83446,
	5.76243 1.87147,
	5.74657 1.91376,
	5.78886 1.95605,
	5.79944 1.96663,
	5.80472 1.96134,
	5.88402 2.04064,
	5.89988 2.08293,
	5.91046 2.16752,
	5.90517 2.20981,
	5.88931 2.25211,
	5.88402 2.25739,
	5.8946 2.26797,
	5.8946 2.28911,
	5.8946 2.29969,
	5.88402 2.31026,
	5.71485 2.29969,
	5.63027 2.28911,
	5.46109 2.29969,
	5.37651 2.31555,
	5.29192 2.31555,
	5.24963 2.31555,
	5.16504 2.28911,
	5.12275 2.25211,
	5.08046 2.22567,
	5.05931 2.20981,
	5.03816 2.20453,
	4.95358 2.14637,
	4.93772 2.10408,
	4.93243 1.93491,
	4.93243 1.91376,
	4.93243 1.90847,
	"/>
<Contour name="d02" hidden="false" closed="true" simplified="true" border="0.5 0 1" fill="0.5 0 1" mode="9"
 points="4.49152 6.29939,
	4.53531 6.25561,
	4.5791 6.22433,
	4.61038 6.17428,
	4.62289 6.16177,
	4.62289 6.14926,
	4.6354 6.13675,
	4.66668 6.03666,
	4.67294 6.01164,
	4.71673 5.96785,
	4.74175 5.95534,
	4.76052 5.93031,
	4.77303 5.88027,
	4.77303 5.85525,
	4.8043 5.8052,
	4.82307 5.78018,
	4.83558 5.73013,
	4.84184 5.70511,
	4.88563 5.66132,
	4.92942 5.63004,
	4.97321 5.58626,
	4.99823 5.56749,
	5.01074 5.55498,
	5.03576 5.55498,
	5.13585 5.59251,
	5.16087 5.61128,
	5.21092 5.62379,
	5.26096 5.61753,
	5.31101 5.59877,
	5.32352 5.59877,
	5.34229 5.57374,
	5.3548 5.5237,
	5.37356 5.49868,
	5.42361 5.49242,
	5.44863 5.49242,
	5.47365 5.50493,
	5.51744 5.55498,
	5.56749 5.58626,
	5.57374 5.59251,
	5.59251 5.54247,
	5.61753 5.54872,
	5.65507 5.59877,
	5.70511 5.6363,
	5.75516 5.64881,
	5.78018 5.65507,
	5.79269 5.65507,
	5.83648 5.69886,
	5.85525 5.71762,
	5.8615 5.74265,
	5.81771 5.78643,
	5.79269 5.79895,
	5.78018 5.79895,
	5.75516 5.81771,
	5.65507 5.84899,
	5.64256 5.84899,
	5.62379 5.87401,
	5.61128 5.92406,
	5.60502 5.94908,
	5.58626 5.9741,
	5.53621 5.99287,
	5.51119 5.99913,
	5.49868 6.01789,
	5.49242 6.06794,
	5.46114 6.16803,
	5.44238 6.19305,
	5.42987 6.20556,
	5.37982 6.22433,
	5.32352 6.31816,
	5.32352 6.33067,
	5.27973 6.38072,
	5.23594 6.412,
	5.21092 6.42451,
	5.16087 6.42451,
	5.13585 6.41825,
	5.1296 6.39323,
	5.12334 6.38072,
	5.02325 6.39323,
	4.92316 6.38697,
	4.82307 6.36821,
	4.72298 6.36821,
	4.62289 6.38072,
	4.57285 6.38697,
	4.54783 6.38697,
	4.50404 6.34318,
	4.49152 6.31816,
	4.49152 6.30565,
	"/>
<Contour name="d02" hidden="false" closed="true" simplified="true" border="0.5 0 1" fill="0.5 0 1" mode="9"
 points="3.15596 6.49276,
	3.16457 6.48414,
	3.19902 6.49706,
	3.23346 6.49276,
	3.30235 6.46262,
	3.31957 6.44539,
	3.32818 6.43678,
	3.32818 6.42817,
	3.36263 6.39373,
	3.36693 6.32484,
	3.36693 6.30762,
	3.37554 6.29901,
	3.44443 6.31623,
	3.46165 6.32484,
	3.47457 6.34206,
	3.47457 6.35067,
	3.49179 6.36359,
	3.52624 6.3722,
	3.56068 6.3722,
	3.59513 6.38081,
	3.62957 6.40234,
	3.69846 6.39803,
	3.7329 6.40234,
	3.76735 6.41526,
	3.77596 6.41956,
	3.77596 6.43678,
	3.76735 6.45401,
	3.76735 6.47123,
	3.83193 6.48845,
	3.90082 6.49276,
	3.93526 6.49706,
	3.95249 6.49706,
	3.96971 6.50998,
	4.10749 6.51428,
	4.14193 6.51859,
	4.14624 6.5272,
	4.1161 6.59609,
	4.11179 6.61331,
	4.07735 6.64776,
	4.00846 6.69942,
	3.97401 6.71234,
	3.93957 6.73387,
	3.87068 6.73817,
	3.83624 6.73817,
	3.76735 6.70803,
	3.69846 6.70373,
	3.66402 6.71234,
	3.62957 6.70803,
	3.56068 6.67789,
	3.52624 6.67359,
	3.50902 6.67359,
	3.49179 6.66498,
	3.47457 6.66498,
	3.46596 6.66498,
	3.45304 6.64776,
	3.4186 6.64345,
	3.28082 6.65637,
	3.21193 6.65206,
	3.19471 6.64776,
	3.17749 6.63484,
	3.16457 6.60039,
	3.16027 6.53151,
	3.15596 6.49706,
	"/>
<Contour name="d02" hidden="false" closed="true" simplified="true" border="0.5 0 1" fill="0.5 0 1" mode="9"
 points="5.48451 6.4709,
	5.49364 6.45263,
	5.53018 6.42067,
	5.56671 6.4161,
	5.58498 6.41153,
	5.59411 6.40697,
	5.63064 6.4161,
	5.70371 6.4572,
	5.70827 6.53027,
	5.68087 6.56223,
	5.64434 6.5668,
	5.62608 6.55767,
	5.60781 6.5668,
	5.57128 6.5668,
	5.55301 6.5531,
	5.54844 6.5394,
	5.53018 6.5394,
	5.51191 6.5257,
	5.48908 6.49373,
	5.48451 6.47547,
	"/>
<Contour name="d02c03" hidden="false" closed="true" simplified="true" border="0 1 0" fill="0 1 0" mode="9"
 points="5.5205 6.5383,
	5.53926 6.5336,
	5.57678 6.5383,
	5.65183 6.52422,
	5.66121 6.52422,
	5.68466 6.55706,
	5.68935 6.59458,
	5.68466 6.60396,
	5.64714 6.60396,
	5.62837 6.60396,
	5.55333 6.57113,
	5.53457 6.56644,
	5.52519 6.56644,
	5.5205 6.54768,
	5.5205 6.54299,
	"/>
<Contour name="d02c04" hidden="false" closed="true" simplified="true" border="0 1 0" fill="0 1 0" mode="9"
 points="3.16596 6.51953,
	3.18941 6.4867,
	3.26446 6.43511,
	3.30198 6.41635,
	3.33012 6.37882,
	3.34888 6.37413,
	3.36764 6.37882,
	3.37233 6.41635,
	3.34419 6.45387,
	3.3395 6.47263,
	3.32074 6.49139,
	3.30198 6.50077,
	3.28322 6.51953,
	3.2457 6.5383,
	3.23163 6.55237,
	3.1941 6.55706,
	3.17534 6.54768,
	3.16596 6.52891,
	3.16596 6.52422,
	"/>
<Contour name="d02cfa04" hidden="false" closed="false" simplified="false" border="0 1 1" fill="0 1 1" mode="9"
 points="3.36479 6.38264,
	3.35933 6.40446,
	3.32934 6.45082,
	3.28843 6.47809,
	3.23935 6.50536,
	3.17936 6.51354,
	"/>
<Contour name="d03" hidden="false" closed="true" simplified="true" border="0 1 0" fill="0 1 0" mode="9"
 points="2.24623 3.56352,
	2.26379 3.53229,
	2.27355 3.51668,
	2.27745 3.50888,
	2.3399 3.46594,
	2.35551 3.45423,
	2.4043 3.39178,
	2.44138 3.32933,
	2.45699 3.29811,
	2.47651 3.23566,
	2.50578 3.21029,
	2.51944 3.19663,
	2.56433 3.13418,
	2.59555 3.10491,
	2.60336 3.0971,
	2.66581 3.06978,
	2.68142 3.06392,
	2.73021 3.00147,
	2.73997 2.97025,
	2.74777 2.95464,
	2.77705 2.92341,
	2.80242 2.89219,
	2.84145 2.82974,
	2.86292 2.79851,
	2.88048 2.76729,
	2.94098 2.70679,
	3.00343 2.68142,
	3.01904 2.67557,
	3.14394 2.67166,
	3.20639 2.66581,
	3.23761 2.66191,
	3.30006 2.64629,
	3.30787 2.64434,
	3.37032 2.66971,
	3.37812 2.67362,
	3.41325 2.73606,
	3.43081 2.76729,
	3.48741 2.82779,
	3.51863 2.83559,
	3.52254 2.83559,
	3.56937 2.89804,
	3.59084 2.92927,
	3.62792 2.99172,
	3.65329 3.05417,
	3.65719 3.06978,
	3.6611 3.07758,
	3.65524 3.14003,
	3.65134 3.17126,
	3.62792 3.23371,
	3.61621 3.26493,
	3.58889 3.29616,
	3.58499 3.30006,
	3.52254 3.29421,
	3.46009 3.31762,
	3.45228 3.31958,
	3.42886 3.3508,
	3.39764 3.36446,
	3.38203 3.37032,
	3.3508 3.37422,
	3.28835 3.36446,
	3.25713 3.36056,
	3.24151 3.35666,
	3.17907 3.36056,
	3.14784 3.36251,
	3.08539 3.35275,
	3.06978 3.3508,
	2.94488 3.36641,
	2.91366 3.37227,
	2.89804 3.37617,
	2.89024 3.37812,
	2.82779 3.36251,
	2.79656 3.3547,
	2.76534 3.35275,
	2.70289 3.3547,
	2.68728 3.35666,
	2.62483 3.38007,
	2.56238 3.43277,
	2.53115 3.45814,
	2.4687 3.51668,
	2.41601 3.57913,
	2.38674 3.60645,
	2.37113 3.61816,
	2.36722 3.62207,
	2.30477 3.61231,
	2.27355 3.6045,
	2.25794 3.59865,
	2.24818 3.56742,
	2.24623 3.56547,
	"/>
<Contour name="D10" hidden="false" closed="true" simplified="true" border="0 1 1" fill="0 1 1" mode="11"
 points="3.80835 2.91609,
	3.81592 2.86004,
	3.83789 2.80948,
	3.87212 2.76935,
	3.91524 2.74359,
	3.96305 2.73472,
	4.01086 2.74359,
	4.05398 2.76935,
	4.08821 2.80948,
	4.11018 2.86004,
	4.11775 2.91609,
	4.11018 2.97214,
	4.08821 3.0227,
	4.05398 3.06282,
	4.01086 3.08858,
	3.96305 3.09746,
	3.91524 3.08858,
	3.87212 3.06282,
	3.83789 3.0227,
	"/>
<Contour name="d03c01" hidden="false" closed="true" simplified="true" border="1 0 0" fill="1 0 0" mode="9"
 points="2.33689 3.39198,
	2.35869 3.3571,
	2.41973 3.2917,
	2.43717 3.28734,
	2.45461 3.2917,
	2.47205 3.30478,
	2.48077 3.3135,
	2.48077 3.38326,
	2.41101 3.44866,
	2.37613 3.46174,
	2.35869 3.46174,
	2.34125 3.4443,
	2.33689 3.40942,
	2.33689 3.39634,
	"/>
<Contour name="d03cfa01" hidden="false" closed="false" simplified="false" border="0 1 1" fill="0 1 1" mode="9"
 points="2.34333 3.45466,
	2.38257 3.41978,
	2.43052 3.35875,
	2.46104 3.29335,
	"/>
<Contour name="d06" hidden="false" closed="true" simplified="true" border="0 0 1" fill="0 0 1" mode="9"
 points="1.57064 7.33158,
	1.57924 7.30865,
	1.57924 7.28572,
	1.60217 7.23986,
	1.6337 7.194,
	1.64516 7.17107,
	1.66809 7.15101,
	1.75981 7.15101,
	1.80567 7.15388,
	1.8286 7.16821,
	1.84006 7.17681,
	1.84579 7.22266,
	1.84579 7.24559,
	1.82573 7.29145,
	1.8114 7.31438,
	1.79993 7.32585,
	1.79993 7.34877,
	1.82 7.3631,
	1.86585 7.36597,
	1.91171 7.34877,
	1.93464 7.34591,
	1.9805 7.32871,
	2.02636 7.30292,
	2.11807 7.23413,
	2.20979 7.19687,
	2.25565 7.19687,
	2.27858 7.2198,
	2.29291 7.24273,
	2.29578 7.25419,
	2.31584 7.27712,
	2.32444 7.28859,
	2.32444 7.29432,
	2.37029 7.32871,
	2.41615 7.3717,
	2.46201 7.40323,
	2.46774 7.42616,
	2.45915 7.44909,
	2.45055 7.46055,
	2.40469 7.47775,
	2.39322 7.48062,
	2.38749 7.48062,
	2.36743 7.49781,
	2.35883 7.52074,
	2.36456 7.61246,
	2.37889 7.63539,
	2.38749 7.64685,
	2.39036 7.69271,
	2.39036 7.69844,
	2.41329 7.71564,
	2.42475 7.7271,
	2.43048 7.73284,
	2.43048 7.7443,
	2.40755 7.76436,
	2.39322 7.78729,
	2.39036 7.79876,
	2.39896 7.84462,
	2.39896 8.02805,
	2.39609 8.07391,
	2.39896 8.11976,
	2.41042 8.16562,
	2.41042 8.21148,
	2.41042 8.22295,
	2.43048 8.24587,
	2.43335 8.25734,
	2.43335 8.26307,
	2.47921 8.30033,
	2.50214 8.32039,
	2.548 8.32326,
	2.57092 8.32326,
	2.59385 8.33473,
	2.61392 8.35765,
	2.63111 8.40351,
	2.63971 8.41498,
	2.65118 8.46084,
	2.65118 8.50669,
	2.65118 8.52962,
	2.63971 8.53822,
	2.59385 8.53822,
	2.548 8.51529,
	2.52507 8.49523,
	2.5136 8.48663,
	2.49067 8.47803,
	2.39896 8.47803,
	2.37603 8.46657,
	2.36456 8.46084,
	2.35883 8.46084,
	2.3359 8.44077,
	2.32444 8.43504,
	2.31011 8.41211,
	2.30437 8.40065,
	2.26138 8.35479,
	2.24132 8.33186,
	2.23559 8.30893,
	2.23845 8.286,
	2.25565 8.24014,
	2.25852 8.14843,
	2.25565 8.1255,
	2.24992 8.11976,
	2.24418 8.07391,
	2.24418 8.02805,
	2.24132 8.00512,
	2.24132 7.99365,
	2.23559 7.98219,
	2.23559 7.97073,
	2.22699 7.9478,
	2.21839 7.93633,
	2.21266 7.9134,
	2.20119 7.89047,
	2.1582 7.84748,
	2.14674 7.84175,
	2.10948 7.79589,
	2.08368 7.75003,
	2.04642 7.70418,
	2.04069 7.69844,
	2.03782 7.68698,
	1.94611 7.68125,
	1.92318 7.67838,
	1.87732 7.66405,
	1.85439 7.65832,
	1.84293 7.65258,
	1.83433 7.64112,
	1.8286 7.63539,
	1.8286 7.54367,
	1.8286 7.49781,
	1.82573 7.47488,
	1.8028 7.46342,
	1.71108 7.46342,
	1.66523 7.46055,
	1.6423 7.45769,
	1.61937 7.44622,
	1.6079 7.43476,
	1.60217 7.42903,
	1.60217 7.38317,
	1.60217 7.3717,
	1.58211 7.36884,
	1.57064 7.35737,
	1.57064 7.33444,
	"/>
<Contour name="d06" hidden="false" closed="true" simplified="true" border="0 0 1" fill="0 0 1" mode="9"
 points="1.90598 6.95325,
	1.93178 6.90739,
	1.93751 6.88446,
	1.93751 6.873,
	1.93751 6.86726,
	1.94897 6.85866,
	1.99483 6.85866,
	2.0063 6.85866,
	2.05215 6.87873,
	2.06362 6.87873,
	2.08082 6.90166,
	2.08655 6.91312,
	2.08368 6.95898,
	2.04069 6.99624,
	2.02922 7.00197,
	2.02063 7.01344,
	2.00916 7.01917,
	1.9633 7.01917,
	1.94037 7.0163,
	1.92891 7.0163,
	1.90885 6.99624,
	1.90598 6.97331,
	1.90598 6.96185,
	1.90598 6.95611,
	"/>
<Contour name="d06c04" hidden="false" closed="true" simplified="true" border="0 1 0" fill="0 1 0" mode="9"
 points="2.41646 8.4798,
	2.4326 8.46366,
	2.49714 8.46769,
	2.52942 8.47173,
	2.54555 8.47576,
	2.56976 8.504,
	2.58589 8.51207,
	2.598 8.52821,
	2.598 8.56048,
	2.598 8.57662,
	2.598 8.58468,
	2.58589 8.59679,
	2.58589 8.60486,
	2.55362 8.60889,
	2.52135 8.59679,
	2.48907 8.59275,
	2.47294 8.59275,
	2.44066 8.57258,
	2.42453 8.55645,
	2.41646 8.54838,
	2.41646 8.48383,
	"/>
<Contour name="d06cfa04" hidden="false" closed="false" simplified="false" border="0 1 1" fill="0 1 1" mode="9"
 points="2.59505 8.57109,
	2.56681 8.55092,
	2.47403 8.51461,
	2.40948 8.48637,
	"/>
<Contour name="d06c05" hidden="false" closed="true" simplified="true" border="0 1 0" fill="0 1 0" mode="9"
 points="1.51684 7.26148,
	1.54912 7.19693,
	1.56929 7.16466,
	1.60156 7.13642,
	1.6177 7.12432,
	1.64997 7.12432,
	1.66611 7.12835,
	1.67417 7.13642,
	1.67821 7.1687,
	1.66207 7.23324,
	1.64594 7.24938,
	1.6177 7.31393,
	1.60559 7.33006,
	1.57332 7.3462,
	1.54105 7.35023,
	1.52491 7.33813,
	1.51684 7.27358,
	1.51684 7.26552,
	"/>
<Contour name="d06cfa05" hidden="false" closed="false" simplified="false" border="0 1 1" fill="0 1 1" mode="9"
 points="1.56634 7.34874,
	1.56634 7.30033,
	1.57038 7.28016,
	1.58651 7.24788,
	1.63089 7.1793,
	1.67123 7.13896,
	"/>
<Contour name="d07" hidden="false" closed="true" simplified="true" border="1 0 1" fill="1 0 1" mode="9"
 points="1.54835 6.89913,
	1.5624 6.88508,
	1.59049 6.87104,
	1.70284 6.84997,
	1.75901 6.83242,
	1.7871 6.82189,
	1.84328 6.81838,
	1.87137 6.82189,
	1.89945 6.83944,
	1.92403 6.86402,
	1.93456 6.87806,
	1.93808 6.90615,
	1.93808 6.92019,
	1.93808 6.92722,
	1.91701 6.95179,
	1.90648 6.96584,
	1.89945 6.97286,
	1.89243 7.00095,
	1.88892 7.01499,
	1.86083 7.02552,
	1.74848 7.02201,
	1.69231 7.02201,
	1.67826 7.02201,
	1.65017 7.00797,
	1.62209 6.98339,
	1.60102 6.9553,
	1.57293 6.94477,
	1.55889 6.93775,
	1.54835 6.92371,
	1.54835 6.90966,
	1.54835 6.90264,
	"/>
<Contour name="d07" hidden="false" closed="true" simplified="true" border="1 0 1" fill="1 0 1" mode="9"
 points="2.79827 7.07468,
	2.81583 7.04659,
	2.82987 7.03255,
	2.85796 7.0185,
	2.872 7.01148,
	2.98436 7.02201,
	3.04053 7.02201,
	3.06862 7.02201,
	3.08266 7.02552,
	3.08969 7.02552,
	3.14235 7.07819,
	3.18097 7.13085,
	3.18097 7.18703,
	3.21608 7.24321,
	3.2231 7.25725,
	3.2231 7.27129,
	3.24066 7.29938,
	3.29332 7.34854,
	3.3179 7.37311,
	3.32141 7.4012,
	3.32141 7.41525,
	3.31439 7.42929,
	3.31439 7.45738,
	3.31088 7.47142,
	3.31088 7.47844,
	3.28279 7.50302,
	3.22662 7.53813,
	3.21959 7.53813,
	3.20555 7.54866,
	3.17746 7.55569,
	3.12128 7.55569,
	3.0932 7.55569,
	3.06511 7.56973,
	3.00893 7.58729,
	2.99489 7.59431,
	2.93871 7.59431,
	2.88254 7.56271,
	2.86147 7.53462,
	2.85445 7.50653,
	2.85445 7.45036,
	2.85094 7.42227,
	2.82636 7.39418,
	2.81232 7.38014,
	2.80529 7.35205,
	2.79827 7.338,
	2.79827 7.1133,
	2.79827 7.08521,
	2.79827 7.07819,
	"/>
<Contour name="d07" hidden="false" closed="true" simplified="true" border="1 0 1" fill="1 0 1" mode="9"
 points="3.1248 7.72773,
	3.14235 7.69964,
	3.16693 7.67506,
	3.19502 7.66102,
	3.20906 7.65399,
	3.21608 7.65048,
	3.24417 7.66453,
	3.24417 7.69262,
	3.24417 7.69964,
	3.23013 7.71017,
	3.19151 7.76284,
	3.16693 7.78039,
	3.16693 7.78741,
	3.15991 7.79443,
	3.13182 7.79092,
	3.1248 7.7839,
	3.1248 7.73124,
	"/>
<Contour name="d07" hidden="false" closed="true" simplified="true" border="1 0 1" fill="1 0 1" mode="9"
 points="3.42323 7.29938,
	3.47941 7.26427,
	3.5075 7.24672,
	3.52154 7.2397,
	3.57772 7.2397,
	3.59176 7.2397,
	3.64794 7.27129,
	3.67602 7.28534,
	3.69709 7.30992,
	3.7006 7.338,
	3.69709 7.35205,
	3.67251 7.3696,
	3.64442 7.38014,
	3.53207 7.38014,
	3.4759 7.37663,
	3.46185 7.37311,
	3.43728 7.34854,
	3.42674 7.33449,
	3.42323 7.3064,
	3.42323 7.30289,
	"/>
<Contour name="d07c04" hidden="false" closed="true" simplified="true" border="1 0 0" fill="0 1 0" mode="9"
 points="1.59483 6.8562,
	1.6261 6.83275,
	1.68864 6.81321,
	1.71991 6.80148,
	1.78246 6.80539,
	1.78246 6.83666,
	1.78246 6.8523,
	1.72382 6.90311,
	1.66128 6.90702,
	1.63001 6.91093,
	1.61437 6.91093,
	1.59874 6.8992,
	1.59483 6.86793,
	1.59483 6.86011,
	"/>
<Contour name="d07cfa04" hidden="false" closed="false" simplified="false" border="0 1 1" fill="0 1 1" mode="9"
 points="1.59243 6.87335,
	1.65106 6.86553,
	1.72142 6.8538,
	1.77614 6.83035,
	"/>
<Contour name="d08" hidden="false" closed="true" simplified="true" border="1 0 0" fill="1 0 0" mode="9"
 points="4.90789 4.20499,
	4.92647 4.15545,
	4.94505 4.13068,
	4.95743 4.11829,
	4.98221 4.10591,
	5.03175 4.10281,
	5.05342 4.11829,
	5.06581 4.13068,
	5.08129 4.15545,
	5.10297 4.18022,
	5.11845 4.1957,
	5.16799 4.1988,
	5.26708 4.19261,
	5.29185 4.18641,
	5.34139 4.16474,
	5.36617 4.15545,
	5.46525 4.15545,
	5.47764 4.15855,
	5.52718 4.20499,
	5.56744 4.25454,
	5.58292 4.27931,
	5.58602 4.30408,
	5.58602 4.31027,
	5.61079 4.33195,
	5.61388 4.34433,
	5.65414 4.39388,
	5.67581 4.41555,
	5.70058 4.42484,
	5.71297 4.43104,
	5.73774 4.43104,
	5.75013 4.43104,
	5.7749 4.42175,
	5.79967 4.40626,
	5.81206 4.39697,
	5.8616 4.39388,
	5.88637 4.40317,
	5.91114 4.42484,
	5.92043 4.43723,
	5.91734 4.462,
	5.90805 4.47129,
	5.90805 4.47748,
	5.89566 4.48677,
	5.88947 4.49916,
	5.8647 4.51154,
	5.83992 4.51464,
	5.82754 4.51464,
	5.82135 4.51464,
	5.79967 4.53631,
	5.7749 4.5487,
	5.75013 4.56728,
	5.72536 4.57967,
	5.71297 4.58586,
	5.61388 4.60134,
	5.6015 4.60753,
	5.5953 4.60753,
	5.58292 4.61682,
	5.53338 4.62611,
	5.48383 4.62921,
	5.38475 4.66946,
	5.35997 4.67875,
	5.31043 4.68185,
	5.28566 4.68804,
	5.23612 4.68804,
	5.21134 4.68804,
	5.19896 4.68804,
	5.18657 4.67875,
	5.17728 4.65398,
	5.17728 4.45581,
	5.17728 4.43104,
	5.16799 4.40626,
	5.16799 4.40007,
	5.15251 4.3753,
	5.14322 4.35053,
	5.10297 4.30408,
	5.05652 4.25454,
	5.04413 4.24215,
	4.99459 4.23905,
	4.94505 4.24215,
	4.92028 4.24215,
	4.90789 4.23286,
	4.90789 4.20809,
	"/>
<Contour name="d08" hidden="false" closed="true" simplified="true" border="1 0 0" fill="1 0 0" mode="9"
 points="5.66962 3.71575,
	5.6882 3.69408,
	5.73774 3.66621,
	5.78729 3.66311,
	5.79967 3.66621,
	5.82444 3.68788,
	5.92353 3.68788,
	5.9483 3.6786,
	5.96998 3.65692,
	5.98236 3.63215,
	5.99475 3.61976,
	6.01952 3.61047,
	6.03191 3.61047,
	6.0381 3.61667,
	6.04119 3.64144,
	6.05358 3.64763,
	6.07835 3.66931,
	6.08145 3.71885,
	6.07526 3.72504,
	6.06906 3.72504,
	6.06287 3.73124,
	6.01333 3.74672,
	5.81515 3.74981,
	5.71607 3.75601,
	5.69129 3.75601,
	5.67891 3.75291,
	5.66962 3.74052,
	5.66962 3.71885,
	"/>
<Contour name="d08" hidden="false" closed="true" simplified="true" border="1 0 0" fill="1 0 0" mode="9"
 points="5.74084 5.01627,
	5.74703 5.00388,
	5.75322 4.99769,
	5.80277 4.99769,
	5.82754 4.99769,
	5.85231 5.00388,
	5.87708 5.02556,
	5.92663 5.04723,
	5.93901 5.05652,
	5.96378 5.06581,
	5.97617 5.06891,
	6.02571 5.09677,
	6.0381 5.09987,
	6.06287 5.12155,
	6.07526 5.12774,
	6.10003 5.13084,
	6.14957 5.18038,
	6.16196 5.20515,
	6.16815 5.22992,
	6.16815 5.27947,
	6.16815 5.30424,
	6.16505 5.31662,
	6.14338 5.34139,
	6.11861 5.35997,
	6.06906 5.35997,
	6.01952 5.34139,
	6.01333 5.34139,
	5.98856 5.32282,
	5.97617 5.31662,
	5.96378 5.30424,
	5.95449 5.27947,
	5.9514 5.18038,
	5.9514 5.15561,
	5.9514 5.14941,
	5.92663 5.12464,
	5.82754 5.12464,
	5.778 5.12464,
	5.75322 5.12155,
	5.74393 5.11226,
	5.74393 5.06271,
	5.74084 5.03794,
	5.74084 5.02556,
	5.74084 5.01936,
	"/>
<Contour name="d08c02" hidden="false" closed="true" simplified="true" border="1 0 0" fill="0 1 0" mode="9"
 points="6.12987 5.1938,
	6.14255 5.18112,
	6.15945 5.18112,
	6.1679 5.18324,
	6.1996 5.20437,
	6.1996 5.23817,
	6.19749 5.25508,
	6.19115 5.27198,
	6.18481 5.27832,
	6.1679 5.28044,
	6.15945 5.28044,
	6.151 5.2741,
	6.151 5.24029,
	6.151 5.22338,
	6.13832 5.20859,
	6.12987 5.20014,
	6.12987 5.19591,
	"/>
<Contour name="d08cfa02" hidden="false" closed="false" simplified="false" border="0 1 1" fill="0 1 1" mode="9"
 points="6.1605 5.27785,
	6.1605 5.23981,
	6.15416 5.20389,
	6.14359 5.18276,
	"/>
<Contour name="d08ax17" hidden="false" closed="true" simplified="true" border="0 0 1" fill="0 0 1" mode="-11"
 points="2.9015 5.13527,
	2.928 5.09287,
	2.9439 5.07432,
	2.9651 5.05842,
	2.9757 5.05047,
	2.981 5.04517,
	3.0022 5.04517,
	3.0128 5.05312,
	3.01809 5.05842,
	3.02339 5.07962,
	3.02339 5.09022,
	3.05519 5.12732,
	3.05784 5.13262,
	3.04459 5.15381,
	3.03929 5.16441,
	3.02074 5.18561,
	2.981 5.20946,
	2.9598 5.21741,
	2.9386 5.21741,
	2.928 5.21741,
	2.91475 5.19886,
	2.9015 5.15646,
	2.9015 5.13792,
	"/>
<Contour name="d01cfa03ax01" hidden="false" closed="false" simplified="false" border="0 1 1" fill="0 1 1" mode="9"
 points="6.5234 1.64351,
	6.51075 1.65194,
	6.51075 1.65194,
	6.49389 1.65615,
	6.48124 1.66037,
	6.45595 1.6688,
	6.42644 1.67723,
	6.37585 1.69409,
	6.32105 1.7236,
	6.28311 1.74468,
	6.27046 1.75733,
	6.18193 1.76998,
	"/>
<Contour name="d03p01" hidden="false" closed="true" simplified="false" border="1 0 0" fill="1 0 0" mode="-9"
 points="2.77322 3.18051,
	2.77322 3.17463,
	2.7791 3.16875,
	2.78498 3.16875,
	2.79085 3.17463,
	2.79085 3.18051,
	2.78498 3.18638,
	2.7791 3.18638,
	"/>
<Contour name="d06p04" hidden="false" closed="true" simplified="false" border="0 0 1" fill="0 0 1" mode="-13"
 points="2.25849 7.78854,
	2.24112 7.77117,
	2.25849 7.7538,
	2.27586 7.77117,
	"/>
<Contour name="d06p05" hidden="false" closed="true" simplified="false" border="1 1 0" fill="1 1 0" mode="-9"
 points="1.94831 7.45354,
	1.94831 7.41384,
	1.9086 7.41384,
	1.9086 7.44858,
	1.90364 7.45354,
	1.90364 7.40887,
	1.95327 7.40887,
	1.95327 7.4585,
	1.90364 7.4585,
	1.9086 7.45354,
	"/>
<Contour name="d08p03" hidden="false" closed="true" simplified="false" border="1 1 0" fill="1 1 0" mode="-13"
 points="5.23877 4.30844,
	5.23877 4.27442,
	5.20475 4.27442,
	5.20475 4.30419,
	5.2005 4.30844,
	5.2005 4.27017,
	5.24302 4.27017,
	5.24302 4.3127,
	5.2005 4.3127,
	5.20475 4.30844,
	"/>
<Contour name="d08p04" hidden="false" closed="true" simplified="false" border="0 0 1" fill="0 0 1" mode="-13"
 points="5.63638 4.51469,
	5.6215 4.49981,
	5.63638 4.48492,
	5.65127 4.49981,
	"/>
<Contour name="d07" hidden="false" closed="true" simplified="true" border="1 0 1" fill="1 0 1" mode="9"
 points="2.38958 7.89889,
	2.40855 7.87131,
	2.42061 7.85752,
	2.47579 7.84717,
	2.50337 7.84889,
	2.51716 7.84976,
	2.53096 7.85234,
	2.6413 7.88596,
	2.69647 7.90407,
	2.72405 7.91355,
	2.73785 7.91786,
	2.76543 7.92303,
	2.77922 7.92475,
	2.78267 7.92562,
	2.81026 7.91441,
	2.81715 7.91182,
	2.84474 7.90838,
	2.87232 7.91182,
	2.88612 7.91355,
	2.89991 7.91786,
	2.9275 7.92993,
	2.95508 7.94717,
	2.96887 7.95579,
	2.97577 7.9601,
	2.97922 7.96268,
	2.99215 7.99027,
	3.01198 8.04544,
	3.01629 8.05923,
	3.02404 8.07303,
	3.02835 8.07992,
	3.03008 8.08337,
	3.02577 8.09027,
	3.02318 8.09371,
	3.01973 8.09544,
	3.01284 8.09544,
	2.99904 8.09199,
	2.99215 8.09027,
	2.9887 8.0894,
	2.98698 8.0894,
	2.97318 8.0782,
	2.96974 8.07647,
	2.95594 8.07389,
	2.92836 8.05665,
	2.91456 8.05406,
	2.88698 8.04199,
	2.85939 8.02561,
	2.8456 8.01613,
	2.83181 8.00837,
	2.81802 7.99717,
	2.81112 7.99286,
	2.78353 7.98337,
	2.77664 7.98079,
	2.74905 7.97993,
	2.73526 7.98251,
	2.70767 7.99027,
	2.69388 7.99286,
	2.63871 7.99286,
	2.61113 7.99286,
	2.58354 7.99027,
	2.4732 7.97217,
	2.44561 7.96786,
	2.43182 7.96527,
	2.41803 7.95579,
	2.41113 7.94889,
	2.39906 7.92131,
	2.39303 7.90751,
	2.39044 7.90062,
	2.38958 7.89976,
	"/>
</Transform>

<Transform dim="0"
 xcoef=" 0 1 0 0 0 0"
 ycoef=" 0 0 1 0 0 0">
<Contour name="ax01" comment="LK bouton trace named after cfa" hidden="false" closed="true" simplified="true" border="0 1 1" fill="0.502 1 1" mode="9"
 points="6.02678 1.57099,
	6.02911 1.56633,
	6.03027 1.54771,
	6.03376 1.5291,
	6.04074 1.51048,
	6.04423 1.50117,
	6.05005 1.49186,
	6.06634 1.47324,
	6.07565 1.46393,
	6.11289 1.44647,
	6.13151 1.44065,
	6.15013 1.43716,
	6.16875 1.43135,
	6.20599 1.42553,
	6.24323 1.42436,
	6.25254 1.42553,
	6.28977 1.44065,
	6.32701 1.44298,
	6.36425 1.44182,
	6.38287 1.43949,
	6.39218 1.43484,
	6.42942 1.42436,
	6.43873 1.42087,
	6.44105 1.41854,
	6.44571 1.41738,
	6.44687 1.41505,
	6.4492 1.41505,
	6.45153 1.41273,
	6.45618 1.41156,
	6.4748 1.39527,
	6.48411 1.38712,
	6.48644 1.3848,
	6.49109 1.38363,
	6.49342 1.38131,
	6.51204 1.38131,
	6.52135 1.38247,
	6.526 1.38247,
	6.53531 1.38596,
	6.54462 1.38712,
	6.54695 1.38712,
	6.55161 1.39062,
	6.55626 1.39178,
	6.56557 1.3976,
	6.57488 1.40109,
	6.58419 1.40691,
	6.60281 1.41389,
	6.61212 1.41389,
	6.62143 1.40807,
	6.62957 1.39876,
	6.63539 1.38945,
	6.63655 1.38014,
	6.63074 1.36152,
	6.6319 1.35221,
	6.64005 1.33359,
	6.65867 1.31614,
	6.6959 1.29636,
	6.73314 1.28821,
	6.7378 1.28705,
	6.74012 1.28472,
	6.74012 1.2661,
	6.73431 1.22886,
	6.73431 1.21955,
	6.73198 1.21024,
	6.73314 1.173,
	6.73663 1.13577,
	6.7378 1.12646,
	6.74827 1.10784,
	6.76689 1.09387,
	6.77154 1.09155,
	6.77271 1.08922,
	6.77736 1.08806,
	6.78667 1.08224,
	6.80529 1.07642,
	6.84253 1.06944,
	6.85184 1.06827,
	6.88908 1.05547,
	6.92631 1.045,
	6.93562 1.04034,
	6.95424 1.03453,
	6.96355 1.03336,
	6.97286 1.02987,
	6.98217 1.02871,
	7.00079 1.02172,
	7.0101 1.0194,
	7.02872 1.0066,
	7.03803 1.00311,
	7.05665 1.00194,
	7.06596 1.00311,
	7.08458 1.01358,
	7.09389 1.0194,
	7.1032 1.02754,
	7.10785 1.0322,
	7.11483 1.05082,
	7.11949 1.06013,
	7.12065 1.06478,
	7.12647 1.07409,
	7.14509 1.09038,
	7.1544 1.09853,
	7.15905 1.10318,
	7.16138 1.11249,
	7.16022 1.1218,
	7.15324 1.13111,
	7.13462 1.14857,
	7.11832 1.16719,
	7.11251 1.1765,
	7.10902 1.18581,
	7.09389 1.20326,
	7.07527 1.21839,
	7.07061 1.21955,
	7.0613 1.22653,
	7.04618 1.24515,
	7.03803 1.25446,
	7.01359 1.2917,
	6.99614 1.31032,
	6.9589 1.33243,
	6.92166 1.34523,
	6.88442 1.35338,
	6.80995 1.36152,
	6.79133 1.36152,
	6.78202 1.36385,
	6.7634 1.37782,
	6.75409 1.38363,
	6.72383 1.42087,
	6.70638 1.43949,
	6.69707 1.44415,
	6.67845 1.4488,
	6.64121 1.45113,
	6.6319 1.45462,
	6.61561 1.47207,
	6.60979 1.48138,
	6.59932 1.55586,
	6.59233 1.5931,
	6.58535 1.61172,
	6.57721 1.62103,
	6.57255 1.62568,
	6.55393 1.63383,
	6.53531 1.63732,
	6.49808 1.63848,
	6.47946 1.63848,
	6.47015 1.63848,
	6.46549 1.63848,
	6.44687 1.64663,
	6.3724 1.69201,
	6.35378 1.70481,
	6.33516 1.7118,
	6.29792 1.71878,
	6.29326 1.71878,
	6.25603 1.73158,
	6.24672 1.73391,
	6.24206 1.73391,
	6.23275 1.7374,
	6.19551 1.74205,
	6.15828 1.74205,
	6.13966 1.74205,
	6.12104 1.73972,
	6.10242 1.73042,
	6.0838 1.71878,
	6.07449 1.7118,
	6.0582 1.69318,
	6.04889 1.68503,
	6.04191 1.67572,
	6.03725 1.67107,
	6.02794 1.65245,
	6.02794 1.64314,
	6.03143 1.63383,
	6.02794 1.61521,
	6.02678 1.57797,
	6.02678 1.57332,
	6.02678 1.57215,
	"/>
</Transform>

<Transform dim="0"
 xcoef=" 0 1 0 0 0 0"
 ycoef=" 0 0 1 0 0 0">
<Contour name="ax05" comment="LK bouton trace named after cfa" hidden="false" closed="true" simplified="true" border="0 1 1" fill="0.502 1 1" mode="9"
 points="2.52313 2.03134,
	2.54757 2.00995,
	2.56895 1.98552,
	2.57048 1.9733,
	2.5659 1.94886,
	2.56895 1.92442,
	2.57201 1.91221,
	2.57812 1.89999,
	2.58423 1.87555,
	2.58728 1.86333,
	2.58575 1.85111,
	2.58117 1.83889,
	2.58575 1.81446,
	2.6163 1.76558,
	2.63005 1.74115,
	2.64074 1.73045,
	2.65296 1.72435,
	2.67739 1.71824,
	2.72627 1.69685,
	2.75071 1.68922,
	2.79958 1.68616,
	2.84845 1.69991,
	2.85456 1.70144,
	2.879 1.69685,
	2.88206 1.69533,
	2.89427 1.70144,
	2.90038 1.70449,
	2.91107 1.71671,
	2.91413 1.74115,
	2.91413 1.74726,
	2.90497 1.77169,
	2.88053 1.82057,
	2.87595 1.845,
	2.88053 1.86944,
	2.88816 1.89388,
	2.88969 1.91832,
	2.88969 1.93053,
	2.879 1.97941,
	2.87747 2.02828,
	2.87289 2.0405,
	2.87136 2.05272,
	2.87289 2.06494,
	2.86525 2.11381,
	2.86067 2.12603,
	2.85304 2.13825,
	2.84082 2.14741,
	2.83471 2.152,
	2.81027 2.15658,
	2.79805 2.15963,
	2.79194 2.15963,
	2.76751 2.17185,
	2.75681 2.18101,
	2.75376 2.18712,
	2.74154 2.19934,
	2.7171 2.21462,
	2.69267 2.22683,
	2.66823 2.23142,
	2.64379 2.22989,
	2.61936 2.22225,
	2.59492 2.21003,
	2.5827 2.2024,
	2.55826 2.17796,
	2.53383 2.12909,
	2.53077 2.12298,
	2.5323 2.11076,
	2.52772 2.06188,
	2.52313 2.03745,
	2.52313 2.03286,
	"/>
</Transform>

<Transform dim="6"
 xcoef=" -0.045074115449813 1.03029877567012 0.0554609502983456 0 0 0"
 ycoef=" 0.511516672357177 0.0211652170495592 0.829883738222978 0 0 0">
<Image mag="0.00217507" contrast="1.06154" brightness="0.06" red="true" green="true" blue="true"
 src="FHLTD.59.jpg" />
<Contour name="domain1" hidden="false" closed="true" simplified="false" border="1 0 1" fill="1 0 1" mode="9"
 points="0 0,
	4096 0,
	4096 4096,
	0 4096,
	"/>
</Transform>

<Transform dim="0"
 xcoef=" 0 1 0 0 0 0"
 ycoef=" 0 0 1 0 0 0">
<Contour name="ax28" comment="LK bouton trace named after cfa" hidden="false" closed="true" simplified="true" border="0 1 1" fill="0.502 1 1" mode="9"
 points="5.35457 3.09378,
	5.35592 3.08837,
	5.36472 3.06671,
	5.37216 3.04506,
	5.37554 3.03423,
	5.37757 3.02882,
	5.37893 3.01799,
	5.38028 3.01529,
	5.38028 3.01258,
	5.38163 3.00987,
	5.38163 3.00717,
	5.38705 2.99634,
	5.39043 2.99092,
	5.40126 2.98077,
	5.40667 2.97604,
	5.40938 2.97468,
	5.41885 2.96386,
	5.4263 2.95303,
	5.43645 2.9422,
	5.44727 2.93273,
	5.45269 2.92867,
	5.45675 2.91784,
	5.46284 2.90702,
	5.47299 2.89687,
	5.47569 2.89416,
	5.48652 2.88807,
	5.50817 2.88198,
	5.51359 2.88063,
	5.53524 2.86912,
	5.54607 2.86168,
	5.55148 2.8583,
	5.56231 2.84882,
	5.56502 2.84747,
	5.57517 2.83664,
	5.58396 2.82582,
	5.59141 2.81499,
	5.59411 2.80957,
	5.60968 2.78792,
	5.61915 2.77709,
	5.62456 2.77236,
	5.63539 2.76627,
	5.64622 2.75882,
	5.65163 2.75409,
	5.66246 2.74935,
	5.67328 2.74732,
	5.6787 2.74529,
	5.68411 2.74461,
	5.69494 2.73988,
	5.71659 2.72837,
	5.722 2.72567,
	5.73283 2.72296,
	5.75449 2.72093,
	5.77614 2.72228,
	5.78697 2.72364,
	5.79238 2.72431,
	5.83569 2.74258,
	5.85734 2.75341,
	5.86275 2.75612,
	5.88441 2.77033,
	5.89523 2.77709,
	5.89794 2.77912,
	5.90539 2.78995,
	5.9108 2.80078,
	5.92433 2.82243,
	5.93245 2.83326,
	5.94193 2.84409,
	5.95208 2.86574,
	5.96087 2.88739,
	5.9629 2.89822,
	5.96426 2.90363,
	5.96426 2.92529,
	5.9602 2.94694,
	5.9602 2.95235,
	5.95884 2.95777,
	5.95817 2.97942,
	5.95952 3.00108,
	5.95749 3.02273,
	5.95072 3.06604,
	5.94869 3.08769,
	5.94734 3.09852,
	5.94734 3.10934,
	5.9514 3.131,
	5.95072 3.15265,
	5.95072 3.15806,
	5.94869 3.16889,
	5.94869 3.17431,
	5.93922 3.21761,
	5.93719 3.22844,
	5.91689 3.27175,
	5.90606 3.2934,
	5.89997 3.30423,
	5.89185 3.31505,
	5.88644 3.32047,
	5.86478 3.33603,
	5.84313 3.35769,
	5.83772 3.36107,
	5.83501 3.3631,
	5.8296 3.36445,
	5.80794 3.36107,
	5.80253 3.36039,
	5.7917 3.36175,
	5.78088 3.36175,
	5.77952 3.36175,
	5.7599 3.3834,
	5.74772 3.40505,
	5.74163 3.41588,
	5.73283 3.42671,
	5.722 3.43347,
	5.71659 3.43483,
	5.71388 3.4355,
	5.71118 3.43753,
	5.70847 3.43821,
	5.69764 3.44701,
	5.69223 3.45242,
	5.68952 3.45513,
	5.6787 3.46122,
	5.67328 3.46325,
	5.65163 3.46528,
	5.6408 3.46731,
	5.61915 3.46595,
	5.60832 3.46392,
	5.60291 3.46325,
	5.59208 3.45851,
	5.57043 3.4443,
	5.5596 3.43753,
	5.53795 3.43077,
	5.53253 3.43077,
	5.52712 3.42738,
	5.51629 3.41723,
	5.51291 3.41182,
	5.50817 3.40099,
	5.50547 3.39558,
	5.49667 3.38475,
	5.48652 3.3746,
	5.48043 3.36378,
	5.4696 3.35295,
	5.46419 3.34754,
	5.45539 3.33671,
	5.44389 3.31505,
	5.43645 3.2934,
	5.43374 3.28799,
	5.43374 3.28663,
	5.42833 3.28257,
	5.41276 3.26092,
	5.40735 3.25009,
	5.39314 3.20679,
	5.38434 3.18513,
	5.37893 3.17431,
	5.36539 3.15265,
	5.36404 3.14994,
	5.36269 3.14859,
	5.36201 3.14588,
	5.35998 3.14318,
	5.35524 3.12152,
	5.35457 3.09987,
	5.35457 3.09446,
	"/>
</Transform>

<Transform dim="0"
 xcoef=" 0 1 0 0 0 0"
 ycoef=" 0 0 1 0 0 0">
<Contour name="d01c03ax01" hidden="false" closed="true" simplified="true" border="0 1 0" fill="0 1 0" mode="9"
 points="6.16426 1.69562,
	6.24139 1.66911,
	6.39565 1.6197,
	6.47278 1.59439,
	6.51134 1.58234,
	6.52098 1.57873,
	6.5246 1.65586,
	6.52581 1.69442,
	6.52581 1.70406,
	6.37155 1.74865,
	6.21729 1.79083,
	6.19801 1.79686,
	6.18837 1.79927,
	6.18475 1.78963,
	6.16788 1.7125,
	6.16547 1.70286,
	6.16426 1.69804,
	6.16426 1.69683,
	"/>
</Transform>

</Section>