<?xml version="1.0"?>
<!DOCTYPE Section SYSTEM "section.dtd">

<Section index="224" thickness="0.045" alignLocked="true">
<Transform dim="6"
 xcoef=" -1.64064100915706 1.11684760293528 0.149342360995475 0 0 0"
 ycoef=" -2.18765652135634 0.0729269765773559 1.03725920605468 0 0 0">
<Image mag="0.00217507" contrast="0.917" brightness="0.12" red="true" green="true" blue="true"
 src="FHLTD.224.jpg" />
<Contour name="domain1" hidden="false" closed="true" simplified="false" border="1 0 1" fill="1 0 1" mode="11"
 points="0 0,
	4096 0,
	4096 4096,
	0 4096,
	"/>
</Transform>

<Transform dim="6"
 xcoef=" -1.67212535356819 1.0081619887597 -0.021891705946757 0 0 0"
 ycoef=" -0.979707541914751 0.0132164509415794 0.986712221313614 0 0 0">
<Contour name="D04" hidden="false" closed="true" simplified="true" border="1 0 0" fill="1 0 0" mode="11"
 points="5.46492 7.28996,
	5.46778 7.25096,
	5.47628 7.21281,
	5.49024 7.17634,
	5.50936 7.14235,
	5.53323 7.11158,
	5.56131 7.0847,
	5.59299 7.0623,
	5.6276 7.04487,
	5.66436 7.03278,
	5.70248 7.0263,
	5.74113 7.02558,
	5.77947 7.03063,
	5.81665 7.04133,
	5.85186 7.05746,
	5.88435 7.07866,
	5.91339 7.10447,
	5.93836 7.13432,
	5.95871 7.16758,
	5.97399 7.2035,
	5.98388 7.24131,
	5.98816 7.28018,
	5.98673 7.31926,
	5.97963 7.35771,
	5.96701 7.39467,
	5.94914 7.42936,
	5.92642 7.461,
	5.89934 7.48891,
	5.86849 7.51248,
	5.83455 7.53119,
	5.79825 7.54464,
	5.76039 7.55254,
	5.72179 7.55471,
	5.6833 7.5511,
	5.64576 7.54179,
	5.60998 7.52699,
	5.57674 7.50702,
	5.54678 7.48231,
	5.52073 7.45341,
	5.49918 7.42094,
	5.48259 7.38562,
	5.47133 7.3482,
	"/>
</Transform>

<Transform dim="6"
 xcoef=" 0.637874646431816 1.0081619887597 -0.021891705946757 0 0 0"
 ycoef=" 0.150292458085249 0.0132164509415794 0.986712221313614 0 0 0">
<Contour name="D05" hidden="false" closed="true" simplified="true" border="1 1 0" fill="1 1 0" mode="11"
 points="2.69299 3.97404,
	2.70475 3.90163,
	2.73888 3.83632,
	2.79205 3.78448,
	2.85904 3.7512,
	2.93329 3.73974,
	3.00755 3.7512,
	3.07454 3.78448,
	3.12771 3.83632,
	3.16184 3.90163,
	3.1736 3.97404,
	3.16184 4.04644,
	3.12771 4.11175,
	3.07454 4.16359,
	3.00755 4.19687,
	2.93329 4.20833,
	2.85904 4.19687,
	2.79205 4.16359,
	2.73888 4.11175,
	"/>
</Transform>

<Transform dim="6"
 xcoef=" 0.0378746464318156 1.0081619887597 -0.021891705946757 0 0 0"
 ycoef=" 0.000292458085248304 0.0132164509415794 0.986712221313614 0 0 0">
<Contour name="d01" hidden="true" closed="true" simplified="true" border="1 0.5 0" fill="1 0.5 0" mode="9"
 points="4.52839 4.97058,
	4.53905 4.92796,
	4.54437 4.90665,
	4.58699 4.86935,
	4.62429 4.78411,
	4.6456 4.74149,
	4.66158 4.72551,
	4.67224 4.73084,
	4.66158 4.68822,
	4.65092 4.66691,
	4.6456 4.62429,
	4.64027 4.6083,
	4.59765 4.57634,
	4.59232 4.57101,
	4.63494 4.53372,
	4.65625 4.52306,
	4.66158 4.51774,
	4.64027 4.47512,
	4.65625 4.4325,
	4.69887 4.42717,
	4.78411 4.4325,
	4.86935 4.46979,
	4.89066 4.48044,
	4.90132 4.48577,
	4.90132 4.50708,
	4.8587 4.54437,
	4.83739 4.58699,
	4.82673 4.62961,
	4.78944 4.71486,
	4.77346 4.8001,
	4.7628 4.84272,
	4.7628 4.88534,
	4.78411 4.92796,
	4.77346 5.0132,
	4.78944 5.05582,
	4.77879 5.09844,
	4.73617 5.12507,
	4.73084 5.1304,
	4.69355 5.09311,
	4.67756 5.0718,
	4.59765 5.02385,
	4.55503 4.99721,
	4.53372 4.98656,
	4.52839 4.9759,
	"/>
</Transform>

<Transform dim="6"
 xcoef=" 0.0378746464318156 1.0081619887597 -0.021891705946757 0 0 0"
 ycoef=" 0.000292458085248304 0.0132164509415794 0.986712221313614 0 0 0">
<Contour name="d01" hidden="true" closed="true" simplified="true" border="1 0.5 0" fill="1 0.5 0" mode="9"
 points="4.87325 5.27374,
	4.87747 5.24001,
	4.90698 5.21472,
	4.92384 5.20629,
	4.95757 5.21893,
	4.966 5.21893,
	4.98286 5.23158,
	5.00394 5.29903,
	5.01658 5.33276,
	5.01237 5.36648,
	5.00394 5.38334,
	4.93649 5.39599,
	4.91963 5.39599,
	4.91119 5.39599,
	4.89433 5.36227,
	4.87747 5.29482,
	4.87325 5.27795,
	"/>
</Transform>

<Transform dim="6"
 xcoef=" 0.0378746464318156 1.0081619887597 -0.021891705946757 0 0 0"
 ycoef=" 0.000292458085248304 0.0132164509415794 0.986712221313614 0 0 0">
<Contour name="d01c43" hidden="false" closed="true" simplified="true" border="0 1 0" fill="0 1 0" mode="9"
 points="4.95721 5.23171,
	4.96128 5.22764,
	4.96941 5.22764,
	4.97755 5.23171,
	4.98365 5.23984,
	4.98771 5.24391,
	4.99585 5.27644,
	5.00398 5.29271,
	5.01618 5.30898,
	5.02025 5.31711,
	5.02228 5.34964,
	5.00805 5.36184,
	5.00195 5.36794,
	4.99788 5.36998,
	4.99585 5.36794,
	5.00195 5.35981,
	5.00398 5.35168,
	4.99788 5.31914,
	4.98975 5.30288,
	4.98771 5.29474,
	4.98161 5.28661,
	4.97958 5.27848,
	4.97551 5.27441,
	4.97551 5.27034,
	4.96535 5.25408,
	4.95925 5.24594,
	4.95721 5.23781,
	4.95721 5.23374,
	"/>
<Contour name="d01cfa43" hidden="false" closed="false" simplified="false" border="0 1 1" fill="0 1 1" mode="9"
 points="4.96463 5.22389,
	4.9687 5.22796,
	4.97887 5.24829,
	4.98903 5.27879,
	5.00123 5.30522,
	5.0175 5.33979,
	5.0114 5.35809,
	"/>
</Transform>

<Transform dim="6"
 xcoef=" 0.0378746464318156 1.0081619887597 -0.021891705946757 0 0 0"
 ycoef=" 0.000292458085248304 0.0132164509415794 0.986712221313614 0 0 0">
<Contour name="d06" hidden="true" closed="true" simplified="true" border="0 0 1" fill="0 0 1" mode="11"
 points="3.80163 7.1025,
	3.80844 7.08888,
	3.83569 7.06844,
	3.86294 7.05481,
	3.91745 7.00712,
	3.94129 6.98668,
	3.9958 7.01393,
	4.00602 7.02756,
	4.00602 7.05481,
	4.00602 7.06844,
	3.99239 7.07866,
	3.97536 7.10591,
	3.96854 7.11953,
	3.96173 7.12635,
	3.96173 7.13316,
	3.93789 7.1536,
	3.92085 7.17404,
	3.90723 7.18426,
	3.87998 7.19107,
	3.85272 7.18766,
	3.80503 7.13657,
	3.80163 7.10931,
	3.80163 7.10591,
	"/>
</Transform>

<Transform dim="6"
 xcoef=" 0.0378746464318156 1.0081619887597 -0.021891705946757 0 0 0"
 ycoef=" 0.000292458085248304 0.0132164509415794 0.986712221313614 0 0 0">
<Contour name="d06p28" hidden="false" closed="true" simplified="false" border="1 0 0" fill="1 0 0" mode="9"
 points="3.56999 6.90962,
	3.5407 6.90962,
	3.5407 6.92426,
	3.55534 6.93891,
	3.59928 6.95355,
	3.56999 6.9682,
	3.55534 6.99748,
	3.52606 6.9682,
	3.51141 6.93891,
	3.51141 6.90962,
	3.48212 6.90962,
	3.52606 6.88033,
	"/>
</Transform>

<Transform dim="6"
 xcoef=" 0.0378746464318156 1.0081619887597 -0.021891705946757 0 0 0"
 ycoef=" 0.000292458085248304 0.0132164509415794 0.986712221313614 0 0 0">
<Contour name="d07" hidden="true" closed="true" simplified="true" border="1 0 1" fill="1 0 1" mode="9"
 points="4.294 8.00308,
	4.32121 7.93053,
	4.34841 7.90332,
	4.38922 7.83077,
	4.4391 7.76276,
	4.46177 7.72648,
	4.49351 7.69021,
	4.56153 7.64033,
	4.57966 7.63126,
	4.5978 7.61312,
	4.67035 7.61312,
	4.70662 7.61312,
	4.72476 7.62673,
	4.79731 7.62673,
	4.83359 7.62219,
	4.85172 7.61766,
	4.88346 7.58592,
	4.92881 7.51337,
	4.92881 7.44082,
	4.92427 7.42268,
	4.92427 7.41361,
	4.90613 7.39548,
	4.89707 7.37734,
	4.89707 7.30479,
	4.9016 7.28665,
	4.9152 7.26852,
	4.93334 7.26398,
	4.94694 7.25038,
	5.01949 7.24584,
	5.09204 7.25038,
	5.16459 7.29119,
	5.18726 7.32746,
	5.19633 7.3456,
	5.19633 7.38187,
	5.18726 7.41815,
	5.16459 7.45442,
	5.14645 7.46803,
	5.12378 7.5043,
	5.11018 7.52244,
	5.10564 7.55871,
	5.08751 7.57685,
	5.05123 7.59952,
	5.01949 7.60859,
	5.01949 7.75369,
	5.01949 7.82624,
	5.01949 7.86251,
	4.99229 7.93506,
	4.93334 8.00761,
	4.86533 8.07109,
	4.84265 8.10283,
	4.82452 8.11643,
	4.82452 8.1255,
	4.79731 8.15724,
	4.78371 8.17538,
	4.75197 8.19805,
	4.72476 8.22979,
	4.68849 8.26153,
	4.67035 8.26607,
	4.63408 8.29327,
	4.56153 8.30234,
	4.41643 8.29781,
	4.38015 8.29327,
	4.34388 8.26153,
	4.31667 8.22526,
	4.29854 8.18898,
	4.294 8.04388,
	4.294 8.00761,
	"/>
</Transform>

<Transform dim="6"
 xcoef=" 0.0378746464318156 1.0081619887597 -0.021891705946757 0 0 0"
 ycoef=" 0.000292458085248304 0.0132164509415794 0.986712221313614 0 0 0">
<Contour name="d07c38" hidden="false" closed="true" simplified="true" border="1 0 0" fill="0 1 0" mode="9"
 points="5.03743 7.23067,
	5.0966 7.22697,
	5.12619 7.22697,
	5.14099 7.23437,
	5.16318 7.26026,
	5.19277 7.27875,
	5.20386 7.28985,
	5.20016 7.34902,
	5.18537 7.36012,
	5.15578 7.36012,
	5.12619 7.35272,
	5.1114 7.34902,
	5.05222 7.31204,
	5.03743 7.28245,
	5.03743 7.25286,
	5.03743 7.23807,
	5.03743 7.23437,
	"/>
<Contour name="d07cfa38" hidden="false" closed="false" simplified="false" border="0 1 1" fill="0 1 1" mode="9"
 points="5.1968 7.34836,
	5.18201 7.31137,
	5.11913 7.26699,
	5.03037 7.2411,
	"/>
</Transform>

<Transform dim="6"
 xcoef=" 0.0378746464318156 1.0081619887597 -0.021891705946757 0 0 0"
 ycoef=" 0.000292458085248304 0.0132164509415794 0.986712221313614 0 0 0">
<Contour name="d07p38" hidden="false" closed="true" simplified="false" border="1 0 0" fill="1 0 0" mode="-13"
 points="4.93852 7.66695,
	4.92363 7.66695,
	4.92363 7.6744,
	4.93108 7.68184,
	4.95341 7.68928,
	4.93852 7.69673,
	4.93108 7.71162,
	4.91619 7.69673,
	4.90875 7.68184,
	4.90875 7.66695,
	4.89386 7.66695,
	4.91619 7.65206,
	"/>
</Transform>

<Transform dim="6"
 xcoef=" 0.0378746464318156 1.0081619887597 -0.021891705946757 0 0 0"
 ycoef=" 0.000292458085248304 0.0132164509415794 0.986712221313614 0 0 0">
<Contour name="d01" hidden="true" closed="true" simplified="true" border="1 0.5 0" fill="1 0.5 0" mode="9"
 points="3.87316 5.44852,
	3.88487 5.42176,
	3.88989 5.40838,
	3.89323 5.38163,
	3.89491 5.36825,
	3.89491 5.3649,
	3.91832 5.33814,
	3.92835 5.32477,
	3.95511 5.30971,
	3.97852 5.28296,
	3.99525 5.2562,
	4.00361 5.24282,
	4.00695 5.23613,
	4.00863 5.23279,
	4.00361 5.2261,
	4.00026 5.21272,
	3.99859 5.20603,
	3.98856 5.19265,
	3.9618 5.17258,
	3.94842 5.16255,
	3.93671 5.14917,
	3.9317 5.14248,
	3.93002 5.1291,
	3.93504 5.11572,
	3.93504 5.10903,
	3.94675 5.08227,
	3.95678 5.0689,
	3.96347 5.05552,
	3.97351 5.04214,
	3.9802 5.03712,
	3.99357 5.0321,
	4.02033 5.02876,
	4.03371 5.02374,
	4.03706 5.0204,
	4.09057 5.01204,
	4.11733 5.01538,
	4.17084 5.03879,
	4.18422 5.04381,
	4.1976 5.04548,
	4.21098 5.05217,
	4.22269 5.06555,
	4.22938 5.07893,
	4.23105 5.08562,
	4.25613 5.10067,
	4.26951 5.10736,
	4.29627 5.11238,
	4.30965 5.11405,
	4.36316 5.10569,
	4.38992 5.10067,
	4.44344 5.08227,
	4.47019 5.09231,
	4.48357 5.099,
	4.51033 5.10234,
	4.52371 5.10401,
	4.53709 5.10903,
	4.53876 5.10903,
	4.52538 5.11907,
	4.51869 5.12408,
	4.52538 5.12743,
	4.5789 5.13077,
	4.59228 5.13077,
	4.60565 5.14081,
	4.61903 5.14582,
	4.63241 5.14582,
	4.63576 5.14582,
	4.65248 5.17258,
	4.66251 5.18596,
	4.67589 5.19432,
	4.68258 5.19934,
	4.69596 5.20268,
	4.70265 5.20436,
	4.71436 5.22944,
	4.71937 5.24282,
	4.77289 5.27794,
	4.77958 5.28463,
	4.78292 5.29801,
	4.7846 5.3047,
	4.77122 5.33145,
	4.76453 5.34483,
	4.75784 5.37159,
	4.75784 5.37828,
	4.75784 5.38163,
	4.73108 5.40504,
	4.7177 5.41507,
	4.71101 5.42009,
	4.69763 5.42343,
	4.68425 5.41842,
	4.63074 5.47026,
	4.60398 5.49702,
	4.56886 5.55053,
	4.55883 5.56391,
	4.4518 5.63582,
	4.42504 5.65255,
	4.37153 5.69937,
	4.34477 5.72278,
	4.30129 5.7763,
	4.29125 5.78801,
	4.26449 5.79971,
	4.25112 5.8064,
	4.22603 5.83316,
	4.21265 5.84654,
	4.18589 5.86493,
	4.13238 5.87831,
	4.10562 5.885,
	4.07886 5.89671,
	4.06548 5.9034,
	4.03873 5.90005,
	4.02535 5.89838,
	4.01197 5.89336,
	3.99859 5.885,
	3.97852 5.85825,
	3.96849 5.84487,
	3.92166 5.73784,
	3.91665 5.73115,
	3.91497 5.72446,
	3.92668 5.67094,
	3.93504 5.61743,
	3.93671 5.60405,
	3.93671 5.59736,
	3.88822 5.49033,
	3.87651 5.46357,
	3.87316 5.45688,
	3.87316 5.45019,
	"/>
</Transform>

<Transform dim="0"
 xcoef=" 0 1 0 0 0 0"
 ycoef=" 0 0 1 0 0 0">
<Contour name="ax14" comment="LK bouton trace named after cfa" hidden="false" closed="true" simplified="true" border="0 1 1" fill="0.502 1 1" mode="9"
 points="3.24277 2.74953,
	3.25114 2.71799,
	3.25459 2.70222,
	3.25656 2.69434,
	3.25755 2.68646,
	3.25952 2.67857,
	3.26248 2.67069,
	3.26987 2.65492,
	3.27381 2.64704,
	3.27627 2.64309,
	3.27824 2.64112,
	3.28859 2.62535,
	3.29352 2.61747,
	3.30584 2.6017,
	3.31274 2.59382,
	3.31717 2.58593,
	3.31914 2.58199,
	3.3221 2.57805,
	3.33097 2.56228,
	3.34132 2.54652,
	3.34624 2.53863,
	3.35856 2.52286,
	3.37187 2.5071,
	3.37581 2.50315,
	3.37975 2.50118,
	3.38763 2.4997,
	3.39158 2.49921,
	3.39552 2.5002,
	3.39749 2.5002,
	3.40143 2.50217,
	3.4034 2.50315,
	3.40685 2.5071,
	3.41375 2.52286,
	3.41818 2.53863,
	3.41966 2.54652,
	3.42016 2.55046,
	3.43543 2.58199,
	3.43789 2.58593,
	3.44134 2.58988,
	3.44331 2.59382,
	3.44972 2.6017,
	3.46056 2.61747,
	3.46302 2.62141,
	3.47091 2.62437,
	3.48668 2.62782,
	3.50244 2.6288,
	3.51821 2.62831,
	3.5261 2.62782,
	3.53398 2.62585,
	3.54186 2.6224,
	3.54581 2.61993,
	3.54778 2.61895,
	3.55566 2.61156,
	3.5596 2.60762,
	3.56354 2.60614,
	3.56552 2.60515,
	3.5734 2.60466,
	3.57438 2.60466,
	3.5867 2.58889,
	3.59459 2.58347,
	3.59853 2.5815,
	3.60641 2.57953,
	3.61036 2.57854,
	3.62612 2.58298,
	3.65766 2.58741,
	3.6616 2.58791,
	3.66357 2.5884,
	3.67146 2.58544,
	3.6754 2.58347,
	3.68328 2.57608,
	3.68673 2.57263,
	3.71827 2.55736,
	3.72615 2.55391,
	3.73009 2.55095,
	3.73699 2.54307,
	3.74192 2.53518,
	3.75572 2.51991,
	3.75966 2.51646,
	3.76163 2.51498,
	3.76951 2.51202,
	3.78528 2.50759,
	3.79316 2.50463,
	3.79711 2.50217,
	3.81287 2.48886,
	3.81682 2.4864,
	3.82076 2.48492,
	3.82864 2.48689,
	3.83258 2.48837,
	3.83455 2.48886,
	3.84244 2.49527,
	3.84638 2.50315,
	3.84687 2.51104,
	3.84589 2.52681,
	3.8454 2.53075,
	3.84638 2.53863,
	3.85328 2.5544,
	3.85821 2.56228,
	3.87299 2.57805,
	3.88531 2.59382,
	3.89122 2.6017,
	3.89566 2.60959,
	3.89615 2.61353,
	3.89418 2.6293,
	3.89368 2.63718,
	3.89319 2.64112,
	3.89073 2.64506,
	3.86511 2.6766,
	3.86116 2.68448,
	3.86018 2.68843,
	3.85919 2.6904,
	3.86166 2.70617,
	3.86215 2.70814,
	3.85821 2.7239,
	3.85574 2.73179,
	3.85328 2.74756,
	3.85279 2.7515,
	3.85673 2.75938,
	3.85771 2.76135,
	3.86166 2.76382,
	3.89319 2.7579,
	3.90896 2.75938,
	3.91684 2.76037,
	3.92473 2.76037,
	3.92867 2.76037,
	3.94444 2.76579,
	3.96021 2.77367,
	3.96415 2.77564,
	3.97992 2.79042,
	3.98386 2.79387,
	3.9878 2.79535,
	3.99568 2.79683,
	3.99765 2.79732,
	4.0016 2.79634,
	4.00357 2.79584,
	4.01145 2.79831,
	4.02722 2.80619,
	4.0351 2.81161,
	4.03904 2.81358,
	4.05481 2.81703,
	4.07058 2.82147,
	4.07452 2.82344,
	4.08191 2.83132,
	4.08388 2.83526,
	4.08438 2.83724,
	4.08241 2.84512,
	4.08044 2.84906,
	4.07403 2.85695,
	4.05826 2.87124,
	4.04249 2.88454,
	4.02673 2.89981,
	4.02278 2.90376,
	4.02081 2.90573,
	4.00505 2.91608,
	3.98928 2.92544,
	3.97351 2.93283,
	3.95774 2.93923,
	3.92621 2.9486,
	3.89467 2.95648,
	3.8789 2.96042,
	3.87102 2.96239,
	3.86313 2.96584,
	3.85525 2.96781,
	3.79218 2.9752,
	3.77641 2.97668,
	3.74488 2.97767,
	3.72911 2.97816,
	3.72122 2.97816,
	3.70546 2.9752,
	3.68969 2.97077,
	3.6818 2.97126,
	3.65027 2.98654,
	3.6345 2.99393,
	3.60296 2.99689,
	3.5872 2.99689,
	3.57143 2.99147,
	3.56354 2.98506,
	3.5596 2.98161,
	3.55172 2.97915,
	3.53595 2.97915,
	3.50441 2.98506,
	3.48865 2.98161,
	3.47288 2.9752,
	3.45711 2.96436,
	3.44134 2.95007,
	3.43346 2.94318,
	3.42558 2.93529,
	3.42311 2.93135,
	3.41523 2.92396,
	3.41129 2.92002,
	3.39552 2.90819,
	3.36398 2.88158,
	3.36152 2.87764,
	3.35363 2.87074,
	3.34575 2.86581,
	3.31421 2.85103,
	3.30633 2.8466,
	3.30239 2.84463,
	3.29845 2.84167,
	3.29648 2.84019,
	3.2881 2.82442,
	3.26888 2.79289,
	3.25706 2.77712,
	3.25114 2.76924,
	3.24769 2.76579,
	3.24375 2.7579,
	3.24277 2.75396,
	3.24277 2.75002,
	"/>
</Transform>

<Transform dim="0"
 xcoef=" 0 1 0 0 0 0"
 ycoef=" 0 0 1 0 0 0">
<Contour name="d06" hidden="true" closed="true" simplified="true" border="0 0 1" fill="0 0 1" mode="11"
 points="2.85893 7.34944,
	2.91741 7.24164,
	2.93707 7.21375,
	2.99037 7.17851,
	3.00667 7.15068,
	3.05163 7.04305,
	3.06454 7.01526,
	3.11409 6.96281,
	3.1273 6.94882,
	3.1806 6.91359,
	3.20739 6.90287,
	3.31541 6.89797,
	3.36916 6.88344,
	3.47695 6.86819,
	3.53092 6.86401,
	3.63909 6.86602,
	3.74771 6.88873,
	3.76129 6.892,
	3.76836 6.90571,
	3.76955 6.96093,
	3.76985 6.97474,
	3.74673 6.99921,
	3.73345 7.00975,
	3.7336 7.01666,
	3.7173 7.04449,
	3.69486 7.10003,
	3.65207 7.15239,
	3.61942 7.20462,
	3.59359 7.26019,
	3.58406 7.28794,
	3.5481 7.34366,
	3.50854 7.38907,
	3.4623 7.43802,
	3.45569 7.44501,
	3.40157 7.44229,
	3.37432 7.4323,
	3.32028 7.43302,
	3.29325 7.43339,
	3.26637 7.44065,
	3.23973 7.45826,
	3.22644 7.4688,
	3.19964 7.47952,
	3.1456 7.48024,
	3.0911 7.46025,
	3.06392 7.45372,
	2.95584 7.45516,
	2.90163 7.44899,
	2.8879 7.43882,
	2.87048 7.41488,
	2.86006 7.40121,
	2.85946 7.37359,
	2.85916 7.35979,
	2.85901 7.35289,
	"/>
</Transform>

<Transform dim="0"
 xcoef=" 0 1 0 0 0 0"
 ycoef=" 0 0 1 0 0 0">
<Contour name="ax17" comment="LK bouton trace named after cfa" hidden="false" closed="true" simplified="true" border="0 1 1" fill="0.502 1 1" mode="9"
 points="2.61235 7.39195,
	2.61494 7.38676,
	2.62466 7.37704,
	2.62985 7.37186,
	2.63244 7.36992,
	2.63503 7.36927,
	2.67585 7.32845,
	2.68103 7.32392,
	2.6914 7.31809,
	2.71213 7.30837,
	2.73286 7.29347,
	2.74323 7.28569,
	2.7536 7.27597,
	2.77433 7.26431,
	2.79506 7.25135,
	2.80543 7.24487,
	2.80802 7.24293,
	2.8132 7.24098,
	2.83394 7.22479,
	2.83912 7.2209,
	2.84884 7.21053,
	2.85337 7.206,
	2.87411 7.19628,
	2.88447 7.19174,
	2.90521 7.18462,
	2.91039 7.18332,
	2.92076 7.17814,
	2.93112 7.17101,
	2.93954 7.16064,
	2.94214 7.15805,
	2.94473 7.15676,
	2.9538 7.14639,
	2.95898 7.14186,
	2.96157 7.13926,
	2.97194 7.13278,
	2.97712 7.13084,
	2.97971 7.1289,
	2.99008 7.12566,
	3.00045 7.12501,
	3.00563 7.12695,
	3.01535 7.13667,
	3.016 7.14186,
	3.01146 7.15222,
	3.00693 7.15741,
	2.99656 7.16388,
	2.97583 7.16972,
	2.96546 7.1736,
	2.94473 7.18462,
	2.93954 7.18721,
	2.93371 7.19758,
	2.92335 7.20729,
	2.91428 7.21766,
	2.90844 7.22803,
	2.90585 7.23321,
	2.90521 7.24358,
	2.90456 7.24876,
	2.89678 7.26949,
	2.88706 7.29023,
	2.87605 7.31096,
	2.86957 7.32133,
	2.86439 7.32651,
	2.84949 7.34724,
	2.83329 7.36797,
	2.81968 7.38871,
	2.81774 7.3913,
	2.81579 7.39648,
	2.80867 7.40685,
	2.79701 7.42758,
	2.78729 7.43795,
	2.7821 7.44313,
	2.77951 7.44572,
	2.77433 7.44831,
	2.77174 7.44961,
	2.76202 7.45933,
	2.75813 7.46451,
	2.75684 7.4671,
	2.75684 7.4684,
	2.74906 7.47877,
	2.74517 7.48395,
	2.73934 7.49432,
	2.73481 7.50468,
	2.73221 7.50987,
	2.73027 7.51246,
	2.72962 7.51505,
	2.72638 7.52023,
	2.72444 7.52542,
	2.71731 7.53578,
	2.71278 7.54032,
	2.70759 7.54291,
	2.70241 7.54356,
	2.69723 7.54226,
	2.69204 7.53902,
	2.68751 7.53384,
	2.68362 7.52347,
	2.68233 7.52088,
	2.68038 7.50015,
	2.68038 7.48978,
	2.67844 7.47941,
	2.67844 7.47423,
	2.67714 7.46905,
	2.67261 7.45868,
	2.66937 7.4535,
	2.66095 7.44313,
	2.65058 7.43471,
	2.62985 7.41592,
	2.61948 7.40814,
	2.61494 7.40361,
	2.613 7.40102,
	2.61235 7.39583,
	2.61235 7.39324,
	2.61235 7.39259,
	"/>
</Transform>

</Section>