<?xml version="1.0"?>
<!DOCTYPE Section SYSTEM "section.dtd">

<Section index="101" thickness="0.045" alignLocked="true">
<Transform dim="6"
 xcoef=" 2.5594827509184 1.00171166649971 -0.0130093457137834 0 0 0"
 ycoef=" 1.39034375645651 0.022808153055616 0.997290201881954 0 0 0">
<Contour name="D04" hidden="false" closed="true" simplified="true" border="1 0 0" fill="1 0 0" mode="11"
 points="5.46492 7.32996,
	5.46778 7.29096,
	5.47628 7.25281,
	5.49024 7.21634,
	5.50936 7.18235,
	5.53323 7.15158,
	5.56131 7.1247,
	5.59299 7.1023,
	5.6276 7.08487,
	5.66436 7.07278,
	5.70248 7.0663,
	5.74113 7.06558,
	5.77947 7.07063,
	5.81665 7.08133,
	5.85186 7.09746,
	5.88435 7.11866,
	5.91339 7.14447,
	5.93836 7.17432,
	5.95871 7.20758,
	5.97399 7.2435,
	5.98388 7.28131,
	5.98816 7.32018,
	5.98673 7.35926,
	5.97963 7.39771,
	5.96701 7.43467,
	5.94914 7.46936,
	5.92642 7.501,
	5.89934 7.52891,
	5.86849 7.55248,
	5.83455 7.57119,
	5.79825 7.58464,
	5.76039 7.59254,
	5.72179 7.59471,
	5.6833 7.5911,
	5.64576 7.58179,
	5.60998 7.56699,
	5.57674 7.54702,
	5.54678 7.52231,
	5.52073 7.49341,
	5.49918 7.46094,
	5.48259 7.42562,
	5.47133 7.3882,
	"/>
</Transform>

<Transform dim="6"
 xcoef=" 0.609482750918406 1.00171166649971 -0.0130093457137834 0 0 0"
 ycoef=" -0.279656243543495 0.022808153055616 0.997290201881954 0 0 0">
<Contour name="D05" hidden="false" closed="true" simplified="true" border="1 1 0" fill="1 1 0" mode="11"
 points="2.69299 3.97404,
	2.70475 3.90163,
	2.73888 3.83632,
	2.79205 3.78448,
	2.85904 3.7512,
	2.93329 3.73974,
	3.00755 3.7512,
	3.07454 3.78448,
	3.12771 3.83632,
	3.16184 3.90163,
	3.1736 3.97404,
	3.16184 4.04644,
	3.12771 4.11175,
	3.07454 4.16359,
	3.00755 4.19687,
	2.93329 4.20833,
	2.85904 4.19687,
	2.79205 4.16359,
	2.73888 4.11175,
	"/>
</Transform>

<Transform dim="6"
 xcoef=" 0.0694827509184064 1.00171166649971 -0.0130093457137834 0 0 0"
 ycoef=" -0.149656243543495 0.022808153055616 0.997290201881954 0 0 0">
<Contour name="d01p08" hidden="false" closed="true" simplified="true" border="1 1 0" fill="1 1 0" mode="9"
 points="5.74 3.09998,
	5.74339 3.0794,
	5.75323 3.06084,
	5.76855 3.04611,
	5.78786 3.03665,
	5.80926 3.03339,
	5.83066 3.03665,
	5.84997 3.04611,
	5.86529 3.06084,
	5.87513 3.0794,
	5.87852 3.09998,
	5.87513 3.12056,
	5.86529 3.13913,
	5.84997 3.15386,
	5.83066 3.16332,
	5.80926 3.16658,
	5.78786 3.16332,
	5.76855 3.15386,
	5.75323 3.13913,
	"/>
</Transform>

<Transform dim="6"
 xcoef=" 0.0694827509184064 1.00171166649971 -0.0130093457137834 0 0 0"
 ycoef=" -0.149656243543495 0.022808153055616 0.997290201881954 0 0 0">
<Contour name="d01cfa07ax02" hidden="false" closed="false" simplified="false" border="0 1 1" fill="0 1 1" mode="9"
 points="4.46196 2.60888,
	4.45774 2.62153,
	4.45774 2.62575,
	4.45774 2.63839,
	4.44931 2.65104,
	4.4451 2.66369,
	4.44088 2.68055,
	4.43245 2.71849,
	4.41559 2.76065,
	4.39451 2.8028,
	"/>
</Transform>

<Transform dim="6"
 xcoef=" 0.0694827509184064 1.00171166649971 -0.0130093457137834 0 0 0"
 ycoef=" -0.149656243543495 0.022808153055616 0.997290201881954 0 0 0">
<Contour name="d02" hidden="false" closed="true" simplified="true" border="0.5 0 1" fill="0.5 0 1" mode="9"
 points="4.14747 6.34944,
	4.15998 6.33693,
	4.36016 6.33693,
	4.4102 6.33067,
	4.46025 6.29314,
	4.56034 6.27437,
	4.61038 6.26186,
	4.6354 6.24935,
	4.64166 6.22433,
	4.64166 6.21182,
	4.59161 6.16177,
	4.56659 6.13675,
	4.56034 6.11173,
	4.5791 6.06168,
	4.62915 6.0304,
	4.67919 6.02415,
	4.70422 6.03666,
	4.72298 6.06168,
	4.74175 6.11173,
	4.79179 6.10547,
	4.81682 6.09922,
	4.84184 6.07419,
	4.84809 6.04917,
	4.87312 6.0304,
	5.0733 6.04291,
	5.12334 6.05543,
	5.14836 6.06168,
	5.19215 6.10547,
	5.21092 6.13049,
	5.21717 6.15552,
	5.21092 6.18054,
	5.17964 6.23058,
	5.17964 6.25561,
	5.15462 6.30565,
	5.14211 6.3557,
	5.14211 6.45578,
	5.16087 6.50583,
	5.17964 6.53711,
	5.15462 6.58715,
	5.14211 6.6372,
	5.15462 6.68724,
	5.17339 6.71226,
	5.17964 6.73729,
	5.16087 6.78733,
	5.15462 6.81235,
	5.14211 6.82487,
	5.04202 6.82487,
	4.99197 6.81861,
	4.94193 6.82487,
	4.89814 6.86865,
	4.87312 6.88742,
	4.77303 6.88117,
	4.57285 6.89368,
	4.5228 6.89368,
	4.47901 6.90619,
	4.42897 6.93747,
	4.40395 6.93747,
	4.37892 6.92496,
	4.36641 6.94372,
	4.34139 6.92496,
	4.29135 6.90619,
	4.19751 6.81235,
	4.17249 6.78733,
	4.15998 6.73729,
	4.15998 6.68724,
	4.15998 6.66222,
	4.2413 6.56213,
	4.26007 6.53711,
	4.25381 6.48706,
	4.23504 6.43702,
	4.185 6.39948,
	4.15998 6.38697,
	4.14747 6.37446,
	4.14747 6.3557,
	"/>
</Transform>

<Transform dim="6"
 xcoef=" 0.0694827509184064 1.00171166649971 -0.0130093457137834 0 0 0"
 ycoef=" -0.149656243543495 0.022808153055616 0.997290201881954 0 0 0">
<Contour name="d02" hidden="false" closed="true" simplified="true" border="0.5 0 1" fill="0.5 0 1" mode="9"
 points="4.25381 7.19395,
	4.26632 7.16892,
	4.27883 7.15641,
	4.32888 7.13765,
	4.3539 7.12513,
	4.37892 7.13139,
	4.42271 7.17518,
	4.44148 7.22522,
	4.42897 7.25025,
	4.42897 7.27527,
	4.38518 7.31906,
	4.33513 7.30655,
	4.31011 7.28778,
	4.30386 7.26276,
	4.28509 7.24399,
	4.26007 7.23774,
	4.25381 7.21271,
	4.25381 7.2002,
	"/>
</Transform>

<Transform dim="6"
 xcoef=" 0.0694827509184064 1.00171166649971 -0.0130093457137834 0 0 0"
 ycoef=" -0.149656243543495 0.022808153055616 0.997290201881954 0 0 0">
<Contour name="d02" hidden="false" closed="true" simplified="true" border="0.5 0 1" fill="0.5 0 1" mode="9"
 points="5.53693 5.77804,
	5.57137 5.74359,
	5.60581 5.71776,
	5.64026 5.71776,
	5.64887 5.7522,
	5.64456 5.82109,
	5.62304 5.85554,
	5.61443 5.87276,
	5.61012 5.9072,
	5.60151 5.91581,
	5.58429 5.91151,
	5.57568 5.9072,
	5.57137 5.87276,
	5.54554 5.83831,
	5.53693 5.82109,
	5.53693 5.78665,
	5.53693 5.78234,
	"/>
</Transform>

<Transform dim="6"
 xcoef=" 0.0694827509184064 1.00171166649971 -0.0130093457137834 0 0 0"
 ycoef=" -0.149656243543495 0.022808153055616 0.997290201881954 0 0 0">
<Contour name="d02" hidden="false" closed="true" simplified="true" border="0.5 0 1" fill="0.5 0 1" mode="9"
 points="4.56595 5.47469,
	4.57041 5.40342,
	4.57041 5.3856,
	4.60159 5.35442,
	4.63723 5.35442,
	4.65505 5.35442,
	4.67286 5.36333,
	4.69959 5.39896,
	4.71741 5.4346,
	4.72632 5.45242,
	4.72187 5.52369,
	4.71741 5.55933,
	4.71296 5.57715,
	4.67732 5.58606,
	4.6595 5.58606,
	4.65059 5.58606,
	4.63723 5.62169,
	4.63277 5.63951,
	4.61496 5.65287,
	4.59714 5.65287,
	4.58823 5.64842,
	4.59268 5.61278,
	4.59268 5.59497,
	4.59714 5.58606,
	4.57486 5.55042,
	4.56595 5.5326,
	4.56595 5.49696,
	4.56595 5.47915,
	"/>
</Transform>

<Transform dim="6"
 xcoef=" 0.0694827509184064 1.00171166649971 -0.0130093457137834 0 0 0"
 ycoef=" -0.149656243543495 0.022808153055616 0.997290201881954 0 0 0">
<Contour name="d02" hidden="false" closed="true" simplified="true" border="0.5 0 1" fill="0.5 0 1" mode="9"
 points="5.56214 6.5531,
	5.57584 6.51657,
	5.59411 6.512,
	5.66718 6.53483,
	5.70371 6.54853,
	5.72197 6.5531,
	5.73111 6.5531,
	5.75851 6.58963,
	5.76307 6.62617,
	5.74481 6.69923,
	5.74481 6.70836,
	5.71284 6.74033,
	5.67631 6.74033,
	5.66718 6.74033,
	5.63521 6.7038,
	5.61694 6.63073,
	5.58498 6.60333,
	5.56671 6.58507,
	5.56214 6.5668,
	5.56214 6.55767,
	"/>
</Transform>

<Transform dim="6"
 xcoef=" 0.0694827509184064 1.00171166649971 -0.0130093457137834 0 0 0"
 ycoef=" -0.149656243543495 0.022808153055616 0.997290201881954 0 0 0">
<Contour name="d02c11" hidden="false" closed="true" simplified="true" border="0 1 0" fill="0 1 0" mode="9"
 points="4.5757 5.36688,
	4.58888 5.357,
	4.58559 5.3504,
	4.61196 5.34051,
	4.63833 5.33722,
	4.64493 5.33722,
	4.65152 5.34381,
	4.66471 5.34711,
	4.6713 5.3504,
	4.6713 5.36359,
	4.68119 5.37677,
	4.68449 5.38996,
	4.68119 5.40315,
	4.668 5.39985,
	4.64493 5.37677,
	4.61855 5.37677,
	4.59218 5.38337,
	4.58559 5.38666,
	4.5757 5.37677,
	4.5757 5.37018,
	"/>
</Transform>

<Transform dim="6"
 xcoef=" 0.0694827509184064 1.00171166649971 -0.0130093457137834 0 0 0"
 ycoef=" -0.149656243543495 0.022808153055616 0.997290201881954 0 0 0">
<Contour name="d02cfa11" hidden="false" closed="false" simplified="false" border="0 1 1" fill="0 1 1" mode="9"
 points="4.67498 5.39454,
	4.66179 5.37476,
	4.64531 5.35498,
	4.62883 5.35498,
	4.59586 5.36157,
	4.57608 5.37806,
	"/>
</Transform>

<Transform dim="6"
 xcoef=" 0.0694827509184064 1.00171166649971 -0.0130093457137834 0 0 0"
 ycoef=" -0.149656243543495 0.022808153055616 0.997290201881954 0 0 0">
<Contour name="d03" hidden="false" closed="true" simplified="true" border="0 1 0" fill="0 1 0" mode="9"
 points="2.04739 3.04617,
	2.05155 3.02956,
	2.05362 3.02541,
	2.12007 3.02749,
	2.15329 3.02956,
	2.21974 3.00257,
	2.25296 2.97557,
	2.2675 2.96104,
	2.27581 2.95273,
	2.34018 2.99634,
	2.40662 3.03371,
	2.43985 3.05863,
	2.44815 3.06694,
	2.45023 3.10016,
	2.45023 3.11677,
	2.4087 3.18322,
	2.34848 3.24967,
	2.32356 3.28289,
	2.31111 3.29743,
	2.24466 3.28912,
	2.21143 3.27874,
	2.19275 3.24759,
	2.19067 3.23098,
	2.19275 3.19776,
	2.19067 3.18945,
	2.12422 3.123,
	2.09308 3.08978,
	2.07646 3.07317,
	2.05985 3.06071,
	2.05155 3.05448,
	2.04739 3.05033,
	2.04739 3.04825,
	"/>
</Transform>

<Transform dim="6"
 xcoef=" 0.0694827509184064 1.00171166649971 -0.0130093457137834 0 0 0"
 ycoef=" -0.149656243543495 0.022808153055616 0.997290201881954 0 0 0">
<Contour name="d03c06" hidden="false" closed="true" simplified="true" border="1 0 0" fill="1 0 0" mode="9"
 points="2.02371 3.05554,
	2.03097 3.04828,
	2.04551 3.04828,
	2.05277 3.04828,
	2.0673 3.06281,
	2.09637 3.06644,
	2.12544 3.09551,
	2.1327 3.09551,
	2.1872 3.15001,
	2.20173 3.15727,
	2.21263 3.17181,
	2.21627 3.22994,
	2.21627 3.259,
	2.21627 3.27354,
	2.1872 3.27717,
	2.15814 3.27354,
	2.1436 3.2699,
	2.09274 3.2154,
	2.0673 3.18634,
	2.06004 3.15727,
	2.05641 3.14274,
	2.03461 3.11731,
	2.02371 3.10277,
	2.02371 3.07371,
	2.02371 3.05918,
	"/>
<Contour name="d03cfa06" hidden="false" closed="false" simplified="false" border="0 1 1" fill="0 1 1" mode="9"
 points="2.19291 3.27373,
	2.16021 3.19016,
	2.10208 3.11023,
	2.03305 3.04484,
	"/>
</Transform>

<Transform dim="6"
 xcoef=" 0.0694827509184064 1.00171166649971 -0.0130093457137834 0 0 0"
 ycoef=" -0.149656243543495 0.022808153055616 0.997290201881954 0 0 0">
<Contour name="d06" hidden="false" closed="true" simplified="true" border="0 0 1" fill="0 0 1" mode="9"
 points="1.98693 7.8669,
	2.00086 7.8446,
	2.09004 7.79444,
	2.11233 7.78608,
	2.13462 7.77215,
	2.15692 7.76379,
	2.16806 7.75543,
	2.19036 7.74985,
	2.23495 7.74985,
	2.24609 7.74985,
	2.2656 7.76379,
	2.2656 7.80838,
	2.26839 7.81952,
	2.28789 7.83903,
	2.29625 7.85018,
	2.29625 7.87247,
	2.29068 7.89476,
	2.2015 7.93099,
	2.17921 7.93935,
	2.13462 7.94214,
	2.11233 7.95886,
	2.06774 7.98115,
	2.02316 7.97837,
	2.01201 7.96722,
	1.9925 7.92263,
	1.98693 7.91148,
	1.98693 7.86968,
	"/>
</Transform>

<Transform dim="6"
 xcoef=" 0.0694827509184064 1.00171166649971 -0.0130093457137834 0 0 0"
 ycoef=" -0.149656243543495 0.022808153055616 0.997290201881954 0 0 0">
<Contour name="d06" hidden="false" closed="true" simplified="true" border="0 0 1" fill="0 0 1" mode="9"
 points="2.80344 7.80002,
	2.82016 7.75543,
	2.82573 7.74428,
	2.84802 7.72477,
	2.86196 7.70527,
	2.88146 7.68576,
	2.91212 7.65232,
	2.92048 7.64396,
	2.92326 7.62167,
	2.92605 7.61052,
	2.9372 7.59937,
	2.94277 7.5938,
	2.96506 7.5938,
	2.97621 7.59659,
	2.98736 7.60773,
	2.99293 7.61331,
	3.00408 7.61609,
	3.02637 7.63281,
	3.04031 7.65232,
	3.05981 7.66625,
	3.07653 7.71084,
	3.07653 7.80002,
	3.07653 7.8446,
	3.07653 7.85575,
	3.0626 7.87804,
	3.05703 7.8864,
	3.01244 7.91148,
	2.99015 7.92542,
	2.98457 7.92542,
	2.979 7.93099,
	2.97343 7.93099,
	2.96785 7.93656,
	2.96228 7.93656,
	2.95113 7.94492,
	2.92884 7.9505,
	2.88425 7.94771,
	2.86196 7.93656,
	2.83966 7.91984,
	2.8313 7.9087,
	2.82573 7.90312,
	2.80622 7.85854,
	2.80344 7.81395,
	2.80344 7.8028,
	"/>
<Contour name="d06" hidden="false" closed="true" simplified="true" border="0 0 1" fill="0 0 1" mode="9"
 points="2.32691 6.84696,
	2.33248 6.84139,
	2.33527 6.83024,
	2.35477 6.80795,
	2.37707 6.80516,
	2.38821 6.80516,
	2.39936 6.81073,
	2.40215 6.85532,
	2.43838 6.89155,
	2.45788 6.91105,
	2.46346 6.9222,
	2.4746 6.93335,
	2.56378 6.93613,
	2.60837 6.94449,
	2.63066 6.94449,
	2.67525 6.93056,
	2.71983 6.93056,
	2.74213 6.93056,
	2.76442 6.93892,
	2.8536 6.94449,
	2.94277 6.94449,
	2.95392 6.94728,
	2.97343 6.964,
	2.98457 6.97236,
	2.99015 6.98072,
	3.1685 6.98072,
	3.21308 6.98072,
	3.23538 6.97515,
	3.32455 6.97515,
	3.34684 6.97515,
	3.35521 6.98351,
	3.35799 6.99466,
	3.36635 6.99744,
	3.38586 7.01416,
	3.39143 7.01974,
	3.39143 7.04203,
	3.39143 7.05318,
	3.37193 7.07268,
	3.36635 7.08383,
	3.34684 7.10334,
	3.32455 7.11727,
	3.27996 7.12006,
	3.25767 7.12006,
	3.23538 7.12842,
	3.19079 7.15907,
	3.15177 7.19809,
	3.1462 7.19809,
	3.12391 7.21202,
	3.11276 7.21481,
	3.09883 7.22874,
	3.09325 7.22874,
	3.07096 7.24546,
	3.04867 7.25661,
	3.00687 7.28726,
	3.00129 7.28726,
	2.979 7.30398,
	2.9372 7.32906,
	2.92605 7.33742,
	2.90376 7.34299,
	2.88146 7.35971,
	2.87032 7.36529,
	2.86474 7.36529,
	2.84245 7.38201,
	2.8313 7.3848,
	2.82016 7.39316,
	2.81458 7.39316,
	2.80344 7.40152,
	2.78114 7.4043,
	2.73655 7.42102,
	2.64738 7.42102,
	2.62509 7.41824,
	2.5805 7.39316,
	2.57214 7.38758,
	2.55263 7.36807,
	2.54706 7.35693,
	2.54706 7.31234,
	2.5387 7.29005,
	2.52198 7.26775,
	2.47739 7.22874,
	2.46346 7.20645,
	2.46346 7.11727,
	2.46346 7.07268,
	2.44674 7.0281,
	2.43838 7.0058,
	2.43559 6.99466,
	2.41608 6.97793,
	2.40494 6.97515,
	2.36035 6.93056,
	2.35477 6.91941,
	2.3492 6.91384,
	2.34641 6.90269,
	2.33527 6.89433,
	2.32691 6.87204,
	2.32691 6.84975,
	"/>
</Transform>

<Transform dim="6"
 xcoef=" 0.0694827509184064 1.00171166649971 -0.0130093457137834 0 0 0"
 ycoef=" -0.149656243543495 0.022808153055616 0.997290201881954 0 0 0">
<Contour name="d06c09" hidden="false" closed="true" simplified="true" border="0 1 0" fill="0 1 0" mode="9"
 points="2.08566 7.96342,
	2.10583 7.93115,
	2.1381 7.90695,
	2.17038 7.89484,
	2.20265 7.89484,
	2.2672 7.90695,
	2.28333 7.90695,
	2.2914 7.90695,
	2.29947 7.92308,
	2.29543 7.95536,
	2.27123 7.98763,
	2.23896 7.99973,
	2.17441 8.0078,
	2.10986 8.00377,
	2.1018 8.00377,
	2.08969 7.98763,
	2.08566 7.97149,
	2.08566 7.96746,
	"/>
<Contour name="d06cfa09" hidden="false" closed="false" simplified="false" border="0 1 1" fill="0 1 1" mode="9"
 points="2.29249 7.92562,
	2.25215 7.92562,
	2.1755 7.93773,
	2.09078 7.97403,
	"/>
</Transform>

<Transform dim="6"
 xcoef=" 0.0694827509184064 1.00171166649971 -0.0130093457137834 0 0 0"
 ycoef=" -0.149656243543495 0.022808153055616 0.997290201881954 0 0 0">
<Contour name="d07" hidden="false" closed="true" simplified="true" border="1 0 1" fill="1 0 1" mode="9"
 points="3.30824 6.35668,
	3.34866 6.31049,
	3.44104 6.23543,
	3.48722 6.21811,
	3.67198 6.21234,
	3.76435 6.21234,
	3.78168 6.22966,
	3.78168 6.27585,
	3.77013 6.2874,
	3.74703 6.2874,
	3.70085 6.30472,
	3.65466 6.31049,
	3.63156 6.31049,
	3.62002 6.31049,
	3.6027 6.33358,
	3.6027 6.37977,
	3.60847 6.40287,
	3.62579 6.42596,
	3.62579 6.47215,
	3.62579 6.4837,
	3.6027 6.48947,
	3.51609 6.40287,
	3.50454 6.39132,
	3.41217 6.38555,
	3.38907 6.38555,
	3.36598 6.39709,
	3.31979 6.39709,
	3.30824 6.39132,
	3.30824 6.36823,
	3.30824 6.36245,
	"/>
<Contour name="d07" hidden="false" closed="true" simplified="true" border="1 0 1" fill="1 0 1" mode="9"
 points="3.71817 7.37282,
	3.75858 7.33241,
	3.78168 7.32086,
	3.78745 7.31509,
	3.78168 7.22271,
	3.76435 7.19962,
	3.76435 7.15343,
	3.78168 7.10724,
	3.87405 7.10147,
	3.89715 7.10147,
	3.94333 7.11879,
	4.03571 7.12456,
	4.0819 7.14188,
	4.10499 7.16498,
	4.19737 7.21116,
	4.20892 7.22271,
	4.25511 7.23426,
	4.30129 7.27467,
	4.34748 7.30354,
	4.39367 7.32086,
	4.48027 7.40746,
	4.50914 7.49984,
	4.53224 7.52294,
	4.5611 7.56912,
	4.65348 7.56912,
	4.67658 7.56912,
	4.68812 7.56912,
	4.69967 7.58067,
	4.71122 7.58067,
	4.73431 7.59799,
	4.73431 7.64418,
	4.73431 7.66727,
	4.72854 7.67882,
	4.63616 7.69037,
	4.58997 7.6846,
	4.54378 7.66727,
	4.4976 7.63841,
	4.45718 7.59799,
	4.43409 7.58644,
	4.24933 7.58644,
	4.22624 7.59222,
	4.20892 7.63841,
	4.20314 7.6846,
	4.15696 7.71346,
	4.11077 7.71924,
	4.06458 7.71346,
	3.9722 7.67305,
	3.92601 7.64995,
	3.90292 7.64418,
	3.85673 7.61531,
	3.83364 7.59799,
	3.81054 7.59222,
	3.799 7.58067,
	3.75281 7.56912,
	3.72971 7.54603,
	3.71817 7.52294,
	3.71817 7.43056,
	3.71817 7.38437,
	3.71817 7.3786,
	"/>
<Contour name="d07" hidden="false" closed="true" simplified="true" border="1 0 1" fill="1 0 1" mode="9"
 points="3.48722 8.26772,
	3.51609 8.22154,
	3.52187 8.12916,
	3.52764 8.08297,
	3.53341 8.05988,
	3.55651 8.04256,
	3.6027 8.04256,
	3.62579 8.04256,
	3.63734 8.0541,
	3.63734 8.0772,
	3.63734 8.08874,
	3.72971 8.09452,
	3.75281 8.08874,
	3.76435 8.08874,
	3.81054 8.04833,
	3.82209 8.00214,
	3.85673 7.95595,
	3.86828 7.9444,
	3.91447 7.9444,
	3.92601 7.93863,
	3.94911 7.95595,
	3.95488 8.04833,
	3.94911 8.07142,
	3.93756 8.07142,
	3.93756 8.09452,
	3.89715 8.12916,
	3.85673 8.22154,
	3.82209 8.26195,
	3.7759 8.29082,
	3.72971 8.33701,
	3.54496 8.35433,
	3.52187 8.35433,
	3.49877 8.33701,
	3.48722 8.31391,
	3.48722 8.2735,
	"/>
</Transform>

<Transform dim="6"
 xcoef=" 0.0694827509184064 1.00171166649971 -0.0130093457137834 0 0 0"
 ycoef=" -0.149656243543495 0.022808153055616 0.997290201881954 0 0 0">
<Contour name="d07" hidden="false" closed="true" simplified="true" border="1 0 1" fill="1 0 1" mode="9"
 points="2.70355 8.08395,
	2.7188 8.07251,
	2.74931 8.07633,
	2.77981 8.06489,
	2.79507 8.05726,
	2.82557 8.03057,
	2.88658 8.03438,
	2.94378 8.09158,
	2.95903 8.10683,
	2.95903 8.13734,
	2.94759 8.16784,
	2.94759 8.19835,
	2.94759 8.20598,
	2.93234 8.2136,
	2.91327 8.24029,
	2.90183 8.25555,
	2.89802 8.26317,
	2.88277 8.26317,
	2.85226 8.24411,
	2.73024 8.13352,
	2.73024 8.11827,
	2.71499 8.11446,
	2.70355 8.10302,
	2.70355 8.08777,
	"/>
</Transform>

<Transform dim="6"
 xcoef=" 0.0694827509184064 1.00171166649971 -0.0130093457137834 0 0 0"
 ycoef=" -0.149656243543495 0.022808153055616 0.997290201881954 0 0 0">
<Contour name="d07c14b" hidden="false" closed="true" simplified="true" border="1 0 0" fill="0 1 0" mode="9"
 points="2.67686 8.10302,
	2.70736 8.08395,
	2.73787 8.08777,
	2.79507 8.12209,
	2.81032 8.12971,
	2.81794 8.13734,
	2.81794 8.14496,
	2.82938 8.16022,
	2.8332 8.17547,
	2.85989 8.20598,
	2.86752 8.22123,
	2.86752 8.25173,
	2.86752 8.26699,
	2.85989 8.28224,
	2.79888 8.28224,
	2.76837 8.27843,
	2.73787 8.25173,
	2.73787 8.24411,
	2.71499 8.2136,
	2.70355 8.1831,
	2.70355 8.16784,
	2.70355 8.16022,
	2.68067 8.12971,
	2.67686 8.11446,
	2.67686 8.10683,
	"/>
<Contour name="d07cfa14b" hidden="false" closed="false" simplified="false" border="0 1 1" fill="0 1 1" mode="9"
 points="2.85629 8.27853,
	2.79528 8.24421,
	2.76859 8.20608,
	2.73045 8.14888,
	2.69232 8.08405,
	"/>
</Transform>

<Transform dim="6"
 xcoef=" 0.0694827509184064 1.00171166649971 -0.0130093457137834 0 0 0"
 ycoef=" -0.149656243543495 0.022808153055616 0.997290201881954 0 0 0">
<Contour name="d07c15a" hidden="false" closed="true" simplified="true" border="1 0 0" fill="0 1 0" mode="9"
 points="3.33272 6.39471,
	3.3556 6.36421,
	3.38611 6.34514,
	3.44712 6.34133,
	3.47763 6.34895,
	3.49288 6.35277,
	3.50813 6.36421,
	3.53864 6.37565,
	3.54626 6.37565,
	3.56152 6.38709,
	3.56914 6.39471,
	3.56533 6.42522,
	3.55008 6.43666,
	3.42805 6.43284,
	3.36704 6.42903,
	3.35179 6.42522,
	3.33654 6.41378,
	3.33272 6.39853,
	"/>
<Contour name="d07cfa15a" hidden="false" closed="false" simplified="false" border="0 1 1" fill="0 1 1" mode="9"
 points="3.5541 6.4215,
	3.48165 6.36812,
	3.4092 6.36812,
	3.32912 6.39863,
	"/>
</Transform>

<Transform dim="6"
 xcoef=" 0.0694827509184064 1.00171166649971 -0.0130093457137834 0 0 0"
 ycoef=" -0.149656243543495 0.022808153055616 0.997290201881954 0 0 0">
<Contour name="d07c15b" hidden="false" closed="true" simplified="true" border="1 0 0" fill="0 1 0" mode="9"
 points="3.57677 6.34514,
	3.59202 6.31464,
	3.61871 6.28794,
	3.64922 6.2765,
	3.66447 6.2765,
	3.67972 6.28413,
	3.68354 6.31464,
	3.6721 6.34514,
	3.66066 6.36039,
	3.65684 6.35658,
	3.64922 6.38709,
	3.62634 6.41378,
	3.59583 6.41378,
	3.58058 6.38327,
	3.57677 6.35277,
	3.57677 6.34895,
	"/>
<Contour name="d07cfa15b" hidden="false" closed="false" simplified="false" border="0 1 1" fill="0 1 1" mode="9"
 points="3.60749 6.41769,
	3.59986 6.37575,
	3.62655 6.30711,
	3.6685 6.2766,
	"/>
</Transform>

<Transform dim="6"
 xcoef=" 0.0694827509184064 1.00171166649971 -0.0130093457137834 0 0 0"
 ycoef=" -0.149656243543495 0.022808153055616 0.997290201881954 0 0 0">
<Contour name="d07c16" hidden="false" closed="true" simplified="true" border="1 0 0" fill="0 1 0" mode="9"
 points="3.59202 8.00388,
	3.6149 7.981,
	3.67591 7.95049,
	3.70642 7.93905,
	3.82844 7.93905,
	3.85894 7.93905,
	3.87038 7.95431,
	3.87038 7.96956,
	3.85894 7.98481,
	3.85894 7.99244,
	3.83606 8.02294,
	3.82844 8.0382,
	3.82844 8.05345,
	3.82081 8.0687,
	3.79031 8.08777,
	3.77124 8.10683,
	3.76361 8.10683,
	3.75599 8.11446,
	3.63397 8.11446,
	3.60346 8.08777,
	3.59202 8.07251,
	3.59202 8.0115,
	3.59202 8.00769,
	"/>
</Transform>

<Transform dim="6"
 xcoef=" 0.0794827509184064 1.00171166649971 -0.0130093457137834 0 0 0"
 ycoef=" -0.139656243543495 0.022808153055616 0.997290201881954 0 0 0">
<Contour name="d07cfa16" hidden="false" closed="true" simplified="true" border="0 1 0" fill="0 1 0" mode="9"
 points="3.59202 8.00388,
	3.6149 7.981,
	3.67591 7.95049,
	3.70642 7.93905,
	3.82844 7.93905,
	3.85894 7.93905,
	3.87038 7.95431,
	3.87038 7.96956,
	3.85894 7.98481,
	3.85894 7.99244,
	3.83606 8.02294,
	3.82844 8.0382,
	3.82844 8.05345,
	3.82081 8.0687,
	3.79031 8.08777,
	3.77124 8.10683,
	3.76361 8.10683,
	3.75599 8.11446,
	3.63397 8.11446,
	3.60346 8.08777,
	3.59202 8.07251,
	3.59202 8.0115,
	3.59202 8.00769,
	"/>
<Contour name="d07cfa16" hidden="false" closed="false" simplified="false" border="0 1 1" fill="0 1 1" mode="9"
 points="3.87297 7.95297,
	3.86534 7.99491,
	3.83865 8.05211,
	3.81577 8.09024,
	3.74332 8.10931,
	3.67468 8.11312,
	3.61367 8.09787,
	3.59842 8.06355,
	"/>
</Transform>

<Transform dim="6"
 xcoef=" 0.0694827509184064 1.00171166649971 -0.0130093457137834 0 0 0"
 ycoef=" -0.149656243543495 0.022808153055616 0.997290201881954 0 0 0">
<Contour name="D05" hidden="false" closed="true" simplified="true" border="1 1 0" fill="1 1 0" mode="11"
 points="2.49789 3.23589,
	2.50146 3.21625,
	2.51183 3.19854,
	2.52797 3.18448,
	2.54831 3.17546,
	2.57085 3.17235,
	2.5934 3.17546,
	2.61374 3.18448,
	2.62988 3.19854,
	2.64024 3.21625,
	2.64381 3.23589,
	2.64024 3.25553,
	2.62988 3.27324,
	2.61374 3.2873,
	2.5934 3.29633,
	2.57085 3.29944,
	2.54831 3.29633,
	2.52797 3.2873,
	2.51183 3.27324,
	"/>
<Contour name="D05" hidden="false" closed="true" simplified="true" border="1 1 0" fill="1 1 0" mode="11"
 points="2.15898 4.11612,
	2.16103 4.08662,
	2.16713 4.0576,
	2.17719 4.02952,
	2.19105 4.00283,
	2.20848 3.97797,
	2.2292 3.95533,
	2.25289 3.93527,
	2.27915 3.91813,
	2.30757 3.90417,
	2.33769 3.89362,
	2.36903 3.88665,
	2.40107 3.88338,
	2.43331 3.88385,
	2.46522 3.88805,
	2.4963 3.89593,
	2.52604 3.90735,
	2.55396 3.92213,
	2.57962 3.94003,
	2.6026 3.96076,
	2.62253 3.98399,
	2.63909 4.00935,
	2.65202 4.03642,
	2.6611 4.06478,
	2.6662 4.09397,
	2.66722 4.12351,
	2.66415 4.15293,
	2.65705 4.18176,
	2.64602 4.20953,
	2.63125 4.2358,
	2.61297 4.26015,
	2.59147 4.28217,
	2.5671 4.30153,
	2.54026 4.3179,
	2.51137 4.33102,
	2.4809 4.34069,
	2.44934 4.34674,
	2.4172 4.34909,
	2.38499 4.34768,
	2.35324 4.34255,
	2.32245 4.33377,
	2.29312 4.32149,
	2.26573 4.30591,
	2.2407 4.28728,
	2.21845 4.26589,
	2.19933 4.24209,
	2.18366 4.21626,
	2.17167 4.18882,
	2.16358 4.16021,
	"/>
<Contour name="D05" hidden="false" closed="true" simplified="true" border="1 1 0" fill="1 1 0" mode="11"
 points="4.08889 4.04786,
	4.0913 4.03332,
	4.09832 4.0202,
	4.10926 4.00978,
	4.12304 4.0031,
	4.13831 4.00079,
	4.15358 4.0031,
	4.16736 4.00978,
	4.1783 4.0202,
	4.18532 4.03332,
	4.18773 4.04786,
	4.18532 4.06241,
	4.1783 4.07553,
	4.16736 4.08594,
	4.15358 4.09263,
	4.13831 4.09493,
	4.12304 4.09263,
	4.10926 4.08594,
	4.09832 4.07553,
	"/>
</Transform>

<Transform dim="6"
 xcoef=" 0.0694827509184064 1.00171166649971 -0.0130093457137834 0 0 0"
 ycoef=" -0.149656243543495 0.022808153055616 0.997290201881954 0 0 0">
<Contour name="D11" hidden="false" closed="true" simplified="true" border="1 0.5 0" fill="1 0.5 0" mode="11"
 points="4.98101 4.14196,
	4.98945 4.11186,
	5.01408 4.08432,
	5.05279 4.06166,
	5.1023 4.04582,
	5.15843 4.03812,
	5.2164 4.03923,
	5.2713 4.04906,
	5.31848 4.06676,
	5.35394 4.09083,
	5.37466 4.11925,
	5.37889 4.14959,
	5.36628 4.17928,
	5.33789 4.20581,
	5.29613 4.22692,
	5.24454 4.24083,
	5.18749 4.24635,
	5.12983 4.24303,
	5.07644 4.23113,
	5.03185 4.21167,
	4.99984 4.1863,
	"/>
</Transform>

<Transform dim="6"
 xcoef=" 0.0694827509184064 1.00171166649971 -0.0130093457137834 0 0 0"
 ycoef=" -0.149656243543495 0.022808153055616 0.997290201881954 0 0 0">
<Contour name="D11" hidden="false" closed="true" simplified="true" border="1 0.5 0" fill="1 0.5 0" mode="11"
 points="5.77299 4.25614,
	5.77429 4.24413,
	5.77809 4.23329,
	5.784 4.2247,
	5.79145 4.21917,
	5.79971 4.21727,
	5.80797 4.21917,
	5.81542 4.2247,
	5.82133 4.23329,
	5.82512 4.24413,
	5.82643 4.25614,
	5.82512 4.26815,
	5.82133 4.27899,
	5.81542 4.28759,
	5.80797 4.29311,
	5.79971 4.29501,
	5.79145 4.29311,
	5.784 4.28759,
	5.77809 4.27899,
	"/>
</Transform>

<Transform dim="6"
 xcoef=" 0.0694827509184064 1.00171166649971 -0.0130093457137834 0 0 0"
 ycoef=" -0.149656243543495 0.022808153055616 0.997290201881954 0 0 0">
<Contour name="D12" hidden="false" closed="true" simplified="true" border="0.5 0 1" fill="0.5 0 1" mode="11"
 points="3.68857 4.39948,
	3.69047 4.38521,
	3.696 4.37234,
	3.7046 4.36213,
	3.71543 4.35558,
	3.72744 4.35332,
	3.73945 4.35558,
	3.75029 4.36213,
	3.75889 4.37234,
	3.76441 4.38521,
	3.76631 4.39948,
	3.76441 4.41374,
	3.75889 4.42661,
	3.75029 4.43682,
	3.73945 4.44337,
	3.72744 4.44563,
	3.71543 4.44337,
	3.7046 4.43682,
	3.696 4.42661,
	"/>
</Transform>

<Transform dim="6"
 xcoef=" 0.0694827509184064 1.00171166649971 -0.0130093457137834 0 0 0"
 ycoef=" -0.149656243543495 0.022808153055616 0.997290201881954 0 0 0">
<Contour name="D13" hidden="false" closed="true" simplified="true" border="1 0 0.5" fill="1 0 0.5" mode="11"
 points="5.50089 4.47236,
	5.50577 4.44308,
	5.51992 4.41667,
	5.54195 4.39571,
	5.56972 4.38225,
	5.6005 4.37761,
	5.63128 4.38225,
	5.65905 4.39571,
	5.68108 4.41667,
	5.69523 4.44308,
	5.7001 4.47236,
	5.69523 4.50164,
	5.68108 4.52805,
	5.65905 4.54901,
	5.63128 4.56247,
	5.6005 4.5671,
	5.56972 4.56247,
	5.54195 4.54901,
	5.51992 4.52805,
	"/>
</Transform>

<Transform dim="6"
 xcoef=" 0.0694827509184064 1.00171166649971 -0.0130093457137834 0 0 0"
 ycoef=" -0.149656243543495 0.022808153055616 0.997290201881954 0 0 0">
<Contour name="D14" hidden="false" closed="true" simplified="true" border="1 0 0" fill="1 0 0" mode="11"
 points="5.13163 5.71134,
	5.13424 5.68507,
	5.14184 5.66137,
	5.15366 5.64255,
	5.16856 5.63048,
	5.18507 5.62632,
	5.20159 5.63048,
	5.21649 5.64255,
	5.22831 5.66137,
	5.2359 5.68507,
	5.23852 5.71134,
	5.2359 5.73762,
	5.22831 5.76132,
	5.21649 5.78013,
	5.20159 5.79221,
	5.18507 5.79637,
	5.16856 5.79221,
	5.15366 5.78013,
	5.14184 5.76132,
	"/>
</Transform>

<Transform dim="6"
 xcoef=" 0.0694827509184064 1.00171166649971 -0.0130093457137834 0 0 0"
 ycoef=" -0.149656243543495 0.022808153055616 0.997290201881954 0 0 0">
<Contour name="D15" hidden="false" closed="true" simplified="true" border="1 1 0" fill="1 1 0" mode="11"
 points="5.86044 6.04174,
	5.86352 6.01137,
	5.87264 5.98195,
	5.88754 5.9544,
	5.90773 5.92957,
	5.9326 5.90826,
	5.96136 5.89111,
	5.99311 5.87867,
	6.02687 5.87132,
	6.06158 5.8693,
	6.09615 5.87266,
	6.1295 5.88131,
	6.1606 5.89497,
	6.18846 5.91322,
	6.21223 5.93548,
	6.23115 5.96106,
	6.24464 5.98917,
	6.25227 6.01891,
	6.25381 6.04937,
	6.24921 6.07959,
	6.23861 6.10863,
	6.22234 6.13558,
	6.20091 6.15959,
	6.17499 6.17993,
	6.14539 6.19594,
	6.11304 6.20714,
	6.07895 6.21317,
	6.04417 6.21385,
	6.00981 6.20914,
	5.97692 6.19921,
	5.94655 6.18436,
	5.91963 6.16505,
	5.89701 6.14189,
	5.87939 6.1156,
	5.86734 6.087,
	"/>
</Transform>

<Transform dim="6"
 xcoef=" 0.0694827509184064 1.00171166649971 -0.0130093457137834 0 0 0"
 ycoef=" -0.149656243543495 0.022808153055616 0.997290201881954 0 0 0">
<Contour name="D15" hidden="false" closed="true" simplified="true" border="1 1 0" fill="1 1 0" mode="11"
 points="6.22485 5.11129,
	6.22771 5.08426,
	6.23599 5.05988,
	6.24889 5.04053,
	6.26514 5.02811,
	6.28316 5.02383,
	6.30117 5.02811,
	6.31743 5.04053,
	6.33033 5.05988,
	6.33861 5.08426,
	6.34146 5.11129,
	6.33861 5.13831,
	6.33033 5.16269,
	6.31743 5.18204,
	6.30117 5.19446,
	6.28316 5.19874,
	6.26514 5.19446,
	6.24889 5.18204,
	6.23599 5.16269,
	"/>
</Transform>

<Transform dim="6"
 xcoef=" 0.0694827509184064 1.00171166649971 -0.0130093457137834 0 0 0"
 ycoef=" -0.149656243543495 0.022808153055616 0.997290201881954 0 0 0">
<Contour name="D13" hidden="false" closed="true" simplified="true" border="1 0 0.5" fill="1 0 0.5" mode="11"
 points="5.83869 3.80416,
	5.84006 3.78743,
	5.84405 3.77234,
	5.85026 3.76037,
	5.85808 3.75268,
	5.86676 3.75003,
	5.87543 3.75268,
	5.88325 3.76037,
	5.88946 3.77234,
	5.89345 3.78743,
	5.89482 3.80416,
	5.89345 3.82089,
	5.88946 3.83598,
	5.88325 3.84795,
	5.87543 3.85564,
	5.86676 3.85829,
	5.85808 3.85564,
	5.85026 3.84795,
	5.84405 3.83598,
	"/>
</Transform>

<Transform dim="6"
 xcoef=" 0.0694827509184064 1.00171166649971 -0.0130093457137834 0 0 0"
 ycoef=" -0.149656243543495 0.022808153055616 0.997290201881954 0 0 0">
<Contour name="D16" hidden="false" closed="true" simplified="true" border="0 0 1" fill="0 0 1" mode="11"
 points="2.27013 2.45091,
	2.2714 2.44348,
	2.27511 2.43677,
	2.28087 2.43145,
	2.28814 2.42803,
	2.29619 2.42686,
	2.30425 2.42803,
	2.31151 2.43145,
	2.31728 2.43677,
	2.32098 2.44348,
	2.32225 2.45091,
	2.32098 2.45835,
	2.31728 2.46506,
	2.31151 2.47038,
	2.30425 2.47379,
	2.29619 2.47497,
	2.28814 2.47379,
	2.28087 2.47038,
	2.27511 2.46506,
	"/>
</Transform>

<Transform dim="6"
 xcoef=" 0.0694827509184064 1.00171166649971 -0.0130093457137834 0 0 0"
 ycoef=" -0.149656243543495 0.022808153055616 0.997290201881954 0 0 0">
<Contour name="D16" hidden="false" closed="true" simplified="true" border="0 0 1" fill="0 0 1" mode="11"
 points="2.10573 1.98379,
	2.10832 1.95796,
	2.11597 1.93322,
	2.12836 1.91061,
	2.14496 1.8911,
	2.16507 1.87551,
	2.18785 1.8645,
	2.21233 1.85854,
	2.23747 1.85787,
	2.26221 1.86252,
	2.2855 1.87231,
	2.30637 1.88681,
	2.32392 1.90541,
	2.33742 1.92732,
	2.34629 1.95163,
	2.35016 1.97729,
	2.34886 2.00323,
	2.34246 2.02835,
	2.33122 2.05158,
	2.31561 2.07195,
	2.2963 2.08858,
	2.2741 2.10079,
	2.24995 2.10805,
	2.22488 2.11006,
	2.19994 2.10672,
	2.17619 2.09819,
	2.15463 2.08482,
	2.13617 2.06717,
	2.1216 2.046,
	2.11153 2.0222,
	"/>
</Transform>

<Transform dim="6"
 xcoef=" 0.0694827509184064 1.00171166649971 -0.0130093457137834 0 0 0"
 ycoef=" -0.149656243543495 0.022808153055616 0.997290201881954 0 0 0">
<Contour name="D16" hidden="false" closed="true" simplified="true" border="0 0 1" fill="0 0 1" mode="11"
 points="2.68713 2.59927,
	2.68909 2.58688,
	2.69479 2.5757,
	2.70366 2.56683,
	2.71483 2.56114,
	2.72723 2.55917,
	2.73962 2.56114,
	2.75079 2.56683,
	2.75966 2.5757,
	2.76536 2.58688,
	2.76732 2.59927,
	2.76536 2.61166,
	2.75966 2.62284,
	2.75079 2.63171,
	2.73962 2.6374,
	2.72723 2.63937,
	2.71483 2.6374,
	2.70366 2.63171,
	2.69479 2.62284,
	"/>
</Transform>

<Transform dim="6"
 xcoef=" 0.0694827509184064 1.00171166649971 -0.0130093457137834 0 0 0"
 ycoef=" -0.149656243543495 0.022808153055616 0.997290201881954 0 0 0">
<Contour name="d02" hidden="false" closed="true" simplified="true" border="0.5 0 1" fill="0.5 0 1" mode="9"
 points="5.39695 5.48917,
	5.40497 5.47313,
	5.40497 5.45709,
	5.40497 5.44907,
	5.46511 5.40898,
	5.47313 5.40096,
	5.50521 5.39695,
	5.53729 5.41299,
	5.5453 5.42903,
	5.5453 5.44506,
	5.57337 5.50922,
	5.57738 5.52526,
	5.5854 5.53328,
	5.59743 5.56535,
	5.61347 5.58139,
	5.61748 5.59743,
	5.60946 5.61347,
	5.60144 5.62149,
	5.56936 5.62149,
	5.50521 5.60144,
	5.44105 5.56936,
	5.41299 5.54931,
	5.40096 5.53328,
	5.39695 5.5012,
	5.39695 5.49318,
	"/>
</Transform>

<Transform dim="6"
 xcoef=" 0.0694827509184064 1.00171166649971 -0.0130093457137834 0 0 0"
 ycoef=" -0.149656243543495 0.022808153055616 0.997290201881954 0 0 0">
<Contour name="d02c45" hidden="false" closed="true" simplified="true" border="0 1 0" fill="0 1 0" mode="-13"
 points="5.36487 5.43304,
	5.39294 5.40096,
	5.42101 5.38091,
	5.43704 5.37289,
	5.46912 5.36888,
	5.47714 5.36888,
	5.49719 5.35685,
	5.51323 5.37289,
	5.52125 5.38091,
	5.51724 5.41299,
	5.50521 5.42903,
	5.44105 5.45709,
	5.40898 5.46912,
	5.3769 5.46511,
	5.36487 5.44907,
	5.36487 5.43704,
	"/>
<Contour name="d02cfa45" hidden="false" closed="false" simplified="false" border="0 1 1" fill="0 1 1" mode="-13"
 points="5.52193 5.38596,
	5.5099 5.38997,
	5.4658 5.41002,
	5.4257 5.43808,
	5.39362 5.46214,
	"/>
</Transform>

<Transform dim="6"
 xcoef=" 0.0694827509184064 1.00171166649971 -0.0130093457137834 0 0 0"
 ycoef=" -0.149656243543495 0.022808153055616 0.997290201881954 0 0 0">
<Contour name="D14" hidden="false" closed="true" simplified="true" border="1 0 0" fill="1 0 0" mode="11"
 points="5.85061 5.53744,
	5.85241 5.50902,
	5.85764 5.48338,
	5.86578 5.46304,
	5.87603 5.44998,
	5.8874 5.44548,
	5.89876 5.44998,
	5.90902 5.46304,
	5.91716 5.48338,
	5.92238 5.50902,
	5.92418 5.53744,
	5.92238 5.56586,
	5.91716 5.59149,
	5.90902 5.61184,
	5.89876 5.6249,
	5.8874 5.6294,
	5.87603 5.6249,
	5.86578 5.61184,
	5.85764 5.59149,
	"/>
</Transform>

<Transform dim="6"
 xcoef=" 0.0694827509184064 1.00171166649971 -0.0130093457137834 0 0 0"
 ycoef=" -0.149656243543495 0.022808153055616 0.997290201881954 0 0 0">
<Contour name="d08ax17" hidden="false" closed="true" simplified="true" border="0 0 1" fill="0 0 1" mode="-11"
 points="5.17666 1.50922,
	5.19202 1.49386,
	5.24963 1.4593,
	5.28035 1.44778,
	5.34179 1.41321,
	5.37252 1.40169,
	5.3994 1.38249,
	5.40324 1.37481,
	5.37252 1.31337,
	5.36868 1.28265,
	5.37252 1.25192,
	5.3802 1.24424,
	5.3802 1.23656,
	5.40708 1.20584,
	5.46084 1.15976,
	5.48772 1.12904,
	5.49541 1.12135,
	5.50693 1.05991,
	5.50309 0.998466,
	5.50309 0.967744,
	5.50693 0.952383,
	5.54149 0.890939,
	5.56837 0.860217,
	5.59525 0.837176,
	5.60677 0.821815,
	5.61061 0.814134,
	5.59141 0.783412,
	5.57989 0.768051,
	5.58757 0.737329,
	5.61445 0.706607,
	5.62981 0.691246,
	5.67974 0.568358,
	5.70662 0.541476,
	5.73734 0.522275,
	5.76806 0.510754,
	5.82951 0.518434,
	5.84487 0.526115,
	5.85255 0.533795,
	5.85255 0.549156,
	5.84487 0.556837,
	5.83335 0.587559,
	5.83719 0.618281,
	5.85639 0.679725,
	5.87175 0.710447,
	5.89095 0.771891,
	5.90247 0.833335,
	5.90247 0.894779,
	5.89863 0.925501,
	5.87559 0.986946,
	5.78726 1.10983,
	5.7719 1.12135,
	5.74886 1.1828,
	5.74502 1.19816,
	5.72198 1.22888,
	5.66822 1.27496,
	5.60677 1.30953,
	5.58373 1.33257,
	5.52229 1.37481,
	5.46084 1.42473,
	5.4378 1.44778,
	5.42244 1.45546,
	5.4186 1.46314,
	5.35716 1.49002,
	5.29571 1.53226,
	5.24579 1.58987,
	5.23043 1.60139,
	5.21507 1.60139,
	5.20739 1.60139,
	5.1805 1.5745,
	5.17666 1.51306,
	"/>
</Transform>

<Transform dim="6"
 xcoef=" 0.0694827509184064 1.00171166649971 -0.0130093457137834 0 0 0"
 ycoef=" -0.149656243543495 0.022808153055616 0.997290201881954 0 0 0">
<Contour name="d03p07" hidden="false" closed="true" simplified="false" border="1 0 1" fill="1 0 1" mode="-9"
 points="3.10823 2.99243,
	3.10823 2.98068,
	3.11999 2.96892,
	3.13174 2.96892,
	3.1435 2.98068,
	3.1435 2.99243,
	3.13174 3.00419,
	3.11999 3.00419,
	"/>
</Transform>

<Transform dim="6"
 xcoef=" 0.0694827509184064 1.00171166649971 -0.0130093457137834 0 0 0"
 ycoef=" -0.149656243543495 0.022808153055616 0.997290201881954 0 0 0">
<Contour name="d03p08" hidden="false" closed="true" simplified="false" border="1 0 0" fill="1 0 0" mode="-9"
 points="3.14644 2.7544,
	3.1288 2.7544,
	3.1288 2.76321,
	3.13762 2.77203,
	3.16407 2.78085,
	3.14644 2.78966,
	3.13762 2.80729,
	3.11999 2.78966,
	3.11117 2.77203,
	3.11117 2.7544,
	3.09354 2.7544,
	3.11999 2.73677,
	"/>
</Transform>

<Transform dim="6"
 xcoef=" 0.0694827509184064 1.00171166649971 -0.0130093457137834 0 0 0"
 ycoef=" -0.149656243543495 0.022808153055616 0.997290201881954 0 0 0">
<Contour name="d03p10" hidden="false" closed="true" simplified="false" border="0 1 1" fill="0 1 1" mode="-13"
 points="3.75474 2.76027,
	3.7665 2.74852,
	3.71948 2.7015,
	3.73123 2.68975,
	3.77825 2.73677,
	3.79001 2.72501,
	3.79001 2.76027,
	"/>
</Transform>

<Transform dim="6"
 xcoef=" 0.0694827509184064 1.00171166649971 -0.0130093457137834 0 0 0"
 ycoef=" -0.149656243543495 0.022808153055616 0.997290201881954 0 0 0">
<Contour name="d06p10" hidden="false" closed="true" simplified="false" border="0 1 1" fill="0 1 1" mode="-13"
 points="3.14439 7.09868,
	3.15432 7.08876,
	3.11461 7.04905,
	3.12454 7.03913,
	3.16424 7.07883,
	3.17417 7.06891,
	3.17417 7.09868,
	"/>
</Transform>

<Transform dim="6"
 xcoef=" 0.0694827509184064 1.00171166649971 -0.0130093457137834 0 0 0"
 ycoef=" -0.149656243543495 0.022808153055616 0.997290201881954 0 0 0">
<Contour name="d06p11" hidden="false" closed="true" simplified="false" border="1 0.5 0" fill="1 0.5 0" mode="-13"
 points="2.50168 6.99446,
	2.50168 6.9895,
	2.50664 6.98454,
	2.51161 6.98454,
	2.51657 6.9895,
	2.51657 6.99446,
	2.51161 6.99942,
	2.50664 6.99942,
	"/>
</Transform>

<Transform dim="6"
 xcoef=" 0.0694827509184064 1.00171166649971 -0.0130093457137834 0 0 0"
 ycoef=" -0.149656243543495 0.022808153055616 0.997290201881954 0 0 0">
<Contour name="d07p17" hidden="false" closed="true" simplified="false" border="1 0 1" fill="1 0 1" mode="-13"
 points="4.38018 7.48828,
	4.38018 7.47836,
	4.39011 7.46843,
	4.40004 7.46843,
	4.40996 7.47836,
	4.40996 7.48828,
	4.40004 7.49821,
	4.39011 7.49821,
	"/>
</Transform>

<Transform dim="6"
 xcoef=" 0.0694827509184064 1.00171166649971 -0.0130093457137834 0 0 0"
 ycoef=" -0.149656243543495 0.022808153055616 0.997290201881954 0 0 0">
<Contour name="d08p13" hidden="false" closed="true" simplified="false" border="1 0 0.5" fill="1 0 0.5" mode="-13"
 points="4.97724 3.3176,
	5.00276 3.3176,
	4.99 3.34099,
	"/>
</Transform>

<Transform dim="0"
 xcoef=" 0 1 0 0 0 0"
 ycoef=" 0 0 1 0 0 0">
<Contour name="d03" hidden="false" closed="true" simplified="true" border="0 1 0" fill="0 1 0" mode="9"
 points="2.93872 2.76654,
	2.94 2.74028,
	2.94456 2.71394,
	2.94766 2.70075,
	2.94924 2.69744,
	2.96225 2.69386,
	2.96876 2.69207,
	3.02129 2.71546,
	3.12627 2.75569,
	3.17852 2.75777,
	3.20457 2.75225,
	3.25655 2.73304,
	3.30849 2.71053,
	3.33445 2.69847,
	3.34743 2.69325,
	3.45183 2.68922,
	3.50411 2.69294,
	3.51719 2.69429,
	3.52371 2.69414,
	3.62774 2.6606,
	3.65374 2.65182,
	3.66025 2.65002,
	3.68659 2.66746,
	3.71297 2.68816,
	3.75771 2.7396,
	3.86178 2.83559,
	3.86508 2.83879,
	3.86363 2.85194,
	3.86207 2.85854,
	3.85083 2.87191,
	3.84439 2.87861,
	3.83135 2.88055,
	3.81828 2.87921,
	3.79198 2.86505,
	3.78539 2.86029,
	3.77884 2.85879,
	3.75278 2.86267,
	3.73974 2.86461,
	3.73491 2.86964,
	3.71438 2.92257,
	3.70759 3.02765,
	3.69684 3.08036,
	3.69066 3.10672,
	3.68756 3.1199,
	3.65072 3.17321,
	3.5991 3.22029,
	3.58617 3.23043,
	3.57971 3.23549,
	3.4753 3.23952,
	3.42342 3.26529,
	3.37124 3.26976,
	3.36798 3.26984,
	3.31792 3.31198,
	3.2974 3.36491,
	3.28795 3.39135,
	3.26973 3.49669,
	3.24825 3.6021,
	3.24833 3.60866,
	3.23399 3.63522,
	3.22598 3.64687,
	3.19987 3.64747,
	3.17349 3.62676,
	3.16028 3.61558,
	3.15471 3.56325,
	3.15274 3.53707,
	3.16348 3.48436,
	3.16967 3.45799,
	3.17388 3.40543,
	3.14873 3.35355,
	3.14203 3.34058,
	3.14787 3.28799,
	3.15097 3.2748,
	3.14702 3.22244,
	3.09419 3.1761,
	3.04161 3.14944,
	3.01534 3.13692,
	3.00036 3.11431,
	3.02122 3.0876,
	3.02604 3.08094,
	3.02926 3.07758,
	3.03218 3.05129,
	3.02694 3.02517,
	3.02351 3.01214,
	3.0218 3.00562,
	3.02798 2.97925,
	3.03108 2.96606,
	3.02387 2.91377,
	3.00068 2.88807,
	2.98746 2.87526,
	2.9775 2.86237,
	2.94908 2.81056,
	2.94075 2.79763,
	2.93878 2.77145,
	2.93874 2.76817,
	"/>
<Contour name="d08" hidden="false" closed="true" simplified="true" border="1 0 0" fill="1 0 0" mode="9"
 points="3.25544 3.58076,
	3.25888 3.5498,
	3.27001 3.51866,
	3.30763 3.45603,
	3.33411 3.42455,
	3.36455 3.40069,
	3.42567 3.37227,
	3.4871 3.36701,
	3.51774 3.35858,
	3.57875 3.32244,
	3.60924 3.30245,
	3.61688 3.29841,
	3.64787 3.317,
	3.65959 3.33218,
	3.66424 3.39384,
	3.66464 3.4247,
	3.66484 3.44014,
	3.65371 3.47128,
	3.65007 3.4868,
	3.63869 3.49864,
	3.62757 3.52978,
	3.60876 3.5611,
	3.59763 3.59224,
	3.59539 3.71581,
	3.5962 3.77756,
	3.59275 3.80852,
	3.58143 3.82422,
	3.56616 3.83229,
	3.55099 3.84808,
	3.55109 3.8558,
	3.52066 3.87966,
	3.39776 3.88632,
	3.36677 3.86774,
	3.30835 3.80731,
	3.28873 3.77687,
	3.27701 3.7617,
	3.27296 3.74635,
	3.26124 3.73117,
	3.25579 3.60777,
	3.25559 3.59234,
	3.25549 3.58462,
	"/>
<Contour name="d03p09" hidden="false" closed="true" simplified="false" border="0 1 0" fill="0 1 0" mode="-9"
 points="3.22524 3.23893,
	3.22494 3.21536,
	3.24839 3.21483,
	3.24808 3.19126,
	3.27155 3.19072,
	3.27185 3.21429,
	3.29532 3.21375,
	3.29562 3.23732,
	3.27216 3.23786,
	3.27246 3.26143,
	3.249 3.26196,
	3.2487 3.23839,
	"/>
</Transform>

<Transform dim="0"
 xcoef=" 0 1 0 0 0 0"
 ycoef=" 0 0 1 0 0 0">
<Contour name="ax07" comment="LK bouton trace named after cfa" hidden="false" closed="true" simplified="true" border="0 1 1" fill="0.502 1 1" mode="9"
 points="3.31396 3.32956,
	3.31876 3.31996,
	3.33436 3.30075,
	3.34396 3.29355,
	3.34636 3.29355,
	3.35116 3.28995,
	3.36077 3.28875,
	3.37997 3.28275,
	3.38237 3.28275,
	3.38477 3.28035,
	3.39437 3.27915,
	3.40398 3.27555,
	3.44238 3.27075,
	3.44719 3.27075,
	3.45679 3.26714,
	3.46159 3.26354,
	3.46639 3.26234,
	3.47599 3.25514,
	3.4952 3.24674,
	3.53361 3.24794,
	3.55281 3.25034,
	3.56241 3.25514,
	3.56841 3.26354,
	3.57201 3.27315,
	3.57201 3.28275,
	3.57081 3.28755,
	3.57081 3.28995,
	3.56841 3.29235,
	3.56481 3.30195,
	3.55761 3.31035,
	3.54801 3.31756,
	3.53841 3.32236,
	3.5252 3.34036,
	3.5084 3.35356,
	3.4988 3.36077,
	3.47959 3.36317,
	3.46999 3.36317,
	3.46039 3.36677,
	3.42198 3.36797,
	3.40278 3.36797,
	3.39317 3.37037,
	3.37397 3.36917,
	3.36917 3.36677,
	3.34996 3.36557,
	3.34516 3.36437,
	3.34276 3.36437,
	3.33796 3.36077,
	3.33316 3.35957,
	3.32356 3.35356,
	3.31876 3.35116,
	3.31516 3.34636,
	3.31396 3.33676,
	3.31396 3.33196,
	3.31396 3.33076,
	"/>
</Transform>

<Transform dim="0"
 xcoef=" 0 1 0 0 0 0"
 ycoef=" 0 0 1 0 0 0">
<Contour name="d03" hidden="false" closed="true" simplified="true" border="0 1 0" fill="0 1 0" mode="9"
 points="3.96663 2.85514,
	3.97071 2.85299,
	4.00365 2.86459,
	4.06967 2.89808,
	4.13538 2.90687,
	4.16822 2.91024,
	4.29941 2.91135,
	4.36503 2.91397,
	4.43076 2.92482,
	4.49641 2.9295,
	4.56202 2.93005,
	4.59477 2.92725,
	4.61119 2.92893,
	4.64416 2.94259,
	4.64437 2.95906,
	4.62812 2.96972,
	4.59539 2.97458,
	4.57899 2.97496,
	4.56277 2.98768,
	4.55464 2.99405,
	4.55076 3.01061,
	4.54881 3.01889,
	4.55313 3.03525,
	4.55318 3.03937,
	4.52048 3.0463,
	4.48732 3.01824,
	4.47902 3.01019,
	4.446 2.99241,
	4.41302 2.97876,
	4.34723 2.9638,
	4.33079 2.96005,
	4.26519 2.95949,
	4.2488 2.95987,
	4.18345 2.97783,
	4.15069 2.98064,
	4.14251 2.98289,
	4.10962 2.97541,
	3.97736 2.89196,
	3.96909 2.88597,
	3.96682 2.86956,
	3.96671 2.86132,
	3.96666 2.85721,
	"/>
<Contour name="d01p07" hidden="false" closed="true" simplified="false" border="1 0 1" fill="1 0 1" mode="-9"
 points="4.79476 2.94572,
	4.79459 2.93264,
	4.80746 2.91925,
	4.82049 2.91895,
	4.83368 2.93174,
	4.83385 2.94482,
	4.821 2.95821,
	4.80797 2.95851,
	"/>
</Transform>

<Transform dim="0"
 xcoef=" 0 1 0 0 0 0"
 ycoef=" 0 0 1 0 0 0">
<Contour name="d03" hidden="false" closed="true" simplified="true" border="0 1 0" fill="0 1 0" mode="9"
 points="3.60671 1.76115,
	3.62215 1.73541,
	3.64396 1.71272,
	3.66905 1.69946,
	3.68164 1.696,
	3.70697 1.70176,
	3.7196 1.70147,
	3.72591 1.70133,
	3.7483 1.72301,
	3.76428 1.73851,
	3.76146 1.76394,
	3.69005 1.85755,
	3.665 1.87398,
	3.63975 1.87456,
	3.61737 1.85287,
	3.60724 1.80236,
	3.60691 1.77699,
	3.60675 1.76431,
	"/>
<Contour name="ax02" comment="LK bouton trace named after cfa" hidden="false" closed="true" simplified="true" border="0 1 1" fill="0.502 1 1" mode="9"
 points="3.74458 2.47477,
	3.75508 2.45501,
	3.75755 2.45007,
	3.76496 2.44019,
	3.76805 2.43524,
	3.7872 2.41548,
	3.79708 2.40807,
	3.80696 2.40498,
	3.84649 2.40313,
	3.85637 2.40128,
	3.87613 2.39263,
	3.88602 2.38831,
	3.89096 2.38584,
	3.91072 2.37966,
	3.93048 2.37657,
	3.95025 2.37595,
	3.96013 2.37657,
	3.96507 2.37719,
	3.96754 2.37781,
	3.9873 2.37348,
	4.02683 2.35557,
	4.03671 2.35248,
	4.0466 2.35063,
	4.08612 2.34754,
	4.10589 2.35063,
	4.11577 2.35248,
	4.13553 2.35928,
	4.14541 2.36237,
	4.15529 2.36669,
	4.17506 2.36978,
	4.19482 2.3741,
	4.21459 2.38398,
	4.21953 2.38645,
	4.23929 2.40251,
	4.24855 2.41239,
	4.26214 2.43216,
	4.2677 2.44204,
	4.28191 2.4618,
	4.2924 2.48157,
	4.29735 2.49145,
	4.30043 2.50133,
	4.30723 2.54086,
	4.30785 2.5458,
	4.31279 2.55568,
	4.33255 2.56741,
	4.35231 2.57544,
	4.37208 2.581,
	4.38196 2.58347,
	4.3869 2.58471,
	4.39678 2.59212,
	4.40357 2.602,
	4.40666 2.60694,
	4.40975 2.61682,
	4.4116 2.6267,
	4.41284 2.64647,
	4.41222 2.65635,
	4.40852 2.67611,
	4.38443 2.75517,
	4.37331 2.7947,
	4.36714 2.81446,
	4.35911 2.83422,
	4.35602 2.8441,
	4.34428 2.86387,
	4.34058 2.86881,
	4.3307 2.8756,
	4.32081 2.87993,
	4.31587 2.8824,
	4.29611 2.88795,
	4.27635 2.88981,
	4.26647 2.88857,
	4.26152 2.88795,
	4.25905 2.88672,
	4.24917 2.88981,
	4.24423 2.89043,
	4.23929 2.89228,
	4.23682 2.8929,
	4.23188 2.89598,
	4.222 2.89969,
	4.21212 2.90216,
	4.20717 2.90339,
	4.16765 2.90278,
	4.15777 2.90154,
	4.14788 2.89845,
	4.12812 2.88857,
	4.12318 2.8861,
	4.1133 2.88425,
	4.10836 2.88363,
	4.08859 2.89043,
	4.08365 2.89166,
	4.06389 2.89104,
	4.05895 2.89104,
	4.03918 2.88548,
	4.0293 2.88363,
	4.01942 2.87931,
	3.97989 2.85646,
	3.97001 2.8509,
	3.96507 2.84781,
	3.96013 2.84657,
	3.95519 2.84349,
	3.94531 2.83916,
	3.93542 2.8336,
	3.93048 2.8299,
	3.92554 2.82805,
	3.91566 2.82187,
	3.91072 2.81878,
	3.90578 2.81693,
	3.88602 2.80211,
	3.87613 2.79408,
	3.85637 2.77493,
	3.83661 2.7632,
	3.81684 2.74899,
	3.80758 2.73973,
	3.80511 2.73726,
	3.80387 2.73479,
	3.80264 2.73355,
	3.80202 2.73108,
	3.79523 2.7212,
	3.78967 2.71132,
	3.78658 2.70638,
	3.78473 2.70391,
	3.78287 2.69897,
	3.78164 2.69773,
	3.78102 2.69526,
	3.77917 2.69279,
	3.77855 2.69032,
	3.7767 2.68785,
	3.7767 2.68661,
	3.77052 2.67673,
	3.76682 2.67179,
	3.76496 2.66932,
	3.76435 2.66685,
	3.76249 2.66438,
	3.75941 2.6545,
	3.76002 2.63473,
	3.76126 2.62979,
	3.76002 2.61003,
	3.76002 2.60015,
	3.76249 2.58038,
	3.76311 2.56062,
	3.76002 2.54086,
	3.75323 2.52109,
	3.74767 2.50133,
	3.74458 2.48157,
	3.74458 2.47662,
	3.74458 2.47539,
	"/>
</Transform>

<Transform dim="0"
 xcoef=" 0 1 0 0 0 0"
 ycoef=" 0 0 1 0 0 0">
<Contour name="ax09" comment="LK bouton trace named after cfa" hidden="false" closed="true" simplified="true" border="0 1 1" fill="0.502 1 1" mode="9"
 points="3.6295 1.99029,
	3.63624 1.97682,
	3.64045 1.96335,
	3.65476 1.93641,
	3.65644 1.93304,
	3.65644 1.93136,
	3.65897 1.92799,
	3.65981 1.92462,
	3.65981 1.92294,
	3.66234 1.91957,
	3.66823 1.89263,
	3.6716 1.87916,
	3.67581 1.87242,
	3.68928 1.86316,
	3.69938 1.84969,
	3.70696 1.83622,
	3.70864 1.83285,
	3.72211 1.82107,
	3.72885 1.81601,
	3.74063 1.80254,
	3.74821 1.78907,
	3.75411 1.7756,
	3.75747 1.76213,
	3.75916 1.7554,
	3.76673 1.74193,
	3.77347 1.73603,
	3.7802 1.73351,
	3.78694 1.73266,
	3.79031 1.73182,
	3.81304 1.70488,
	3.82651 1.69478,
	3.83325 1.69057,
	3.83998 1.68888,
	3.84166 1.6872,
	3.8484 1.68552,
	3.86187 1.67794,
	3.87534 1.66615,
	3.88881 1.65858,
	3.90228 1.64847,
	3.91575 1.63669,
	3.92249 1.62995,
	3.92922 1.62574,
	3.94269 1.62069,
	3.95617 1.61985,
	3.96964 1.61732,
	3.99658 1.61648,
	4.01005 1.61564,
	4.02352 1.61311,
	4.03025 1.61143,
	4.0572 1.5988,
	4.07067 1.59206,
	4.09761 1.58617,
	4.10098 1.58617,
	4.10434 1.58449,
	4.11108 1.58364,
	4.11445 1.58196,
	4.12118 1.58112,
	4.12792 1.57859,
	4.15486 1.57859,
	4.16833 1.57944,
	4.19527 1.58364,
	4.20874 1.5887,
	4.21548 1.59122,
	4.22221 1.59122,
	4.22895 1.59375,
	4.23568 1.59459,
	4.26262 1.60553,
	4.27609 1.61311,
	4.28283 1.61816,
	4.29293 1.63163,
	4.29546 1.635,
	4.29714 1.63669,
	4.29714 1.63837,
	4.30219 1.6451,
	4.31819 1.67205,
	4.3224 1.67878,
	4.32913 1.68467,
	4.3325 1.6872,
	4.33419 1.6872,
	4.33587 1.68888,
	4.33755 1.68888,
	4.34092 1.69141,
	4.34261 1.69141,
	4.34597 1.69394,
	4.34934 1.69478,
	4.36281 1.7032,
	4.37376 1.71667,
	4.37797 1.7234,
	4.38049 1.72677,
	4.38723 1.73014,
	4.39059 1.73182,
	4.40659 1.75876,
	4.4108 1.77223,
	4.4108 1.7857,
	4.40827 1.81265,
	4.40659 1.82612,
	4.40659 1.83285,
	4.4007 1.85979,
	4.39565 1.87326,
	4.39228 1.88,
	4.38218 1.89347,
	4.35608 1.9162,
	4.34261 1.92462,
	4.32998 1.93557,
	4.32408 1.9423,
	4.32072 1.94904,
	4.31819 1.9524,
	4.31566 1.95914,
	4.31482 1.96587,
	4.31566 1.97261,
	4.31566 1.97598,
	4.31735 1.97935,
	4.32072 2.00629,
	4.31987 2.03323,
	4.31987 2.03996,
	4.31735 2.0467,
	4.31819 2.05007,
	4.32072 2.05343,
	4.31987 2.06017,
	4.31651 2.0669,
	4.29209 2.09385,
	4.28535 2.10058,
	4.26683 2.12752,
	4.24578 2.15446,
	4.23484 2.16793,
	4.22979 2.17467,
	4.21884 2.20161,
	4.21295 2.21508,
	4.20537 2.24202,
	4.19948 2.25549,
	4.18601 2.26896,
	4.17254 2.27991,
	4.15907 2.28917,
	4.15233 2.29338,
	4.14896 2.29506,
	4.13634 2.30853,
	4.12623 2.32201,
	4.11276 2.33042,
	4.09929 2.33295,
	4.09256 2.33463,
	4.08919 2.33463,
	4.08245 2.33716,
	4.06898 2.33884,
	4.04204 2.35147,
	4.02857 2.35737,
	4.0151 2.36158,
	4.00836 2.36242,
	3.99489 2.36747,
	3.94101 2.36915,
	3.92754 2.36999,
	3.91407 2.37505,
	3.86019 2.40115,
	3.84672 2.40367,
	3.81978 2.40283,
	3.8063 2.40199,
	3.79957 2.40199,
	3.77263 2.39525,
	3.75916 2.38936,
	3.75242 2.38599,
	3.73895 2.38431,
	3.73222 2.38347,
	3.71875 2.37589,
	3.71201 2.37168,
	3.69854 2.35905,
	3.6918 2.35231,
	3.67749 2.32537,
	3.67076 2.3119,
	3.65476 2.25802,
	3.65308 2.25128,
	3.65223 2.22434,
	3.65223 2.21761,
	3.65476 2.20414,
	3.65981 2.19067,
	3.66234 2.1772,
	3.66318 2.16373,
	3.65729 2.15025,
	3.65392 2.14352,
	3.65223 2.14015,
	3.64802 2.08627,
	3.64213 2.05933,
	3.63287 2.03239,
	3.63034 2.02565,
	3.6295 1.99871,
	3.6295 1.99197,
	3.6295 1.99113,
	"/>
</Transform>

<Transform dim="0"
 xcoef=" 0 1 0 0 0 0"
 ycoef=" 0 0 1 0 0 0">
<Contour name="d01" hidden="false" closed="true" simplified="true" border="1 0.5 0" fill="1 0.5 0" mode="9"
 points="4.34192 2.88619,
	4.37521 2.83077,
	4.39526 2.80297,
	4.40065 2.69353,
	4.40029 2.66622,
	4.41372 2.65224,
	4.41336 2.62492,
	4.42678 2.61095,
	4.45398 2.61033,
	4.50892 2.65007,
	4.53611 2.64945,
	4.59087 2.67552,
	4.64581 2.71526,
	4.65949 2.72178,
	4.6602 2.77642,
	4.68131 2.83059,
	4.68847 2.85776,
	4.70225 2.87112,
	4.75638 2.84937,
	4.7834 2.8351,
	4.83709 2.77921,
	4.94483 2.69476,
	5.04604 2.63095,
	5.07315 2.6235,
	5.12773 2.63591,
	5.23636 2.61976,
	5.29085 2.62536,
	5.34551 2.6446,
	5.36627 2.67145,
	5.42093 2.6907,
	5.47578 2.7236,
	5.50325 2.74347,
	5.51703 2.75682,
	5.62583 2.75434,
	5.67396 2.79424,
	5.70125 2.80044,
	5.74948 2.84717,
	5.76378 2.9015,
	5.84671 3.00208,
	5.89494 3.04881,
	5.9497 3.07489,
	6.00427 3.0873,
	6.03174 3.10717,
	6.04605 3.1615,
	6.09436 3.21506,
	6.12182 3.23492,
	6.13578 3.26193,
	6.12916 3.27575,
	6.02054 3.2919,
	5.91137 3.26706,
	5.85688 3.26148,
	5.82978 3.26893,
	5.81617 3.26924,
	5.79551 3.24922,
	5.74111 3.25046,
	5.68653 3.23804,
	5.46901 3.24985,
	5.41469 3.25793,
	5.39438 3.26523,
	5.34741 3.31412,
	5.23869 3.32345,
	5.18402 3.30419,
	5.12918 3.27129,
	5.01993 3.23963,
	4.99256 3.22659,
	4.96535 3.22721,
	4.95175 3.22752,
	4.87553 3.11995,
	4.86166 3.09977,
	4.80664 3.0532,
	4.79287 3.03985,
	4.76558 3.03364,
	4.71055 2.98707,
	4.60793 2.94159,
	4.49904 2.93725,
	4.44455 2.93167,
	4.38988 2.91241,
	4.36259 2.90621,
	4.349 2.90652,
	4.34201 2.89301,
	"/>
<Contour name="ax08" comment="LK bouton trace named after cfa" hidden="false" closed="true" simplified="true" border="0 1 1" fill="0.502 1 1" mode="9"
 points="4.63869 2.77481,
	4.64769 2.75881,
	4.65269 2.75081,
	4.65569 2.74281,
	4.65569 2.72682,
	4.65269 2.71882,
	4.64969 2.71482,
	4.64869 2.68282,
	4.64869 2.67882,
	4.65569 2.66282,
	4.66469 2.64782,
	4.66868 2.63982,
	4.67168 2.62382,
	4.67068 2.59183,
	4.67068 2.58383,
	4.67268 2.57583,
	4.67768 2.56783,
	4.68568 2.56083,
	4.69368 2.55683,
	4.70968 2.54483,
	4.71768 2.53783,
	4.72168 2.53383,
	4.72568 2.52583,
	4.72768 2.50983,
	4.72868 2.50183,
	4.73268 2.49383,
	4.73868 2.48583,
	4.74068 2.48183,
	4.74868 2.47783,
	4.78068 2.47483,
	4.79668 2.47483,
	4.80468 2.47483,
	4.83667 2.46583,
	4.84467 2.46583,
	4.85267 2.46083,
	4.86067 2.45383,
	4.86467 2.45183,
	4.87267 2.44484,
	4.88867 2.43484,
	4.90467 2.42284,
	4.91267 2.41784,
	4.92067 2.41484,
	4.93667 2.41384,
	4.95267 2.41484,
	4.96067 2.41784,
	4.97666 2.42784,
	4.99166 2.44184,
	5.00466 2.45783,
	5.01266 2.47383,
	5.01666 2.48183,
	5.03066 2.49683,
	5.03766 2.50483,
	5.04266 2.51283,
	5.04566 2.52083,
	5.04766 2.52483,
	5.04766 2.52883,
	5.04966 2.53083,
	5.05066 2.53883,
	5.05166 2.54283,
	5.05466 2.54683,
	5.05766 2.56283,
	5.05866 2.57883,
	5.05566 2.59482,
	5.04466 2.62682,
	5.03266 2.64282,
	5.01666 2.65482,
	5.00066 2.66482,
	4.98466 2.66982,
	4.98066 2.66982,
	4.96466 2.67582,
	4.96267 2.67582,
	4.96067 2.67782,
	4.94467 2.67982,
	4.92867 2.68382,
	4.91267 2.69082,
	4.89767 2.70682,
	4.88967 2.71482,
	4.86667 2.74681,
	4.85367 2.76281,
	4.83867 2.77881,
	4.83367 2.78681,
	4.82067 2.80281,
	4.81767 2.80681,
	4.81468 2.81481,
	4.79268 2.84681,
	4.78068 2.86281,
	4.77368 2.87081,
	4.75768 2.88281,
	4.75368 2.88481,
	4.73768 2.88581,
	4.72968 2.88581,
	4.71368 2.87881,
	4.69768 2.86981,
	4.68968 2.86281,
	4.67868 2.84681,
	4.66469 2.83081,
	4.64369 2.79881,
	4.64069 2.79081,
	4.63869 2.77581,
	"/>
</Transform>

<Transform dim="0"
 xcoef=" 0 1 0 0 0 0"
 ycoef=" 0 0 1 0 0 0">
<Contour name="d08" hidden="false" closed="true" simplified="true" border="1 0 0" fill="1 0 0" mode="9"
 points="4.69676 2.34114,
	4.73117 2.26936,
	4.75279 2.23336,
	4.77894 2.20614,
	4.79654 2.2013,
	4.82775 2.22277,
	4.84123 2.24021,
	4.84146 2.25795,
	4.85517 2.29314,
	4.86423 2.31068,
	4.88213 2.32802,
	4.88747 2.39889,
	4.88328 2.41674,
	4.88339 2.42561,
	4.85289 2.45737,
	4.78234 2.46786,
	4.71168 2.46947,
	4.69826 2.45646,
	4.69734 2.38549,
	4.69688 2.35001,
	4.69682 2.34557,
	"/>
<Contour name="d08cfa15ax26" hidden="false" closed="false" simplified="false" border="0 1 1" fill="0 1 1" mode="9"
 points="4.89852 2.37873,
	4.8699 2.27987,
	4.80741 2.20239,
	"/>
</Transform>

<Transform dim="0"
 xcoef=" 0 1 0 0 0 0"
 ycoef=" 0 0 1 0 0 0">
<Contour name="ax26" comment="LK bouton trace named after cfa" hidden="false" closed="true" simplified="true" border="0 1 1" fill="0.502 1 1" mode="9"
 points="4.83582 2.14597,
	4.84442 2.12631,
	4.85425 2.10664,
	4.8604 2.09681,
	4.86839 2.08698,
	4.87207 2.08206,
	4.87453 2.0796,
	4.88129 2.06977,
	4.89112 2.06117,
	4.91079 2.04826,
	4.93046 2.03413,
	4.93291 2.03351,
	4.94275 2.02552,
	4.96241 2.0077,
	4.97224 1.9991,
	4.98023 1.98927,
	4.9999 1.97022,
	5.00973 1.96161,
	5.04906 1.93887,
	5.05889 1.93334,
	5.06873 1.92904,
	5.07856 1.92966,
	5.08348 1.93089,
	5.09331 1.9358,
	5.11297 1.93642,
	5.12281 1.93764,
	5.13264 1.94072,
	5.14247 1.94686,
	5.14739 1.94932,
	5.15722 1.9567,
	5.16214 1.96038,
	5.17197 1.97022,
	5.17689 1.97513,
	5.21622 2.00647,
	5.25555 2.03659,
	5.25739 2.03904,
	5.25862 2.04027,
	5.27829 2.04089,
	5.28812 2.0415,
	5.29795 2.04335,
	5.30778 2.04642,
	5.31024 2.04642,
	5.31147 2.04642,
	5.31393 2.04888,
	5.31884 2.05072,
	5.32868 2.05748,
	5.33851 2.0667,
	5.34466 2.07653,
	5.35326 2.08636,
	5.37292 2.09865,
	5.38276 2.10541,
	5.39259 2.11463,
	5.40242 2.12201,
	5.41225 2.13123,
	5.42086 2.14106,
	5.42762 2.15028,
	5.43253 2.15273,
	5.44237 2.15581,
	5.44728 2.15765,
	5.4522 2.16072,
	5.4565 2.16502,
	5.45896 2.16994,
	5.46326 2.17486,
	5.48293 2.18899,
	5.48784 2.19268,
	5.50321 2.21234,
	5.50935 2.22218,
	5.5112 2.22709,
	5.51181 2.23693,
	5.51488 2.24676,
	5.51918 2.25659,
	5.52103 2.26151,
	5.52164 2.27134,
	5.52041 2.28117,
	5.51365 2.30084,
	5.50812 2.31067,
	5.50751 2.31313,
	5.50566 2.31559,
	5.49952 2.33525,
	5.49768 2.34509,
	5.49583 2.35,
	5.49583 2.35492,
	5.48846 2.37458,
	5.48354 2.38442,
	5.47125 2.40408,
	5.46879 2.409,
	5.46511 2.41391,
	5.46265 2.41637,
	5.46142 2.42129,
	5.45712 2.43112,
	5.45097 2.45079,
	5.44728 2.46062,
	5.43684 2.48028,
	5.43069 2.49012,
	5.42762 2.49503,
	5.42577 2.49995,
	5.42577 2.50978,
	5.42577 2.5147,
	5.42946 2.52453,
	5.43008 2.53436,
	5.42946 2.53928,
	5.42946 2.54174,
	5.42455 2.55157,
	5.40795 2.57124,
	5.40365 2.57615,
	5.38952 2.59582,
	5.37968 2.60504,
	5.36002 2.61671,
	5.3551 2.61917,
	5.34527 2.6204,
	5.33544 2.61978,
	5.33052 2.61978,
	5.32806 2.61978,
	5.3084 2.61118,
	5.28873 2.60811,
	5.2789 2.60749,
	5.25923 2.60012,
	5.25432 2.59705,
	5.25186 2.59459,
	5.25063 2.59336,
	5.25002 2.5909,
	5.24817 2.58844,
	5.23588 2.54911,
	5.23281 2.5442,
	5.22851 2.53436,
	5.22236 2.52453,
	5.21437 2.5147,
	5.21007 2.50978,
	5.20823 2.50732,
	5.20638 2.50241,
	5.2027 2.49749,
	5.19286 2.48766,
	5.18303 2.4809,
	5.1732 2.4766,
	5.16337 2.47414,
	5.15845 2.47352,
	5.15353 2.47168,
	5.1142 2.46738,
	5.09454 2.46861,
	5.07487 2.47107,
	5.06504 2.47168,
	5.04537 2.46984,
	5.04046 2.46922,
	5.02079 2.46308,
	5.01096 2.45816,
	5.00113 2.45202,
	4.99621 2.44833,
	4.99375 2.4471,
	4.98453 2.43727,
	4.9747 2.42866,
	4.95504 2.41514,
	4.9452 2.409,
	4.92554 2.39855,
	4.92124 2.39363,
	4.91878 2.39118,
	4.91448 2.38134,
	4.91263 2.37151,
	4.91263 2.36905,
	4.91079 2.36414,
	4.91018 2.35922,
	4.9071 2.34939,
	4.90649 2.34447,
	4.90649 2.34201,
	4.90219 2.33218,
	4.8899 2.29285,
	4.88559 2.27318,
	4.88498 2.26827,
	4.88252 2.26335,
	4.88129 2.26089,
	4.88129 2.25966,
	4.88006 2.25843,
	4.87945 2.25598,
	4.87822 2.25475,
	4.8776 2.25229,
	4.86962 2.24246,
	4.85057 2.22279,
	4.84381 2.21296,
	4.8395 2.20313,
	4.83827 2.19821,
	4.83582 2.15888,
	4.83582 2.14905,
	4.83582 2.14659,
	"/>
</Transform>

<Transform dim="0"
 xcoef=" 0 1 0 0 0 0"
 ycoef=" 0 0 1 0 0 0">
<Contour name="d08" hidden="false" closed="true" simplified="true" border="1 0 0" fill="1 0 0" mode="9"
 points="4.2347 3.15928,
	4.27358 3.09183,
	4.2952 3.05584,
	4.3038 3.0379,
	4.33873 3.00603,
	4.40934 2.99998,
	4.42706 3.00401,
	4.43601 3.01268,
	4.47145 3.02075,
	4.50283 3.05552,
	4.53845 3.0769,
	4.57424 3.11158,
	4.60968 3.11964,
	4.64501 3.11883,
	4.66268 3.11843,
	4.73409 3.17448,
	4.74751 3.18748,
	4.78295 3.19555,
	4.80073 3.20401,
	4.80956 3.20381,
	4.81851 3.21248,
	4.82316 3.23013,
	4.83211 3.2388,
	4.97349 3.24,
	5.04415 3.23838,
	5.07983 3.26419,
	5.11527 3.27225,
	5.13294 3.27185,
	5.15078 3.28476,
	5.22173 3.30531,
	5.29233 3.29927,
	5.43291 3.23837,
	5.57418 3.2307,
	5.64489 3.23352,
	5.68039 3.24602,
	5.96309 3.24399,
	6.10442 3.24076,
	6.17508 3.23914,
	6.19275 3.23874,
	6.22831 3.25567,
	6.25968 3.29046,
	6.26897 3.32574,
	6.26989 3.39672,
	6.27036 3.4322,
	6.27047 3.44107,
	6.2005 3.49592,
	6.18295 3.5052,
	6.17424 3.51428,
	6.16541 3.51448,
	6.15669 3.52355,
	6.12142 3.52879,
	6.10387 3.53807,
	6.06853 3.53887,
	6.05092 3.54372,
	5.98101 3.60299,
	5.94603 3.63043,
	5.92848 3.6397,
	5.85781 3.64132,
	5.82237 3.63325,
	5.80889 3.6158,
	5.79472 3.54514,
	5.76334 3.51036,
	5.7455 3.49745,
	5.67456 3.47689,
	5.63894 3.45552,
	5.6211 3.44262,
	5.33851 3.45351,
	5.26785 3.45513,
	5.23235 3.44263,
	5.21451 3.42973,
	5.20545 3.41219,
	5.16972 3.38194,
	5.13432 3.37832,
	5.09905 3.38356,
	5.08138 3.38396,
	5.07295 3.41522,
	5.07318 3.43296,
	5.06447 3.44203,
	5.03447 3.51371,
	5.03052 3.54931,
	5.02633 3.56715,
	4.99588 3.60334,
	4.98309 3.63913,
	4.98843 3.71,
	4.9975 3.72754,
	5.03311 3.74892,
	5.10383 3.75174,
	5.10429 3.78723,
	5.09557 3.7963,
	5.0603 3.80154,
	5.04275 3.81082,
	4.97209 3.81243,
	4.93676 3.81324,
	4.91909 3.81365,
	4.90154 3.82292,
	4.89271 3.82312,
	4.85778 3.85499,
	4.84918 3.87293,
	4.8493 3.8818,
	4.81437 3.91366,
	4.806 3.94935,
	4.80611 3.95822,
	4.78862 3.97194,
	4.77991 3.98101,
	4.76224 3.98142,
	4.69525 3.92526,
	4.67735 3.90792,
	4.64179 3.89099,
	4.6239 3.87365,
	4.60576 3.83856,
	4.57445 3.80822,
	4.43191 3.7183,
	4.36475 3.64883,
	4.31966 3.57887,
	4.30177 3.56153,
	4.28759 3.49086,
	4.28667 3.41988,
	4.25971 3.385,
	4.24624 3.36756,
	4.24578 3.33208,
	4.24555 3.31433,
	4.27158 3.27824,
	4.28019 3.2603,
	4.25764 3.22531,
	4.24416 3.20787,
	4.23522 3.1992,
	4.23476 3.16371,
	"/>
<Contour name="D12" hidden="false" closed="true" simplified="true" border="0.5 0 1" fill="0.5 0 1" mode="11"
 points="4.00538 3.70255,
	4.00779 3.68744,
	4.01519 3.67369,
	4.02685 3.66265,
	4.04163 3.65539,
	4.05808 3.65263,
	4.0746 3.65464,
	4.08956 3.66121,
	4.10149 3.67172,
	4.10924 3.68512,
	4.11205 3.70011,
	4.10964 3.71522,
	4.10224 3.72898,
	4.09058 3.74002,
	4.0758 3.74728,
	4.05934 3.75004,
	4.04284 3.74803,
	4.02788 3.74146,
	4.01593 3.73095,
	"/>
</Transform>

<Transform dim="0"
 xcoef=" 0 1 0 0 0 0"
 ycoef=" 0 0 1 0 0 0">
<Contour name="ax27" hidden="false" closed="true" simplified="true" border="0 0 1" fill="0 0 1" mode="11"
 points="3.62041 3.59465,
	3.62647 3.5704,
	3.63026 3.55828,
	3.64163 3.53403,
	3.64542 3.52797,
	3.65603 3.51585,
	3.66815 3.51054,
	3.68027 3.50675,
	3.70452 3.50524,
	3.71664 3.506,
	3.74089 3.51736,
	3.74695 3.52115,
	3.74998 3.52342,
	3.76211 3.52873,
	3.76817 3.53176,
	3.77423 3.53327,
	3.77726 3.53479,
	3.78939 3.53555,
	3.79545 3.53327,
	3.79848 3.53252,
	3.80984 3.52039,
	3.81439 3.51433,
	3.81818 3.50221,
	3.82954 3.47796,
	3.83333 3.4719,
	3.84318 3.45977,
	3.84849 3.45371,
	3.85531 3.44159,
	3.85834 3.43553,
	3.85985 3.41128,
	3.86061 3.40522,
	3.85682 3.39309,
	3.85607 3.36885,
	3.85985 3.3446,
	3.86819 3.32035,
	3.86895 3.30823,
	3.86667 3.28398,
	3.86743 3.25974,
	3.86819 3.24761,
	3.86895 3.24155,
	3.87955 3.2173,
	3.88334 3.21124,
	3.89547 3.20139,
	3.90759 3.19306,
	3.91062 3.19002,
	3.92274 3.18396,
	3.92881 3.18093,
	3.94093 3.17866,
	3.96518 3.18017,
	3.97124 3.18093,
	4.01973 3.20215,
	4.03186 3.20973,
	4.0561 3.2317,
	4.06823 3.24307,
	4.07429 3.24913,
	4.08338 3.26125,
	4.09399 3.27337,
	4.10611 3.28322,
	4.11824 3.2908,
	4.14249 3.30217,
	4.14552 3.30217,
	4.15764 3.30823,
	4.1637 3.31126,
	4.18795 3.32717,
	4.2122 3.34157,
	4.22432 3.3499,
	4.24857 3.37036,
	4.25463 3.37567,
	4.25766 3.3787,
	4.28191 3.38855,
	4.28797 3.39234,
	4.29706 3.40446,
	4.30085 3.41052,
	4.30237 3.42265,
	4.30312 3.42871,
	4.30085 3.44083,
	4.29933 3.44689,
	4.29782 3.44992,
	4.2857 3.46205,
	4.28039 3.46811,
	4.26827 3.4772,
	4.25614 3.48781,
	4.23341 3.51206,
	4.21295 3.5363,
	4.18871 3.56055,
	4.17658 3.56889,
	4.17052 3.57268,
	4.1584 3.57722,
	4.15234 3.5795,
	4.14021 3.58025,
	4.12809 3.58783,
	4.11596 3.59692,
	4.09399 3.61965,
	4.0849 3.63178,
	4.06444 3.65603,
	4.02049 3.70452,
	4.00837 3.71513,
	3.98412 3.7318,
	3.97806 3.73634,
	3.972 3.73938,
	3.96897 3.74165,
	3.96594 3.74241,
	3.9629 3.74468,
	3.95987 3.74544,
	3.95836 3.74544,
	3.95533 3.74771,
	3.9432 3.75074,
	3.93108 3.75226,
	3.91896 3.75226,
	3.89471 3.74998,
	3.88259 3.75074,
	3.85834 3.75453,
	3.83409 3.75453,
	3.80984 3.75226,
	3.79772 3.74923,
	3.7856 3.74468,
	3.76135 3.73938,
	3.75529 3.73862,
	3.74923 3.73634,
	3.7371 3.73483,
	3.73104 3.73331,
	3.72801 3.7318,
	3.71589 3.72952,
	3.69164 3.72119,
	3.66739 3.70679,
	3.65527 3.69922,
	3.64466 3.68709,
	3.63632 3.67497,
	3.62951 3.66285,
	3.6242 3.65072,
	3.62193 3.6386,
	3.62041 3.61435,
	3.62041 3.60223,
	3.62041 3.59617,
	3.62041 3.59541,
	"/>
</Transform>

<Transform dim="0"
 xcoef=" 0 1 0 0 0 0"
 ycoef=" 0 0 1 0 0 0">
<Contour name="d01c07ax02" hidden="false" closed="true" simplified="true" border="0 1 0" fill="0 1 0" mode="9"
 points="4.2975 2.83401,
	4.31994 2.73142,
	4.33116 2.68013,
	4.33597 2.65448,
	4.34078 2.64166,
	4.44337 2.6657,
	4.45619 2.6673,
	4.46902 2.67211,
	4.39528 2.87729,
	4.39207 2.87889,
	4.34078 2.85645,
	4.31513 2.84523,
	4.30231 2.84042,
	4.2975 2.83561,
	"/>
</Transform>

<Transform dim="6"
 xcoef=" 0.515664619471667 0.995415938352894 0.0179301198631745 0 0 0"
 ycoef=" -0.441476934921848 -0.00683317976243431 0.989425259343657 0 0 0">
<Image mag="0.00217507" contrast="0.917" brightness="0.12" red="true" green="true" blue="true"
 src="FHLTD.101.jpg" />
<Contour name="domain1" hidden="false" closed="true" simplified="false" border="1 0 1" fill="1 0 1" mode="11"
 points="0 0,
	4096 0,
	4096 4096,
	0 4096,
	"/>
</Transform>

<Transform dim="0"
 xcoef=" 0 1 0 0 0 0"
 ycoef=" 0 0 1 0 0 0">
<Contour name="d08c15ax26" hidden="false" closed="true" simplified="true" border="0 1 0" fill="0 1 0" mode="9"
 points="4.78071 2.22507,
	4.83295 2.17446,
	4.84601 2.16222,
	4.84683 2.1614,
	4.90968 2.26588,
	4.91213 2.26915,
	4.91703 2.29526,
	4.92437 2.3475,
	4.92845 2.37362,
	4.92519 2.37526,
	4.87295 2.38424,
	4.85989 2.38668,
	4.85662 2.3875,
	4.80765 2.28302,
	4.78316 2.23078,
	4.78153 2.22752,
	4.78071 2.22588,
	"/>
</Transform>

</Section>