<?xml version="1.0"?>
<!DOCTYPE Section SYSTEM "section.dtd">

<Section index="85" thickness="0.045" alignLocked="true">
<Transform dim="1"
 xcoef=" 3.36999999999997 1 0 0 0 0"
 ycoef=" 2.24 0 1 0 0 0">
<Contour name="D04" hidden="false" closed="true" simplified="true" border="1 0 0" fill="1 0 0" mode="11"
 points="5.46492 7.32996,
	5.46778 7.29096,
	5.47628 7.25281,
	5.49024 7.21634,
	5.50936 7.18235,
	5.53323 7.15158,
	5.56131 7.1247,
	5.59299 7.1023,
	5.6276 7.08487,
	5.66436 7.07278,
	5.70248 7.0663,
	5.74113 7.06558,
	5.77947 7.07063,
	5.81665 7.08133,
	5.85186 7.09746,
	5.88435 7.11866,
	5.91339 7.14447,
	5.93836 7.17432,
	5.95871 7.20758,
	5.97399 7.2435,
	5.98388 7.28131,
	5.98816 7.32018,
	5.98673 7.35926,
	5.97963 7.39771,
	5.96701 7.43467,
	5.94914 7.46936,
	5.92642 7.501,
	5.89934 7.52891,
	5.86849 7.55248,
	5.83455 7.57119,
	5.79825 7.58464,
	5.76039 7.59254,
	5.72179 7.59471,
	5.6833 7.5911,
	5.64576 7.58179,
	5.60998 7.56699,
	5.57674 7.54702,
	5.54678 7.52231,
	5.52073 7.49341,
	5.49918 7.46094,
	5.48259 7.42562,
	5.47133 7.3882,
	"/>
</Transform>

<Transform dim="1"
 xcoef=" 0.54 1 0 0 0 0"
 ycoef=" -0.13 0 1 0 0 0">
<Contour name="D05" hidden="false" closed="true" simplified="true" border="1 1 0" fill="1 1 0" mode="11"
 points="2.69299 3.97404,
	2.70475 3.90163,
	2.73888 3.83632,
	2.79205 3.78448,
	2.85904 3.7512,
	2.93329 3.73974,
	3.00755 3.7512,
	3.07454 3.78448,
	3.12771 3.83632,
	3.16184 3.90163,
	3.1736 3.97404,
	3.16184 4.04644,
	3.12771 4.11175,
	3.07454 4.16359,
	3.00755 4.19687,
	2.93329 4.20833,
	2.85904 4.19687,
	2.79205 4.16359,
	2.73888 4.11175,
	"/>
</Transform>

<Transform dim="0"
 xcoef=" 0 1 0 0 0 0"
 ycoef=" 0 0 1 0 0 0">
<Contour name="d01" hidden="false" closed="true" simplified="true" border="1 0.5 0" fill="1 0.5 0" mode="9"
 points="4.88482 3.11021,
	4.91458 3.08417,
	4.9183 3.07673,
	4.91086 3.06929,
	4.91458 3.03953,
	4.94435 3.02093,
	4.97411 3.01348,
	4.98155 3.00604,
	4.97411 3.00232,
	4.98527 2.98744,
	4.98527 2.97256,
	4.97039 2.9428,
	4.94063 2.92048,
	4.92947 2.89071,
	4.92575 2.83119,
	4.93691 2.77166,
	4.93319 2.7419,
	4.89598 2.68609,
	4.8997 2.65633,
	4.91086 2.62657,
	4.91086 2.61169,
	4.8997 2.58192,
	4.8997 2.55216,
	4.92202 2.5224,
	4.94807 2.46287,
	4.95551 2.44799,
	4.95923 2.44055,
	4.94063 2.41451,
	4.98155 2.29546,
	5.00759 2.26941,
	5.02247 2.26197,
	5.05224 2.26941,
	5.17129 2.26569,
	5.20105 2.25453,
	5.21593 2.24709,
	5.2643 2.18757,
	5.28662 2.16152,
	5.28662 2.15408,
	5.29406 2.14664,
	5.29778 2.13176,
	5.3201 2.10572,
	5.34987 2.08712,
	5.36475 2.07968,
	5.37219 2.07968,
	5.39079 2.06852,
	5.38707 2.0648,
	5.39823 2.05363,
	5.40567 2.04991,
	5.41683 2.07968,
	5.42055 2.09456,
	5.42799 2.102,
	5.43543 2.16152,
	5.43543 2.19129,
	5.46148 2.25081,
	5.48008 2.28058,
	5.50612 2.31034,
	5.53216 2.33266,
	5.54704 2.36242,
	5.55076 2.42195,
	5.56565 2.42939,
	5.59169 2.45543,
	5.60285 2.47031,
	5.63261 2.47403,
	5.64749 2.47403,
	5.66237 2.48892,
	5.68098 2.51496,
	5.69214 2.57448,
	5.7033 2.58936,
	5.69958 2.60425,
	5.69214 2.61169,
	5.71818 2.63773,
	5.72562 2.65261,
	5.7405 2.65633,
	5.75166 2.67121,
	5.74794 2.73074,
	5.73306 2.79026,
	5.72562 2.80514,
	5.6661 2.81631,
	5.63633 2.82003,
	5.61029 2.84235,
	5.59169 2.87211,
	5.4838 2.98744,
	5.46892 3.00232,
	5.46148 3.01721,
	5.43543 3.03581,
	5.42055 3.03953,
	5.37591 3.08789,
	5.34615 3.10649,
	5.31638 3.11393,
	5.3015 3.11765,
	5.27546 3.14742,
	5.26058 3.15858,
	5.2457 3.15858,
	5.18617 3.18462,
	5.12664 3.18462,
	5.1006 3.17346,
	5.04108 3.17718,
	4.98155 3.15486,
	4.95179 3.15114,
	4.93691 3.1437,
	4.92947 3.1437,
	4.8997 3.1251,
	4.88482 3.11765,
	4.88482 3.11393,
	"/>
</Transform>

<Transform dim="0"
 xcoef=" 0 1 0 0 0 0"
 ycoef=" 0 0 1 0 0 0">
<Contour name="d01" hidden="false" closed="true" simplified="true" border="1 0.5 0" fill="1 0.5 0" mode="9"
 points="6.29392 3.77298,
	6.29814 3.75612,
	6.36559 3.72661,
	6.39931 3.72239,
	6.43304 3.72661,
	6.50049 3.71396,
	6.52156 3.69288,
	6.53 3.62543,
	6.53 3.59171,
	6.47519 3.45681,
	6.45833 3.38936,
	6.4499 3.35563,
	6.4499 3.33877,
	6.44568 3.33034,
	6.4499 3.32191,
	6.46255 3.31769,
	6.49205 3.25024,
	6.50892 3.21652,
	6.54264 3.18279,
	6.5595 3.17015,
	6.56794 3.16593,
	6.63539 3.18701,
	6.6649 3.20809,
	6.68597 3.24181,
	6.69019 3.27554,
	6.69019 3.2924,
	6.66068 3.32612,
	6.64382 3.35985,
	6.63539 3.37671,
	6.64382 3.41044,
	6.68176 3.47789,
	6.6944 3.49475,
	6.69862 3.50318,
	6.73235 3.50318,
	6.74078 3.50318,
	6.76607 3.53691,
	6.7745 3.55377,
	6.74078 3.62122,
	6.7197 3.65494,
	6.71127 3.68867,
	6.65646 3.75612,
	6.61852 3.82357,
	6.58901 3.89102,
	6.54264 3.95425,
	6.50892 3.97111,
	6.46255 3.90788,
	6.44147 3.87415,
	6.41196 3.84043,
	6.34451 3.84043,
	6.34029 3.83621,
	6.35294 3.82357,
	6.31921 3.81092,
	6.30235 3.79406,
	6.29392 3.78563,
	6.29392 3.7772,
	"/>
</Transform>

<Transform dim="0"
 xcoef=" 0 1 0 0 0 0"
 ycoef=" 0 0 1 0 0 0">
<Contour name="d01c08" hidden="false" closed="true" simplified="true" border="0 1 0" fill="0 1 0" mode="9"
 points="6.39088 3.35985,
	6.3951 3.34299,
	6.42039 3.30926,
	6.43725 3.30926,
	6.47098 3.32612,
	6.48784 3.33456,
	6.5047 3.35142,
	6.55107 3.48632,
	6.57637 3.55377,
	6.58901 3.62122,
	6.58901 3.68867,
	6.58901 3.70553,
	6.56794 3.73925,
	6.54686 3.8067,
	6.53421 3.84043,
	6.5047 3.87415,
	6.48784 3.8868,
	6.47098 3.89102,
	6.46255 3.88259,
	6.44568 3.87837,
	6.42882 3.86572,
	6.42039 3.83621,
	6.41196 3.84886,
	6.40774 3.832,
	6.42882 3.79827,
	6.44568 3.73082,
	6.4499 3.66337,
	6.43725 3.59592,
	6.43304 3.52847,
	6.43304 3.49475,
	6.41617 3.46102,
	6.40774 3.44416,
	6.39931 3.43573,
	6.39088 3.40201,
	6.39088 3.36828,
	6.39088 3.36406,
	"/>
</Transform>

<Transform dim="0"
 xcoef=" 0 1 0 0 0 0"
 ycoef=" 0 0 1 0 0 0">
<Contour name="d01cfa08" hidden="false" closed="false" simplified="false" border="0 1 1" fill="0 1 1" mode="9"
 points="6.4433 3.32132,
	6.43908 3.32975,
	6.43487 3.3424,
	6.43908 3.36348,
	6.44751 3.38456,
	6.45595 3.3972,
	6.48124 3.44779,
	6.49389 3.47309,
	6.50232 3.49838,
	6.50653 3.52367,
	6.51918 3.57004,
	6.5234 3.60799,
	6.51918 3.63328,
	6.51075 3.66279,
	6.51496 3.69651,
	6.50232 3.76396,
	6.47281 3.81034,
	6.45173 3.86514,
	"/>
</Transform>

<Transform dim="0"
 xcoef=" 0 1 0 0 0 0"
 ycoef=" 0 0 1 0 0 0">
<Contour name="d02" hidden="false" closed="true" simplified="true" border="0.5 0 1" fill="0.5 0 1" mode="9"
 points="4.03487 6.32442,
	4.05989 6.30565,
	4.10993 6.29314,
	4.13496 6.28063,
	4.15372 6.25561,
	4.20377 6.23684,
	4.22879 6.22433,
	4.24756 6.17428,
	4.26007 6.14926,
	4.26007 6.13675,
	4.28509 6.11173,
	4.33513 6.0867,
	4.43522 6.06794,
	4.44148 6.06168,
	4.43522 6.04917,
	4.44774 6.02415,
	4.54157 5.96159,
	4.56034 5.94283,
	4.66043 5.91155,
	4.71047 5.89278,
	4.91065 5.87401,
	5.01074 5.85525,
	5.11083 5.84899,
	5.16087 5.83022,
	5.1859 5.81771,
	5.21092 5.81771,
	5.26096 5.79895,
	5.31101 5.79895,
	5.33603 5.8052,
	5.34854 5.81771,
	5.34854 5.86776,
	5.34229 5.89278,
	5.32352 5.9178,
	5.31726 5.96785,
	5.31726 5.99287,
	5.32352 6.00538,
	5.34229 5.99913,
	5.37356 5.94908,
	5.42361 5.94283,
	5.44863 5.99287,
	5.44863 6.01789,
	5.44863 6.0304,
	5.40484 6.08045,
	5.40484 6.09296,
	5.31101 6.18679,
	5.22969 6.28063,
	5.22343 6.30565,
	5.22969 6.33067,
	5.21092 6.34944,
	5.20466 6.3557,
	5.19841 6.33067,
	5.20466 6.28063,
	5.20466 6.25561,
	5.19841 6.24309,
	5.14836 6.23684,
	5.13585 6.23684,
	5.09206 6.27437,
	5.08581 6.32442,
	5.06704 6.34944,
	5.06078 6.37446,
	4.97946 6.4683,
	4.92942 6.50583,
	4.87937 6.5246,
	4.82933 6.51834,
	4.81056 6.49332,
	4.71047 6.47455,
	4.68545 6.47455,
	4.67294 6.47455,
	4.66043 6.49957,
	4.65417 6.51209,
	4.60413 6.51834,
	4.5791 6.51834,
	4.56659 6.51834,
	4.54157 6.49332,
	4.51655 6.48081,
	4.50404 6.4683,
	4.40395 6.45578,
	4.30386 6.45578,
	4.20377 6.43702,
	4.15372 6.43076,
	4.10368 6.44953,
	4.07865 6.4683,
	4.05989 6.44953,
	4.05363 6.39948,
	4.03487 6.34944,
	4.03487 6.33067,
	"/>
</Transform>

<Transform dim="0"
 xcoef=" 0 1 0 0 0 0"
 ycoef=" 0 0 1 0 0 0">
<Contour name="d02" hidden="false" closed="true" simplified="true" border="0.5 0 1" fill="0.5 0 1" mode="9"
 points="3.89076 6.25627,
	3.90903 6.238,
	3.94099 6.21517,
	3.95926 6.20147,
	3.97753 6.16494,
	3.98666 6.1284,
	4.01406 6.09187,
	4.04603 6.06904,
	4.05516 6.0599,
	4.07342 6.06447,
	4.10539 6.0873,
	4.12366 6.08274,
	4.14192 6.0873,
	4.19672 6.16037,
	4.21956 6.1969,
	4.21499 6.23344,
	4.19672 6.24714,
	4.18759 6.25627,
	4.15106 6.26997,
	4.11452 6.29737,
	4.07799 6.31107,
	3.93186 6.29737,
	3.91359 6.2928,
	3.89533 6.2791,
	3.89076 6.26084,
	"/>
</Transform>

<Transform dim="0"
 xcoef=" 0 1 0 0 0 0"
 ycoef=" 0 0 1 0 0 0">
<Contour name="d03" hidden="false" closed="true" simplified="true" border="0 1 0" fill="0 1 0" mode="9"
 points="2.41185 2.67689,
	2.42588 2.65194,
	2.43212 2.63947,
	2.43524 2.63324,
	2.43835 2.63012,
	2.48824 2.64259,
	2.53813 2.6613,
	2.58802 2.66442,
	2.63791 2.67221,
	2.64415 2.67377,
	2.65194 2.68468,
	2.65506 2.69092,
	2.65662 2.69404,
	2.60673 2.72054,
	2.58179 2.73301,
	2.55684 2.73457,
	2.5319 2.73301,
	2.51942 2.73301,
	2.51319 2.73301,
	2.50695 2.7299,
	2.48201 2.70807,
	2.47577 2.70339,
	2.42588 2.69872,
	2.41809 2.68624,
	2.41341 2.68001,
	2.41341 2.67845,
	"/>
</Transform>

<Transform dim="0"
 xcoef=" 0 1 0 0 0 0"
 ycoef=" 0 0 1 0 0 0">
<Contour name="d03" hidden="false" closed="true" simplified="true" border="0 1 0" fill="0 1 0" mode="9"
 points="2.63624 3.13632,
	2.63914 3.1132,
	2.64347 3.10163,
	2.66226 3.07851,
	2.70562 3.03226,
	2.7273 3.01058,
	2.75042 2.99757,
	2.77355 2.99757,
	2.78511 2.99757,
	2.83136 3.01058,
	2.85449 3.01925,
	2.86605 3.02214,
	2.87761 3.02792,
	2.90074 3.04382,
	2.90652 3.04816,
	2.91374 3.07128,
	2.92386 3.11753,
	2.92675 3.1291,
	2.92531 3.15222,
	2.92386 3.16378,
	2.90507 3.18691,
	2.89496 3.19702,
	2.87183 3.20859,
	2.86027 3.21292,
	2.83714 3.21148,
	2.82558 3.21148,
	2.77933 3.19847,
	2.75621 3.18835,
	2.75042 3.18691,
	2.70417 3.19269,
	2.69261 3.19413,
	2.66949 3.18546,
	2.65792 3.18113,
	2.64492 3.158,
	2.63914 3.14644,
	2.63624 3.14066,
	2.63624 3.13777,
	"/>
</Transform>

<Transform dim="0"
 xcoef=" 0 1 0 0 0 0"
 ycoef=" 0 0 1 0 0 0">
<Contour name="d03p06" hidden="false" closed="true" simplified="false" border="0 0 1" fill="0 0 1" mode="9"
 points="3.0762 3.053,
	3.04129 3.01809,
	3.0762 2.98318,
	3.11111 3.01809,
	"/>
</Transform>

<Transform dim="0"
 xcoef=" 0 1 0 0 0 0"
 ycoef=" 0 0 1 0 0 0">
<Contour name="d06" hidden="false" closed="true" simplified="true" border="0 0 1" fill="0 0 1" mode="9"
 points="2.04824 7.41824,
	2.05381 7.40709,
	2.07332 7.38758,
	2.08446 7.37644,
	2.12626 7.35135,
	2.12905 7.32906,
	2.13462 7.31791,
	2.15692 7.30398,
	2.2015 7.28726,
	2.20708 7.28169,
	2.29625 7.2789,
	2.3074 7.27611,
	2.34641 7.23989,
	2.36871 7.22595,
	2.45788 7.22317,
	2.54706 7.23431,
	2.5582 7.23431,
	2.60279 7.20645,
	2.64738 7.18973,
	2.69197 7.20087,
	2.71426 7.20645,
	2.72541 7.20923,
	2.7477 7.22317,
	2.75327 7.22874,
	2.75606 7.27333,
	2.75606 7.29562,
	2.75049 7.31791,
	2.75049 7.32906,
	2.74491 7.34021,
	2.74491 7.35135,
	2.74491 7.35693,
	2.76721 7.37922,
	2.78114 7.40152,
	2.80065 7.42381,
	2.80065 7.4461,
	2.7895 7.4684,
	2.78672 7.47954,
	2.77278 7.50184,
	2.75049 7.51577,
	2.73934 7.52413,
	2.72541 7.54642,
	2.71705 7.55757,
	2.71426 7.56872,
	2.71705 7.57987,
	2.77557 7.66904,
	2.77557 7.69133,
	2.76999 7.70248,
	2.75049 7.71641,
	2.74491 7.72199,
	2.73934 7.72199,
	2.69475 7.761,
	2.67246 7.77494,
	2.65017 7.79444,
	2.62787 7.80559,
	2.6223 7.81116,
	2.57771 7.8251,
	2.48854 7.82788,
	2.44395 7.8251,
	2.42166 7.81952,
	2.41051 7.81952,
	2.36592 7.80002,
	2.32133 7.77215,
	2.31019 7.76658,
	2.28789 7.74428,
	2.27675 7.73871,
	2.23773 7.69691,
	2.21823 7.6774,
	2.19593 7.63281,
	2.19036 7.62167,
	2.182 7.61609,
	2.14577 7.57987,
	2.12626 7.56315,
	2.08168 7.52134,
	2.06217 7.49905,
	2.0566 7.4879,
	2.05102 7.48233,
	2.04824 7.43774,
	2.04824 7.4266,
	2.04824 7.42102,
	"/>
</Transform>

<Transform dim="0"
 xcoef=" 0 1 0 0 0 0"
 ycoef=" 0 0 1 0 0 0">
<Contour name="d06" hidden="false" closed="true" simplified="true" border="0 0 1" fill="0 0 1" mode="9"
 points="4.14942 7.49069,
	4.15499 7.47954,
	4.17729 7.46561,
	4.21909 7.42938,
	4.26367 7.4043,
	4.28597 7.38758,
	4.29154 7.3848,
	4.31384 7.39594,
	4.31941 7.39594,
	4.32777 7.40709,
	4.32777 7.42938,
	4.32777 7.44053,
	4.28597 7.47118,
	4.26646 7.4879,
	4.2581 7.5102,
	4.23581 7.5297,
	4.21351 7.54364,
	4.19122 7.54921,
	4.16893 7.54921,
	4.15778 7.53806,
	4.14942 7.51577,
	4.14942 7.49348,
	"/>
</Transform>

<Transform dim="0"
 xcoef=" 0 1 0 0 0 0"
 ycoef=" 0 0 1 0 0 0">
<Contour name="d07" hidden="false" closed="true" simplified="true" border="1 0 1" fill="1 0 1" mode="9"
 points="2.5686 7.85045,
	2.57737 7.84169,
	2.6475 7.84169,
	2.68257 7.84169,
	2.71763 7.82854,
	2.78777 7.7847,
	2.84475 7.72334,
	2.86666 7.68827,
	2.87981 7.67074,
	2.8842 7.65321,
	2.90611 7.61814,
	2.92365 7.60061,
	2.94118 7.59184,
	2.95871 7.59184,
	2.99378 7.56992,
	3.02008 7.53486,
	3.01131 7.52171,
	3.02885 7.48664,
	3.05515 7.45157,
	3.07268 7.43404,
	3.08145 7.39898,
	3.07706 7.32884,
	3.05076 7.29378,
	3.03761 7.28063,
	2.96748 7.28063,
	2.93241 7.26748,
	2.90611 7.23679,
	2.90611 7.20173,
	2.90611 7.18419,
	2.94118 7.11406,
	2.95433 7.09653,
	2.95871 7.08776,
	3.02885 7.08776,
	3.06391 7.08776,
	3.13404 7.11406,
	3.15158 7.11406,
	3.18664 7.1316,
	3.22171 7.14036,
	3.25239 7.16228,
	3.31814 7.21926,
	3.35321 7.21926,
	3.37074 7.21926,
	3.40581 7.24556,
	3.42334 7.26309,
	3.45841 7.27624,
	3.52854 7.27624,
	3.56361 7.27624,
	3.58114 7.27624,
	3.59867 7.28939,
	3.60744 7.30254,
	3.62497 7.31569,
	3.63374 7.33323,
	3.65127 7.33323,
	3.7214 7.36391,
	3.75647 7.38583,
	3.774 7.39459,
	3.80907 7.39898,
	3.84414 7.41651,
	3.85729 7.43404,
	3.89235 7.45596,
	4.03262 7.46472,
	4.05015 7.47349,
	4.05892 7.47349,
	4.12905 7.51294,
	4.19918 7.53486,
	4.23425 7.53924,
	4.25178 7.55677,
	4.31753 7.60061,
	4.31315 7.63567,
	4.31315 7.65321,
	4.31315 7.66197,
	4.27808 7.69704,
	4.26055 7.72772,
	4.22986 7.7584,
	4.2211 7.7584,
	4.20356 7.77155,
	4.1685 7.78032,
	4.13343 7.79785,
	4.12467 7.80662,
	4.05453 7.81977,
	4.01947 7.83292,
	4.0107 7.84169,
	4.00193 7.84169,
	3.99317 7.85045,
	3.92303 7.85045,
	3.88797 7.84607,
	3.87044 7.84607,
	3.8529 7.83292,
	3.84414 7.82415,
	3.70387 7.82415,
	3.6688 7.82854,
	3.65127 7.82854,
	3.58114 7.85045,
	3.54607 7.86799,
	3.47594 7.88114,
	3.33568 7.88114,
	3.30061 7.88114,
	3.28308 7.88114,
	3.26554 7.87237,
	3.25678 7.87237,
	3.24801 7.8636,
	3.23048 7.85922,
	3.19979 7.82854,
	3.12966 7.78909,
	3.11213 7.78032,
	3.07706 7.78032,
	3.05953 7.78032,
	3.02446 7.80224,
	2.95433 7.8636,
	2.93241 7.89867,
	2.92803 7.9162,
	2.90173 7.94689,
	2.86666 7.95565,
	2.79653 7.96004,
	2.78338 7.97319,
	2.76585 7.97757,
	2.74832 7.97319,
	2.67818 7.90744,
	2.64312 7.89429,
	2.60805 7.89429,
	2.59052 7.89429,
	2.58175 7.89429,
	2.5686 7.87675,
	2.5686 7.85922,
	2.5686 7.85484,
	"/>
<Contour name="d07" hidden="false" closed="true" simplified="true" border="1 0 1" fill="1 0 1" mode="9"
 points="2.8842 8.13975,
	2.89296 8.12222,
	2.9105 8.10468,
	2.92803 8.09592,
	2.9631 8.09592,
	2.98063 8.1003,
	2.9894 8.13537,
	3.00693 8.17043,
	3.00693 8.24057,
	3.00693 8.27563,
	2.97186 8.28878,
	2.91488 8.21865,
	2.9105 8.20112,
	2.8842 8.17043,
	2.8842 8.1529,
	2.8842 8.14413,
	"/>
</Transform>

<Transform dim="0"
 xcoef=" 0 1 0 0 0 0"
 ycoef=" 0 0 1 0 0 0">
<Contour name="d08" hidden="false" closed="true" simplified="true" border="1 0 0" fill="1 0 0" mode="9"
 points="5.04031 3.87648,
	5.07572 3.80568,
	5.07572 3.73488,
	5.07572 3.69948,
	5.07129 3.68177,
	5.07129 3.67292,
	5.05359 3.65522,
	5.04916 3.61982,
	5.04916 3.60212,
	5.08014 3.57114,
	5.09784 3.55787,
	5.13767 3.49149,
	5.15537 3.47821,
	5.19077 3.47379,
	5.20847 3.47379,
	5.24387 3.50919,
	5.26157 3.52689,
	5.27485 3.56229,
	5.27485 3.57999,
	5.34565 3.58442,
	5.41646 3.55787,
	5.45186 3.54459,
	5.46956 3.54017,
	5.47841 3.53574,
	5.61117 3.6685,
	5.62444 3.6862,
	5.63329 3.7216,
	5.62887 3.7924,
	5.60674 3.86321,
	5.57134 3.88976,
	5.56691 3.92516,
	5.56691 3.94286,
	5.58461 3.95171,
	5.62002 3.98711,
	5.62444 4.02252,
	5.61117 4.04022,
	5.60232 4.04907,
	5.59346 4.04907,
	5.57576 4.06677,
	5.50496 4.06677,
	5.46956 4.04907,
	5.39876 4.04464,
	5.36335 4.04464,
	5.3545 4.04464,
	5.3368 4.06234,
	5.3014 4.07119,
	5.2837 4.07119,
	5.266 4.08004,
	5.12439 4.07562,
	5.10669 4.07119,
	5.08899 4.05792,
	5.07129 4.02252,
	5.07129 4.00481,
	5.04916 3.96941,
	5.04031 3.95171,
	5.04031 3.88091,
	"/>
<Contour name="d08" hidden="false" closed="true" simplified="true" border="1 0 0" fill="1 0 0" mode="9"
 points="5.08899 3.22155,
	5.09342 3.20385,
	5.09342 3.195,
	5.11112 3.18173,
	5.14652 3.18173,
	5.18192 3.19058,
	5.2129 3.22155,
	5.2306 3.2304,
	5.23945 3.23925,
	5.23502 3.31006,
	5.22175 3.32333,
	5.2129 3.32333,
	5.1952 3.33661,
	5.15979 3.34103,
	5.14209 3.34103,
	5.12439 3.33218,
	5.09342 3.29678,
	5.08899 3.22598,
	"/>
</Transform>

<Transform dim="0"
 xcoef=" 0 1 0 0 0 0"
 ycoef=" 0 0 1 0 0 0">
<Contour name="d08p11" hidden="false" closed="true" simplified="false" border="1 0.5 0" fill="1 0.5 0" mode="13"
 points="5.1689 3.57159,
	5.1689 3.56374,
	5.17676 3.55588,
	5.18461 3.55588,
	5.19247 3.56374,
	5.19247 3.57159,
	5.18461 3.57945,
	5.17676 3.57945,
	"/>
</Transform>

<Transform dim="0"
 xcoef=" 0 1 0 0 0 0"
 ycoef=" 0 0 1 0 0 0">
<Contour name="D05" hidden="false" closed="true" simplified="true" border="1 1 0" fill="1 1 0" mode="11"
 points="2.40375 4.01491,
	2.40586 3.98544,
	2.41214 3.95656,
	2.42247 3.92888,
	2.43663 3.90294,
	2.45434 3.87928,
	2.47523 3.85839,
	2.49889 3.84068,
	2.52483 3.82652,
	2.55251 3.81619,
	2.58139 3.80991,
	2.61086 3.8078,
	2.64034 3.80991,
	2.66921 3.81619,
	2.6969 3.82652,
	2.72284 3.84068,
	2.74649 3.85839,
	2.76739 3.87928,
	2.7851 3.90294,
	2.79926 3.92888,
	2.80958 3.95656,
	2.81587 3.98544,
	2.81797 4.01491,
	2.81587 4.04439,
	2.80958 4.07326,
	2.79926 4.10095,
	2.7851 4.12689,
	2.76739 4.15054,
	2.74649 4.17144,
	2.72284 4.18915,
	2.6969 4.20331,
	2.66921 4.21364,
	2.64034 4.21992,
	2.61086 4.22202,
	2.58139 4.21992,
	2.55251 4.21364,
	2.52483 4.20331,
	2.49889 4.18915,
	2.47523 4.17144,
	2.45434 4.15054,
	2.43663 4.12689,
	2.42247 4.10095,
	2.41214 4.07326,
	2.40586 4.04439,
	"/>
<Contour name="D05" hidden="false" closed="true" simplified="true" border="1 1 0" fill="1 1 0" mode="11"
 points="4.71022 3.8078,
	4.71432 3.77796,
	4.72631 3.75043,
	4.74526 3.72735,
	4.7697 3.7105,
	4.79774 3.70118,
	4.8272 3.70013,
	4.8558 3.70742,
	4.88133 3.72249,
	4.90181 3.74417,
	4.91565 3.77077,
	4.92178 3.80025,
	4.91972 3.83031,
	4.90964 3.85863,
	4.89231 3.88301,
	4.86908 3.90156,
	4.84175 3.91285,
	4.81243 3.916,
	4.7834 3.91077,
	4.75691 3.89756,
	4.735 3.87739,
	4.71938 3.85184,
	"/>
</Transform>

<Transform dim="0"
 xcoef=" 0 1 0 0 0 0"
 ycoef=" 0 0 1 0 0 0">
<Contour name="D11" hidden="false" closed="true" simplified="true" border="1 0.5 0" fill="1 0.5 0" mode="11"
 points="4.7575 5.34937,
	4.76071 5.32835,
	4.77003 5.30938,
	4.78454 5.29433,
	4.80283 5.28467,
	4.8231 5.28134,
	4.84337 5.28467,
	4.86165 5.29433,
	4.87616 5.30938,
	4.88548 5.32835,
	4.88869 5.34937,
	4.88548 5.37039,
	4.87616 5.38935,
	4.86165 5.4044,
	4.84337 5.41406,
	4.8231 5.41739,
	4.80283 5.41406,
	4.78454 5.4044,
	4.77003 5.38935,
	"/>
<Contour name="D11" hidden="false" closed="true" simplified="true" border="1 0.5 0" fill="1 0.5 0" mode="11"
 points="5.55434 4.12253,
	5.56136 4.09247,
	5.58176 4.06522,
	5.61365 4.04331,
	5.65405 4.02878,
	5.69919 4.02299,
	5.74488 4.02648,
	5.78684 4.03892,
	5.82117 4.05915,
	5.84467 4.08529,
	5.85514 4.1149,
	5.85162 4.14522,
	5.83443 4.17343,
	5.80518 4.19689,
	5.76658 4.21342,
	5.72224 4.22147,
	5.67629 4.22031,
	5.63301 4.21003,
	5.59644 4.19159,
	5.56998 4.16672,
	"/>
</Transform>

<Transform dim="0"
 xcoef=" 0 1 0 0 0 0"
 ycoef=" 0 0 1 0 0 0">
<Contour name="D05" hidden="false" closed="true" simplified="true" border="1 1 0" fill="1 1 0" mode="11"
 points="3.21727 4.53309,
	3.22013 4.52258,
	3.22841 4.5131,
	3.24131 4.50558,
	3.25756 4.50074,
	3.27558 4.49908,
	3.29359 4.50074,
	3.30985 4.50558,
	3.32275 4.5131,
	3.33103 4.52258,
	3.33388 4.53309,
	3.33103 4.5436,
	3.32275 4.55308,
	3.30985 4.56061,
	3.29359 4.56544,
	3.27558 4.5671,
	3.25756 4.56544,
	3.24131 4.56061,
	3.22841 4.55308,
	"/>
</Transform>

<Transform dim="0"
 xcoef=" 0 1 0 0 0 0"
 ycoef=" 0 0 1 0 0 0">
<Contour name="D05" hidden="false" closed="true" simplified="true" border="1 1 0" fill="1 1 0" mode="11"
 points="4.67673 4.64509,
	4.67826 4.62993,
	4.68272 4.61625,
	4.68965 4.60539,
	4.69839 4.59842,
	4.70808 4.59602,
	4.71777 4.59842,
	4.72651 4.60539,
	4.73345 4.61625,
	4.7379 4.62993,
	4.73944 4.64509,
	4.7379 4.66026,
	4.73345 4.67394,
	4.72651 4.6848,
	4.71777 4.69177,
	4.70808 4.69417,
	4.69839 4.69177,
	4.68965 4.6848,
	4.68272 4.67394,
	"/>
</Transform>

<Transform dim="0"
 xcoef=" 0 1 0 0 0 0"
 ycoef=" 0 0 1 0 0 0">
<Contour name="D16" hidden="false" closed="true" simplified="true" border="0 0 1" fill="0 0 1" mode="11"
 points="2.04158 2.11812,
	2.04509 2.09311,
	2.05545 2.06919,
	2.07221 2.04741,
	2.09465 2.02872,
	2.12177 2.01394,
	2.1524 2.00372,
	2.1852 1.99849,
	2.21873 1.99849,
	2.25153 2.00372,
	2.28216 2.01394,
	2.30928 2.02872,
	2.33172 2.04741,
	2.34848 2.06919,
	2.35885 2.09311,
	2.36235 2.11812,
	2.35885 2.14313,
	2.34848 2.16704,
	2.33172 2.18882,
	2.30928 2.20751,
	2.28216 2.22229,
	2.25153 2.23252,
	2.21873 2.23775,
	2.1852 2.23775,
	2.1524 2.23252,
	2.12177 2.22229,
	2.09465 2.20751,
	2.07221 2.18882,
	2.05545 2.16704,
	2.04509 2.14313,
	"/>
</Transform>

<Transform dim="0"
 xcoef=" 0 1 0 0 0 0"
 ycoef=" 0 0 1 0 0 0">
<Contour name="D19" hidden="false" closed="true" simplified="true" border="0 1 0" fill="0 1 0" mode="11"
 points="2.27506 5.98622,
	2.27875 5.96917,
	2.28946 5.95379,
	2.30615 5.94158,
	2.32717 5.93374,
	2.35047 5.93104,
	2.37377 5.93374,
	2.3948 5.94158,
	2.41148 5.95379,
	2.42219 5.96917,
	2.42588 5.98622,
	2.42219 6.00327,
	2.41148 6.01865,
	2.3948 6.03086,
	2.37377 6.0387,
	2.35047 6.0414,
	2.32717 6.0387,
	2.30615 6.03086,
	2.28946 6.01865,
	"/>
</Transform>

<Transform dim="0"
 xcoef=" 0 1 0 0 0 0"
 ycoef=" 0 0 1 0 0 0">
<Contour name="d07p12" hidden="false" closed="true" simplified="false" border="0.5 0 1" fill="0.5 0 1" mode="9"
 points="3.96577 7.81088,
	3.95833 7.8084,
	3.96577 7.80592,
	3.96081 7.79847,
	3.96825 7.80343,
	3.97074 7.79599,
	3.97322 7.80343,
	3.98066 7.79847,
	3.9757 7.80592,
	3.98314 7.8084,
	3.9757 7.81088,
	3.98066 7.81832,
	3.97322 7.81336,
	3.97074 7.8208,
	3.96825 7.81336,
	3.96081 7.81832,
	"/>
</Transform>

<Transform dim="0"
 xcoef=" 0 1 0 0 0 0"
 ycoef=" 0 0 1 0 0 0">
<Contour name="d07p14b" hidden="false" closed="true" simplified="false" border="1 0 0" fill="1 0 0" mode="-13"
 points="3.10965 7.64958,
	3.12206 7.63221,
	3.10965 7.61484,
	3.1171 7.61484,
	3.12702 7.62973,
	3.13695 7.61484,
	3.14439 7.61484,
	3.13199 7.63221,
	3.14439 7.64958,
	3.13695 7.64958,
	3.12702 7.63469,
	3.1171 7.64958,
	"/>
<Contour name="d07p14a" hidden="false" closed="true" simplified="false" border="1 0 0" fill="1 0 0" mode="-13"
 points="3.10965 7.64958,
	3.12206 7.63221,
	3.10965 7.61484,
	3.1171 7.61484,
	3.12702 7.62973,
	3.13695 7.61484,
	3.14439 7.61484,
	3.13199 7.63221,
	3.14439 7.64958,
	3.13695 7.64958,
	3.12702 7.63469,
	3.1171 7.64958,
	"/>
</Transform>

<Transform dim="0"
 xcoef=" 0 1 0 0 0 0"
 ycoef=" 0 0 1 0 0 0">
<Contour name="d07p15a" hidden="false" closed="true" simplified="false" border="1 1 0" fill="1 1 0" mode="-13"
 points="3.15184 7.21532,
	3.15184 7.17561,
	3.11213 7.17561,
	3.11213 7.21035,
	3.10717 7.21532,
	3.10717 7.17065,
	3.1568 7.17065,
	3.1568 7.22028,
	3.10717 7.22028,
	3.11213 7.21532,
	"/>
<Contour name="d07p15b" hidden="false" closed="true" simplified="false" border="1 1 0" fill="1 1 0" mode="-13"
 points="3.15184 7.21532,
	3.15184 7.17561,
	3.11213 7.17561,
	3.11213 7.21035,
	3.10717 7.21532,
	3.10717 7.17065,
	3.1568 7.17065,
	3.1568 7.22028,
	3.10717 7.22028,
	3.11213 7.21532,
	"/>
</Transform>

<Transform dim="0"
 xcoef=" 0 1 0 0 0 0"
 ycoef=" 0 0 1 0 0 0">
<Contour name="d07" hidden="false" closed="true" simplified="true" border="1 0 1" fill="1 0 1" mode="9"
 points="4.0105 8.32451,
	4.01918 8.30716,
	4.02351 8.28982,
	4.02134 8.27248,
	4.02351 8.25514,
	4.04085 8.25514,
	4.04953 8.25514,
	4.06253 8.27248,
	4.06904 8.28982,
	4.06904 8.29416,
	4.10155 8.32884,
	4.13624 8.35486,
	4.14491 8.35919,
	4.16009 8.37654,
	4.16659 8.41122,
	4.16659 8.42856,
	4.16659 8.43723,
	4.16659 8.44157,
	4.15792 8.45024,
	4.14925 8.45241,
	4.11456 8.44591,
	4.07988 8.43073,
	4.06253 8.41772,
	4.05386 8.41122,
	4.03002 8.37654,
	4.01918 8.35919,
	4.0105 8.32667,
	"/>
</Transform>

<Transform dim="6"
 xcoef=" 0.340609875355555 1.01627025162737 0.0260179143633595 0 0 0"
 ycoef=" -0.453616932519362 0.0063941163262246 1.01980964505289 0 0 0">
<Image mag="0.00217507" contrast="0.94613" brightness="0.015" red="true" green="true" blue="true"
 src="FHLTD.85.jpg" />
<Contour name="domain1" hidden="false" closed="true" simplified="false" border="1 0 1" fill="1 0 1" mode="11"
 points="0 0,
	4096 0,
	4096 4096,
	0 4096,
	"/>
</Transform>

<Transform dim="0"
 xcoef=" 0 1 0 0 0 0"
 ycoef=" 0 0 1 0 0 0">
<Contour name="ax01" comment="LK bouton trace named after cfa" hidden="false" closed="true" simplified="true" border="0 1 1" fill="0.502 1 1" mode="9"
 points="5.29281 1.81293,
	5.29425 1.80715,
	5.29498 1.80426,
	5.29498 1.80282,
	5.30509 1.79126,
	5.31014 1.78548,
	5.31303 1.78259,
	5.33615 1.76815,
	5.3477 1.7602,
	5.35348 1.75659,
	5.35926 1.75443,
	5.36215 1.75443,
	5.36793 1.75009,
	5.41415 1.74937,
	5.43726 1.74937,
	5.46038 1.74142,
	5.46616 1.73926,
	5.46904 1.73854,
	5.46977 1.73854,
	5.4741 1.73781,
	5.48566 1.73781,
	5.49721 1.73565,
	5.52033 1.73565,
	5.53188 1.73565,
	5.53766 1.7342,
	5.53983 1.73348,
	5.56077 1.73204,
	5.57233 1.7342,
	5.59544 1.74504,
	5.60122 1.74793,
	5.61278 1.75587,
	5.61855 1.7602,
	5.62144 1.76165,
	5.62939 1.7732,
	5.63372 1.77898,
	5.63517 1.78476,
	5.63444 1.79054,
	5.63011 1.79632,
	5.61855 1.80498,
	5.607 1.81221,
	5.60411 1.81293,
	5.60266 1.81437,
	5.59978 1.8151,
	5.594 1.81871,
	5.57088 1.8281,
	5.54777 1.83893,
	5.52466 1.84471,
	5.5131 1.84688,
	5.48999 1.84904,
	5.47843 1.85049,
	5.47266 1.85482,
	5.46977 1.85771,
	5.45821 1.86132,
	5.41198 1.88949,
	5.38887 1.89888,
	5.34265 1.89888,
	5.33109 1.89382,
	5.32531 1.89166,
	5.32242 1.89094,
	5.31087 1.88227,
	5.30003 1.87143,
	5.29281 1.84832,
	5.29281 1.82521,
	5.29281 1.81365,
	"/>
</Transform>

<Transform dim="0"
 xcoef=" 0 1 0 0 0 0"
 ycoef=" 0 0 1 0 0 0">
<Contour name="d03" hidden="false" closed="true" simplified="true" border="0 1 0" fill="0 1 0" mode="9"
 points="2.98606 3.00307,
	2.98999 2.98214,
	2.9913 2.97168,
	2.9926 2.96645,
	2.9926 2.96383,
	3.01353 2.9429,
	3.024 2.93636,
	3.04492 2.92851,
	3.05539 2.92459,
	3.06062 2.92197,
	3.10247 2.92067,
	3.11294 2.92067,
	3.13386 2.9259,
	3.1391 2.92721,
	3.16002 2.91544,
	3.17049 2.9089,
	3.18095 2.90497,
	3.2228 2.89843,
	3.23327 2.89712,
	3.2542 2.87881,
	3.27512 2.85788,
	3.31698 2.82257,
	3.33791 2.80818,
	3.37976 2.78333,
	3.39022 2.77679,
	3.43208 2.73886,
	3.44908 2.71793,
	3.45693 2.70747,
	3.49878 2.68262,
	3.50402 2.68,
	3.58772 2.66692,
	3.62958 2.67477,
	3.65051 2.67869,
	3.73422 2.72317,
	3.77607 2.7454,
	3.797 2.75848,
	3.82708 2.80033,
	3.8297 2.80557,
	3.831 2.84742,
	3.83231 2.85788,
	3.83231 2.86312,
	3.80746 2.90497,
	3.79569 2.9259,
	3.77738 2.96775,
	3.76822 2.98868,
	3.75514 3.00961,
	3.7486 3.02007,
	3.74468 3.0253,
	3.70282 3.05146,
	3.69236 3.058,
	3.67143 3.05931,
	3.62958 3.058,
	3.58772 3.06977,
	3.5668 3.07631,
	3.55633 3.08024,
	3.5511 3.08155,
	3.54064 3.08939,
	3.45693 3.16787,
	3.41507 3.20973,
	3.39546 3.23065,
	3.38238 3.25158,
	3.34183 3.29343,
	3.33137 3.3039,
	3.28951 3.3209,
	3.24766 3.33398,
	3.2058 3.34052,
	3.18487 3.34183,
	3.14302 3.32221,
	3.12209 3.31175,
	3.09724 3.26989,
	3.08416 3.24896,
	3.05539 3.16525,
	3.04623 3.14433,
	3.04231 3.13386,
	3.01615 3.09201,
	3.01222 3.08678,
	3.01484 3.06585,
	3.01615 3.05539,
	3.01615 3.05015,
	2.98737 3.0083,
	2.98606 3.00438,
	"/>
<Contour name="d03" hidden="false" closed="true" simplified="true" border="0 1 0" fill="0 1 0" mode="9"
 points="3.61938 3.34031,
	3.63307 3.33517,
	3.63992 3.33346,
	3.68101 3.38653,
	3.693 3.40023,
	3.69985 3.41393,
	3.70841 3.44132,
	3.70669 3.44474,
	3.6793 3.44474,
	3.67245 3.44303,
	3.65876 3.43447,
	3.65191 3.42933,
	3.62623 3.37455,
	3.62109 3.34715,
	3.61938 3.34202,
	"/>
<Contour name="d08" hidden="false" closed="true" simplified="true" border="1 0 0" fill="1 0 0" mode="9"
 points="4.35883 3.09765,
	4.39423 3.09322,
	4.40308 3.09322,
	4.41636 3.11092,
	4.43406 3.11535,
	4.44291 3.15075,
	4.44291 3.1596,
	4.47831 3.18615,
	4.51371 3.20385,
	4.53141 3.21713,
	4.53141 3.28793,
	4.49601 3.29236,
	4.47831 3.28793,
	4.44291 3.25253,
	4.41636 3.21713,
	4.40751 3.19943,
	4.40751 3.19058,
	4.37211 3.1596,
	4.35883 3.1419,
	4.35883 3.1065,
	4.35883 3.10207,
	"/>
</Transform>

<Transform dim="0"
 xcoef=" 0 1 0 0 0 0"
 ycoef=" 0 0 1 0 0 0">
<Contour name="ax06" comment="LK bouton trace named after cfa" hidden="false" closed="true" simplified="true" border="0 1 1" fill="0.502 1 1" mode="9"
 points="3.55012 3.10717,
	3.55384 3.09972,
	3.56036 3.09228,
	3.57524 3.0839,
	3.59013 3.08018,
	3.60502 3.07181,
	3.60688 3.07181,
	3.60875 3.06995,
	3.63852 3.06715,
	3.6683 3.07088,
	3.68319 3.07088,
	3.69064 3.07088,
	3.69436 3.07088,
	3.69622 3.07088,
	3.69808 3.06902,
	3.70552 3.06715,
	3.70739 3.06529,
	3.71483 3.06343,
	3.72227 3.05971,
	3.72972 3.05413,
	3.73716 3.0504,
	3.76694 3.02063,
	3.76973 3.01318,
	3.77346 2.9834,
	3.77811 2.96851,
	3.77997 2.96107,
	3.78741 2.94618,
	3.79114 2.93874,
	3.79486 2.92385,
	3.81068 2.89407,
	3.81626 2.88662,
	3.81812 2.8829,
	3.83208 2.86801,
	3.83487 2.86429,
	3.83487 2.86057,
	3.85907 2.83079,
	3.86651 2.82428,
	3.87396 2.81962,
	3.87768 2.81683,
	3.87954 2.81683,
	3.8814 2.81497,
	3.88512 2.81404,
	3.89257 2.80846,
	3.90746 2.80194,
	3.9149 2.79915,
	3.92979 2.79636,
	3.94468 2.79543,
	3.97446 2.79729,
	3.9819 2.80008,
	3.98935 2.80566,
	3.99865 2.82055,
	4.00331 2.83544,
	4.00517 2.84289,
	4.0182 2.87267,
	4.0275 2.88755,
	4.03122 2.895,
	4.03402 2.89872,
	4.03588 2.90058,
	4.05077 2.89872,
	4.06565 2.88662,
	4.0731 2.88011,
	4.08799 2.87267,
	4.10288 2.86987,
	4.11777 2.86894,
	4.12521 2.86987,
	4.15499 2.88197,
	4.16988 2.88755,
	4.22943 2.91733,
	4.23688 2.92199,
	4.25177 2.93501,
	4.25921 2.9406,
	4.27317 2.95549,
	4.2955 2.98526,
	4.30295 2.99271,
	4.31039 2.99736,
	4.31412 2.99829,
	4.31598 3.00015,
	4.32342 3.00108,
	4.33831 3.00667,
	4.34576 3.00853,
	4.36064 3.0169,
	4.37553 3.02714,
	4.38112 3.03365,
	4.38112 3.03551,
	4.38298 3.03738,
	4.38298 3.03924,
	4.38484 3.0411,
	4.38577 3.05599,
	4.38484 3.06343,
	4.38112 3.07088,
	4.36623 3.0839,
	4.35971 3.09135,
	4.3532 3.10624,
	4.35134 3.1081,
	4.34855 3.12299,
	4.35227 3.13788,
	4.3653 3.16766,
	4.3746 3.18254,
	4.37833 3.18627,
	4.37833 3.18813,
	4.40159 3.21791,
	4.40717 3.22442,
	4.42206 3.23186,
	4.44067 3.26164,
	4.46208 3.29142,
	4.47231 3.30631,
	4.47697 3.31375,
	4.4779 3.32864,
	4.4751 3.34353,
	4.46859 3.35842,
	4.46394 3.37331,
	4.4658 3.3882,
	4.46394 3.39565,
	4.45649 3.41053,
	4.45184 3.41798,
	4.44812 3.4217,
	4.43602 3.45148,
	4.42113 3.46637,
	4.41369 3.47009,
	4.38391 3.47288,
	4.36902 3.48033,
	4.35971 3.49522,
	4.35506 3.50266,
	4.34017 3.51569,
	4.33273 3.52127,
	4.31784 3.52686,
	4.31412 3.52779,
	4.28434 3.5222,
	4.25456 3.50824,
	4.23967 3.50917,
	4.20989 3.5222,
	4.20245 3.52592,
	4.18756 3.52872,
	4.15778 3.53988,
	4.14289 3.54454,
	4.128 3.5464,
	4.09822 3.54454,
	4.06845 3.53988,
	4.05356 3.53616,
	3.93444 3.48126,
	3.90467 3.46823,
	3.87489 3.45799,
	3.86 3.45241,
	3.85255 3.44962,
	3.83767 3.44776,
	3.82278 3.4431,
	3.80789 3.43659,
	3.80044 3.4338,
	3.77066 3.41333,
	3.75578 3.40588,
	3.75205 3.40495,
	3.72227 3.38169,
	3.70739 3.36866,
	3.69994 3.36121,
	3.68505 3.35098,
	3.67761 3.34446,
	3.66737 3.32957,
	3.65248 3.31934,
	3.64597 3.31189,
	3.63759 3.297,
	3.62736 3.28212,
	3.61991 3.27467,
	3.59013 3.25327,
	3.58455 3.24582,
	3.58083 3.23838,
	3.57711 3.22349,
	3.57618 3.21605,
	3.56408 3.18627,
	3.5557 3.15649,
	3.55198 3.1416,
	3.55012 3.11182,
	3.55012 3.1081,
	"/>
</Transform>

<Transform dim="0"
 xcoef=" 0 1 0 0 0 0"
 ycoef=" 0 0 1 0 0 0">
<Contour name="ax07" comment="LK bouton trace named after cfa" hidden="false" closed="true" simplified="true" border="0 1 1" fill="0.502 1 1" mode="9"
 points="2.303 3.36713,
	2.31402 3.34195,
	2.32031 3.32935,
	2.33291 3.31833,
	2.38328 3.29472,
	2.40689 3.2774,
	2.42578 3.25222,
	2.4494 3.23175,
	2.46199 3.22703,
	2.48718 3.22231,
	2.51236 3.20499,
	2.53597 3.19397,
	2.56116 3.18925,
	2.57375 3.1861,
	2.62413 3.18768,
	2.6745 3.19712,
	2.6808 3.19712,
	2.70598 3.20814,
	2.71858 3.21286,
	2.74376 3.23018,
	2.75478 3.25537,
	2.75951 3.26796,
	2.76108 3.31833,
	2.75793 3.34352,
	2.75793 3.36871,
	2.75321 3.39389,
	2.74849 3.40649,
	2.74691 3.41908,
	2.75006 3.43167,
	2.75163 3.43797,
	2.75636 3.44427,
	2.75793 3.45056,
	2.76265 3.45686,
	2.76738 3.48205,
	2.76265 3.49464,
	2.75163 3.50723,
	2.73904 3.51668,
	2.72645 3.52297,
	2.71385 3.52455,
	2.70126 3.52297,
	2.68867 3.51825,
	2.63829 3.51353,
	2.58792 3.51195,
	2.58162 3.51195,
	2.55644 3.50251,
	2.54385 3.49306,
	2.53283 3.48047,
	2.52968 3.46788,
	2.5281 3.46158,
	2.50292 3.43797,
	2.49032 3.43325,
	2.43995 3.42852,
	2.38958 3.43167,
	2.36439 3.42852,
	2.35809 3.42852,
	2.33291 3.41436,
	2.3093 3.38917,
	2.30457 3.37658,
	2.303 3.37028,
	2.303 3.36871,
	"/>
</Transform>

<Transform dim="0"
 xcoef=" 0 1 0 0 0 0"
 ycoef=" 0 0 1 0 0 0">
<Contour name="ax02" comment="LK bouton trace named after cfa" hidden="false" closed="true" simplified="true" border="0 1 1" fill="0.502 1 1" mode="9"
 points="3.56309 1.65482,
	3.56905 1.6429,
	3.58098 1.6347,
	3.58694 1.63097,
	3.58843 1.63097,
	3.58992 1.62948,
	3.59142 1.62948,
	3.59738 1.62575,
	3.60334 1.62426,
	3.60632 1.62426,
	3.61825 1.62053,
	3.63018 1.61457,
	3.63614 1.61084,
	3.64807 1.60563,
	3.65999 1.6019,
	3.67192 1.59668,
	3.67788 1.59445,
	3.70174 1.59072,
	3.7077 1.59295,
	3.71068 1.59445,
	3.71664 1.60041,
	3.72559 1.62426,
	3.72932 1.63619,
	3.74124 1.66004,
	3.76062 1.70775,
	3.76361 1.71371,
	3.77181 1.72564,
	3.77479 1.7316,
	3.78448 1.74353,
	3.78671 1.74651,
	3.79864 1.74875,
	3.84635 1.76887,
	3.85231 1.77111,
	3.86424 1.7726,
	3.8702 1.77409,
	3.89405 1.77633,
	3.90002 1.77782,
	3.91194 1.78378,
	3.91791 1.78825,
	3.92089 1.78974,
	3.94474 1.81136,
	3.95667 1.8218,
	3.98052 1.84565,
	3.99021 1.85758,
	3.99767 1.8695,
	4.00065 1.87547,
	4.00214 1.87845,
	4.00438 1.89038,
	4.00885 1.9023,
	4.01108 1.91423,
	4.02152 1.93808,
	4.02376 1.94405,
	4.0245 1.95597,
	4.02376 1.9679,
	4.02077 1.97983,
	4.01481 1.99175,
	4.01183 1.99772,
	4.0081 2.02157,
	4.00736 2.0335,
	3.99916 2.05735,
	3.99692 2.06331,
	3.99543 2.06629,
	3.99394 2.09015,
	3.99319 2.10207,
	3.99394 2.114,
	3.99319 2.12593,
	3.98574 2.14978,
	3.97605 2.17363,
	3.97232 2.18556,
	3.94847 2.23327,
	3.94251 2.24519,
	3.93878 2.25712,
	3.92611 2.28097,
	3.92163 2.28694,
	3.92014 2.28992,
	3.91418 2.29514,
	3.90822 2.29886,
	3.89629 2.30035,
	3.89331 2.30035,
	3.88138 2.29514,
	3.87542 2.29141,
	3.85902 2.26756,
	3.8538 2.26159,
	3.85082 2.25861,
	3.83889 2.2519,
	3.82697 2.2437,
	3.821 2.23848,
	3.79715 2.22432,
	3.78522 2.21612,
	3.7733 2.20643,
	3.76808 2.20121,
	3.7651 2.19823,
	3.75913 2.19451,
	3.75466 2.18854,
	3.75242 2.18556,
	3.75093 2.1796,
	3.74944 2.17662,
	3.74944 2.17065,
	3.75317 2.15873,
	3.75093 2.13487,
	3.74944 2.08717,
	3.75019 2.06331,
	3.75093 2.05139,
	3.75168 2.04542,
	3.75019 2.02157,
	3.74273 1.97386,
	3.7405 1.95001,
	3.73975 1.94405,
	3.74124 1.92019,
	3.73975 1.90827,
	3.73975 1.89634,
	3.73528 1.89038,
	3.7323 1.88739,
	3.72037 1.88367,
	3.71739 1.88292,
	3.71143 1.87845,
	3.70546 1.87696,
	3.70248 1.87621,
	3.6995 1.87398,
	3.69652 1.87323,
	3.68459 1.86429,
	3.67267 1.85385,
	3.66148 1.84714,
	3.65701 1.84118,
	3.65403 1.83521,
	3.65254 1.83223,
	3.6421 1.82031,
	3.63614 1.81434,
	3.62198 1.79049,
	3.60036 1.74278,
	3.59589 1.73682,
	3.58992 1.72489,
	3.58694 1.71893,
	3.58545 1.71595,
	3.58396 1.71446,
	3.58322 1.71148,
	3.57576 1.69955,
	3.57129 1.68762,
	3.56533 1.6757,
	3.56309 1.66377,
	3.56309 1.65781,
	3.56309 1.65557,
	"/>
</Transform>

<Transform dim="0"
 xcoef=" 0 1 0 0 0 0"
 ycoef=" 0 0 1 0 0 0">
<Contour name="ax09" comment="LK bouton trace named after cfa" hidden="false" closed="true" simplified="true" border="0 1 1" fill="0.502 1 1" mode="9"
 points="3.98363 1.83545,
	3.98609 1.8289,
	4.00164 1.8027,
	4.00655 1.79615,
	4.01228 1.79124,
	4.01883 1.78797,
	4.03193 1.77733,
	4.05813 1.76177,
	4.08433 1.74458,
	4.0876 1.74294,
	4.08924 1.7413,
	4.09251 1.74049,
	4.09579 1.73803,
	4.09743 1.73639,
	4.1007 1.73557,
	4.10725 1.72984,
	4.13345 1.72166,
	4.14 1.72084,
	4.16619 1.72493,
	4.19239 1.73066,
	4.20549 1.73312,
	4.21204 1.73475,
	4.23824 1.73557,
	4.26443 1.73475,
	4.29063 1.7323,
	4.30373 1.73312,
	4.307 1.73312,
	4.30864 1.73312,
	4.31192 1.73557,
	4.31847 1.73721,
	4.32502 1.7413,
	4.32829 1.74212,
	4.34139 1.75113,
	4.34794 1.75522,
	4.37414 1.76423,
	4.38723 1.76832,
	4.39378 1.76996,
	4.39542 1.76996,
	4.40197 1.77487,
	4.40443 1.77814,
	4.41752 1.78551,
	4.42407 1.79206,
	4.43062 1.80516,
	4.43308 1.80843,
	4.44127 1.83463,
	4.44536 1.86083,
	4.44454 1.87393,
	4.4429 1.88048,
	4.43635 1.89358,
	4.41589 1.91977,
	4.39378 1.94597,
	4.38969 1.95252,
	4.38805 1.95416,
	4.38723 1.95743,
	4.37741 1.97053,
	4.35121 1.99673,
	4.34466 2.00328,
	4.33975 2.00983,
	4.32665 2.02211,
	4.3201 2.02866,
	4.29391 2.04257,
	4.28081 2.04667,
	4.27426 2.0483,
	4.26116 2.05403,
	4.23496 2.06058,
	4.23169 2.06222,
	4.20549 2.06468,
	4.19239 2.06713,
	4.14 2.06795,
	4.1138 2.06713,
	4.1007 2.06631,
	4.0745 2.05731,
	4.0614 2.0524,
	4.05486 2.04912,
	4.05158 2.04749,
	4.04176 2.03439,
	4.03603 2.02784,
	4.02784 2.01474,
	4.02211 2.00164,
	4.02047 1.99837,
	4.02047 1.99182,
	4.02456 1.97872,
	4.02702 1.96562,
	4.02784 1.95907,
	4.02375 1.94597,
	4.01228 1.91977,
	3.99919 1.89358,
	3.99264 1.88048,
	3.98527 1.85428,
	3.98363 1.84773,
	3.98363 1.84118,
	3.98363 1.83791,
	3.98363 1.83627,
	"/>
</Transform>

<Transform dim="0"
 xcoef=" 0 1 0 0 0 0"
 ycoef=" 0 0 1 0 0 0">
<Contour name="d02" hidden="false" closed="true" simplified="true" border="0.5 0 1" fill="0.5 0 1" mode="9"
 points="5.42068 5.70484,
	5.45081 5.6747,
	5.5197 5.6704,
	5.53693 5.67901,
	5.54984 5.71345,
	5.56276 5.78234,
	5.57137 5.79956,
	5.57998 5.80817,
	5.57568 5.84262,
	5.54554 5.86415,
	5.51109 5.85554,
	5.48956 5.8297,
	5.42068 5.76942,
	5.42068 5.73498,
	5.42068 5.71776,
	5.42068 5.70915,
	"/>
<Contour name="d08" hidden="false" closed="true" simplified="true" border="1 0 0" fill="1 0 0" mode="9"
 points="5.14209 5.09784,
	5.18192 5.02704,
	5.2129 4.99606,
	5.3545 4.92083,
	5.3722 4.90756,
	5.40761 4.89871,
	5.42531 4.88986,
	5.46071 4.88986,
	5.47841 4.88543,
	5.49169 4.87216,
	5.49611 4.87658,
	5.47841 4.89428,
	5.51381 4.91198,
	5.52709 4.92968,
	5.52709 4.96509,
	5.52266 4.97394,
	5.50496 4.97394,
	5.44743 5.03146,
	5.37663 5.08014,
	5.3545 5.11112,
	5.29255 5.16422,
	5.26157 5.18635,
	5.23502 5.21732,
	5.19962 5.2306,
	5.19077 5.2306,
	5.15537 5.1952,
	5.14209 5.1775,
	5.14209 5.10669,
	5.14209 5.10227,
	"/>
</Transform>

<Transform dim="0"
 xcoef=" 0 1 0 0 0 0"
 ycoef=" 0 0 1 0 0 0">
<Contour name="ax25" comment="LK bouton trace named after cfa" hidden="false" closed="true" simplified="true" border="0 1 1" fill="0.502 1 1" mode="9"
 points="3.6774 3.60063,
	3.68745 3.57139,
	3.69933 3.54215,
	3.70482 3.52844,
	3.71487 3.51382,
	3.72218 3.50651,
	3.72949 3.50194,
	3.74411 3.49737,
	3.75873 3.49463,
	3.77336 3.49371,
	3.78798 3.49828,
	3.79529 3.50285,
	3.80169 3.51016,
	3.81082 3.52478,
	3.82545 3.53301,
	3.84007 3.53941,
	3.84738 3.54397,
	3.85469 3.55129,
	3.86291 3.56591,
	3.86931 3.58053,
	3.87114 3.58784,
	3.87845 3.60246,
	3.88759 3.61708,
	3.88942 3.62074,
	3.89124 3.62257,
	3.89124 3.62439,
	3.89947 3.63902,
	3.9013 3.65364,
	3.9013 3.66826,
	3.90952 3.68288,
	3.91318 3.69019,
	3.91957 3.6975,
	3.9342 3.70573,
	3.94882 3.7167,
	3.95796 3.73132,
	3.9607 3.73863,
	3.9607 3.75325,
	3.95887 3.75691,
	3.95247 3.76422,
	3.94882 3.76696,
	3.9342 3.76787,
	3.87571 3.76604,
	3.86109 3.76513,
	3.85378 3.76422,
	3.85012 3.7633,
	3.84829 3.76147,
	3.84098 3.75965,
	3.83733 3.75873,
	3.8355 3.75873,
	3.83458 3.75691,
	3.83093 3.75599,
	3.82362 3.75051,
	3.809 3.74503,
	3.80169 3.7432,
	3.79437 3.74503,
	3.77975 3.74411,
	3.77244 3.7432,
	3.75782 3.73771,
	3.75051 3.73406,
	3.74868 3.73406,
	3.73406 3.72401,
	3.72675 3.71944,
	3.71304 3.70573,
	3.70664 3.69842,
	3.6975 3.6838,
	3.69019 3.66917,
	3.68562 3.66186,
	3.6838 3.65455,
	3.68288 3.63993,
	3.68288 3.63262,
	3.67831 3.618,
	3.6774 3.60338,
	3.6774 3.60155,
	"/>
</Transform>

<Transform dim="0"
 xcoef=" 0 1 0 0 0 0"
 ycoef=" 0 0 1 0 0 0">
<Contour name="ax27" hidden="false" closed="true" simplified="true" border="0 0 1" fill="0 0 1" mode="11"
 points="3.49247 3.85449,
	3.49736 3.84333,
	3.49805 3.75404,
	3.49945 3.74288,
	3.50224 3.73172,
	3.50433 3.72614,
	3.51201 3.71498,
	3.51619 3.7094,
	3.53851 3.69545,
	3.58315 3.6822,
	3.60547 3.67801,
	3.61663 3.67592,
	3.62221 3.67522,
	3.64453 3.67732,
	3.65569 3.67174,
	3.65848 3.67034,
	3.70313 3.67034,
	3.74777 3.66825,
	3.75893 3.66825,
	3.76451 3.66825,
	3.77567 3.67034,
	3.78683 3.67104,
	3.79799 3.67313,
	3.80357 3.67383,
	3.80915 3.67662,
	3.81194 3.67801,
	3.81333 3.67941,
	3.81473 3.67941,
	3.82589 3.68987,
	3.83077 3.70103,
	3.83844 3.74567,
	3.84054 3.76799,
	3.84054 3.79032,
	3.83844 3.81264,
	3.83705 3.81822,
	3.83705 3.82938,
	3.83286 3.8517,
	3.83007 3.86286,
	3.82938 3.86844,
	3.81891 3.89076,
	3.81543 3.89634,
	3.80566 3.9075,
	3.78334 3.92494,
	3.77776 3.92912,
	3.77497 3.93121,
	3.77357 3.93261,
	3.76241 3.9354,
	3.75683 3.9361,
	3.75125 3.93819,
	3.74637 3.94307,
	3.70173 3.94865,
	3.67941 3.95563,
	3.66825 3.95911,
	3.66267 3.96121,
	3.61803 3.95981,
	3.59571 3.95981,
	3.58455 3.95911,
	3.57897 3.95911,
	3.57618 3.95842,
	3.57129 3.95353,
	3.56013 3.95005,
	3.53781 3.9347,
	3.52665 3.92703,
	3.51619 3.91796,
	3.50782 3.9068,
	3.50364 3.90122,
	3.49247 3.8789,
	3.49247 3.85658,
	3.49247 3.85518,
	"/>
</Transform>

<Transform dim="0"
 xcoef=" 0 1 0 0 0 0"
 ycoef=" 0 0 1 0 0 0">
<Contour name="ax24" comment="LK bouton trace named after cfa" hidden="false" closed="true" simplified="true" border="0 1 1" fill="0.502 1 1" mode="9"
 points="5.10832 5.49148,
	5.10956 5.48651,
	5.10956 5.48154,
	5.11515 5.46167,
	5.12385 5.4418,
	5.12944 5.42193,
	5.1313 5.41199,
	5.13192 5.40205,
	5.12633 5.38218,
	5.12447 5.37225,
	5.12447 5.36231,
	5.12447 5.35734,
	5.13378 5.33747,
	5.13937 5.32753,
	5.1462 5.3176,
	5.16545 5.29773,
	5.17042 5.29276,
	5.17415 5.28779,
	5.17912 5.27785,
	5.18781 5.26792,
	5.19775 5.25922,
	5.20582 5.24929,
	5.22445 5.22942,
	5.25922 5.18967,
	5.2791 5.17477,
	5.31884 5.14807,
	5.32878 5.14186,
	5.36852 5.11205,
	5.38839 5.09528,
	5.39833 5.08597,
	5.4033 5.08162,
	5.42317 5.06796,
	5.4331 5.06113,
	5.45298 5.04933,
	5.46291 5.04125,
	5.47285 5.03132,
	5.48465 5.01145,
	5.48775 5.00648,
	5.49707 4.99654,
	5.50203 4.9922,
	5.52191 4.98226,
	5.53184 4.97729,
	5.54178 4.97605,
	5.56165 4.97046,
	5.57159 4.96487,
	5.58152 4.95804,
	5.59146 4.95307,
	5.59643 4.95059,
	5.60636 4.94997,
	5.6163 4.95059,
	5.62127 4.95121,
	5.62375 4.95121,
	5.66349 4.97108,
	5.66846 4.97357,
	5.68833 4.98847,
	5.7082 5.00462,
	5.71814 5.01145,
	5.73801 5.02076,
	5.75788 5.02387,
	5.77776 5.02573,
	5.78769 5.02573,
	5.79763 5.02759,
	5.80756 5.0307,
	5.84731 5.04746,
	5.85228 5.04933,
	5.89202 5.05181,
	5.90196 5.05492,
	5.92183 5.06547,
	5.93176 5.07355,
	5.94791 5.09342,
	5.95039 5.0959,
	5.95598 5.10584,
	5.96281 5.11577,
	5.96716 5.12074,
	5.97399 5.13068,
	5.98206 5.14061,
	6.02181 5.17601,
	6.02491 5.18098,
	6.02802 5.19091,
	6.0305 5.21079,
	6.03112 5.23066,
	6.02988 5.24059,
	6.02926 5.24556,
	6.02367 5.2555,
	6.01684 5.26543,
	6.01311 5.2704,
	6.00318 5.27972,
	5.99821 5.28468,
	5.97834 5.2971,
	5.95847 5.30518,
	5.93859 5.30952,
	5.93363 5.31077,
	5.93114 5.31077,
	5.92617 5.31387,
	5.90692 5.33312,
	5.89761 5.34306,
	5.89326 5.34803,
	5.8796 5.3679,
	5.87153 5.37783,
	5.85166 5.39646,
	5.84669 5.40081,
	5.80694 5.42876,
	5.78707 5.44428,
	5.77714 5.45235,
	5.7672 5.45919,
	5.75726 5.46726,
	5.73863 5.48713,
	5.72994 5.49707,
	5.71814 5.51694,
	5.71255 5.52687,
	5.7051 5.53681,
	5.70137 5.54178,
	5.69144 5.55171,
	5.6815 5.55854,
	5.64176 5.59518,
	5.62189 5.61506,
	5.58214 5.6399,
	5.56227 5.64673,
	5.5573 5.64859,
	5.53743 5.64921,
	5.52749 5.64921,
	5.51756 5.64797,
	5.47781 5.63617,
	5.46788 5.63306,
	5.4654 5.63306,
	5.46291 5.6312,
	5.46043 5.6312,
	5.45794 5.62996,
	5.45546 5.62996,
	5.45049 5.62623,
	5.44056 5.62251,
	5.43062 5.6163,
	5.42814 5.61443,
	5.42193 5.6045,
	5.41944 5.59953,
	5.41509 5.5958,
	5.39771 5.57593,
	5.39522 5.57469,
	5.39025 5.57034,
	5.37038 5.56351,
	5.35051 5.56041,
	5.33064 5.56165,
	5.3207 5.56413,
	5.30083 5.57345,
	5.29089 5.57717,
	5.28096 5.57966,
	5.26109 5.58214,
	5.25115 5.58214,
	5.24618 5.58152,
	5.23625 5.5778,
	5.21638 5.56786,
	5.21141 5.566,
	5.20644 5.56289,
	5.1965 5.56227,
	5.17663 5.56413,
	5.1667 5.56413,
	5.14682 5.56165,
	5.14186 5.55979,
	5.13937 5.55917,
	5.13254 5.54923,
	5.12819 5.53929,
	5.11515 5.51942,
	5.10956 5.50949,
	5.10832 5.50452,
	5.10832 5.49458,
	5.10832 5.4921,
	"/>
</Transform>

<Transform dim="1"
 xcoef=" 0.01 1 0 0 0 0"
 ycoef=" 0 0 1 0 0 0">
<Contour name="d08cfa06ax24" hidden="false" closed="false" simplified="false" border="0 1 1" fill="0 1 1" mode="9"
 points="5.4949 4.99893,
	5.4632 5.03062,
	5.40404 5.07288,
	5.33431 5.1236,
	5.26669 5.18487,
	"/>
</Transform>

<Transform dim="0"
 xcoef=" 0 1 0 0 0 0"
 ycoef=" 0 0 1 0 0 0">
<Contour name="d08c06ax24" hidden="false" closed="true" simplified="true" border="0 1 0" fill="0 1 0" mode="9"
 points="5.23253 5.16425,
	5.36296 5.05726,
	5.42817 5.00427,
	5.46078 4.97778,
	5.46893 4.97064,
	5.47199 4.96861,
	5.50765 5.03382,
	5.51581 5.05013,
	5.51784 5.05318,
	5.38741 5.14795,
	5.3222 5.19482,
	5.30589 5.20705,
	5.29774 5.21316,
	5.2957 5.21418,
	5.2631 5.18871,
	5.24679 5.17546,
	5.23864 5.16935,
	5.23456 5.16629,
	5.23354 5.16527,
	"/>
</Transform>

</Section>