<?xml version="1.0"?>
<!DOCTYPE Section SYSTEM "section.dtd">

<Section index="176" thickness="0.045" alignLocked="true">
<Transform dim="6"
 xcoef=" -0.675312555307314 1.01761928370745 -0.0231945005889915 0 0 0"
 ycoef=" -0.483116029753597 0.0201428596538127 1.00140857851713 0 0 0">
<Contour name="D04" hidden="false" closed="true" simplified="true" border="1 0 0" fill="1 0 0" mode="11"
 points="5.46492 7.28996,
	5.46778 7.25096,
	5.47628 7.21281,
	5.49024 7.17634,
	5.50936 7.14235,
	5.53323 7.11158,
	5.56131 7.0847,
	5.59299 7.0623,
	5.6276 7.04487,
	5.66436 7.03278,
	5.70248 7.0263,
	5.74113 7.02558,
	5.77947 7.03063,
	5.81665 7.04133,
	5.85186 7.05746,
	5.88435 7.07866,
	5.91339 7.10447,
	5.93836 7.13432,
	5.95871 7.16758,
	5.97399 7.2035,
	5.98388 7.24131,
	5.98816 7.28018,
	5.98673 7.31926,
	5.97963 7.35771,
	5.96701 7.39467,
	5.94914 7.42936,
	5.92642 7.461,
	5.89934 7.48891,
	5.86849 7.51248,
	5.83455 7.53119,
	5.79825 7.54464,
	5.76039 7.55254,
	5.72179 7.55471,
	5.6833 7.5511,
	5.64576 7.54179,
	5.60998 7.52699,
	5.57674 7.50702,
	5.54678 7.48231,
	5.52073 7.45341,
	5.49918 7.42094,
	5.48259 7.38562,
	5.47133 7.3482,
	"/>
</Transform>

<Transform dim="6"
 xcoef=" 0.444687444692685 1.01761928370745 -0.0231945005889915 0 0 0"
 ycoef=" 0.456883970246404 0.0201428596538127 1.00140857851713 0 0 0">
<Contour name="D05" hidden="false" closed="true" simplified="true" border="1 1 0" fill="1 1 0" mode="11"
 points="2.69299 3.97404,
	2.70475 3.90163,
	2.73888 3.83632,
	2.79205 3.78448,
	2.85904 3.7512,
	2.93329 3.73974,
	3.00755 3.7512,
	3.07454 3.78448,
	3.12771 3.83632,
	3.16184 3.90163,
	3.1736 3.97404,
	3.16184 4.04644,
	3.12771 4.11175,
	3.07454 4.16359,
	3.00755 4.19687,
	2.93329 4.20833,
	2.85904 4.19687,
	2.79205 4.16359,
	2.73888 4.11175,
	"/>
</Transform>

<Transform dim="6"
 xcoef=" 0.0446874446926857 1.01761928370745 -0.0231945005889915 0 0 0"
 ycoef=" -0.163116029753597 0.0201428596538127 1.00140857851713 0 0 0">
<Contour name="d01" hidden="false" closed="true" simplified="true" border="1 0.5 0" fill="1 0.5 0" mode="9"
 points="5.69512 4.62961,
	5.70577 4.6083,
	5.72708 4.58699,
	5.89756 4.52839,
	5.94018 4.51241,
	5.96149 4.50175,
	5.9828 4.50175,
	5.99346 4.50708,
	5.95617 4.59232,
	5.87625 4.66691,
	5.83896 4.7042,
	5.79634 4.7042,
	5.77503 4.70953,
	5.75372 4.7042,
	5.73241 4.68822,
	5.73241 4.67756,
	5.69512 4.6456,
	5.69512 4.63494,
	"/>
</Transform>

<Transform dim="6"
 xcoef=" 0.0446874446926857 1.01761928370745 -0.0231945005889915 0 0 0"
 ycoef=" -0.163116029753597 0.0201428596538127 1.00140857851713 0 0 0">
<Contour name="d01" hidden="false" closed="true" simplified="true" border="1 0.5 0" fill="1 0.5 0" mode="9"
 points="5.06114 5.04516,
	5.14638 5.02918,
	5.189 5.03451,
	5.35949 5.02918,
	5.40211 5.02385,
	5.48202 4.99189,
	5.49267 4.99189,
	5.50866 5.0132,
	5.53529 5.09844,
	5.53529 5.14106,
	5.53529 5.16237,
	5.52464 5.17302,
	5.4394 5.17835,
	5.39678 5.17835,
	5.35416 5.189,
	5.31154 5.189,
	5.30088 5.189,
	5.26359 5.15171,
	5.09844 5.07713,
	5.08245 5.06114,
	5.0718 5.06114,
	5.06114 5.05049,
	"/>
</Transform>

<Transform dim="6"
 xcoef=" 0.0446874446926857 1.01761928370745 -0.0231945005889915 0 0 0"
 ycoef=" -0.163116029753597 0.0201428596538127 1.00140857851713 0 0 0">
<Contour name="d01" hidden="false" closed="true" simplified="true" border="1 0.5 0" fill="1 0.5 0" mode="9"
 points="4.19276 4.21407,
	4.24603 4.12883,
	4.33127 4.11817,
	4.50175 4.13416,
	4.54437 4.1235,
	4.56568 4.1235,
	4.65092 4.09686,
	4.73617 4.09154,
	4.77879 4.08621,
	4.82141 4.07023,
	4.90665 4.01162,
	4.94927 3.97966,
	4.97058 3.96367,
	5.0132 3.96367,
	5.02918 3.97966,
	5.03451 4.00097,
	5.05049 4.02228,
	5.09311 4.02228,
	5.17835 3.99564,
	5.22097 3.98498,
	5.30621 3.99031,
	5.34883 4.01695,
	5.37014 4.02761,
	5.40743 4.07023,
	5.43407 4.11285,
	5.45005 4.15547,
	5.46071 4.24071,
	5.44473 4.25669,
	5.40211 4.27267,
	5.39145 4.27267,
	5.3808 4.28333,
	5.33818 4.29931,
	5.33285 4.32595,
	5.41809 4.36324,
	5.46071 4.36857,
	5.50333 4.38988,
	5.58857 4.40053,
	5.59922 4.41119,
	5.60988 4.41119,
	5.63652 4.45381,
	5.62586 4.47512,
	5.60455 4.49643,
	5.56726 4.51774,
	5.55128 4.53372,
	5.46604 4.52839,
	5.44473 4.51774,
	5.40211 4.51774,
	5.3808 4.51774,
	5.3435 4.55503,
	5.31686 4.59232,
	5.30621 4.61363,
	5.30088 4.65625,
	5.30088 4.66691,
	5.27957 4.68289,
	5.10909 4.75748,
	5.02385 4.79477,
	5.00254 4.79477,
	4.99189 4.79477,
	4.95459 4.75215,
	4.86935 4.73617,
	4.82673 4.73617,
	4.78411 4.7628,
	4.74149 4.77346,
	4.72018 4.77346,
	4.69887 4.78411,
	4.67756 4.78411,
	4.64027 4.75215,
	4.62961 4.74149,
	4.45913 4.72551,
	4.41651 4.74682,
	4.33127 4.7628,
	4.32062 4.74149,
	4.32062 4.69887,
	4.31529 4.67756,
	4.278 4.63494,
	4.26202 4.61363,
	4.25669 4.57101,
	4.25669 4.56036,
	4.278 4.53905,
	4.28865 4.53372,
	4.29931 4.53905,
	4.30464 4.55503,
	4.31529 4.53372,
	4.31529 4.51241,
	4.28865 4.46979,
	4.278 4.42717,
	4.25136 4.38455,
	4.23005 4.36857,
	4.20341 4.28333,
	4.19276 4.24071,
	4.19276 4.2194,
	"/>
</Transform>

<Transform dim="6"
 xcoef=" 0.0446874446926857 1.01761928370745 -0.0231945005889915 0 0 0"
 ycoef=" -0.163116029753597 0.0201428596538127 1.00140857851713 0 0 0">
<Contour name="d02" hidden="false" closed="true" simplified="true" border="0.5 0 1" fill="0.5 0 1" mode="9"
 points="2.0579 8.43211,
	2.07304 8.42076,
	2.07682 8.40563,
	2.1033 8.37537,
	2.11843 8.3678,
	2.14869 8.3678,
	2.15626 8.3678,
	2.15626 8.30727,
	2.16383 8.27701,
	2.17139 8.26188,
	2.20165 8.23162,
	2.22057 8.20135,
	2.22813 8.17109,
	2.2357 8.16352,
	2.2357 8.14839,
	2.24705 8.11813,
	2.2584 8.0576,
	2.26218 8.04247,
	2.28488 8.01599,
	2.31514 8.00842,
	2.33027 8.01221,
	2.33784 8.02734,
	2.33784 8.0576,
	2.36432 8.07652,
	2.37189 8.0803,
	2.40215 8.06138,
	2.41728 8.05004,
	2.44754 8.04625,
	2.46268 8.04247,
	2.49294 8.02356,
	2.55347 8.00842,
	2.5686 8.00464,
	2.62534 7.95546,
	2.74639 7.90628,
	2.77666 7.89494,
	2.80692 7.89494,
	2.82205 7.89872,
	2.82962 7.89872,
	2.85988 7.9252,
	2.89014 7.94411,
	2.90528 7.95925,
	2.90528 7.96681,
	2.92041 7.98194,
	2.93554 7.98951,
	2.95067 7.98951,
	2.95445 8.01977,
	2.93932 8.0803,
	2.93554 8.14083,
	2.92419 8.15596,
	2.90906 8.15974,
	2.90149 8.15974,
	2.90149 8.17487,
	2.90149 8.18244,
	2.92419 8.2127,
	2.95445 8.21648,
	2.96959 8.21648,
	2.98472 8.22405,
	2.99228 8.23162,
	2.99228 8.24675,
	2.9658 8.30727,
	2.93554 8.32997,
	2.92041 8.34132,
	2.91284 8.34889,
	2.91662 8.37915,
	2.92419 8.38671,
	2.92797 8.40185,
	2.90528 8.46237,
	2.89014 8.4775,
	2.88636 8.48507,
	2.8788 8.48507,
	2.87123 8.49264,
	2.84097 8.50398,
	2.82583 8.51155,
	2.82205 8.57208,
	2.79557 8.59856,
	2.76531 8.61747,
	2.75018 8.62882,
	2.68965 8.64395,
	2.67452 8.64017,
	2.66695 8.64017,
	2.65182 8.62504,
	2.59129 8.60234,
	2.56103 8.59477,
	2.5459 8.59477,
	2.53833 8.60234,
	2.50807 8.60612,
	2.49294 8.62126,
	2.43241 8.64017,
	2.37189 8.66665,
	2.34162 8.678,
	2.31514 8.7007,
	2.30001 8.73096,
	2.28866 8.74609,
	2.2584 8.74609,
	2.22813 8.73853,
	2.21679 8.72339,
	2.20922 8.69313,
	2.20922 8.68556,
	2.17896 8.67043,
	2.14869 8.66287,
	2.13356 8.65908,
	2.1033 8.6326,
	2.07304 8.62882,
	2.0579 8.62504,
	2.10708 8.50398,
	2.10708 8.47372,
	2.09573 8.46237,
	2.06547 8.45481,
	2.0579 8.43968,
	2.0579 8.43589,
	"/>
</Transform>

<Transform dim="6"
 xcoef=" 0.0446874446926857 1.01761928370745 -0.0231945005889915 0 0 0"
 ycoef=" -0.163116029753597 0.0201428596538127 1.00140857851713 0 0 0">
<Contour name="d02" hidden="false" closed="true" simplified="true" border="0.5 0 1" fill="0.5 0 1" mode="9"
 points="3.00363 8.41698,
	3.03389 8.3905,
	3.04146 8.38293,
	3.04903 8.35267,
	3.04903 8.33754,
	3.06038 8.32241,
	3.07551 8.31484,
	3.09442 8.28458,
	3.10199 8.26944,
	3.11712 8.26566,
	3.13982 8.29214,
	3.15873 8.35267,
	3.17386 8.38293,
	3.18899 8.39806,
	3.19278 8.4132,
	3.17386 8.44346,
	3.1663 8.47372,
	3.14738 8.50398,
	3.11712 8.53047,
	3.08686 8.5456,
	3.05659 8.5456,
	3.04146 8.5456,
	3.03389 8.5456,
	3.02633 8.53803,
	3.02633 8.50777,
	3.01876 8.49264,
	3.02255 8.46237,
	3.01498 8.46237,
	3.00363 8.43211,
	3.00363 8.42076,
	"/>
</Transform>

<Transform dim="6"
 xcoef=" 0.0446874446926857 1.01761928370745 -0.0231945005889915 0 0 0"
 ycoef=" -0.163116029753597 0.0201428596538127 1.00140857851713 0 0 0">
<Contour name="d02c33" hidden="false" closed="true" simplified="true" border="0 1 0" fill="0 1 0" mode="9"
 points="3.06533 8.54646,
	3.07 8.52777,
	3.08869 8.51142,
	3.12607 8.48806,
	3.14476 8.47637,
	3.14944 8.47404,
	3.15644 8.48105,
	3.15644 8.49039,
	3.14243 8.50675,
	3.12374 8.5231,
	3.10504 8.53245,
	3.08635 8.54646,
	3.07701 8.5488,
	3.07233 8.55114,
	3.06766 8.5488,
	"/>
</Transform>

<Transform dim="6"
 xcoef=" 0.0446874446926857 1.01761928370745 -0.0231945005889915 0 0 0"
 ycoef=" -0.163116029753597 0.0201428596538127 1.00140857851713 0 0 0">
<Contour name="d02cfa33" hidden="false" closed="false" simplified="false" border="0 1 1" fill="0 1 1" mode="9"
 points="3.15219 8.48246,
	3.07275 8.54087,
	"/>
</Transform>

<Transform dim="6"
 xcoef=" 0.0446874446926857 1.01761928370745 -0.0231945005889915 0 0 0"
 ycoef=" -0.163116029753597 0.0201428596538127 1.00140857851713 0 0 0">
<Contour name="d01c27" hidden="false" closed="true" simplified="true" border="0 1 0" fill="0 1 0" mode="9"
 points="5.87145 4.6681,
	5.88599 4.62159,
	5.90052 4.59834,
	5.94121 4.55474,
	5.94993 4.54602,
	5.97319 4.5402,
	5.99353 4.52567,
	5.99644 4.54892,
	5.97609 4.57218,
	5.94412 4.61868,
	5.92959 4.64194,
	5.90633 4.66228,
	5.88308 4.67391,
	5.87436 4.671,
	"/>
<Contour name="d01cfa27" hidden="false" closed="false" simplified="false" border="0 1 1" fill="0 1 1" mode="9"
 points="5.98917 4.53003,
	5.98045 4.53875,
	5.94557 4.56782,
	5.91941 4.6027,
	5.90488 4.63467,
	5.87291 4.66374,
	"/>
</Transform>

<Transform dim="6"
 xcoef=" 0.0446874446926857 1.01761928370745 -0.0231945005889915 0 0 0"
 ycoef=" -0.163116029753597 0.0201428596538127 1.00140857851713 0 0 0">
<Contour name="d01" hidden="false" closed="true" simplified="true" border="1 0.5 0" fill="1 0.5 0" mode="9"
 points="3.36135 5.82792,
	3.37782 5.76937,
	3.38513 5.71081,
	3.38513 5.70349,
	3.39977 5.68886,
	3.41075 5.67422,
	3.41441 5.65958,
	3.42356 5.64494,
	3.43637 5.63213,
	3.44186 5.61749,
	3.45833 5.58822,
	3.46382 5.57358,
	3.47845 5.5626,
	3.50773 5.54979,
	3.56629 5.5443,
	3.59556 5.53881,
	3.60288 5.53881,
	3.61752 5.5443,
	3.63216 5.55528,
	3.63948 5.56077,
	3.64314 5.57541,
	3.64497 5.60469,
	3.63216 5.66324,
	3.61203 5.69252,
	3.58824 5.72179,
	3.56812 5.75107,
	3.55714 5.78035,
	3.54067 5.80962,
	3.52969 5.82426,
	3.5242 5.83158,
	3.49492 5.84805,
	3.4876 5.85354,
	3.45833 5.86269,
	3.44369 5.87001,
	3.43637 5.87367,
	3.40709 5.86818,
	3.37782 5.85171,
	3.36501 5.8389,
	3.36135 5.83158,
	3.36135 5.82975,
	"/>
</Transform>

<Transform dim="6"
 xcoef=" 0.0446874446926857 1.01761928370745 -0.0231945005889915 0 0 0"
 ycoef=" -0.163116029753597 0.0201428596538127 1.00140857851713 0 0 0">
<Contour name="d03" hidden="false" closed="true" simplified="true" border="0 1 0" fill="0 1 0" mode="9"
 points="3.26537 2.41207,
	3.31413 2.36789,
	3.33851 2.34655,
	3.3446 2.34198,
	3.36136 2.3176,
	3.37203 2.30998,
	3.39641 2.30237,
	3.42079 2.28103,
	3.43298 2.27037,
	3.43298 2.22161,
	3.43298 2.19723,
	3.43298 2.18504,
	3.42841 2.16066,
	3.42536 2.14847,
	3.43755 2.12409,
	3.44364 2.1119,
	3.44669 2.1058,
	3.44974 2.10276,
	3.47412 2.10428,
	3.48631 2.10428,
	3.4924 2.10733,
	3.54116 2.14694,
	3.58992 2.1759,
	3.6143 2.18961,
	3.66306 2.20027,
	3.68744 2.20485,
	3.7362 2.20637,
	3.83372 2.21704,
	3.8581 2.21856,
	3.87029 2.21704,
	3.87638 2.21704,
	3.91448 2.2658,
	3.92514 2.27646,
	3.94952 2.29018,
	3.96171 2.29627,
	3.97543 2.32065,
	3.98609 2.34503,
	3.99219 2.36941,
	4.00743 2.39379,
	4.01657 2.40446,
	4.06533 2.42884,
	4.08971 2.44103,
	4.1019 2.4456,
	4.10952 2.45626,
	4.11409 2.46845,
	4.11713 2.49283,
	4.11713 2.50502,
	4.10494 2.5294,
	4.1019 2.55378,
	4.10342 2.57816,
	4.10342 2.59035,
	4.10494 2.59645,
	4.10494 2.59949,
	4.08057 2.62387,
	4.07447 2.62844,
	4.02571 2.62844,
	3.92819 2.63454,
	3.87943 2.63911,
	3.86724 2.64063,
	3.84286 2.65587,
	3.83677 2.65892,
	3.81696 2.6833,
	3.81239 2.68939,
	3.78801 2.69854,
	3.77582 2.70158,
	3.76972 2.70463,
	3.74534 2.68787,
	3.73925 2.6833,
	3.7362 2.68025,
	3.68744 2.67111,
	3.63868 2.70311,
	3.62649 2.71073,
	3.6204 2.7153,
	3.57164 2.72292,
	3.54726 2.73511,
	3.54116 2.73815,
	3.51678 2.7412,
	3.50459 2.73511,
	3.48021 2.71835,
	3.46802 2.71073,
	3.44517 2.68787,
	3.42231 2.63911,
	3.41469 2.62692,
	3.39031 2.60406,
	3.37812 2.5934,
	3.32936 2.56902,
	3.30803 2.54616,
	3.29736 2.53397,
	3.28975 2.52178,
	3.26994 2.42426,
	3.26537 2.4136,
	"/>
</Transform>

<Transform dim="6"
 xcoef=" 0.0446874446926857 1.01761928370745 -0.0231945005889915 0 0 0"
 ycoef=" -0.163116029753597 0.0201428596538127 1.00140857851713 0 0 0">
<Contour name="D10" hidden="false" closed="true" simplified="true" border="0 1 1" fill="0 1 1" mode="11"
 points="5.93148 1.71583,
	5.93801 1.67791,
	5.95695 1.64371,
	5.98646 1.61656,
	6.02363 1.59914,
	6.06484 1.59313,
	6.10606 1.59914,
	6.14323 1.61656,
	6.17274 1.64371,
	6.19168 1.67791,
	6.19821 1.71583,
	6.19168 1.75374,
	6.17274 1.78794,
	6.14323 1.81509,
	6.10606 1.83251,
	6.06484 1.83852,
	6.02363 1.83251,
	5.98646 1.81509,
	5.95695 1.78794,
	"/>
</Transform>

<Transform dim="6"
 xcoef=" 0.0446874446926857 1.01761928370745 -0.0231945005889915 0 0 0"
 ycoef=" -0.163116029753597 0.0201428596538127 1.00140857851713 0 0 0">
<Contour name="d01c37a" hidden="false" closed="true" simplified="true" border="0 1 0" fill="0 1 0" mode="9"
 points="3.51183 5.79197,
	3.52455 5.77161,
	3.53473 5.76143,
	3.54491 5.74362,
	3.56018 5.72581,
	3.58054 5.72835,
	3.58563 5.7309,
	3.57799 5.77161,
	3.5729 5.79197,
	3.54491 5.8276,
	3.53473 5.83523,
	3.52455 5.83523,
	3.51946 5.83523,
	3.51183 5.82505,
	3.51183 5.8047,
	3.51183 5.79452,
	"/>
<Contour name="d01cfa37a" hidden="false" closed="false" simplified="false" border="0 1 1" fill="0 1 1" mode="9"
 points="3.52741 5.83353,
	3.5554 5.78264,
	3.57831 5.72156,
	"/>
</Transform>

<Transform dim="6"
 xcoef=" 0.0446874446926857 1.01761928370745 -0.0231945005889915 0 0 0"
 ycoef=" -0.163116029753597 0.0201428596538127 1.00140857851713 0 0 0">
<Contour name="d03" hidden="false" closed="true" simplified="true" border="0 1 0" fill="0 1 0" mode="9"
 points="4.30151 2.68844,
	4.32365 2.66314,
	4.34579 2.64733,
	4.35528 2.64416,
	4.40272 2.61254,
	4.45333 2.5904,
	4.47863 2.58407,
	4.52924 2.5556,
	4.55454 2.53663,
	4.57668 2.52397,
	4.67789 2.52081,
	4.7032 2.52714,
	4.7538 2.52714,
	4.80125 2.56193,
	4.85185 2.57774,
	4.87715 2.58723,
	4.89929 2.60621,
	4.92143 2.63151,
	4.92776 2.64416,
	4.92776 2.69477,
	4.9246 2.70742,
	4.91827 2.71375,
	4.91511 2.7264,
	4.91511 2.73272,
	4.87715 2.777,
	4.85185 2.79598,
	4.80125 2.81812,
	4.77594 2.81496,
	4.76329 2.8118,
	4.75064 2.80231,
	4.70003 2.79282,
	4.59882 2.78966,
	4.49761 2.78017,
	4.447 2.77068,
	4.3964 2.75486,
	4.34579 2.74538,
	4.33314 2.74221,
	4.30784 2.72007,
	4.30151 2.70742,
	4.30151 2.69477,
	4.30151 2.69161,
	"/>
</Transform>

<Transform dim="6"
 xcoef=" 0.0446874446926857 1.01761928370745 -0.0231945005889915 0 0 0"
 ycoef=" -0.163116029753597 0.0201428596538127 1.00140857851713 0 0 0">
<Contour name="d03" hidden="false" closed="true" simplified="true" border="0 1 0" fill="0 1 0" mode="9"
 points="3.00789 2.777,
	3.02055 2.7517,
	3.06799 2.70426,
	3.07748 2.67896,
	3.09646 2.65682,
	3.12176 2.63151,
	3.17236 2.59988,
	3.19767 2.5904,
	3.21032 2.58407,
	3.23562 2.58723,
	3.24827 2.5904,
	3.25776 2.59988,
	3.26725 2.65049,
	3.27041 2.7517,
	3.27041 2.777,
	3.27041 2.78966,
	3.2546 2.81496,
	3.24827 2.82129,
	3.24827 2.82761,
	3.21348 2.87505,
	3.19134 2.89087,
	3.16604 2.89719,
	3.14074 2.89719,
	3.11543 2.88138,
	3.06483 2.84026,
	3.01738 2.80547,
	3.00789 2.78333,
	3.00789 2.78017,
	"/>
</Transform>

<Transform dim="6"
 xcoef=" 0.0446874446926857 1.01761928370745 -0.0231945005889915 0 0 0"
 ycoef=" -0.163116029753597 0.0201428596538127 1.00140857851713 0 0 0">
<Contour name="d03" hidden="false" closed="true" simplified="true" border="0 1 0" fill="0 1 0" mode="9"
 points="3.74801 2.04638,
	3.7828 2.0021,
	3.80494 1.97996,
	3.81443 1.96731,
	3.83973 1.95149,
	3.86503 1.95149,
	3.88085 1.97363,
	3.90615 1.97363,
	3.9188 1.97363,
	3.93145 1.98312,
	3.93462 2.00843,
	3.93462 2.02108,
	3.92829 2.03373,
	3.92513 2.04005,
	3.91248 2.04322,
	3.89034 2.06852,
	3.86503 2.08117,
	3.85238 2.09066,
	3.80178 2.09382,
	3.77647 2.09382,
	3.75117 2.07168,
	3.74801 2.04954,
	"/>
</Transform>

<Transform dim="6"
 xcoef=" 0.0446874446926857 1.01761928370745 -0.0231945005889915 0 0 0"
 ycoef=" -0.163116029753597 0.0201428596538127 1.00140857851713 0 0 0">
<Contour name="d03p26" hidden="false" closed="true" simplified="false" border="0 0 1" fill="0 0 1" mode="9"
 points="3.50511 2.27997,
	3.4702 2.24506,
	3.50511 2.21015,
	3.54002 2.24506,
	"/>
</Transform>

<Transform dim="6"
 xcoef=" 0.0446874446926857 1.01761928370745 -0.0231945005889915 0 0 0"
 ycoef=" -0.163116029753597 0.0201428596538127 1.00140857851713 0 0 0">
<Contour name="d03p27" hidden="false" closed="true" simplified="false" border="1 0 1" fill="1 0 1" mode="9"
 points="3.84923 2.60415,
	3.84923 2.5842,
	3.86918 2.56425,
	3.88913 2.56425,
	3.90908 2.5842,
	3.90908 2.60415,
	3.88913 2.62409,
	3.86918 2.62409,
	"/>
</Transform>

<Transform dim="6"
 xcoef=" 0.0446874446926857 1.01761928370745 -0.0231945005889915 0 0 0"
 ycoef=" -0.163116029753597 0.0201428596538127 1.00140857851713 0 0 0">
<Contour name="d03c27" hidden="false" closed="true" simplified="true" border="1 0 0" fill="1 0 0" mode="9"
 points="3.81099 2.66798,
	3.81661 2.65674,
	3.82784 2.64551,
	3.87278 2.62585,
	3.89524 2.62585,
	3.90648 2.62585,
	3.91209 2.62585,
	3.91771 2.63147,
	3.92052 2.6427,
	3.92894 2.65393,
	3.90929 2.6764,
	3.90086 2.68763,
	3.89524 2.69325,
	3.87278 2.69606,
	3.85031 2.70448,
	3.82784 2.70448,
	3.81661 2.69606,
	3.81099 2.69044,
	3.81099 2.67078,
	"/>
<Contour name="d03cfa27" hidden="false" closed="false" simplified="false" border="0 1 1" fill="0 1 1" mode="9"
 points="3.8247 2.69918,
	3.84998 2.65986,
	3.87244 2.64863,
	3.92019 2.63739,
	"/>
</Transform>

<Transform dim="6"
 xcoef=" 0.0446874446926857 1.01761928370745 -0.0231945005889915 0 0 0"
 ycoef=" -0.163116029753597 0.0201428596538127 1.00140857851713 0 0 0">
<Contour name="d06" hidden="false" closed="true" simplified="true" border="0 0 1" fill="0 0 1" mode="9"
 points="2.97385 6.90493,
	3.01473 6.85724,
	3.06583 6.74823,
	3.09308 6.72779,
	3.10671 6.71416,
	3.13396 6.70054,
	3.35197 6.69713,
	3.46098 6.69713,
	3.51548 6.69713,
	3.54273 6.69372,
	3.55636 6.69372,
	3.58361 6.6801,
	3.59043 6.67669,
	3.60064 6.68691,
	3.61086 6.69032,
	3.63812 6.71076,
	3.63471 6.73801,
	3.59724 6.7857,
	3.56999 6.80273,
	3.54273 6.80614,
	3.51548 6.82317,
	3.51889 6.8368,
	3.53252 6.8402,
	3.55636 6.86064,
	3.56999 6.86746,
	3.56999 6.89471,
	3.56658 6.90833,
	3.54614 6.93558,
	3.54614 6.9424,
	3.53592 6.95602,
	3.53252 7.01053,
	3.53592 7.02415,
	3.53592 7.03097,
	3.54273 7.03778,
	3.54273 7.04459,
	3.55295 7.05481,
	3.55295 7.08206,
	3.5257 7.0991,
	3.51208 7.1025,
	3.48823 7.12635,
	3.43373 7.14679,
	3.42691 7.1536,
	3.37241 7.17404,
	3.34516 7.17744,
	3.33835 7.18426,
	3.28384 7.20129,
	3.25659 7.21151,
	3.24978 7.21832,
	3.19527 7.22854,
	3.16802 7.23876,
	3.16121 7.23876,
	3.14758 7.24898,
	3.09308 7.27283,
	3.06583 7.27623,
	3.0522 7.27283,
	3.00111 7.22514,
	2.9977 7.17063,
	2.9977 7.14338,
	2.98067 7.11613,
	2.97385 7.1025,
	2.97385 6.99349,
	2.97385 6.93899,
	2.97385 6.91174,
	2.97385 6.90833,
	"/>
<Contour name="d06" hidden="false" closed="true" simplified="true" border="0 0 1" fill="0 0 1" mode="9"
 points="3.63471 6.59494,
	3.66537 6.54043,
	3.69262 6.51659,
	3.70625 6.50637,
	3.7335 6.50296,
	3.76075 6.48934,
	3.76756 6.48252,
	3.79481 6.4723,
	3.82207 6.45527,
	3.82888 6.44846,
	3.8425 6.45187,
	3.86635 6.47571,
	3.86976 6.50296,
	3.86976 6.51659,
	3.86294 6.53021,
	3.84932 6.54384,
	3.79481 6.58131,
	3.76756 6.58472,
	3.75394 6.59494,
	3.74712 6.60175,
	3.74031 6.60175,
	3.7335 6.60856,
	3.73009 6.62219,
	3.71647 6.63581,
	3.68921 6.64944,
	3.66196 6.64944,
	3.64834 6.64263,
	3.63471 6.629,
	3.63471 6.60175,
	3.63471 6.59834,
	"/>
</Transform>

<Transform dim="6"
 xcoef=" 0.0446874446926857 1.01761928370745 -0.0231945005889915 0 0 0"
 ycoef=" -0.163116029753597 0.0201428596538127 1.00140857851713 0 0 0">
<Contour name="d06p21" hidden="false" closed="true" simplified="false" border="1 0.5 0" fill="1 0.5 0" mode="9"
 points="3.46748 6.77782,
	3.46748 6.76806,
	3.47724 6.7583,
	3.48701 6.7583,
	3.49677 6.76806,
	3.49677 6.77782,
	3.48701 6.78759,
	3.47724 6.78759,
	"/>
</Transform>

<Transform dim="6"
 xcoef=" 0.0446874446926857 1.01761928370745 -0.0231945005889915 0 0 0"
 ycoef=" -0.163116029753597 0.0201428596538127 1.00140857851713 0 0 0">
<Contour name="d07" hidden="false" closed="true" simplified="true" border="1 0 1" fill="1 0 1" mode="9"
 points="3.62292 7.23678,
	3.6592 7.20503,
	3.67733 7.19597,
	3.69547 7.17783,
	3.76802 7.17329,
	3.79976 7.1869,
	4.08996 7.1869,
	4.16251 7.1869,
	4.19878 7.18236,
	4.21692 7.17329,
	4.28947 7.17783,
	4.31667 7.2141,
	4.31667 7.28665,
	4.33028 7.32293,
	4.36202 7.35467,
	4.39829 7.36374,
	4.43457 7.38641,
	4.49805 7.45442,
	4.50711 7.45896,
	4.50711 7.49523,
	4.52072 7.50883,
	4.55699 7.50883,
	4.59327 7.49977,
	4.66582 7.45896,
	4.70209 7.43629,
	4.72023 7.42722,
	4.7565 7.39094,
	4.82905 7.38641,
	4.86533 7.38641,
	4.88346 7.38641,
	4.91974 7.3728,
	4.93787 7.3592,
	4.97415 7.3456,
	5.01042 7.3592,
	5.01949 7.36374,
	5.01949 7.38187,
	5.00136 7.41815,
	4.96508 7.43175,
	4.95601 7.44082,
	4.94694 7.44082,
	4.87439 7.49523,
	4.80185 7.54057,
	4.78371 7.54964,
	4.77464 7.54964,
	4.76557 7.55871,
	4.7293 7.57231,
	4.71116 7.57685,
	4.70209 7.58592,
	4.69302 7.58592,
	4.68395 7.59499,
	4.67488 7.59499,
	4.63861 7.62219,
	4.62501 7.65847,
	4.62501 7.69474,
	4.64768 7.76729,
	4.66128 7.80357,
	4.67035 7.8217,
	4.67035 7.85798,
	4.66128 7.87611,
	4.58873 7.91692,
	4.44363 7.91692,
	4.37108 7.92146,
	4.29854 7.91692,
	4.26226 7.90785,
	4.24412 7.90785,
	4.17157 7.88065,
	4.16251 7.88065,
	4.09449 7.8217,
	4.08089 7.78543,
	4.08089 7.76729,
	4.06275 7.73102,
	4.03555 7.69474,
	3.99927 7.663,
	3.92672 7.6358,
	3.85417 7.57231,
	3.8179 7.55418,
	3.78616 7.52244,
	3.76349 7.48616,
	3.72721 7.45442,
	3.65466 7.42268,
	3.62292 7.38641,
	3.62292 7.24131,
	"/>
</Transform>

<Transform dim="6"
 xcoef=" 0.0446874446926857 1.01761928370745 -0.0231945005889915 0 0 0"
 ycoef=" -0.163116029753597 0.0201428596538127 1.00140857851713 0 0 0">
<Contour name="d07" hidden="false" closed="true" simplified="true" border="1 0 1" fill="1 0 1" mode="9"
 points="4.41643 6.53849,
	4.4391 6.50675,
	4.51165 6.50675,
	4.52979 6.50675,
	4.53885 6.50675,
	4.55246 6.52489,
	4.55699 6.59744,
	4.54339 6.61104,
	4.47084 6.61557,
	4.43457 6.6065,
	4.41643 6.5929,
	4.41643 6.55663,
	4.41643 6.54302,
	"/>
</Transform>

<Transform dim="6"
 xcoef=" 0.0446874446926857 1.01761928370745 -0.0231945005889915 0 0 0"
 ycoef=" -0.163116029753597 0.0201428596538127 1.00140857851713 0 0 0">
<Contour name="d01p28" hidden="false" closed="true" simplified="false" border="1 0 0" fill="1 0 0" mode="-9"
 points="5.39884 4.40551,
	5.37926 4.40551,
	5.37926 4.41531,
	5.38905 4.4251,
	5.41843 4.43489,
	5.39884 4.44469,
	5.38905 4.46427,
	5.36947 4.44469,
	5.35967 4.4251,
	5.35967 4.40551,
	5.34009 4.40551,
	5.36947 4.38593,
	"/>
</Transform>

<Transform dim="6"
 xcoef=" 0.0446874446926857 1.01761928370745 -0.0231945005889915 0 0 0"
 ycoef=" -0.163116029753597 0.0201428596538127 1.00140857851713 0 0 0">
<Contour name="d03p25" hidden="false" closed="true" simplified="false" border="1 1 0" fill="1 1 0" mode="-9"
 points="4.02804 2.55751,
	4.02804 2.51049,
	3.98102 2.51049,
	3.98102 2.55163,
	3.97514 2.55751,
	3.97514 2.50461,
	4.03392 2.50461,
	4.03392 2.56338,
	3.97514 2.56338,
	3.98102 2.55751,
	"/>
</Transform>

<Transform dim="6"
 xcoef=" 0.0446874446926857 1.01761928370745 -0.0231945005889915 0 0 0"
 ycoef=" -0.163116029753597 0.0201428596538127 1.00140857851713 0 0 0">
<Contour name="d06p21" hidden="false" closed="true" simplified="false" border="1 0 0" fill="1 0 0" mode="-9"
 points="3.48436 6.76864,
	3.48436 6.76368,
	3.48932 6.75872,
	3.49429 6.75872,
	3.49925 6.76368,
	3.49925 6.76864,
	3.49429 6.77361,
	3.48932 6.77361,
	"/>
</Transform>

<Transform dim="6"
 xcoef=" 0.0446874446926857 1.01761928370745 -0.0231945005889915 0 0 0"
 ycoef=" -0.163116029753597 0.0201428596538127 1.00140857851713 0 0 0">
<Contour name="d07p31" hidden="false" closed="true" simplified="false" border="1 0.5 0" fill="1 0.5 0" mode="-13"
 points="4.54893 7.59747,
	4.54893 7.59251,
	4.55389 7.58754,
	4.55885 7.58754,
	4.56382 7.59251,
	4.56382 7.59747,
	4.55885 7.60243,
	4.55389 7.60243,
	"/>
</Transform>

<Transform dim="0"
 xcoef=" 0 1 0 0 0 0"
 ycoef=" 0 0 1 0 0 0">
<Contour name="d01cfa35ax04" hidden="false" closed="false" simplified="false" border="0 1 1" fill="0 1 1" mode="9"
 points="3.82628 4.80187,
	3.81648 4.82299,
	3.80255 4.84418,
	3.77857 4.87605,
	3.74819 4.89757,
	3.71378 4.92336,
	3.68306 4.93025,
	3.63569 4.92912,
	3.59047 4.93212,
	3.55358 4.93914,
	3.51859 4.93984,
	3.47917 4.926,
	3.43955 4.90378,
	3.40616 4.88354,
	3.39334 4.86287,
	"/>
<Contour name="d01" hidden="false" closed="true" simplified="true" border="1 0.5 0" fill="1 0.5 0" mode="9"
 points="3.22009 5.02434,
	3.29116 4.89112,
	3.32347 4.86327,
	3.33132 4.84639,
	3.36175 4.82694,
	3.39514 4.84719,
	3.41854 4.88019,
	3.43533 4.89449,
	3.44375 4.90269,
	3.47706 4.91876,
	3.49366 4.9247,
	3.55969 4.93174,
	3.59266 4.93316,
	3.65827 4.92139,
	3.72377 4.90543,
	3.75646 4.89431,
	3.78894 4.87483,
	3.80464 4.84105,
	3.81661 4.82407,
	3.83231 4.79028,
	3.83604 4.77347,
	3.84389 4.75658,
	3.85585 4.73961,
	3.8637 4.72272,
	3.87773 4.7057,
	3.88577 4.69717,
	3.90212 4.69266,
	3.91026 4.68831,
	3.94337 4.69601,
	3.95175 4.70212,
	3.95596 4.70622,
	3.95615 4.71458,
	3.96476 4.73114,
	3.96103 4.74795,
	3.96141 4.76468,
	3.98069 4.79776,
	3.99135 4.81428,
	3.99829 4.84761,
	4.00073 4.8643,
	3.99532 4.89787,
	3.99345 4.90628,
	3.94971 4.97409,
	3.93981 4.99103,
	3.93608 5.00784,
	3.92205 5.02486,
	3.91401 5.03339,
	3.88138 5.0466,
	3.86515 5.05738,
	3.80084 5.12561,
	3.7682 5.13882,
	3.76007 5.14316,
	3.72715 5.14383,
	3.71064 5.14207,
	3.67734 5.126,
	3.66068 5.11797,
	3.65236 5.11395,
	3.58642 5.1111,
	3.55336 5.10549,
	3.42082 5.0705,
	3.40421 5.06456,
	3.27253 5.06721,
	3.23961 5.06787,
	3.23138 5.06804,
	3.22305 5.06402,
	3.22024 5.03061,
	3.22014 5.02642,
	"/>
</Transform>

<Transform dim="0"
 xcoef=" 0 1 0 0 0 0"
 ycoef=" 0 0 1 0 0 0">
<Contour name="ax04" comment="LK bouton trace named after cfa" hidden="false" closed="true" simplified="true" border="0 1 1" fill="0.502 1 1" mode="9"
 points="3.2598 4.55661,
	3.27401 4.52819,
	3.27845 4.52108,
	3.29177 4.50687,
	3.30332 4.49266,
	3.31753 4.47844,
	3.33263 4.45002,
	3.34062 4.43581,
	3.35128 4.4216,
	3.37882 4.39317,
	3.39125 4.37896,
	3.39214 4.37186,
	3.39569 4.36475,
	3.40902 4.35676,
	3.41257 4.35498,
	3.44099 4.35409,
	3.45521 4.35232,
	3.46231 4.35054,
	3.47652 4.34255,
	3.49074 4.33011,
	3.49784 4.32656,
	3.50139 4.32567,
	3.50228 4.32478,
	3.51649 4.33277,
	3.53071 4.33722,
	3.54492 4.3381,
	3.55913 4.33455,
	3.56623 4.33277,
	3.58045 4.32212,
	3.59466 4.31501,
	3.60887 4.31057,
	3.61598 4.30702,
	3.62308 4.30524,
	3.63729 4.29813,
	3.63907 4.29813,
	3.64706 4.28392,
	3.65417 4.2777,
	3.66127 4.28037,
	3.66838 4.28748,
	3.67282 4.29458,
	3.68703 4.30346,
	3.70124 4.31057,
	3.72967 4.33011,
	3.74388 4.3381,
	3.7723 4.3612,
	3.77941 4.3683,
	3.79007 4.38252,
	3.79806 4.39673,
	3.80339 4.40383,
	3.8176 4.4136,
	3.84603 4.42515,
	3.85313 4.42693,
	3.86734 4.43403,
	3.87445 4.43847,
	3.88777 4.45269,
	3.89932 4.4669,
	3.90554 4.48111,
	3.90643 4.48821,
	3.90198 4.50243,
	3.89577 4.51664,
	3.8931 4.53085,
	3.89843 4.54506,
	3.91264 4.57348,
	3.91886 4.5877,
	3.92153 4.5948,
	3.92419 4.62323,
	3.92419 4.63033,
	3.9233 4.63388,
	3.92508 4.6481,
	3.92597 4.65165,
	3.9233 4.65875,
	3.91442 4.67297,
	3.89044 4.70139,
	3.878 4.7156,
	3.84958 4.74225,
	3.84247 4.74935,
	3.82204 4.77778,
	3.80606 4.8062,
	3.79806 4.82041,
	3.78829 4.83462,
	3.77497 4.84884,
	3.76875 4.85594,
	3.74033 4.87459,
	3.7119 4.88792,
	3.68348 4.89769,
	3.66927 4.90213,
	3.65506 4.90479,
	3.62663 4.90657,
	3.61242 4.90657,
	3.584 4.91012,
	3.56979 4.91368,
	3.54136 4.91456,
	3.52715 4.91456,
	3.49873 4.91101,
	3.48452 4.90835,
	3.45609 4.89502,
	3.44188 4.88792,
	3.43478 4.88348,
	3.42057 4.87015,
	3.41524 4.86305,
	3.40724 4.84884,
	3.38326 4.82041,
	3.36905 4.80709,
	3.31309 4.76801,
	3.30865 4.75379,
	3.30243 4.73958,
	3.29355 4.72537,
	3.28733 4.71116,
	3.28289 4.68274,
	3.27756 4.66852,
	3.27045 4.65431,
	3.2669 4.64721,
	3.26424 4.633,
	3.26335 4.61878,
	3.26424 4.59036,
	3.26157 4.57615,
	3.2598 4.5726,
	3.2598 4.55838,
	3.2598 4.5575,
	"/>
</Transform>

<Transform dim="0"
 xcoef=" 0 1 0 0 0 0"
 ycoef=" 0 0 1 0 0 0">
<Contour name="ax12" comment="LK bouton trace named after cfa" hidden="false" closed="true" simplified="true" border="0 1 1" fill="0.502 1 1" mode="9"
 points="2.46934 2.3469,
	2.47149 2.32971,
	2.48116 2.31253,
	2.48653 2.30393,
	2.51983 2.27601,
	2.52735 2.27171,
	2.53164 2.26849,
	2.53379 2.26849,
	2.53594 2.26634,
	2.54023 2.26527,
	2.54238 2.26312,
	2.57675 2.25238,
	2.58535 2.24808,
	2.58964 2.24486,
	2.59394 2.24378,
	2.60146 2.23734,
	2.60575 2.23627,
	2.6079 2.23412,
	2.61005 2.23412,
	2.61112 2.23197,
	2.61542 2.2309,
	2.63153 2.21908,
	2.64657 2.20189,
	2.65516 2.19652,
	2.67235 2.1933,
	2.68953 2.1933,
	2.7239 2.19867,
	2.74109 2.19975,
	2.74968 2.20189,
	2.78405 2.20189,
	2.80124 2.20189,
	2.81843 2.19975,
	2.82702 2.19867,
	2.82917 2.19652,
	2.83776 2.19545,
	2.84206 2.19438,
	2.8442 2.19438,
	2.84635 2.19223,
	2.88072 2.1933,
	2.88932 2.1933,
	2.9065 2.20297,
	2.91402 2.20941,
	2.91939 2.21801,
	2.92154 2.2266,
	2.92261 2.24378,
	2.92154 2.27816,
	2.91832 2.29534,
	2.91187 2.31253,
	2.90865 2.32112,
	2.9022 2.32971,
	2.89361 2.3383,
	2.88609 2.34475,
	2.86998 2.35442,
	2.86139 2.36086,
	2.85924 2.36301,
	2.85709 2.36301,
	2.8528 2.36731,
	2.84528 2.3716,
	2.84098 2.37482,
	2.80661 2.38771,
	2.78942 2.39416,
	2.78513 2.39738,
	2.78083 2.39845,
	2.77224 2.40382,
	2.76794 2.40597,
	2.76579 2.40812,
	2.7615 2.40919,
	2.76042 2.41134,
	2.75828 2.41134,
	2.75613 2.41349,
	2.75398 2.41349,
	2.74968 2.41671,
	2.74539 2.41779,
	2.7282 2.42853,
	2.7239 2.4296,
	2.70672 2.43927,
	2.70457 2.43927,
	2.70027 2.44249,
	2.69813 2.44249,
	2.69383 2.44571,
	2.67664 2.45108,
	2.67235 2.45431,
	2.63798 2.46505,
	2.62079 2.46934,
	2.58642 2.47149,
	2.56924 2.47042,
	2.55205 2.4672,
	2.53486 2.45968,
	2.53057 2.45646,
	2.52842 2.45646,
	2.51983 2.44786,
	2.50586 2.43175,
	2.49834 2.42316,
	2.4919 2.41671,
	2.48546 2.40812,
	2.47042 2.37375,
	2.46934 2.35656,
	2.46934 2.34797,
	"/>
</Transform>

<Transform dim="0"
 xcoef=" 0 1 0 0 0 0"
 ycoef=" 0 0 1 0 0 0">
<Contour name="ax20" comment="LK bouton trace named after cfa" hidden="false" closed="true" simplified="true" border="0 1 1" fill="0.502 1 1" mode="9"
 points="6.33419 9.02785,
	6.33781 9.01334,
	6.33781 8.98431,
	6.34144 8.95529,
	6.35051 8.92627,
	6.35232 8.91901,
	6.37228 8.8918,
	6.38679 8.88092,
	6.41581 8.87366,
	6.44483 8.87366,
	6.45935 8.87911,
	6.4666 8.88092,
	6.48111 8.88999,
	6.49562 8.9045,
	6.50288 8.91176,
	6.5192 8.93715,
	6.53553 8.96617,
	6.54641 8.9952,
	6.54641 9.05324,
	6.54279 9.06775,
	6.53916 9.07501,
	6.53916 9.07864,
	6.53372 9.08589,
	6.5319 9.09315,
	6.52827 9.09678,
	6.51739 9.1258,
	6.51195 9.13305,
	6.51013 9.14031,
	6.49925 9.15301,
	6.48655 9.16208,
	6.47204 9.17659,
	6.47204 9.18022,
	6.46297 9.19473,
	6.46116 9.20198,
	6.45028 9.21468,
	6.44302 9.22012,
	6.414 9.22194,
	6.39949 9.22012,
	6.39223 9.22012,
	6.38497 9.21649,
	6.37228 9.20198,
	6.36865 9.14394,
	6.36321 9.11491,
	6.35958 9.11129,
	6.35414 9.09678,
	6.35051 9.08952,
	6.35051 9.08589,
	6.33419 9.05687,
	6.33419 9.02966,
	"/>
</Transform>

<Transform dim="0"
 xcoef=" 0 1 0 0 0 0"
 ycoef=" 0 0 1 0 0 0">
<Contour name="ax23" comment="LK bouton trace named after cfa" hidden="false" closed="true" simplified="true" border="0 1 1" fill="0.502 1 1" mode="9"
 points="4.08276 8.80807,
	4.08941 8.79626,
	4.09236 8.7933,
	4.116 8.7837,
	4.13963 8.77779,
	4.15145 8.77558,
	4.16327 8.77188,
	4.16917 8.77115,
	4.18099 8.76671,
	4.19281 8.76376,
	4.19872 8.76154,
	4.20167 8.76154,
	4.21349 8.75637,
	4.22531 8.75268,
	4.24894 8.74086,
	4.27257 8.73053,
	4.28439 8.72536,
	4.29621 8.72166,
	4.31984 8.71723,
	4.34348 8.70468,
	4.35529 8.69803,
	4.3612 8.69434,
	4.37302 8.69138,
	4.38483 8.6899,
	4.39074 8.69064,
	4.40256 8.69581,
	4.40847 8.69951,
	4.41364 8.70541,
	4.42029 8.71723,
	4.4225 8.74086,
	4.42324 8.75268,
	4.42546 8.7645,
	4.42472 8.78813,
	4.42029 8.79995,
	4.41807 8.80586,
	4.41659 8.81768,
	4.41512 8.82358,
	4.41512 8.82949,
	4.41733 8.84131,
	4.42176 8.85313,
	4.42324 8.85903,
	4.42324 8.86051,
	4.42546 8.86347,
	4.42619 8.86642,
	4.43063 8.87233,
	4.4417 8.88045,
	4.44761 8.88267,
	4.45352 8.88636,
	4.46534 8.89744,
	4.47198 8.90926,
	4.47715 8.92107,
	4.48011 8.92698,
	4.4838 8.9388,
	4.48602 8.94471,
	4.48823 8.96834,
	4.48676 8.98016,
	4.48528 8.98607,
	4.48232 8.99198,
	4.47125 9.00379,
	4.46534 9.00822,
	4.45943 9.0097,
	4.44761 9.00896,
	4.4417 9.00896,
	4.4358 9.00749,
	4.42989 9.00749,
	4.41807 9.00527,
	4.40625 9.00749,
	4.40034 9.00822,
	4.37671 9.02964,
	4.36489 9.03998,
	4.35898 9.04515,
	4.34717 9.05254,
	4.34126 9.05697,
	4.31763 9.06805,
	4.30581 9.07248,
	4.2999 9.07396,
	4.29695 9.07617,
	4.28513 9.07691,
	4.27922 9.07691,
	4.2674 9.07469,
	4.24377 9.06805,
	4.23786 9.06731,
	4.23195 9.06879,
	4.229 9.06952,
	4.21718 9.07691,
	4.21127 9.0806,
	4.19946 9.0843,
	4.18764 9.08503,
	4.17582 9.08134,
	4.17434 9.07986,
	4.17139 9.07913,
	4.15957 9.071,
	4.15366 9.06731,
	4.14259 9.05623,
	4.12708 9.0326,
	4.12265 9.02078,
	4.12117 9.00896,
	4.1256 8.98533,
	4.12708 8.97942,
	4.12708 8.95579,
	4.12634 8.94397,
	4.11969 8.92034,
	4.11452 8.90852,
	4.11157 8.90261,
	4.10935 8.89966,
	4.10714 8.89375,
	4.09975 8.88193,
	4.08867 8.8583,
	4.0835 8.83466,
	4.08276 8.81103,
	4.08276 8.80881,
	"/>
</Transform>

<Transform dim="0"
 xcoef=" 0 1 0 0 0 0"
 ycoef=" 0 0 1 0 0 0">
<Contour name="d01c35ax04" hidden="false" closed="true" simplified="true" border="0 1 0" fill="0 1 0" mode="9"
 points="3.35483 4.89621,
	3.40544 4.85113,
	3.43075 4.82899,
	3.43707 4.82345,
	3.43866 4.82187,
	3.53989 4.82978,
	3.56519 4.83215,
	3.66642 4.82899,
	3.69173 4.82741,
	3.74235 4.78865,
	3.755 4.77916,
	3.76133 4.77442,
	3.76449 4.77205,
	3.86572 4.82029,
	3.87758 4.82661,
	3.8159 4.92784,
	3.80087 4.95315,
	3.75025 4.97846,
	3.72495 4.99032,
	3.71229 4.99665,
	3.61106 4.99744,
	3.50983 4.99665,
	3.49718 4.99586,
	3.39595 4.92547,
	3.37064 4.90728,
	3.35799 4.89858,
	3.35562 4.897,
	"/>
</Transform>

<Transform dim="6"
 xcoef=" -0.537701945016068 1.13385833453685 0.0502856801658155 0 0 0"
 ycoef=" -1.13696502494901 0.0222781281082421 1.04659576730848 0 0 0">
<Image mag="0.00217507" contrast="0.917" brightness="0.12" red="true" green="true" blue="true"
 src="FHLTD.176.jpg" />
<Contour name="domain1" hidden="false" closed="true" simplified="false" border="1 0 1" fill="1 0 1" mode="11"
 points="0 0,
	4096 0,
	4096 4096,
	0 4096,
	"/>
</Transform>

</Section>