<?xml version="1.0"?>
<!DOCTYPE Section SYSTEM "section.dtd">

<Section index="219" thickness="0.045" alignLocked="true">
<Transform dim="6"
 xcoef=" -1.35488481446828 1.15256689492553 0.137207765473818 0 0 0"
 ycoef=" -1.6953553017447 0.0510620688774192 1.00318814188614 0 0 0">
<Image mag="0.00217507" contrast="0.917" brightness="0.12" red="true" green="true" blue="true"
 src="FHLTD.219.jpg" />
<Contour name="domain1" hidden="false" closed="true" simplified="false" border="1 0 1" fill="1 0 1" mode="11"
 points="0 0,
	4096 0,
	4096 4096,
	0 4096,
	"/>
</Transform>

<Transform dim="6"
 xcoef=" -1.67212535356819 1.0081619887597 -0.021891705946757 0 0 0"
 ycoef=" -0.779707541914752 0.0132164509415794 0.986712221313614 0 0 0">
<Contour name="D04" hidden="false" closed="true" simplified="true" border="1 0 0" fill="1 0 0" mode="11"
 points="5.46492 7.28996,
	5.46778 7.25096,
	5.47628 7.21281,
	5.49024 7.17634,
	5.50936 7.14235,
	5.53323 7.11158,
	5.56131 7.0847,
	5.59299 7.0623,
	5.6276 7.04487,
	5.66436 7.03278,
	5.70248 7.0263,
	5.74113 7.02558,
	5.77947 7.03063,
	5.81665 7.04133,
	5.85186 7.05746,
	5.88435 7.07866,
	5.91339 7.10447,
	5.93836 7.13432,
	5.95871 7.16758,
	5.97399 7.2035,
	5.98388 7.24131,
	5.98816 7.28018,
	5.98673 7.31926,
	5.97963 7.35771,
	5.96701 7.39467,
	5.94914 7.42936,
	5.92642 7.461,
	5.89934 7.48891,
	5.86849 7.51248,
	5.83455 7.53119,
	5.79825 7.54464,
	5.76039 7.55254,
	5.72179 7.55471,
	5.6833 7.5511,
	5.64576 7.54179,
	5.60998 7.52699,
	5.57674 7.50702,
	5.54678 7.48231,
	5.52073 7.45341,
	5.49918 7.42094,
	5.48259 7.38562,
	5.47133 7.3482,
	"/>
</Transform>

<Transform dim="6"
 xcoef=" 0.637874646431816 1.0081619887597 -0.021891705946757 0 0 0"
 ycoef=" 0.150292458085249 0.0132164509415794 0.986712221313614 0 0 0">
<Contour name="D05" hidden="false" closed="true" simplified="true" border="1 1 0" fill="1 1 0" mode="11"
 points="2.69299 3.97404,
	2.70475 3.90163,
	2.73888 3.83632,
	2.79205 3.78448,
	2.85904 3.7512,
	2.93329 3.73974,
	3.00755 3.7512,
	3.07454 3.78448,
	3.12771 3.83632,
	3.16184 3.90163,
	3.1736 3.97404,
	3.16184 4.04644,
	3.12771 4.11175,
	3.07454 4.16359,
	3.00755 4.19687,
	2.93329 4.20833,
	2.85904 4.19687,
	2.79205 4.16359,
	2.73888 4.11175,
	"/>
</Transform>

<Transform dim="6"
 xcoef=" 0.0378746464318156 1.0081619887597 -0.021891705946757 0 0 0"
 ycoef=" 0.000292458085248304 0.0132164509415794 0.986712221313614 0 0 0">
<Contour name="d01" hidden="false" closed="true" simplified="true" border="1 0.5 0" fill="1 0.5 0" mode="9"
 points="3.67066 5.66848,
	3.75057 5.62053,
	3.79319 5.58324,
	3.8145 5.56726,
	3.86245 5.48202,
	3.88376 5.4394,
	3.89974 5.35416,
	3.90507 5.26892,
	3.89974 5.18368,
	3.89442 5.14106,
	3.89442 5.11975,
	3.88909 5.10909,
	3.87843 5.12507,
	3.86778 5.12507,
	3.85712 5.10376,
	3.85712 5.09311,
	3.89442 5.06114,
	3.91573 5.04516,
	3.93704 5.04516,
	3.94769 5.03983,
	3.99031 5.05049,
	4.07555 5.01852,
	4.16079 4.99721,
	4.20341 4.97058,
	4.22472 4.95459,
	4.23538 4.94927,
	4.24071 4.95459,
	4.24603 4.93328,
	4.24071 4.91197,
	4.20874 4.86935,
	4.19809 4.82673,
	4.18743 4.80542,
	4.19276 4.78411,
	4.17145 4.76813,
	4.16079 4.75748,
	4.16079 4.73617,
	4.23538 4.65625,
	4.27267 4.62961,
	4.29398 4.6083,
	4.30464 4.59765,
	4.30996 4.42717,
	4.33127 4.34193,
	4.34193 4.32062,
	4.34193 4.30996,
	4.38455 4.28333,
	4.42717 4.26734,
	4.44848 4.26202,
	4.52839 4.30464,
	4.5497 4.31529,
	4.72018 4.34726,
	4.89066 4.35258,
	4.90132 4.35258,
	4.92263 4.37389,
	4.93861 4.41651,
	4.93861 4.43782,
	4.89066 4.52306,
	4.87468 4.56568,
	4.87468 4.58699,
	4.8587 4.62961,
	4.86403 4.67224,
	4.90665 4.69887,
	4.92796 4.70953,
	4.93328 4.72018,
	4.89599 4.74682,
	4.85337 4.75748,
	4.84272 4.76813,
	4.84804 4.78944,
	4.88534 4.79477,
	4.90665 4.8001,
	4.94927 4.83206,
	4.98656 4.85337,
	4.99721 4.86403,
	4.99721 4.88534,
	4.9173 4.96525,
	4.90132 5.00787,
	4.89066 5.02918,
	4.88001 5.02918,
	4.85337 5.0718,
	4.83739 5.09311,
	4.83206 5.11442,
	4.79477 5.15704,
	4.78944 5.19966,
	4.8001 5.22097,
	4.88001 5.29023,
	4.92263 5.32219,
	4.95459 5.35416,
	4.97058 5.37547,
	4.9759 5.39678,
	4.94927 5.48202,
	4.91197 5.51931,
	4.86935 5.52464,
	4.82673 5.51931,
	4.78411 5.50333,
	4.77879 5.48202,
	4.75748 5.46604,
	4.73617 5.46071,
	4.69355 5.47669,
	4.67224 5.47669,
	4.65092 5.48735,
	4.62961 5.48735,
	4.58699 5.50333,
	4.56568 5.50333,
	4.48577 5.5566,
	4.40053 5.62586,
	4.36324 5.66848,
	4.32062 5.70045,
	4.23538 5.70577,
	4.19276 5.70045,
	4.15014 5.67381,
	4.10752 5.66848,
	4.08621 5.67381,
	4.0063 5.74307,
	3.96367 5.7697,
	3.94236 5.7697,
	3.89974 5.73241,
	3.86778 5.70045,
	3.6973 5.67381,
	3.67599 5.67381,
	"/>
</Transform>

<Transform dim="6"
 xcoef=" 0.0378746464318156 1.0081619887597 -0.021891705946757 0 0 0"
 ycoef=" 0.000292458085248304 0.0132164509415794 0.986712221313614 0 0 0">
<Contour name="d01p43" hidden="false" closed="true" simplified="true" border="0 0 1" fill="0 0 1" mode="9"
 points="4.71911 5.36801,
	4.72138 5.35303,
	4.72797 5.33951,
	4.73823 5.32879,
	4.75116 5.3219,
	4.76549 5.31953,
	4.77982 5.3219,
	4.79274 5.32879,
	4.803 5.33951,
	4.80959 5.35303,
	4.81186 5.36801,
	4.80959 5.38299,
	4.803 5.3965,
	4.79274 5.40723,
	4.77982 5.41411,
	4.76549 5.41649,
	4.75116 5.41411,
	4.73823 5.40723,
	4.72797 5.3965,
	"/>
</Transform>

<Transform dim="6"
 xcoef=" 0.0378746464318156 1.0081619887597 -0.021891705946757 0 0 0"
 ycoef=" 0.000292458085248304 0.0132164509415794 0.986712221313614 0 0 0">
<Contour name="d01c40" hidden="false" closed="true" simplified="true" border="0 1 0" fill="0 1 0" mode="9"
 points="3.73392 5.67297,
	3.74138 5.66303,
	3.78115 5.66303,
	3.80104 5.66303,
	3.81098 5.66551,
	3.81596 5.66551,
	3.8259 5.67546,
	3.86319 5.69037,
	3.94274 5.69535,
	3.96263 5.70778,
	3.97257 5.71026,
	3.98252 5.72021,
	3.98997 5.73761,
	3.98997 5.7575,
	3.97754 5.77738,
	3.95766 5.77987,
	3.93777 5.78733,
	3.92782 5.78733,
	3.91788 5.78235,
	3.90794 5.77241,
	3.86816 5.74507,
	3.85822 5.73512,
	3.85325 5.73015,
	3.81347 5.72766,
	3.80353 5.72518,
	3.78364 5.70778,
	3.77369 5.69783,
	3.75381 5.69535,
	3.74386 5.69535,
	3.73889 5.69535,
	3.73392 5.69037,
	3.73392 5.68043,
	3.73392 5.67546,
	"/>
<Contour name="d01cfa40" hidden="false" closed="false" simplified="false" border="0 1 1" fill="0 1 1" mode="9"
 points="3.96048 5.77462,
	3.90828 5.73236,
	3.81878 5.69755,
	3.72929 5.67767,
	"/>
</Transform>

<Transform dim="6"
 xcoef=" 0.0378746464318156 1.0081619887597 -0.021891705946757 0 0 0"
 ycoef=" 0.000292458085248304 0.0132164509415794 0.986712221313614 0 0 0">
<Contour name="d06" hidden="false" closed="true" simplified="true" border="0 0 1" fill="0 0 1" mode="9"
 points="2.49013 6.54725,
	2.51398 6.5234,
	2.56848 6.51999,
	2.62299 6.48934,
	2.67749 6.4689,
	2.73199 6.4689,
	2.75584 6.48593,
	2.76606 6.49615,
	2.76606 6.55065,
	2.75925 6.56428,
	2.75925 6.57109,
	2.73199 6.59494,
	2.70474 6.60516,
	2.65024 6.60516,
	2.62299 6.60856,
	2.59573 6.61878,
	2.58211 6.61878,
	2.56848 6.6256,
	2.54123 6.6256,
	2.52761 6.6256,
	2.51398 6.61878,
	2.49354 6.59153,
	2.49013 6.56428,
	2.49013 6.55065,
	"/>
<Contour name="d06" hidden="false" closed="true" simplified="true" border="0 0 1" fill="0 0 1" mode="9"
 points="2.67408 7.26261,
	2.71155 7.2081,
	2.7354 7.18426,
	2.74903 7.17063,
	2.75584 7.15701,
	2.75243 7.1025,
	2.75243 7.07525,
	2.76946 7.048,
	2.82056 6.9969,
	2.841 6.96965,
	2.841 6.96284,
	2.86485 6.93558,
	2.87166 6.92877,
	2.87166 6.87427,
	2.87507 6.84702,
	2.89891 6.82658,
	2.91254 6.81295,
	2.96704 6.7857,
	2.98067 6.77889,
	3.03517 6.77889,
	3.06242 6.77207,
	3.08967 6.77207,
	3.11693 6.7857,
	3.17143 6.78911,
	3.18505 6.78911,
	3.19187 6.78911,
	3.20549 6.79933,
	3.26 6.79933,
	3.28725 6.79933,
	3.30088 6.79933,
	3.31109 6.82658,
	3.3145 6.85383,
	3.33835 6.87767,
	3.39285 6.88108,
	3.4201 6.88449,
	3.43373 6.88449,
	3.46098 6.90152,
	3.47461 6.91174,
	3.47801 6.96624,
	3.47461 6.99349,
	3.46439 7.00371,
	3.40988 7.02075,
	3.39626 7.03097,
	3.38944 7.04459,
	3.38944 7.26261,
	3.37922 7.31711,
	3.35879 7.34436,
	3.33153 7.36139,
	3.31791 7.37502,
	3.29066 7.38524,
	3.2634 7.38865,
	3.24978 7.38865,
	3.22253 7.40908,
	3.16802 7.4159,
	3.05902 7.4193,
	3.03176 7.4159,
	3.01814 7.4159,
	2.99089 7.40568,
	2.97726 7.39546,
	2.95001 7.38865,
	2.8955 7.40568,
	2.86825 7.39887,
	2.841 7.38524,
	2.82737 7.37502,
	2.82397 7.36139,
	2.81375 7.35117,
	2.75925 7.35117,
	2.73199 7.35117,
	2.70474 7.34436,
	2.69112 7.33074,
	2.6843 7.32392,
	2.6843 7.31711,
	2.67408 7.30348,
	2.67408 7.27623,
	2.67408 7.26601,
	"/>
</Transform>

<Transform dim="6"
 xcoef=" 0.0378746464318156 1.0081619887597 -0.021891705946757 0 0 0"
 ycoef=" 0.000292458085248304 0.0132164509415794 0.986712221313614 0 0 0">
<Contour name="d06" hidden="false" closed="true" simplified="true" border="0 0 1" fill="0 0 1" mode="9"
 points="3.46439 7.24557,
	3.51548 7.19107,
	3.54273 7.18085,
	3.59724 7.18085,
	3.62449 7.17744,
	3.6313 7.17744,
	3.65515 7.16041,
	3.76416 7.12635,
	3.77778 7.11953,
	3.79141 7.11953,
	3.79822 7.12294,
	3.80503 7.23195,
	3.75394 7.28305,
	3.73009 7.30689,
	3.69262 7.35458,
	3.66537 7.37843,
	3.65174 7.38524,
	3.59724 7.38524,
	3.56999 7.38524,
	3.55636 7.38524,
	3.50526 7.34436,
	3.49164 7.33414,
	3.48482 7.32733,
	3.48142 7.3137,
	3.4712 7.30008,
	3.46439 7.27283,
	3.46439 7.24898,
	"/>
</Transform>

<Transform dim="6"
 xcoef=" 0.0378746464318156 1.0081619887597 -0.021891705946757 0 0 0"
 ycoef=" 0.000292458085248304 0.0132164509415794 0.986712221313614 0 0 0">
<Contour name="d07" hidden="false" closed="true" simplified="true" border="1 0 1" fill="1 0 1" mode="9"
 points="4.5978 7.57685,
	4.60234 7.57231,
	4.60687 7.58138,
	4.60234 7.58592,
	4.5978 7.58138,
	"/>
<Contour name="d07" hidden="false" closed="true" simplified="true" border="1 0 1" fill="1 0 1" mode="9"
 points="4.18971 8.07109,
	4.19878 8.03482,
	4.24412 7.96227,
	4.30307 7.89425,
	4.31667 7.88518,
	4.35295 7.85344,
	4.37108 7.83531,
	4.38922 7.79903,
	4.4391 7.73102,
	4.47991 7.65847,
	4.48898 7.64033,
	4.52525 7.60859,
	4.59327 7.56325,
	4.60234 7.56325,
	4.63861 7.59499,
	4.65675 7.61312,
	4.66128 7.60406,
	4.69756 7.6358,
	4.71116 7.65393,
	4.73836 7.72648,
	4.74743 7.76276,
	4.75197 7.78089,
	4.78371 7.81717,
	4.79731 7.83531,
	4.80185 7.85344,
	4.81091 7.86251,
	4.82452 7.89879,
	4.83359 7.91692,
	4.83359 7.98947,
	4.80638 8.02575,
	4.80638 8.03482,
	4.75197 8.10283,
	4.72023 8.13457,
	4.68395 8.15271,
	4.66582 8.17085,
	4.64768 8.17991,
	4.62954 8.19805,
	4.6114 8.20259,
	4.57513 8.22979,
	4.50258 8.2706,
	4.44363 8.33861,
	4.43457 8.34768,
	4.4255 8.34768,
	4.41643 8.35675,
	4.34388 8.35675,
	4.27133 8.34768,
	4.25319 8.34315,
	4.21692 8.31594,
	4.19878 8.29781,
	4.18971 8.22526,
	4.18971 8.08016,
	4.18971 8.07562,
	"/>
</Transform>

<Transform dim="6"
 xcoef=" 0.0378746464318156 1.0081619887597 -0.021891705946757 0 0 0"
 ycoef=" 0.000292458085248304 0.0132164509415794 0.986712221313614 0 0 0">
<Contour name="d01p39a" hidden="false" closed="true" simplified="false" border="0 1 0" fill="0 1 0" mode="9"
 points="4.51097 4.61442,
	4.51097 4.58831,
	4.53709 4.58831,
	4.53709 4.5622,
	4.5632 4.5622,
	4.5632 4.58831,
	4.58931 4.58831,
	4.58931 4.61442,
	4.5632 4.61442,
	4.5632 4.64054,
	4.53709 4.64054,
	4.53709 4.61442,
	"/>
<Contour name="d01p39b" hidden="false" closed="true" simplified="false" border="0 1 0" fill="0 1 0" mode="9"
 points="4.51097 4.61442,
	4.51097 4.58831,
	4.53709 4.58831,
	4.53709 4.5622,
	4.5632 4.5622,
	4.5632 4.58831,
	4.58931 4.58831,
	4.58931 4.61442,
	4.5632 4.61442,
	4.5632 4.64054,
	4.53709 4.64054,
	4.53709 4.61442,
	"/>
</Transform>

<Transform dim="6"
 xcoef=" 0.0378746464318156 1.0081619887597 -0.021891705946757 0 0 0"
 ycoef=" 0.000292458085248304 0.0132164509415794 0.986712221313614 0 0 0">
<Contour name="d01p40" hidden="false" closed="true" simplified="false" border="0 1 1" fill="0 1 1" mode="9"
 points="4.02787 5.57411,
	4.04092 5.56105,
	3.9887 5.50882,
	4.00175 5.49577,
	4.05398 5.54799,
	4.06704 5.53494,
	4.06704 5.57411,
	"/>
</Transform>

<Transform dim="0"
 xcoef=" 0 1 0 0 0 0"
 ycoef=" 0 0 1 0 0 0">
<Contour name="d03" hidden="false" closed="true" simplified="true" border="0 1 0" fill="0 1 0" mode="9"
 points="3.65542 3.05363,
	3.66142 3.04073,
	3.67368 3.02775,
	3.72324 2.99823,
	3.74798 2.98188,
	3.77293 2.97513,
	3.79803 2.97479,
	3.81057 2.97462,
	3.83294 2.99356,
	3.83935 2.99989,
	3.84046 3.05115,
	3.84102 3.0768,
	3.8413 3.08961,
	3.82931 3.11541,
	3.82332 3.12832,
	3.80193 3.15425,
	3.78032 3.17056,
	3.76791 3.17715,
	3.74282 3.17748,
	3.71724 3.15539,
	3.69786 3.13,
	3.69146 3.12368,
	3.69132 3.11726,
	3.67194 3.09188,
	3.65591 3.07606,
	3.65563 3.06325,
	3.65549 3.05684,
	"/>
<Contour name="d03" hidden="false" closed="true" simplified="true" border="0 1 0" fill="0 1 0" mode="9"
 points="3.80702 2.12495,
	3.81401 2.08162,
	3.8175 2.05997,
	3.82388 2.04907,
	3.84332 2.03124,
	3.85243 2.02437,
	3.85942 1.98105,
	3.86051 1.97023,
	3.85607 1.94868,
	3.85464 1.9433,
	3.85326 1.94061,
	3.85831 1.92974,
	3.86219 1.92563,
	3.90422 1.91291,
	3.9884 1.89287,
	4.00942 1.88718,
	4.09396 1.88335,
	4.13602 1.87198,
	4.15708 1.86764,
	4.16759 1.86481,
	4.21009 1.87369,
	4.21274 1.87366,
	4.23303 1.89499,
	4.24252 1.90568,
	4.2479 1.90965,
	4.26922 1.91747,
	4.27991 1.92273,
	4.29054 1.92529,
	4.31167 1.92366,
	4.32218 1.92082,
	4.33254 1.91122,
	4.35407 1.86771,
	4.36419 1.84596,
	4.36504 1.82433,
	4.3648 1.81353,
	4.366 1.80811,
	4.37643 1.80122,
	4.38166 1.79844,
	4.4028 1.79816,
	4.41347 1.80207,
	4.41882 1.8047,
	4.42157 1.81007,
	4.42469 1.83164,
	4.41373 1.87502,
	4.40759 1.89671,
	4.40518 1.90754,
	4.40433 1.92917,
	4.40612 1.95077,
	4.40756 1.95615,
	4.40762 1.95885,
	4.42879 1.95992,
	4.44989 1.95693,
	4.45255 1.95825,
	4.45302 1.97985,
	4.44292 2.0016,
	4.4404 2.00704,
	4.4196 2.02352,
	4.40918 2.03042,
	4.40397 2.03455,
	4.35959 2.12159,
	4.35454 2.13247,
	4.31315 2.1749,
	4.30278 2.1845,
	4.29641 2.19539,
	4.28016 2.23883,
	4.27643 2.24969,
	4.27391 2.25513,
	4.27749 2.2983,
	4.27772 2.30911,
	4.30207 2.39524,
	4.3065 2.41679,
	4.30806 2.42758,
	4.30944 2.43026,
	4.29537 2.45206,
	4.29017 2.45618,
	4.24791 2.45811,
	4.22678 2.45974,
	4.1844 2.45625,
	4.17909 2.45498,
	4.17644 2.45501,
	4.15565 2.4715,
	4.14525 2.47974,
	4.10342 2.50192,
	4.08257 2.5157,
	4.07214 2.5226,
	4.05105 2.52559,
	4.0087 2.52345,
	3.92419 2.52863,
	3.90305 2.52892,
	3.89244 2.52771,
	3.88175 2.52244,
	3.8777 2.51844,
	3.85203 2.43234,
	3.85025 2.41074,
	3.85194 2.3675,
	3.85677 2.34582,
	3.84704 2.32434,
	3.83468 2.30289,
	3.82978 2.25973,
	3.82402 2.23819,
	3.82969 2.19489,
	3.81686 2.15183,
	3.80846 2.13033,
	3.80705 2.1263,
	"/>
</Transform>

<Transform dim="0"
 xcoef=" 0 1 0 0 0 0"
 ycoef=" 0 0 1 0 0 0">
<Contour name="ax14" comment="LK bouton trace named after cfa" hidden="false" closed="true" simplified="true" border="0 1 1" fill="0.502 1 1" mode="9"
 points="3.01049 2.7869,
	3.01655 2.772,
	3.01794 2.76827,
	3.02353 2.76082,
	3.03238 2.74591,
	3.03657 2.73846,
	3.03844 2.73473,
	3.04403 2.72728,
	3.04589 2.72542,
	3.05334 2.71051,
	3.05707 2.70306,
	3.06639 2.68815,
	3.07244 2.68117,
	3.0743 2.67977,
	3.08921 2.67884,
	3.09666 2.67884,
	3.10412 2.67977,
	3.10784 2.67977,
	3.1153 2.67371,
	3.11902 2.66999,
	3.13393 2.66114,
	3.13579 2.66021,
	3.15023 2.6453,
	3.16374 2.63039,
	3.17026 2.62294,
	3.19262 2.59313,
	3.2052 2.57822,
	3.21079 2.57077,
	3.22802 2.54096,
	3.24246 2.51115,
	3.24852 2.49624,
	3.25038 2.49252,
	3.25457 2.47761,
	3.26109 2.4627,
	3.26342 2.45525,
	3.26435 2.45153,
	3.26855 2.44407,
	3.27227 2.44081,
	3.27413 2.43895,
	3.276 2.43802,
	3.28345 2.43709,
	3.28718 2.43662,
	3.30208 2.43941,
	3.30954 2.44221,
	3.31326 2.44314,
	3.34307 2.44547,
	3.3468 2.44547,
	3.35425 2.44687,
	3.38406 2.44594,
	3.39897 2.44594,
	3.41388 2.445,
	3.42878 2.44268,
	3.43251 2.44221,
	3.46232 2.42917,
	3.46977 2.42544,
	3.48468 2.41566,
	3.49213 2.41147,
	3.49586 2.4096,
	3.50331 2.40774,
	3.51076 2.40727,
	3.52567 2.40867,
	3.53312 2.4096,
	3.54803 2.41333,
	3.57784 2.42218,
	3.59274 2.42265,
	3.6002 2.42171,
	3.60392 2.42078,
	3.61883 2.41193,
	3.62256 2.4096,
	3.62628 2.40821,
	3.64119 2.40727,
	3.64864 2.40727,
	3.66355 2.40494,
	3.66541 2.40448,
	3.67286 2.39936,
	3.68777 2.39144,
	3.69522 2.38864,
	3.71013 2.38538,
	3.71758 2.38398,
	3.73249 2.38352,
	3.74739 2.38492,
	3.75484 2.38724,
	3.7623 2.39051,
	3.79211 2.40727,
	3.79956 2.41147,
	3.80329 2.41333,
	3.80701 2.41612,
	3.81074 2.41752,
	3.81819 2.42171,
	3.8331 2.43382,
	3.83915 2.44081,
	3.84195 2.44454,
	3.8494 2.45059,
	3.85313 2.45339,
	3.85639 2.45711,
	3.85779 2.45898,
	3.85918 2.46643,
	3.85825 2.47388,
	3.85825 2.47575,
	3.85499 2.4832,
	3.85313 2.49065,
	3.85266 2.49811,
	3.85965 2.51301,
	3.86431 2.52046,
	3.86571 2.52233,
	3.88061 2.52745,
	3.89552 2.52885,
	3.91042 2.52838,
	3.92533 2.52931,
	3.94023 2.53537,
	3.94769 2.53863,
	3.96259 2.54329,
	3.97005 2.54702,
	3.9775 2.55214,
	4.00731 2.57589,
	4.02222 2.58707,
	4.02967 2.59266,
	4.03712 2.59919,
	4.05203 2.61409,
	4.05529 2.61782,
	4.05855 2.62527,
	4.05995 2.63272,
	4.05762 2.64763,
	4.05389 2.66253,
	4.05436 2.66626,
	4.05342 2.67371,
	4.05622 2.68862,
	4.05715 2.69235,
	4.05715 2.69421,
	4.05016 2.70911,
	4.04644 2.71657,
	4.04551 2.72029,
	4.04504 2.72123,
	4.0483 2.72868,
	4.05063 2.7324,
	4.05808 2.73986,
	4.06554 2.74591,
	4.06926 2.74917,
	4.07113 2.75104,
	4.08603 2.78085,
	4.08929 2.7883,
	4.09069 2.79203,
	4.08789 2.79948,
	4.0837 2.80693,
	4.07811 2.81439,
	4.06367 2.82883,
	4.05063 2.84373,
	4.02222 2.87354,
	4.01476 2.87913,
	4.01104 2.88193,
	4.00731 2.88379,
	3.9775 2.90568,
	3.96259 2.91686,
	3.95887 2.91966,
	3.95141 2.92665,
	3.94815 2.93037,
	3.9407 2.9355,
	3.93325 2.93829,
	3.91834 2.94109,
	3.91089 2.94341,
	3.90903 2.94435,
	3.89505 2.95925,
	3.8876 2.96484,
	3.88387 2.96764,
	3.86897 2.97649,
	3.86524 2.97882,
	3.86338 2.97975,
	3.8508 2.99465,
	3.84894 2.99605,
	3.84148 2.99884,
	3.83776 2.99978,
	3.80795 2.99279,
	3.79304 2.9858,
	3.77813 2.98068,
	3.77068 2.97928,
	3.76323 2.97975,
	3.7595 2.98021,
	3.75764 2.98021,
	3.75019 2.98394,
	3.73528 2.99652,
	3.72783 3.00117,
	3.7241 3.00304,
	3.7092 3.0063,
	3.69429 3.00583,
	3.68684 3.00537,
	3.67938 3.0035,
	3.67566 3.00211,
	3.67379 3.00117,
	3.66774 2.99372,
	3.65703 2.97882,
	3.65097 2.97183,
	3.64352 2.96624,
	3.63979 2.96344,
	3.60998 2.94854,
	3.60253 2.94621,
	3.59507 2.94574,
	3.58017 2.94714,
	3.5783 2.94714,
	3.57085 2.95087,
	3.55595 2.96111,
	3.54849 2.9667,
	3.54104 2.9709,
	3.53359 2.97276,
	3.52986 2.97369,
	3.52241 2.97276,
	3.51496 2.96903,
	3.48514 2.94714,
	3.47024 2.9355,
	3.46651 2.9327,
	3.4367 2.91826,
	3.42179 2.91221,
	3.39198 2.90242,
	3.37708 2.89823,
	3.36962 2.89637,
	3.35472 2.89544,
	3.35286 2.89497,
	3.3454 2.89637,
	3.3305 2.90056,
	3.31559 2.90196,
	3.30814 2.90056,
	3.30441 2.89963,
	3.29696 2.8959,
	3.28951 2.89078,
	3.28578 2.88845,
	3.28299 2.88472,
	3.27972 2.87727,
	3.27553 2.86982,
	3.26994 2.86236,
	3.2555 2.84792,
	3.2406 2.83442,
	3.23361 2.82743,
	3.23175 2.82557,
	3.22429 2.82091,
	3.22057 2.81858,
	3.2187 2.81718,
	3.21684 2.81672,
	3.21498 2.81532,
	3.21125 2.81392,
	3.20939 2.81299,
	3.20752 2.81299,
	3.20566 2.81206,
	3.2038 2.81206,
	3.20287 2.81159,
	3.19541 2.81392,
	3.19169 2.81485,
	3.18982 2.81532,
	3.18889 2.81532,
	3.18703 2.81672,
	3.17212 2.82137,
	3.17026 2.82277,
	3.1684 2.82324,
	3.15349 2.83302,
	3.14604 2.83628,
	3.14231 2.83814,
	3.14045 2.83954,
	3.133 2.84094,
	3.12927 2.84187,
	3.12741 2.84187,
	3.12368 2.84373,
	3.12182 2.84513,
	3.11995 2.8456,
	3.11623 2.84839,
	3.11436 2.84932,
	3.10691 2.85025,
	3.09946 2.84932,
	3.09201 2.84606,
	3.08828 2.8442,
	3.07337 2.83395,
	3.05847 2.82603,
	3.05101 2.82277,
	3.04729 2.81998,
	3.04543 2.81811,
	3.03052 2.81113,
	3.01561 2.80088,
	3.01282 2.79762,
	3.01142 2.79575,
	3.01049 2.79203,
	3.01049 2.7883,
	3.01049 2.78737,
	"/>
</Transform>

<Transform dim="0"
 xcoef=" 0 1 0 0 0 0"
 ycoef=" 0 0 1 0 0 0">
<Contour name="ax17" comment="LK bouton trace named after cfa" hidden="false" closed="true" simplified="true" border="0 1 1" fill="0.502 1 1" mode="9"
 points="2.29413 7.75846,
	2.30481 7.73837,
	2.31485 7.72958,
	2.3249 7.7233,
	2.345 7.70508,
	2.35505 7.69503,
	2.35944 7.69001,
	2.37263 7.66991,
	2.38331 7.64982,
	2.39901 7.60963,
	2.40717 7.58953,
	2.41031 7.57948,
	2.4122 7.57446,
	2.41282 7.56943,
	2.41031 7.54934,
	2.40403 7.52924,
	2.4034 7.51919,
	2.4034 7.51417,
	2.40717 7.50412,
	2.40968 7.4991,
	2.41094 7.49658,
	2.41973 7.48653,
	2.42978 7.47963,
	2.44988 7.46895,
	2.46997 7.45576,
	2.475 7.45325,
	2.48002 7.45262,
	2.50012 7.45513,
	2.51017 7.45953,
	2.52021 7.46644,
	2.53026 7.47146,
	2.54031 7.47523,
	2.55036 7.47586,
	2.57045 7.47397,
	2.57548 7.47335,
	2.61567 7.4589,
	2.63577 7.45702,
	2.65586 7.45765,
	2.66089 7.45953,
	2.6634 7.46016,
	2.67345 7.46832,
	2.67847 7.47837,
	2.68161 7.48842,
	2.68538 7.50852,
	2.68726 7.54871,
	2.68726 7.5688,
	2.68601 7.57885,
	2.68726 7.5889,
	2.68978 7.59392,
	2.69166 7.59644,
	2.69668 7.59769,
	2.70673 7.60397,
	2.71176 7.60649,
	2.72181 7.61402,
	2.73185 7.62407,
	2.73813 7.63412,
	2.7419 7.64417,
	2.74379 7.66426,
	2.74567 7.67431,
	2.75383 7.69441,
	2.7576 7.70446,
	2.75886 7.7145,
	2.75886 7.7346,
	2.75886 7.74465,
	2.75949 7.74967,
	2.76263 7.75972,
	2.76388 7.77982,
	2.762 7.79991,
	2.76137 7.80494,
	2.76074 7.80745,
	2.76765 7.82755,
	2.77707 7.84764,
	2.78021 7.85769,
	2.78272 7.87779,
	2.78335 7.88281,
	2.78649 7.89286,
	2.78649 7.89788,
	2.78084 7.90793,
	2.77393 7.91798,
	2.76577 7.92803,
	2.76074 7.93242,
	2.7576 7.93745,
	2.75572 7.93996,
	2.74567 7.94436,
	2.73562 7.94561,
	2.7306 7.94561,
	2.7105 7.95566,
	2.6904 7.96759,
	2.68098 7.97764,
	2.67408 7.98769,
	2.67094 7.99774,
	2.66654 8.00779,
	2.6521 8.02788,
	2.632 8.04421,
	2.62195 8.05426,
	2.62195 8.05551,
	2.60374 8.07561,
	2.59432 8.08503,
	2.58929 8.08943,
	2.57925 8.09508,
	2.55915 8.10387,
	2.55413 8.10575,
	2.53403 8.10701,
	2.51393 8.10701,
	2.50389 8.1045,
	2.49886 8.10199,
	2.48881 8.09382,
	2.48379 8.0888,
	2.47688 8.07938,
	2.46872 8.06933,
	2.45867 8.05991,
	2.45364 8.05489,
	2.45113 8.053,
	2.44988 8.05049,
	2.44736 8.04861,
	2.44611 8.04861,
	2.4436 8.04672,
	2.4235 8.04233,
	2.41345 8.04233,
	2.4034 8.04358,
	2.39838 8.04358,
	2.37828 8.05237,
	2.36823 8.05614,
	2.36321 8.05803,
	2.35316 8.05865,
	2.34311 8.05803,
	2.33307 8.05614,
	2.32804 8.05363,
	2.32553 8.05175,
	2.31988 8.0417,
	2.31674 8.03165,
	2.31548 8.02914,
	2.31485 8.01909,
	2.31485 8.01407,
	2.31674 8.00904,
	2.31737 7.99899,
	2.32302 7.9789,
	2.32679 7.96885,
	2.32804 7.96634,
	2.33055 7.96382,
	2.33118 7.95378,
	2.33369 7.94373,
	2.33809 7.93368,
	2.3406 7.92866,
	2.34186 7.92363,
	2.34249 7.92112,
	2.33809 7.90102,
	2.33181 7.88093,
	2.32741 7.87088,
	2.32176 7.86083,
	2.31925 7.85581,
	2.31737 7.84576,
	2.31674 7.83571,
	2.31611 7.8332,
	2.30606 7.82441,
	2.30104 7.81436,
	2.2979 7.80431,
	2.29601 7.79426,
	2.29476 7.77416,
	2.29413 7.76412,
	2.29413 7.75909,
	"/>
</Transform>

</Section>