<?xml version="1.0"?>
<!DOCTYPE Section SYSTEM "section.dtd">

<Section index="171" thickness="0.045" alignLocked="true">
<Transform dim="6"
 xcoef=" -0.660493390284842 1.15332417703877 0.0362041564972029 0 0 0"
 ycoef=" -1.13788788309761 0.0279677903633938 1.02416041589967 0 0 0">
<Image mag="0.00217507" contrast="0.917" brightness="0.12" red="true" green="true" blue="true"
 src="FHLTD.171.jpg" />
<Contour name="domain1" hidden="false" closed="true" simplified="false" border="1 0 1" fill="1 0 1" mode="11"
 points="0 0,
	4096 0,
	4096 4096,
	0 4096,
	"/>
</Transform>

<Transform dim="6"
 xcoef=" -0.385312555307315 1.01761928370745 -0.0231945005889915 0 0 0"
 ycoef=" -0.253116029753597 0.0201428596538127 1.00140857851713 0 0 0">
<Contour name="D04" hidden="false" closed="true" simplified="true" border="1 0 0" fill="1 0 0" mode="11"
 points="5.46492 7.28996,
	5.46778 7.25096,
	5.47628 7.21281,
	5.49024 7.17634,
	5.50936 7.14235,
	5.53323 7.11158,
	5.56131 7.0847,
	5.59299 7.0623,
	5.6276 7.04487,
	5.66436 7.03278,
	5.70248 7.0263,
	5.74113 7.02558,
	5.77947 7.03063,
	5.81665 7.04133,
	5.85186 7.05746,
	5.88435 7.07866,
	5.91339 7.10447,
	5.93836 7.13432,
	5.95871 7.16758,
	5.97399 7.2035,
	5.98388 7.24131,
	5.98816 7.28018,
	5.98673 7.31926,
	5.97963 7.35771,
	5.96701 7.39467,
	5.94914 7.42936,
	5.92642 7.461,
	5.89934 7.48891,
	5.86849 7.51248,
	5.83455 7.53119,
	5.79825 7.54464,
	5.76039 7.55254,
	5.72179 7.55471,
	5.6833 7.5511,
	5.64576 7.54179,
	5.60998 7.52699,
	5.57674 7.50702,
	5.54678 7.48231,
	5.52073 7.45341,
	5.49918 7.42094,
	5.48259 7.38562,
	5.47133 7.3482,
	"/>
</Transform>

<Transform dim="6"
 xcoef=" 0.444687444692685 1.01761928370745 -0.0231945005889915 0 0 0"
 ycoef=" 0.456883970246404 0.0201428596538127 1.00140857851713 0 0 0">
<Contour name="D05" hidden="false" closed="true" simplified="true" border="1 1 0" fill="1 1 0" mode="11"
 points="2.69299 3.97404,
	2.70475 3.90163,
	2.73888 3.83632,
	2.79205 3.78448,
	2.85904 3.7512,
	2.93329 3.73974,
	3.00755 3.7512,
	3.07454 3.78448,
	3.12771 3.83632,
	3.16184 3.90163,
	3.1736 3.97404,
	3.16184 4.04644,
	3.12771 4.11175,
	3.07454 4.16359,
	3.00755 4.19687,
	2.93329 4.20833,
	2.85904 4.19687,
	2.79205 4.16359,
	2.73888 4.11175,
	"/>
</Transform>

<Transform dim="6"
 xcoef=" 0.0446874446926857 1.01761928370745 -0.0231945005889915 0 0 0"
 ycoef=" -0.163116029753597 0.0201428596538127 1.00140857851713 0 0 0">
<Contour name="d01" hidden="false" closed="true" simplified="true" border="1 0.5 0" fill="1 0.5 0" mode="9"
 points="3.77188 4.13948,
	3.78254 4.09686,
	3.82516 4.01162,
	3.84114 3.969,
	3.8518 3.94769,
	3.86245 3.93704,
	3.86778 3.91573,
	3.87843 3.90507,
	3.87311 3.81983,
	3.90507 3.73459,
	3.95302 3.64935,
	3.95302 3.6387,
	3.96367 3.62804,
	3.96367 3.61739,
	3.97433 3.60673,
	3.97966 3.56411,
	3.99564 3.52149,
	4.00097 3.43625,
	3.99031 3.39363,
	3.99031 3.38298,
	3.969 3.36699,
	3.92638 3.35634,
	3.84114 3.35634,
	3.81983 3.34568,
	3.8145 3.32437,
	3.81983 3.30306,
	3.83581 3.28175,
	3.87843 3.26577,
	3.92105 3.26577,
	3.94236 3.26577,
	3.96367 3.27642,
	4.0063 3.28175,
	4.02761 3.30306,
	4.03826 3.32437,
	4.05957 3.34036,
	4.08088 3.34568,
	4.10219 3.36699,
	4.1235 3.37765,
	4.14481 3.37765,
	4.17678 3.40961,
	4.19809 3.4256,
	4.24071 3.43092,
	4.25669 3.45223,
	4.25669 3.46289,
	4.278 3.4842,
	4.29931 3.56944,
	4.30464 3.59075,
	4.29398 3.62804,
	4.29931 3.64935,
	4.28865 3.69197,
	4.29931 3.73459,
	4.29398 3.81983,
	4.30464 3.90507,
	4.29931 3.92638,
	4.28865 3.93171,
	4.30996 4.01695,
	4.34726 4.05424,
	4.36324 4.07555,
	4.38455 4.08621,
	4.42717 4.08621,
	4.46979 4.07555,
	4.51241 4.04359,
	4.55503 4.03826,
	4.57634 4.03826,
	4.58699 4.03826,
	4.61363 4.08088,
	4.69887 4.07023,
	4.78411 4.04359,
	4.82673 4.02761,
	4.84804 4.02761,
	4.86935 4.01695,
	4.89066 4.01695,
	4.93328 4.00097,
	5.01852 3.98498,
	5.02918 3.98498,
	5.0718 3.95835,
	5.09311 3.94769,
	5.10376 3.93704,
	5.14638 3.92105,
	5.189 3.88909,
	5.22097 3.84647,
	5.23162 3.80385,
	5.24228 3.78254,
	5.27957 3.75057,
	5.27957 3.70795,
	5.29023 3.68664,
	5.31154 3.77188,
	5.32219 3.79319,
	5.32219 3.83581,
	5.33285 3.85712,
	5.32752 3.87843,
	5.37014 4.04892,
	5.40211 4.08621,
	5.44473 4.10219,
	5.46604 4.10752,
	5.53529 4.1821,
	5.56726 4.22472,
	5.59922 4.25669,
	5.62053 4.278,
	5.62053 4.28865,
	5.63652 4.30996,
	5.64184 4.3952,
	5.64184 4.41651,
	5.65783 4.45913,
	5.67381 4.47512,
	5.68979 4.56036,
	5.68446 4.6456,
	5.68446 4.65625,
	5.67381 4.66691,
	5.58857 4.66691,
	5.56726 4.66691,
	5.55128 4.65092,
	5.5566 4.62961,
	5.59922 4.59232,
	5.60988 4.57634,
	5.60988 4.55503,
	5.58324 4.51241,
	5.58324 4.50175,
	5.56193 4.48577,
	5.54062 4.48577,
	5.47669 4.57101,
	5.40211 4.62961,
	5.36481 4.66691,
	5.32752 4.69355,
	5.29555 4.73617,
	5.27424 4.74149,
	5.25293 4.73617,
	5.24228 4.73617,
	5.21564 4.69887,
	5.17302 4.69355,
	5.1304 4.7042,
	5.08778 4.73084,
	5.04516 4.76813,
	4.95992 4.81608,
	4.9173 4.84272,
	4.88001 4.88001,
	4.86403 4.90132,
	4.84804 4.94394,
	4.82141 4.98656,
	4.73617 4.99189,
	4.71486 4.97058,
	4.71486 4.95992,
	4.75748 4.92796,
	4.8001 4.90665,
	4.81608 4.89066,
	4.82673 4.84804,
	4.83739 4.82673,
	4.8587 4.81608,
	4.86935 4.77346,
	4.86935 4.7628,
	4.91197 4.73617,
	4.9173 4.69355,
	4.9173 4.67224,
	4.89066 4.62961,
	4.86935 4.61363,
	4.84804 4.61363,
	4.82673 4.59765,
	4.80542 4.59765,
	4.72018 4.64027,
	4.70953 4.65092,
	4.62429 4.65625,
	4.58167 4.67224,
	4.55503 4.71486,
	4.53372 4.8001,
	4.51774 4.82141,
	4.47512 4.84272,
	4.4325 4.84804,
	4.41119 4.83739,
	4.36857 4.8001,
	4.35258 4.77879,
	4.34726 4.76813,
	4.35791 4.72551,
	4.35791 4.68289,
	4.34726 4.66158,
	4.35258 4.61896,
	4.38988 4.53372,
	4.3952 4.4911,
	4.41119 4.47512,
	4.41651 4.4325,
	4.40053 4.41119,
	4.3952 4.38988,
	4.36324 4.35258,
	4.278 4.3366,
	4.26734 4.32595,
	4.24603 4.32062,
	4.22472 4.30464,
	4.2194 4.28333,
	4.13948 4.20874,
	4.09686 4.19809,
	4.05424 4.19809,
	4.01162 4.18743,
	3.84114 4.1821,
	3.79852 4.17678,
	3.77721 4.17145,
	3.77188 4.15014,
	3.77188 4.14481,
	"/>
</Transform>

<Transform dim="6"
 xcoef=" 0.0446874446926857 1.01761928370745 -0.0231945005889915 0 0 0"
 ycoef=" -0.163116029753597 0.0201428596538127 1.00140857851713 0 0 0">
<Contour name="d01" hidden="false" closed="true" simplified="true" border="1 0.5 0" fill="1 0.5 0" mode="9"
 points="5.67914 4.49643,
	5.70577 4.45381,
	5.72708 4.4325,
	5.7697 4.41651,
	5.81232 4.38455,
	5.82831 4.36857,
	5.91355 4.40586,
	5.95617 4.42184,
	5.99346 4.46446,
	6.03608 4.4911,
	6.05739 4.50175,
	6.0787 4.50175,
	6.08936 4.50708,
	6.08936 4.5497,
	6.07337 4.57101,
	6.06805 4.59232,
	6.03075 4.62429,
	6.00944 4.64027,
	5.99879 4.66158,
	5.91887 4.70953,
	5.89756 4.71486,
	5.88691 4.72018,
	5.8656 4.71486,
	5.82298 4.67224,
	5.80167 4.65625,
	5.78036 4.65625,
	5.75905 4.66691,
	5.71643 4.66691,
	5.70577 4.67224,
	5.69512 4.66691,
	5.70045 4.58167,
	5.70577 4.56036,
	5.67914 4.51774,
	5.67914 4.50175,
	"/>
</Transform>

<Transform dim="6"
 xcoef=" 0.0446874446926857 1.01761928370745 -0.0231945005889915 0 0 0"
 ycoef=" -0.163116029753597 0.0201428596538127 1.00140857851713 0 0 0">
<Contour name="d01" hidden="false" closed="true" simplified="true" border="1 0.5 0" fill="1 0.5 0" mode="9"
 points="4.92796 5.06647,
	4.94394 5.02385,
	4.94927 5.00254,
	4.99721 4.9173,
	4.99721 4.90665,
	5.03451 4.86403,
	5.06647 4.83206,
	5.10909 4.81075,
	5.15171 4.8001,
	5.32219 4.81075,
	5.40743 4.84272,
	5.45005 4.8587,
	5.47136 4.86935,
	5.51398 4.86935,
	5.5566 4.89066,
	5.59922 4.90132,
	5.62053 4.91197,
	5.66315 4.9173,
	5.70577 4.93328,
	5.72708 4.93328,
	5.7697 4.94927,
	5.79101 4.95459,
	5.80167 4.95459,
	5.82298 4.99721,
	5.82298 5.03983,
	5.80167 5.06114,
	5.74307 5.14638,
	5.73241 5.15704,
	5.72176 5.15704,
	5.70045 5.17835,
	5.65783 5.20499,
	5.63652 5.22097,
	5.55128 5.24761,
	5.52997 5.25293,
	5.48735 5.24761,
	5.40211 5.21564,
	5.36481 5.17835,
	5.34883 5.13573,
	5.3435 5.11442,
	5.3435 5.10376,
	5.32219 5.09311,
	5.23695 5.09311,
	5.19433 5.08778,
	5.15171 5.09311,
	5.10909 5.10909,
	5.06647 5.13573,
	5.02385 5.14638,
	4.98123 5.14638,
	4.93861 5.12507,
	4.92796 5.10376,
	4.92796 5.08245,
	4.92796 5.0718,
	"/>
</Transform>

<Transform dim="6"
 xcoef=" 0.0446874446926857 1.01761928370745 -0.0231945005889915 0 0 0"
 ycoef=" -0.163116029753597 0.0201428596538127 1.00140857851713 0 0 0">
<Contour name="d01p30" hidden="false" closed="true" simplified="true" border="0 1 1" fill="0 1 1" mode="9"
 points="4.97627 4.64714,
	4.97885 4.63216,
	4.98633 4.61864,
	4.99799 4.60792,
	5.01268 4.60103,
	5.02896 4.59866,
	5.04525 4.60103,
	5.05994 4.60792,
	5.07159 4.61864,
	5.07908 4.63216,
	5.08166 4.64714,
	5.07908 4.66212,
	5.07159 4.67563,
	5.05994 4.68636,
	5.04525 4.69324,
	5.02896 4.69562,
	5.01268 4.69324,
	4.99799 4.68636,
	4.98633 4.67563,
	"/>
</Transform>

<Transform dim="6"
 xcoef=" 0.0446874446926857 1.01761928370745 -0.0231945005889915 0 0 0"
 ycoef=" -0.163116029753597 0.0201428596538127 1.00140857851713 0 0 0">
<Contour name="d02" hidden="false" closed="true" simplified="true" border="0.5 0 1" fill="0.5 0 1" mode="9"
 points="1.88302 8.63184,
	1.91071 8.61206,
	1.94236 8.60019,
	1.97401 8.58041,
	2.02544 8.52899,
	2.04917 8.49734,
	2.04917 8.48943,
	2.07686 8.45778,
	2.10851 8.43405,
	2.14016 8.42613,
	2.15598 8.42218,
	2.17181 8.41031,
	2.17972 8.39449,
	2.17972 8.37866,
	2.17181 8.36284,
	2.10851 8.32724,
	2.09664 8.31537,
	2.09664 8.29954,
	2.12038 8.27185,
	2.15203 8.24812,
	2.15598 8.21647,
	2.21137 8.15317,
	2.26279 8.02658,
	2.27466 7.99494,
	2.29444 7.96329,
	2.30235 7.95538,
	2.36565 7.9356,
	2.49224 7.9356,
	2.52388 7.94747,
	2.55553 7.94747,
	2.61883 7.95933,
	2.68212 7.95933,
	2.71377 7.94747,
	2.8364 7.86439,
	2.86805 7.86835,
	2.88387 7.8723,
	2.8997 7.86835,
	2.95904 7.81296,
	2.99068 7.8011,
	3.00651 7.8011,
	3.01442 7.8011,
	3.02233 7.80901,
	3.01838 7.84066,
	3.00651 7.85252,
	2.97486 7.86044,
	2.96695 7.87626,
	2.9709 7.93955,
	2.96695 7.9712,
	2.9709 8.00285,
	2.9986 8.03054,
	3.01046 8.04636,
	3.01046 8.07801,
	3.01838 8.09384,
	3.01838 8.12548,
	3.01838 8.13339,
	3.00255 8.14922,
	2.93926 8.16504,
	2.90761 8.169,
	2.89179 8.17691,
	2.89574 8.20856,
	2.90365 8.22043,
	2.91948 8.22438,
	2.95112 8.25603,
	2.97486 8.28768,
	2.97882 8.3035,
	2.98673 8.31141,
	2.98673 8.34306,
	2.97486 8.35888,
	2.96695 8.36679,
	2.96299 8.39844,
	2.94321 8.43009,
	2.92739 8.44196,
	2.89574 8.44987,
	2.87992 8.45778,
	2.87201 8.46965,
	2.87201 8.48547,
	2.87201 8.49338,
	2.84036 8.51712,
	2.80871 8.52108,
	2.78102 8.5369,
	2.77311 8.55272,
	2.76915 8.58437,
	2.75333 8.59624,
	2.69003 8.61602,
	2.65839 8.62789,
	2.59509 8.62789,
	2.5318 8.61602,
	2.4685 8.62789,
	2.43685 8.64767,
	2.40521 8.65953,
	2.38938 8.66349,
	2.35774 8.69118,
	2.32609 8.69514,
	2.29444 8.68723,
	2.27862 8.67536,
	2.26279 8.6714,
	2.24697 8.67536,
	2.21928 8.70305,
	2.20345 8.7347,
	2.19159 8.79799,
	2.17576 8.80986,
	2.15994 8.81381,
	2.15203 8.82173,
	2.08873 8.81777,
	2.07686 8.78612,
	2.07686 8.7703,
	2.06104 8.75843,
	2.04522 8.75448,
	2.02939 8.75843,
	1.99775 8.7347,
	1.98192 8.71887,
	1.95027 8.71887,
	1.93445 8.71096,
	1.92654 8.69514,
	1.91071 8.67931,
	1.89489 8.67536,
	1.88302 8.65953,
	1.88302 8.64371,
	1.88302 8.6358,
	"/>
</Transform>

<Transform dim="6"
 xcoef=" 0.0446874446926857 1.01761928370745 -0.0231945005889915 0 0 0"
 ycoef=" -0.163116029753597 0.0201428596538127 1.00140857851713 0 0 0">
<Contour name="d01c25" hidden="false" closed="true" simplified="true" border="0 1 0" fill="0 1 0" mode="9"
 points="3.8858 3.76128,
	3.90777 3.73198,
	3.91876 3.71733,
	3.93341 3.65873,
	3.95905 3.60013,
	3.97736 3.54153,
	3.98102 3.48293,
	3.99201 3.45364,
	3.98834 3.42434,
	3.97369 3.39504,
	3.95538 3.37306,
	3.94073 3.3694,
	3.92608 3.35475,
	3.92608 3.34743,
	3.94073 3.34376,
	3.97003 3.35109,
	3.98468 3.35475,
	4.00299 3.38405,
	4.02863 3.50125,
	4.02131 3.55984,
	4.01398 3.56717,
	4.01032 3.58182,
	3.98834 3.61112,
	3.97736 3.62577,
	3.97369 3.68437,
	3.97003 3.69902,
	3.95905 3.71366,
	3.94806 3.77226,
	3.9444 3.78691,
	3.93341 3.7979,
	3.90411 3.7979,
	3.88946 3.79058,
	3.8858 3.76494,
	"/>
</Transform>

<Transform dim="6"
 xcoef=" 0.0446874446926857 1.01761928370745 -0.0231945005889915 0 0 0"
 ycoef=" -0.163116029753597 0.0201428596538127 1.00140857851713 0 0 0">
<Contour name="d01cfa25" hidden="false" closed="false" simplified="false" border="0 1 1" fill="0 1 1" mode="9"
 points="3.92126 3.35097,
	3.9762 3.36196,
	3.99451 3.40225,
	3.99451 3.46085,
	3.99817 3.49747,
	3.99084 3.54508,
	3.98718 3.56339,
	3.96887 3.61467,
	3.9469 3.68059,
	3.92126 3.73919,
	3.89929 3.79412,
	"/>
</Transform>

<Transform dim="6"
 xcoef=" 0.0446874446926857 1.01761928370745 -0.0231945005889915 0 0 0"
 ycoef=" -0.163116029753597 0.0201428596538127 1.00140857851713 0 0 0">
<Contour name="d01c28" hidden="false" closed="true" simplified="true" border="0 1 0" fill="0 1 0" mode="9"
 points="5.07503 5.11572,
	5.07793 5.10409,
	5.09828 5.08375,
	5.12153 5.07212,
	5.12735 5.06631,
	5.1506 5.0634,
	5.19711 5.04596,
	5.22036 5.04305,
	5.26687 5.04887,
	5.29012 5.04887,
	5.31337 5.05759,
	5.325 5.06049,
	5.37151 5.09828,
	5.38604 5.12153,
	5.38895 5.14479,
	5.38604 5.16804,
	5.37732 5.17967,
	5.36569 5.18548,
	5.35407 5.18548,
	5.34535 5.17385,
	5.34244 5.16804,
	5.24943 5.1506,
	5.15641 5.14769,
	5.13316 5.14769,
	5.12153 5.14188,
	5.10991 5.14188,
	5.08665 5.13316,
	5.07503 5.12444,
	5.07503 5.11863,
	"/>
</Transform>

<Transform dim="6"
 xcoef=" 0.0446874446926857 1.01761928370745 -0.0231945005889915 0 0 0"
 ycoef=" -0.163116029753597 0.0201428596538127 1.00140857851713 0 0 0">
<Contour name="d01cfa28" hidden="false" closed="true" simplified="true" border="0 1 1" fill="0 1 1" mode="9"
 points="5.07503 5.11281,
	5.07793 5.10119,
	5.12153 5.06921,
	5.21455 5.04305,
	5.26105 5.03433,
	5.30756 5.05468,
	5.35407 5.08084,
	5.37732 5.10119,
	5.39476 5.12444,
	5.38604 5.17095,
	5.38023 5.18257,
	5.35697 5.18839,
	5.35116 5.18839,
	5.34244 5.17676,
	5.33663 5.17095,
	5.24361 5.15351,
	5.1506 5.14769,
	5.10409 5.13607,
	5.08084 5.12735,
	5.07503 5.12444,
	5.07503 5.11572,
	"/>
</Transform>

<Transform dim="6"
 xcoef=" 0.0446874446926857 1.01761928370745 -0.0231945005889915 0 0 0"
 ycoef=" -0.163116029753597 0.0201428596538127 1.00140857851713 0 0 0">
<Contour name="d03" hidden="false" closed="true" simplified="true" border="0 1 0" fill="0 1 0" mode="9"
 points="3.00938 2.68635,
	3.04747 2.63759,
	3.05814 2.6254,
	3.06423 2.6193,
	3.11299 2.59492,
	3.13737 2.58273,
	3.14347 2.57969,
	3.16785 2.57816,
	3.18004 2.57664,
	3.18613 2.57664,
	3.21051 2.56902,
	3.2227 2.56445,
	3.23946 2.54159,
	3.25318 2.51721,
	3.27146 2.46845,
	3.27451 2.46236,
	3.27603 2.45017,
	3.27603 2.44407,
	3.27603 2.44103,
	3.30041 2.41969,
	3.30651 2.4136,
	3.35527 2.39227,
	3.37965 2.3816,
	3.42841 2.36789,
	3.45279 2.36027,
	3.45888 2.35874,
	3.48326 2.34198,
	3.53202 2.34198,
	3.5564 2.34198,
	3.60516 2.32827,
	3.65392 2.3237,
	3.70268 2.31303,
	3.8002 2.30998,
	3.89772 2.29627,
	3.9221 2.28865,
	3.97086 2.26427,
	3.98305 2.26427,
	3.98914 2.2658,
	3.99981 2.27799,
	4.0059 2.28408,
	4.00438 2.3816,
	3.99676 2.43036,
	3.98305 2.47912,
	3.97543 2.5035,
	3.97086 2.51569,
	3.95867 2.52483,
	3.95257 2.53093,
	3.92819 2.54159,
	3.87943 2.55835,
	3.83067 2.57816,
	3.80629 2.5873,
	3.75753 2.62235,
	3.66001 2.65282,
	3.61125 2.66959,
	3.58687 2.6772,
	3.57468 2.68178,
	3.56859 2.68482,
	3.47107 2.66654,
	3.45888 2.66501,
	3.45279 2.66349,
	3.43755 2.63911,
	3.43145 2.62692,
	3.40707 2.61168,
	3.39488 2.60711,
	3.34612 2.59797,
	3.34003 2.59645,
	3.31565 2.60864,
	3.30346 2.61473,
	3.27908 2.66197,
	3.27298 2.67416,
	3.26994 2.68025,
	3.22423 2.72901,
	3.17547 2.73815,
	3.12671 2.73968,
	3.07795 2.73815,
	3.06576 2.73815,
	3.04138 2.72749,
	3.02919 2.71987,
	3.02309 2.71682,
	3.01852 2.71073,
	3.00938 2.68787,
	"/>
</Transform>

<Transform dim="6"
 xcoef=" 0.0446874446926857 1.01761928370745 -0.0231945005889915 0 0 0"
 ycoef=" -0.163116029753597 0.0201428596538127 1.00140857851713 0 0 0">
<Contour name="D10" hidden="false" closed="true" simplified="true" border="0 1 1" fill="0 1 1" mode="11"
 points="5.82479 1.85452,
	5.83106 1.81661,
	5.84924 1.78241,
	5.87757 1.75526,
	5.91326 1.73783,
	5.95282 1.73183,
	5.99238 1.73783,
	6.02807 1.75526,
	6.0564 1.78241,
	6.07458 1.81661,
	6.08085 1.85452,
	6.07458 1.89244,
	6.0564 1.92664,
	6.02807 1.95378,
	5.99238 1.97121,
	5.95282 1.97722,
	5.91326 1.97121,
	5.87757 1.95378,
	5.84924 1.92664,
	"/>
</Transform>

<Transform dim="6"
 xcoef=" 0.0446874446926857 1.01761928370745 -0.0231945005889915 0 0 0"
 ycoef=" -0.163116029753597 0.0201428596538127 1.00140857851713 0 0 0">
<Contour name="d01cfa28" hidden="false" closed="false" simplified="false" border="0 1 1" fill="0 1 1" mode="9"
 points="5.36718 5.17721,
	5.34752 5.11087,
	5.28363 5.09612,
	5.17797 5.08875,
	5.09196 5.11824,
	"/>
</Transform>

<Transform dim="6"
 xcoef=" 0.0446874446926857 1.01761928370745 -0.0231945005889915 0 0 0"
 ycoef=" -0.163116029753597 0.0201428596538127 1.00140857851713 0 0 0">
<Contour name="d03" hidden="false" closed="true" simplified="true" border="0 1 0" fill="0 1 0" mode="9"
 points="3.34 1.73958,
	3.36846 1.68898,
	3.38428 1.67316,
	3.5867 1.67632,
	3.63731 1.67949,
	3.65945 1.70163,
	3.6721 1.71428,
	3.69424 1.73009,
	3.71322 1.75223,
	3.71322 1.75856,
	3.71954 1.76488,
	3.72903 1.79019,
	3.75117 1.8914,
	3.7575 1.9167,
	3.77015 1.94201,
	3.77331 1.96731,
	3.77331 1.97996,
	3.73852 2.0274,
	3.69108 2.06536,
	3.67842 2.07485,
	3.6721 2.07485,
	3.62149 2.10648,
	3.60884 2.10964,
	3.59619 2.11913,
	3.54558 2.12229,
	3.53293 2.11596,
	3.52661 2.11596,
	3.5013 2.10015,
	3.48233 2.07485,
	3.476 2.06852,
	3.476 2.06219,
	3.46651 2.04954,
	3.45702 2.02424,
	3.41907 1.97363,
	3.40958 1.96098,
	3.40958 1.95466,
	3.40009 1.94201,
	3.39693 1.92935,
	3.38744 1.9167,
	3.38428 1.8661,
	3.37479 1.84079,
	3.36846 1.82814,
	3.36214 1.82182,
	3.35265 1.79651,
	3.35265 1.78386,
	3.34 1.77121,
	3.34 1.74591,
	3.34 1.74274,
	"/>
</Transform>

<Transform dim="6"
 xcoef=" 0.0446874446926857 1.01761928370745 -0.0231945005889915 0 0 0"
 ycoef=" -0.163116029753597 0.0201428596538127 1.00140857851713 0 0 0">
<Contour name="d03c28" hidden="false" closed="true" simplified="true" border="1 0 0" fill="1 0 0" mode="9"
 points="3.50488 1.70189,
	3.5133 1.67942,
	3.52454 1.6738,
	3.6144 1.6738,
	3.63687 1.6738,
	3.65934 1.68223,
	3.67057 1.68504,
	3.679 1.69627,
	3.70146 1.70189,
	3.71832 1.72155,
	3.74078 1.73278,
	3.76044 1.75244,
	3.75763 1.77491,
	3.75763 1.78052,
	3.7464 1.79176,
	3.74078 1.79737,
	3.73797 1.80861,
	3.72674 1.81703,
	3.72393 1.82827,
	3.72112 1.83388,
	3.69866 1.83669,
	3.68742 1.8395,
	3.68181 1.8395,
	3.66215 1.81984,
	3.63968 1.81141,
	3.59475 1.81141,
	3.57228 1.81422,
	3.56104 1.80861,
	3.54981 1.79737,
	3.53858 1.77491,
	3.51892 1.75244,
	3.50769 1.7412,
	3.50488 1.71874,
	3.50488 1.7075,
	3.50488 1.7047,
	"/>
</Transform>

<Transform dim="6"
 xcoef=" 0.0546874446926854 1.01761928370745 -0.0231945005889915 0 0 0"
 ycoef=" -0.153116029753597 0.0201428596538127 1.00140857851713 0 0 0">
<Contour name="d03cfa28" hidden="false" closed="true" simplified="true" border="1 0 0" fill="1 0 0" mode="9"
 points="3.50488 1.70189,
	3.5133 1.67942,
	3.52454 1.6738,
	3.6144 1.6738,
	3.63687 1.6738,
	3.65934 1.68223,
	3.67057 1.68504,
	3.679 1.69627,
	3.70146 1.70189,
	3.71832 1.72155,
	3.74078 1.73278,
	3.76044 1.75244,
	3.75763 1.77491,
	3.75763 1.78052,
	3.7464 1.79176,
	3.74078 1.79737,
	3.73797 1.80861,
	3.72674 1.81703,
	3.72393 1.82827,
	3.72112 1.83388,
	3.69866 1.83669,
	3.68742 1.8395,
	3.68181 1.8395,
	3.66215 1.81984,
	3.63968 1.81141,
	3.59475 1.81141,
	3.57228 1.81422,
	3.56104 1.80861,
	3.54981 1.79737,
	3.53858 1.77491,
	3.51892 1.75244,
	3.50769 1.7412,
	3.50488 1.71874,
	3.50488 1.7075,
	3.50488 1.7047,
	"/>
<Contour name="d03cfa28" hidden="false" closed="false" simplified="false" border="0 1 1" fill="0 1 1" mode="9"
 points="3.71113 1.83577,
	3.68305 1.83577,
	3.66058 1.81049,
	3.57914 1.82173,
	3.54263 1.80488,
	3.52859 1.76275,
	"/>
</Transform>

<Transform dim="6"
 xcoef=" 0.0446874446926857 1.01761928370745 -0.0231945005889915 0 0 0"
 ycoef=" -0.163116029753597 0.0201428596538127 1.00140857851713 0 0 0">
<Contour name="d06" hidden="false" closed="true" simplified="true" border="0 0 1" fill="0 0 1" mode="9"
 points="3.91063 6.20319,
	3.93789 6.19297,
	4.04689 6.18616,
	4.07415 6.17253,
	4.08777 6.16572,
	4.11502 6.13847,
	4.14568 6.08737,
	4.18656 6.04649,
	4.23766 6.00902,
	4.24447 6.00562,
	4.27172 6.01924,
	4.28535 6.02606,
	4.33985 6.02606,
	4.3671 6.02606,
	4.38073 6.03287,
	4.38754 6.03968,
	4.38754 6.09419,
	4.38073 6.12144,
	4.36029 6.14869,
	4.33304 6.16231,
	4.30579 6.16231,
	4.25128 6.19297,
	4.22403 6.20319,
	4.16953 6.21341,
	4.11502 6.21341,
	4.08777 6.21341,
	4.06052 6.22022,
	4.03327 6.23385,
	4.01964 6.24066,
	3.96514 6.24066,
	3.93789 6.23726,
	3.91404 6.22022,
	3.91063 6.2066,
	"/>
<Contour name="d06" hidden="false" closed="true" simplified="true" border="0 0 1" fill="0 0 1" mode="9"
 points="2.89891 7.01053,
	2.90572 6.9969,
	2.91935 6.98328,
	2.9466 6.96965,
	2.99089 6.91855,
	3.00792 6.8913,
	3.01473 6.87767,
	3.01473 6.86405,
	3.04539 6.80955,
	3.07264 6.78911,
	3.08627 6.77548,
	3.19527 6.77548,
	3.24978 6.77548,
	3.27703 6.77548,
	3.28384 6.78229,
	3.29747 6.7857,
	3.30428 6.7857,
	3.3145 6.79592,
	3.369 6.80614,
	3.39626 6.80614,
	3.40988 6.80614,
	3.43713 6.81636,
	3.49164 6.81976,
	3.50526 6.81976,
	3.55977 6.84702,
	3.57339 6.85724,
	3.5768 6.91174,
	3.57339 6.92537,
	3.57339 6.93218,
	3.56658 6.93899,
	3.53933 6.93899,
	3.53592 6.94921,
	3.54273 6.96284,
	3.54273 6.99009,
	3.54273 7.00371,
	3.53592 7.01734,
	3.5223 7.03097,
	3.51548 7.04459,
	3.51548 7.0514,
	3.50867 7.05822,
	3.50867 7.11272,
	3.50526 7.13997,
	3.50526 7.1536,
	3.49845 7.16723,
	3.44735 7.21832,
	3.4201 7.23535,
	3.39626 7.2592,
	3.28725 7.31711,
	3.17824 7.31711,
	3.12374 7.31711,
	3.09649 7.3103,
	3.06923 7.29667,
	3.01473 7.25239,
	2.99089 7.22514,
	2.98407 7.21832,
	2.97385 7.19107,
	2.97385 7.13657,
	2.95682 7.10931,
	2.92957 7.1025,
	2.91594 7.09569,
	2.89891 7.06844,
	2.89891 7.01393,
	"/>
</Transform>

<Transform dim="6"
 xcoef=" 0.0446874446926857 1.01761928370745 -0.0231945005889915 0 0 0"
 ycoef=" -0.163116029753597 0.0201428596538127 1.00140857851713 0 0 0">
<Contour name="d06" hidden="false" closed="true" simplified="true" border="0 0 1" fill="0 0 1" mode="9"
 points="4.58512 6.35989,
	4.61237 6.30539,
	4.61237 6.27813,
	4.61237 6.26451,
	4.6294 6.23726,
	4.65325 6.21001,
	4.67709 6.18957,
	4.72138 6.13847,
	4.77247 6.09419,
	4.82698 6.05671,
	4.88148 6.09419,
	4.88148 6.20319,
	4.87467 6.2577,
	4.87126 6.27132,
	4.85763 6.28495,
	4.83038 6.29857,
	4.82357 6.30539,
	4.81676 6.30539,
	4.7895 6.32242,
	4.77588 6.33264,
	4.72138 6.34626,
	4.70775 6.35308,
	4.70094 6.35308,
	4.64643 6.38714,
	4.61918 6.40077,
	4.59193 6.40417,
	4.58512 6.40077,
	4.58512 6.37352,
	4.58512 6.3633,
	"/>
</Transform>

<Transform dim="6"
 xcoef=" 0.0446874446926857 1.01761928370745 -0.0231945005889915 0 0 0"
 ycoef=" -0.163116029753597 0.0201428596538127 1.00140857851713 0 0 0">
<Contour name="d06c20" hidden="false" closed="true" simplified="true" border="0 1 0" fill="0 1 0" mode="9"
 points="4.01391 6.18846,
	4.06118 6.1197,
	4.08696 6.08962,
	4.12134 6.06813,
	4.13853 6.06813,
	4.15572 6.07673,
	4.16002 6.11111,
	4.16002 6.1283,
	4.14283 6.16268,
	4.10845 6.17557,
	4.09126 6.19276,
	4.05688 6.20995,
	4.0225 6.20995,
	4.01391 6.20565,
	4.01391 6.19276,
	"/>
<Contour name="d06cfa20" hidden="false" closed="false" simplified="false" border="0 1 1" fill="0 1 1" mode="9"
 points="4.15821 6.07954,
	4.13242 6.12252,
	4.08515 6.17839,
	4.01209 6.20417,
	"/>
</Transform>

<Transform dim="6"
 xcoef=" 0.0446874446926857 1.01761928370745 -0.0231945005889915 0 0 0"
 ycoef=" -0.163116029753597 0.0201428596538127 1.00140857851713 0 0 0">
<Contour name="d06c21" hidden="false" closed="true" simplified="true" border="0 1 0" fill="0 1 0" mode="9"
 points="4.84333 6.09392,
	4.85193 6.07673,
	4.86912 6.06383,
	4.87771 6.05524,
	4.91209 6.06813,
	4.91639 6.20565,
	4.91209 6.27441,
	4.87771 6.27441,
	4.86052 6.27012,
	4.84763 6.25293,
	4.84333 6.1154,
	4.84333 6.09821,
	"/>
<Contour name="d06cfa21" hidden="false" closed="false" simplified="false" border="0 1 1" fill="0 1 1" mode="9"
 points="4.88449 6.27293,
	4.88879 6.20847,
	4.88879 6.13541,
	4.85011 6.07525,
	"/>
</Transform>

<Transform dim="6"
 xcoef=" 0.0446874446926857 1.01761928370745 -0.0231945005889915 0 0 0"
 ycoef=" -0.163116029753597 0.0201428596538127 1.00140857851713 0 0 0">
<Contour name="d07" hidden="false" closed="true" simplified="true" border="1 0 1" fill="1 0 1" mode="9"
 points="2.84755 7.332,
	2.86569 7.29572,
	2.8929 7.25945,
	2.92464 7.23224,
	2.96091 7.22771,
	2.99719 7.26398,
	3.04706 7.33653,
	3.0516 7.3456,
	3.01986 7.38187,
	2.98812 7.40908,
	2.97451 7.42722,
	2.93824 7.44082,
	2.90196 7.43175,
	2.87022 7.40908,
	2.85209 7.39094,
	2.84755 7.35467,
	2.84755 7.33653,
	"/>
</Transform>

<Transform dim="6"
 xcoef=" 0.0446874446926857 1.01761928370745 -0.0231945005889915 0 0 0"
 ycoef=" -0.163116029753597 0.0201428596538127 1.00140857851713 0 0 0">
<Contour name="d07" hidden="false" closed="true" simplified="true" border="1 0 1" fill="1 0 1" mode="9"
 points="3.45062 7.39094,
	3.46422 7.35467,
	3.46876 7.33653,
	3.46876 7.32746,
	3.47782 7.31839,
	3.48236 7.30026,
	3.5277 7.22771,
	3.56398 7.19597,
	3.58211 7.18236,
	3.61839 7.17329,
	3.69094 7.17329,
	3.72721 7.1869,
	3.87231 7.2005,
	4.01741 7.2005,
	4.08996 7.2005,
	4.12623 7.23678,
	4.15344 7.27305,
	4.17157 7.28665,
	4.19425 7.31839,
	4.19425 7.35467,
	4.19878 7.3728,
	4.21238 7.38641,
	4.24866 7.39094,
	4.28493 7.41361,
	4.35295 7.48616,
	4.37562 7.52244,
	4.38922 7.54057,
	4.39829 7.54964,
	4.40282 7.58592,
	4.40736 7.59499,
	4.47991 7.59045,
	4.51618 7.58138,
	4.52525 7.58138,
	4.53432 7.59045,
	4.54339 7.62673,
	4.55246 7.64486,
	4.56153 7.65393,
	4.55699 7.69021,
	4.54792 7.69928,
	4.54792 7.73555,
	4.54792 7.75369,
	4.48898 7.8217,
	4.47084 7.83984,
	4.46177 7.84891,
	4.4527 7.88518,
	4.42096 7.91692,
	4.41189 7.92599,
	4.39829 7.95773,
	4.38015 7.97134,
	4.3076 7.97134,
	4.28947 7.97134,
	4.2804 7.97134,
	4.26226 7.9532,
	4.25773 7.93506,
	4.24412 7.92146,
	4.17157 7.92146,
	4.1353 7.92146,
	4.11716 7.92146,
	4.08089 7.88972,
	4.03101 7.81717,
	3.99927 7.78089,
	3.963 7.75822,
	3.94486 7.74915,
	3.87684 7.68567,
	3.85871 7.66754,
	3.78616 7.663,
	3.71814 7.62219,
	3.68187 7.60859,
	3.64559 7.60406,
	3.59572 7.67207,
	3.57758 7.68114,
	3.5413 7.68114,
	3.52317 7.6766,
	3.5141 7.6766,
	3.5005 7.65847,
	3.5005 7.62219,
	3.5005 7.60406,
	3.50956 7.58592,
	3.54584 7.56778,
	3.56398 7.55871,
	3.57304 7.54964,
	3.57304 7.51337,
	3.5005 7.5043,
	3.49143 7.5043,
	3.45969 7.46803,
	3.45062 7.43175,
	3.45062 7.39548,
	"/>
</Transform>

<Transform dim="6"
 xcoef=" 0.0446874446926857 1.01761928370745 -0.0231945005889915 0 0 0"
 ycoef=" -0.163116029753597 0.0201428596538127 1.00140857851713 0 0 0">
<Contour name="d08" hidden="false" closed="true" simplified="true" border="1 0 0" fill="1 0 0" mode="9"
 points="5.01001 2.57927,
	5.0245 2.55029,
	5.03175 2.54304,
	5.06073 2.54304,
	5.07522 2.54304,
	5.08246 2.54304,
	5.11145 2.56478,
	5.12594 2.57202,
	5.14043 2.58651,
	5.14043 2.6155,
	5.14043 2.62999,
	5.12956 2.64448,
	5.10058 2.65897,
	5.0716 2.66259,
	5.05711 2.66259,
	5.02813 2.64448,
	5.01726 2.62999,
	5.01001 2.601,
	5.01001 2.58651,
	5.01001 2.58289,
	"/>
</Transform>

<Transform dim="6"
 xcoef=" 0.0446874446926857 1.01761928370745 -0.0231945005889915 0 0 0"
 ycoef=" -0.163116029753597 0.0201428596538127 1.00140857851713 0 0 0">
<Contour name="d01ax28" hidden="false" closed="true" simplified="true" border="0 0 1" fill="0 0 1" mode="-11"
 points="4.22451 5.87155,
	4.24474 5.85133,
	4.2563 5.83977,
	4.26497 5.81954,
	4.27075 5.80798,
	4.27364 5.78487,
	4.29964 5.73863,
	4.31987 5.71552,
	4.33432 5.69529,
	4.34587 5.68373,
	4.36032 5.66062,
	4.37477 5.64328,
	4.41811 5.59705,
	4.45279 5.55659,
	4.48457 5.51036,
	4.52503 5.4728,
	4.54814 5.46124,
	4.57126 5.45546,
	4.59437 5.45546,
	4.63772 5.42367,
	4.65794 5.40634,
	4.70418 5.38033,
	4.70996 5.38033,
	4.73307 5.36299,
	4.75619 5.35143,
	4.77642 5.3341,
	4.79375 5.31098,
	4.8371 5.26764,
	4.88333 5.23007,
	4.92956 5.19829,
	4.94979 5.18673,
	4.96135 5.17806,
	4.96713 5.17806,
	4.99024 5.16361,
	5.01336 5.15784,
	5.02492 5.15206,
	5.0307 5.15206,
	5.03647 5.14628,
	5.08271 5.13472,
	5.17517 5.13761,
	5.18673 5.1405,
	5.19251 5.1405,
	5.19829 5.14628,
	5.29075 5.15206,
	5.31387 5.15784,
	5.31098 5.16072,
	5.3341 5.1665,
	5.34566 5.16939,
	5.35721 5.17806,
	5.3601 5.18962,
	5.33988 5.20407,
	5.24741 5.23296,
	5.15495 5.27053,
	5.13183 5.28209,
	5.12027 5.29075,
	5.09716 5.29942,
	5.05092 5.30809,
	5.02781 5.31965,
	4.99024 5.3601,
	4.96135 5.40345,
	4.95268 5.415,
	4.9469 5.42078,
	4.9469 5.42656,
	4.93534 5.43812,
	4.92956 5.44679,
	4.90933 5.46991,
	4.87755 5.51036,
	4.83999 5.55081,
	4.81976 5.57104,
	4.77642 5.60283,
	4.75619 5.62016,
	4.75041 5.62883,
	4.70996 5.6664,
	4.67239 5.70974,
	4.65217 5.72997,
	4.63772 5.75019,
	4.62038 5.76464,
	4.60015 5.78776,
	4.57993 5.8022,
	4.53369 5.84266,
	4.48746 5.87155,
	4.4759 5.88022,
	4.46434 5.88311,
	4.45857 5.88889,
	4.43545 5.89467,
	4.38922 5.92067,
	4.37766 5.93223,
	4.36321 5.95535,
	4.36032 5.96113,
	4.35454 5.96113,
	4.33143 5.97847,
	4.30831 5.98136,
	4.28519 5.97558,
	4.27941 5.97558,
	4.26786 5.96691,
	4.24185 5.92067,
	4.2274 5.89756,
	4.22451 5.87444,
	"/>
</Transform>

<Transform dim="6"
 xcoef=" 0.0446874446926857 1.01761928370745 -0.0231945005889915 0 0 0"
 ycoef=" -0.163116029753597 0.0201428596538127 1.00140857851713 0 0 0">
<Contour name="d01p28" hidden="false" closed="true" simplified="true" border="1 0 0.5" fill="1 0 0.5" mode="-13"
 points="5.49479 4.40895,
	5.49757 4.39072,
	5.50566 4.37426,
	5.51825 4.36121,
	5.53411 4.35282,
	5.5517 4.34994,
	5.56929 4.35282,
	5.58515 4.36121,
	5.59774 4.37426,
	5.60582 4.39072,
	5.60861 4.40895,
	5.60582 4.42719,
	5.59774 4.44364,
	5.58515 4.4567,
	5.56929 4.46508,
	5.5517 4.46797,
	5.53411 4.46508,
	5.51825 4.4567,
	5.50566 4.44364,
	"/>
</Transform>

<Transform dim="6"
 xcoef=" 0.0446874446926857 1.01761928370745 -0.0231945005889915 0 0 0"
 ycoef=" -0.163116029753597 0.0201428596538127 1.00140857851713 0 0 0">
<Contour name="d01p26" hidden="false" closed="true" simplified="false" border="0 0 1" fill="0 0 1" mode="-9"
 points="4.5632 4.55893,
	4.54035 4.53608,
	4.5632 4.51323,
	4.58605 4.53608,
	"/>
</Transform>

<Transform dim="6"
 xcoef=" 0.0446874446926857 1.01761928370745 -0.0231945005889915 0 0 0"
 ycoef=" -0.163116029753597 0.0201428596538127 1.00140857851713 0 0 0">
<Contour name="d01p25" hidden="false" closed="true" simplified="false" border="0 0 1" fill="0 0 1" mode="9"
 points="4.52403 4.21945,
	4.50445 4.21945,
	4.50445 4.22925,
	4.51424 4.23904,
	4.54362 4.24883,
	4.52403 4.25862,
	4.51424 4.27821,
	4.49465 4.25862,
	4.48486 4.23904,
	4.48486 4.21945,
	4.46528 4.21945,
	4.49465 4.19987,
	"/>
</Transform>

<Transform dim="6"
 xcoef=" 0.0446874446926857 1.01761928370745 -0.0231945005889915 0 0 0"
 ycoef=" -0.163116029753597 0.0201428596538127 1.00140857851713 0 0 0">
<Contour name="d03p24a" hidden="false" closed="true" simplified="false" border="0 0 1" fill="0 0 1" mode="-13"
 points="3.30219 2.56338,
	3.28161 2.54281,
	3.30219 2.52224,
	3.32276 2.54281,
	"/>
<Contour name="d03p24b" hidden="false" closed="true" simplified="false" border="0 0 1" fill="0 0 1" mode="-13"
 points="3.30219 2.56338,
	3.28161 2.54281,
	3.30219 2.52224,
	3.32276 2.54281,
	"/>
</Transform>

<Transform dim="0"
 xcoef=" 0 1 0 0 0 0"
 ycoef=" 0 0 1 0 0 0">
<Contour name="d01" hidden="false" closed="true" simplified="true" border="1 0.5 0" fill="1 0.5 0" mode="9"
 points="3.19266 5.10482,
	3.20265 5.08334,
	3.23831 5.04006,
	3.25352 5.01847,
	3.26302 4.97572,
	3.32387 4.88938,
	3.3661 4.90448,
	3.45128 4.96661,
	3.53549 4.9862,
	3.6191 4.97919,
	3.6606 4.9624,
	3.68141 4.95666,
	3.72266 4.92923,
	3.74323 4.91286,
	3.75369 4.91265,
	3.78948 4.87469,
	3.80481 4.85842,
	3.84655 4.85226,
	3.86797 4.87311,
	3.87418 4.91555,
	3.87466 4.93682,
	3.85992 4.97967,
	3.85518 5.00105,
	3.80467 5.08186,
	3.728 5.1632,
	3.68686 5.19595,
	3.64548 5.21807,
	3.60362 5.21891,
	3.58257 5.21401,
	3.57185 5.20359,
	3.53023 5.21506,
	3.44651 5.21675,
	3.40464 5.21759,
	3.32152 5.24586,
	3.23731 5.22628,
	3.21614 5.21606,
	3.20544 5.20564,
	3.194 5.16331,
	3.19303 5.12077,
	3.19278 5.11013,
	"/>
<Contour name="d01cfa35ax04" hidden="false" closed="false" simplified="false" border="0 1 1" fill="0 1 1" mode="9"
 points="3.74244 4.91652,
	3.73851 4.92496,
	3.71431 4.94636,
	3.67966 4.96171,
	3.62463 4.98582,
	3.55683 4.99137,
	3.49898 4.98207,
	3.44524 4.97269,
	3.41582 4.94609,
	3.39472 4.92351,
	3.36964 4.90728,
	"/>
</Transform>

<Transform dim="0"
 xcoef=" 0 1 0 0 0 0"
 ycoef=" 0 0 1 0 0 0">
<Contour name="ax04" comment="LK bouton trace named after cfa" hidden="false" closed="true" simplified="true" border="0 1 1" fill="0.502 1 1" mode="9"
 points="3.31021 4.73759,
	3.31215 4.73371,
	3.31215 4.73177,
	3.31505 4.7279,
	3.31602 4.72402,
	3.31602 4.72208,
	3.31893 4.71821,
	3.32377 4.7027,
	3.32668 4.69495,
	3.32959 4.66394,
	3.32668 4.64844,
	3.32474 4.64069,
	3.32377 4.60968,
	3.32377 4.6058,
	3.33153 4.5903,
	3.33346 4.55929,
	3.33734 4.54378,
	3.33734 4.53991,
	3.34025 4.53215,
	3.34122 4.5244,
	3.34122 4.52053,
	3.35672 4.48952,
	3.36641 4.47401,
	3.38192 4.46335,
	3.41292 4.44688,
	3.42068 4.443,
	3.45169 4.43816,
	3.46719 4.43138,
	3.48269 4.42653,
	3.49045 4.42459,
	3.50595 4.42459,
	3.5137 4.4275,
	3.52921 4.42847,
	3.54471 4.42653,
	3.55246 4.42944,
	3.58347 4.45076,
	3.59898 4.45463,
	3.60673 4.4556,
	3.61448 4.45463,
	3.62224 4.45173,
	3.62611 4.44979,
	3.63386 4.45076,
	3.64162 4.45463,
	3.65712 4.4682,
	3.66487 4.47304,
	3.67262 4.47595,
	3.68813 4.47692,
	3.70363 4.47595,
	3.73464 4.46432,
	3.76565 4.46335,
	3.7734 4.46432,
	3.78116 4.4682,
	3.78891 4.47595,
	3.79278 4.4837,
	3.79666 4.51471,
	3.79763 4.52246,
	3.80441 4.53797,
	3.80732 4.55347,
	3.80732 4.56898,
	3.80635 4.57673,
	3.80538 4.5777,
	3.8141 4.5932,
	3.81701 4.59708,
	3.81798 4.61258,
	3.81701 4.62034,
	3.8141 4.62809,
	3.80926 4.63584,
	3.80635 4.64359,
	3.80441 4.64747,
	3.80538 4.66297,
	3.81604 4.69398,
	3.81992 4.70173,
	3.83251 4.71724,
	3.83542 4.72112,
	3.83736 4.73662,
	3.83348 4.75212,
	3.83251 4.75988,
	3.83542 4.77538,
	3.83639 4.79089,
	3.83348 4.80639,
	3.83155 4.81414,
	3.82961 4.81608,
	3.82864 4.81996,
	3.81604 4.83546,
	3.80054 4.84903,
	3.76953 4.87035,
	3.76178 4.87422,
	3.73077 4.89845,
	3.71526 4.91201,
	3.68425 4.93333,
	3.66875 4.94205,
	3.661 4.94593,
	3.62999 4.95465,
	3.62224 4.95562,
	3.60673 4.9624,
	3.59123 4.96628,
	3.57572 4.96822,
	3.54471 4.96531,
	3.5137 4.96047,
	3.4982 4.95853,
	3.46719 4.94884,
	3.43618 4.93721,
	3.42068 4.9314,
	3.38967 4.91492,
	3.37513 4.89942,
	3.36932 4.89166,
	3.36157 4.87616,
	3.35963 4.87422,
	3.35866 4.87035,
	3.34315 4.85969,
	3.33637 4.85193,
	3.32571 4.83643,
	3.32377 4.83255,
	3.31796 4.80154,
	3.31699 4.79379,
	3.31118 4.77829,
	3.31021 4.74728,
	3.31021 4.73953,
	3.31021 4.73856,
	"/>
</Transform>

<Transform dim="0"
 xcoef=" 0 1 0 0 0 0"
 ycoef=" 0 0 1 0 0 0">
<Contour name="ax12" comment="LK bouton trace named after cfa" hidden="false" closed="true" simplified="true" border="0 1 1" fill="0.502 1 1" mode="9"
 points="2.84242 2.23087,
	2.84747 2.22279,
	2.86264 2.21167,
	2.89498 2.19853,
	2.92733 2.1955,
	2.93541 2.1955,
	2.95159 2.19853,
	2.95967 2.19752,
	2.97585 2.19044,
	2.97787 2.18842,
	2.99404 2.18741,
	2.99809 2.19044,
	3.00213 2.19145,
	3.01022 2.19651,
	3.01426 2.20459,
	3.01628 2.20864,
	3.01628 2.21066,
	3.02639 2.22582,
	3.03144 2.23391,
	3.03346 2.23795,
	3.04762 2.25109,
	3.05469 2.25615,
	3.07086 2.27131,
	3.08299 2.28647,
	3.08603 2.29051,
	3.08603 2.2986,
	3.07996 2.31376,
	3.07895 2.31781,
	3.07289 2.32488,
	3.05671 2.32993,
	3.04054 2.33297,
	3.00819 2.33297,
	2.97585 2.33499,
	2.96776 2.33398,
	2.95159 2.32892,
	2.93541 2.32892,
	2.93137 2.3269,
	2.92733 2.3269,
	2.91116 2.31882,
	2.90711 2.31781,
	2.89195 2.3077,
	2.87679 2.29253,
	2.87173 2.28647,
	2.85657 2.27131,
	2.8495 2.26524,
	2.84545 2.2612,
	2.84343 2.25716,
	2.84242 2.24098,
	2.84242 2.2329,
	2.84242 2.23189,
	"/>
</Transform>

<Transform dim="0"
 xcoef=" 0 1 0 0 0 0"
 ycoef=" 0 0 1 0 0 0">
<Contour name="ax20" comment="LK bouton trace named after cfa" hidden="false" closed="true" simplified="true" border="0 1 1" fill="0.502 1 1" mode="9"
 points="6.27334 8.77261,
	6.28715 8.75682,
	6.29504 8.74992,
	6.32662 8.73215,
	6.33057 8.73117,
	6.33846 8.72327,
	6.33945 8.71933,
	6.34537 8.71143,
	6.35326 8.70847,
	6.35721 8.70946,
	6.36609 8.72426,
	6.37299 8.74005,
	6.37694 8.74794,
	6.38187 8.76373,
	6.38878 8.77952,
	6.39766 8.7953,
	6.40457 8.80221,
	6.41345 8.818,
	6.41641 8.82589,
	6.41739 8.84168,
	6.41739 8.84562,
	6.41246 8.85352,
	6.39766 8.8693,
	6.38582 8.88509,
	6.3799 8.89298,
	6.37793 8.89693,
	6.37793 8.90482,
	6.38187 8.91272,
	6.38385 8.91666,
	6.38582 8.91864,
	6.38681 8.92258,
	6.39273 8.93048,
	6.3947 8.93443,
	6.3947 8.9364,
	6.39667 8.93837,
	6.39766 8.94627,
	6.39667 8.95416,
	6.38878 8.96995,
	6.37497 8.98573,
	6.37102 8.98869,
	6.35523 8.99165,
	6.33945 8.99165,
	6.33155 8.98968,
	6.32366 8.98376,
	6.30985 8.96797,
	6.30886 8.96403,
	6.30886 8.96205,
	6.30393 8.95416,
	6.30195 8.95021,
	6.29998 8.94824,
	6.29899 8.94429,
	6.29307 8.9364,
	6.28715 8.92061,
	6.28419 8.90482,
	6.28419 8.88904,
	6.28518 8.88114,
	6.29011 8.86536,
	6.29011 8.85746,
	6.29307 8.84957,
	6.29208 8.83378,
	6.27827 8.80221,
	6.27531 8.79432,
	6.27334 8.77853,
	6.27334 8.77458,
	6.27334 8.7736,
	"/>
</Transform>

<Transform dim="6"
 xcoef=" -0.660493390284842 1.15332417703877 0.0362041564972029 0 0 0"
 ycoef=" -1.13788788309761 0.0279677903633938 1.02416041589967 0 0 0">
<Image mag="0.00217507" contrast="0.917" brightness="0.12" red="true" green="true" blue="true"
 src="FHLTD.171.jpg" />
<Contour name="domain1" hidden="false" closed="true" simplified="false" border="1 0 1" fill="1 0 1" mode="11"
 points="0 0,
	4096 0,
	4096 4096,
	0 4096,
	"/>
</Transform>

<Transform dim="0"
 xcoef=" 0 1 0 0 0 0"
 ycoef=" 0 0 1 0 0 0">
<Contour name="ax23" comment="LK bouton trace named after cfa" hidden="false" closed="true" simplified="true" border="0 1 1" fill="0.502 1 1" mode="9"
 points="4.14947 9.09255,
	4.15185 9.08875,
	4.15327 9.08685,
	4.16087 9.08258,
	4.16467 9.08115,
	4.16657 9.0802,
	4.17417 9.07973,
	4.17797 9.0783,
	4.19317 9.07783,
	4.22356 9.07166,
	4.23876 9.06738,
	4.24636 9.06406,
	4.24826 9.06311,
	4.25491 9.05551,
	4.26013 9.04791,
	4.26393 9.04031,
	4.26678 9.03271,
	4.26773 9.02511,
	4.27295 9.00991,
	4.27438 9.00612,
	4.27675 9.00232,
	4.28435 8.99567,
	4.29195 8.99234,
	4.29575 8.99139,
	4.30335 8.98807,
	4.31095 8.98664,
	4.31475 8.98569,
	4.31665 8.98427,
	4.32425 8.98284,
	4.33185 8.98047,
	4.33944 8.97714,
	4.35464 8.9724,
	4.36224 8.96907,
	4.36984 8.96385,
	4.37364 8.96195,
	4.38076 8.95482,
	4.38456 8.95245,
	4.41496 8.9249,
	4.42208 8.9173,
	4.42778 8.9097,
	4.43016 8.9059,
	4.43348 8.89831,
	4.43538 8.89451,
	4.43823 8.87931,
	4.4387 8.87551,
	4.44298 8.86791,
	4.44535 8.86411,
	4.4463 8.86031,
	4.4463 8.85841,
	4.44535 8.85651,
	4.4444 8.85556,
	4.44203 8.84036,
	4.44298 8.83277,
	4.44155 8.81757,
	4.44155 8.81377,
	4.4425 8.80997,
	4.44725 8.80237,
	4.45485 8.79477,
	4.45865 8.79145,
	4.46625 8.78812,
	4.47005 8.78717,
	4.47765 8.78765,
	4.48145 8.78812,
	4.48905 8.79145,
	4.49665 8.79667,
	4.51184 8.80997,
	4.52704 8.82137,
	4.54224 8.82992,
	4.55744 8.83751,
	4.56504 8.84084,
	4.57121 8.84796,
	4.57833 8.85556,
	4.58166 8.85936,
	4.58403 8.86316,
	4.58498 8.86506,
	4.59211 8.87266,
	4.59591 8.87646,
	4.60541 8.89166,
	4.61015 8.89926,
	4.613 8.90306,
	4.62013 8.91825,
	4.62393 8.92585,
	4.62868 8.94105,
	4.63153 8.94865,
	4.63248 8.95055,
	4.63295 8.95435,
	4.63485 8.95815,
	4.63675 8.96575,
	4.63723 8.97335,
	4.63865 8.98094,
	4.6396 8.99614,
	4.63913 9.01134,
	4.63628 9.02654,
	4.6282 9.05693,
	4.6225 9.07213,
	4.6187 9.07973,
	4.60968 9.09493,
	4.60731 9.09873,
	4.59353 9.11392,
	4.58641 9.12152,
	4.57881 9.1277,
	4.57501 9.13007,
	4.57121 9.1334,
	4.55601 9.14052,
	4.55221 9.14242,
	4.55031 9.14337,
	4.53512 9.1448,
	4.52752 9.14432,
	4.49712 9.14669,
	4.48192 9.14812,
	4.47432 9.15002,
	4.46673 9.15334,
	4.45913 9.15809,
	4.45153 9.16189,
	4.44393 9.16427,
	4.38314 9.16712,
	4.35274 9.16997,
	4.34514 9.17139,
	4.34134 9.17187,
	4.33374 9.17567,
	4.32995 9.17804,
	4.32615 9.17947,
	4.32425 9.18042,
	4.3233 9.18042,
	4.3195 9.18374,
	4.3119 9.18801,
	4.3043 9.19086,
	4.3005 9.19276,
	4.2929 9.19419,
	4.2853 9.19466,
	4.2834 9.19466,
	4.2758 9.19846,
	4.2682 9.20084,
	4.25301 9.20179,
	4.24541 9.20131,
	4.24351 9.20131,
	4.22831 9.19371,
	4.22071 9.18896,
	4.20551 9.17757,
	4.19032 9.16332,
	4.18652 9.15952,
	4.17844 9.14432,
	4.17702 9.14052,
	4.17179 9.13292,
	4.15707 9.1182,
	4.15327 9.1106,
	4.14995 9.0954,
	4.14947 9.0935,
	4.14947 9.09303,
	"/>
</Transform>

<Transform dim="0"
 xcoef=" 0 1 0 0 0 0"
 ycoef=" 0 0 1 0 0 0">
<Contour name="d01c35ax04" hidden="false" closed="true" simplified="true" border="0 1 0" fill="0 1 0" mode="9"
 points="3.33505 4.95948,
	3.3659 4.90886,
	3.38092 4.88356,
	3.38883 4.8709,
	3.39279 4.86458,
	3.39437 4.86141,
	3.39595 4.86062,
	3.49718 4.89463,
	3.50351 4.89621,
	3.50667 4.89779,
	3.70913 4.86458,
	3.71546 4.86378,
	3.71862 4.86299,
	3.7202 4.86299,
	3.76528 4.96422,
	3.77635 4.98953,
	3.77793 4.99269,
	3.77556 4.99507,
	3.5731 5.05122,
	3.54779 5.05834,
	3.54147 5.05992,
	3.5383 5.06071,
	3.33584 4.96027,
	"/>
</Transform>

</Section>