<?xml version="1.0"?>
<!DOCTYPE Section SYSTEM "section.dtd">

<Section index="52" thickness="0.045" alignLocked="true">
<Transform dim="6"
 xcoef=" -0.0973114372186893 1.0229245102345 0.0258981227097691 0 0 0"
 ycoef=" -0.312956694529996 0.0191464454719616 0.991635121416556 0 0 0">
<Image mag="0.00217507" contrast="0.917" brightness="0.12" red="true" green="true" blue="true"
 src="FHLTD.52.jpg" />
<Contour name="domain1" hidden="false" closed="true" simplified="false" border="1 0 1" fill="1 0 1" mode="11"
 points="0 0,
	4096 0,
	4096 4096,
	0 4096,
	"/>
</Transform>

<Transform dim="1"
 xcoef=" 5.27999999999993 1 0 0 0 0"
 ycoef=" 2.47999999999999 0 1 0 0 0">
<Contour name="D04" hidden="false" closed="true" simplified="true" border="1 0 0" fill="1 0 0" mode="11"
 points="5.46492 7.32996,
	5.46778 7.29096,
	5.47628 7.25281,
	5.49024 7.21634,
	5.50936 7.18235,
	5.53323 7.15158,
	5.56131 7.1247,
	5.59299 7.1023,
	5.6276 7.08487,
	5.66436 7.07278,
	5.70248 7.0663,
	5.74113 7.06558,
	5.77947 7.07063,
	5.81665 7.08133,
	5.85186 7.09746,
	5.88435 7.11866,
	5.91339 7.14447,
	5.93836 7.17432,
	5.95871 7.20758,
	5.97399 7.2435,
	5.98388 7.28131,
	5.98816 7.32018,
	5.98673 7.35926,
	5.97963 7.39771,
	5.96701 7.43467,
	5.94914 7.46936,
	5.92642 7.501,
	5.89934 7.52891,
	5.86849 7.55248,
	5.83455 7.57119,
	5.79825 7.58464,
	5.76039 7.59254,
	5.72179 7.59471,
	5.6833 7.5911,
	5.64576 7.58179,
	5.60998 7.56699,
	5.57674 7.54702,
	5.54678 7.52231,
	5.52073 7.49341,
	5.49918 7.46094,
	5.48259 7.42562,
	5.47133 7.3882,
	"/>
</Transform>

<Transform dim="1"
 xcoef=" -1.14 1 0 0 0 0"
 ycoef=" -0.53 0 1 0 0 0">
<Contour name="D05" hidden="false" closed="true" simplified="true" border="1 1 0" fill="1 1 0" mode="11"
 points="2.15299 4.10404,
	2.16475 4.03163,
	2.19888 3.96632,
	2.25205 3.91448,
	2.31904 3.8812,
	2.39329 3.86974,
	2.46755 3.8812,
	2.53454 3.91448,
	2.58771 3.96632,
	2.62184 4.03163,
	2.6336 4.10404,
	2.62184 4.17644,
	2.58771 4.24175,
	2.53454 4.29359,
	2.46755 4.32687,
	2.39329 4.33833,
	2.31904 4.32687,
	2.25205 4.29359,
	2.19888 4.24175,
	"/>
</Transform>

<Transform dim="0"
 xcoef=" 0 1 0 0 0 0"
 ycoef=" 0 0 1 0 0 0">
<Contour name="d01" hidden="false" closed="true" simplified="true" border="1 0.5 0" fill="1 0.5 0" mode="-11"
 points="6.06377 0.666116,
	6.10606 0.634396,
	6.13778 0.59739,
	6.18008 0.560383,
	6.26466 0.512803,
	6.30695 0.491657,
	6.31224 0.53395,
	6.30695 0.555097,
	6.22765 0.634396,
	6.20651 0.655543,
	6.19594 0.676689,
	6.17479 0.692549,
	6.0902 0.687262,
	6.06906 0.681976,
	6.06377 0.671403,
	"/>
</Transform>

<Transform dim="0"
 xcoef=" 0 1 0 0 0 0"
 ycoef=" 0 0 1 0 0 0">
<Contour name="d01" hidden="false" closed="true" simplified="true" border="1 0.5 0" fill="1 0.5 0" mode="-11"
 points="4.7844 1.68115,
	4.84256 1.60185,
	4.92714 1.54898,
	5.01173 1.51198,
	5.09632 1.5014,
	5.13861 1.49612,
	5.1809 1.45911,
	5.22319 1.43268,
	5.26549 1.41682,
	5.30778 1.41153,
	5.31835 1.40096,
	5.36065 1.40096,
	5.38179 1.40624,
	5.42409 1.43268,
	5.50867 1.44854,
	5.59326 1.43796,
	5.76243 1.43796,
	5.80472 1.43796,
	5.82587 1.43796,
	5.91046 1.4644,
	5.95275 1.4644,
	5.9739 1.46968,
	6.01619 1.5014,
	6.02676 1.50669,
	6.03205 1.49612,
	6.11664 1.52255,
	6.15893 1.53841,
	6.1695 1.53841,
	6.19065 1.55427,
	6.27523 1.58599,
	6.31753 1.60185,
	6.35982 1.60714,
	6.43383 1.67586,
	6.42855 1.76045,
	6.42855 1.80274,
	6.41269 1.84504,
	6.38625 1.88733,
	6.34925 1.92433,
	6.3281 1.96663,
	6.3281 1.9772,
	6.31224 1.99835,
	6.29638 2.04064,
	6.22765 2.11465,
	6.19065 2.14637,
	6.1695 2.16223,
	6.12721 2.16752,
	6.04262 2.16223,
	5.95804 2.13051,
	5.87345 2.11465,
	5.83116 2.11465,
	5.74657 2.13051,
	5.70428 2.1358,
	5.53511 2.18338,
	5.49281 2.18867,
	5.45052 2.20453,
	5.36593 2.25739,
	5.34479 2.26797,
	5.33421 2.26268,
	5.24963 2.26797,
	5.20733 2.26797,
	5.16504 2.25211,
	5.12803 2.22567,
	5.09103 2.18867,
	5.08046 2.16752,
	5.06988 2.15695,
	5.06988 2.14637,
	5.05402 2.12523,
	5.03288 2.11465,
	4.99058 2.11465,
	4.96944 2.11465,
	4.92714 2.08822,
	4.89014 2.05121,
	4.8637 2.00892,
	4.8267 1.96663,
	4.81084 1.94548,
	4.7844 1.8609,
	4.7844 1.69172,
	4.7844 1.68644,
	"/>
</Transform>

<Transform dim="0"
 xcoef=" 0 1 0 0 0 0"
 ycoef=" 0 0 1 0 0 0">
<Contour name="d01c02" hidden="false" closed="true" simplified="true" border="0 1 0" fill="0 1 0" mode="9"
 points="4.78473 1.5935,
	4.79316 1.57664,
	4.82688 1.54713,
	4.89433 1.50919,
	4.9112 1.50498,
	4.92806 1.49233,
	4.96178 1.4839,
	4.99551 1.4839,
	5.01237 1.48811,
	5.0208 1.49655,
	5.02502 1.53027,
	5.02502 1.5387,
	4.95757 1.58086,
	4.94492 1.5935,
	4.93649 1.5935,
	4.90698 1.61458,
	4.89012 1.62301,
	4.87326 1.63988,
	4.83953 1.65252,
	4.82267 1.65252,
	4.81424 1.65252,
	4.80159 1.63566,
	4.79738 1.6188,
	4.78473 1.60615,
	4.78473 1.59772,
	"/>
<Contour name="d01cfa02" hidden="false" closed="false" simplified="false" border="0 1 1" fill="0 1 1" mode="9"
 points="5.0142 1.50017,
	4.95097 1.52547,
	4.87509 1.57184,
	4.80764 1.63929,
	"/>
</Transform>

<Transform dim="0"
 xcoef=" 0 1 0 0 0 0"
 ycoef=" 0 0 1 0 0 0">
<Contour name="d02" hidden="false" closed="true" simplified="true" border="0.5 0 1" fill="0.5 0 1" mode="9"
 points="3.62825 5.82397,
	3.64702 5.79895,
	3.74711 5.76141,
	3.8472 5.71137,
	3.89099 5.66758,
	3.92226 5.56749,
	3.94103 5.51744,
	3.96605 5.49242,
	4.0161 5.47365,
	4.06614 5.50493,
	4.09117 5.51744,
	4.13496 5.56749,
	4.15372 5.61753,
	4.16623 5.71762,
	4.17874 5.76767,
	4.22253 5.8052,
	4.27258 5.81146,
	4.32262 5.83022,
	4.34765 5.83648,
	4.37267 5.85525,
	4.47276 5.8615,
	4.5228 5.86776,
	4.57285 5.89278,
	4.67294 5.90529,
	4.72298 5.89904,
	4.748 5.89278,
	4.76052 5.88027,
	4.81056 5.8615,
	4.91065 5.85525,
	4.95444 5.84899,
	4.9607 5.82397,
	4.99823 5.78018,
	5.02325 5.75516,
	5.03576 5.74265,
	5.04202 5.71762,
	5.06078 5.69886,
	5.08581 5.6926,
	5.1296 5.64881,
	5.15462 5.64881,
	5.20466 5.61753,
	5.22343 5.56749,
	5.25471 5.5237,
	5.26096 5.49868,
	5.28599 5.47991,
	5.31101 5.42987,
	5.34229 5.39859,
	5.44238 5.39233,
	5.4674 5.39859,
	5.49242 5.44238,
	5.59251 5.42361,
	5.6926 5.41735,
	5.74265 5.40484,
	5.83648 5.4111,
	5.78643 5.42987,
	5.76141 5.43612,
	5.71762 5.47991,
	5.71137 5.50493,
	5.66758 5.55498,
	5.64256 5.56749,
	5.61753 5.59251,
	5.61128 5.64256,
	5.61753 5.66132,
	5.62379 5.65507,
	5.63004 5.66758,
	5.58626 5.76767,
	5.58626 5.79269,
	5.54247 5.89278,
	5.49868 5.93657,
	5.48617 5.94908,
	5.47991 5.9741,
	5.39233 6.06168,
	5.38608 6.11173,
	5.37982 6.13675,
	5.39233 6.23684,
	5.38608 6.26186,
	5.33603 6.28688,
	5.31101 6.30565,
	5.26096 6.30565,
	5.23594 6.29939,
	5.19215 6.26186,
	5.17339 6.23684,
	5.12334 6.21807,
	5.0733 6.22433,
	5.02325 6.21182,
	4.97321 6.18054,
	4.92316 6.16803,
	4.87312 6.17428,
	4.77303 6.21807,
	4.748 6.23684,
	4.64791 6.26812,
	4.64166 6.25561,
	4.66043 6.23058,
	4.66668 6.18054,
	4.66043 6.13049,
	4.66043 6.11798,
	4.62289 6.06794,
	4.61038 6.05543,
	4.60413 6.0304,
	4.55408 6.01164,
	4.45399 6.01164,
	4.40395 6.01789,
	4.3539 6.03666,
	4.30386 6.04291,
	4.25381 6.03666,
	4.21002 5.99287,
	4.15998 5.96159,
	4.05989 5.98036,
	4.00984 5.98036,
	3.9598 5.94908,
	3.90975 5.93031,
	3.80966 5.94908,
	3.75962 5.95534,
	3.70957 5.93657,
	3.68455 5.93031,
	3.64702 5.89278,
	3.62825 5.84274,
	3.62825 5.83022,
	"/>
</Transform>

<Transform dim="0"
 xcoef=" 0 1 0 0 0 0"
 ycoef=" 0 0 1 0 0 0">
<Contour name="d02" hidden="false" closed="true" simplified="true" border="0.5 0 1" fill="0.5 0 1" mode="9"
 points="3.23777 6.71234,
	3.28513 6.64345,
	3.31957 6.61762,
	3.38846 6.58748,
	3.4229 6.57887,
	3.49179 6.54012,
	3.52624 6.5272,
	3.59513 6.48414,
	3.62957 6.46262,
	3.64679 6.4497,
	3.66402 6.41526,
	3.67693 6.39803,
	3.7329 6.26026,
	3.74582 6.22581,
	3.74582 6.15692,
	3.73721 6.12248,
	3.72429 6.10526,
	3.72429 6.08803,
	3.75874 6.06651,
	3.79318 6.07081,
	3.82332 6.10095,
	3.83624 6.1354,
	3.85346 6.1397,
	3.86207 6.1397,
	3.91804 6.20428,
	3.95249 6.22581,
	3.9611 6.23442,
	3.9654 6.25165,
	3.9611 6.26887,
	3.94388 6.28178,
	3.93957 6.29901,
	3.94388 6.36789,
	3.94388 6.38512,
	3.84915 6.52289,
	3.82763 6.55734,
	3.8104 6.57456,
	3.80179 6.57456,
	3.78457 6.59178,
	3.75013 6.60039,
	3.71568 6.60039,
	3.69846 6.58317,
	3.66402 6.57887,
	3.62957 6.58317,
	3.35402 6.70373,
	3.28513 6.72956,
	3.26791 6.74248,
	3.25068 6.74678,
	3.24207 6.74678,
	3.23777 6.71664,
	"/>
</Transform>

<Transform dim="0"
 xcoef=" 0 1 0 0 0 0"
 ycoef=" 0 0 1 0 0 0">
<Contour name="d02" hidden="false" closed="true" simplified="true" border="0.5 0 1" fill="0.5 0 1" mode="9"
 points="5.84719 4.9957,
	5.85558 4.97892,
	5.87236 4.96214,
	5.90591 4.96214,
	5.93947 4.97053,
	6.00658 4.96214,
	6.04014 4.96634,
	6.05692 4.97053,
	6.11983 5.03345,
	6.13242 5.05023,
	6.14081 5.08378,
	6.14081 5.11734,
	6.11564 5.18445,
	6.09886 5.21801,
	6.06531 5.23898,
	6.03175 5.23898,
	6.00239 5.20542,
	5.994 5.13831,
	5.994 5.12153,
	5.98561 5.10476,
	5.97722 5.10476,
	5.96044 5.08798,
	5.95205 5.07959,
	5.9185 5.07959,
	5.90172 5.08378,
	5.88494 5.09637,
	5.87655 5.09637,
	5.86397 5.07959,
	5.85558 5.04603,
	5.85558 5.02925,
	5.84719 5.01248,
	5.84719 4.99989,
	"/>
</Transform>

<Transform dim="0"
 xcoef=" 0 1 0 0 0 0"
 ycoef=" 0 0 1 0 0 0">
<Contour name="d02c02" hidden="false" closed="true" simplified="true" border="0 1 0" fill="0 1 0" mode="9"
 points="3.7053 5.78878,
	3.71487 5.78161,
	3.71965 5.78161,
	3.72204 5.77682,
	3.72683 5.77682,
	3.73161 5.77204,
	3.75075 5.76486,
	3.82729 5.71463,
	3.84404 5.69549,
	3.84643 5.68592,
	3.85361 5.67636,
	3.86078 5.65722,
	3.86318 5.64765,
	3.91341 5.57111,
	3.92058 5.56154,
	3.92776 5.5424,
	3.93972 5.52566,
	3.94451 5.52566,
	3.95407 5.54479,
	3.95647 5.55436,
	3.93255 5.63091,
	3.92776 5.64048,
	3.92537 5.65961,
	3.92776 5.662,
	3.89188 5.69549,
	3.87514 5.71463,
	3.87274 5.73377,
	3.86557 5.74333,
	3.84643 5.74573,
	3.82729 5.74333,
	3.80816 5.74573,
	3.76989 5.76965,
	3.75075 5.78161,
	3.74118 5.79118,
	3.72204 5.79835,
	3.71248 5.79835,
	3.7053 5.79118,
	"/>
</Transform>

<Transform dim="0"
 xcoef=" 0 1 0 0 0 0"
 ycoef=" 0 0 1 0 0 0">
<Contour name="d02cfa02" hidden="false" closed="false" simplified="false" border="0 1 1" fill="0 1 1" mode="9"
 points="3.71602 5.79398,
	3.75908 5.76767,
	3.81409 5.73418,
	3.85954 5.69112,
	3.89782 5.64089,
	3.9313 5.59066,
	3.94326 5.52846,
	"/>
</Transform>

<Transform dim="0"
 xcoef=" 0 1 0 0 0 0"
 ycoef=" 0 0 1 0 0 0">
<Contour name="d02c04" hidden="false" closed="true" simplified="true" border="0 1 0" fill="0 1 0" mode="9"
 points="3.35685 6.61552,
	3.37593 6.60189,
	3.38139 6.59643,
	3.3923 6.59371,
	3.41411 6.58007,
	3.50137 6.54189,
	3.52319 6.53099,
	3.545 6.51463,
	3.56682 6.49281,
	3.58863 6.47918,
	3.59954 6.47099,
	3.605 6.47099,
	3.62681 6.45736,
	3.66499 6.41646,
	3.69226 6.37283,
	3.72771 6.28556,
	3.73043 6.26375,
	3.73589 6.25284,
	3.74134 6.24739,
	3.74134 6.24193,
	3.76316 6.22012,
	3.77407 6.21739,
	3.78225 6.23921,
	3.78497 6.25011,
	3.77679 6.29374,
	3.78225 6.31556,
	3.78225 6.32647,
	3.77679 6.33738,
	3.76588 6.34828,
	3.7468 6.36192,
	3.7168 6.40555,
	3.69771 6.42736,
	3.68408 6.44645,
	3.67862 6.45736,
	3.67862 6.46281,
	3.65953 6.48463,
	3.65135 6.49554,
	3.64863 6.50644,
	3.64045 6.51735,
	3.55318 6.5528,
	3.50955 6.57189,
	3.49319 6.59098,
	3.48228 6.59916,
	3.46047 6.59916,
	3.44956 6.59643,
	3.40593 6.61007,
	3.39502 6.61279,
	3.37321 6.62643,
	3.3623 6.62643,
	3.35685 6.6237,
	3.35685 6.61825,
	"/>
</Transform>

<Transform dim="0"
 xcoef=" 0 1 0 0 0 0"
 ycoef=" 0 0 1 0 0 0">
<Contour name="d02cfa04" hidden="false" closed="false" simplified="false" border="0 1 1" fill="0 1 1" mode="9"
 points="3.77383 6.2163,
	3.76837 6.22994,
	3.75747 6.26266,
	3.73838 6.31174,
	3.71656 6.36628,
	3.67566 6.429,
	3.61567 6.48354,
	3.53113 6.54626,
	3.46296 6.57626,
	3.36206 6.62261,
	"/>
</Transform>

<Transform dim="0"
 xcoef=" 0 1 0 0 0 0"
 ycoef=" 0 0 1 0 0 0">
<Contour name="d03" hidden="false" closed="true" simplified="true" border="0 1 0" fill="0 1 0" mode="9"
 points="2.62959 3.19894,
	2.63324 3.18434,
	2.63506 3.17704,
	2.69346 3.14784,
	2.70441 3.11864,
	2.70988 3.10405,
	2.73908 3.07667,
	2.75368 3.0639,
	2.76098 3.0566,
	2.81937 3.0274,
	2.87777 2.97813,
	2.88506 2.97448,
	2.94346 2.96353,
	2.95806 2.96171,
	3.01645 2.97083,
	3.07485 2.95988,
	3.13324 2.94163,
	3.25003 2.89966,
	3.30843 2.87594,
	3.31573 2.87229,
	3.37412 2.88142,
	3.37777 2.88142,
	3.41427 2.93981,
	3.42522 2.95441,
	3.45259 2.97996,
	3.47084 3.03835,
	3.47814 3.06755,
	3.48544 3.12594,
	3.48909 3.15514,
	3.49091 3.21354,
	3.50003 3.27193,
	3.50368 3.30113,
	3.50733 3.31573,
	3.52011 3.32668,
	3.52741 3.33397,
	3.5566 3.34675,
	3.5712 3.35405,
	3.6004 3.38142,
	3.6077 3.38872,
	3.60952 3.41792,
	3.61135 3.43252,
	3.60952 3.44711,
	3.58945 3.47631,
	3.56208 3.50003,
	3.53288 3.51828,
	3.51828 3.52923,
	3.51098 3.53471,
	3.45259 3.54383,
	3.42339 3.54566,
	3.365 3.54201,
	3.3504 3.54383,
	3.3212 3.56208,
	3.3066 3.5712,
	3.2774 3.6004,
	3.27011 3.6077,
	3.25551 3.60952,
	3.19711 3.60405,
	3.16791 3.60223,
	3.15332 3.6004,
	3.14602 3.6004,
	3.11682 3.5858,
	3.10222 3.5785,
	3.04383 3.52741,
	2.98543 3.48179,
	2.95806 3.45806,
	2.93434 3.42887,
	2.92156 3.41427,
	2.86317 3.39237,
	2.84857 3.38689,
	2.73178 3.37777,
	2.67338 3.3723,
	2.66608 3.37047,
	2.66244 3.37047,
	2.64784 3.34127,
	2.64054 3.32668,
	2.63871 3.31208,
	2.64419 3.29748,
	2.65331 3.28288,
	2.65514 3.27923,
	2.63506 3.22083,
	2.63141 3.20624,
	2.62959 3.20076,
	"/>
</Transform>

<Transform dim="0"
 xcoef=" 0 1 0 0 0 0"
 ycoef=" 0 0 1 0 0 0">
<Contour name="d06" hidden="false" closed="true" simplified="true" border="0 0 1" fill="0 0 1" mode="9"
 points="1.2525 7.0335,
	1.26397 7.02203,
	1.30982 6.99911,
	1.40154 6.96758,
	1.49326 6.94178,
	1.53912 6.93892,
	1.56204 6.93892,
	1.56778 6.93892,
	1.57351 6.92745,
	1.61937 6.94752,
	1.6423 6.96471,
	1.65089 6.98764,
	1.65376 7.0335,
	1.65089 7.05643,
	1.64516 7.06789,
	1.63943 7.07363,
	1.62797 7.07649,
	1.58211 7.10515,
	1.53625 7.11088,
	1.49039 7.11088,
	1.44453 7.09369,
	1.39867 7.08796,
	1.37575 7.07936,
	1.28403 7.07076,
	1.27256 7.06789,
	1.2525 7.04783,
	1.2525 7.03637,
	"/>
<Contour name="d06" hidden="false" closed="true" simplified="true" border="0 0 1" fill="0 0 1" mode="9"
 points="1.26397 7.98506,
	1.27543 7.96499,
	1.35855 7.88188,
	1.37861 7.85895,
	1.38721 7.85035,
	1.39008 7.82742,
	1.38721 7.80449,
	1.38721 7.79303,
	1.38148 7.78156,
	1.38148 7.7701,
	1.38148 7.76436,
	1.42734 7.7615,
	1.45027 7.77869,
	1.47319 7.78729,
	1.48466 7.79016,
	1.50472 7.80736,
	1.50759 7.89907,
	1.50759 7.94493,
	1.50759 7.9564,
	1.49612 7.96786,
	1.49039 7.97932,
	1.49039 7.98506,
	1.47606 8.00799,
	1.47033 8.03091,
	1.4646 8.03665,
	1.45027 8.08251,
	1.44167 8.09397,
	1.43593 8.0997,
	1.39008 8.0997,
	1.36715 8.0997,
	1.34422 8.09397,
	1.30123 8.06817,
	1.2783 8.04811,
	1.2697 8.03665,
	1.26397 8.01372,
	1.26397 7.99079,
	1.26397 7.98792,
	"/>
</Transform>

<Transform dim="0"
 xcoef=" 0 1 0 0 0 0"
 ycoef=" 0 0 1 0 0 0">
<Contour name="d06" hidden="false" closed="true" simplified="true" border="0 0 1" fill="0 0 1" mode="9"
 points="1.83719 7.75003,
	1.86299 7.70704,
	1.87445 7.69558,
	1.88019 7.68411,
	1.88592 7.67838,
	1.88878 7.58666,
	1.88878 7.54081,
	1.88878 7.51788,
	1.88878 7.50641,
	1.88305 7.49495,
	1.88305 7.44909,
	1.88305 7.43762,
	1.89452 7.4147,
	1.93751 7.3803,
	1.96044 7.36597,
	1.96904 7.35451,
	1.97763 7.33158,
	1.9891 7.32011,
	2.00056 7.31438,
	2.02349 7.31438,
	2.04642 7.32011,
	2.06648 7.34304,
	2.06648 7.35451,
	2.08655 7.37457,
	2.10088 7.38317,
	2.12381 7.39177,
	2.21552 7.39177,
	2.26138 7.39177,
	2.28431 7.39177,
	2.33017 7.37744,
	2.3531 7.37744,
	2.36456 7.37744,
	2.37029 7.37744,
	2.39036 7.39463,
	2.39609 7.40036,
	2.40755 7.40036,
	2.45055 7.42903,
	2.47348 7.43762,
	2.51933 7.44049,
	2.54226 7.45482,
	2.58526 7.49781,
	2.59672 7.52074,
	2.63685 7.5666,
	2.64831 7.57807,
	2.66837 7.5924,
	2.67984 7.60386,
	2.77155 7.60673,
	2.79448 7.60673,
	2.84034 7.58093,
	2.86327 7.57807,
	2.87473 7.58093,
	2.88047 7.5924,
	2.89193 7.59526,
	2.89766 7.60099,
	2.89766 7.62392,
	2.88047 7.66978,
	2.869 7.68125,
	2.85754 7.68698,
	2.85181 7.69271,
	2.84607 7.69271,
	2.82314 7.70991,
	2.77729 7.71564,
	2.77155 7.72137,
	2.58812 7.72997,
	2.56519 7.72997,
	2.55373 7.73284,
	2.51074 7.77583,
	2.49927 7.78729,
	2.49354 7.79303,
	2.48207 7.79303,
	2.47061 7.80162,
	2.44768 7.80736,
	2.42475 7.80449,
	2.40182 7.79016,
	2.37889 7.78443,
	2.35596 7.78443,
	2.3445 7.78729,
	2.32157 7.80449,
	2.29864 7.81309,
	2.20693 7.81595,
	2.19546 7.82169,
	2.1496 7.82455,
	2.12667 7.82169,
	2.10374 7.80736,
	2.08082 7.78729,
	2.06075 7.77296,
	2.01489 7.7701,
	1.96904 7.78443,
	1.95757 7.78729,
	1.94611 7.79589,
	1.90025 7.80736,
	1.87732 7.81309,
	1.85439 7.81022,
	1.84293 7.80162,
	1.83719 7.79589,
	1.83719 7.7529,
	"/>
</Transform>

<Transform dim="0"
 xcoef=" 0 1 0 0 0 0"
 ycoef=" 0 0 1 0 0 0">
<Contour name="d06" hidden="false" closed="true" simplified="true" border="0 0 1" fill="0 0 1" mode="9"
 points="1.64516 6.78988,
	1.66236 6.76981,
	1.67096 6.75835,
	1.69389 6.74975,
	1.71682 6.74689,
	1.73974 6.73829,
	1.75981 6.72396,
	1.77127 6.71822,
	1.79134 6.69816,
	1.8028 6.69243,
	1.82573 6.6695,
	1.83719 6.6609,
	1.88305 6.6523,
	1.92891 6.65517,
	1.95184 6.66377,
	1.9633 6.6695,
	1.98623 6.6695,
	1.9977 6.67237,
	2.00343 6.6781,
	2.00916 6.6781,
	2.03209 6.69816,
	2.03782 6.70389,
	2.04642 6.72682,
	2.05215 6.73255,
	2.05502 6.82427,
	2.04642 6.8472,
	2.04642 6.85293,
	2.02922 6.873,
	2.0063 6.89592,
	1.98623 6.91312,
	1.97477 6.92172,
	1.95184 6.92745,
	1.86012 6.92745,
	1.81426 6.92745,
	1.79134 6.92745,
	1.74548 6.91599,
	1.69962 6.89019,
	1.66236 6.84433,
	1.65089 6.82141,
	1.64516 6.80994,
	1.64516 6.79848,
	1.64516 6.79274,
	"/>
</Transform>

<Transform dim="0"
 xcoef=" 0 1 0 0 0 0"
 ycoef=" 0 0 1 0 0 0">
<Contour name="d06c02" hidden="false" closed="true" simplified="true" border="0 1 0" fill="0 1 0" mode="9"
 points="1.27883 7.0033,
	1.29496 6.99119,
	1.32724 6.98312,
	1.35951 6.96699,
	1.37565 6.95489,
	1.44019 6.93068,
	1.47247 6.91858,
	1.4886 6.91051,
	1.55315 6.91051,
	1.56929 6.91454,
	1.56929 6.94682,
	1.56929 6.95489,
	1.54508 6.98312,
	1.53701 6.99119,
	1.50474 6.99119,
	1.4886 6.99119,
	1.48054 6.99119,
	1.44826 7.02347,
	1.38372 7.03557,
	1.31917 7.03557,
	1.2869 7.03153,
	1.27883 7.02347,
	1.27883 7.00733,
	"/>
<Contour name="d06cfa02" hidden="false" closed="false" simplified="false" border="0 1 1" fill="0 1 1" mode="9"
 points="1.27588 7.01794,
	1.34446 6.99777,
	1.42111 6.9776,
	1.52197 6.94532,
	1.57038 6.94129,
	"/>
</Transform>

<Transform dim="0"
 xcoef=" 0 1 0 0 0 0"
 ycoef=" 0 0 1 0 0 0">
<Contour name="d07" hidden="false" closed="true" simplified="true" border="1 0 1" fill="1 0 1" mode="9"
 points="2.26109 6.61825,
	2.26811 6.6042,
	2.32429 6.56558,
	2.35237 6.54452,
	2.40855 6.51994,
	2.43664 6.50941,
	2.46473 6.50941,
	2.47877 6.51643,
	2.50686 6.54101,
	2.51388 6.54101,
	2.53495 6.56909,
	2.54548 6.58314,
	2.54899 6.58665,
	2.53846 6.64282,
	2.53846 6.67091,
	2.52792 6.699,
	2.51037 6.72709,
	2.49633 6.73411,
	2.48228 6.73411,
	2.46824 6.74113,
	2.44015 6.74113,
	2.42611 6.7306,
	2.41908 6.72358,
	2.36291 6.71656,
	2.33482 6.71656,
	2.32078 6.71304,
	2.2962 6.68847,
	2.28567 6.67442,
	2.27864 6.6674,
	2.27864 6.66038,
	2.2646 6.64634,
	2.26109 6.62176,
	"/>
<Contour name="d07" hidden="false" closed="true" simplified="true" border="1 0 1" fill="1 0 1" mode="9"
 points="3.57069 6.77624,
	3.59527 6.72007,
	3.61985 6.69549,
	3.67602 6.66038,
	3.70411 6.64634,
	3.76029 6.64282,
	3.78487 6.66389,
	3.81295 6.67442,
	3.84104 6.69198,
	3.86913 6.71656,
	3.92531 6.72709,
	3.98148 6.72709,
	4.00957 6.72709,
	4.02361 6.72709,
	4.03064 6.72709,
	4.02712 6.72007,
	4.03415 6.71656,
	4.04468 6.72709,
	4.07277 6.72709,
	4.07979 6.72709,
	4.10788 6.74815,
	4.11841 6.7622,
	4.12543 6.76922,
	4.12543 6.79731,
	4.12192 6.81135,
	4.09383 6.83242,
	4.03766 6.85349,
	4.00957 6.857,
	3.99553 6.84646,
	3.9569 6.88508,
	3.9569 6.89913,
	3.96042 6.90615,
	4.07277 6.90615,
	4.10086 6.90615,
	4.15703 6.89211,
	4.21321 6.86051,
	4.2413 6.84646,
	4.29747 6.83593,
	4.32556 6.82891,
	4.38174 6.82891,
	4.40982 6.83242,
	4.42387 6.84295,
	4.43089 6.89913,
	4.43089 6.9553,
	4.43089 6.98339,
	4.42387 6.99744,
	4.42036 7.10979,
	4.41685 7.12383,
	4.40631 7.13788,
	4.40631 7.1449,
	4.38174 7.17299,
	4.35365 7.22916,
	4.33609 7.25725,
	4.28343 7.29236,
	4.22725 7.31694,
	4.19916 7.32396,
	4.17108 7.338,
	4.15703 7.34503,
	4.12894 7.34503,
	4.10086 7.33449,
	4.07277 7.30992,
	4.06223 7.29587,
	4.05521 7.18352,
	4.05521 7.15543,
	4.0517 7.14139,
	4.04117 7.12734,
	4.03766 7.1133,
	4.01659 7.08872,
	3.96393 7.05361,
	3.93584 7.03606,
	3.92179 7.02552,
	3.90775 7.02201,
	3.85157 6.98339,
	3.83753 6.96935,
	3.80944 6.95882,
	3.7954 6.94828,
	3.68305 6.94477,
	3.65496 6.93424,
	3.64091 6.92722,
	3.59176 6.87455,
	3.58474 6.86753,
	3.58474 6.85349,
	3.57069 6.8254,
	3.57069 6.79731,
	3.57069 6.78326,
	3.57069 6.77975,
	"/>
<Contour name="d07" hidden="false" closed="true" simplified="true" border="1 0 1" fill="1 0 1" mode="9"
 points="2.04692 8.39833,
	2.07852 8.34215,
	2.09607 8.31406,
	2.14874 8.25789,
	2.17682 8.2298,
	2.20491 8.20873,
	2.21896 8.20171,
	2.33131 8.1034,
	2.3594 8.08936,
	2.38748 8.08234,
	2.44366 8.05425,
	2.49633 8.00861,
	2.52441 8.00158,
	2.53144 8.0051,
	2.52792 8.06127,
	2.5209 8.08936,
	2.47526 8.135,
	2.44366 8.19118,
	2.41908 8.24735,
	2.41206 8.2614,
	2.40504 8.26842,
	2.39802 8.26842,
	2.37695 8.29651,
	2.36993 8.31055,
	2.35589 8.3246,
	2.29971 8.33513,
	2.27162 8.34917,
	2.21545 8.39482,
	2.15927 8.42642,
	2.10309 8.45099,
	2.075 8.45099,
	2.06096 8.44748,
	2.05043 8.43344,
	2.04692 8.40535,
	2.04692 8.40184,
	"/>
<Contour name="d07" hidden="false" closed="true" simplified="true" border="1 0 1" fill="1 0 1" mode="9"
 points="2.62623 7.0817,
	2.65432 7.06063,
	2.68241 7.04659,
	2.79476 7.00797,
	2.85094 7.00446,
	2.87903 7.00095,
	2.9352 6.97988,
	2.94222 6.98339,
	2.93871 6.99041,
	2.94573 7.00095,
	2.97382 7.01148,
	3.03 7.01499,
	3.04404 7.0185,
	3.06862 7.04659,
	3.08617 7.07468,
	3.14235 7.1133,
	3.19502 7.15894,
	3.20204 7.16596,
	3.20906 7.19405,
	3.20906 7.2081,
	3.20906 7.21512,
	3.19502 7.22916,
	3.18097 7.23618,
	3.17395 7.23618,
	3.16693 7.24321,
	3.11075 7.24321,
	3.09671 7.24321,
	3.08969 7.24321,
	3.08969 7.25725,
	3.08969 7.26427,
	3.10373 7.27481,
	3.13182 7.27832,
	3.15991 7.29587,
	3.17044 7.32396,
	3.17044 7.35205,
	3.16693 7.36609,
	3.15991 7.37311,
	3.15991 7.38716,
	3.14235 7.41525,
	3.11426 7.43631,
	3.09671 7.4644,
	3.04755 7.51707,
	3.01947 7.53813,
	2.96329 7.56271,
	2.94925 7.57675,
	2.9352 7.58026,
	2.92818 7.58729,
	2.872 7.59431,
	2.85796 7.60133,
	2.82987 7.60484,
	2.80178 7.61888,
	2.74561 7.6224,
	2.71752 7.6224,
	2.70348 7.6224,
	2.69645 7.6224,
	2.68592 7.60835,
	2.68241 7.55218,
	2.69294 7.43982,
	2.70348 7.41174,
	2.72805 7.38716,
	2.76316 7.34152,
	2.77018 7.32747,
	2.77018 7.27129,
	2.77018 7.25725,
	2.69645 7.1449,
	2.68241 7.13085,
	2.67539 7.12383,
	2.6473 7.12032,
	2.63326 7.10628,
	2.62623 7.09223,
	2.62623 7.08521,
	"/>
</Transform>

<Transform dim="0"
 xcoef=" 0 1 0 0 0 0"
 ycoef=" 0 0 1 0 0 0">
<Contour name="d07" hidden="false" closed="true" simplified="true" border="1 0 1" fill="1 0 1" mode="9"
 points="2.9668 7.82252,
	2.97382 7.80848,
	3.00191 7.7839,
	3.03 7.77688,
	3.05809 7.77688,
	3.07213 7.77688,
	3.08617 7.78741,
	3.11426 7.79443,
	3.1248 7.82252,
	3.1248 7.85061,
	3.11426 7.86466,
	3.08969 7.88221,
	3.0616 7.88923,
	3.00542 7.88572,
	2.99138 7.88221,
	2.98436 7.88221,
	2.9668 7.85412,
	2.9668 7.82603,
	"/>
</Transform>

<Transform dim="0"
 xcoef=" 0 1 0 0 0 0"
 ycoef=" 0 0 1 0 0 0">
<Contour name="d07" hidden="false" closed="true" simplified="true" border="1 0 1" fill="1 0 1" mode="9"
 points="2.99265 8.21619,
	3.00625 8.19805,
	3.01532 8.18898,
	3.0516 8.18898,
	3.06973 8.18898,
	3.0788 8.19805,
	3.08334 8.21619,
	3.11508 8.23433,
	3.12868 8.25246,
	3.13322 8.28874,
	3.13322 8.29781,
	3.12415 8.30687,
	3.08787 8.31594,
	3.06973 8.31594,
	3.00172 8.25246,
	2.99265 8.23433,
	2.99265 8.22072,
	"/>
</Transform>

<Transform dim="0"
 xcoef=" 0 1 0 0 0 0"
 ycoef=" 0 0 1 0 0 0">
<Contour name="d07c01" hidden="false" closed="true" simplified="true" border="1 0 0" fill="0 1 0" mode="9"
 points="4.00271 6.91093,
	4.01053 6.89529,
	4.02616 6.87966,
	4.03398 6.87184,
	4.06525 6.87184,
	4.08089 6.87575,
	4.10825 6.90702,
	4.11216 6.91484,
	4.0848 6.94611,
	4.02225 6.94611,
	4.00662 6.9422,
	4.00271 6.91484,
	"/>
<Contour name="d07cfa01" hidden="false" closed="false" simplified="false" border="0 1 1" fill="0 1 1" mode="9"
 points="4.10976 6.90462,
	4.00031 6.90462,
	"/>
</Transform>

<Transform dim="0"
 xcoef=" 0 1 0 0 0 0"
 ycoef=" 0 0 1 0 0 0">
<Contour name="d07c02" hidden="false" closed="true" simplified="true" border="1 0 0" fill="0 1 0" mode="9"
 points="2.23198 6.57867,
	2.35706 6.5044,
	2.38834 6.49268,
	2.40397 6.48486,
	2.43524 6.48486,
	2.45088 6.48877,
	2.4626 6.50049,
	2.4626 6.51613,
	2.4626 6.52395,
	2.40006 6.57476,
	2.38443 6.5904,
	2.38443 6.59822,
	2.35316 6.60604,
	2.32188 6.62558,
	2.31016 6.64122,
	2.27889 6.65685,
	2.26325 6.65685,
	2.2398 6.62949,
	2.23198 6.59822,
	2.23198 6.58258,
	"/>
<Contour name="d07cfa02" hidden="false" closed="false" simplified="false" border="0 1 1" fill="0 1 1" mode="9"
 points="2.26476 6.65054,
	2.27257 6.60754,
	2.31557 6.56845,
	2.40548 6.51764,
	2.46411 6.50982,
	"/>
</Transform>

<Transform dim="0"
 xcoef=" 0 1 0 0 0 0"
 ycoef=" 0 0 1 0 0 0">
<Contour name="d07c03" hidden="false" closed="true" simplified="true" border="1 0 0" fill="0 1 0" mode="9"
 points="1.99354 8.45494,
	2.01699 8.42367,
	2.02481 8.41585,
	2.04044 8.41585,
	2.05608 8.42758,
	2.07172 8.43149,
	2.13426 8.40413,
	2.16553 8.38849,
	2.17335 8.38067,
	2.18116 8.38067,
	2.1968 8.36895,
	2.22807 8.36895,
	2.24371 8.36895,
	2.27107 8.38849,
	2.27107 8.45103,
	2.22807 8.50967,
	2.16553 8.5683,
	2.13817 8.58785,
	2.12253 8.59566,
	2.05999 8.59175,
	2.03263 8.56048,
	2.01699 8.54485,
	2.00917 8.53703,
	2.00917 8.52921,
	1.99745 8.51358,
	1.99354 8.48231,
	1.99354 8.46667,
	1.99354 8.45885,
	"/>
</Transform>

<Transform dim="1"
 xcoef=" 0.01 1 0 0 0 0"
 ycoef=" -0.01 0 1 0 0 0">
<Contour name="d07cfa03" hidden="false" closed="false" simplified="false" border="0 1 1" fill="0 1 1" mode="9"
 points="2.02068 8.41909,
	2.07931 8.45427,
	2.13013 8.45427,
	2.18876 8.41909,
	2.24739 8.36436,
	"/>
</Transform>

<Transform dim="0"
 xcoef=" 0 1 0 0 0 0"
 ycoef=" 0 0 1 0 0 0">
<Contour name="d08" hidden="false" closed="true" simplified="true" border="1 0 0" fill="1 0 0" mode="9"
 points="4.64791 4.93885,
	4.65869 4.91012,
	4.66946 4.89575,
	4.67665 4.88857,
	4.79159 4.88498,
	4.84906 4.89575,
	4.86343 4.89934,
	4.89216 4.9209,
	4.94963 4.9209,
	4.964 4.91371,
	4.97837 4.89934,
	4.98914 4.87061,
	4.99273 4.85624,
	5.01428 4.82751,
	5.07175 4.80236,
	5.0969 4.77722,
	5.10049 4.77004,
	5.08971 4.75567,
	5.08612 4.6982,
	5.08971 4.64073,
	5.08971 4.61199,
	5.08612 4.60122,
	5.07175 4.58685,
	5.06816 4.52938,
	5.0969 4.47191,
	5.11486 4.44677,
	5.14359 4.41803,
	5.20106 4.37852,
	5.21543 4.36774,
	5.2729 4.36415,
	5.30164 4.36774,
	5.31241 4.42521,
	5.36629 4.46472,
	5.39503 4.47909,
	5.40221 4.48628,
	5.41658 4.48987,
	5.44531 4.51142,
	5.46686 4.53656,
	5.4956 4.56171,
	5.50997 4.56889,
	5.5387 4.59762,
	5.55307 4.61199,
	5.57103 4.64073,
	5.5818 4.6551,
	5.5818 4.77004,
	5.5818 4.82751,
	5.60336 4.88498,
	5.59976 4.89934,
	5.59617 4.90653,
	5.62131 4.93526,
	5.67879 4.95681,
	5.73626 4.95681,
	5.76499 4.95681,
	5.77936 4.96041,
	5.77577 4.97477,
	5.74703 4.99273,
	5.73266 5.00351,
	5.7183 5.0071,
	5.68956 5.02506,
	5.63209 5.02865,
	5.61772 5.02865,
	5.60336 5.02147,
	5.59617 4.964,
	5.58899 4.94963,
	5.57462 4.93885,
	5.51715 4.93526,
	5.45968 4.95322,
	5.43094 4.96759,
	5.20106 4.96759,
	5.14359 4.97477,
	5.11486 4.98555,
	4.99992 4.99633,
	4.88498 4.99633,
	4.85624 4.99633,
	4.84187 4.99633,
	4.81314 4.98196,
	4.7844 4.97477,
	4.66946 4.97477,
	4.6551 4.97118,
	4.64791 4.96759,
	4.64791 4.94245,
	"/>
</Transform>

<Transform dim="0"
 xcoef=" 0 1 0 0 0 0"
 ycoef=" 0 0 1 0 0 0">
<Contour name="d08" hidden="false" closed="true" simplified="true" border="1 0 0" fill="1 0 0" mode="9"
 points="4.2886 3.72195,
	4.31027 3.70027,
	4.33505 3.69098,
	4.43413 3.63524,
	4.4589 3.62905,
	4.50845 3.63215,
	4.51464 3.63215,
	4.53941 3.65382,
	4.5518 3.66621,
	4.55799 3.6724,
	4.60753 3.6755,
	4.61373 3.6755,
	4.6385 3.69098,
	4.68804 3.69408,
	4.71281 3.6724,
	4.71901 3.66931,
	4.75926 3.70956,
	4.76855 3.71885,
	4.76545 3.81794,
	4.76236 3.86748,
	4.74378 3.89225,
	4.73139 3.89844,
	4.7252 3.90464,
	4.70043 3.90773,
	4.68185 3.92941,
	4.66946 3.95418,
	4.66637 3.97895,
	4.66946 3.99134,
	4.68495 4.01611,
	4.69114 4.0285,
	4.70352 4.04088,
	4.71591 4.06565,
	4.7283 4.07804,
	4.74068 4.10281,
	4.74068 4.15235,
	4.73139 4.2019,
	4.7283 4.21428,
	4.7283 4.22048,
	4.71591 4.22977,
	4.61682 4.22048,
	4.59205 4.20499,
	4.56728 4.18022,
	4.54251 4.17713,
	4.53012 4.17713,
	4.48058 4.14616,
	4.43104 4.12449,
	4.40626 4.12139,
	4.38149 4.109,
	4.35672 4.08423,
	4.34124 4.05946,
	4.34124 3.86129,
	4.34124 3.83651,
	4.32266 3.81174,
	4.31337 3.78697,
	4.31337 3.78078,
	4.29169 3.75601,
	4.2886 3.73124,
	4.2886 3.72504,
	"/>
</Transform>

<Transform dim="0"
 xcoef=" 0 1 0 0 0 0"
 ycoef=" 0 0 1 0 0 0">
<Contour name="d08" hidden="false" closed="true" simplified="true" border="1 0 0" fill="1 0 0" mode="9"
 points="5.98546 3.83961,
	5.99165 3.82723,
	6.01642 3.80865,
	6.11551 3.74981,
	6.16505 3.71266,
	6.26414 3.65692,
	6.28891 3.64763,
	6.3013 3.64763,
	6.31988 3.66931,
	6.32917 3.68169,
	6.33226 3.68479,
	6.31988 3.70956,
	6.2982 3.73433,
	6.28582 3.74672,
	6.27343 3.75291,
	6.25795 3.77768,
	6.25175 3.79007,
	6.25175 3.80245,
	6.23937 3.82723,
	6.2146 3.852,
	6.18983 3.87058,
	6.14028 3.87677,
	6.09074 3.91083,
	6.08455 3.91083,
	6.05977 3.92631,
	6.05358 3.93251,
	6.02881 3.93251,
	6.01642 3.93251,
	5.99165 3.91083,
	5.98546 3.90464,
	5.98546 3.85509,
	5.98546 3.84271,
	"/>
</Transform>

<Transform dim="0"
 xcoef=" 0 1 0 0 0 0"
 ycoef=" 0 0 1 0 0 0">
<Contour name="d08c05" hidden="false" closed="true" simplified="true" border="1 0 0" fill="0 1 0" mode="9"
 points="6.00731 3.78653,
	6.0369 3.75906,
	6.05169 3.74216,
	6.06648 3.73159,
	6.07493 3.72737,
	6.08338 3.71891,
	6.11719 3.70412,
	6.12564 3.6999,
	6.12987 3.6999,
	6.14677 3.68722,
	6.18058 3.67454,
	6.18903 3.67243,
	6.19749 3.66609,
	6.20171 3.66609,
	6.23552 3.64496,
	6.25242 3.64073,
	6.26933 3.64073,
	6.27778 3.64073,
	6.28412 3.64707,
	6.28201 3.66398,
	6.25242 3.69778,
	6.24397 3.6999,
	6.21439 3.72314,
	6.18058 3.74427,
	6.14677 3.75695,
	6.08127 3.80343,
	6.07282 3.81189,
	6.06859 3.81189,
	6.06437 3.81611,
	6.03056 3.81823,
	6.01365 3.81189,
	6.00731 3.79498,
	6.00731 3.78864,
	"/>
<Contour name="d08cfa05" hidden="false" closed="false" simplified="false" border="0 1 1" fill="0 1 1" mode="9"
 points="6.01892 3.81352,
	6.06752 3.76915,
	6.12035 3.73746,
	6.21332 3.69308,
	6.28094 3.65927,
	"/>
</Transform>

<Transform dim="1"
 xcoef=" 0 1 0 0 0 0"
 ycoef=" 0 0 1 0 0 0">
<Contour name="d07cfa03" hidden="false" closed="true" simplified="true" border="0 1 0" fill="0 1 0" mode="9"
 points="1.98354 8.46494,
	2.00699 8.43367,
	2.01481 8.42585,
	2.03044 8.42585,
	2.04608 8.43758,
	2.06172 8.44149,
	2.12426 8.41413,
	2.15553 8.39849,
	2.16335 8.39067,
	2.17116 8.39067,
	2.1868 8.37895,
	2.21807 8.37895,
	2.23371 8.37895,
	2.26107 8.39849,
	2.26107 8.46103,
	2.21807 8.51967,
	2.15553 8.5783,
	2.12817 8.59785,
	2.11253 8.60566,
	2.04999 8.60175,
	2.02263 8.57048,
	2.00699 8.55485,
	1.99917 8.54703,
	1.99917 8.53921,
	1.98745 8.52358,
	1.98354 8.49231,
	1.98354 8.47667,
	1.98354 8.46885,
	"/>
</Transform>

<Transform dim="0"
 xcoef=" 0 1 0 0 0 0"
 ycoef=" 0 0 1 0 0 0">
<Contour name="d08ax17" hidden="false" closed="true" simplified="true" border="0 0 1" fill="0 0 1" mode="-11"
 points="2.75842 5.71557,
	2.77962 5.69967,
	2.80346 5.65727,
	2.82201 5.64667,
	2.83261 5.63872,
	2.87501 5.62547,
	2.9174 5.61753,
	2.928 5.61753,
	2.93595 5.62547,
	2.9386 5.63607,
	2.94125 5.64137,
	2.9386 5.65197,
	2.9333 5.65727,
	2.93065 5.66787,
	2.93065 5.67317,
	2.9121 5.69437,
	2.90415 5.71557,
	2.91475 5.75796,
	2.9121 5.80036,
	2.9068 5.82156,
	2.89621 5.84276,
	2.87501 5.8613,
	2.86971 5.8666,
	2.85911 5.8666,
	2.83791 5.85336,
	2.83261 5.84276,
	2.83526 5.82156,
	2.82731 5.80036,
	2.80611 5.78446,
	2.79551 5.77916,
	2.77432 5.75796,
	2.76107 5.73677,
	2.75842 5.71822,
	"/>
</Transform>

<Transform dim="0"
 xcoef=" 0 1 0 0 0 0"
 ycoef=" 0 0 1 0 0 0">
<Contour name="d01p02" hidden="false" closed="true" simplified="false" border="0.251 0 0.502" fill="0.251 0 0.502" mode="-13"
 points="4.99408 1.71579,
	4.97123 1.69294,
	4.99408 1.67009,
	5.01693 1.69294,
	"/>
</Transform>

<Transform dim="0"
 xcoef=" 0 1 0 0 0 0"
 ycoef=" 0 0 1 0 0 0">
<Contour name="d06p01" hidden="false" closed="true" simplified="false" border="1 0 0" fill="1 0 0" mode="-9"
 points="1.98056 7.6868,
	1.98056 7.68184,
	1.98553 7.67688,
	1.99049 7.67688,
	1.99545 7.68184,
	1.99545 7.6868,
	1.99049 7.69177,
	1.98553 7.69177,
	"/>
</Transform>

<Transform dim="0"
 xcoef=" 0 1 0 0 0 0"
 ycoef=" 0 0 1 0 0 0">
<Contour name="d06p02" hidden="false" closed="true" simplified="false" border="0.251 0 0.502" fill="0.251 0 0.502" mode="-13"
 points="2.03764 7.42873,
	2.02027 7.41136,
	2.03764 7.39398,
	2.05501 7.41136,
	"/>
<Contour name="d06p03" hidden="false" closed="true" simplified="false" border="1 1 0" fill="1 1 0" mode="-13"
 points="2.5935 7.65702,
	2.5935 7.61732,
	2.55379 7.61732,
	2.55379 7.65206,
	2.54883 7.65702,
	2.54883 7.61236,
	2.59846 7.61236,
	2.59846 7.66199,
	2.54883 7.66199,
	2.55379 7.65702,
	"/>
</Transform>

<Transform dim="0"
 xcoef=" 0 1 0 0 0 0"
 ycoef=" 0 0 1 0 0 0">
<Contour name="d07p03" hidden="false" closed="true" simplified="false" border="1 1 0" fill="1 1 0" mode="-13"
 points="2.78457 7.56521,
	2.78457 7.5255,
	2.74487 7.5255,
	2.74487 7.56025,
	2.73991 7.56521,
	2.73991 7.52054,
	2.78954 7.52054,
	2.78954 7.57017,
	2.73991 7.57017,
	2.74487 7.56521,
	"/>
</Transform>

<Transform dim="0"
 xcoef=" 0 1 0 0 0 0"
 ycoef=" 0 0 1 0 0 0">
<Contour name="d08p01" hidden="false" closed="true" simplified="false" border="1 0 0" fill="1 0 0" mode="-9"
 points="5.10907 4.85702,
	5.10907 4.85277,
	5.11332 4.84851,
	5.11757 4.84851,
	5.12183 4.85277,
	5.12183 4.85702,
	5.11757 4.86127,
	5.11332 4.86127,
	"/>
</Transform>

<Transform dim="0"
 xcoef=" 0 1 0 0 0 0"
 ycoef=" 0 0 1 0 0 0">
<Contour name="d08p02" hidden="false" closed="true" simplified="false" border="0.251 0 0.502" fill="0.251 0 0.502" mode="-13"
 points="5.53857 4.89317,
	5.52369 4.87828,
	5.53857 4.8634,
	5.55346 4.87828,
	"/>
</Transform>

<Transform dim="0"
 xcoef=" 0 1 0 0 0 0"
 ycoef=" 0 0 1 0 0 0">
<Contour name="ax01" hidden="false" closed="true" simplified="true" border="0 1 1" fill="0.502 1 1" mode="9"
 points="6.76932 0.971927,
	6.77405 0.955106,
	6.77826 0.946696,
	6.78351 0.938285,
	6.79035 0.929875,
	6.79455 0.92567,
	6.82819 0.909375,
	6.84502 0.903593,
	6.86184 0.898862,
	6.89548 0.884669,
	6.90389 0.88099,
	6.93753 0.871002,
	6.95435 0.868374,
	6.95856 0.867323,
	6.96697 0.862592,
	6.97538 0.854181,
	6.97958 0.850502,
	6.98799 0.845245,
	7.00481 0.837361,
	7.00902 0.836309,
	7.01743 0.835784,
	7.02584 0.836309,
	7.04266 0.839989,
	7.05948 0.84472,
	7.0763 0.848399,
	7.08471 0.850502,
	7.10153 0.851028,
	7.10994 0.851553,
	7.11415 0.851553,
	7.12256 0.854707,
	7.13938 0.863117,
	7.14779 0.867848,
	7.152 0.870477,
	7.16041 0.877836,
	7.16934 0.894656,
	7.17407 0.903067,
	7.18248 0.936708,
	7.18459 0.945119,
	7.18511 0.96194,
	7.18353 0.97876,
	7.18196 0.987171,
	7.1746 1.00399,
	7.16987 1.0124,
	7.16409 1.02081,
	7.15673 1.02922,
	7.1541 1.03343,
	7.13728 1.04447,
	7.12887 1.0492,
	7.11205 1.05603,
	7.10784 1.05813,
	7.0742 1.09072,
	7.07052 1.09493,
	7.06211 1.11175,
	7.05054 1.12857,
	7.04319 1.14539,
	7.04213 1.1496,
	7.04161 1.16642,
	7.04266 1.17483,
	7.04687 1.18324,
	7.04949 1.18692,
	7.08314 1.21005,
	7.09155 1.21583,
	7.09523 1.21951,
	7.0968 1.22161,
	7.09785 1.23002,
	7.09838 1.23423,
	7.0968 1.25105,
	7.09575 1.25946,
	7.09575 1.26787,
	7.09312 1.28469,
	7.09155 1.30151,
	7.08997 1.30992,
	7.08944 1.34356,
	7.08839 1.35197,
	7.08208 1.36879,
	7.0784 1.3772,
	7.06894 1.39402,
	7.06369 1.40243,
	7.05685 1.41084,
	7.05475 1.41295,
	7.04634 1.41715,
	7.04213 1.4182,
	7.04003 1.41926,
	7.00639 1.40454,
	6.98957 1.39665,
	6.95593 1.37352,
	6.93911 1.36196,
	6.92229 1.35145,
	6.91388 1.34566,
	6.90547 1.33883,
	6.90126 1.33568,
	6.86762 1.30414,
	6.86394 1.29993,
	6.85921 1.29152,
	6.85711 1.28732,
	6.85132 1.25368,
	6.85027 1.24527,
	6.8508 1.21162,
	6.8508 1.1948,
	6.85343 1.17798,
	6.8529 1.16957,
	6.85395 1.16116,
	6.85448 1.15696,
	6.85448 1.15485,
	6.85711 1.14644,
	6.85763 1.12962,
	6.85711 1.12542,
	6.8508 1.1086,
	6.84659 1.10019,
	6.84028 1.09178,
	6.82399 1.07495,
	6.80875 1.05813,
	6.7956 1.04131,
	6.78982 1.0329,
	6.78667 1.02449,
	6.78194 1.01608,
	6.77563 1.00767,
	6.7709 0.999261,
	6.76932 0.99085,
	6.76932 0.97403,
	6.76932 0.972453,
	"/>
</Transform>

<Transform dim="0"
 xcoef=" 0 1 0 0 0 0"
 ycoef=" 0 0 1 0 0 0">
<Contour name="ax01" comment="LK bouton trace named after cfa" hidden="false" closed="true" simplified="true" border="0 1 1" fill="0.502 1 1" mode="9"
 points="7.52168 1.14326,
	7.54935 1.1092,
	7.56106 1.09217,
	7.56638 1.08365,
	7.58342 1.06768,
	7.60045 1.05597,
	7.63451 1.03894,
	7.63877 1.03788,
	7.64729 1.03255,
	7.65154 1.03149,
	7.66858 1.01446,
	7.68454 0.999555,
	7.68987 0.991039,
	7.72393 0.962298,
	7.72606 0.960169,
	7.73457 0.95804,
	7.76864 0.938879,
	7.8027 0.922912,
	7.83676 0.916525,
	7.84528 0.914396,
	7.86231 0.914396,
	7.87934 0.911202,
	7.91341 0.899493,
	7.91767 0.899493,
	7.92618 0.89417,
	7.9347 0.890977,
	7.93896 0.890977,
	7.94108 0.890977,
	7.94321 0.886719,
	7.96025 0.885654,
	7.97728 0.901622,
	7.98579 0.910138,
	7.98899 0.914396,
	7.98899 0.922912,
	7.97834 0.956975,
	7.96237 0.991039,
	7.95386 1.00807,
	7.94854 1.01659,
	7.88041 1.05278,
	7.84634 1.07088,
	7.83783 1.07513,
	7.8208 1.08897,
	7.80483 1.106,
	7.79631 1.1092,
	7.77928 1.1092,
	7.77077 1.10813,
	7.75373 1.10175,
	7.74522 1.10068,
	7.71115 1.10281,
	7.67709 1.10813,
	7.66006 1.11133,
	7.64303 1.11984,
	7.63451 1.12304,
	7.626 1.12836,
	7.61109 1.14326,
	7.57703 1.15923,
	7.56 1.16561,
	7.54297 1.16881,
	7.53445 1.17094,
	7.53019 1.17094,
	7.52593 1.16774,
	7.5238 1.16349,
	7.52168 1.14645,
	7.52168 1.14433,
	"/>
</Transform>

<Transform dim="0"
 xcoef=" 0 1 0 0 0 0"
 ycoef=" 0 0 1 0 0 0">
<Contour name="ax28" comment="LK bouton trace named after cfa" hidden="false" closed="true" simplified="true" border="0 1 1" fill="0.502 1 1" mode="9"
 points="5.47932 3.1645,
	5.49449 3.10381,
	5.49639 3.09622,
	5.49734 3.06588,
	5.49828 3.0507,
	5.50018 3.04312,
	5.50113 3.03932,
	5.50587 3.03174,
	5.50872 3.02415,
	5.5182 3.00898,
	5.52389 3.00139,
	5.53147 2.99665,
	5.54665 2.99191,
	5.56182 2.99096,
	5.59217 2.97579,
	5.60734 2.96725,
	5.62251 2.95587,
	5.6301 2.94829,
	5.63389 2.94449,
	5.65001 2.91415,
	5.65665 2.89897,
	5.66519 2.8838,
	5.66993 2.87622,
	5.6851 2.86199,
	5.70027 2.85156,
	5.70786 2.84777,
	5.71545 2.84113,
	5.73062 2.83164,
	5.76097 2.81742,
	5.79131 2.80509,
	5.80648 2.79845,
	5.82166 2.79466,
	5.82924 2.79276,
	5.85959 2.79182,
	5.87476 2.79182,
	5.90511 2.8013,
	5.91269 2.80414,
	5.94304 2.80509,
	5.95821 2.80414,
	5.9658 2.80604,
	5.97339 2.81173,
	5.97718 2.81458,
	5.99046 2.84492,
	5.9933 2.85251,
	5.9952 2.88285,
	5.99425 2.9132,
	5.99425 2.92079,
	5.99235 2.92837,
	5.98097 2.94355,
	5.9658 2.95398,
	5.93545 2.97199,
	5.92123 2.98243,
	5.89942 3.01277,
	5.86054 3.07346,
	5.85674 3.08105,
	5.85105 3.08864,
	5.84916 3.09053,
	5.84821 3.09433,
	5.8264 3.12467,
	5.81123 3.13984,
	5.80743 3.14269,
	5.80554 3.14648,
	5.80174 3.15028,
	5.78467 3.18062,
	5.77045 3.21097,
	5.7676 3.21476,
	5.76286 3.22993,
	5.76002 3.23752,
	5.75907 3.24511,
	5.75907 3.2489,
	5.75717 3.25269,
	5.75622 3.28304,
	5.75717 3.31338,
	5.76571 3.34373,
	5.77045 3.3589,
	5.77045 3.37408,
	5.76855 3.38166,
	5.76381 3.38925,
	5.74864 3.39778,
	5.73346 3.39778,
	5.71829 3.39589,
	5.68795 3.38261,
	5.62725 3.3627,
	5.59786 3.35037,
	5.58268 3.34089,
	5.5751 3.3352,
	5.56751 3.3314,
	5.53716 3.31054,
	5.52294 3.29537,
	5.5163 3.28778,
	5.50872 3.28209,
	5.49923 3.26692,
	5.49354 3.25933,
	5.4907 3.25554,
	5.48975 3.24037,
	5.48975 3.23847,
	5.48406 3.23088,
	5.48121 3.2233,
	5.48027 3.19295,
	5.47932 3.17778,
	5.47932 3.17019,
	5.47932 3.1664,
	5.47932 3.16545,
	"/>
</Transform>

</Section>