<?xml version="1.0"?>
<!DOCTYPE Section SYSTEM "section.dtd">

<Section index="60" thickness="0.045" alignLocked="true">
<Transform dim="6"
 xcoef=" 0.330908570903842 1.04208147167494 -0.0282469475950004 0 0 0"
 ycoef=" 0.148063704141372 0.0368671331561023 0.887695562988338 0 0 0">
<Image mag="0.00217507" contrast="0.917" brightness="0.12" red="true" green="true" blue="true"
 src="FHLTD.60.jpg" />
<Contour name="domain1" hidden="false" closed="true" simplified="false" border="1 0 1" fill="1 0 1" mode="11"
 points="0 0,
	4096 0,
	4096 4096,
	0 4096,
	"/>
</Transform>

<Transform dim="0"
 xcoef=" 0 1 0 0 0 0"
 ycoef=" 0 0 1 0 0 0">
<Contour name="D04" hidden="false" closed="true" simplified="true" border="1 0 0" fill="1 0 0" mode="11"
 points="0.47492 4.98996,
	0.47778 4.95096,
	0.48628 4.91281,
	0.50024 4.87634,
	0.51936 4.84235,
	0.54323 4.81158,
	0.57131 4.7847,
	0.60299 4.7623,
	0.6376 4.74487,
	0.67436 4.73278,
	0.71248 4.7263,
	0.75113 4.72558,
	0.78947 4.73063,
	0.82665 4.74133,
	0.86186 4.75746,
	0.89435 4.77866,
	0.92339 4.80447,
	0.94836 4.83432,
	0.96871 4.86758,
	0.98399 4.9035,
	0.99388 4.94131,
	0.99816 4.98018,
	0.99673 5.01926,
	0.98963 5.05771,
	0.97701 5.09467,
	0.95914 5.12936,
	0.93642 5.161,
	0.90934 5.18891,
	0.87849 5.21248,
	0.84455 5.23119,
	0.80825 5.24464,
	0.77039 5.25254,
	0.73179 5.25471,
	0.6933 5.2511,
	0.65576 5.24179,
	0.61998 5.22699,
	0.58674 5.20702,
	0.55678 5.18231,
	0.53073 5.15341,
	0.50918 5.12094,
	0.49259 5.08562,
	0.48133 5.0482,
	"/>
<Contour name="D05" hidden="false" closed="true" simplified="true" border="1 1 0" fill="1 1 0" mode="11"
 points="3.04299 4.43404,
	3.05475 4.36163,
	3.08888 4.29632,
	3.14205 4.24448,
	3.20904 4.2112,
	3.28329 4.19974,
	3.35755 4.2112,
	3.42454 4.24448,
	3.47771 4.29632,
	3.51184 4.36163,
	3.5236 4.43404,
	3.51184 4.50644,
	3.47771 4.57175,
	3.42454 4.62359,
	3.35755 4.65687,
	3.28329 4.66833,
	3.20904 4.65687,
	3.14205 4.62359,
	3.08888 4.57175,
	"/>
<Contour name="d01" hidden="false" closed="true" simplified="true" border="1 0.5 0" fill="1 0.5 0" mode="-11"
 points="6.10606 1.82918,
	6.11664 1.80803,
	6.12721 1.79746,
	6.12721 1.78688,
	6.11664 1.7816,
	6.1325 1.76045,
	6.21708 1.77631,
	6.30167 1.77631,
	6.34396 1.77102,
	6.36511 1.76574,
	6.38097 1.74988,
	6.39154 1.70758,
	6.39683 1.68644,
	6.43912 1.64943,
	6.46027 1.64414,
	6.48141 1.62828,
	6.52371 1.62828,
	6.55543 1.59128,
	6.57657 1.58599,
	6.59772 1.59128,
	6.64001 1.623,
	6.64001 1.66529,
	6.63473 1.68644,
	6.61887 1.70758,
	6.61358 1.74988,
	6.69288 1.83446,
	6.73517 1.86618,
	6.74574 1.87676,
	6.74574 1.8979,
	6.74574 1.90847,
	6.70345 1.93491,
	6.68231 1.94019,
	6.67173 1.95077,
	6.58715 1.95605,
	6.54485 1.94548,
	6.50256 1.91905,
	6.48141 1.91905,
	6.39683 1.88733,
	6.35453 1.87147,
	6.33339 1.87147,
	6.32281 1.8609,
	6.28052 1.85561,
	6.23823 1.83975,
	6.19594 1.83975,
	6.15364 1.85561,
	6.11135 1.85561,
	6.10606 1.83446,
	"/>
<Contour name="d01" hidden="false" closed="true" simplified="true" border="1 0.5 0" fill="1 0.5 0" mode="-11"
 points="4.92714 1.94548,
	4.93772 1.93491,
	4.94829 1.89261,
	4.94829 1.88204,
	4.99058 1.85561,
	5.01702 1.81332,
	5.0223 1.79217,
	5.03816 1.77102,
	5.08046 1.76045,
	5.12275 1.7393,
	5.16504 1.7023,
	5.20733 1.67586,
	5.22848 1.66,
	5.27077 1.64943,
	5.35536 1.58599,
	5.37651 1.57013,
	5.46109 1.55956,
	5.48224 1.55956,
	5.56683 1.60714,
	5.65141 1.67058,
	5.67256 1.69172,
	5.75186 1.8609,
	5.78358 1.90319,
	5.79415 1.91376,
	5.79415 1.92433,
	5.86288 1.99306,
	5.90517 2.03535,
	5.91574 2.07765,
	5.91574 2.11994,
	5.91574 2.14109,
	5.88402 2.18338,
	5.87345 2.20453,
	5.87874 2.22039,
	5.8946 2.24153,
	5.90517 2.28383,
	5.86288 2.2944,
	5.82058 2.28911,
	5.77829 2.26797,
	5.6937 2.27325,
	5.60912 2.2944,
	5.56683 2.29969,
	5.52453 2.2944,
	5.48224 2.27854,
	5.31307 2.27325,
	5.22848 2.26797,
	5.18619 2.26268,
	5.16504 2.25739,
	5.12275 2.22567,
	5.1016 2.2151,
	5.01702 2.13051,
	4.99587 2.10937,
	4.96944 2.06707,
	4.95886 2.04593,
	4.93772 2.02478,
	4.92714 1.98249,
	4.92714 1.96134,
	4.92714 1.95077,
	"/>
<Contour name="d01cfa03ax01" hidden="false" closed="false" simplified="false" border="0 1 1" fill="0 1 1" mode="9"
 points="6.5782 1.60557,
	6.5782 1.60557,
	6.51918 1.63086,
	6.51496 1.63929,
	6.51075 1.63929,
	6.47281 1.64772,
	6.44751 1.66458,
	6.43065 1.67723,
	6.42644 1.68566,
	6.40114 1.70253,
	6.40114 1.71096,
	6.39693 1.72782,
	6.39693 1.73203,
	6.36742 1.75311,
	6.34212 1.76998,
	6.24938 1.79527,
	"/>
<Contour name="d02" hidden="false" closed="true" simplified="true" border="0.5 0 1" fill="0.5 0 1" mode="9"
 points="4.41646 6.33693,
	4.4665 6.31816,
	4.49152 6.30565,
	4.51029 6.28063,
	4.5228 6.26812,
	4.5228 6.24309,
	4.53531 6.21807,
	4.62289 6.12424,
	4.65417 6.08045,
	4.66668 6.0304,
	4.67294 6.00538,
	4.71673 5.95534,
	4.76677 5.9178,
	4.79179 5.90529,
	4.81682 5.88027,
	4.82933 5.86776,
	4.82933 5.85525,
	4.84809 5.83022,
	4.85435 5.8052,
	4.84809 5.78018,
	4.82307 5.76141,
	4.81682 5.7489,
	4.86061 5.71137,
	4.90439 5.61128,
	4.91065 5.58626,
	4.95444 5.54247,
	4.98572 5.49868,
	4.99823 5.48617,
	5.04827 5.47991,
	5.09206 5.5237,
	5.10457 5.54247,
	5.1296 5.56123,
	5.22969 5.57374,
	5.27973 5.58,
	5.30475 5.58626,
	5.32978 5.58,
	5.3548 5.56123,
	5.37356 5.51119,
	5.4111 5.46114,
	5.43612 5.43612,
	5.43612 5.42361,
	5.44863 5.4111,
	5.45489 5.38608,
	5.47365 5.36731,
	5.5237 5.38608,
	5.57374 5.39233,
	5.59877 5.39233,
	5.62379 5.4111,
	5.62379 5.46114,
	5.60502 5.56123,
	5.60502 5.57374,
	5.63004 5.59877,
	5.68009 5.61753,
	5.78018 5.6363,
	5.88027 5.66758,
	5.90529 5.66758,
	5.9178 5.66758,
	5.92406 5.71762,
	5.87401 5.7489,
	5.77392 5.77392,
	5.7489 5.78018,
	5.73639 5.78018,
	5.72388 5.79269,
	5.67383 5.8052,
	5.62379 5.83648,
	5.63004 5.88652,
	5.64256 5.91155,
	5.64881 5.92406,
	5.63004 5.94283,
	5.58 5.94908,
	5.55498 5.94908,
	5.51119 5.98661,
	5.49242 6.03666,
	5.42361 6.13675,
	5.4111 6.16177,
	5.36105 6.1993,
	5.33603 6.21182,
	5.30475 6.26186,
	5.2985 6.31191,
	5.26096 6.412,
	5.16713 6.50583,
	5.15462 6.51834,
	5.1296 6.5246,
	5.11709 6.53085,
	5.09832 6.51209,
	5.09832 6.46204,
	5.10457 6.43702,
	5.13585 6.38697,
	5.12334 6.33693,
	5.09832 6.33067,
	5.04827 6.34318,
	5.02325 6.36195,
	4.97321 6.36821,
	4.94818 6.36821,
	4.90439 6.33693,
	4.87937 6.34318,
	4.82933 6.33067,
	4.81682 6.31816,
	4.76677 6.31191,
	4.66668 6.34318,
	4.61664 6.36195,
	4.51655 6.36821,
	4.41646 6.34318,
	"/>
<Contour name="d02p04" hidden="false" closed="true" simplified="false" border="1 0 0" fill="1 0 0" mode="-13"
 points="4.52475 6.33728,
	4.54628 6.30714,
	4.52475 6.27701,
	4.53767 6.27701,
	4.55489 6.30284,
	4.57211 6.27701,
	4.58503 6.27701,
	4.5635 6.30714,
	4.58503 6.33728,
	4.57211 6.33728,
	4.55489 6.31145,
	4.53767 6.33728,
	"/>
<Contour name="d02" hidden="false" closed="true" simplified="true" border="0.5 0 1" fill="0.5 0 1" mode="9"
 points="3.06555 6.40664,
	3.08277 6.38942,
	3.11721 6.38942,
	3.15166 6.41095,
	3.1861 6.40664,
	3.22054 6.37651,
	3.22916 6.35928,
	3.22916 6.35067,
	3.22054 6.34206,
	3.1861 6.33776,
	3.16888 6.33345,
	3.15596 6.31623,
	3.15166 6.28178,
	3.18179 6.25165,
	3.19902 6.23873,
	3.26791 6.24734,
	3.30235 6.26026,
	3.33679 6.28178,
	3.40138 6.34206,
	3.47027 6.3722,
	3.53915 6.38512,
	3.5736 6.39803,
	3.60804 6.40234,
	3.64249 6.41526,
	3.67693 6.41526,
	3.71138 6.42387,
	3.71999 6.42387,
	3.75013 6.45401,
	3.76735 6.46692,
	3.90513 6.47123,
	3.93957 6.47123,
	4.00846 6.48414,
	4.07735 6.48845,
	4.14624 6.50567,
	4.15485 6.50567,
	4.18499 6.54012,
	4.18499 6.57456,
	4.18499 6.59178,
	4.15054 6.61331,
	4.13332 6.62623,
	4.09887 6.63914,
	4.06443 6.66067,
	4.0386 6.69081,
	3.90082 6.71664,
	3.86638 6.72956,
	3.79749 6.74248,
	3.78026 6.73387,
	3.75874 6.69942,
	3.72429 6.6865,
	3.6554 6.69081,
	3.63818 6.69081,
	3.60374 6.66928,
	3.58652 6.66067,
	3.55207 6.65637,
	3.51763 6.63053,
	3.37985 6.60039,
	3.31096 6.59609,
	3.27652 6.59178,
	3.24207 6.6047,
	3.20763 6.60901,
	3.20332 6.57456,
	3.20763 6.54012,
	3.20332 6.52289,
	3.17318 6.48845,
	3.15596 6.47553,
	3.08707 6.46692,
	3.07416 6.4497,
	3.06555 6.41526,
	3.06555 6.41095,
	"/>
<Contour name="d02p05" hidden="false" closed="true" simplified="false" border="1 1 0" fill="1 1 0" mode="9"
 points="5.21364 6.44062,
	5.21364 6.37173,
	5.14475 6.37173,
	5.14475 6.43201,
	5.13614 6.44062,
	5.13614 6.36312,
	5.22225 6.36312,
	5.22225 6.44923,
	5.13614 6.44923,
	5.14475 6.44062,
	"/>
<Contour name="d02" hidden="false" closed="true" simplified="true" border="0.5 0 1" fill="0.5 0 1" mode="9"
 points="5.54844 6.48003,
	5.55301 6.46177,
	5.56671 6.4435,
	5.58498 6.43893,
	5.60324 6.42523,
	5.67631 6.41153,
	5.69457 6.4161,
	5.71284 6.4298,
	5.71284 6.50287,
	5.71284 6.512,
	5.69457 6.53027,
	5.65804 6.53483,
	5.62151 6.53027,
	5.54844 6.50287,
	5.54844 6.4846,
	"/>
<Contour name="d02c03" hidden="false" closed="true" simplified="true" border="0 1 0" fill="0 1 0" mode="9"
 points="5.5674 6.50546,
	5.57678 6.49608,
	5.6143 6.49608,
	5.65183 6.50546,
	5.67059 6.51015,
	5.68466 6.52891,
	5.68466 6.54768,
	5.67528 6.55706,
	5.63776 6.55706,
	5.61899 6.55237,
	5.58147 6.52891,
	5.5674 6.51015,
	"/>
<Contour name="d02cfa03" hidden="false" closed="false" simplified="false" border="0 1 1" fill="0 1 1" mode="9"
 points="5.68529 6.54659,
	5.62432 6.52314,
	5.56804 6.50437,
	"/>
<Contour name="d03" hidden="false" closed="true" simplified="true" border="0 1 0" fill="0 1 0" mode="9"
 points="2.16231 3.51473,
	2.16426 3.49912,
	2.16621 3.49131,
	2.22866 3.45228,
	2.29111 3.40349,
	2.41601 3.29811,
	2.44528 3.27274,
	2.49602 3.21029,
	2.5253 3.18297,
	2.54091 3.16931,
	2.54872 3.16345,
	2.56628 3.101,
	2.56823 3.0932,
	2.56823 3.08929,
	2.63068 3.05026,
	2.66191 3.0327,
	2.72436 2.98977,
	2.73997 2.98001,
	2.83169 2.85706,
	2.85511 2.82584,
	2.89414 2.76339,
	2.91561 2.73216,
	2.97025 2.66971,
	3.0327 2.62092,
	3.04831 2.61117,
	3.11076 2.60531,
	3.17321 2.60726,
	3.18882 2.60921,
	3.22005 2.62092,
	3.2825 2.63458,
	3.29811 2.63458,
	3.32933 2.62678,
	3.33714 2.62483,
	3.36837 2.6502,
	3.39764 2.67947,
	3.44838 2.74192,
	3.50692 2.80437,
	3.52254 2.81803,
	3.55376 2.83559,
	3.56742 2.84925,
	3.58694 2.88048,
	3.5967 2.89609,
	3.62402 2.92732,
	3.62987 2.93512,
	3.63182 2.93903,
	3.61816 3.00147,
	3.62011 3.0327,
	3.62207 3.04831,
	3.65329 3.06783,
	3.6611 3.07368,
	3.67085 3.08929,
	3.67476 3.0971,
	3.62987 3.222,
	3.62207 3.23761,
	3.5967 3.26884,
	3.58889 3.27274,
	3.55766 3.27664,
	3.54986 3.27859,
	3.48741 3.25908,
	3.42496 3.26688,
	3.30006 3.28835,
	3.23761 3.29811,
	3.222 3.30201,
	3.19077 3.29421,
	3.18297 3.29225,
	3.05807 3.31762,
	2.93317 3.3547,
	2.90195 3.36056,
	2.8395 3.36056,
	2.80827 3.36641,
	2.79266 3.36837,
	2.78485 3.37032,
	2.75363 3.39374,
	2.74582 3.39764,
	2.7146 3.39569,
	2.68337 3.38593,
	2.66776 3.38203,
	2.65215 3.38203,
	2.64434 3.38203,
	2.61312 3.40154,
	2.59751 3.40349,
	2.58189 3.40154,
	2.55262 3.43277,
	2.53896 3.44838,
	2.53115 3.45618,
	2.52725 3.48741,
	2.5253 3.54986,
	2.52725 3.56547,
	2.52725 3.57328,
	2.4648 3.59865,
	2.3399 3.62792,
	2.32429 3.62987,
	2.31648 3.63182,
	2.25403 3.61036,
	2.23842 3.6045,
	2.2072 3.58499,
	2.17792 3.55962,
	2.16817 3.544,
	2.16231 3.52839,
	2.16231 3.52059,
	2.16231 3.51668,
	"/>
<Contour name="d06" hidden="false" closed="true" simplified="true" border="0 0 1" fill="0 0 1" mode="9"
 points="1.54198 7.33731,
	1.55058 7.31438,
	1.55345 7.26852,
	1.56204 7.22266,
	1.57064 7.19974,
	1.58497 7.17967,
	1.60504 7.15961,
	1.6165 7.14814,
	1.66236 7.12235,
	1.70822 7.11948,
	1.75408 7.12235,
	1.76267 7.13381,
	1.76267 7.13955,
	1.7856 7.14528,
	1.80853 7.14528,
	1.82 7.15101,
	1.83146 7.17394,
	1.83146 7.2198,
	1.82 7.23986,
	1.8114 7.25133,
	1.76554 7.27712,
	1.74834 7.29432,
	1.74261 7.30005,
	1.73974 7.34591,
	1.73974 7.36884,
	1.75408 7.39177,
	1.84579 7.39463,
	1.85726 7.39463,
	1.90311 7.36597,
	1.92604 7.34591,
	1.93178 7.34591,
	2.02063 7.27425,
	2.04069 7.25706,
	2.06075 7.23413,
	2.07222 7.22553,
	2.09515 7.2198,
	2.141 7.19687,
	2.16393 7.18827,
	2.18686 7.18827,
	2.20979 7.18254,
	2.23272 7.17107,
	2.24418 7.16534,
	2.26711 7.16248,
	2.29004 7.15388,
	2.31297 7.15388,
	2.32444 7.15674,
	2.33304 7.16821,
	2.32157 7.21407,
	2.3273 7.23699,
	2.33877 7.23986,
	2.3445 7.23986,
	2.38749 7.27139,
	2.39896 7.27999,
	2.40755 7.30292,
	2.42189 7.32585,
	2.42762 7.32871,
	2.42762 7.35164,
	2.42189 7.35737,
	2.41902 7.40323,
	2.41902 7.40896,
	2.41329 7.4147,
	2.40755 7.43762,
	2.36456 7.47202,
	2.35596 7.49495,
	2.35596 7.51788,
	2.36456 7.56373,
	2.36456 7.60959,
	2.36743 7.62106,
	2.38749 7.64399,
	2.39896 7.66692,
	2.39896 7.75863,
	2.39896 7.7701,
	2.39896 7.77583,
	2.38749 7.78729,
	2.38176 7.78729,
	2.36743 7.81022,
	2.35883 7.83315,
	2.33877 7.85035,
	2.3273 7.85321,
	2.30437 7.84748,
	2.28144 7.83602,
	2.23559 7.82455,
	2.14387 7.82169,
	2.13814 7.82169,
	2.09228 7.79016,
	2.08655 7.79016,
	2.06362 7.76723,
	2.04929 7.72137,
	2.04642 7.70991,
	2.02636 7.68984,
	2.02063 7.68411,
	1.92891 7.68411,
	1.90598 7.68125,
	1.86012 7.66692,
	1.83719 7.65832,
	1.82573 7.64685,
	1.82573 7.55514,
	1.82286 7.50928,
	1.79993 7.49495,
	1.76267 7.45196,
	1.75121 7.44909,
	1.73974 7.45196,
	1.71682 7.46629,
	1.6251 7.46915,
	1.57924 7.46629,
	1.55631 7.46055,
	1.54198 7.43762,
	1.54198 7.34591,
	1.54198 7.34018,
	"/>
<Contour name="d06" hidden="false" closed="true" simplified="true" border="0 0 1" fill="0 0 1" mode="9"
 points="2.27571 8.2688,
	2.28144 8.25734,
	2.28431 8.23441,
	2.29291 8.21148,
	2.29291 8.16562,
	2.29291 8.15416,
	2.30724 8.13123,
	2.31297 8.1255,
	2.3187 8.10257,
	2.3359 8.07964,
	2.34163 8.07391,
	2.3531 8.07391,
	2.39609 8.1169,
	2.40182 8.12836,
	2.40469 8.17422,
	2.40469 8.19715,
	2.41042 8.20862,
	2.41042 8.22008,
	2.42762 8.24014,
	2.43622 8.25161,
	2.43622 8.25734,
	2.46488 8.3032,
	2.48494 8.32039,
	2.50787 8.32039,
	2.5308 8.33186,
	2.55373 8.34906,
	2.56519 8.35479,
	2.57666 8.35479,
	2.59959 8.36912,
	2.62251 8.38918,
	2.63685 8.40924,
	2.64831 8.41784,
	2.65404 8.42358,
	2.66264 8.46943,
	2.66264 8.56115,
	2.66264 8.57261,
	2.64544 8.59268,
	2.62251 8.61274,
	2.61105 8.61847,
	2.58812 8.61847,
	2.56519 8.60987,
	2.54513 8.58981,
	2.5222 8.57548,
	2.49927 8.56688,
	2.47634 8.56402,
	2.43048 8.53822,
	2.41902 8.53535,
	2.37316 8.49523,
	2.3531 8.4723,
	2.3273 8.42644,
	2.3187 8.40351,
	2.31584 8.39205,
	2.27571 8.34619,
	2.27571 8.30033,
	2.27571 8.2774,
	2.27571 8.27167,
	"/>
<Contour name="d06" hidden="false" closed="true" simplified="true" border="0 0 1" fill="0 0 1" mode="9"
 points="1.88305 6.98191,
	1.89738 6.95898,
	1.92031 6.94465,
	1.94611 6.89879,
	1.96617 6.88159,
	2.01203 6.86726,
	2.03496 6.86726,
	2.04642 6.86726,
	2.05215 6.86726,
	2.06648 6.89019,
	2.08941 6.90452,
	2.10661 6.92459,
	2.10661 6.94752,
	2.02922 7.02203,
	2.0063 7.03637,
	1.98337 7.0421,
	1.93751 7.03923,
	1.92604 7.03637,
	1.92031 7.03637,
	1.90885 7.0249,
	1.89738 7.01917,
	1.88305 6.99624,
	1.88305 6.98477,
	"/>
<Contour name="d06c04" hidden="false" closed="true" simplified="true" border="0 1 0" fill="0 1 0" mode="9"
 points="2.42453 8.54434,
	2.44066 8.53627,
	2.47294 8.53627,
	2.48907 8.53627,
	2.51731 8.56048,
	2.53345 8.57258,
	2.56572 8.58065,
	2.59396 8.60082,
	2.59396 8.63309,
	2.59396 8.64923,
	2.59396 8.6573,
	2.56169 8.67344,
	2.52942 8.67747,
	2.49714 8.67344,
	2.48101 8.6694,
	2.47294 8.66133,
	2.44066 8.64923,
	2.42453 8.63309,
	2.42453 8.56855,
	2.42453 8.55241,
	2.42453 8.54838,
	"/>
<Contour name="d06cfa04" hidden="false" closed="false" simplified="false" border="0 1 1" fill="0 1 1" mode="9"
 points="2.58699 8.64774,
	2.4821 8.58722,
	2.41755 8.54688,
	"/>
<Contour name="d06c05" hidden="false" closed="true" simplified="true" border="0 1 0" fill="0 1 0" mode="9"
 points="1.49264 7.28165,
	1.50474 7.24938,
	1.50877 7.21711,
	1.52491 7.18483,
	1.54912 7.15256,
	1.57332 7.12835,
	1.58542 7.11222,
	1.60156 7.10415,
	1.63383 7.10415,
	1.64997 7.11625,
	1.65804 7.12432,
	1.654 7.15659,
	1.654 7.17273,
	1.654 7.1808,
	1.62576 7.205,
	1.60963 7.22114,
	1.60963 7.23728,
	1.59753 7.25341,
	1.58542 7.28569,
	1.58139 7.30182,
	1.56525 7.31796,
	1.55718 7.3341,
	1.54105 7.3462,
	1.52491 7.3462,
	1.49667 7.31796,
	1.49264 7.28569,
	"/>
<Contour name="d06cfa05" hidden="false" closed="false" simplified="false" border="0 1 1" fill="0 1 1" mode="9"
 points="1.5381 7.33664,
	1.55021 7.26806,
	1.57441 7.20351,
	1.60669 7.15913,
	1.64703 7.11879,
	"/>
<Contour name="d07" hidden="false" closed="true" simplified="true" border="1 0 1" fill="1 0 1" mode="9"
 points="1.58346 6.87806,
	1.60804 6.857,
	1.66422 6.85349,
	1.72039 6.84295,
	1.74848 6.84295,
	1.80466 6.8254,
	1.86083 6.82189,
	1.88892 6.82189,
	1.90297 6.8254,
	1.92754 6.84997,
	1.92754 6.90615,
	1.92754 6.93424,
	1.92754 6.94828,
	1.91701 6.96233,
	1.88892 6.97286,
	1.8819 6.97988,
	1.82572 6.98339,
	1.76955 6.97637,
	1.6572 6.97286,
	1.60102 6.9553,
	1.58698 6.94126,
	1.58346 6.88508,
	1.58346 6.88157,
	"/>
<Contour name="d07" hidden="false" closed="true" simplified="true" border="1 0 1" fill="1 0 1" mode="9"
 points="2.77018 7.1449,
	2.78423 7.08872,
	2.80881 7.06063,
	2.86498 7.02201,
	2.89307 7.00446,
	2.92116 6.99744,
	2.9352 6.99744,
	2.99138 6.97286,
	3.04755 6.96935,
	3.07564 6.97286,
	3.12128 7.01148,
	3.14937 7.03606,
	3.14937 7.09223,
	3.15288 7.10628,
	3.18448 7.16245,
	3.23364 7.21863,
	3.28279 7.26427,
	3.29684 7.27832,
	3.30386 7.28534,
	3.30737 7.34152,
	3.30737 7.3696,
	3.30737 7.37663,
	3.27928 7.39769,
	3.27226 7.40471,
	3.27577 7.4328,
	3.2863 7.44685,
	3.28981 7.50302,
	3.28279 7.51004,
	3.17044 7.54515,
	3.1564 7.55218,
	3.12831 7.55569,
	3.10022 7.56973,
	3.08617 7.58026,
	3.03 7.60133,
	2.97382 7.60133,
	2.94573 7.59782,
	2.93871 7.59782,
	2.93169 7.5908,
	2.92467 7.5908,
	2.90009 7.56622,
	2.89307 7.5592,
	2.88956 7.54515,
	2.872 7.51707,
	2.86147 7.50302,
	2.86147 7.496,
	2.85445 7.48898,
	2.85445 7.47493,
	2.82285 7.41876,
	2.81583 7.40471,
	2.81583 7.37663,
	2.80881 7.34854,
	2.77018 7.29236,
	2.77018 7.18001,
	2.77018 7.15192,
	2.77018 7.14841,
	"/>
<Contour name="d07" hidden="false" closed="true" simplified="true" border="1 0 1" fill="1 0 1" mode="9"
 points="3.10724 7.75581,
	3.12128 7.72773,
	3.14586 7.69964,
	3.20204 7.66102,
	3.21608 7.64697,
	3.23013 7.65048,
	3.24417 7.66102,
	3.25119 7.66453,
	3.25119 7.69262,
	3.25119 7.70666,
	3.24066 7.7207,
	3.21608 7.77337,
	3.19151 7.79795,
	3.16342 7.8155,
	3.14937 7.82252,
	3.12128 7.81901,
	3.11075 7.80497,
	3.10724 7.77688,
	3.10724 7.76284,
	3.10724 7.75932,
	"/>
<Contour name="d07" hidden="false" closed="true" simplified="true" border="1 0 1" fill="1 0 1" mode="9"
 points="2.74561 7.94541,
	2.80178 7.9103,
	2.82987 7.89274,
	2.85796 7.88221,
	2.91414 7.88572,
	2.92818 7.88923,
	2.95627 7.91381,
	2.97382 7.93839,
	3.00191 7.96296,
	3.00893 7.97701,
	3.03351 8.00158,
	3.04404 8.01563,
	3.04053 8.0718,
	3.02649 8.08585,
	2.9984 8.08936,
	2.97031 8.08585,
	2.85796 8.02265,
	2.84392 8.01563,
	2.81583 7.99105,
	2.75965 7.9735,
	2.74561 7.95945,
	2.74561 7.94892,
	"/>
<Contour name="d07" hidden="false" closed="true" simplified="true" border="1 0 1" fill="1 0 1" mode="9"
 points="3.43728 7.30992,
	3.44781 7.29587,
	3.50398 7.26427,
	3.56016 7.26076,
	3.5742 7.26076,
	3.60229 7.27129,
	3.61634 7.27481,
	3.64091 7.29938,
	3.669 7.30992,
	3.68305 7.32045,
	3.68305 7.33449,
	3.68305 7.34152,
	3.65496 7.35907,
	3.62687 7.3696,
	3.57069 7.36609,
	3.55665 7.36609,
	3.53207 7.38716,
	3.51803 7.39769,
	3.46185 7.4012,
	3.44781 7.4012,
	3.43728 7.39067,
	3.43728 7.33449,
	3.43728 7.32045,
	3.43728 7.31343,
	"/>
<Contour name="d07p06" hidden="false" closed="true" simplified="false" border="0 0 1" fill="0 0 1" mode="9"
 points="2.88283 7.46172,
	2.85109 7.42998,
	2.88283 7.39823,
	2.91457 7.42998,
	"/>
<Contour name="d07" hidden="false" closed="true" simplified="true" border="1 0 1" fill="1 0 1" mode="9"
 points="2.02231 7.88518,
	2.04044 7.84891,
	2.06765 7.81717,
	2.08579 7.80356,
	2.15834 7.8081,
	2.19461 7.81717,
	2.21275 7.81717,
	2.22182 7.81717,
	2.23995 7.83077,
	2.24449 7.84437,
	2.28076 7.84437,
	2.2989 7.84891,
	2.2989 7.88518,
	2.2853 7.92146,
	2.24902 7.95773,
	2.23995 7.9668,
	2.22182 7.9668,
	2.21275 7.96227,
	2.17647 7.97587,
	2.10392 7.97133,
	2.06765 7.95773,
	2.03138 7.93506,
	2.02231 7.91692,
	2.02231 7.89879,
	2.02231 7.88972,
	"/>
<Contour name="d07c06" hidden="false" closed="true" simplified="true" border="1 0 0" fill="0 1 0" mode="9"
 points="2.79486 7.38391,
	2.81831 7.35263,
	2.83395 7.35263,
	2.84959 7.36436,
	2.8574 7.36827,
	2.86131 7.39954,
	2.86913 7.41518,
	2.86913 7.43081,
	2.88477 7.44645,
	2.90431 7.47772,
	2.90431 7.50899,
	2.90431 7.52463,
	2.88867 7.52853,
	2.87304 7.52463,
	2.84177 7.49335,
	2.82222 7.46208,
	2.82222 7.45427,
	2.80268 7.42299,
	2.79486 7.39172,
	2.79486 7.38781,
	"/>
<Contour name="d07cfa06" hidden="false" closed="false" simplified="false" border="0 1 1" fill="0 1 1" mode="9"
 points="2.89409 7.51831,
	2.87064 7.48313,
	2.855 7.45186,
	2.83936 7.39714,
	2.83155 7.35023,
	"/>
<Contour name="d08" hidden="false" closed="true" simplified="true" border="1 0 0" fill="1 0 0" mode="9"
 points="4.96053 4.09971,
	4.9853 4.08114,
	5.03485 4.07804,
	5.05962 4.07804,
	5.08439 4.09042,
	5.10916 4.1121,
	5.12155 4.12449,
	5.14632 4.13378,
	5.17109 4.15235,
	5.22063 4.16164,
	5.27018 4.15545,
	5.31972 4.12758,
	5.36926 4.109,
	5.46835 4.08733,
	5.51789 4.09662,
	5.56744 4.14616,
	5.59221 4.1957,
	5.5984 4.20809,
	5.60769 4.30718,
	5.64794 4.35672,
	5.67581 4.40317,
	5.68201 4.42794,
	5.6851 4.44032,
	5.67891 4.45271,
	5.48383 4.6385,
	5.43429 4.66637,
	5.40952 4.66946,
	5.39713 4.67566,
	5.34759 4.67875,
	5.29804 4.66946,
	5.2485 4.65398,
	5.22373 4.65088,
	5.21134 4.65088,
	5.20205 4.64159,
	5.20205 4.44342,
	5.19896 4.41865,
	5.18038 4.36911,
	5.17728 4.34433,
	5.14941 4.29479,
	5.13703 4.27002,
	5.08749 4.22667,
	5.03794 4.20499,
	5.01317 4.1957,
	4.9884 4.19261,
	4.97601 4.18951,
	4.96672 4.17713,
	4.96053 4.12758,
	4.96053 4.10281,
	"/>
<Contour name="d08" hidden="false" closed="true" simplified="true" border="1 0 0" fill="1 0 0" mode="9"
 points="5.80277 4.4651,
	5.8585 4.36601,
	5.87399 4.34124,
	5.92353 4.29169,
	5.9483 4.27312,
	5.99784 4.24834,
	6.00404 4.24525,
	6.01642 4.24834,
	6.01023 4.25454,
	6.01023 4.26073,
	6.01642 4.26692,
	6.01333 4.31647,
	6.01333 4.32885,
	6.02571 4.33814,
	6.05048 4.33814,
	6.10003 4.32266,
	6.1248 4.30718,
	6.13409 4.29479,
	6.14028 4.2886,
	6.18983 4.2855,
	6.20221 4.2855,
	6.2084 4.2855,
	6.25485 4.33505,
	6.26414 4.34433,
	6.27033 4.36911,
	6.27343 4.41865,
	6.27343 4.43104,
	6.27653 4.43723,
	6.28582 4.44032,
	6.28891 4.4651,
	6.28582 4.48987,
	6.26724 4.51464,
	6.25795 4.52393,
	6.2084 4.52703,
	6.18363 4.53631,
	6.13409 4.53631,
	6.08455 4.57657,
	6.07216 4.58586,
	6.04739 4.58895,
	6.02262 4.58586,
	5.97307 4.54251,
	5.9483 4.52393,
	5.93592 4.51774,
	5.92663 4.49296,
	5.82754 4.49296,
	5.81515 4.49296,
	5.80586 4.48058,
	5.80277 4.46819,
	"/>
<Contour name="d08" hidden="false" closed="true" simplified="true" border="1 0 0" fill="1 0 0" mode="9"
 points="5.61079 3.73743,
	5.62008 3.72504,
	5.71916 3.66931,
	5.76871 3.64763,
	5.81825 3.65073,
	5.84302 3.66002,
	5.89256 3.66002,
	5.91734 3.65382,
	5.94211 3.64144,
	5.95759 3.61667,
	5.96688 3.60738,
	6.01642 3.60428,
	6.02881 3.60738,
	6.035 3.60428,
	6.05358 3.62596,
	6.05358 3.63834,
	6.0381 3.66311,
	6.01642 3.68169,
	6.01023 3.68169,
	5.99784 3.69098,
	5.99165 3.69717,
	5.98546 3.69717,
	5.96069 3.71266,
	5.91114 3.73124,
	5.89876 3.73743,
	5.87399 3.74052,
	5.82444 3.7591,
	5.79967 3.7653,
	5.7749 3.7653,
	5.67581 3.79626,
	5.65104 3.79626,
	5.62627 3.78697,
	5.61079 3.7622,
	5.61079 3.74052,
	"/>
<Contour name="d08" hidden="false" closed="true" simplified="true" border="1 0 0" fill="1 0 0" mode="9"
 points="5.95759 5.25779,
	5.97927 5.20825,
	5.98236 5.1587,
	5.99165 5.13393,
	5.98856 5.10916,
	5.98856 5.09677,
	5.98856 5.09058,
	6.01023 5.06891,
	6.02262 5.05962,
	6.04739 5.05962,
	6.07216 5.072,
	6.11861 5.11535,
	6.13099 5.14012,
	6.17125 5.17728,
	6.18054 5.22683,
	6.17434 5.32591,
	6.17434 5.35068,
	6.13719 5.39403,
	6.08764 5.39403,
	6.07526 5.39094,
	6.02571 5.35688,
	5.97927 5.31043,
	5.95759 5.28566,
	5.95759 5.26089,
	"/>
<Contour name="d08c02" hidden="false" closed="true" simplified="true" border="1 0 0" fill="0 1 0" mode="9"
 points="6.1193 5.11562,
	6.12776 5.10928,
	6.13198 5.10505,
	6.16579 5.10717,
	6.18058 5.12196,
	6.18481 5.1283,
	6.20171 5.13886,
	6.20805 5.14309,
	6.21016 5.13886,
	6.21439 5.14098,
	6.21439 5.27621,
	6.21439 5.29311,
	6.20805 5.31002,
	6.20594 5.31847,
	6.19537 5.33537,
	6.19537 5.3396,
	6.17847 5.35228,
	6.16156 5.35228,
	6.15734 5.34805,
	6.15523 5.28044,
	6.15311 5.24663,
	6.151 5.22972,
	6.14466 5.21282,
	6.14255 5.17901,
	6.13198 5.16211,
	6.12353 5.15365,
	6.1193 5.1452,
	6.1193 5.1283,
	6.1193 5.11985,
	6.1193 5.11773,
	"/>
<Contour name="d08cfa02" hidden="false" closed="false" simplified="false" border="0 1 1" fill="0 1 1" mode="9"
 points="6.1774 5.3518,
	6.1774 5.34969,
	6.18163 5.3032,
	6.18163 5.22925,
	6.15838 5.15741,
	6.12669 5.11092,
	"/>
<Contour name="d08ax17" hidden="false" closed="true" simplified="true" border="0 0 1" fill="0 0 1" mode="-11"
 points="2.93595 5.07167,
	2.94125 5.06107,
	2.95185 5.05312,
	2.9651 5.03457,
	2.98365 5.01338,
	3.0022 4.99748,
	3.02339 4.98953,
	3.04459 4.99218,
	3.06579 5.00543,
	3.07109 5.00543,
	3.07639 5.02663,
	3.07374 5.04782,
	3.06844 5.05842,
	3.06579 5.10082,
	3.05784 5.12202,
	3.01809 5.15116,
	2.9969 5.15911,
	2.9757 5.16176,
	2.9545 5.15381,
	2.94125 5.14057,
	2.93595 5.09817,
	2.93595 5.07697,
	2.93595 5.07432,
	"/>
<Contour name="d03p01" hidden="false" closed="true" simplified="false" border="1 0 0" fill="1 0 0" mode="-9"
 points="2.75265 3.19814,
	2.75265 3.19226,
	2.75853 3.18638,
	2.76441 3.18638,
	2.77028 3.19226,
	2.77028 3.19814,
	2.76441 3.20402,
	2.75853 3.20402,
	"/>
<Contour name="d06p04" hidden="false" closed="true" simplified="false" border="0 0 1" fill="0 0 1" mode="-13"
 points="2.27338 7.77117,
	2.25601 7.7538,
	2.27338 7.73643,
	2.29075 7.7538,
	"/>
<Contour name="d06p05" hidden="false" closed="true" simplified="false" border="1 1 0" fill="1 1 0" mode="-9"
 points="1.90364 7.46843,
	1.90364 7.42873,
	1.86393 7.42873,
	1.86393 7.46347,
	1.85897 7.46843,
	1.85897 7.42376,
	1.9086 7.42376,
	1.9086 7.47339,
	1.85897 7.47339,
	1.86393 7.46843,
	"/>
<Contour name="d08p03" hidden="false" closed="true" simplified="false" border="1 1 0" fill="1 1 0" mode="-13"
 points="5.24728 4.25103,
	5.24728 4.21701,
	5.21326 4.21701,
	5.21326 4.24678,
	5.209 4.25103,
	5.209 4.21276,
	5.25153 4.21276,
	5.25153 4.25529,
	5.209 4.25529,
	5.21326 4.25103,
	"/>
<Contour name="d08p04" hidden="false" closed="true" simplified="false" border="0 0 1" fill="0 0 1" mode="-13"
 points="5.6215 4.45728,
	5.60661 4.4424,
	5.6215 4.42751,
	5.63638 4.4424,
	"/>
<Contour name="d07" hidden="false" closed="true" simplified="true" border="1 0 1" fill="1 0 1" mode="9"
 points="2.32539 7.87143,
	2.37062 7.82692,
	2.38192 7.81561,
	2.38475 7.81279,
	2.38616 7.81137,
	2.43138 7.80502,
	2.43421 7.80502,
	2.52465 7.84105,
	2.56988 7.86437,
	2.58118 7.87073,
	2.58683 7.87355,
	2.60944 7.89122,
	2.60874 7.91383,
	2.60874 7.91948,
	2.60874 7.92231,
	2.58683 7.94492,
	2.57553 7.95552,
	2.56988 7.96117,
	2.56705 7.96259,
	2.54444 7.96682,
	2.52183 7.96541,
	2.51052 7.964,
	2.48791 7.964,
	2.4766 7.964,
	2.45399 7.96188,
	2.44269 7.96047,
	2.42008 7.96259,
	2.40877 7.95976,
	2.36355 7.96259,
	2.35224 7.96329,
	2.34942 7.96329,
	2.33811 7.95269,
	2.33246 7.94704,
	2.32963 7.94421,
	2.32681 7.89899,
	2.32539 7.87638,
	2.32539 7.87355,
	2.32539 7.87214,
	"/>
<Contour name="d01" hidden="false" closed="true" simplified="false" border="1 1 0" fill="0 0 1" mode="11"
 points="7.0518 1.18382,
	7.05336 1.18226,
	7.04713 1.17603,
	7.04868 1.17447,
	7.05491 1.1807,
	7.05647 1.17914,
	7.05647 1.18382,
	"/>
<Contour name="d01" hidden="false" closed="true" simplified="false" border="1 1 0" fill="0 0 1" mode="11"
 points="7.06426 1.17214,
	7.06581 1.17058,
	7.05958 1.16435,
	7.06114 1.16279,
	7.06737 1.16902,
	7.06893 1.16747,
	7.06893 1.17214,
	"/>
<Contour name="d01" hidden="false" closed="true" simplified="false" border="1 1 0" fill="0 0 1" mode="11"
 points="7.07749 1.14333,
	7.07905 1.14177,
	7.07282 1.13554,
	7.07438 1.13399,
	7.08061 1.14022,
	7.08216 1.13866,
	7.08216 1.14333,
	"/>
<Contour name="d01" hidden="false" closed="true" simplified="false" border="1 1 0" fill="0 0 1" mode="11"
 points="7.06075 1.13009,
	7.06231 1.12854,
	7.05608 1.12231,
	7.05764 1.12075,
	7.06387 1.12698,
	7.06542 1.12542,
	7.06542 1.13009,
	"/>
<Contour name="d01" hidden="false" closed="true" simplified="false" border="1 1 0" fill="0 0 1" mode="11"
 points="7.04012 1.11297,
	7.04168 1.11141,
	7.03545 1.10518,
	7.03701 1.10362,
	7.04323 1.10985,
	7.04479 1.1083,
	7.04479 1.11297,
	"/>
<Contour name="d01" hidden="false" closed="true" simplified="false" border="1 1 0" fill="0 0 1" mode="11"
 points="7.02338 1.09233,
	7.02494 1.09078,
	7.01871 1.08455,
	7.02027 1.08299,
	7.0265 1.08922,
	7.02805 1.08766,
	7.02805 1.09233,
	"/>
<Contour name="d01" hidden="false" closed="true" simplified="false" border="1 1 0" fill="0 0 1" mode="11"
 points="7.02105 1.06392,
	7.0226 1.06236,
	7.01637 1.05613,
	7.01793 1.05457,
	7.02416 1.0608,
	7.02572 1.05925,
	7.02572 1.06392,
	"/>
</Transform>

<Transform dim="0"
 xcoef=" 0 1 0 0 0 0"
 ycoef=" 0 0 1 0 0 0">
<Contour name="ax05" comment="LK bouton trace named after cfa" hidden="false" closed="true" simplified="true" border="0 1 1" fill="0.502 1 1" mode="9"
 points="2.52622 2.02766,
	2.52869 2.00786,
	2.53117 1.99797,
	2.53364 1.99302,
	2.53488 1.98312,
	2.54354 1.96333,
	2.55467 1.94353,
	2.55962 1.93487,
	2.56086 1.89528,
	2.55962 1.87549,
	2.5621 1.8557,
	2.56705 1.8359,
	2.57076 1.826,
	2.57199 1.80621,
	2.57571 1.78642,
	2.58437 1.76662,
	2.59797 1.74683,
	2.60787 1.73817,
	2.62766 1.7258,
	2.64746 1.71837,
	2.65736 1.71714,
	2.66725 1.71343,
	2.67715 1.71219,
	2.71674 1.69734,
	2.73653 1.69239,
	2.77612 1.67879,
	2.79591 1.67755,
	2.81571 1.68126,
	2.8553 1.68002,
	2.87509 1.67507,
	2.89488 1.66765,
	2.90478 1.66641,
	2.91468 1.66889,
	2.92458 1.67384,
	2.93324 1.68373,
	2.93818 1.69363,
	2.93942 1.70353,
	2.93571 1.72332,
	2.92952 1.73322,
	2.92581 1.75301,
	2.92705 1.75796,
	2.93447 1.76786,
	2.93942 1.77157,
	2.95922 1.77776,
	2.96911 1.77899,
	2.97901 1.7827,
	2.98891 1.79136,
	2.99509 1.80126,
	2.99509 1.82106,
	2.99138 1.83095,
	2.98767 1.85075,
	2.97654 1.87054,
	2.97035 1.88044,
	2.96788 1.88539,
	2.94932 1.90518,
	2.93695 1.92497,
	2.93076 1.94477,
	2.932 1.96456,
	2.93942 1.98436,
	2.9419 2.00415,
	2.94066 2.01405,
	2.9221 2.05364,
	2.91963 2.05858,
	2.91839 2.07838,
	2.9221 2.09817,
	2.9221 2.11797,
	2.91963 2.13776,
	2.91963 2.14766,
	2.8986 2.18725,
	2.89241 2.19714,
	2.87385 2.21694,
	2.83427 2.23797,
	2.79468 2.24044,
	2.7155 2.23178,
	2.69571 2.22931,
	2.67591 2.22312,
	2.59674 2.18725,
	2.57694 2.17116,
	2.54354 2.13158,
	2.53983 2.12663,
	2.53735 2.11673,
	2.53859 2.09694,
	2.53859 2.08704,
	2.53117 2.06724,
	2.52622 2.04745,
	2.52622 2.02889,
	"/>
</Transform>

<Transform dim="0"
 xcoef=" 0 1 0 0 0 0"
 ycoef=" 0 0 1 0 0 0">
<Contour name="ax06" comment="LK bouton trace named after cfa" hidden="false" closed="true" simplified="true" border="0 1 1" fill="0.502 1 1" mode="9"
 points="4.41047 2.44488,
	4.41665 2.43663,
	4.43108 2.42529,
	4.43933 2.42014,
	4.44345 2.41808,
	4.44757 2.41396,
	4.44964 2.40983,
	4.45685 2.40262,
	4.4651 2.39746,
	4.48159 2.39643,
	4.48983 2.39746,
	4.50633 2.40674,
	4.52282 2.41911,
	4.52591 2.42736,
	4.52694 2.44385,
	4.52385 2.45209,
	4.51869 2.46034,
	4.51045 2.46858,
	4.50736 2.47271,
	4.50736 2.47477,
	4.49499 2.49126,
	4.4919 2.49538,
	4.48365 2.49847,
	4.45067 2.49332,
	4.43417 2.48817,
	4.43211 2.48611,
	4.43005 2.48611,
	4.42799 2.48404,
	4.42593 2.48404,
	4.41974 2.47786,
	4.41665 2.47374,
	4.41356 2.46549,
	4.4115 2.46137,
	4.41047 2.44591,
	"/>
</Transform>

<Transform dim="0"
 xcoef=" 0 1 0 0 0 0"
 ycoef=" 0 0 1 0 0 0">
<Contour name="ax28" comment="LK bouton trace named after cfa" hidden="false" closed="true" simplified="true" border="0 1 1" fill="0.502 1 1" mode="9"
 points="5.36794 3.03368,
	5.37411 3.02135,
	5.38259 3.00901,
	5.38336 3.00592,
	5.38568 3.00284,
	5.38953 2.9905,
	5.39185 2.97816,
	5.39185 2.97508,
	5.39185 2.97354,
	5.39416 2.97045,
	5.39493 2.96737,
	5.41267 2.94269,
	5.41652 2.93652,
	5.41884 2.93035,
	5.42732 2.91801,
	5.43272 2.91184,
	5.44506 2.90336,
	5.45122 2.89873,
	5.45431 2.89719,
	5.45662 2.89411,
	5.45971 2.89257,
	5.48438 2.87252,
	5.48747 2.87097,
	5.49981 2.86018,
	5.50598 2.85555,
	5.51292 2.84321,
	5.52988 2.81854,
	5.53836 2.8062,
	5.53991 2.80311,
	5.54608 2.79694,
	5.54916 2.79386,
	5.55224 2.79232,
	5.55533 2.78923,
	5.56767 2.78306,
	5.57384 2.78229,
	5.58618 2.77689,
	5.59851 2.77304,
	5.60468 2.76995,
	5.61239 2.75762,
	5.61856 2.74528,
	5.62165 2.73911,
	5.63399 2.72908,
	5.63938 2.72291,
	5.65326 2.69824,
	5.66098 2.6859,
	5.67254 2.67356,
	5.68488 2.66739,
	5.70956 2.66739,
	5.7219 2.66816,
	5.74657 2.67356,
	5.75274 2.67587,
	5.8021 2.6859,
	5.82677 2.69592,
	5.83911 2.70055,
	5.86379 2.71289,
	5.87613 2.71906,
	5.8823 2.72291,
	5.90466 2.74759,
	5.90929 2.75376,
	5.91237 2.75684,
	5.92933 2.78152,
	5.94476 2.8062,
	5.95247 2.81854,
	5.9571 2.8247,
	5.96327 2.83704,
	5.96789 2.84938,
	5.97021 2.85555,
	5.96943 2.95426,
	5.97098 2.97893,
	5.96943 3.00361,
	5.96866 3.01595,
	5.96481 3.02829,
	5.96249 3.04063,
	5.96172 3.04679,
	5.9571 3.05913,
	5.95478 3.0653,
	5.95401 3.08998,
	5.95941 3.13933,
	5.95787 3.15167,
	5.9571 3.15784,
	5.95093 3.17018,
	5.93473 3.19485,
	5.92625 3.20719,
	5.92317 3.21028,
	5.9116 3.23495,
	5.90774 3.24729,
	5.90234 3.25963,
	5.89849 3.2658,
	5.89695 3.26888,
	5.88692 3.28122,
	5.87535 3.29279,
	5.86919 3.29742,
	5.84451 3.30975,
	5.84142 3.3113,
	5.83526 3.31207,
	5.83217 3.31361,
	5.80749 3.31438,
	5.79516 3.31515,
	5.77048 3.32055,
	5.75814 3.32595,
	5.7458 3.33289,
	5.73963 3.33752,
	5.73578 3.34369,
	5.73424 3.34523,
	5.73346 3.34831,
	5.73115 3.3514,
	5.72961 3.35757,
	5.72807 3.35911,
	5.72652 3.37145,
	5.72267 3.38378,
	5.72113 3.38995,
	5.71804 3.39612,
	5.7165 3.39921,
	5.71496 3.40075,
	5.71419 3.40383,
	5.70879 3.41,
	5.69645 3.41926,
	5.69336 3.42157,
	5.6872 3.42311,
	5.68565 3.42466,
	5.66098 3.42543,
	5.64864 3.42311,
	5.6363 3.41772,
	5.63322 3.41694,
	5.63167 3.41694,
	5.62859 3.41463,
	5.62242 3.41232,
	5.61933 3.41,
	5.61779 3.40846,
	5.61625 3.40846,
	5.60391 3.39767,
	5.59774 3.39304,
	5.59234 3.38687,
	5.58618 3.38224,
	5.5615 3.35757,
	5.53682 3.33829,
	5.51215 3.32286,
	5.50598 3.31978,
	5.4813 3.3005,
	5.47822 3.29819,
	5.47513 3.29202,
	5.4705 3.28585,
	5.46588 3.26117,
	5.46356 3.255,
	5.45971 3.24883,
	5.4358 3.22647,
	5.42578 3.21413,
	5.42038 3.20796,
	5.41344 3.19563,
	5.41113 3.17095,
	5.40804 3.15861,
	5.39647 3.13393,
	5.39185 3.1216,
	5.39185 3.11851,
	5.39185 3.11697,
	5.3903 3.11543,
	5.38876 3.10926,
	5.38722 3.10771,
	5.38491 3.09538,
	5.37951 3.08304,
	5.37642 3.07687,
	5.37411 3.07378,
	5.37334 3.0707,
	5.3718 3.06916,
	5.36871 3.05682,
	5.36794 3.04448,
	5.36794 3.03831,
	5.36794 3.03523,
	5.36794 3.03446,
	"/>
</Transform>

<Transform dim="0"
 xcoef=" 0 1 0 0 0 0"
 ycoef=" 0 0 1 0 0 0">
<Contour name="d01c03ax01" hidden="false" closed="true" simplified="true" border="0 1 0" fill="0 1 0" mode="9"
 points="6.22934 1.72937,
	6.53786 1.56909,
	6.55714 1.55944,
	6.55834 1.55824,
	6.56919 1.5968,
	6.57763 1.63537,
	6.58004 1.64501,
	6.58124 1.64983,
	6.58245 1.65224,
	6.50652 1.71732,
	6.46796 1.74986,
	6.44868 1.76552,
	6.43904 1.77396,
	6.42939 1.77757,
	6.27514 1.81252,
	6.2655 1.81373,
	6.26068 1.81493,
	6.25827 1.81614,
	6.25465 1.81252,
	6.23175 1.73539,
	6.22934 1.73057,
	"/>
</Transform>

<Transform dim="0"
 xcoef=" 0 1 0 0 0 0"
 ycoef=" 0 0 1 0 0 0">
<Contour name="ax01" comment="LK bouton trace named after cfa" hidden="false" closed="true" simplified="true" border="0 1 1" fill="0.502 1 1" mode="9"
 points="6.03143 1.55237,
	6.03725 1.53375,
	6.04191 1.49651,
	6.04191 1.45927,
	6.04307 1.44065,
	6.04307 1.436,
	6.04772 1.42669,
	6.05703 1.41854,
	6.07565 1.40807,
	6.15013 1.39411,
	6.16875 1.39062,
	6.18737 1.38363,
	6.22461 1.37549,
	6.23392 1.37432,
	6.25254 1.37665,
	6.28977 1.38829,
	6.36425 1.40574,
	6.37356 1.40574,
	6.38287 1.40342,
	6.38752 1.40225,
	6.40614 1.38712,
	6.4236 1.36851,
	6.44222 1.35571,
	6.46084 1.34989,
	6.47015 1.34756,
	6.50738 1.35105,
	6.54462 1.3592,
	6.56324 1.36036,
	6.58186 1.35803,
	6.60048 1.35221,
	6.60979 1.34989,
	6.64703 1.3301,
	6.66565 1.31963,
	6.67845 1.30218,
	6.68659 1.28356,
	6.69241 1.26494,
	6.6959 1.2277,
	6.69823 1.21839,
	6.69823 1.18115,
	6.69823 1.16253,
	6.70405 1.12529,
	6.70987 1.10667,
	6.72383 1.08806,
	6.73314 1.07991,
	6.75176 1.07176,
	6.82624 1.05198,
	6.90071 1.03685,
	6.91933 1.03103,
	6.92864 1.02638,
	6.96588 1.01358,
	6.9845 1.00194,
	6.99381 0.998451,
	7.00312 0.997287,
	7.02174 1.00078,
	7.02639 1.00194,
	7.03454 1.01009,
	7.03803 1.0194,
	7.04385 1.02871,
	7.04385 1.03103,
	7.04618 1.03336,
	7.0485 1.0706,
	7.0485 1.07991,
	7.05898 1.09853,
	7.06829 1.10667,
	7.0869 1.11831,
	7.09621 1.12413,
	7.10436 1.13344,
	7.10436 1.15206,
	7.1032 1.16137,
	7.09854 1.17068,
	7.08225 1.1893,
	7.07294 1.19628,
	7.06829 1.19977,
	7.06363 1.20093,
	7.05432 1.20792,
	7.04967 1.20908,
	7.03105 1.22304,
	7.01359 1.24166,
	6.99265 1.2789,
	6.9845 1.28821,
	6.96588 1.30101,
	6.95657 1.30683,
	6.93795 1.31265,
	6.91933 1.31498,
	6.90071 1.32079,
	6.8914 1.32429,
	6.88209 1.3301,
	6.87977 1.3301,
	6.87046 1.33825,
	6.85184 1.3464,
	6.84253 1.35105,
	6.83787 1.35221,
	6.80064 1.37898,
	6.7634 1.4104,
	6.74478 1.42669,
	6.73547 1.436,
	6.73081 1.44065,
	6.70754 1.47789,
	6.70521 1.51513,
	6.70172 1.53375,
	6.69474 1.55237,
	6.69008 1.56168,
	6.67147 1.57913,
	6.66216 1.58379,
	6.65285 1.58612,
	6.64819 1.58844,
	6.61095 1.58961,
	6.6063 1.59077,
	6.60397 1.59077,
	6.59932 1.59426,
	6.59466 1.59426,
	6.58535 1.60124,
	6.57604 1.6059,
	6.57139 1.60939,
	6.56673 1.61055,
	6.55742 1.61637,
	6.54811 1.61986,
	6.54346 1.61986,
	6.5388 1.62336,
	6.52949 1.62568,
	6.52019 1.6315,
	6.51553 1.63266,
	6.50622 1.63848,
	6.46898 1.65128,
	6.45036 1.65594,
	6.44105 1.65827,
	6.43174 1.66292,
	6.42942 1.66292,
	6.42476 1.66641,
	6.42243 1.66641,
	6.40382 1.68154,
	6.3852 1.70016,
	6.3561 1.7374,
	6.34679 1.74554,
	6.33749 1.7502,
	6.30025 1.76067,
	6.28163 1.76649,
	6.26301 1.77929,
	6.24439 1.78395,
	6.22577 1.78045,
	6.18853 1.76765,
	6.16991 1.76416,
	6.13267 1.76649,
	6.11406 1.76649,
	6.09544 1.76416,
	6.07682 1.75718,
	6.06751 1.75136,
	6.05471 1.73274,
	6.04889 1.72343,
	6.0454 1.71412,
	6.04307 1.7118,
	6.03492 1.67456,
	6.03492 1.65594,
	6.03143 1.63732,
	6.03143 1.62801,
	6.03376 1.6187,
	6.0326 1.58146,
	6.03143 1.56284,
	6.03143 1.55353,
	"/>
</Transform>

</Section>