<?xml version="1.0"?>
<!DOCTYPE Section SYSTEM "section.dtd">

<Section index="200" thickness="0.045" alignLocked="true">
<Transform dim="6"
 xcoef=" -1.29212535356819 1.0081619887597 -0.021891705946757 0 0 0"
 ycoef=" -0.439707541914752 0.0132164509415794 0.986712221313614 0 0 0">
<Contour name="D04" hidden="false" closed="true" simplified="true" border="1 0 0" fill="1 0 0" mode="11"
 points="5.46492 7.28996,
	5.46778 7.25096,
	5.47628 7.21281,
	5.49024 7.17634,
	5.50936 7.14235,
	5.53323 7.11158,
	5.56131 7.0847,
	5.59299 7.0623,
	5.6276 7.04487,
	5.66436 7.03278,
	5.70248 7.0263,
	5.74113 7.02558,
	5.77947 7.03063,
	5.81665 7.04133,
	5.85186 7.05746,
	5.88435 7.07866,
	5.91339 7.10447,
	5.93836 7.13432,
	5.95871 7.16758,
	5.97399 7.2035,
	5.98388 7.24131,
	5.98816 7.28018,
	5.98673 7.31926,
	5.97963 7.35771,
	5.96701 7.39467,
	5.94914 7.42936,
	5.92642 7.461,
	5.89934 7.48891,
	5.86849 7.51248,
	5.83455 7.53119,
	5.79825 7.54464,
	5.76039 7.55254,
	5.72179 7.55471,
	5.6833 7.5511,
	5.64576 7.54179,
	5.60998 7.52699,
	5.57674 7.50702,
	5.54678 7.48231,
	5.52073 7.45341,
	5.49918 7.42094,
	5.48259 7.38562,
	5.47133 7.3482,
	"/>
</Transform>

<Transform dim="6"
 xcoef=" 0.637874646431816 1.0081619887597 -0.021891705946757 0 0 0"
 ycoef=" 0.420292458085248 0.0132164509415794 0.986712221313614 0 0 0">
<Contour name="D05" hidden="false" closed="true" simplified="true" border="1 1 0" fill="1 1 0" mode="11"
 points="2.69299 3.97404,
	2.70475 3.90163,
	2.73888 3.83632,
	2.79205 3.78448,
	2.85904 3.7512,
	2.93329 3.73974,
	3.00755 3.7512,
	3.07454 3.78448,
	3.12771 3.83632,
	3.16184 3.90163,
	3.1736 3.97404,
	3.16184 4.04644,
	3.12771 4.11175,
	3.07454 4.16359,
	3.00755 4.19687,
	2.93329 4.20833,
	2.85904 4.19687,
	2.79205 4.16359,
	2.73888 4.11175,
	"/>
</Transform>

<Transform dim="6"
 xcoef=" 0.0378746464318156 1.0081619887597 -0.021891705946757 0 0 0"
 ycoef=" 0.000292458085248304 0.0132164509415794 0.986712221313614 0 0 0">
<Contour name="d01" hidden="true" closed="true" simplified="true" border="1 0.5 0" fill="1 0.5 0" mode="9"
 points="4.22472 5.14638,
	4.24603 5.12507,
	4.25136 5.11442,
	4.26202 5.11442,
	4.30464 5.08245,
	4.32595 5.0718,
	4.36324 5.02918,
	4.38455 5.01852,
	4.40586 5.01852,
	4.43782 5.05582,
	4.43782 5.07713,
	4.44848 5.09844,
	4.44848 5.11975,
	4.4325 5.14106,
	4.41119 5.14638,
	4.36857 5.17835,
	4.34726 5.19433,
	4.30464 5.20499,
	4.26202 5.19966,
	4.24071 5.19966,
	4.22472 5.18368,
	4.22472 5.16237,
	4.22472 5.15171,
	"/>
</Transform>

<Transform dim="6"
 xcoef=" 0.0378746464318156 1.0081619887597 -0.021891705946757 0 0 0"
 ycoef=" 0.000292458085248304 0.0132164509415794 0.986712221313614 0 0 0">
<Contour name="d01c33" hidden="false" closed="true" simplified="true" border="0 1 0" fill="0 1 0" mode="9"
 points="5.31706 4.35413,
	5.32543 4.34296,
	5.3366 4.34576,
	5.35335 4.36529,
	5.36172 4.37925,
	5.36172 4.38483,
	5.38126 4.40716,
	5.38963 4.41832,
	5.398 4.46298,
	5.40079 4.47415,
	5.39521 4.47694,
	5.38405 4.47415,
	5.36172 4.46019,
	5.34218 4.44065,
	5.33381 4.41832,
	5.33381 4.40716,
	5.31985 4.38483,
	5.31706 4.3625,
	5.31706 4.35692,
	"/>
</Transform>

<Transform dim="6"
 xcoef=" 0.0378746464318156 1.0081619887597 -0.021891705946757 0 0 0"
 ycoef=" 0.000292458085248304 0.0132164509415794 0.986712221313614 0 0 0">
<Contour name="d01cfa33" hidden="false" closed="false" simplified="false" border="0 1 1" fill="0 1 1" mode="9"
 points="5.32575 4.34696,
	5.33413 4.38045,
	5.36762 4.43349,
	5.39274 4.46977,
	"/>
</Transform>

<Transform dim="6"
 xcoef=" 0.0378746464318156 1.0081619887597 -0.021891705946757 0 0 0"
 ycoef=" 0.000292458085248304 0.0132164509415794 0.986712221313614 0 0 0">
<Contour name="d01c37b" hidden="false" closed="true" simplified="true" border="0 1 0" fill="0 1 0" mode="9"
 points="3.8865 5.00085,
	3.89382 4.99902,
	3.90846 5.00817,
	3.91395 5.01549,
	3.92493 5.04477,
	3.92493 5.0594,
	3.91578 5.08868,
	3.91212 5.10332,
	3.90663 5.11064,
	3.90114 5.08136,
	3.89931 5.05209,
	3.89931 5.03745,
	3.89565 5.02281,
	3.88833 5.00817,
	3.8865 5.00268,
	"/>
</Transform>

<Transform dim="6"
 xcoef=" 0.0378746464318156 1.0081619887597 -0.021891705946757 0 0 0"
 ycoef=" 0.000292458085248304 0.0132164509415794 0.986712221313614 0 0 0">
<Contour name="d01cfa37b" hidden="false" closed="false" simplified="false" border="0 1 1" fill="0 1 1" mode="9"
 points="3.90954 5.10894,
	3.90954 5.09248,
	3.90954 5.05771,
	3.90954 5.02111,
	3.88942 5.00099,
	"/>
</Transform>

<Transform dim="6"
 xcoef=" 0.0378746464318156 1.0081619887597 -0.021891705946757 0 0 0"
 ycoef=" 0.000292458085248304 0.0132164509415794 0.986712221313614 0 0 0">
<Contour name="d01c38" hidden="false" closed="true" simplified="true" border="0 1 0" fill="0 1 0" mode="9"
 points="5.06148 4.96436,
	5.06811 4.92904,
	5.06811 4.92463,
	5.07694 4.9158,
	5.08576 4.91359,
	5.09018 4.91359,
	5.09239 4.98423,
	5.0968 5.01954,
	5.09459 5.05486,
	5.08797 5.07252,
	5.07914 5.07914,
	5.07473 5.08135,
	5.07252 5.07914,
	5.07914 5.07252,
	5.07914 5.05486,
	5.0659 5.03941,
	5.06148 5.035,
	5.06369 5.01734,
	5.07031 5.00851,
	5.06811 4.99085,
	5.06148 4.97319,
	5.06148 4.96657,
	"/>
</Transform>

<Transform dim="6"
 xcoef=" 0.0378746464318156 1.0081619887597 -0.021891705946757 0 0 0"
 ycoef=" 0.000292458085248304 0.0132164509415794 0.986712221313614 0 0 0">
<Contour name="d01cfa38" hidden="false" closed="false" simplified="false" border="0 1 1" fill="0 1 1" mode="9"
 points="5.0779 4.91383,
	5.0779 4.98005,
	5.08232 5.0264,
	5.0757 5.07276,
	"/>
<Contour name="d01" hidden="true" closed="true" simplified="true" border="1 0.5 0" fill="1 0.5 0" mode="9"
 points="3.85406 4.73921,
	3.86509 4.70389,
	3.92028 4.63326,
	3.93794 4.59794,
	3.96001 4.56262,
	3.96884 4.54496,
	3.97105 4.53613,
	3.97105 4.53172,
	4.00636 4.50302,
	4.02844 4.4677,
	4.03285 4.46329,
	4.03947 4.42797,
	4.04168 4.41031,
	4.0483 4.39265,
	4.05493 4.38382,
	4.05934 4.37941,
	4.06817 4.37941,
	4.10128 4.3463,
	4.11011 4.33747,
	4.14543 4.32202,
	4.21606 4.29994,
	4.25138 4.29553,
	4.39265 4.30215,
	4.46329 4.3154,
	4.48095 4.31981,
	4.48978 4.32202,
	4.52509 4.31319,
	4.54275 4.29994,
	4.61339 4.2867,
	4.64871 4.28008,
	4.66637 4.27346,
	4.68402 4.26242,
	4.71714 4.23152,
	4.75245 4.21827,
	4.78777 4.21165,
	4.80543 4.20944,
	4.80984 4.20944,
	4.8275 4.2271,
	4.83192 4.23152,
	4.90255 4.25138,
	4.92021 4.24917,
	4.95553 4.22489,
	4.96436 4.21827,
	4.96877 4.20944,
	5.11005 4.20503,
	5.18068 4.20061,
	5.216 4.1984,
	5.22483 4.1984,
	5.25794 4.17854,
	5.32857 4.21606,
	5.3374 4.21827,
	5.34403 4.22489,
	5.35286 4.26021,
	5.34623 4.29553,
	5.34182 4.30436,
	5.34623 4.33968,
	5.34623 4.34851,
	5.36831 4.38382,
	5.37934 4.41914,
	5.38155 4.4368,
	5.40363 4.47212,
	5.41687 4.48978,
	5.42128 4.49861,
	5.41908 4.53392,
	5.40804 4.56924,
	5.39038 4.56483,
	5.38155 4.55821,
	5.37714 4.55379,
	5.35948 4.56703,
	5.32416 4.56924,
	5.31533 4.56924,
	5.28001 4.55158,
	5.26235 4.54055,
	5.22704 4.51185,
	5.17185 4.44121,
	5.14536 4.4059,
	5.12991 4.39045,
	5.11225 4.38382,
	5.09459 4.38603,
	5.05928 4.40148,
	5.04162 4.41473,
	5.03058 4.43239,
	5.02837 4.57366,
	5.02837 4.59132,
	5.02837 4.60015,
	5.01734 4.6178,
	5.01071 4.62663,
	5.00189 4.63105,
	5.00189 4.66637,
	5.00189 4.67078,
	5.03279 4.7061,
	5.04603 4.72376,
	5.06369 4.74142,
	5.07031 4.75025,
	5.07473 4.7679,
	5.07694 4.77673,
	5.07031 4.79439,
	5.035 4.82971,
	5.02396 4.84737,
	5.02396 4.85178,
	5.04162 4.86282,
	5.05928 4.86944,
	5.07694 4.88048,
	5.08356 4.8871,
	5.08797 4.90476,
	5.08135 4.92242,
	5.07914 4.99306,
	5.07694 5.01071,
	5.07473 5.01954,
	5.08576 5.05486,
	5.07914 5.09018,
	5.06369 5.10563,
	5.05486 5.11005,
	4.98423 5.11667,
	4.94891 5.12108,
	4.80764 5.12329,
	4.737 5.12329,
	4.71934 5.12329,
	4.70168 5.11225,
	4.69285 5.10784,
	4.68844 5.10342,
	4.68402 5.08576,
	4.67078 5.06811,
	4.66195 5.06148,
	4.65312 5.05928,
	4.6178 5.0659,
	4.54717 5.04162,
	4.52951 5.0372,
	4.52509 5.0372,
	4.48978 5.00851,
	4.45667 4.9754,
	4.45004 4.96657,
	4.45004 4.96215,
	4.44342 4.95332,
	4.37279 4.95332,
	4.35513 4.95332,
	4.28449 4.97098,
	4.24917 4.97981,
	4.23152 4.98423,
	4.21386 4.99306,
	4.1962 4.99747,
	4.18737 5.0063,
	4.15205 5.01292,
	4.08141 5.05045,
	4.01078 5.09901,
	3.99974 5.11667,
	3.99533 5.1255,
	3.96001 5.15861,
	3.95118 5.16082,
	3.91586 5.15199,
	3.8982 5.14095,
	3.8982 5.10563,
	3.90483 5.07031,
	3.90483 5.035,
	3.90262 5.02617,
	3.89158 5.00851,
	3.88496 4.99085,
	3.88717 4.97319,
	3.88937 4.96436,
	3.88717 4.9467,
	3.87613 4.91138,
	3.87613 4.90255,
	3.87392 4.89814,
	3.88275 4.88048,
	3.91145 4.84516,
	3.91807 4.8275,
	3.91586 4.81867,
	3.8982 4.80322,
	3.86289 4.78115,
	3.85847 4.77673,
	3.85406 4.74142,
	"/>
</Transform>

<Transform dim="6"
 xcoef=" 0.0378746464318156 1.0081619887597 -0.021891705946757 0 0 0"
 ycoef=" 0.000292458085248304 0.0132164509415794 0.986712221313614 0 0 0">
<Contour name="d03" hidden="false" closed="true" simplified="true" border="0 1 0" fill="0 1 0" mode="9"
 points="3.19929 2.09059,
	3.21559 2.0616,
	3.22284 2.04711,
	3.22827 2.03986,
	3.25726 2.02175,
	3.31523 1.97464,
	3.34421 1.95109,
	3.36958 1.92211,
	3.39856 1.89856,
	3.41305 1.88769,
	3.4203 1.88225,
	3.44929 1.87138,
	3.45653 1.86776,
	3.48552 1.87138,
	3.50001 1.87319,
	3.61595 1.90943,
	3.7319 1.92935,
	3.78987 1.94385,
	3.81885 1.95109,
	3.87682 1.95653,
	3.90581 1.95834,
	3.9203 1.96015,
	3.94929 1.97646,
	3.96378 1.9837,
	3.99096 2.01088,
	4.00545 2.02537,
	4.03987 2.08334,
	4.05617 2.14131,
	4.06885 2.1703,
	4.06704 2.19928,
	4.06704 2.21378,
	4.07972 2.24276,
	4.08154 2.24638,
	4.05617 2.30436,
	3.98733 2.4203,
	3.97827 2.43479,
	3.95472 2.46378,
	3.94023 2.47646,
	3.93298 2.48189,
	3.93117 2.48552,
	3.93661 2.5145,
	3.94023 2.52175,
	3.96922 2.53081,
	3.98371 2.53443,
	3.99096 2.53624,
	4.01269 2.56341,
	4.02175 2.57791,
	4.02719 2.58515,
	4.03262 2.61414,
	4.03443 2.62139,
	4.03625 2.62501,
	4.01088 2.65399,
	3.9819 2.67755,
	3.95291 2.66124,
	3.93842 2.65399,
	3.82248 2.5761,
	3.76451 2.55798,
	3.75001 2.55254,
	3.63407 2.52537,
	3.60508 2.51994,
	3.59784 2.51812,
	3.56885 2.4982,
	3.54349 2.47102,
	3.52175 2.44204,
	3.51632 2.43479,
	3.51269 2.43117,
	3.51088 2.40218,
	3.51088 2.39494,
	3.4819 2.36957,
	3.4674 2.35689,
	3.46016 2.34965,
	3.45653 2.34602,
	3.46197 2.31704,
	3.46378 2.30979,
	3.48552 2.2808,
	3.5145 2.25544,
	3.52719 2.22646,
	3.53624 2.19747,
	3.52537 2.18298,
	3.52175 2.17573,
	3.50907 2.16124,
	3.48008 2.15943,
	3.46559 2.15762,
	3.4511 2.15218,
	3.44385 2.14856,
	3.43479 2.11957,
	3.40581 2.10508,
	3.34784 2.08696,
	3.31885 2.08878,
	3.30436 2.09059,
	3.28987 2.09602,
	3.26088 2.11233,
	3.23189 2.11595,
	3.22827 2.11595,
	3.2011 2.0924,
	"/>
</Transform>

<Transform dim="6"
 xcoef=" 0.0378746464318156 1.0081619887597 -0.021891705946757 0 0 0"
 ycoef=" 0.000292458085248304 0.0132164509415794 0.986712221313614 0 0 0">
<Contour name="d01c34" hidden="false" closed="true" simplified="true" border="0 1 0" fill="0 1 0" mode="9"
 points="5.50905 3.89417,
	5.53981 3.84803,
	5.56441 3.8265,
	5.57672 3.81727,
	5.60133 3.81419,
	5.62593 3.81727,
	5.62286 3.84188,
	5.61978 3.85418,
	5.61978 3.86033,
	5.61363 3.86648,
	5.61671 3.9157,
	5.62286 3.94031,
	5.62286 3.96491,
	5.61978 3.97722,
	5.59517 3.98952,
	5.54596 3.99567,
	5.52135 3.99567,
	5.5152 3.98952,
	5.5152 3.94031,
	5.5152 3.928,
	5.50905 3.9157,
	5.50905 3.90339,
	5.50905 3.89724,
	"/>
</Transform>

<Transform dim="6"
 xcoef=" 0.0478746464318153 1.0081619887597 -0.021891705946757 0 0 0"
 ycoef=" -0.00970754191475171 0.0132164509415794 0.986712221313614 0 0 0">
<Contour name="d01cfa34" hidden="false" closed="true" simplified="true" border="0 1 0" fill="0 1 0" mode="9"
 points="5.50905 3.89417,
	5.53981 3.84803,
	5.56441 3.8265,
	5.57672 3.81727,
	5.60133 3.81419,
	5.62593 3.81727,
	5.62286 3.84188,
	5.61978 3.85418,
	5.61978 3.86033,
	5.61363 3.86648,
	5.61671 3.9157,
	5.62286 3.94031,
	5.62286 3.96491,
	5.61978 3.97722,
	5.59517 3.98952,
	5.54596 3.99567,
	5.52135 3.99567,
	5.5152 3.98952,
	5.5152 3.94031,
	5.5152 3.928,
	5.50905 3.9157,
	5.50905 3.90339,
	5.50905 3.89724,
	"/>
<Contour name="d01cfa34" hidden="false" closed="false" simplified="false" border="0 1 1" fill="0 1 1" mode="9"
 points="5.63112 3.96804,
	5.62189 3.92805,
	5.61881 3.86038,
	5.61574 3.81116,
	"/>
</Transform>

<Transform dim="6"
 xcoef=" 0.0378746464318156 1.0081619887597 -0.021891705946757 0 0 0"
 ycoef=" 0.000292458085248304 0.0132164509415794 0.986712221313614 0 0 0">
<Contour name="d03" hidden="false" closed="true" simplified="true" border="0 1 0" fill="0 1 0" mode="9"
 points="3.29888 3.3906,
	3.30837 3.3653,
	3.32735 3.34632,
	3.37795 3.31153,
	3.38428 3.30837,
	3.40009 3.33367,
	3.39693 3.38428,
	3.39693 3.40958,
	3.39693 3.42223,
	3.38744 3.43488,
	3.36214 3.44121,
	3.33683 3.44121,
	3.32418 3.44121,
	3.31153 3.43488,
	3.30204 3.42223,
	3.29888 3.39693,
	3.29888 3.39377,
	"/>
</Transform>

<Transform dim="6"
 xcoef=" 0.0378746464318156 1.0081619887597 -0.021891705946757 0 0 0"
 ycoef=" 0.000292458085248304 0.0132164509415794 0.986712221313614 0 0 0">
<Contour name="d03" hidden="false" closed="true" simplified="true" border="0 1 0" fill="0 1 0" mode="9"
 points="3.14706 1.82498,
	3.15971 1.79968,
	3.18185 1.77437,
	3.1945 1.76488,
	3.20083 1.75856,
	3.25144 1.7554,
	3.26409 1.7554,
	3.27041 1.74907,
	3.28307 1.75856,
	3.28939 1.78386,
	3.28623 1.88507,
	3.29255 1.91038,
	3.29255 1.93568,
	3.29255 1.94833,
	3.28623 1.96098,
	3.26092 1.9768,
	3.23562 1.97996,
	3.21032 1.9768,
	3.18502 1.96098,
	3.17236 1.94833,
	3.14706 1.89773,
	3.14706 1.84712,
	3.14706 1.83447,
	3.14706 1.82814,
	"/>
</Transform>

<Transform dim="6"
 xcoef=" 0.0378746464318156 1.0081619887597 -0.021891705946757 0 0 0"
 ycoef=" 0.000292458085248304 0.0132164509415794 0.986712221313614 0 0 0">
<Contour name="d06" hidden="true" closed="true" simplified="true" border="0 0 1" fill="0 0 1" mode="11"
 points="2.1563 7.08206,
	2.16311 7.05481,
	2.16311 7.04119,
	2.17333 7.01393,
	2.22102 6.96624,
	2.23124 6.95262,
	2.25849 6.93558,
	2.313 6.93218,
	2.3164 6.98668,
	2.3164 7.00031,
	2.29937 7.02756,
	2.27553 7.08206,
	2.25849 7.10931,
	2.24487 7.12294,
	2.22784 7.14338,
	2.20058 7.16041,
	2.18696 7.16723,
	2.17333 7.16723,
	2.16652 7.16723,
	2.1563 7.1536,
	2.1563 7.0991,
	2.1563 7.08547,
	"/>
</Transform>

<Transform dim="6"
 xcoef=" 0.0378746464318156 1.0081619887597 -0.021891705946757 0 0 0"
 ycoef=" 0.000292458085248304 0.0132164509415794 0.986712221313614 0 0 0">
<Contour name="d06p25" hidden="false" closed="true" simplified="false" border="1 1 0" fill="1 1 0" mode="9"
 points="2.8866 7.28548,
	2.8866 7.20738,
	2.8085 7.20738,
	2.8085 7.27572,
	2.79874 7.28548,
	2.79874 7.19762,
	2.89636 7.19762,
	2.89636 7.29525,
	2.79874 7.29525,
	2.8085 7.28548,
	"/>
</Transform>

<Transform dim="6"
 xcoef=" 0.0378746464318156 1.0081619887597 -0.021891705946757 0 0 0"
 ycoef=" 0.000292458085248304 0.0132164509415794 0.986712221313614 0 0 0">
<Contour name="d06c26" hidden="false" closed="true" simplified="true" border="0 1 0" fill="0 1 0" mode="11"
 points="2.1015 7.06086,
	2.12299 7.03078,
	2.15737 7.00929,
	2.19175 6.9964,
	2.20464 7.00929,
	2.20034 7.02648,
	2.20464 7.06086,
	2.20894 7.07805,
	2.20464 7.14682,
	2.17456 7.1769,
	2.14018 7.1769,
	2.12299 7.1769,
	2.11439 7.1769,
	2.1015 7.15971,
	2.1015 7.09095,
	2.1015 7.07376,
	2.1015 7.06516,
	"/>
<Contour name="d06cfa26" hidden="false" closed="false" simplified="false" border="0 1 1" fill="0 1 1" mode="11"
 points="2.15126 7.17542,
	2.14696 7.14104,
	2.15985 7.05079,
	2.18134 6.99492,
	"/>
</Transform>

<Transform dim="6"
 xcoef=" 0.0378746464318156 1.0081619887597 -0.021891705946757 0 0 0"
 ycoef=" 0.000292458085248304 0.0132164509415794 0.986712221313614 0 0 0">
<Contour name="d01p33" hidden="false" closed="true" simplified="false" border="1 0 0.5" fill="1 0 0.5" mode="-13"
 points="4.90594 4.34349,
	4.94512 4.34349,
	4.92553 4.3794,
	"/>
</Transform>

<Transform dim="6"
 xcoef=" 0.0378746464318156 1.0081619887597 -0.021891705946757 0 0 0"
 ycoef=" 0.000292458085248304 0.0132164509415794 0.986712221313614 0 0 0">
<Contour name="d01p37a" hidden="false" closed="true" simplified="false" border="1 0 1" fill="1 0 1" mode="-13"
 points="4.00828 4.95064,
	4.00828 4.93758,
	4.02134 4.92453,
	4.0344 4.92453,
	4.04745 4.93758,
	4.04745 4.95064,
	4.0344 4.9637,
	4.02134 4.9637,
	"/>
<Contour name="d01p37b" hidden="false" closed="true" simplified="false" border="1 0 1" fill="1 0 1" mode="-13"
 points="4.00828 4.95064,
	4.00828 4.93758,
	4.02134 4.92453,
	4.0344 4.92453,
	4.04745 4.93758,
	4.04745 4.95064,
	4.0344 4.9637,
	4.02134 4.9637,
	"/>
</Transform>

<Transform dim="6"
 xcoef=" 0.0378746464318156 1.0081619887597 -0.021891705946757 0 0 0"
 ycoef=" 0.000292458085248304 0.0132164509415794 0.986712221313614 0 0 0">
<Contour name="d01p38" hidden="false" closed="true" simplified="false" border="1 0 0" fill="1 0 0" mode="-13"
 points="4.91247 4.94085,
	4.89289 4.94085,
	4.89289 4.95064,
	4.90268 4.96043,
	4.93206 4.97023,
	4.91247 4.98002,
	4.90268 4.9996,
	4.8831 4.98002,
	4.8733 4.96043,
	4.8733 4.94085,
	4.85372 4.94085,
	4.8831 4.92126,
	"/>
</Transform>

<Transform dim="6"
 xcoef=" 0.0378746464318156 1.0081619887597 -0.021891705946757 0 0 0"
 ycoef=" 0.000292458085248304 0.0132164509415794 0.986712221313614 0 0 0">
<Contour name="d03p32" hidden="false" closed="true" simplified="false" border="0.5 0 1" fill="0.5 0 1" mode="9"
 points="3.59605 2.02267,
	3.58724 2.01973,
	3.59605 2.01679,
	3.59018 2.00797,
	3.59899 2.01385,
	3.60193 2.00503,
	3.60487 2.01385,
	3.61369 2.00797,
	3.60781 2.01679,
	3.61662 2.01973,
	3.60781 2.02267,
	3.61369 2.03148,
	3.60487 2.0256,
	3.60193 2.03442,
	3.59899 2.0256,
	3.59018 2.03148,
	"/>
</Transform>

<Transform dim="6"
 xcoef=" 0.0378746464318156 1.0081619887597 -0.021891705946757 0 0 0"
 ycoef=" 0.000292458085248304 0.0132164509415794 0.986712221313614 0 0 0">
<Contour name="d03p33" hidden="false" closed="true" simplified="false" border="1 0 0.5" fill="1 0 0.5" mode="-13"
 points="3.84584 2.50755,
	3.88111 2.50755,
	3.86347 2.53987,
	"/>
</Transform>

<Transform dim="6"
 xcoef=" 0.0378746464318156 1.0081619887597 -0.021891705946757 0 0 0"
 ycoef=" 0.000292458085248304 0.0132164509415794 0.986712221313614 0 0 0">
<Contour name="d06cfa32" hidden="false" closed="false" simplified="false" border="1 1 0" fill="0 1 1" mode="11"
 points="3.13921 6.79902,
	3.10073 6.8033,
	3.04943 6.8033,
	3.01095 6.78192,
	"/>
</Transform>

<Transform dim="0"
 xcoef=" 0 1 0 0 0 0"
 ycoef=" 0 0 1 0 0 0">
<Contour name="d06p32" hidden="false" closed="true" simplified="false" border="0 1 1" fill="0 1 1" mode="-13"
 points="3.13872 6.94823,
	3.14833 6.93805,
	3.10809 6.89834,
	3.11771 6.88816,
	3.15796 6.92786,
	3.16758 6.91766,
	3.16824 6.94784,
	"/>
</Transform>

<Transform dim="0"
 xcoef=" 0 1 0 0 0 0"
 ycoef=" 0 0 1 0 0 0">
<Contour name="d06c32" comment="25jul2016KH" hidden="false" closed="true" simplified="true" border="0 1 0" fill="0 1 0" mode="11"
 points="3.10048 6.83024,
	3.10859 6.8128,
	3.12546 6.80825,
	3.15947 6.81212,
	3.17642 6.81189,
	3.21062 6.82444,
	3.2191 6.82432,
	3.22409 6.85892,
	3.22447 6.87624,
	3.21618 6.88502,
	3.18236 6.88981,
	3.14834 6.88593,
	3.13129 6.88183,
	3.10096 6.8519,
	3.10058 6.83458,
	"/>
</Transform>

<Transform dim="0"
 xcoef=" 0 1 0 0 0 0"
 ycoef=" 0 0 1 0 0 0">
<Contour name="ax04" comment="LK bouton trace named after cfa" hidden="false" closed="true" simplified="true" border="0 1 1" fill="0.502 1 1" mode="9"
 points="3.19885 4.70647,
	3.20335 4.69926,
	3.20605 4.69206,
	3.20875 4.68846,
	3.21325 4.67406,
	3.21505 4.66686,
	3.23485 4.63806,
	3.23845 4.63086,
	3.23935 4.62366,
	3.24115 4.62006,
	3.24295 4.56245,
	3.24745 4.54805,
	3.25375 4.53365,
	3.25645 4.53005,
	3.28525 4.51655,
	3.31406 4.51385,
	3.32126 4.51385,
	3.32306 4.51385,
	3.33656 4.49945,
	3.34106 4.49225,
	3.34196 4.48865,
	3.34466 4.48505,
	3.34556 4.48145,
	3.35096 4.47425,
	3.35816 4.46885,
	3.36176 4.46525,
	3.36356 4.46165,
	3.37796 4.44905,
	3.38426 4.44184,
	3.38606 4.43824,
	3.40046 4.42474,
	3.40766 4.42024,
	3.41487 4.41754,
	3.41847 4.41574,
	3.42027 4.41394,
	3.43467 4.41034,
	3.46347 4.40764,
	3.47787 4.40764,
	3.48507 4.40764,
	3.51387 4.41484,
	3.52827 4.41484,
	3.54267 4.41664,
	3.55708 4.41664,
	3.56428 4.41664,
	3.59308 4.40674,
	3.60748 4.40134,
	3.62188 4.39864,
	3.62908 4.39774,
	3.65788 4.40404,
	3.67228 4.40494,
	3.68669 4.40764,
	3.69029 4.40854,
	3.69749 4.41394,
	3.70829 4.42834,
	3.71459 4.44274,
	3.71909 4.47155,
	3.72269 4.47875,
	3.73529 4.49315,
	3.73979 4.50035,
	3.74249 4.50755,
	3.74429 4.52195,
	3.74249 4.53635,
	3.73709 4.55075,
	3.73259 4.55795,
	3.71819 4.57145,
	3.70559 4.58586,
	3.69929 4.59306,
	3.67048 4.60836,
	3.65608 4.61466,
	3.64888 4.61826,
	3.63448 4.62996,
	3.63088 4.63356,
	3.62368 4.64796,
	3.62098 4.66236,
	3.61288 4.67676,
	3.59848 4.69116,
	3.59128 4.69566,
	3.57958 4.71007,
	3.56518 4.72087,
	3.56068 4.72807,
	3.55618 4.74247,
	3.55348 4.74967,
	3.54898 4.75687,
	3.54267 4.76317,
	3.52827 4.76947,
	3.51387 4.77037,
	3.50667 4.77217,
	3.49227 4.78027,
	3.48507 4.78657,
	3.47067 4.79287,
	3.44187 4.81807,
	3.42747 4.82887,
	3.41306 4.83698,
	3.38426 4.84688,
	3.36986 4.85678,
	3.36266 4.86398,
	3.34826 4.87298,
	3.34106 4.87568,
	3.32666 4.87568,
	3.31946 4.87478,
	3.31586 4.87208,
	3.31226 4.87118,
	3.28525 4.84328,
	3.27085 4.83157,
	3.24205 4.81267,
	3.23845 4.80997,
	3.23755 4.80637,
	3.23755 4.80457,
	3.23395 4.80097,
	3.22585 4.78657,
	3.20155 4.72897,
	3.19885 4.72177,
	3.19885 4.70737,
	"/>
</Transform>

<Transform dim="0"
 xcoef=" 0 1 0 0 0 0"
 ycoef=" 0 0 1 0 0 0">
<Contour name="ax12" comment="LK bouton trace named after cfa" hidden="false" closed="true" simplified="true" border="0 1 1" fill="0.502 1 1" mode="9"
 points="1.68665 2.03705,
	1.68865 2.03303,
	1.68916 2.03103,
	1.69167 2.02701,
	1.69317 2.023,
	1.69367 2.02099,
	1.69919 2.01296,
	1.70371 2.00493,
	1.70823 1.98887,
	1.70973 1.98084,
	1.71124 1.97683,
	1.71124 1.97482,
	1.71475 1.96679,
	1.72027 1.95876,
	1.7283 1.95223,
	1.74436 1.93618,
	1.76042 1.92865,
	1.76444 1.92815,
	1.76644 1.92714,
	1.77046 1.92714,
	1.77849 1.92363,
	1.78652 1.91861,
	1.79053 1.9161,
	1.80659 1.90054,
	1.81211 1.89251,
	1.82817 1.88248,
	1.86029 1.86591,
	1.87635 1.86039,
	1.88438 1.85889,
	1.8884 1.85738,
	1.89241 1.85688,
	1.90847 1.85036,
	1.9165 1.84684,
	1.92052 1.84634,
	1.92453 1.84484,
	1.95665 1.84032,
	1.97271 1.83781,
	2.00483 1.8363,
	2.02089 1.8353,
	2.02892 1.8343,
	2.03695 1.83179,
	2.04498 1.82827,
	2.06104 1.82275,
	2.06907 1.81874,
	2.0771 1.81774,
	2.08513 1.81774,
	2.10119 1.81523,
	2.10922 1.81372,
	2.12528 1.8077,
	2.13331 1.80619,
	2.13732 1.80469,
	2.14535 1.80368,
	2.16141 1.79816,
	2.17747 1.79164,
	2.17948 1.79114,
	2.18149 1.79164,
	2.21361 1.78511,
	2.24572 1.7821,
	2.25375 1.7826,
	2.25777 1.78411,
	2.26178 1.78712,
	2.27433 1.80318,
	2.28136 1.81121,
	2.28939 1.81673,
	2.2934 1.81924,
	2.30143 1.82225,
	2.31749 1.82476,
	2.32552 1.82526,
	2.32954 1.82526,
	2.3456 1.83078,
	2.36166 1.83932,
	2.36969 1.84534,
	2.37771 1.85287,
	2.37972 1.85688,
	2.38022 1.8609,
	2.38073 1.8629,
	2.37771 1.87093,
	2.37571 1.87495,
	2.3727 1.87896,
	2.36918 1.88699,
	2.36667 1.89101,
	2.35112 1.90707,
	2.3476 1.91108,
	2.34509 1.9151,
	2.34459 1.93116,
	2.34509 1.93919,
	2.3471 1.94722,
	2.3476 1.95123,
	2.3476 1.95324,
	2.35413 1.9693,
	2.35664 1.97331,
	2.36366 1.98134,
	2.36718 1.98536,
	2.36868 1.98737,
	2.37671 1.99088,
	2.38474 1.9954,
	2.4008 2.00694,
	2.40883 2.01246,
	2.41686 2.01898,
	2.41887 2.02049,
	2.41987 2.02149,
	2.41987 2.0225,
	2.42338 2.02651,
	2.4279 2.03454,
	2.42941 2.03856,
	2.43392 2.04659,
	2.43443 2.04859,
	2.43944 2.05662,
	2.44145 2.06064,
	2.44246 2.06867,
	2.44145 2.08473,
	2.43844 2.09276,
	2.43794 2.09677,
	2.43744 2.09878,
	2.43894 2.10681,
	2.44045 2.11082,
	2.44346 2.11484,
	2.44496 2.11685,
	2.44547 2.11885,
	2.44798 2.12287,
	2.44948 2.12688,
	2.45199 2.1309,
	2.45299 2.13291,
	2.4535 2.14094,
	2.45299 2.14294,
	2.44898 2.14646,
	2.43292 2.15549,
	2.42489 2.16001,
	2.42088 2.16252,
	2.41285 2.17004,
	2.40883 2.17406,
	2.40482 2.17707,
	2.39829 2.1851,
	2.39026 2.19213,
	2.38825 2.19614,
	2.38524 2.20016,
	2.38123 2.20417,
	2.37922 2.20618,
	2.37119 2.2107,
	2.36316 2.21371,
	2.35513 2.21872,
	2.35312 2.22023,
	2.35112 2.22425,
	2.35061 2.22826,
	2.35162 2.23629,
	2.35413 2.24432,
	2.35413 2.25235,
	2.35112 2.26038,
	2.34911 2.26439,
	2.34509 2.26841,
	2.34309 2.27042,
	2.34108 2.27142,
	2.34008 2.27142,
	2.33807 2.27293,
	2.33004 2.27443,
	2.32201 2.27443,
	2.32 2.27443,
	2.3195 2.27443,
	2.31247 2.27192,
	2.31046 2.27092,
	2.30946 2.27092,
	2.30846 2.26992,
	2.2924 2.26439,
	2.27634 2.25988,
	2.26028 2.25787,
	2.24422 2.25787,
	2.22816 2.25938,
	2.2121 2.26189,
	2.20407 2.26389,
	2.20005 2.2649,
	2.19805 2.2649,
	2.18199 2.26992,
	2.17396 2.27192,
	2.17195 2.27242,
	2.17095 2.27343,
	2.16693 2.27493,
	2.16492 2.27644,
	2.16191 2.27744,
	2.1579 2.27744,
	2.15388 2.27644,
	2.15188 2.27594,
	2.14385 2.27142,
	2.13983 2.27092,
	2.1318 2.2659,
	2.11574 2.25335,
	2.10771 2.24683,
	2.1057 2.24482,
	2.09767 2.2398,
	2.06556 2.21521,
	2.05753 2.20919,
	2.0495 2.20467,
	2.01738 2.19664,
	2.00935 2.19413,
	1.99329 2.1856,
	1.97723 2.17356,
	1.9692 2.16653,
	1.96518 2.16402,
	1.96117 2.16352,
	1.94511 2.15499,
	1.91299 2.1324,
	1.89693 2.12287,
	1.89291 2.12086,
	1.89091 2.11936,
	1.88288 2.11885,
	1.86682 2.12036,
	1.85076 2.12337,
	1.81864 2.12538,
	1.81061 2.12588,
	1.79455 2.12488,
	1.77849 2.12237,
	1.77046 2.12086,
	1.76243 2.11785,
	1.76042 2.11685,
	1.75239 2.11634,
	1.74838 2.11634,
	1.74035 2.11384,
	1.73633 2.11333,
	1.72027 2.10731,
	1.71626 2.1053,
	1.7017 2.09075,
	1.69819 2.08673,
	1.69066 2.07067,
	1.68765 2.06265,
	1.68665 2.04659,
	1.68665 2.03856,
	1.68665 2.03755,
	"/>
</Transform>

<Transform dim="0"
 xcoef=" 0 1 0 0 0 0"
 ycoef=" 0 0 1 0 0 0">
<Contour name="d03" hidden="false" closed="true" simplified="true" border="0 1 0" fill="0 1 0" mode="9"
 points="4.59746 2.65957,
	4.61258 2.63372,
	4.63718 2.61095,
	4.6873 2.60708,
	4.71239 2.60674,
	4.72493 2.60658,
	4.73763 2.61281,
	4.76014 2.63815,
	4.77637 2.66358,
	4.78062 2.71481,
	4.77546 2.76617,
	4.76661 2.79193,
	4.75428 2.80171,
	4.72925 2.80525,
	4.70409 2.80238,
	4.69141 2.79615,
	4.64325 2.7455,
	4.62715 2.72648,
	4.6047 2.70434,
	4.59816 2.69161,
	4.5976 2.66598,
	4.59753 2.66277,
	"/>
<Contour name="d03cfa30ax13" hidden="false" closed="false" simplified="false" border="0 1 1" fill="0 1 1" mode="9"
 points="4.71105 2.79452,
	4.65678 2.73262,
	4.59446 2.68507,
	"/>
</Transform>

<Transform dim="0"
 xcoef=" 0 1 0 0 0 0"
 ycoef=" 0 0 1 0 0 0">
<Contour name="ax13" comment="LK bouton trace named after cfa" hidden="false" closed="true" simplified="true" border="0 1 1" fill="0.502 1 1" mode="9"
 points="4.36 2.87586,
	4.36827 2.86029,
	4.37508 2.84473,
	4.39357 2.8136,
	4.39892 2.80581,
	4.40038 2.80192,
	4.41108 2.78636,
	4.41789 2.77857,
	4.42567 2.77176,
	4.42957 2.76836,
	4.43735 2.76349,
	4.44124 2.76203,
	4.44319 2.76106,
	4.44416 2.76009,
	4.45194 2.75863,
	4.46751 2.75376,
	4.47529 2.75084,
	4.49086 2.7416,
	4.49475 2.73917,
	4.50934 2.7236,
	4.5108 2.72166,
	4.51858 2.71679,
	4.52637 2.71339,
	4.52831 2.71242,
	4.53026 2.7129,
	4.54583 2.70561,
	4.54972 2.70415,
	4.5575 2.70269,
	4.56091 2.6988,
	4.5682 2.69442,
	4.57209 2.69247,
	4.57988 2.6915,
	4.58377 2.6915,
	4.58571 2.6915,
	4.60128 2.69928,
	4.60906 2.70463,
	4.61636 2.71193,
	4.61977 2.71582,
	4.63095 2.73139,
	4.65674 2.76252,
	4.68689 2.79365,
	4.69419 2.80144,
	4.69614 2.80338,
	4.70052 2.81116,
	4.70343 2.81895,
	4.70538 2.82673,
	4.70635 2.83451,
	4.70927 2.8423,
	4.71657 2.85786,
	4.72289 2.87343,
	4.72532 2.88121,
	4.7263 2.889,
	4.72532 2.89678,
	4.72095 2.90456,
	4.71851 2.90845,
	4.71511 2.91234,
	4.70733 2.91818,
	4.70343 2.9211,
	4.69614 2.92888,
	4.68981 2.93667,
	4.68689 2.94056,
	4.67911 2.94688,
	4.67522 2.94834,
	4.67327 2.94931,
	4.66792 2.9571,
	4.66014 2.96488,
	4.64506 2.97899,
	4.63776 2.98628,
	4.63387 2.98872,
	4.62998 2.99212,
	4.61441 3.00234,
	4.60663 3.0072,
	4.60323 3.01012,
	4.59107 3.02569,
	4.58377 3.03347,
	4.57599 3.03931,
	4.57209 3.04271,
	4.55653 3.0539,
	4.5502 3.06168,
	4.54777 3.06557,
	4.53366 3.08114,
	4.53026 3.08503,
	4.52248 3.09136,
	4.51469 3.09573,
	4.50691 3.10108,
	4.50302 3.104,
	4.50107 3.10546,
	4.49913 3.10595,
	4.49718 3.10741,
	4.4894 3.10887,
	4.47383 3.10887,
	4.46994 3.10741,
	4.46216 3.10254,
	4.45827 3.1006,
	4.45048 3.09963,
	4.44854 3.09865,
	4.43297 3.09817,
	4.42519 3.09914,
	4.4213 3.09914,
	4.4174 3.1006,
	4.41351 3.10108,
	4.40962 3.10254,
	4.39405 3.10254,
	4.38627 3.10157,
	4.37849 3.09622,
	4.37168 3.08844,
	4.36827 3.08455,
	4.36827 3.08357,
	4.3673 3.0826,
	4.36681 3.08065,
	4.36535 3.07871,
	4.3639 3.07093,
	4.36438 3.06314,
	4.36535 3.05925,
	4.36925 3.05147,
	4.37168 3.04368,
	4.37508 3.0359,
	4.37849 3.02034,
	4.378 3.01644,
	4.378 3.0145,
	4.3746 3.00671,
	4.37216 3.00282,
	4.36973 2.99504,
	4.36876 2.97947,
	4.36876 2.97753,
	4.36681 2.97364,
	4.36535 2.96585,
	4.36535 2.96391,
	4.36341 2.96002,
	4.36292 2.94445,
	4.36292 2.93667,
	4.36195 2.92888,
	4.36195 2.9211,
	4.36098 2.91721,
	4.36 2.88608,
	4.36 2.87829,
	4.36 2.87635,
	"/>
</Transform>

<Transform dim="0"
 xcoef=" 0 1 0 0 0 0"
 ycoef=" 0 0 1 0 0 0">
<Contour name="ax14" comment="LK bouton trace named after cfa" hidden="false" closed="true" simplified="true" border="0 1 1" fill="0.502 1 1" mode="9"
 points="2.55179 2.65183,
	2.55621 2.64298,
	2.55842 2.63856,
	2.56671 2.63083,
	2.56892 2.62861,
	2.57335 2.61977,
	2.575 2.61093,
	2.57556 2.59324,
	2.57777 2.5844,
	2.58219 2.57556,
	2.58882 2.56727,
	2.59048 2.56505,
	2.59048 2.56395,
	2.59269 2.56229,
	2.59656 2.55345,
	2.59822 2.54461,
	2.59656 2.53576,
	2.5949 2.53134,
	2.59158 2.52692,
	2.58772 2.51808,
	2.58495 2.50923,
	2.58329 2.50481,
	2.58164 2.49597,
	2.58108 2.47828,
	2.58385 2.46944,
	2.58772 2.4606,
	2.5938 2.45175,
	2.59711 2.44733,
	2.60153 2.44457,
	2.61038 2.44346,
	2.61922 2.44346,
	2.62806 2.44733,
	2.63248 2.44788,
	2.64133 2.45175,
	2.64354 2.45286,
	2.66122 2.45396,
	2.67891 2.45286,
	2.68775 2.45341,
	2.70544 2.45949,
	2.71428 2.46336,
	2.72313 2.46833,
	2.73197 2.47552,
	2.7491 2.4932,
	2.75297 2.49652,
	2.75629 2.50094,
	2.76126 2.50979,
	2.76347 2.51421,
	2.76402 2.52305,
	2.76237 2.53189,
	2.75795 2.54074,
	2.75463 2.54958,
	2.75297 2.55842,
	2.75242 2.56284,
	2.75297 2.57169,
	2.75352 2.57611,
	2.75684 2.58053,
	2.76126 2.5844,
	2.76347 2.58606,
	2.76568 2.58661,
	2.7701 2.58993,
	2.77563 2.59877,
	2.78116 2.61646,
	2.78282 2.6253,
	2.78337 2.64298,
	2.78171 2.65183,
	2.78005 2.65625,
	2.77729 2.66067,
	2.77342 2.66509,
	2.77176 2.6673,
	2.76292 2.67228,
	2.75408 2.67615,
	2.74523 2.67891,
	2.74081 2.67946,
	2.7386 2.68112,
	2.73418 2.68167,
	2.73197 2.68333,
	2.71428 2.68941,
	2.70986 2.69162,
	2.70765 2.69217,
	2.70323 2.69494,
	2.70212 2.69494,
	2.6977 2.6977,
	2.69328 2.69936,
	2.68444 2.69936,
	2.66675 2.69549,
	2.65791 2.69715,
	2.64906 2.70378,
	2.64022 2.71262,
	2.6358 2.71649,
	2.63359 2.7187,
	2.62917 2.72091,
	2.62032 2.72313,
	2.60264 2.72423,
	2.5938 2.72368,
	2.58495 2.72091,
	2.57611 2.71594,
	2.57169 2.71262,
	2.56727 2.7082,
	2.56505 2.70599,
	2.56395 2.70378,
	2.56008 2.69991,
	2.55621 2.69107,
	2.554 2.68665,
	2.55234 2.66896,
	2.55179 2.66012,
	2.55179 2.6557,
	2.55179 2.65349,
	2.55179 2.65238,
	"/>
</Transform>

<Transform dim="0"
 xcoef=" 0 1 0 0 0 0"
 ycoef=" 0 0 1 0 0 0">
<Contour name="ax16" comment="LK bouton trace named after cfa" hidden="false" closed="true" simplified="true" border="0 1 1" fill="0.502 1 1" mode="9"
 points="3.5769 7.48006,
	3.58258 7.46708,
	3.58258 7.46059,
	3.58501 7.4541,
	3.60124 7.42815,
	3.60935 7.41517,
	3.61341 7.40868,
	3.6199 7.40381,
	3.62314 7.40138,
	3.62638 7.40057,
	3.65234 7.38029,
	3.6783 7.35838,
	3.70426 7.33486,
	3.72211 7.3089,
	3.73265 7.29592,
	3.73427 7.2943,
	3.74725 7.28538,
	3.74888 7.28375,
	3.76185 7.27889,
	3.7651 7.27645,
	3.76834 7.27564,
	3.76997 7.27402,
	3.77646 7.2724,
	3.77808 7.2724,
	3.7797 7.27077,
	3.79268 7.26834,
	3.81864 7.26591,
	3.84379 7.26672,
	3.85676 7.27077,
	3.86325 7.27321,
	3.88921 7.27564,
	3.90219 7.27726,
	3.91517 7.28294,
	3.91923 7.28943,
	3.92491 7.30241,
	3.92653 7.3089,
	3.92734 7.33486,
	3.92653 7.34784,
	3.92247 7.36082,
	3.91517 7.3738,
	3.91111 7.38029,
	3.89814 7.39245,
	3.89489 7.3957,
	3.88191 7.40219,
	3.86893 7.40705,
	3.86244 7.40949,
	3.84946 7.41922,
	3.84297 7.4249,
	3.83811 7.43139,
	3.83648 7.43464,
	3.82351 7.44599,
	3.82026 7.44843,
	3.81702 7.44924,
	3.80404 7.45897,
	3.79187 7.47114,
	3.78619 7.47763,
	3.7797 7.4825,
	3.77646 7.48493,
	3.7505 7.49304,
	3.73752 7.49629,
	3.72454 7.50115,
	3.71156 7.50927,
	3.70507 7.5117,
	3.69858 7.51575,
	3.69209 7.51819,
	3.67911 7.51981,
	3.67262 7.52062,
	3.64666 7.51738,
	3.63369 7.51494,
	3.62071 7.51089,
	3.61746 7.50845,
	3.61097 7.50764,
	3.60773 7.50764,
	3.6061 7.50602,
	3.59313 7.50278,
	3.58664 7.49953,
	3.58015 7.49304,
	3.57771 7.4898,
	3.5769 7.48331,
	3.5769 7.48087,
	"/>
<Contour name="d06" hidden="true" closed="true" simplified="true" border="0 0 1" fill="0 0 1" mode="11"
 points="2.72322 7.01292,
	2.73614 6.98513,
	2.73921 6.97129,
	2.7853 6.91543,
	2.80159 6.88759,
	2.85114 6.83514,
	2.87801 6.82788,
	2.89137 6.8208,
	3.10756 6.8179,
	3.13511 6.84169,
	3.14202 6.84851,
	3.19598 6.84433,
	3.24966 6.82636,
	3.30423 6.84979,
	3.35835 6.85252,
	3.3859 6.87631,
	3.39663 6.90379,
	3.40369 6.9175,
	3.40849 7.13839,
	3.41088 7.24883,
	3.4081 7.27649,
	3.3789 7.33212,
	3.36261 7.35995,
	3.34932 7.37049,
	3.34272 7.37748,
	3.23455 7.37548,
	3.20738 7.36893,
	3.09929 7.37038,
	3.04524 7.37111,
	3.01829 7.37492,
	3.00831 7.38196,
	2.96552 7.43432,
	2.93901 7.45885,
	2.92581 7.47283,
	2.89879 7.47319,
	2.87153 7.4632,
	2.85075 7.43931,
	2.83671 7.41533,
	2.82965 7.40162,
	2.82905 7.374,
	2.83213 7.36016,
	2.84842 7.33232,
	2.8515 7.31847,
	2.85811 7.31148,
	2.85751 7.28387,
	2.84339 7.25643,
	2.77005 7.14694,
	2.76638 7.13318,
	2.73876 7.10593,
	2.72833 7.09226,
	2.72375 7.03709,
	2.72345 7.02328,
	2.7233 7.01638,
	"/>
</Transform>

<Transform dim="0"
 xcoef=" 0 1 0 0 0 0"
 ycoef=" 0 0 1 0 0 0">
<Contour name="ax16" comment="LK bouton trace named after cfa" hidden="false" closed="true" simplified="true" border="0 1 1" fill="0.502 1 1" mode="9"
 points="2.74423 7.59245,
	2.75138 7.57815,
	2.76122 7.56384,
	2.77463 7.54953,
	2.78894 7.53791,
	2.79609 7.53165,
	2.8247 7.51645,
	2.83901 7.5084,
	2.84616 7.50482,
	2.86047 7.4932,
	2.87209 7.47889,
	2.90071 7.45296,
	2.90786 7.44849,
	2.93648 7.44581,
	2.96509 7.44581,
	2.9794 7.44938,
	2.98297 7.45028,
	2.99013 7.4476,
	3.00443 7.43418,
	3.01159 7.42792,
	3.02589 7.42256,
	3.05451 7.41719,
	3.06166 7.41541,
	3.09027 7.41451,
	3.10458 7.41272,
	3.13319 7.41183,
	3.1475 7.41183,
	3.16181 7.4163,
	3.17611 7.42256,
	3.20473 7.42435,
	3.21188 7.42435,
	3.21546 7.42435,
	3.22977 7.43239,
	3.23334 7.43418,
	3.2405 7.44044,
	3.25659 7.46906,
	3.2852 7.49141,
	3.29236 7.49588,
	3.30577 7.51019,
	3.30756 7.51376,
	3.32187 7.52807,
	3.34333 7.55669,
	3.3621 7.5853,
	3.36836 7.59961,
	3.38267 7.61391,
	3.38893 7.62107,
	3.39608 7.64968,
	3.39787 7.65683,
	3.39787 7.65862,
	3.41218 7.66846,
	3.42648 7.67293,
	3.44079 7.67382,
	3.4694 7.67025,
	3.47298 7.67025,
	3.48729 7.6765,
	3.49444 7.68187,
	3.49981 7.68902,
	3.50517 7.70333,
	3.50607 7.71764,
	3.50249 7.72479,
	3.49712 7.73194,
	3.48282 7.74625,
	3.4542 7.76324,
	3.4399 7.77308,
	3.42559 7.78649,
	3.41665 7.8008,
	3.41218 7.80795,
	3.39787 7.82226,
	3.38356 7.83209,
	3.36926 7.83924,
	3.3621 7.84282,
	3.3478 7.85623,
	3.33975 7.87054,
	3.32634 7.88485,
	3.29772 7.90988,
	3.28342 7.91972,
	3.27626 7.92509,
	3.26196 7.93135,
	3.2548 7.93224,
	3.2405 7.93045,
	3.23334 7.92777,
	3.22619 7.92687,
	3.21904 7.92419,
	3.20473 7.9224,
	3.17611 7.9233,
	3.16896 7.92509,
	3.15465 7.92509,
	3.14035 7.9233,
	3.12604 7.91793,
	3.11173 7.91704,
	3.09743 7.91793,
	3.08312 7.92061,
	3.07597 7.9224,
	3.06166 7.9224,
	3.04735 7.91436,
	3.03394 7.90005,
	3.03126 7.8929,
	3.03126 7.87859,
	3.03394 7.84997,
	3.03215 7.83567,
	3.02858 7.82851,
	3.02142 7.82583,
	2.96419 7.82404,
	2.93558 7.82494,
	2.90697 7.82404,
	2.90339 7.82404,
	2.89624 7.82047,
	2.88193 7.81063,
	2.86762 7.79811,
	2.8399 7.7695,
	2.83365 7.75519,
	2.83096 7.74804,
	2.83096 7.74089,
	2.81218 7.71227,
	2.7952 7.68366,
	2.79072 7.6765,
	2.78447 7.66935,
	2.78089 7.6622,
	2.75853 7.63358,
	2.74959 7.61928,
	2.74602 7.61212,
	2.74423 7.59782,
	2.74423 7.59424,
	2.74423 7.59335,
	"/>
</Transform>

<Transform dim="0"
 xcoef=" 0 1 0 0 0 0"
 ycoef=" 0 0 1 0 0 0">
<Contour name="d07" hidden="true" closed="true" simplified="true" border="1 0 1" fill="1 0 1" mode="9"
 points="5.41386 8.50677,
	5.42245 8.48827,
	5.49339 8.44137,
	5.50239 8.44125,
	5.52567 8.4777,
	5.53036 8.48683,
	5.50398 8.51475,
	5.49089 8.53331,
	5.45532 8.55217,
	5.41924 8.54805,
	5.41395 8.51136,
	"/>
<Contour name="d07" hidden="true" closed="true" simplified="true" border="1 0 1" fill="1 0 1" mode="9"
 points="4.11645 7.78888,
	4.14633 7.71496,
	4.15901 7.67802,
	4.18979 7.64544,
	4.26103 7.61232,
	4.40492 7.6104,
	4.47586 7.56349,
	4.51183 7.56301,
	4.52082 7.56289,
	4.52692 7.63634,
	4.49603 7.66432,
	4.47826 7.67375,
	4.45657 7.71081,
	4.44338 7.72477,
	4.44048 7.79833,
	4.46346 7.821,
	4.47245 7.82088,
	4.49074 7.83442,
	4.52691 7.84313,
	4.59995 7.8927,
	4.63202 7.91984,
	4.66808 7.92395,
	4.70017 7.95109,
	4.70995 7.98773,
	4.77849 8.03736,
	4.79678 8.0509,
	4.82535 8.12404,
	4.82615 8.16079,
	4.82655 8.17917,
	4.80487 8.21623,
	4.80107 8.24845,
	4.81486 8.26205,
	4.8868 8.26108,
	4.95824 8.23715,
	5.02948 8.20403,
	5.10043 8.15712,
	5.1359 8.13367,
	5.17186 8.13319,
	5.19015 8.14672,
	5.22642 8.16003,
	5.23102 8.16456,
	5.22222 8.17387,
	5.20423 8.17411,
	5.20044 8.20633,
	5.19635 8.22477,
	5.17006 8.25729,
	5.15287 8.29428,
	5.14468 8.33116,
	5.14627 8.40466,
	5.14667 8.42303,
	5.08472 8.46982,
	5.05395 8.5024,
	5.04985 8.52083,
	5.04106 8.53014,
	5.04186 8.5669,
	5.04675 8.58522,
	5.05594 8.59427,
	5.20003 8.60154,
	5.20902 8.60142,
	5.22741 8.61955,
	5.2366 8.62862,
	5.2329 8.66543,
	5.2243 8.68393,
	5.19353 8.71651,
	5.17595 8.73513,
	5.1045 8.75906,
	5.06853 8.75954,
	5.05054 8.75979,
	5.01427 8.74649,
	4.99609 8.73754,
	4.97771 8.7194,
	4.96342 8.68283,
	4.95733 8.60939,
	4.93405 8.57293,
	4.92486 8.56386,
	4.91506 8.52724,
	4.91427 8.49048,
	4.89019 8.41728,
	4.85802 8.38554,
	4.82164 8.36765,
	4.78568 8.36813,
	4.77668 8.36825,
	4.76749 8.35918,
	4.7622 8.32249,
	4.7483 8.3043,
	4.73912 8.29523,
	4.70315 8.29571,
	4.68506 8.29135,
	4.64839 8.25968,
	4.57645 8.26064,
	4.54039 8.25653,
	4.50411 8.24323,
	4.48572 8.2251,
	4.46755 8.21615,
	4.43157 8.21663,
	4.39531 8.20333,
	4.32326 8.1997,
	4.30528 8.19994,
	4.23644 8.13652,
	4.22274 8.12751,
	4.19497 8.09113,
	4.19338 8.01762,
	4.19258 7.98087,
	4.1693 7.94442,
	4.1689 7.92604,
	4.15971 7.91698,
	4.15481 7.89866,
	4.13153 7.8622,
	4.11725 7.82564,
	4.11655 7.79348,
	"/>
<Contour name="d07" hidden="true" closed="true" simplified="true" border="1 0 1" fill="1 0 1" mode="9"
 points="4.12051 8.59762,
	4.1381 8.579,
	4.20924 8.54128,
	4.21804 8.53197,
	4.28968 8.51723,
	4.30346 8.53083,
	4.30876 8.56752,
	4.25181 8.63721,
	4.24321 8.65571,
	4.24361 8.67409,
	4.23042 8.68805,
	4.19445 8.68853,
	4.15828 8.67983,
	4.14009 8.67088,
	4.12171 8.65275,
	4.12091 8.61599,
	4.12061 8.60221,
	"/>
<Contour name="d07cfa34ax22" hidden="false" closed="false" simplified="false" border="0 1 1" fill="0 1 1" mode="9"
 points="5.17541 8.59592,
	5.16075 8.59611,
	5.1094 8.5968,
	5.05789 8.58999,
	5.03866 8.54902,
	5.04852 8.49641,
	5.09148 8.4471,
	5.11985 8.40174,
	5.11528 8.36058,
	5.11398 8.30062,
	5.12783 8.26295,
	5.15987 8.21754,
	"/>
<Contour name="d07cfa34ax22" hidden="false" closed="false" simplified="false" border="0 1 1" fill="0 1 1" mode="9"
 points="4.95161 8.59517,
	4.9394 8.5391,
	4.93491 8.50167,
	4.90036 8.43092,
	4.85553 8.39404,
	4.80386 8.37974,
	"/>
<Contour name="d07p34" hidden="false" closed="true" simplified="false" border="1 0 0" fill="1 0 0" mode="-13"
 points="4.73244 8.24974,
	4.74435 8.23198,
	4.73168 8.21454,
	4.73905 8.21445,
	4.74923 8.22939,
	4.75874 8.21418,
	4.76612 8.21408,
	4.7542 8.23185,
	4.76689 8.24928,
	4.7595 8.24938,
	4.74934 8.23443,
	4.73982 8.24964,
	"/>
</Transform>

<Transform dim="0"
 xcoef=" 0 1 0 0 0 0"
 ycoef=" 0 0 1 0 0 0">
<Contour name="ax22" comment="LK bouton trace named after cfa" hidden="false" closed="true" simplified="true" border="0 1 1" fill="0.502 1 1" mode="9"
 points="5.0524 8.51498,
	5.05933 8.49915,
	5.06823 8.48332,
	5.09494 8.45167,
	5.10879 8.43584,
	5.11769 8.42001,
	5.12165 8.40418,
	5.12462 8.37252,
	5.12462 8.35669,
	5.13056 8.32503,
	5.14144 8.29338,
	5.1543 8.26172,
	5.15826 8.2538,
	5.15925 8.24985,
	5.17211 8.23402,
	5.17507 8.2261,
	5.18695 8.21027,
	5.19288 8.20236,
	5.20871 8.19049,
	5.21663 8.18554,
	5.23245 8.17862,
	5.24828 8.16773,
	5.2562 8.16081,
	5.26016 8.15784,
	5.29181 8.14993,
	5.30764 8.143,
	5.31556 8.13805,
	5.31753 8.13608,
	5.33336 8.13212,
	5.34919 8.12618,
	5.35315 8.1242,
	5.36898 8.12223,
	5.40064 8.12223,
	5.43229 8.11926,
	5.44812 8.11728,
	5.45604 8.11431,
	5.46 8.11134,
	5.47582 8.1064,
	5.49165 8.10343,
	5.52331 8.10244,
	5.53123 8.10244,
	5.53518 8.10244,
	5.55101 8.09551,
	5.55893 8.09255,
	5.57476 8.09354,
	5.58267 8.09452,
	5.58663 8.09551,
	5.59454 8.10046,
	5.60938 8.11629,
	5.61927 8.13212,
	5.63411 8.16378,
	5.63906 8.17961,
	5.64203 8.19543,
	5.64203 8.19939,
	5.645 8.20731,
	5.64599 8.21522,
	5.65687 8.24688,
	5.65984 8.26271,
	5.65786 8.27854,
	5.65786 8.28249,
	5.64994 8.29832,
	5.63807 8.31415,
	5.62224 8.32998,
	5.59355 8.36164,
	5.58564 8.36955,
	5.56981 8.38044,
	5.55398 8.39429,
	5.53815 8.40319,
	5.50649 8.42396,
	5.49858 8.42792,
	5.46692 8.44969,
	5.45109 8.45859,
	5.44318 8.46354,
	5.42933 8.47838,
	5.4135 8.51003,
	5.40954 8.51795,
	5.3947 8.5318,
	5.37887 8.54268,
	5.37096 8.54664,
	5.367 8.54862,
	5.36106 8.55653,
	5.35711 8.56049,
	5.3482 8.57632,
	5.34227 8.58324,
	5.32644 8.58621,
	5.31061 8.58225,
	5.3027 8.57929,
	5.29478 8.5783,
	5.27895 8.58028,
	5.26312 8.58423,
	5.25521 8.58621,
	5.19189 8.58819,
	5.16023 8.58819,
	5.12858 8.58621,
	5.11275 8.58324,
	5.09692 8.57632,
	5.08109 8.56544,
	5.06526 8.5506,
	5.0613 8.54664,
	5.05339 8.53081,
	5.0524 8.51597,
	"/>
<Contour name="ax22" comment="LK bouton trace named after cfa" hidden="false" closed="true" simplified="true" border="0 1 1" fill="0.502 1 1" mode="9"
 points="4.16103 8.76627,
	4.17785 8.73461,
	4.18181 8.72669,
	4.19566 8.71086,
	4.21149 8.69998,
	4.22732 8.68613,
	4.24018 8.6703,
	4.24611 8.66239,
	4.25007 8.65843,
	4.25304 8.65052,
	4.25897 8.61886,
	4.25996 8.61094,
	4.26491 8.59512,
	4.27876 8.56346,
	4.28865 8.5318,
	4.29459 8.51597,
	4.29657 8.51201,
	4.30053 8.48036,
	4.30646 8.4487,
	4.31339 8.43287,
	4.32922 8.41704,
	4.34504 8.40913,
	4.3767 8.39824,
	4.44002 8.37945,
	4.47168 8.37351,
	4.4875 8.36955,
	4.50333 8.36757,
	4.51125 8.36658,
	4.51916 8.36757,
	4.53499 8.37549,
	4.54291 8.37945,
	4.55874 8.38142,
	4.56665 8.38241,
	4.57456 8.38538,
	4.58248 8.39033,
	4.59039 8.3933,
	4.59435 8.39429,
	4.60226 8.39231,
	4.61809 8.38439,
	4.62601 8.38142,
	4.63392 8.38044,
	4.64975 8.38835,
	4.66558 8.4022,
	4.68141 8.41308,
	4.69724 8.41803,
	4.70515 8.41902,
	4.72098 8.41704,
	4.75264 8.39824,
	4.76847 8.38637,
	4.77638 8.38142,
	4.7843 8.38044,
	4.80013 8.38241,
	4.80804 8.38439,
	4.82387 8.39231,
	4.8397 8.39527,
	4.84366 8.39527,
	4.87531 8.41209,
	4.89114 8.42792,
	4.90005 8.44375,
	4.9139 8.47541,
	4.91686 8.48332,
	4.91983 8.49915,
	4.92973 8.53081,
	4.94555 8.56247,
	4.9505 8.57038,
	4.95347 8.57434,
	4.95644 8.59017,
	4.95446 8.62183,
	4.95347 8.63766,
	4.95446 8.65348,
	4.9505 8.68514,
	4.94951 8.69306,
	4.93269 8.72471,
	4.91983 8.74054,
	4.88817 8.7722,
	4.88026 8.77913,
	4.86443 8.78803,
	4.8486 8.79891,
	4.83277 8.81276,
	4.81793 8.82859,
	4.80507 8.84442,
	4.79914 8.85234,
	4.78331 8.86421,
	4.76748 8.8741,
	4.75956 8.88103,
	4.63293 8.94533,
	4.6171 8.95226,
	4.60919 8.95423,
	4.57753 8.96907,
	4.5617 8.976,
	4.55379 8.97996,
	4.52213 8.98787,
	4.5063 8.98985,
	4.47464 8.99677,
	4.44299 8.99776,
	4.41133 8.9948,
	4.40737 8.99381,
	4.39154 8.99776,
	4.37571 9.00667,
	4.3678 9.0126,
	4.35197 9.01953,
	4.33614 9.01656,
	4.33218 9.0126,
	4.32526 8.99677,
	4.32427 8.98886,
	4.33416 8.9572,
	4.33317 8.94929,
	4.31833 8.91763,
	4.31537 8.90972,
	4.31339 8.89389,
	4.31339 8.88993,
	4.30053 8.85827,
	4.28569 8.82661,
	4.28074 8.8187,
	4.24908 8.80188,
	4.23325 8.79891,
	4.20159 8.80782,
	4.19368 8.8098,
	4.18577 8.80782,
	4.18181 8.80782,
	4.17785 8.80584,
	4.16499 8.79001,
	4.16202 8.77418,
	4.16103 8.76725,
	"/>
</Transform>

<Transform dim="0"
 xcoef=" 0 1 0 0 0 0"
 ycoef=" 0 0 1 0 0 0">
<Contour name="ax23" comment="LK bouton trace named after cfa" hidden="false" closed="true" simplified="true" border="0 1 1" fill="0.502 1 1" mode="9"
 points="3.6536 9.38728,
	3.65493 9.38463,
	3.66555 9.376,
	3.67617 9.37068,
	3.71866 9.36404,
	3.73991 9.36338,
	3.76115 9.36803,
	3.77178 9.37135,
	3.77709 9.37334,
	3.77908 9.376,
	3.7897 9.38131,
	3.81095 9.38861,
	3.81626 9.39127,
	3.82688 9.3999,
	3.8302 9.40521,
	3.83087 9.41052,
	3.8302 9.41583,
	3.82555 9.42645,
	3.81626 9.43708,
	3.79501 9.45368,
	3.77377 9.4716,
	3.76315 9.47957,
	3.75252 9.48621,
	3.7419 9.48953,
	3.72065 9.49019,
	3.71003 9.49019,
	3.70472 9.49019,
	3.68347 9.48554,
	3.68082 9.48422,
	3.67949 9.48289,
	3.67684 9.48222,
	3.66621 9.47492,
	3.66156 9.47027,
	3.65957 9.46762,
	3.65825 9.46629,
	3.65825 9.45567,
	3.65957 9.45301,
	3.65692 9.44239,
	3.65559 9.42114,
	3.65559 9.41052,
	3.6536 9.38927,
	3.6536 9.38795,
	"/>
</Transform>

<Transform dim="0"
 xcoef=" 0 1 0 0 0 0"
 ycoef=" 0 0 1 0 0 0">
<Contour name="d03c30ax13" hidden="false" closed="true" simplified="true" border="0 1 0" fill="0 1 0" mode="9"
 points="4.56403 2.73935,
	4.59054 2.69693,
	4.6038 2.67572,
	4.60446 2.67505,
	4.6893 2.73471,
	4.73172 2.76453,
	4.74232 2.77249,
	4.65748 2.83611,
	4.65682 2.83678,
	4.57596 2.75194,
	4.56602 2.74133,
	4.56469 2.74001,
	"/>
</Transform>

<Transform dim="6"
 xcoef=" -0.952480080850892 1.15462572980482 0.0818240051005566 0 0 0"
 ycoef=" -1.5367483103363 0.0730461752711006 1.03698747258489 0 0 0">
<Image mag="0.00217507" contrast="0.983535" brightness="0.075" red="true" green="true" blue="true"
 src="FHLTD.200.jpg" />
<Contour name="domain1" hidden="false" closed="true" simplified="false" border="1 0 1" fill="1 0 1" mode="11"
 points="0 0,
	4096 0,
	4096 4096,
	0 4096,
	"/>
</Transform>

<Transform dim="0"
 xcoef=" 0 1 0 0 0 0"
 ycoef=" 0 0 1 0 0 0">
<Contour name="d07c34ax22" hidden="false" closed="true" simplified="true" border="0 1 0" fill="0 1 0" mode="9"
 points="5.00595 8.59827,
	5.02663 8.45898,
	5.06472 8.31968,
	5.10172 8.25003,
	5.12022 8.21521,
	5.13002 8.19779,
	5.19966 8.24241,
	5.20837 8.24785,
	5.21272 8.25003,
	5.2149 8.25221,
	5.17463 8.3915,
	5.16484 8.42633,
	5.16157 8.43503,
	5.14743 8.45245,
	5.11587 8.48727,
	5.10825 8.49598,
	5.1039 8.50033,
	5.10281 8.50468,
	5.10934 8.53951,
	5.10934 8.54168,
	5.14416 8.5493,
	5.16157 8.55365,
	5.17028 8.55583,
	5.17463 8.55692,
	5.17681 8.55801,
	5.1779 8.62765,
	5.1779 8.63636,
	5.1779 8.64071,
	5.1779 8.64289,
	5.17355 8.64398,
	5.1039 8.63636,
	5.06907 8.6331,
	5.06037 8.63201,
	5.05601 8.63201,
	5.02119 8.61133,
	5.01248 8.60589,
	5.00813 8.60371,
	5.00595 8.60154,
	5.00595 8.59936,
	"/>
</Transform>

<Transform dim="0"
 xcoef=" 0 1 0 0 0 0"
 ycoef=" 0 0 1 0 0 0">
<Contour name="d07c34ax22" hidden="false" closed="true" simplified="true" border="0 1 0" fill="0 1 0" mode="9"
 points="4.78535 8.42037,
	4.81178 8.35998,
	4.81838 8.34488,
	4.81933 8.34299,
	4.87972 8.35998,
	4.88727 8.36186,
	4.90237 8.37508,
	4.93257 8.40433,
	4.94766 8.41848,
	4.94955 8.42226,
	4.97126 8.54305,
	4.97692 8.57325,
	4.97975 8.58835,
	4.98069 8.59023,
	4.97975 8.59212,
	4.91935 8.60627,
	4.86085 8.48549,
	4.85613 8.47888,
	4.79573 8.42981,
	4.78818 8.42415,
	4.78535 8.42132,
	"/>
</Transform>

</Section>