<?xml version="1.0"?>
<!DOCTYPE Section SYSTEM "section.dtd">

<Section index="211" thickness="0.045" alignLocked="true">
<Transform dim="6"
 xcoef=" -1.13975310490667 1.13927282604891 0.105036040998034 0 0 0"
 ycoef=" -1.82209672546605 0.0678754645923564 1.03665468522481 0 0 0">
<Image mag="0.00217507" contrast="1.41901" brightness="-0.18" red="true" green="true" blue="true"
 src="FHLTD.211.jpg" />
<Contour name="domain1" hidden="false" closed="true" simplified="false" border="1 0 1" fill="1 0 1" mode="11"
 points="0 0,
	4096 0,
	4096 4096,
	0 4096,
	"/>
</Transform>

<Transform dim="0"
 xcoef=" 0 1 0 0 0 0"
 ycoef=" 0 0 1 0 0 0">
<Contour name="D04" hidden="false" closed="true" simplified="true" border="1 0 0" fill="1 0 0" mode="11"
 points="6.97093 7.8012,
	6.97291 7.76165,
	6.9805 7.72288,
	6.99354 7.68574,
	7.01175 7.65105,
	7.03474 7.61956,
	7.062 7.59195,
	7.09292 7.56884,
	7.12685 7.55072,
	7.16304 7.53798,
	7.2007 7.53091,
	7.23901 7.52967,
	7.27714 7.53427,
	7.31424 7.54462,
	7.34951 7.5605,
	7.38219 7.58154,
	7.41156 7.60731,
	7.43698 7.63722,
	7.45789 7.67065,
	7.47383 7.70684,
	7.48447 7.74501,
	7.48957 7.78434,
	7.48901 7.82395,
	7.48282 7.863,
	7.47111 7.90062,
	7.45416 7.936,
	7.43232 7.96836,
	7.40608 7.997,
	7.37601 8.02129,
	7.34277 8.0407,
	7.30707 8.0548,
	7.2697 8.06331,
	7.23147 8.06602,
	7.19322 8.06288,
	7.15579 8.05394,
	7.11999 8.03942,
	7.08659 8.01963,
	7.05634 7.99499,
	7.02987 7.96606,
	7.00778 7.93345,
	6.99056 7.89788,
	6.97857 7.86012,
	"/>
<Contour name="D05" hidden="false" closed="true" simplified="true" border="1 1 0" fill="1 1 0" mode="11"
 points="2.11607 3.57326,
	2.12614 3.49974,
	2.15854 3.43312,
	2.21013 3.37989,
	2.27582 3.34528,
	2.3492 3.33268,
	2.42309 3.34331,
	2.49025 3.37614,
	2.54411 3.42795,
	2.57939 3.49367,
	2.59265 3.56688,
	2.58258 3.64039,
	2.55017 3.70701,
	2.49859 3.76024,
	2.43289 3.79485,
	2.35951 3.80745,
	2.28563 3.79682,
	2.21847 3.76399,
	2.1646 3.71218,
	"/>
<Contour name="d01" hidden="true" closed="true" simplified="true" border="1 0.5 0" fill="1 0.5 0" mode="9"
 points="3.82055 5.13521,
	3.84833 5.06648,
	3.86013 5.03214,
	3.86357 4.99792,
	3.86738 4.98078,
	3.90008 4.94616,
	3.92033 4.91598,
	3.93687 4.90721,
	3.94903 4.88996,
	3.95285 4.87282,
	3.97728 4.84259,
	3.98526 4.8254,
	4.05178 4.80741,
	4.06841 4.80292,
	4.08485 4.78988,
	4.11811 4.78089,
	4.12665 4.78932,
	4.19344 4.78415,
	4.21017 4.78392,
	4.21853 4.78381,
	4.25141 4.75774,
	4.38434 4.71751,
	4.41742 4.69998,
	4.48403 4.68626,
	4.51756 4.69009,
	4.55138 4.70673,
	4.58129 4.73623,
	4.5862 4.77034,
	4.58277 4.80457,
	4.61639 4.81266,
	4.64956 4.7994,
	4.666 4.78637,
	4.69935 4.78165,
	4.83358 4.80121,
	4.86712 4.80503,
	4.93391 4.79987,
	4.96744 4.80369,
	4.98426 4.80774,
	4.97665 4.84201,
	4.96865 4.85922,
	4.96038 4.8636,
	4.96112 4.89777,
	4.95732 4.91491,
	4.94096 4.93221,
	4.92499 4.96661,
	4.92118 4.98375,
	4.92137 4.99229,
	4.9131 4.99668,
	4.91384 5.03084,
	4.90158 5.04383,
	4.86831 5.05282,
	4.80217 5.08788,
	4.76892 5.09688,
	4.76056 5.09699,
	4.73195 5.12728,
	4.71551 5.14031,
	4.70751 5.1575,
	4.69098 5.16628,
	4.68252 5.16211,
	4.65391 5.1924,
	4.58749 5.21466,
	4.57086 5.21915,
	4.53816 5.25377,
	4.52581 5.26248,
	4.49171 5.23303,
	4.45818 5.2292,
	4.42511 5.24674,
	4.39176 5.25145,
	4.37503 5.25168,
	4.34188 5.26494,
	4.30899 5.29101,
	4.2423 5.30045,
	4.20876 5.29663,
	4.14113 5.26335,
	4.1076 5.25954,
	4.09078 5.25549,
	4.07862 5.27275,
	4.01127 5.25228,
	3.87601 5.18574,
	3.8422 5.16909,
	3.82529 5.16078,
	3.82074 5.14375,
	3.82064 5.13948,
	"/>
<Contour name="d03" hidden="false" closed="true" simplified="true" border="0 1 0" fill="0 1 0" mode="9"
 points="4.57447 2.61179,
	4.58045 2.59889,
	4.59293 2.59551,
	4.6181 2.59839,
	4.64346 2.61087,
	4.69378 2.6166,
	4.79415 2.61526,
	4.8446 2.62741,
	4.85088 2.62733,
	4.87325 2.64625,
	4.88294 2.65894,
	4.90524 2.67468,
	4.92148 2.7001,
	4.93116 2.71279,
	4.93758 2.71912,
	4.93814 2.74475,
	4.93242 2.77048,
	4.92329 2.78342,
	4.91088 2.79,
	4.86069 2.79067,
	4.83561 2.791,
	4.81038 2.78494,
	4.78481 2.76284,
	4.77204 2.75339,
	4.76877 2.74702,
	4.7625 2.74711,
	4.71776 2.70925,
	4.67008 2.68103,
	4.62227 2.64641,
	4.61586 2.64008,
	4.59077 2.64042,
	4.57809 2.63418,
	4.57467 2.62141,
	4.57453 2.615,
	"/>
<Contour name="d03" hidden="false" closed="true" simplified="true" border="0 1 0" fill="0 1 0" mode="9"
 points="2.76893 1.81537,
	2.78412 1.79273,
	2.80552 1.76681,
	2.83025 1.75044,
	2.84253 1.73746,
	2.85494 1.73089,
	3.05566 1.7282,
	3.10598 1.73393,
	3.15644 1.74607,
	3.20711 1.76783,
	3.21972 1.77088,
	3.226 1.77079,
	3.27694 1.80537,
	3.30232 1.81785,
	3.30656 1.86908,
	3.30357 1.87553,
	3.25331 1.873,
	3.15254 1.85511,
	3.10207 1.84297,
	3.07678 1.83369,
	3.02652 1.83116,
	3.0015 1.8347,
	2.97662 1.84465,
	2.97035 1.84473,
	2.96421 1.85123,
	2.91431 1.86472,
	2.86468 1.89102,
	2.8398 1.90098,
	2.78969 1.90485,
	2.78342 1.90493,
	2.77373 1.89224,
	2.76948 1.84102,
	2.769 1.81859,
	"/>
<Contour name="d03" hidden="false" closed="true" simplified="true" border="0 1 0" fill="0 1 0" mode="9"
 points="3.54277 1.76655,
	3.56103 1.74065,
	3.61052 1.70794,
	3.62285 1.69816,
	3.64515 1.71389,
	3.64884 1.73948,
	3.64313 1.7652,
	3.63713 1.7781,
	3.63727 1.78451,
	3.62501 1.7975,
	3.61902 1.8104,
	3.59413 1.82035,
	3.58173 1.82693,
	3.55643 1.81765,
	3.54681 1.80817,
	3.54312 1.78257,
	3.54284 1.76975,
	"/>
<Contour name="d03c32" hidden="false" closed="true" simplified="true" border="1 0 0" fill="1 0 0" mode="9"
 points="2.79505 1.90623,
	2.80038 1.89477,
	2.82217 1.87171,
	2.86616 1.84551,
	2.90726 1.81365,
	2.92935 1.80481,
	3.0184 1.80077,
	3.06296 1.80018,
	3.1525 1.8189,
	3.17485 1.82145,
	3.18618 1.82983,
	3.19174 1.82976,
	3.20307 1.83815,
	3.24769 1.8404,
	3.27009 1.84578,
	3.28723 1.86548,
	3.29027 1.87683,
	3.28216 1.88832,
	3.10392 1.89071,
	3.01475 1.88905,
	2.99253 1.8922,
	2.9484 1.91272,
	2.93745 1.9214,
	2.93188 1.92147,
	2.90992 1.936,
	2.8656 1.94798,
	2.84338 1.95112,
	2.82105 1.94858,
	2.80984 1.94588,
	2.79846 1.93465,
	2.79518 1.91192,
	2.79511 1.90907,
	"/>
<Contour name="d03cfa32" hidden="false" closed="false" simplified="false" border="0 1 1" fill="0 1 1" mode="9"
 points="3.29279 1.87996,
	3.25355 1.86909,
	3.1697 1.85599,
	3.11363 1.83966,
	3.04679 1.84056,
	2.99115 1.84415,
	2.9276 1.86777,
	2.84511 1.91726,
	2.79201 1.90943,
	"/>
<Contour name="d06" hidden="true" closed="true" simplified="true" border="0 0 1" fill="0 0 1" mode="11"
 points="2.55057 7.15333,
	2.56348 7.12554,
	2.58323 7.10111,
	2.59276 7.07336,
	2.59036 6.96292,
	2.59343 6.94907,
	2.6396 6.89666,
	2.65252 6.86887,
	2.69186 6.81311,
	2.71835 6.78859,
	2.82517 6.72847,
	2.87847 6.69323,
	2.90526 6.68252,
	2.91863 6.67544,
	2.94513 6.65091,
	2.97245 6.66436,
	2.98611 6.67108,
	2.99287 6.67099,
	3.0033 6.68465,
	3.00698 6.69841,
	3.02071 6.70859,
	3.04773 6.70822,
	3.0614 6.71494,
	3.08895 6.73875,
	3.14367 6.76909,
	3.15725 6.77235,
	3.20559 6.82003,
	3.23306 6.84038,
	3.2604 6.85383,
	3.28449 6.87422,
	3.33905 6.89765,
	3.36653 6.918,
	3.38019 6.92472,
	3.39401 6.93835,
	3.40106 6.95207,
	3.39888 7.00733,
	3.38259 7.03516,
	3.37305 7.06291,
	3.3732 7.06982,
	3.36337 7.08375,
	3.35677 7.09075,
	3.34723 7.1185,
	3.34078 7.13239,
	3.3386 7.18766,
	3.34318 7.24283,
	3.35391 7.27031,
	3.35511 7.32553,
	3.34617 7.38089,
	3.32312 7.40881,
	3.31329 7.42276,
	3.29077 7.47484,
	3.26757 7.49587,
	3.25414 7.4995,
	3.22989 7.47221,
	3.12157 7.4633,
	3.01341 7.46129,
	2.95913 7.45166,
	2.90471 7.43513,
	2.87754 7.4286,
	2.87063 7.42178,
	2.86388 7.42187,
	2.83648 7.40497,
	2.80886 7.37773,
	2.78822 7.36075,
	2.73657 7.31655,
	2.7091 7.2962,
	2.65386 7.24171,
	2.62983 7.22477,
	2.57564 7.2186,
	2.56182 7.20497,
	2.55117 7.18094,
	2.55064 7.15678,
	"/>
<Contour name="d06" hidden="true" closed="true" simplified="true" border="0 0 1" fill="0 0 1" mode="11"
 points="2.63046 6.4756,
	2.6502 6.45117,
	2.67662 6.4232,
	2.73068 6.42248,
	2.7577 6.42212,
	2.78502 6.43555,
	2.79545 6.44923,
	2.82277 6.46266,
	2.82397 6.51789,
	2.82457 6.5455,
	2.81167 6.57329,
	2.80859 6.58715,
	2.79875 6.60108,
	2.78922 6.62883,
	2.76603 6.64985,
	2.73899 6.65021,
	2.72519 6.6366,
	2.71445 6.60912,
	2.69697 6.58173,
	2.6451 6.52719,
	2.63466 6.51352,
	2.63068 6.48595,
	2.63053 6.47905,
	"/>
<Contour name="d06c27" hidden="false" closed="true" simplified="true" border="0 1 0" fill="0 1 0" mode="11"
 points="2.63152 6.50629,
	2.63967 6.48876,
	2.65662 6.48418,
	2.691 6.49679,
	2.72556 6.5181,
	2.74289 6.53094,
	2.7516 6.53953,
	2.75311 6.60919,
	2.74905 6.61796,
	2.74052 6.61808,
	2.73219 6.62689,
	2.69819 6.63171,
	2.63284 6.56725,
	2.63209 6.53242,
	2.63171 6.51501,
	2.63162 6.51065,
	"/>
<Contour name="d06cfa27" hidden="false" closed="false" simplified="false" border="0 1 1" fill="0 1 1" mode="11"
 points="2.72183 6.62553,
	2.63377 6.49606,
	"/>
<Contour name="d07" hidden="true" closed="true" simplified="true" border="1 0 1" fill="1 0 1" mode="9"
 points="4.19416 8.46796,
	4.21594 8.4355,
	4.21884 8.36193,
	4.23603 8.32494,
	4.24422 8.28807,
	4.24263 8.21457,
	4.24183 8.17781,
	4.30787 8.11259,
	4.32966 8.08013,
	4.32197 7.93318,
	4.31588 7.85974,
	4.31508 7.82299,
	4.31469 7.80461,
	4.34456 7.73068,
	4.37973 7.69345,
	4.41511 7.6654,
	4.43289 7.65597,
	4.50493 7.65961,
	4.52302 7.66396,
	4.53221 7.67303,
	4.56837 7.68173,
	4.58227 7.69993,
	4.60035 7.70428,
	4.63712 7.74056,
	4.64481 7.8875,
	4.6542 7.90576,
	4.69087 7.93743,
	4.69987 7.93731,
	4.73204 7.96905,
	4.73813 8.04249,
	4.73892 8.07925,
	4.73932 8.09762,
	4.71754 8.13008,
	4.68226 8.16272,
	4.61112 8.20044,
	4.57555 8.2193,
	4.50391 8.23404,
	4.48622 8.24806,
	4.47723 8.24818,
	4.45955 8.2622,
	4.38821 8.29074,
	4.3839 8.29999,
	4.37492 8.30011,
	4.31796 8.3698,
	4.30517 8.40213,
	4.31886 8.41114,
	4.33685 8.4109,
	4.36902 8.44264,
	4.35582 8.45661,
	4.35173 8.47504,
	4.32105 8.51222,
	4.24921 8.51777,
	4.23112 8.51342,
	4.19446 8.48175,
	4.19426 8.47256,
	"/>
<Contour name="d07" hidden="true" closed="true" simplified="true" border="1 0 1" fill="1 0 1" mode="9"
 points="3.80437 8.74431,
	3.81297 8.72581,
	3.83055 8.70719,
	3.86622 8.69293,
	3.93717 8.64603,
	3.95495 8.6366,
	4.09893 8.63926,
	4.1349 8.63878,
	4.17057 8.62452,
	4.17956 8.6244,
	4.20284 8.66085,
	4.21674 8.67904,
	4.22283 8.75249,
	4.21873 8.77093,
	4.18326 8.79438,
	4.16557 8.8084,
	4.1296 8.80888,
	4.09333 8.79558,
	3.94935 8.79292,
	3.87751 8.79847,
	3.84173 8.80814,
	3.82376 8.80838,
	3.80547 8.79485,
	3.80467 8.75809,
	3.80447 8.7489,
	"/>
<Contour name="d07p37" hidden="false" closed="true" simplified="false" border="1 0 1" fill="1 0 1" mode="-13"
 points="4.33817 8.22987,
	4.33795 8.21982,
	4.34758 8.20963,
	4.35743 8.20949,
	4.36749 8.21942,
	4.3677 8.22947,
	4.35809 8.23967,
	4.34824 8.2398,
	"/>
<Contour name="ax12" hidden="false" closed="true" simplified="true" border="0 1 1" fill="0.502 1 1" mode="9"
 points="2.04049 2.13321,
	2.05886 2.12288,
	2.07723 2.10566,
	2.08526 2.08729,
	2.08871 2.0781,
	2.08985 2.05973,
	2.08182 2.04137,
	2.07149 2.023,
	2.06919 2.01841,
	2.06689 2.00004,
	2.07034 1.99085,
	2.07837 1.98167,
	2.08297 1.97822,
	2.1197 1.97593,
	2.13807 1.97937,
	2.14726 1.98626,
	2.15185 1.98856,
	2.18399 2.02529,
	2.19318 2.04366,
	2.19777 2.05285,
	2.19892 2.07121,
	2.1817 2.10795,
	2.15529 2.14469,
	2.1484 2.15387,
	2.13922 2.15961,
	2.12085 2.16535,
	2.08411 2.1665,
	2.04738 2.17454,
	2.04508 2.17454,
	2.03934 2.17109,
	2.0359 2.1665,
	2.0336 2.15732,
	2.03475 2.14813,
	2.03819 2.13895,
	2.03819 2.13551,
	"/>
<Contour name="ax12" hidden="false" closed="true" simplified="true" border="0 1 1" fill="0.502 1 1" mode="9"
 points="0.872512 2.21457,
	0.887436 2.1962,
	0.892028 2.19161,
	0.901213 2.18587,
	0.905805 2.18243,
	0.914989 2.18013,
	0.917285 2.17783,
	0.92647 2.17554,
	0.944838 2.17554,
	0.94943 2.17669,
	0.958615 2.18243,
	0.963207 2.18587,
	0.965503 2.18587,
	0.983872 2.2008,
	0.993056 2.20768,
	1.00109 2.21687,
	1.03783 2.24672,
	1.04701 2.25246,
	1.08375 2.26968,
	1.10212 2.2846,
	1.11934 2.30182,
	1.12508 2.31101,
	1.12738 2.32019,
	1.12738 2.32249,
	1.12967 2.32478,
	1.13082 2.33397,
	1.13082 2.33856,
	1.13312 2.34315,
	1.13197 2.36152,
	1.12508 2.37989,
	1.12278 2.38448,
	1.10671 2.40285,
	1.08949 2.41778,
	1.0849 2.42007,
	1.07571 2.42007,
	1.07112 2.42007,
	1.06538 2.41089,
	1.06423 2.39252,
	1.06309 2.38793,
	1.0562 2.37874,
	1.04701 2.36956,
	1.04472 2.36726,
	1.02635 2.36382,
	1.01716 2.36497,
	0.980428 2.35463,
	0.962059 2.34889,
	0.925322 2.342,
	0.916137 2.34086,
	0.911545 2.33856,
	0.909249 2.33626,
	0.904657 2.33512,
	0.895472 2.32708,
	0.89088 2.32364,
	0.886288 2.31445,
	0.886288 2.31216,
	0.883992 2.30986,
	0.882844 2.27312,
	0.882844 2.26394,
	0.877104 2.24557,
	0.87366 2.23639,
	0.872512 2.21802,
	0.872512 2.21572,
	"/>
<Contour name="ax13" comment="LK bouton trace named after cfa" hidden="false" closed="true" simplified="true" border="0 1 1" fill="0.502 1 1" mode="9"
 points="4.78186 3.074,
	4.78832 3.06367,
	4.79219 3.0585,
	4.79348 3.05592,
	4.79477 3.05463,
	4.79542 3.05204,
	4.80123 3.04235,
	4.8064 3.03719,
	4.81157 3.03331,
	4.81415 3.03137,
	4.83482 3.02814,
	4.83999 3.02685,
	4.84257 3.02685,
	4.84451 3.02556,
	4.84968 3.02556,
	4.85097 3.02556,
	4.86066 3.03266,
	4.86389 3.03719,
	4.86583 3.03977,
	4.86583 3.04106,
	4.86712 3.04235,
	4.86712 3.04364,
	4.86906 3.04558,
	4.8697 3.04817,
	4.88391 3.06819,
	4.88908 3.07853,
	4.89102 3.08369,
	4.89231 3.08498,
	4.89619 3.09532,
	4.89812 3.10049,
	4.90458 3.11018,
	4.91944 3.12891,
	4.92009 3.13149,
	4.9259 3.14183,
	4.92913 3.15216,
	4.93042 3.15475,
	4.93236 3.16508,
	4.93171 3.18575,
	4.93171 3.19092,
	4.92913 3.20125,
	4.92784 3.20642,
	4.92525 3.21159,
	4.92009 3.21611,
	4.90975 3.21805,
	4.89942 3.21805,
	4.89425 3.2174,
	4.87358 3.20707,
	4.86841 3.20319,
	4.86324 3.20061,
	4.86066 3.19932,
	4.86001 3.19802,
	4.85872 3.19802,
	4.85614 3.19544,
	4.85355 3.19479,
	4.84839 3.19092,
	4.84322 3.18833,
	4.84064 3.1864,
	4.83547 3.18446,
	4.81674 3.17025,
	4.81157 3.16573,
	4.80898 3.16443,
	4.80382 3.15991,
	4.79865 3.15668,
	4.79477 3.15281,
	4.78961 3.14764,
	4.78638 3.14247,
	4.78315 3.13214,
	4.7825 3.0908,
	4.78186 3.08046,
	4.78186 3.0753,
	4.78186 3.07465,
	"/>
<Contour name="d03" hidden="false" closed="true" simplified="true" border="0 1 0" fill="0 1 0" mode="9"
 points="3.66555 2.1106,
	3.68502 2.03354,
	3.69005 1.99508,
	3.69316 1.97583,
	3.6953 1.96621,
	3.71326 1.92756,
	3.72223 1.90824,
	3.72672 1.89858,
	3.75171 1.85985,
	3.76421 1.84048,
	3.77105 1.83078,
	3.77914 1.82468,
	3.79777 1.81723,
	3.80243 1.81597,
	3.84014 1.82147,
	3.85898 1.82361,
	4.01029 1.86838,
	4.01975 1.87185,
	4.02928 1.87773,
	4.03168 1.8801,
	4.05096 1.95664,
	4.06201 2.03329,
	4.0699 2.07158,
	4.06603 2.11004,
	4.06624 2.11963,
	4.05844 2.13894,
	4.03462 2.17766,
	4.02896 2.18733,
	4.02553 2.19218,
	4.0319 2.2689,
	4.04212 2.30715,
	4.04413 2.34553,
	4.04434 2.35513,
	4.05415 2.37419,
	4.0566 2.37896,
	4.07567 2.3919,
	4.09462 2.39886,
	4.10409 2.40233,
	4.12313 2.41407,
	4.13269 2.42114,
	4.13874 2.42946,
	4.14385 2.4486,
	4.14544 2.46777,
	4.14682 2.47735,
	4.13902 2.49666,
	4.13454 2.50632,
	4.09709 2.51282,
	4.07838 2.51667,
	4.04071 2.51238,
	3.96585 2.52658,
	3.92804 2.51629,
	3.85214 2.4825,
	3.77646 2.45831,
	3.76698 2.45484,
	3.76226 2.45371,
	3.75011 2.43467,
	3.74403 2.42515,
	3.74039 2.42039,
	3.71358 2.26715,
	3.70687 2.22885,
	3.70252 2.19051,
	3.70007 2.18574,
	3.68322 2.16676,
	3.67575 2.14766,
	3.67064 2.12853,
	3.66808 2.11896,
	3.6668 2.11419,
	3.66558 2.1118,
	"/>
<Contour name="d03" hidden="false" closed="true" simplified="true" border="0 1 0" fill="0 1 0" mode="9"
 points="3.73628 2.87626,
	3.75398 2.82473,
	3.75684 2.81187,
	3.7751 2.78598,
	3.79351 2.7665,
	3.89199 2.67863,
	3.91046 2.66236,
	3.95973 2.62003,
	3.9812 2.5973,
	4.03062 2.56138,
	4.04296 2.5516,
	4.05543 2.54823,
	4.06178 2.55135,
	4.06205 2.56416,
	4.06219 2.57058,
	4.08777 2.59267,
	4.12331 2.64028,
	4.12658 2.64664,
	4.17405 2.66524,
	4.18681 2.67468,
	4.19321 2.68101,
	4.19377 2.70665,
	4.19405 2.71946,
	4.17572 2.74215,
	4.15104 2.76171,
	4.12616 2.77166,
	4.11376 2.77823,
	4.10122 2.7784,
	4.0548 2.80788,
	4.03633 2.82415,
	4.0212 2.85,
	4.00893 2.86299,
	3.98412 2.87614,
	3.97172 2.88271,
	3.95025 2.90544,
	3.93798 2.91843,
	3.91309 2.92837,
	3.8128 2.93293,
	3.76263 2.9336,
	3.75007 2.93377,
	3.74045 2.92428,
	3.73676 2.89869,
	3.73648 2.88586,
	3.73635 2.87946,
	"/>
<Contour name="ax14" comment="LK bouton trace named after cfa" hidden="false" closed="true" simplified="true" border="0 1 1" fill="0.502 1 1" mode="9"
 points="2.7476 2.68674,
	2.75089 2.68017,
	2.75336 2.65385,
	2.75089 2.62753,
	2.75089 2.60122,
	2.75911 2.54858,
	2.76158 2.542,
	2.76323 2.52885,
	2.76898 2.50253,
	2.77967 2.47621,
	2.79283 2.4499,
	2.81915 2.42522,
	2.82573 2.41947,
	2.85204 2.40384,
	2.8652 2.39726,
	2.89152 2.38986,
	2.91784 2.38493,
	2.92441 2.38493,
	2.93099 2.38328,
	2.95731 2.38411,
	2.97047 2.38575,
	2.97705 2.38575,
	2.99021 2.38904,
	3.01652 2.39973,
	3.0231 2.40302,
	3.07573 2.41536,
	3.08889 2.41618,
	3.10205 2.42029,
	3.11521 2.42605,
	3.14153 2.44332,
	3.15468 2.45154,
	3.181 2.46141,
	3.19416 2.46717,
	3.22047 2.47292,
	3.24679 2.47539,
	3.25995 2.47539,
	3.27311 2.47375,
	3.29942 2.46552,
	3.32574 2.45976,
	3.35206 2.4573,
	3.36522 2.45319,
	3.37837 2.45072,
	3.38495 2.44907,
	3.43759 2.44825,
	3.49022 2.4499,
	3.51653 2.44907,
	3.54285 2.45154,
	3.54943 2.45154,
	3.55601 2.45319,
	3.56917 2.46141,
	3.57575 2.46799,
	3.57904 2.47457,
	3.57492 2.48773,
	3.56917 2.50088,
	3.5667 2.50746,
	3.56835 2.52062,
	3.56917 2.5272,
	3.56917 2.53049,
	3.57821 2.54365,
	3.58479 2.54447,
	3.61111 2.542,
	3.61769 2.542,
	3.62427 2.54365,
	3.62756 2.54447,
	3.63331 2.55105,
	3.63578 2.55763,
	3.6366 2.56421,
	3.64154 2.57737,
	3.64812 2.59052,
	3.64976 2.59381,
	3.65634 2.59793,
	3.6695 2.60204,
	3.69582 2.60697,
	3.72213 2.61437,
	3.73529 2.60779,
	3.74845 2.60368,
	3.76161 2.60204,
	3.77476 2.60286,
	3.78134 2.60451,
	3.7945 2.61108,
	3.80108 2.61437,
	3.80766 2.61931,
	3.81917 2.63247,
	3.82822 2.64562,
	3.83562 2.65878,
	3.83809 2.66536,
	3.8422 2.69168,
	3.84302 2.70484,
	3.8422 2.71142,
	3.83562 2.72457,
	3.81753 2.75089,
	3.80437 2.76405,
	3.79121 2.77556,
	3.78463 2.78132,
	3.78052 2.7879,
	3.76736 2.79941,
	3.74105 2.81421,
	3.72789 2.82079,
	3.70157 2.84053,
	3.68841 2.84711,
	3.67526 2.85204,
	3.64894 2.85698,
	3.63578 2.86191,
	3.58315 2.88741,
	3.55683 2.8981,
	3.55025 2.89974,
	3.52394 2.91208,
	3.51078 2.91619,
	3.49762 2.91455,
	3.4713 2.91701,
	3.44499 2.92853,
	3.43183 2.93428,
	3.40551 2.93675,
	3.39235 2.93757,
	3.3792 2.93675,
	3.37262 2.93511,
	3.36933 2.93511,
	3.36275 2.93099,
	3.34877 2.90468,
	3.34137 2.89152,
	3.33232 2.87836,
	3.32656 2.87178,
	3.27393 2.84464,
	3.26077 2.83971,
	3.23446 2.83231,
	3.2213 2.82737,
	3.21472 2.82573,
	3.21143 2.82408,
	3.18511 2.82737,
	3.1588 2.83395,
	3.15551 2.8356,
	3.14235 2.83724,
	3.12919 2.84218,
	3.11603 2.84958,
	3.08971 2.87014,
	3.07656 2.88083,
	3.06998 2.88576,
	3.0634 2.89234,
	3.05682 2.89728,
	3.04366 2.90057,
	3.0305 2.89974,
	3.00419 2.89481,
	2.99761 2.89481,
	2.99596 2.89481,
	2.99267 2.89728,
	2.96636 2.90385,
	2.9532 2.90385,
	2.90057 2.88001,
	2.87425 2.86438,
	2.86109 2.85616,
	2.84793 2.84958,
	2.84135 2.84629,
	2.8282 2.84218,
	2.82162 2.83889,
	2.81504 2.83724,
	2.80188 2.82984,
	2.7953 2.81668,
	2.78625 2.80352,
	2.77967 2.79694,
	2.76652 2.7879,
	2.76158 2.78132,
	2.75747 2.76816,
	2.75582 2.755,
	2.75089 2.74184,
	2.74925 2.73855,
	2.7476 2.7254,
	2.7476 2.69908,
	2.7476 2.6925,
	2.7476 2.68921,
	2.7476 2.68757,
	"/>
<Contour name="ax17" comment="LK bouton trace named after cfa" hidden="false" closed="true" simplified="true" border="0 1 1" fill="0.502 1 1" mode="9"
 points="2.08219 8.09247,
	2.09132 8.0742,
	2.10274 8.05594,
	2.11187 8.03767,
	2.12329 8.01941,
	2.12785 8.01027,
	2.12671 7.99201,
	2.12785 7.97374,
	2.129 7.96461,
	2.12671 7.94635,
	2.12671 7.92808,
	2.13014 7.91895,
	2.14498 7.90068,
	2.15411 7.89155,
	2.15868 7.88699,
	2.17123 7.86872,
	2.1895 7.83219,
	2.19977 7.81393,
	2.2032 7.80479,
	2.20548 7.78653,
	2.20434 7.7774,
	2.19977 7.76826,
	2.18379 7.75114,
	2.16552 7.74543,
	2.16096 7.74429,
	2.15297 7.7363,
	2.14726 7.72717,
	2.14498 7.7089,
	2.14612 7.69064,
	2.15753 7.65411,
	2.1758 7.61758,
	2.18721 7.59931,
	2.20205 7.58105,
	2.21119 7.57306,
	2.22945 7.56278,
	2.26598 7.55023,
	2.30251 7.53539,
	2.33904 7.52626,
	2.34817 7.52055,
	2.36644 7.51484,
	2.40297 7.49886,
	2.42123 7.49429,
	2.45776 7.49201,
	2.47603 7.49772,
	2.49429 7.50913,
	2.50342 7.51256,
	2.52169 7.52511,
	2.52968 7.53425,
	2.5411 7.55251,
	2.55822 7.58904,
	2.57078 7.62557,
	2.58105 7.64383,
	2.58676 7.65297,
	2.59247 7.67123,
	2.59817 7.70776,
	2.60274 7.72603,
	2.61644 7.76256,
	2.63356 7.79909,
	2.65982 7.83562,
	2.66552 7.84475,
	2.68037 7.88128,
	2.68265 7.89041,
	2.69178 7.90868,
	2.70434 7.92694,
	2.72032 7.9452,
	2.73402 7.96347,
	2.73744 7.9726,
	2.73744 7.97489,
	2.74543 7.98402,
	2.76256 8.02055,
	2.76941 8.03881,
	2.77055 8.05708,
	2.76941 8.07534,
	2.7637 8.09361,
	2.75342 8.11187,
	2.72374 8.1484,
	2.71575 8.15753,
	2.70434 8.1758,
	2.69977 8.18493,
	2.68379 8.2032,
	2.67922 8.20776,
	2.66096 8.22032,
	2.64498 8.23858,
	2.6347 8.25685,
	2.62215 8.27511,
	2.60502 8.29338,
	2.59247 8.31164,
	2.57648 8.32991,
	2.55822 8.34703,
	2.53995 8.36187,
	2.46689 8.39954,
	2.43037 8.41781,
	2.35731 8.44635,
	2.33904 8.4532,
	2.30251 8.45548,
	2.28425 8.45434,
	2.21119 8.44178,
	2.19292 8.44064,
	2.18379 8.4395,
	2.16552 8.42808,
	2.16324 8.4258,
	2.1621 8.42123,
	2.15982 8.41895,
	2.15411 8.38242,
	2.1484 8.36415,
	2.1484 8.36187,
	2.14612 8.35959,
	2.14384 8.34132,
	2.14384 8.33219,
	2.15297 8.31393,
	2.15525 8.30936,
	2.15411 8.30023,
	2.14498 8.29794,
	2.13584 8.2911,
	2.12671 8.28196,
	2.11758 8.2637,
	2.11073 8.24543,
	2.1016 8.22717,
	2.09817 8.21804,
	2.09589 8.21347,
	2.09475 8.17694,
	2.09018 8.15868,
	2.08904 8.14954,
	2.08333 8.13128,
	2.08219 8.09475,
	2.08219 8.09361,
	"/>
<Contour name="d07" hidden="true" closed="true" simplified="true" border="1 0 1" fill="1 0 1" mode="9"
 points="4.78197 8.40494,
	4.79916 8.36795,
	4.81105 8.29426,
	4.84173 8.25709,
	4.87741 8.24282,
	4.91337 8.24234,
	4.93146 8.2467,
	4.94065 8.25576,
	4.94674 8.32921,
	4.94714 8.34758,
	4.95653 8.36584,
	5.02887 8.38325,
	5.06505 8.39196,
	5.09722 8.42369,
	5.11101 8.4373,
	5.1118 8.47405,
	5.09422 8.49267,
	5.08542 8.50198,
	5.06744 8.50222,
	5.04965 8.51165,
	5.04086 8.52095,
	4.89708 8.52748,
	4.82523 8.53303,
	4.78917 8.52892,
	4.78307 8.45548,
	4.78227 8.41873,
	4.78207 8.40954,
	"/>
<Contour name="ax22" comment="LK bouton trace named after cfa" hidden="false" closed="true" simplified="true" border="0 1 1" fill="0.502 1 1" mode="9"
 points="4.493 8.62424,
	4.49445 8.62135,
	4.49445 8.6199,
	4.49734 8.61701,
	4.50892 8.61267,
	4.5147 8.6105,
	4.52628 8.60832,
	4.53786 8.60326,
	4.54075 8.60181,
	4.5639 8.57938,
	4.57548 8.57215,
	4.58705 8.56708,
	4.59284 8.56491,
	4.59574 8.56491,
	4.60731 8.55768,
	4.61889 8.54827,
	4.63047 8.53742,
	4.63987 8.52584,
	4.63987 8.5244,
	4.64204 8.5215,
	4.64277 8.51861,
	4.64638 8.51282,
	4.64855 8.50125,
	4.64855 8.47809,
	4.64855 8.46652,
	4.65 8.46073,
	4.65289 8.45494,
	4.66158 8.44336,
	4.66736 8.43758,
	4.67894 8.43106,
	4.68473 8.42889,
	4.70788 8.42745,
	4.71946 8.42817,
	4.73103 8.43034,
	4.74261 8.43685,
	4.7484 8.44119,
	4.75853 8.45277,
	4.76431 8.45856,
	4.76793 8.46435,
	4.76866 8.47592,
	4.76721 8.47882,
	4.76721 8.50197,
	4.7701 8.50776,
	4.77444 8.51355,
	4.78602 8.51861,
	4.7976 8.5215,
	4.82075 8.52078,
	4.83232 8.51572,
	4.85548 8.51065,
	4.87863 8.50848,
	4.90178 8.50848,
	4.92493 8.52078,
	4.94809 8.52729,
	4.95966 8.52729,
	4.97124 8.53019,
	4.98282 8.53163,
	5.00597 8.53091,
	5.01754 8.52946,
	5.02912 8.53019,
	5.03201 8.53019,
	5.04359 8.53453,
	5.04793 8.54031,
	5.053 8.55189,
	5.05155 8.56347,
	5.04648 8.57504,
	5.04431 8.58083,
	5.03635 8.59241,
	5.02478 8.60398,
	5.0132 8.61339,
	5.00163 8.6199,
	4.99584 8.62207,
	4.98426 8.62352,
	4.97269 8.62641,
	4.9669 8.62858,
	4.95532 8.63654,
	4.94953 8.64161,
	4.92638 8.65391,
	4.90323 8.66404,
	4.89744 8.66331,
	4.89165 8.66404,
	4.88008 8.66982,
	4.87429 8.67199,
	4.85114 8.67272,
	4.83956 8.67199,
	4.83377 8.67127,
	4.78747 8.68212,
	4.76431 8.68719,
	4.75274 8.68791,
	4.74116 8.68646,
	4.71801 8.67344,
	4.69486 8.66404,
	4.64855 8.65752,
	4.6254 8.65391,
	4.60225 8.65897,
	4.59935 8.65969,
	4.58778 8.66838,
	4.58199 8.67199,
	4.57041 8.67489,
	4.56463 8.67416,
	4.54147 8.66331,
	4.53569 8.66042,
	4.52411 8.65752,
	4.51832 8.6568,
	4.50675 8.65029,
	4.50168 8.64667,
	4.49734 8.64088,
	4.49372 8.62931,
	4.493 8.62641,
	4.493 8.62497,
	"/>
</Transform>

</Section>