<?xml version="1.0"?>
<!DOCTYPE Section SYSTEM "section.dtd">

<Section index="57" thickness="0.045" alignLocked="true">
<Transform dim="1"
 xcoef=" 5.27999999999993 1 0 0 0 0"
 ycoef=" 2.39999999999999 0 1 0 0 0">
<Contour name="D04" hidden="false" closed="true" simplified="true" border="1 0 0" fill="1 0 0" mode="11"
 points="5.46492 7.32996,
	5.46778 7.29096,
	5.47628 7.25281,
	5.49024 7.21634,
	5.50936 7.18235,
	5.53323 7.15158,
	5.56131 7.1247,
	5.59299 7.1023,
	5.6276 7.08487,
	5.66436 7.07278,
	5.70248 7.0663,
	5.74113 7.06558,
	5.77947 7.07063,
	5.81665 7.08133,
	5.85186 7.09746,
	5.88435 7.11866,
	5.91339 7.14447,
	5.93836 7.17432,
	5.95871 7.20758,
	5.97399 7.2435,
	5.98388 7.28131,
	5.98816 7.32018,
	5.98673 7.35926,
	5.97963 7.39771,
	5.96701 7.43467,
	5.94914 7.46936,
	5.92642 7.501,
	5.89934 7.52891,
	5.86849 7.55248,
	5.83455 7.57119,
	5.79825 7.58464,
	5.76039 7.59254,
	5.72179 7.59471,
	5.6833 7.5911,
	5.64576 7.58179,
	5.60998 7.56699,
	5.57674 7.54702,
	5.54678 7.52231,
	5.52073 7.49341,
	5.49918 7.46094,
	5.48259 7.42562,
	5.47133 7.3882,
	"/>
</Transform>

<Transform dim="1"
 xcoef=" -0.890000000000001 1 0 0 0 0"
 ycoef=" -0.53 0 1 0 0 0">
<Contour name="D05" hidden="false" closed="true" simplified="true" border="1 1 0" fill="1 1 0" mode="11"
 points="2.15299 4.10404,
	2.16475 4.03163,
	2.19888 3.96632,
	2.25205 3.91448,
	2.31904 3.8812,
	2.39329 3.86974,
	2.46755 3.8812,
	2.53454 3.91448,
	2.58771 3.96632,
	2.62184 4.03163,
	2.6336 4.10404,
	2.62184 4.17644,
	2.58771 4.24175,
	2.53454 4.29359,
	2.46755 4.32687,
	2.39329 4.33833,
	2.31904 4.32687,
	2.25205 4.29359,
	2.19888 4.24175,
	"/>
</Transform>

<Transform dim="0"
 xcoef=" 0 1 0 0 0 0"
 ycoef=" 0 0 1 0 0 0">
<Contour name="d01" hidden="false" closed="true" simplified="true" border="1 0.5 0" fill="1 0.5 0" mode="-11"
 points="4.89542 2.13051,
	4.93243 2.04593,
	4.943 2.00363,
	4.943 1.91905,
	4.943 1.90847,
	4.91128 1.86618,
	4.906 1.7816,
	4.906 1.7393,
	4.91657 1.69701,
	4.92186 1.67586,
	4.95886 1.63357,
	4.98001 1.623,
	5.0646 1.623,
	5.10689 1.62828,
	5.12803 1.63357,
	5.14918 1.623,
	5.16504 1.60185,
	5.20733 1.5807,
	5.24963 1.54898,
	5.4188 1.53312,
	5.46109 1.52784,
	5.54568 1.5014,
	5.58797 1.49612,
	5.60912 1.48554,
	5.6937 1.47497,
	5.71485 1.4644,
	5.79944 1.4644,
	5.88402 1.48026,
	5.92632 1.49083,
	5.96861 1.49083,
	6.0109 1.48026,
	6.02676 1.45911,
	6.11135 1.42739,
	6.1325 1.4221,
	6.15364 1.42739,
	6.19594 1.40624,
	6.28052 1.39038,
	6.30167 1.39038,
	6.38625 1.43796,
	6.39683 1.52255,
	6.4074 1.56484,
	6.41797 1.58599,
	6.41797 1.60714,
	6.44969 1.69172,
	6.47084 1.73402,
	6.55014 1.80274,
	6.58186 1.84504,
	6.66645 1.89261,
	6.70874 1.89261,
	6.7246 1.87676,
	6.73517 1.88733,
	6.73517 1.90847,
	6.70345 1.95077,
	6.68231 1.97191,
	6.67173 1.97191,
	6.62944 1.94548,
	6.54485 1.94548,
	6.50256 1.94548,
	6.46027 1.93491,
	6.42326 1.90847,
	6.38625 1.87147,
	6.34396 1.86618,
	6.3281 1.88733,
	6.28581 1.89261,
	6.24351 1.88733,
	6.20651 1.90319,
	6.19594 1.91376,
	6.18008 1.95605,
	6.1695 1.9772,
	6.12721 1.9772,
	6.11135 1.98777,
	6.10078 2.07236,
	6.09549 2.11465,
	6.05848 2.15166,
	6.0532 2.16223,
	6.04262 2.16223,
	6.02148 2.17809,
	6.00033 2.18338,
	5.97918 2.19924,
	5.93689 2.2151,
	5.91574 2.23096,
	5.90517 2.24153,
	5.82058 2.24682,
	5.736 2.22039,
	5.71485 2.2151,
	5.54568 2.23625,
	5.52453 2.24153,
	5.48224 2.26797,
	5.43995 2.25211,
	5.42937 2.23096,
	5.40823 2.23096,
	5.36593 2.25211,
	5.35536 2.26268,
	5.31307 2.27325,
	5.27077 2.26797,
	5.25491 2.26268,
	5.2602 2.25211,
	5.17561 2.2151,
	5.13332 2.19924,
	5.04874 2.2151,
	5.00644 2.22039,
	4.92186 2.19924,
	4.89542 2.16223,
	4.89542 2.14109,
	4.89542 2.1358,
	"/>
</Transform>

<Transform dim="0"
 xcoef=" 0 1 0 0 0 0"
 ycoef=" 0 0 1 0 0 0">
<Contour name="d01" hidden="false" closed="true" simplified="true" border="1 0.5 0" fill="1 0.5 0" mode="9"
 points="6.24385 0.522097,
	6.25451 0.479477,
	6.28647 0.447512,
	6.30778 0.362271,
	6.31844 0.319651,
	6.37171 0.234411,
	6.38237 0.191791,
	6.40901 0.154498,
	6.49425 0.111878,
	6.51556 0.10655,
	6.55818 0.122533,
	6.6008 0.12786,
	6.62211 0.133188,
	6.63276 0.133188,
	6.67006 0.175808,
	6.69669 0.218428,
	6.70202 0.239738,
	6.64342 0.410219,
	6.63809 0.431529,
	6.59547 0.468822,
	6.56883 0.511442,
	6.49425 0.596682,
	6.40901 0.66594,
	6.3877 0.681923,
	6.36639 0.68725,
	6.32377 0.681923,
	6.31311 0.681923,
	6.28647 0.639302,
	6.26516 0.617992,
	6.24918 0.575372,
	6.24385 0.532752,
	6.24385 0.527424,
	"/>
</Transform>

<Transform dim="1"
 xcoef=" -0.03 1 0 0 0 0"
 ycoef=" 0.12 0 1 0 0 0">
<Contour name="d01p03" hidden="false" closed="true" simplified="true" border="0 1 1" fill="0 1 1" mode="9"
 points="5.92646 1.87998,
	5.92959 1.86269,
	5.93867 1.8471,
	5.95282 1.83472,
	5.97064 1.82678,
	5.99039 1.82404,
	6.01015 1.82678,
	6.02797 1.83472,
	6.04211 1.8471,
	6.05119 1.86269,
	6.05432 1.87998,
	6.05119 1.89727,
	6.04211 1.91286,
	6.02797 1.92524,
	6.01015 1.93318,
	5.99039 1.93592,
	5.97064 1.93318,
	5.95282 1.92524,
	5.93867 1.91286,
	"/>
</Transform>

<Transform dim="0"
 xcoef=" 0 1 0 0 0 0"
 ycoef=" 0 0 1 0 0 0">
<Contour name="d01c01" hidden="false" closed="true" simplified="true" border="0 1 0" fill="0 1 0" mode="9"
 points="6.29814 0.539599,
	6.34029 0.476365,
	6.40774 0.472149,
	6.44147 0.451071,
	6.47519 0.446856,
	6.49205 0.459503,
	6.52578 0.463718,
	6.54264 0.476365,
	6.55107 0.480581,
	6.53 0.543815,
	6.50049 0.573324,
	6.48362 0.585971,
	6.41617 0.594402,
	6.38245 0.590187,
	6.34872 0.594402,
	6.33186 0.594402,
	6.30657 0.560677,
	6.29814 0.552246,
	6.29814 0.543815,
	"/>
</Transform>

<Transform dim="0"
 xcoef=" 0 1 0 0 0 0"
 ycoef=" 0 0 1 0 0 0">
<Contour name="d02" hidden="false" closed="true" simplified="true" border="0.5 0 1" fill="0.5 0 1" mode="9"
 points="4.56034 6.1993,
	4.5791 6.17428,
	4.60413 6.16803,
	4.62289 6.11798,
	4.62915 6.09296,
	4.62915 6.08045,
	4.66668 6.03666,
	4.67919 6.01164,
	4.67919 5.98661,
	4.69796 5.93657,
	4.72924 5.88652,
	4.77928 5.84274,
	4.81056 5.79895,
	4.89814 5.71137,
	5.09832 5.63004,
	5.14836 5.61128,
	5.17964 5.56749,
	5.1859 5.51744,
	5.1859 5.49242,
	5.21092 5.47365,
	5.31101 5.45489,
	5.36105 5.45489,
	5.38608 5.46114,
	5.40484 5.48617,
	5.40484 5.49868,
	5.41735 5.51119,
	5.42987 5.56123,
	5.4674 5.61128,
	5.51744 5.61753,
	5.56749 5.61128,
	5.59251 5.59877,
	5.6926 5.59251,
	5.71762 5.59877,
	5.81146 5.69886,
	5.83022 5.72388,
	5.84274 5.77392,
	5.84899 5.79895,
	5.88027 5.84274,
	5.88027 5.86776,
	5.83648 5.91155,
	5.78643 5.93657,
	5.74265 5.98036,
	5.72388 6.0304,
	5.71762 6.05543,
	5.69886 6.07419,
	5.64881 6.06794,
	5.62379 6.05543,
	5.59877 6.05543,
	5.58 6.07419,
	5.56123 6.12424,
	5.51119 6.14926,
	5.49868 6.14926,
	5.48617 6.16177,
	5.47365 6.16177,
	5.44238 6.21182,
	5.44238 6.22433,
	5.34229 6.30565,
	5.31726 6.31816,
	5.29224 6.34318,
	5.2422 6.37446,
	5.19215 6.38072,
	5.09832 6.36195,
	5.10457 6.3557,
	5.00448 6.34318,
	4.95444 6.34318,
	4.90439 6.32442,
	4.87937 6.31191,
	4.86686 6.29939,
	4.76677 6.28063,
	4.71673 6.27437,
	4.66668 6.28063,
	4.61664 6.29939,
	4.59161 6.29939,
	4.56659 6.28063,
	4.56034 6.23058,
	4.56034 6.20556,
	"/>
</Transform>

<Transform dim="0"
 xcoef=" 0 1 0 0 0 0"
 ycoef=" 0 0 1 0 0 0">
<Contour name="d02" hidden="false" closed="true" simplified="true" border="0.5 0 1" fill="0.5 0 1" mode="9"
 points="3.24207 6.63053,
	3.25068 6.61331,
	3.26791 6.59609,
	3.33679 6.57026,
	3.37124 6.55303,
	3.4961 6.44109,
	3.52624 6.40664,
	3.53915 6.38942,
	3.54777 6.38081,
	3.55207 6.34637,
	3.54777 6.31192,
	3.53485 6.27748,
	3.52193 6.26026,
	3.51763 6.22581,
	3.52624 6.2172,
	3.52624 6.20859,
	3.54346 6.19998,
	3.61235 6.20428,
	3.62096 6.19567,
	3.6554 6.19998,
	3.67263 6.20859,
	3.74152 6.20859,
	3.8104 6.23012,
	3.87929 6.26026,
	3.91374 6.28178,
	3.92235 6.2904,
	3.94818 6.35928,
	3.95249 6.39373,
	3.9654 6.41095,
	3.96971 6.44539,
	3.94818 6.47984,
	3.93526 6.51428,
	3.93096 6.53151,
	3.93096 6.54012,
	3.90082 6.57456,
	3.86638 6.58748,
	3.84915 6.59609,
	3.81471 6.59609,
	3.79749 6.60039,
	3.74152 6.65206,
	3.70707 6.67359,
	3.67263 6.6865,
	3.60374 6.69081,
	3.53485 6.66498,
	3.5004 6.65206,
	3.43152 6.65637,
	3.36263 6.67789,
	3.29374 6.6822,
	3.27652 6.67789,
	3.25929 6.66067,
	3.24207 6.65206,
	3.24207 6.63484,
	"/>
</Transform>

<Transform dim="0"
 xcoef=" 0 1 0 0 0 0"
 ycoef=" 0 0 1 0 0 0">
<Contour name="d02" hidden="false" closed="true" simplified="true" border="0.5 0 1" fill="0.5 0 1" mode="9"
 points="5.6081 4.65175,
	5.62488 4.58463,
	5.62907 4.56785,
	5.65424 4.5343,
	5.67102 4.52171,
	5.6878 4.51752,
	5.69619 4.51333,
	5.72974 4.52171,
	5.74652 4.5343,
	5.7633 4.5301,
	5.79685 4.54269,
	5.83041 4.57624,
	5.85138 4.64336,
	5.84719 4.66013,
	5.81363 4.68111,
	5.74652 4.68111,
	5.71296 4.6853,
	5.69619 4.69369,
	5.6878 4.69789,
	5.67102 4.6895,
	5.63746 4.70627,
	5.62068 4.70208,
	5.6081 4.67272,
	5.6081 4.65594,
	"/>
</Transform>

<Transform dim="0"
 xcoef=" 0 1 0 0 0 0"
 ycoef=" 0 0 1 0 0 0">
<Contour name="d02" hidden="false" closed="true" simplified="true" border="0.5 0 1" fill="0.5 0 1" mode="9"
 points="5.28358 6.61703,
	5.29271 6.4709,
	5.29728 6.45263,
	5.31098 6.43437,
	5.32925 6.43437,
	5.36578 6.41153,
	5.40231 6.40697,
	5.42058 6.40697,
	5.45711 6.42523,
	5.49364 6.4298,
	5.53018 6.4435,
	5.54844 6.4572,
	5.55758 6.46633,
	5.56214 6.5394,
	5.53018 6.68553,
	5.51648 6.7038,
	5.47994 6.7175,
	5.44341 6.7175,
	5.37034 6.7312,
	5.33381 6.7312,
	5.30185 6.71293,
	5.29728 6.72206,
	5.28815 6.7038,
	5.28358 6.63073,
	5.28358 6.6216,
	"/>
</Transform>

<Transform dim="0"
 xcoef=" 0 1 0 0 0 0"
 ycoef=" 0 0 1 0 0 0">
<Contour name="d02c04" hidden="false" closed="true" simplified="true" border="0 1 0" fill="0 1 0" mode="9"
 points="3.25322 6.63188,
	3.26686 6.61007,
	3.27504 6.59916,
	3.27776 6.59371,
	3.28322 6.59371,
	3.30503 6.57734,
	3.33776 6.53644,
	3.38139 6.5119,
	3.4032 6.50372,
	3.42502 6.48463,
	3.42775 6.47918,
	3.4332 6.47918,
	3.47683 6.44373,
	3.48774 6.43554,
	3.51773 6.39191,
	3.52864 6.3701,
	3.53137 6.34828,
	3.54228 6.32647,
	3.54773 6.31556,
	3.56955 6.30193,
	3.59136 6.30465,
	3.60227 6.31283,
	3.605 6.33465,
	3.605 6.34556,
	3.6159 6.35374,
	3.62136 6.36464,
	3.61863 6.38646,
	3.61863 6.39737,
	3.61318 6.40828,
	3.61318 6.41373,
	3.575 6.45463,
	3.49046 6.53644,
	3.48228 6.54735,
	3.47683 6.5528,
	3.47138 6.5528,
	3.44956 6.56644,
	3.43865 6.57734,
	3.41684 6.58825,
	3.39502 6.60461,
	3.35139 6.62098,
	3.32958 6.63461,
	3.28595 6.64824,
	3.26413 6.65097,
	3.25595 6.6537,
	3.25322 6.63461,
	"/>
</Transform>

<Transform dim="0"
 xcoef=" 0 1 0 0 0 0"
 ycoef=" 0 0 1 0 0 0">
<Contour name="d02cfa04" hidden="false" closed="false" simplified="false" border="0 1 1" fill="0 1 1" mode="9"
 points="3.57203 6.30356,
	3.58294 6.33083,
	3.57749 6.36901,
	3.54749 6.42628,
	3.4875 6.49172,
	3.43296 6.53808,
	3.33752 6.59262,
	3.25571 6.63898,
	"/>
</Transform>

<Transform dim="0"
 xcoef=" 0 1 0 0 0 0"
 ycoef=" 0 0 1 0 0 0">
<Contour name="d02c38" hidden="false" closed="true" simplified="true" border="0 1 0" fill="0 1 0" mode="9"
 points="5.65705 4.5265,
	5.69157 4.51572,
	5.7002 4.51356,
	5.71746 4.51787,
	5.73472 4.52866,
	5.74335 4.53298,
	5.76061 4.53298,
	5.76924 4.53298,
	5.77787 4.53729,
	5.78219 4.54161,
	5.79082 4.54376,
	5.79729 4.55024,
	5.79729 4.55455,
	5.78866 4.55671,
	5.75414 4.54592,
	5.74551 4.54161,
	5.67647 4.54161,
	5.66784 4.53945,
	5.65921 4.53298,
	5.65705 4.52866,
	"/>
<Contour name="d02cfa38" hidden="false" closed="false" simplified="false" border="0 1 1" fill="0 1 1" mode="9"
 points="5.7915 4.5522,
	5.74188 4.5371,
	5.69226 4.52416,
	5.66421 4.52847,
	"/>
</Transform>

<Transform dim="0"
 xcoef=" 0 1 0 0 0 0"
 ycoef=" 0 0 1 0 0 0">
<Contour name="d03" hidden="false" closed="true" simplified="true" border="0 1 0" fill="0 1 0" mode="9"
 points="2.68556 3.11148,
	2.71694 3.03974,
	2.72591 3.02181,
	2.78419 2.95008,
	2.82678 2.87834,
	2.83799 2.86041,
	2.84472 2.85368,
	2.98819 2.83127,
	3.05992 2.81333,
	3.20339 2.78867,
	3.27512 2.77747,
	3.31099 2.77298,
	3.32892 2.77298,
	3.33789 2.77074,
	3.40963 2.7954,
	3.42756 2.80437,
	3.49929 2.86265,
	3.51723 2.87834,
	3.57999 3.02181,
	3.58672 3.09355,
	3.5912 3.12941,
	3.57999 3.20115,
	3.61138 3.27288,
	3.62034 3.29082,
	3.63155 3.32668,
	3.63604 3.34462,
	3.63828 3.35358,
	3.57775 3.42532,
	3.43428 3.55534,
	3.41635 3.57103,
	3.40738 3.57999,
	3.4029 3.58448,
	3.33117 3.59344,
	3.2953 3.59793,
	3.22356 3.58448,
	3.2146 3.58224,
	3.17873 3.55085,
	3.1608 3.53516,
	3.15631 3.51723,
	3.1451 3.50153,
	3.07337 3.44549,
	3.04199 3.40963,
	3.03526 3.40066,
	2.99939 3.38945,
	2.98146 3.38497,
	2.95008 3.35134,
	2.93438 3.33341,
	2.86265 3.27512,
	2.84472 3.26167,
	2.77298 3.25719,
	2.7685 3.25719,
	2.70125 3.18546,
	2.69676 3.18097,
	2.69004 3.1451,
	2.6878 3.12717,
	2.68556 3.1182,
	2.68556 3.11372,
	"/>
</Transform>

<Transform dim="0"
 xcoef=" 0 1 0 0 0 0"
 ycoef=" 0 0 1 0 0 0">
<Contour name="d01cfa01" hidden="false" closed="true" simplified="true" border="0 1 0" fill="0 1 0" mode="9"
 points="6.28814 0.529599,
	6.33029 0.466365,
	6.39774 0.462149,
	6.43147 0.441071,
	6.46519 0.436856,
	6.48205 0.449503,
	6.51578 0.453718,
	6.53264 0.466365,
	6.54107 0.470581,
	6.52 0.533815,
	6.49049 0.563324,
	6.47362 0.575971,
	6.40617 0.584402,
	6.37245 0.580187,
	6.33872 0.584402,
	6.32186 0.584402,
	6.29657 0.550677,
	6.28814 0.542246,
	6.28814 0.533815,
	"/>
</Transform>

<Transform dim="0"
 xcoef=" 0 1 0 0 0 0"
 ycoef=" 0 0 1 0 0 0">
<Contour name="d01cfa01" hidden="false" closed="false" simplified="false" border="0 1 1" fill="0 1 1" mode="9"
 points="6.53078 0.482324,
	6.50712 0.47345,
	6.45092 0.458661,
	6.40359 0.476408,
	6.34739 0.479366,
	"/>
</Transform>

<Transform dim="0"
 xcoef=" 0 1 0 0 0 0"
 ycoef=" 0 0 1 0 0 0">
<Contour name="d06" hidden="false" closed="true" simplified="true" border="0 0 1" fill="0 0 1" mode="9"
 points="1.2697 7.88188,
	1.28403 7.85895,
	1.28976 7.84748,
	1.31269 7.83315,
	1.35855 7.81595,
	1.40441 7.81595,
	1.42734 7.81595,
	1.43307 7.81595,
	1.44453 7.82742,
	1.46746 7.83888,
	1.47893 7.84462,
	1.49899 7.86468,
	1.50759 7.87614,
	1.51332 7.88188,
	1.51332 7.88761,
	1.52478 7.89907,
	1.52478 7.9048,
	1.53338 7.91627,
	1.55631 7.92773,
	1.60217 7.92773,
	1.61363 7.93633,
	1.61937 7.95926,
	1.61937 7.98219,
	1.61937 7.99365,
	1.6079 8.01658,
	1.58784 8.03665,
	1.57638 8.04811,
	1.56778 8.05384,
	1.54771 8.07391,
	1.52478 8.08251,
	1.43307 8.08251,
	1.38721 8.08251,
	1.34135 8.06817,
	1.32416 8.04525,
	1.32416 8.03378,
	1.31556 8.02232,
	1.30982 8.01658,
	1.30409 7.99365,
	1.30409 7.97073,
	1.29549 7.9478,
	1.2869 7.93633,
	1.28116 7.9306,
	1.28116 7.92487,
	1.27256 7.9134,
	1.2697 7.89047,
	1.2697 7.88474,
	"/>
<Contour name="d06" hidden="false" closed="true" simplified="true" border="0 0 1" fill="0 0 1" mode="9"
 points="1.87445 7.67265,
	1.89452 7.62679,
	1.89738 7.53507,
	1.90025 7.51214,
	1.90311 7.50068,
	1.93464 7.45482,
	1.9805 7.40896,
	2.00343 7.38603,
	2.04929 7.35737,
	2.07222 7.34304,
	2.08368 7.33731,
	2.12954 7.30005,
	2.1754 7.29718,
	2.22126 7.30005,
	2.23272 7.30292,
	2.23845 7.30578,
	2.26138 7.30292,
	2.28431 7.31725,
	2.3273 7.36024,
	2.34737 7.3803,
	2.37029 7.38603,
	2.41615 7.38603,
	2.43908 7.3889,
	2.44481 7.3889,
	2.46774 7.40896,
	2.48494 7.42616,
	2.49067 7.43762,
	2.49067 7.48348,
	2.49354 7.49495,
	2.51074 7.51501,
	2.53366 7.52934,
	2.55659 7.53794,
	2.56519 7.5494,
	2.56519 7.57233,
	2.55659 7.59526,
	2.55086 7.60673,
	2.548 7.61246,
	2.55373 7.63539,
	2.57666 7.65832,
	2.58239 7.66405,
	2.58239 7.68698,
	2.58239 7.69844,
	2.54513 7.7357,
	2.5222 7.7443,
	2.51074 7.74717,
	2.46488 7.77869,
	2.44481 7.79589,
	2.39896 7.80449,
	2.30724 7.80449,
	2.26138 7.80449,
	2.23845 7.81309,
	2.21552 7.82742,
	2.20406 7.83602,
	2.18113 7.83602,
	2.16967 7.83602,
	2.16393 7.83602,
	2.15247 7.82742,
	2.141 7.80449,
	2.13527 7.78156,
	2.12954 7.77583,
	2.12381 7.7529,
	2.10661 7.72997,
	2.09515 7.71851,
	2.08941 7.71277,
	1.9977 7.70991,
	1.97477 7.70991,
	1.95184 7.71851,
	1.94611 7.72424,
	1.94037 7.72424,
	1.91745 7.73857,
	1.89452 7.73857,
	1.88305 7.72997,
	1.88019 7.71851,
	1.88019 7.71277,
	1.87445 7.70704,
	1.87445 7.68411,
	1.87445 7.67551,
	"/>
</Transform>

<Transform dim="0"
 xcoef=" 0 1 0 0 0 0"
 ycoef=" 0 0 1 0 0 0">
<Contour name="d06c29" hidden="false" closed="true" simplified="true" border="0 1 0" fill="0 1 0" mode="9"
 points="1.39438 7.80903,
	1.41419 7.79169,
	1.4241 7.78426,
	1.46373 7.78178,
	1.48354 7.77683,
	1.49345 7.77435,
	1.4984 7.77188,
	1.5628 7.8437,
	1.57766 7.86351,
	1.58261 7.87094,
	1.58261 7.91057,
	1.58013 7.93038,
	1.57023 7.93781,
	1.5306 7.93781,
	1.51079 7.93038,
	1.49097 7.93038,
	1.47116 7.92543,
	1.45134 7.91552,
	1.43153 7.90066,
	1.41172 7.88085,
	1.39686 7.84122,
	1.39438 7.82141,
	1.39438 7.8115,
	"/>
<Contour name="d06cfa29" hidden="false" closed="false" simplified="false" border="0 1 1" fill="0 1 1" mode="9"
 points="1.5795 7.92826,
	1.50024 7.88863,
	1.4408 7.84158,
	1.3987 7.81186,
	"/>
</Transform>

<Transform dim="0"
 xcoef=" 0 1 0 0 0 0"
 ycoef=" 0 0 1 0 0 0">
<Contour name="d07" hidden="false" closed="true" simplified="true" border="1 0 1" fill="1 0 1" mode="9"
 points="2.08905 8.44397,
	2.11363 8.41939,
	2.14171 8.40184,
	2.14874 8.39482,
	2.16278 8.39833,
	2.17682 8.41237,
	2.18034 8.42642,
	2.1698 8.4545,
	2.16629 8.46855,
	2.15576 8.48259,
	2.15225 8.49664,
	2.14874 8.50366,
	2.09256 8.50015,
	2.08905 8.44748,
	"/>
<Contour name="d07" hidden="false" closed="true" simplified="true" border="1 0 1" fill="1 0 1" mode="9"
 points="3.56718 6.87104,
	3.58474 6.84295,
	3.59527 6.82891,
	3.65145 6.82891,
	3.67954 6.84997,
	3.70762 6.85349,
	3.73571 6.87455,
	3.74976 6.88157,
	3.7638 6.89562,
	3.77784 6.92371,
	3.83402 6.97637,
	3.86211 6.99744,
	3.8902 7.02552,
	3.89722 7.03255,
	3.91126 7.03606,
	3.93935 7.05361,
	3.96393 7.07819,
	3.97446 7.09223,
	3.97797 7.12032,
	3.97446 7.13437,
	3.96042 7.14841,
	3.9569 7.16245,
	3.93233 7.18703,
	3.92531 7.18703,
	3.89722 7.2081,
	3.8902 7.22214,
	3.8902 7.27832,
	3.8902 7.29236,
	3.8902 7.29938,
	3.87615 7.3064,
	3.81998 7.3064,
	3.79189 7.30289,
	3.77784 7.29587,
	3.72167 7.2397,
	3.71465 7.22565,
	3.66198 7.16948,
	3.65496 7.15543,
	3.64794 7.14841,
	3.64442 7.03606,
	3.64442 7.00797,
	3.59878 6.95179,
	3.59176 6.95179,
	3.57772 6.93775,
	3.57069 6.92371,
	3.56718 6.89562,
	3.56718 6.88157,
	3.56718 6.87455,
	"/>
</Transform>

<Transform dim="0"
 xcoef=" 0 1 0 0 0 0"
 ycoef=" 0 0 1 0 0 0">
<Contour name="d07" hidden="false" closed="true" simplified="true" border="1 0 1" fill="1 0 1" mode="9"
 points="2.72454 7.06766,
	2.74912 7.03957,
	2.75965 7.02552,
	2.872 7.0185,
	2.92818 7.0185,
	2.95627 7.02201,
	2.98436 7.01499,
	3.01244 7.02552,
	3.04053 7.04308,
	3.06511 7.07117,
	3.07915 7.07468,
	3.10724 7.09926,
	3.16342 7.10628,
	3.18799 7.13085,
	3.20555 7.14841,
	3.20906 7.26076,
	3.20555 7.27481,
	3.18448 7.30289,
	3.17395 7.31694,
	3.15991 7.37311,
	3.15991 7.42929,
	3.15991 7.44333,
	3.15991 7.45036,
	3.13182 7.47844,
	3.0932 7.53462,
	3.08266 7.54866,
	3.07915 7.60484,
	3.07915 7.63293,
	3.0932 7.66102,
	3.11426 7.6891,
	3.17044 7.6891,
	3.19853 7.69613,
	3.20906 7.71017,
	3.20906 7.73826,
	3.20906 7.7523,
	3.18448 7.77688,
	3.1564 7.78741,
	3.12831 7.79092,
	3.07213 7.8155,
	3.01595 7.81901,
	3.00191 7.8155,
	2.98084 7.78741,
	2.98084 7.75932,
	2.99138 7.73124,
	2.9984 7.71719,
	2.9984 7.66102,
	2.99489 7.63293,
	2.99489 7.61888,
	2.98436 7.5908,
	2.95627 7.58729,
	2.92818 7.5908,
	2.90009 7.60484,
	2.872 7.60835,
	2.84392 7.60484,
	2.81583 7.58729,
	2.80881 7.58026,
	2.80529 7.46791,
	2.80529 7.41174,
	2.80529 7.38365,
	2.80178 7.3696,
	2.7737 7.34503,
	2.76316 7.33098,
	2.75965 7.30289,
	2.77018 7.27481,
	2.78774 7.24672,
	2.79476 7.21863,
	2.79476 7.19054,
	2.77721 7.16245,
	2.76667 7.13437,
	2.7421 7.10628,
	2.72805 7.09223,
	2.72454 7.07819,
	2.72454 7.07117,
	"/>
</Transform>

<Transform dim="0"
 xcoef=" 0 1 0 0 0 0"
 ycoef=" 0 0 1 0 0 0">
<Contour name="d07" hidden="false" closed="true" simplified="true" border="1 0 1" fill="1 0 1" mode="9"
 points="3.50398 7.26778,
	3.51101 7.25374,
	3.52505 7.2397,
	3.55314 7.22214,
	3.58123 7.21161,
	3.59527 7.20459,
	3.60931 7.20459,
	3.6374 7.19054,
	3.66549 7.18703,
	3.67954 7.19054,
	3.70411 7.21863,
	3.76029 7.26076,
	3.77433 7.27481,
	3.77784 7.30289,
	3.77784 7.31694,
	3.66549 7.32045,
	3.60931 7.32045,
	3.55314 7.30992,
	3.52505 7.29938,
	3.51101 7.29236,
	3.50398 7.28534,
	3.50398 7.27129,
	"/>
</Transform>

<Transform dim="0"
 xcoef=" 0 1 0 0 0 0"
 ycoef=" 0 0 1 0 0 0">
<Contour name="d07c05" hidden="false" closed="true" simplified="true" border="1 0 0" fill="0 1 0" mode="9"
 points="2.98249 7.79825,
	3.04503 7.76307,
	3.0763 7.75916,
	3.09194 7.75916,
	3.09975 7.75916,
	3.11539 7.77089,
	3.14275 7.74352,
	3.17402 7.75525,
	3.2053 7.75916,
	3.2092 7.79043,
	3.2053 7.80607,
	3.19357 7.8217,
	3.06848 7.84516,
	3.00594 7.84516,
	2.99031 7.83343,
	2.98249 7.82561,
	2.98249 7.80998,
	2.98249 7.80216,
	"/>
<Contour name="d07cfa05" hidden="false" closed="false" simplified="false" border="0 1 1" fill="0 1 1" mode="9"
 points="3.20289 7.77239,
	3.13253 7.79584,
	3.04654 7.81148,
	2.97618 7.81148,
	"/>
</Transform>

<Transform dim="0"
 xcoef=" 0 1 0 0 0 0"
 ycoef=" 0 0 1 0 0 0">
<Contour name="d08" hidden="false" closed="true" simplified="true" border="1 0 0" fill="1 0 0" mode="9"
 points="5.66962 5.02556,
	5.6851 5.00078,
	5.70987 4.98221,
	5.73465 4.97601,
	5.75942 4.97601,
	5.7718 4.97911,
	5.78419 4.9884,
	5.79967 5.01317,
	5.82135 5.02556,
	5.82754 5.02556,
	5.85231 5.05033,
	5.84921 5.06271,
	5.80277 5.10297,
	5.79038 5.11226,
	5.76561 5.12155,
	5.74084 5.12155,
	5.71607 5.10297,
	5.66962 5.05342,
	5.66962 5.02865,
	"/>
<Contour name="d08" hidden="false" closed="true" simplified="true" border="1 0 0" fill="1 0 0" mode="9"
 points="4.99149 4.67256,
	5.00698 4.62302,
	5.01007 4.61063,
	5.02865 4.58586,
	5.06891 4.48677,
	5.08129 4.462,
	5.10606 4.43723,
	5.13084 4.42175,
	5.15251 4.40007,
	5.18038 4.35053,
	5.18657 4.34433,
	5.19276 4.31956,
	5.19276 4.29479,
	5.19896 4.27002,
	5.22063 4.25144,
	5.2454 4.24834,
	5.25779 4.25144,
	5.27947 4.26692,
	5.32901 4.27002,
	5.35378 4.27002,
	5.37855 4.28241,
	5.38475 4.28241,
	5.39713 4.30718,
	5.41571 4.32885,
	5.44048 4.34433,
	5.47145 4.39078,
	5.48074 4.41555,
	5.49622 4.44032,
	5.51789 4.45271,
	5.56744 4.45271,
	5.57982 4.45581,
	5.62627 4.49606,
	5.62937 4.5456,
	5.62937 4.57038,
	5.61388 4.61992,
	5.61079 4.64469,
	5.6015 4.66946,
	5.6015 4.67566,
	5.58911 4.68495,
	5.49002 4.68495,
	5.46525 4.68495,
	5.44048 4.69114,
	5.41571 4.70352,
	5.39403 4.7252,
	5.36926 4.74068,
	5.34449 4.74997,
	5.29495 4.75616,
	5.09677 4.75307,
	5.04723 4.75307,
	5.02246 4.75307,
	5.01007 4.74997,
	4.99459 4.7252,
	4.99149 4.67566,
	"/>
</Transform>

<Transform dim="0"
 xcoef=" 0 1 0 0 0 0"
 ycoef=" 0 0 1 0 0 0">
<Contour name="d08" hidden="false" closed="true" simplified="true" border="1 0 0" fill="1 0 0" mode="9"
 points="4.80261 4.27312,
	4.82429 4.24834,
	4.83667 4.23596,
	4.88622 4.20809,
	4.91099 4.19261,
	4.92028 4.16784,
	4.92337 4.15545,
	4.94505 4.13687,
	4.96982 4.13378,
	4.99459 4.12139,
	5.01627 4.10281,
	5.04104 4.12139,
	5.04413 4.12449,
	5.03794 4.12758,
	5.03794 4.15235,
	5.03794 4.16474,
	5.00388 4.21119,
	4.9884 4.23596,
	4.97601 4.24525,
	4.96982 4.25763,
	4.94814 4.27931,
	4.92337 4.2855,
	4.91718 4.29169,
	4.89241 4.30098,
	4.86764 4.31647,
	4.81809 4.31956,
	4.80571 4.31647,
	4.80261 4.29169,
	4.80261 4.27931,
	4.80261 4.27621,
	"/>
</Transform>

<Transform dim="0"
 xcoef=" 0 1 0 0 0 0"
 ycoef=" 0 0 1 0 0 0">
<Contour name="d08" hidden="false" closed="true" simplified="true" border="1 0 0" fill="1 0 0" mode="9"
 points="6.00713 3.73743,
	6.02571 3.71266,
	6.07526 3.6724,
	6.10622 3.62286,
	6.11861 3.61357,
	6.16815 3.61357,
	6.18054 3.61357,
	6.20531 3.62286,
	6.25485 3.62596,
	6.27653 3.65073,
	6.28582 3.66002,
	6.28582 3.68479,
	6.28582 3.69717,
	6.24556 3.74672,
	6.23627 3.77149,
	6.20531 3.81794,
	6.19292 3.82413,
	6.18054 3.83651,
	6.13099 3.83342,
	6.08145 3.82103,
	6.05668 3.81794,
	6.03191 3.80865,
	6.00713 3.78697,
	6.00713 3.74052,
	"/>
</Transform>

<Transform dim="0"
 xcoef=" 0 1 0 0 0 0"
 ycoef=" 0 0 1 0 0 0">
<Contour name="d08ax17" hidden="false" closed="true" simplified="true" border="0 0 1" fill="0 0 1" mode="-11"
 points="2.88031 5.54068,
	2.88826 5.51948,
	2.89091 5.49829,
	2.89091 5.48769,
	2.89885 5.46649,
	2.9015 5.44529,
	2.89356 5.40289,
	2.89356 5.3605,
	2.88826 5.3393,
	2.89091 5.3287,
	2.89885 5.32075,
	2.92005 5.3181,
	2.96245 5.2969,
	2.98365 5.2916,
	2.99425 5.29425,
	3.00485 5.3022,
	3.0075 5.3075,
	3.0128 5.3075,
	3.01809 5.3128,
	3.01809 5.334,
	3.01809 5.3446,
	2.95715 5.42939,
	2.9492 5.43999,
	2.94655 5.46119,
	2.9492 5.50358,
	2.9492 5.51418,
	2.9439 5.52478,
	2.9227 5.54068,
	2.91475 5.56188,
	2.9121 5.57248,
	2.90415 5.58308,
	2.89356 5.58573,
	2.88296 5.57778,
	2.88031 5.55658,
	2.88031 5.54598,
	2.88031 5.54333,
	"/>
</Transform>

<Transform dim="0"
 xcoef=" 0 1 0 0 0 0"
 ycoef=" 0 0 1 0 0 0">
<Contour name="d07p05" hidden="false" closed="true" simplified="false" border="1 1 0" fill="1 1 0" mode="-9"
 points="3.03769 7.54536,
	3.03769 7.50565,
	2.99798 7.50565,
	2.99798 7.54039,
	2.99302 7.54536,
	2.99302 7.50069,
	3.04265 7.50069,
	3.04265 7.55032,
	2.99302 7.55032,
	2.99798 7.54536,
	"/>
</Transform>

<Transform dim="0"
 xcoef=" 0 1 0 0 0 0"
 ycoef=" 0 0 1 0 0 0">
<Contour name="d07" hidden="false" closed="true" simplified="true" border="1 0 1" fill="1 0 1" mode="9"
 points="2.92815 8.06439,
	2.93266 8.05537,
	2.93604 8.05143,
	2.94505 8.04748,
	2.94956 8.04523,
	2.95858 8.04636,
	2.96083 8.04636,
	2.97886 8.05481,
	2.98337 8.05706,
	2.98562 8.05875,
	2.98337 8.06777,
	2.98168 8.07227,
	2.97491 8.08129,
	2.97153 8.0858,
	2.96928 8.0903,
	2.96815 8.09256,
	2.95914 8.10101,
	2.95463 8.10552,
	2.95238 8.10721,
	2.95012 8.10777,
	2.94562 8.10664,
	2.94111 8.10326,
	2.93491 8.09425,
	2.92984 8.07622,
	2.92815 8.0672,
	2.92815 8.06495,
	"/>
</Transform>

<Transform dim="0"
 xcoef=" 0 1 0 0 0 0"
 ycoef=" 0 0 1 0 0 0">
<Contour name="ax01" comment="LK bouton trace named after cfa" hidden="false" closed="true" simplified="true" border="0 1 1" fill="0.502 1 1" mode="9"
 points="6.94745 0.975883,
	6.94944 0.967933,
	6.94944 0.952033,
	6.95043 0.944082,
	6.95441 0.936132,
	6.9564 0.932157,
	6.96435 0.928182,
	6.9723 0.926195,
	6.97627 0.926195,
	6.98025 0.924207,
	7.01205 0.920232,
	7.02795 0.919238,
	7.04385 0.915263,
	7.05975 0.914269,
	7.0677 0.914269,
	7.0995 0.906319,
	7.1154 0.905325,
	7.1313 0.907313,
	7.13528 0.907313,
	7.16708 0.926195,
	7.18198 0.937126,
	7.18397 0.937126,
	7.19192 0.942095,
	7.20782 0.942095,
	7.22372 0.939114,
	7.23962 0.934145,
	7.25552 0.931163,
	7.27142 0.931163,
	7.28732 0.933151,
	7.30322 0.941101,
	7.32608 0.969921,
	7.33602 0.985821,
	7.34297 1.00172,
	7.34496 1.00371,
	7.34794 1.01961,
	7.34993 1.02756,
	7.35092 1.03153,
	7.35391 1.03551,
	7.35689 1.04346,
	7.36583 1.05837,
	7.37676 1.07228,
	7.39266 1.0852,
	7.39465 1.0852,
	7.40061 1.09116,
	7.40459 1.09414,
	7.40757 1.10209,
	7.40757 1.11004,
	7.40757 1.11402,
	7.40359 1.12197,
	7.39763 1.12992,
	7.38173 1.13886,
	7.37776 1.13986,
	7.37577 1.14184,
	7.34397 1.1488,
	7.31217 1.15377,
	7.28037 1.16271,
	7.24857 1.17464,
	7.24062 1.17662,
	7.23664 1.17762,
	7.22074 1.18656,
	7.20484 1.19352,
	7.20285 1.19551,
	7.18695 1.20048,
	7.179 1.20346,
	7.1472 1.20246,
	7.1313 1.19948,
	7.12335 1.19849,
	7.10745 1.19352,
	7.0995 1.18954,
	7.09553 1.18756,
	7.07962 1.17265,
	7.07764 1.16967,
	7.05279 1.14284,
	7.05081 1.13886,
	7.04683 1.13588,
	7.03689 1.11998,
	7.0359 1.116,
	7.03292 1.11203,
	7.02199 1.08023,
	7.02199 1.07824,
	7.019 1.07427,
	7.01801 1.07029,
	7.01503 1.06632,
	7.01404 1.06234,
	7.01105 1.05837,
	7.01006 1.05439,
	7.0031 1.04644,
	7.00012 1.04247,
	6.99317 1.0375,
	6.97925 1.02458,
	6.9713 1.01862,
	6.96534 1.01166,
	6.96335 1.00768,
	6.95938 1.0057,
	6.94944 0.99079,
	6.94745 0.986815,
	6.94745 0.978864,
	6.94745 0.976877,
	"/>
</Transform>

<Transform dim="6"
 xcoef=" -0.34301410804656 1.05102299947801 0.0560653419805354 0 0 0"
 ycoef=" 0.00067529741169306 0.0515481868162723 0.921313109600844 0 0 0">
<Image mag="0.00217507" contrast="1.01099" brightness="0.09" red="true" green="true" blue="true"
 src="FHLTD.57.jpg" />
<Contour name="domain1" hidden="false" closed="true" simplified="false" border="1 0 1" fill="1 0 1" mode="11"
 points="0 0,
	4096 0,
	4096 4096,
	0 4096,
	"/>
</Transform>

<Transform dim="0"
 xcoef=" 0 1 0 0 0 0"
 ycoef=" 0 0 1 0 0 0">
<Contour name="ax05" comment="LK bouton trace named after cfa" hidden="false" closed="true" simplified="true" border="0 1 1" fill="0.502 1 1" mode="9"
 points="2.71965 1.82792,
	2.72212 1.81803,
	2.72954 1.80813,
	2.7382 1.78833,
	2.74068 1.78339,
	2.76047 1.76854,
	2.78027 1.75741,
	2.79016 1.75246,
	2.82975 1.74132,
	2.84954 1.74256,
	2.85944 1.74503,
	2.87924 1.75617,
	2.88418 1.75988,
	2.90398 1.76359,
	2.91388 1.76607,
	2.93367 1.7772,
	2.94357 1.78091,
	2.95223 1.78957,
	2.95346 1.80937,
	2.94975 1.82916,
	2.93738 1.84895,
	2.93243 1.85267,
	2.91264 1.85638,
	2.89284 1.85514,
	2.87305 1.85143,
	2.85326 1.84524,
	2.8347 1.84153,
	2.81738 1.83535,
	2.80748 1.83535,
	2.79759 1.83782,
	2.78769 1.84401,
	2.78274 1.84895,
	2.77037 1.86627,
	2.76047 1.86504,
	2.75552 1.86504,
	2.73573 1.8539,
	2.72583 1.84524,
	2.72088 1.83535,
	2.71965 1.8304,
	2.71965 1.82916,
	"/>
</Transform>

<Transform dim="0"
 xcoef=" 0 1 0 0 0 0"
 ycoef=" 0 0 1 0 0 0">
<Contour name="d06" hidden="false" closed="true" simplified="true" border="0 0 1" fill="0 0 1" mode="9"
 points="1.88019 6.85293,
	1.90025 6.83,
	1.92318 6.81854,
	1.94611 6.81567,
	1.9891 6.79561,
	2.01203 6.79274,
	2.02349 6.79561,
	2.02636 6.80707,
	2.04929 6.82714,
	2.06075 6.83,
	2.06648 6.83,
	2.08655 6.85293,
	2.09515 6.87586,
	2.09801 6.92172,
	2.05789 6.95898,
	2.04642 6.96471,
	1.95471 6.96185,
	1.93178 6.95898,
	1.88592 6.91885,
	1.88019 6.91312,
	1.88019 6.86726,
	1.88019 6.8558,
	"/>
<Contour name="d07" hidden="false" closed="true" simplified="true" border="1 0 1" fill="1 0 1" mode="9"
 points="2.24704 6.60069,
	2.25758 6.5726,
	2.26811 6.56207,
	2.32429 6.56207,
	2.33833 6.5726,
	2.39451 6.57612,
	2.40153 6.57612,
	2.41557 6.6042,
	2.41908 6.61123,
	2.40855 6.62527,
	2.40153 6.63229,
	2.39802 6.66038,
	2.38748 6.67091,
	2.3594 6.67442,
	2.33131 6.67091,
	2.31726 6.66038,
	2.28918 6.65336,
	2.26109 6.65336,
	2.24704 6.64634,
	2.24704 6.61825,
	2.24704 6.6042,
	"/>
<Contour name="d07" hidden="false" closed="true" simplified="true" border="1 0 1" fill="1 0 1" mode="9"
 points="1.66519 6.97347,
	1.69646 6.95002,
	1.7121 6.9422,
	1.74337 6.93829,
	1.77464 6.92656,
	1.89972 6.93047,
	1.93099 6.95393,
	1.94663 6.96174,
	2.07172 6.96174,
	2.08735 6.97738,
	2.14989 6.9852,
	2.27498 6.9852,
	2.30625 6.9852,
	2.33752 6.97738,
	2.35316 6.96956,
	2.38443 6.97738,
	2.40006 6.9852,
	2.39615 6.99302,
	2.40006 7.02429,
	2.3727 7.05165,
	2.31016 7.08683,
	2.18507 7.09074,
	2.12253 7.08683,
	2.09126 7.08292,
	2.05999 7.07119,
	1.9349 7.05947,
	1.87236 7.05947,
	1.80982 7.05165,
	1.74728 7.05165,
	1.71601 7.04774,
	1.70037 7.04774,
	1.68473 7.03992,
	1.66519 7.00865,
	1.66519 6.97738,
	"/>
<Contour name="d07c04" hidden="false" closed="true" simplified="true" border="1 0 0" fill="0 1 0" mode="9"
 points="1.68083 6.91875,
	1.70819 6.89138,
	1.77073 6.87966,
	1.83327 6.87966,
	1.83718 6.91093,
	1.83718 6.92656,
	1.83718 6.93438,
	1.82155 6.94611,
	1.80591 6.94611,
	1.77464 6.95784,
	1.7121 6.96174,
	1.69646 6.95784,
	1.68083 6.9422,
	1.68083 6.92656,
	1.68083 6.92266,
	"/>
<Contour name="d07cfa04" hidden="false" closed="false" simplified="false" border="0 1 1" fill="0 1 1" mode="9"
 points="1.69015 6.94761,
	1.74878 6.92416,
	1.78787 6.92416,
	1.83478 6.92025,
	"/>
</Transform>

<Transform dim="0"
 xcoef=" 0 1 0 0 0 0"
 ycoef=" 0 0 1 0 0 0">
<Contour name="ax28" comment="LK bouton trace named after cfa" hidden="false" closed="true" simplified="true" border="0 1 1" fill="0.502 1 1" mode="9"
 points="5.3928 3.2361,
	5.39559 3.22494,
	5.40535 3.20263,
	5.41023 3.19147,
	5.41232 3.18032,
	5.4179 3.16916,
	5.42139 3.16358,
	5.43115 3.15242,
	5.43394 3.14963,
	5.4444 3.12732,
	5.44928 3.11616,
	5.45625 3.09385,
	5.45974 3.07154,
	5.46113 3.06596,
	5.47229 3.04365,
	5.47508 3.03807,
	5.48484 3.02761,
	5.496 3.02203,
	5.50715 3.01994,
	5.51273 3.01785,
	5.52389 3.01645,
	5.52947 3.01297,
	5.53993 3.0032,
	5.54481 2.99763,
	5.5476 2.99484,
	5.55387 2.98368,
	5.56154 2.97252,
	5.5727 2.96276,
	5.58385 2.95649,
	5.58943 2.953,
	5.61175 2.93278,
	5.61454 2.92999,
	5.62569 2.92371,
	5.63685 2.91465,
	5.64731 2.90349,
	5.65846 2.89861,
	5.66962 2.89513,
	5.68078 2.89024,
	5.70309 2.87421,
	5.71425 2.86654,
	5.7254 2.86026,
	5.73656 2.85677,
	5.75887 2.84632,
	5.76445 2.84213,
	5.77352 2.83098,
	5.7784 2.8254,
	5.78119 2.82261,
	5.79234 2.81564,
	5.81466 2.79332,
	5.82581 2.78286,
	5.83697 2.77589,
	5.84813 2.77031,
	5.85928 2.76683,
	5.87044 2.76543,
	5.8816 2.76613,
	5.88717 2.76683,
	5.89275 2.76892,
	5.90182 2.77938,
	5.91576 2.80169,
	5.92483 2.81285,
	5.92762 2.81564,
	5.94365 2.83795,
	5.94853 2.84353,
	5.95481 2.85468,
	5.95899 2.86584,
	5.96457 2.88815,
	5.96736 2.89931,
	5.96806 2.9021,
	5.96666 2.91326,
	5.97433 2.95788,
	5.97224 2.98019,
	5.97015 2.99135,
	5.96876 3.01366,
	5.96457 3.03598,
	5.96388 3.04156,
	5.95969 3.05271,
	5.9576 3.06387,
	5.9569 3.08618,
	5.95551 3.09734,
	5.95551 3.10292,
	5.95551 3.10571,
	5.95272 3.11128,
	5.95132 3.11407,
	5.95063 3.13639,
	5.94993 3.14196,
	5.94226 3.16428,
	5.93947 3.17543,
	5.92971 3.19775,
	5.92343 3.2089,
	5.91367 3.22006,
	5.90321 3.22843,
	5.90042 3.23958,
	5.89833 3.2619,
	5.89833 3.26748,
	5.89066 3.28979,
	5.87881 3.3121,
	5.86974 3.32326,
	5.84813 3.34557,
	5.84185 3.35673,
	5.83418 3.36788,
	5.81256 3.38811,
	5.80699 3.39368,
	5.8028 3.39926,
	5.80211 3.42158,
	5.80141 3.43273,
	5.79932 3.44389,
	5.79932 3.44668,
	5.79443 3.45783,
	5.79095 3.46341,
	5.78119 3.47457,
	5.77561 3.47806,
	5.77421 3.47806,
	5.77142 3.48015,
	5.74911 3.47945,
	5.73795 3.47527,
	5.73238 3.47387,
	5.73098 3.47248,
	5.70867 3.47108,
	5.69751 3.47178,
	5.6752 3.46969,
	5.66404 3.4676,
	5.64173 3.46132,
	5.63894 3.46062,
	5.63615 3.45853,
	5.62499 3.45435,
	5.6236 3.45295,
	5.61802 3.45086,
	5.61523 3.44877,
	5.59292 3.44249,
	5.58734 3.44459,
	5.58455 3.44598,
	5.5734 3.44668,
	5.56782 3.44877,
	5.56224 3.44947,
	5.55108 3.44738,
	5.52877 3.43901,
	5.51761 3.43413,
	5.4953 3.41181,
	5.48414 3.40414,
	5.47299 3.39787,
	5.46741 3.39508,
	5.4451 3.37834,
	5.43394 3.36998,
	5.42836 3.36649,
	5.4172 3.35533,
	5.41232 3.34976,
	5.40605 3.3386,
	5.40186 3.32744,
	5.39838 3.30513,
	5.39698 3.28282,
	5.39419 3.2605,
	5.3928 3.24935,
	5.3928 3.23819,
	5.3928 3.2368,
	"/>
</Transform>

</Section>