<?xml version="1.0"?>
<!DOCTYPE Section SYSTEM "section.dtd">

<Section index="40" thickness="0.045" alignLocked="true">
<Transform dim="6"
 xcoef=" -0.0302944306946368 0.999252931972115 0.00456778941033344 0 0 0"
 ycoef=" 0.0118401350385076 -0.00251688053021145 1.00612141213711 0 0 0">
<Image mag="0.00217507" contrast="0.917" brightness="0.12" red="true" green="true" blue="true"
 src="FHLTD.40.jpg" />
<Contour name="domain1" hidden="false" closed="true" simplified="false" border="1 0 1" fill="1 0 1" mode="11"
 points="0 0,
	4096 0,
	4096 4096,
	0 4096,
	"/>
</Transform>

<Transform dim="1"
 xcoef=" -1.14 1 0 0 0 0"
 ycoef=" -0.53 0 1 0 0 0">
<Contour name="D05" hidden="false" closed="true" simplified="true" border="1 1 0" fill="1 1 0" mode="11"
 points="2.15299 4.10404,
	2.16475 4.03163,
	2.19888 3.96632,
	2.25205 3.91448,
	2.31904 3.8812,
	2.39329 3.86974,
	2.46755 3.8812,
	2.53454 3.91448,
	2.58771 3.96632,
	2.62184 4.03163,
	2.6336 4.10404,
	2.62184 4.17644,
	2.58771 4.24175,
	2.53454 4.29359,
	2.46755 4.32687,
	2.39329 4.33833,
	2.31904 4.32687,
	2.25205 4.29359,
	2.19888 4.24175,
	"/>
</Transform>

<Transform dim="0"
 xcoef=" 0 1 0 0 0 0"
 ycoef=" 0 0 1 0 0 0">
<Contour name="d01" hidden="false" closed="true" simplified="true" border="1 0.5 0" fill="1 0.5 0" mode="-11"
 points="4.97472 1.7393,
	5.01702 1.65472,
	5.03288 1.63357,
	5.05402 1.623,
	5.09632 1.5807,
	5.15447 1.5014,
	5.17033 1.48554,
	5.17561 1.4644,
	5.18619 1.45382,
	5.19147 1.47497,
	5.21791 1.39567,
	5.21791 1.3851,
	5.30249 1.35866,
	5.32364 1.35338,
	5.33421 1.34281,
	5.4188 1.31637,
	5.46109 1.31109,
	5.54568 1.28465,
	5.58797 1.26879,
	5.60912 1.26351,
	5.63027 1.26879,
	5.65141 1.28465,
	5.6567 1.29523,
	5.65141 1.3058,
	5.6937 1.30051,
	5.736 1.27408,
	5.77829 1.26879,
	5.86288 1.28465,
	5.88402 1.28465,
	5.92632 1.3058,
	6.0109 1.3058,
	6.0532 1.30051,
	6.06377 1.30051,
	6.06906 1.31109,
	6.06377 1.33223,
	6.02676 1.36924,
	5.94218 1.37981,
	5.9316 1.39038,
	5.93689 1.43268,
	5.93689 1.44325,
	5.95275 1.4644,
	6.03734 1.49612,
	6.07963 1.50669,
	6.06906 1.67586,
	6.0109 1.76045,
	5.98447 1.79746,
	5.94746 1.83975,
	5.93689 1.84504,
	5.91046 1.92962,
	5.91046 1.95077,
	5.91046 1.96134,
	5.88931 1.9772,
	5.87874 1.98777,
	5.87874 2.00892,
	5.86816 2.01949,
	5.86288 2.04064,
	5.84702 2.0565,
	5.82587 2.04593,
	5.81001 2.02478,
	5.78886 2.01949,
	5.76772 2.02478,
	5.73071 2.06179,
	5.71485 2.07765,
	5.70956 2.11994,
	5.71485 2.1358,
	5.72542 2.13051,
	5.736 2.1358,
	5.72014 2.15695,
	5.70956 2.15695,
	5.68842 2.17281,
	5.68313 2.19395,
	5.67784 2.20453,
	5.6937 2.22567,
	5.69899 2.26797,
	5.6937 2.28911,
	5.67256 2.31026,
	5.63027 2.31555,
	5.58797 2.31026,
	5.56683 2.2944,
	5.56683 2.28383,
	5.48753 2.22039,
	5.44523 2.19395,
	5.40294 2.18867,
	5.38179 2.17809,
	5.3395 2.14109,
	5.29721 2.14637,
	5.25491 2.17281,
	5.21262 2.15695,
	5.20205 2.15695,
	5.1809 2.1358,
	5.19147 2.12523,
	5.19147 2.10408,
	5.19147 2.09351,
	5.20733 2.07236,
	5.1809 2.03007,
	5.14389 1.99306,
	5.13332 1.90847,
	5.09632 1.82389,
	5.08574 1.7816,
	5.07517 1.77102,
	4.99058 1.76574,
	4.97472 1.74988,
	4.97472 1.74459,
	"/>
</Transform>

<Transform dim="0"
 xcoef=" 0 1 0 0 0 0"
 ycoef=" 0 0 1 0 0 0">
<Contour name="d02" hidden="false" closed="true" simplified="true" border="0.5 0 1" fill="0.5 0 1" mode="9"
 points="3.45935 6.08045,
	3.47186 6.06794,
	3.47186 6.05543,
	3.5657 5.96785,
	3.57821 5.94283,
	3.57821 5.89278,
	3.63451 5.79269,
	3.64702 5.74265,
	3.65327 5.73013,
	3.622 5.63004,
	3.62825 5.60502,
	3.64702 5.58626,
	3.67204 5.59251,
	3.69706 5.61128,
	3.70332 5.62379,
	3.80341 5.65507,
	3.82217 5.70511,
	3.82217 5.73013,
	3.80341 5.78018,
	3.79715 5.83022,
	3.79715 5.85525,
	3.76587 5.95534,
	3.75962 6.00538,
	3.74711 6.0304,
	3.72209 6.05543,
	3.67204 6.06794,
	3.64702 6.08045,
	3.59697 6.08045,
	3.57195 6.0867,
	3.55944 6.0867,
	3.54693 6.09922,
	3.49688 6.09922,
	3.47186 6.09296,
	3.45935 6.0867,
	"/>
</Transform>

<Transform dim="0"
 xcoef=" 0 1 0 0 0 0"
 ycoef=" 0 0 1 0 0 0">
<Contour name="d02p40" hidden="false" closed="true" simplified="false" border="0 1 1" fill="0 1 1" mode="9"
 points="5.217 5.85982,
	5.23986 5.83696,
	5.14843 5.74553,
	5.17129 5.72268,
	5.26271 5.8141,
	5.28557 5.79125,
	5.28557 5.85982,
	"/>
</Transform>

<Transform dim="0"
 xcoef=" 0 1 0 0 0 0"
 ycoef=" 0 0 1 0 0 0">
<Contour name="d02c40" hidden="false" closed="true" simplified="true" border="0 1 0" fill="0 1 0" mode="9"
 points="5.06587 5.67142,
	5.07279 5.6645,
	5.10047 5.6645,
	5.10739 5.6645,
	5.13507 5.68526,
	5.17314 5.74062,
	5.17314 5.74754,
	5.18006 5.75447,
	5.18352 5.78215,
	5.19736 5.79599,
	5.20774 5.80291,
	5.23196 5.83059,
	5.23542 5.88596,
	5.2285 5.91364,
	5.21812 5.92748,
	5.19044 5.93786,
	5.1766 5.94132,
	5.16276 5.92748,
	5.15583 5.91364,
	5.15583 5.85827,
	5.14545 5.80291,
	5.14545 5.78907,
	5.13507 5.76139,
	5.13161 5.74754,
	5.11085 5.72332,
	5.08317 5.70602,
	5.06933 5.69564,
	5.06587 5.6818,
	5.06587 5.67488,
	"/>
</Transform>

<Transform dim="0"
 xcoef=" 0 1 0 0 0 0"
 ycoef=" 0 0 1 0 0 0">
<Contour name="d02cfa40" hidden="false" closed="false" simplified="false" border="0 1 1" fill="0 1 1" mode="9"
 points="5.06492 5.66617,
	5.14797 5.73191,
	5.17219 5.79766,
	5.19987 5.85994,
	5.18949 5.92915,
	"/>
</Transform>

<Transform dim="0"
 xcoef=" 0 1 0 0 0 0"
 ycoef=" 0 0 1 0 0 0">
<Contour name="d03" hidden="false" closed="true" simplified="true" border="0 1 0" fill="0 1 0" mode="9"
 points="2.84934 3.40181,
	2.87544 3.33221,
	2.89067 3.29741,
	2.89937 3.2278,
	2.90154 3.2191,
	2.93634 3.20388,
	2.97115 3.19953,
	2.97985 3.19953,
	3.00812 3.1669,
	3.01682 3.1582,
	3.0364 3.1234,
	3.0451 3.106,
	3.06032 3.09077,
	3.09295 3.06902,
	3.13863 2.99942,
	3.16255 2.96462,
	3.17343 2.94722,
	3.17995 2.93852,
	3.18865 2.93634,
	3.19735 2.93852,
	3.23215 2.96897,
	3.26696 2.99072,
	3.28436 3.0016,
	3.29958 3.01682,
	3.34091 3.08642,
	3.36048 3.12123,
	3.39528 3.15168,
	3.43009 3.17778,
	3.46489 3.18213,
	3.48229 3.18213,
	3.49099 3.1843,
	3.50839 3.19518,
	3.52361 3.2104,
	3.54536 3.28001,
	3.56059 3.41921,
	3.56276 3.43661,
	3.56494 3.44531,
	3.54971 3.48011,
	3.53014 3.51491,
	3.52144 3.53231,
	3.51274 3.56711,
	3.51056 3.57582,
	3.51056 3.58017,
	3.47576 3.61062,
	3.44096 3.63454,
	3.42356 3.64324,
	3.35396 3.64759,
	3.31916 3.65194,
	3.30176 3.65629,
	3.29306 3.65629,
	3.25825 3.67152,
	3.22563 3.69544,
	3.22998 3.76505,
	3.22998 3.7694,
	3.21258 3.78027,
	3.19518 3.77375,
	3.16038 3.74112,
	3.14298 3.72589,
	3.10818 3.71502,
	3.07337 3.69979,
	3.05597 3.69109,
	3.02335 3.65629,
	3.01465 3.64759,
	3.00812 3.61279,
	3.00595 3.60409,
	2.9755 3.56929,
	2.96027 3.55189,
	2.93852 3.51709,
	2.86892 3.45401,
	2.86239 3.44531,
	2.85152 3.41051,
	2.84934 3.40398,
	"/>
</Transform>

<Transform dim="0"
 xcoef=" 0 1 0 0 0 0"
 ycoef=" 0 0 1 0 0 0">
<Contour name="d03" hidden="false" closed="true" simplified="true" border="0 1 0" fill="0 1 0" mode="9"
 points="1.84649 3.34759,
	1.85711 3.33962,
	1.86243 3.33165,
	1.88103 3.31571,
	1.89431 3.29711,
	1.93416 3.26788,
	1.95542 3.25194,
	1.96604 3.24663,
	1.97136 3.24663,
	1.98995 3.23069,
	1.99527 3.23069,
	2.01387 3.21475,
	2.05638 3.19084,
	2.07497 3.17489,
	2.09623 3.16692,
	2.13874 3.16692,
	2.14936 3.16958,
	2.17062 3.19084,
	2.19187 3.20146,
	2.21313 3.20412,
	2.25564 3.23334,
	2.29815 3.23334,
	2.3194 3.23069,
	2.36191 3.24663,
	2.37254 3.2546,
	2.38316 3.27585,
	2.38316 3.31836,
	2.38051 3.32899,
	2.38051 3.3343,
	2.37519 3.33962,
	2.3566 3.38213,
	2.34863 3.40338,
	2.34863 3.44589,
	2.34065 3.46449,
	2.33268 3.47246,
	2.29018 3.47511,
	2.24767 3.47246,
	2.22641 3.46714,
	2.1839 3.44855,
	2.14139 3.44323,
	2.09888 3.42729,
	2.05638 3.41666,
	1.97136 3.41666,
	1.92885 3.41401,
	1.88634 3.40604,
	1.87571 3.40338,
	1.85711 3.38213,
	1.84649 3.36087,
	1.84649 3.35024,
	"/>
</Transform>

<Transform dim="0"
 xcoef=" 0 1 0 0 0 0"
 ycoef=" 0 0 1 0 0 0">
<Contour name="d06" hidden="false" closed="true" simplified="true" border="0 0 1" fill="0 0 1" mode="9"
 points="1.37575 7.68125,
	1.39008 7.65832,
	1.41301 7.64112,
	1.45886 7.61532,
	1.48179 7.60673,
	1.57351 7.60386,
	1.61937 7.60673,
	1.66523 7.59813,
	1.75694 7.59526,
	1.8028 7.57233,
	1.84866 7.54367,
	1.89452 7.50928,
	1.98623 7.47202,
	2.16967 7.46915,
	2.19259 7.46342,
	2.20406 7.46342,
	2.22699 7.45482,
	2.27285 7.45196,
	2.28431 7.45482,
	2.29578 7.46342,
	2.34163 7.46629,
	2.36456 7.46629,
	2.37889 7.48921,
	2.39896 7.50928,
	2.40182 7.52074,
	2.41902 7.54367,
	2.42475 7.55514,
	2.43048 7.56087,
	2.43048 7.65258,
	2.42762 7.69844,
	2.42475 7.72137,
	2.41902 7.73284,
	2.42762 7.7443,
	2.44768 7.75863,
	2.45915 7.7615,
	2.46488 7.77296,
	2.46488 7.81882,
	2.46488 7.83029,
	2.45915 7.83602,
	2.44768 7.83602,
	2.43622 7.84175,
	2.41329 7.84462,
	2.39036 7.85321,
	2.3445 7.85895,
	2.29864 7.85895,
	2.20693 7.87328,
	2.184 7.87614,
	2.09228 7.85608,
	2.06935 7.84462,
	2.02349 7.83315,
	2.00056 7.82742,
	1.97763 7.81309,
	1.93178 7.7701,
	1.91458 7.74717,
	1.90885 7.72424,
	1.90885 7.70131,
	1.90598 7.69271,
	1.86012 7.69271,
	1.85439 7.69844,
	1.67096 7.69844,
	1.57924 7.70131,
	1.55631 7.70704,
	1.53338 7.71851,
	1.44167 7.73284,
	1.39581 7.73284,
	1.38434 7.7271,
	1.37575 7.71564,
	1.37575 7.69271,
	1.37575 7.68411,
	"/>
</Transform>

<Transform dim="0"
 xcoef=" 0 1 0 0 0 0"
 ycoef=" 0 0 1 0 0 0">
<Contour name="d06" hidden="false" closed="true" simplified="true" border="0 0 1" fill="0 0 1" mode="9"
 points="2.70277 7.72424,
	2.72856 7.67838,
	2.74003 7.66692,
	2.75149 7.64399,
	2.79448 7.60959,
	2.80595 7.59813,
	2.84894 7.57233,
	2.8948 7.57233,
	2.91773 7.57233,
	2.92346 7.5752,
	2.92059 7.62106,
	2.91773 7.63252,
	2.91773 7.63825,
	2.91199 7.64399,
	2.90913 7.66692,
	2.90913 7.67838,
	2.89766 7.70131,
	2.89766 7.70704,
	2.89193 7.71277,
	2.8862 7.7357,
	2.84894 7.77869,
	2.83748 7.78443,
	2.79162 7.78443,
	2.76869 7.78443,
	2.76296 7.77869,
	2.74003 7.77296,
	2.72856 7.7701,
	2.70563 7.75003,
	2.70277 7.7271,
	"/>
</Transform>

<Transform dim="0"
 xcoef=" 0 1 0 0 0 0"
 ycoef=" 0 0 1 0 0 0">
<Contour name="d06c03" hidden="false" closed="true" simplified="true" border="0 1 0" fill="0 1 0" mode="9"
 points="2.86425 7.69314,
	2.87635 7.66086,
	2.87635 7.64473,
	2.87635 7.63666,
	2.90863 7.61245,
	2.92476 7.60842,
	2.9409 7.61245,
	2.953 7.677,
	2.953 7.70927,
	2.953 7.71734,
	2.93687 7.73348,
	2.93283 7.74155,
	2.90056 7.74558,
	2.88442 7.74558,
	2.86829 7.72944,
	2.86425 7.69717,
	"/>
<Contour name="d06cfa03" hidden="false" closed="false" simplified="false" border="0 1 1" fill="0 1 1" mode="9"
 points="2.89358 7.74005,
	2.91375 7.70374,
	2.92182 7.6513,
	2.92585 7.60692,
	"/>
</Transform>

<Transform dim="0"
 xcoef=" 0 1 0 0 0 0"
 ycoef=" 0 0 1 0 0 0">
<Contour name="d07" hidden="false" closed="true" simplified="true" border="1 0 1" fill="1 0 1" mode="9"
 points="2.36488 6.98106,
	2.39587 6.92598,
	2.40963 6.89844,
	2.41652 6.89155,
	2.41996 6.83648,
	2.41652 6.7814,
	2.40619 6.75386,
	2.40963 6.69878,
	2.41652 6.68846,
	2.43029 6.67469,
	2.54044 6.67469,
	2.56798 6.67813,
	2.62306 6.71944,
	2.6506 6.73665,
	2.67814 6.74698,
	2.70568 6.77452,
	2.71944 6.78828,
	2.72289 6.81582,
	2.7401 6.84336,
	2.76419 6.8709,
	2.78141 6.89844,
	2.79173 6.92598,
	2.79518 6.93975,
	2.80895 6.95352,
	2.86402 6.97761,
	2.9191 6.96729,
	2.97418 6.9363,
	2.98795 6.92942,
	3.03958 6.87434,
	3.06712 6.8468,
	3.1222 6.81238,
	3.14974 6.79173,
	3.17728 6.7814,
	3.19104 6.77796,
	3.19793 6.77107,
	3.22547 6.76763,
	3.25301 6.7573,
	3.26678 6.75042,
	3.32185 6.75042,
	3.33562 6.74698,
	3.34251 6.74353,
	3.39758 6.75042,
	3.40791 6.76075,
	3.41135 6.81582,
	3.40103 6.8709,
	3.40103 6.88467,
	3.37693 6.90188,
	3.36316 6.90188,
	3.25301 6.94663,
	3.23924 6.95696,
	3.18416 6.97073,
	3.07401 6.97073,
	3.04647 6.98106,
	3.02581 7.00171,
	2.97762 7.05334,
	2.95697 7.07744,
	2.95008 7.09121,
	2.92254 7.10842,
	2.90533 7.13252,
	2.88123 7.15661,
	2.86747 7.16694,
	2.86058 7.17038,
	2.8537 7.19792,
	2.85714 7.22546,
	2.86747 7.23579,
	2.92254 7.23923,
	2.95008 7.24267,
	2.95697 7.24956,
	2.96041 7.30463,
	2.96041 7.33217,
	2.96041 7.33906,
	2.94664 7.34939,
	2.93287 7.37692,
	2.92943 7.38381,
	2.90189 7.39414,
	2.895 7.40102,
	2.88123 7.40102,
	2.87435 7.40102,
	2.86058 7.41479,
	2.84681 7.42167,
	2.73666 7.42167,
	2.72289 7.42167,
	2.69879 7.39414,
	2.69191 7.38725,
	2.68158 7.35971,
	2.65748 7.33217,
	2.64027 7.30463,
	2.63683 7.29087,
	2.61962 7.26333,
	2.56798 7.21169,
	2.55421 7.20481,
	2.54044 7.20481,
	2.5129 7.19448,
	2.46127 7.1394,
	2.45094 7.12563,
	2.44406 7.11875,
	2.44062 7.10498,
	2.43029 7.09465,
	2.40275 7.08777,
	2.37521 7.074,
	2.36488 7.04646,
	2.36488 6.99138,
	2.36488 6.9845,
	"/>
</Transform>

<Transform dim="0"
 xcoef=" 0 1 0 0 0 0"
 ycoef=" 0 0 1 0 0 0">
<Contour name="d08" hidden="false" closed="true" simplified="true" border="1 0 0" fill="1 0 0" mode="9"
 points="6.03093 4.70811,
	6.0499 4.70337,
	6.05938 4.71285,
	6.13524 4.71285,
	6.2111 4.72234,
	6.24903 4.72234,
	6.31541 4.65596,
	6.39127 4.60854,
	6.45291 4.53742,
	6.52877 4.49475,
	6.5667 4.47579,
	6.58567 4.46631,
	6.59515 4.46156,
	6.63308 4.47579,
	6.65204 4.47579,
	6.66627 4.49475,
	6.66627 4.53268,
	6.66153 4.55165,
	6.64256 4.56113,
	6.58567 4.63225,
	6.55722 4.6607,
	6.53825 4.6607,
	6.51455 4.67966,
	6.50506 4.67966,
	6.4861 4.69389,
	6.46713 4.69863,
	6.45765 4.70811,
	6.38179 4.73182,
	6.30593 4.77449,
	6.28696 4.78871,
	6.2111 4.7982,
	6.05938 4.79346,
	6.0499 4.79346,
	6.03093 4.77449,
	6.03093 4.73656,
	6.03093 4.71759,
	6.03093 4.71285,
	"/>
<Contour name="d08" hidden="false" closed="true" simplified="true" border="1 0 0" fill="1 0 0" mode="9"
 points="5.03052 4.83139,
	5.10638 4.79346,
	5.14431 4.77923,
	5.22017 4.77449,
	5.2581 4.77449,
	5.33396 4.74604,
	5.37189 4.73656,
	5.67534 4.7413,
	5.6943 4.7413,
	5.71327 4.75078,
	5.7512 4.75552,
	5.76542 4.77449,
	5.76542 4.79346,
	5.76542 4.80294,
	5.75594 4.81242,
	5.72749 4.88828,
	5.72749 4.92621,
	5.72275 4.94518,
	5.70378 4.96414,
	5.69904 4.98311,
	5.62792 5.03526,
	5.60896 5.05423,
	5.59948 5.06371,
	5.58999 5.06371,
	5.57103 5.07793,
	5.55206 5.08267,
	5.40508 5.18698,
	5.35767 5.25336,
	5.31974 5.27707,
	5.24388 5.28655,
	5.20595 5.28655,
	5.18698 5.28181,
	5.11586 5.21543,
	5.07793 5.19172,
	5.06845 5.17276,
	5.03526 5.13483,
	5.04 5.0969,
	5.05897 5.05897,
	5.06845 5.04,
	5.06845 4.96414,
	5.04 4.92621,
	5.03052 4.88828,
	5.03052 4.85035,
	5.03052 4.83613,
	"/>
</Transform>

<Transform dim="0"
 xcoef=" 0 1 0 0 0 0"
 ycoef=" 0 0 1 0 0 0">
<Contour name="d08" hidden="false" closed="true" simplified="true" border="1 0 0" fill="1 0 0" mode="9"
 points="4.71759 4.33829,
	4.73182 4.31932,
	4.76975 4.30036,
	4.84561 4.28614,
	4.88354 4.27665,
	4.92147 4.28139,
	4.94044 4.29088,
	4.94992 4.29088,
	4.96888 4.30984,
	5.00681 4.32407,
	5.02104 4.34303,
	5.02104 4.38096,
	5.02104 4.39044,
	4.9594 4.46156,
	4.92147 4.47105,
	4.84561 4.47105,
	4.80768 4.44734,
	4.78871 4.4426,
	4.75078 4.40941,
	4.72234 4.37148,
	4.71759 4.35251,
	4.71759 4.34303,
	"/>
</Transform>

<Transform dim="0"
 xcoef=" 0 1 0 0 0 0"
 ycoef=" 0 0 1 0 0 0">
<Contour name="d08" hidden="false" closed="true" simplified="true" border="1 0 0" fill="1 0 0" mode="9"
 points="4.79877 3.87206,
	4.81673 3.84333,
	4.82751 3.83255,
	4.85624 3.83614,
	4.86702 3.84692,
	4.88138 3.90439,
	4.88138 3.96186,
	4.88138 3.99059,
	4.85624 4.01574,
	4.84906 4.02292,
	4.82032 4.02292,
	4.80595 4.01215,
	4.79877 3.98341,
	4.79877 3.92594,
	4.79877 3.89721,
	4.79877 3.88284,
	4.79877 3.87565,
	"/>
</Transform>

<Transform dim="0"
 xcoef=" 0 1 0 0 0 0"
 ycoef=" 0 0 1 0 0 0">
<Contour name="d08" hidden="false" closed="true" simplified="true" border="1 0 0" fill="1 0 0" mode="9"
 points="4.18815 4.2995,
	4.20611 4.27076,
	4.26358 4.23844,
	4.32105 4.22407,
	4.43599 4.22407,
	4.46472 4.22766,
	4.47909 4.24203,
	4.59403 4.24921,
	4.62277 4.25639,
	4.63714 4.26358,
	4.68742 4.32105,
	4.71616 4.34978,
	4.73771 4.37852,
	4.75208 4.39289,
	4.76644 4.40007,
	4.79518 4.42881,
	4.80955 4.43958,
	4.81673 4.44677,
	4.81673 4.4755,
	4.81314 4.48987,
	4.81314 4.49705,
	4.79877 4.50783,
	4.79518 4.51501,
	4.78081 4.5186,
	4.74848 4.57607,
	4.69101 4.62995,
	4.66228 4.64791,
	4.64791 4.6551,
	4.64073 4.66228,
	4.58326 4.66587,
	4.55452 4.66587,
	4.52579 4.65869,
	4.47191 4.60481,
	4.45395 4.57607,
	4.45754 4.54734,
	4.46832 4.53297,
	4.4755 4.52579,
	4.50424 4.5222,
	4.53297 4.49705,
	4.53656 4.43958,
	4.53656 4.41085,
	4.52579 4.39648,
	4.46832 4.39289,
	4.43958 4.39289,
	4.41444 4.41085,
	4.40007 4.43958,
	4.39289 4.45395,
	4.37852 4.46472,
	4.37134 4.47191,
	4.36415 4.47191,
	4.34978 4.48628,
	4.32105 4.48987,
	4.30668 4.48987,
	4.24921 4.45036,
	4.22048 4.44317,
	4.20611 4.43599,
	4.19174 4.42162,
	4.18815 4.30668,
	4.18815 4.30309,
	"/>
</Transform>

<Transform dim="0"
 xcoef=" 0 1 0 0 0 0"
 ycoef=" 0 0 1 0 0 0">
<Contour name="d08" hidden="false" closed="true" simplified="true" border="1 0 0" fill="1 0 0" mode="9"
 points="4.46472 5.33396,
	4.47909 5.32319,
	4.50783 5.3196,
	4.5222 5.32319,
	4.53656 5.33756,
	4.5653 5.34474,
	4.61918 5.39862,
	4.64791 5.42376,
	4.66228 5.43813,
	4.66587 5.4525,
	4.67665 5.46686,
	4.68383 5.4956,
	4.68024 5.61054,
	4.65869 5.63568,
	4.6084 5.67519,
	4.59403 5.68597,
	4.5653 5.68238,
	4.55452 5.66801,
	4.55452 5.63927,
	4.55452 5.62491,
	4.56171 5.61054,
	4.58685 5.58899,
	4.60122 5.56025,
	4.60481 5.54589,
	4.57967 5.51715,
	4.56171 5.48841,
	4.55811 5.43094,
	4.55452 5.40221,
	4.52579 5.38425,
	4.49705 5.37707,
	4.48268 5.37347,
	4.46832 5.3627,
	4.46472 5.33756,
	"/>
</Transform>

<Transform dim="0"
 xcoef=" 0 1 0 0 0 0"
 ycoef=" 0 0 1 0 0 0">
<Contour name="d08cfa01" hidden="false" closed="false" simplified="false" border="0 1 1" fill="0 1 1" mode="9"
 points="4.55672 5.47647,
	4.54192 5.43844,
	4.53347 5.41097,
	4.49966 5.38772,
	4.46586 5.36659,
	"/>
</Transform>

<Transform dim="0"
 xcoef=" 0 1 0 0 0 0"
 ycoef=" 0 0 1 0 0 0">
<Contour name="d02" hidden="false" closed="true" simplified="true" border="0.5 0 1" fill="0.5 0 1" mode="9"
 points="5.01074 5.63004,
	5.04202 5.58,
	5.05453 5.55498,
	5.10457 5.5237,
	5.15462 5.50493,
	5.17339 5.49242,
	5.20466 5.44238,
	5.25471 5.41735,
	5.27973 5.4111,
	5.31726 5.36105,
	5.32978 5.33603,
	5.33603 5.28599,
	5.36731 5.23594,
	5.44863 5.15462,
	5.47365 5.14836,
	5.48617 5.14836,
	5.52996 5.09832,
	5.61128 5.02951,
	5.6363 5.01074,
	5.68635 4.99197,
	5.70511 4.97946,
	5.71137 4.92942,
	5.73013 4.91065,
	5.75516 4.91065,
	5.77392 4.92942,
	5.75516 4.97946,
	5.7489 5.00448,
	5.74265 5.017,
	5.7489 5.04202,
	5.79895 5.04827,
	5.84899 5.04202,
	5.87401 5.04202,
	5.88652 5.09206,
	5.90529 5.10457,
	5.93031 5.09832,
	5.95534 5.07955,
	5.96159 4.97946,
	5.96159 4.95444,
	6.06168 4.94818,
	6.0867 4.95444,
	6.10547 4.97321,
	6.11173 5.0733,
	6.12424 5.09832,
	6.12424 5.14836,
	6.10547 5.24845,
	6.0867 5.27348,
	6.04291 5.30475,
	6.0304 5.40484,
	6.00538 5.42987,
	5.95534 5.45489,
	5.85525 5.47365,
	5.8052 5.49242,
	5.70511 5.56123,
	5.67383 5.61128,
	5.6363 5.81146,
	5.63004 5.83648,
	5.61128 5.8615,
	5.59877 5.87401,
	5.54872 5.88652,
	5.53621 5.88652,
	5.49868 5.93657,
	5.47365 5.96159,
	5.42361 5.98661,
	5.32352 6.01789,
	5.27348 6.02415,
	5.22343 6.05543,
	5.19841 6.07419,
	5.14836 6.09296,
	5.09832 6.09922,
	5.08581 6.09922,
	5.0733 6.0867,
	5.0733 6.06168,
	5.11709 6.01164,
	5.1296 5.99913,
	5.1296 5.98661,
	5.16087 5.93657,
	5.16087 5.83648,
	5.14836 5.78643,
	5.13585 5.76141,
	5.13585 5.7489,
	5.09206 5.69886,
	5.06704 5.67383,
	5.017 5.64881,
	5.01074 5.6363,
	"/>
</Transform>

<Transform dim="0"
 xcoef=" 0 1 0 0 0 0"
 ycoef=" 0 0 1 0 0 0">
<Contour name="d08c01" hidden="false" closed="true" simplified="true" border="1 0 0" fill="0 1 0" mode="9"
 points="4.42678 5.37975,
	4.44157 5.36496,
	4.45002 5.36073,
	4.51764 5.36496,
	4.53454 5.36284,
	4.54299 5.36707,
	4.55567 5.38397,
	4.5599 5.39243,
	4.56412 5.39665,
	4.56412 5.40088,
	4.57046 5.40933,
	4.57469 5.41356,
	4.57469 5.41778,
	4.58103 5.42623,
	4.58314 5.46004,
	4.58314 5.46849,
	4.57469 5.47695,
	4.54088 5.47695,
	4.53243 5.47272,
	4.51552 5.45582,
	4.50707 5.4537,
	4.50284 5.44948,
	4.48594 5.44314,
	4.46904 5.43046,
	4.45213 5.42201,
	4.44368 5.41778,
	4.42889 5.40088,
	4.42678 5.38397,
	4.42678 5.38186,
	"/>
</Transform>

<Transform dim="0"
 xcoef=" 0 1 0 0 0 0"
 ycoef=" 0 0 1 0 0 0">
<Contour name="d06p29" hidden="false" closed="true" simplified="false" border="0 1 0" fill="0 1 0" mode="-9"
 points="1.87138 7.61732,
	1.87138 7.59747,
	1.89123 7.59747,
	1.89123 7.57762,
	1.91108 7.57762,
	1.91108 7.59747,
	1.93093 7.59747,
	1.93093 7.61732,
	1.91108 7.61732,
	1.91108 7.63717,
	1.89123 7.63717,
	1.89123 7.61732,
	"/>
</Transform>

<Transform dim="0"
 xcoef=" 0 1 0 0 0 0"
 ycoef=" 0 0 1 0 0 0">
<Contour name="d07p01" hidden="false" closed="true" simplified="false" border="1 0 0" fill="1 0 0" mode="-9"
 points="2.83172 7.07139,
	2.83172 7.06643,
	2.83669 7.06146,
	2.84165 7.06146,
	2.84661 7.06643,
	2.84661 7.07139,
	2.84165 7.07635,
	2.83669 7.07635,
	"/>
</Transform>

<Transform dim="0"
 xcoef=" 0 1 0 0 0 0"
 ycoef=" 0 0 1 0 0 0">
<Contour name="ax01" comment="LK bouton trace named after cfa" hidden="false" closed="true" simplified="true" border="0 1 1" fill="0.502 1 1" mode="9"
 points="8.31046 1.00708,
	8.31273 0.994952,
	8.31273 0.991921,
	8.31425 0.98889,
	8.31501 0.982827,
	8.31804 0.976765,
	8.32259 0.970703,
	8.32941 0.946455,
	8.33092 0.940392,
	8.33623 0.928268,
	8.33698 0.925237,
	8.33926 0.922206,
	8.34456 0.910082,
	8.35138 0.898715,
	8.3529 0.897199,
	8.3529 0.895684,
	8.37184 0.872193,
	8.37639 0.866889,
	8.38245 0.861584,
	8.39457 0.854764,
	8.40594 0.84946,
	8.41806 0.848702,
	8.42413 0.848702,
	8.43019 0.850218,
	8.43322 0.851733,
	8.43474 0.851733,
	8.45747 0.871435,
	8.46277 0.875982,
	8.46884 0.879013,
	8.49308 0.879771,
	8.51733 0.88356,
	8.52339 0.885833,
	8.52946 0.889622,
	8.53552 0.894926,
	8.54385 0.906293,
	8.54537 0.909324,
	8.54689 0.910839,
	8.54689 0.922964,
	8.54537 0.925995,
	8.54461 0.932057,
	8.54158 0.937361,
	8.53931 0.940392,
	8.52718 0.947212,
	8.52112 0.952517,
	8.51051 0.959337,
	8.49915 0.967672,
	8.4946 0.972976,
	8.49157 0.97525,
	8.49005 0.978281,
	8.48475 0.984343,
	8.48172 0.989647,
	8.47338 1.00101,
	8.46126 1.01238,
	8.4552 1.01617,
	8.45368 1.01617,
	8.45216 1.01768,
	8.44004 1.02072,
	8.41579 1.02299,
	8.40367 1.02678,
	8.39306 1.0336,
	8.39003 1.03587,
	8.38851 1.03587,
	8.37639 1.04269,
	8.37336 1.04496,
	8.36123 1.04875,
	8.34911 1.04875,
	8.34305 1.048,
	8.33092 1.04345,
	8.32486 1.03966,
	8.32183 1.03814,
	8.31577 1.03208,
	8.31198 1.02602,
	8.31046 1.01996,
	8.31046 1.00783,
	"/>
</Transform>

<Transform dim="0"
 xcoef=" 0 1 0 0 0 0"
 ycoef=" 0 0 1 0 0 0">
<Contour name="d08ax17" hidden="false" closed="true" simplified="true" border="0 0 1" fill="0 0 1" mode="11"
 points="2.18332 6.22957,
	2.18912 6.22184,
	2.2041 6.20976,
	2.23503 6.18704,
	2.25049 6.17545,
	2.25823 6.1682,
	2.26209 6.16433,
	2.26596 6.16143,
	2.32781 6.12422,
	2.35874 6.10538,
	2.36261 6.10296,
	2.39354 6.09523,
	2.40127 6.09329,
	2.40513 6.09233,
	2.40707 6.09184,
	2.46892 6.09764,
	2.53078 6.10248,
	2.53851 6.10248,
	2.54238 6.10248,
	2.54431 6.10248,
	2.55977 6.10828,
	2.57524 6.11552,
	2.5791 6.11552,
	2.58104 6.11552,
	2.58297 6.12326,
	2.58345 6.12519,
	2.5849 6.12664,
	2.59263 6.12857,
	2.59457 6.12954,
	2.6023 6.13679,
	2.60617 6.13679,
	2.6081 6.13727,
	2.61728 6.15273,
	2.6197 6.1566,
	2.62308 6.16047,
	2.62501 6.1624,
	2.62598 6.16337,
	2.62598 6.16723,
	2.62646 6.16916,
	2.63033 6.17303,
	2.63129 6.174,
	2.63129 6.18946,
	2.63854 6.19381,
	2.64241 6.19526,
	2.65014 6.19526,
	2.65207 6.19526,
	2.66754 6.20444,
	2.6714 6.20686,
	2.67334 6.20782,
	2.67527 6.21169,
	2.68059 6.22715,
	2.68155 6.22909,
	2.68349 6.24455,
	2.68397 6.24842,
	2.68445 6.25035,
	2.68252 6.25808,
	2.68107 6.26195,
	2.67189 6.27741,
	2.66947 6.28128,
	2.6685 6.28321,
	2.67044 6.34507,
	2.67092 6.36053,
	2.67092 6.36826,
	2.66899 6.376,
	2.66802 6.38373,
	2.65642 6.39919,
	2.65352 6.40306,
	2.65207 6.40499,
	2.64434 6.40982,
	2.62888 6.42529,
	2.62115 6.43302,
	2.61776 6.43688,
	2.61583 6.44462,
	2.61535 6.44655,
	2.62066 6.46201,
	2.62211 6.46588,
	2.62453 6.46926,
	2.63226 6.47458,
	2.63999 6.48086,
	2.64724 6.48811,
	2.65256 6.49584,
	2.65256 6.50357,
	2.65159 6.51131,
	2.65062 6.51517,
	2.64821 6.51904,
	2.64483 6.52242,
	2.64096 6.52435,
	2.63903 6.52484,
	2.63709 6.52629,
	2.62163 6.53064,
	2.6139 6.53305,
	2.59843 6.5345,
	2.5907 6.5345,
	2.58684 6.5345,
	2.5849 6.5345,
	2.55397 6.52387,
	2.53851 6.51662,
	2.53078 6.51324,
	2.52305 6.50841,
	2.52111 6.50696,
	2.50565 6.50116,
	2.49792 6.49826,
	2.48245 6.49053,
	2.47859 6.48859,
	2.44766 6.48134,
	2.43993 6.47941,
	2.43799 6.47893,
	2.42253 6.46926,
	2.41866 6.46685,
	2.41673 6.4654,
	2.40127 6.4596,
	2.3974 6.45815,
	2.39547 6.45766,
	2.3916 6.4538,
	2.38774 6.45138,
	2.35681 6.43978,
	2.34908 6.43688,
	2.34134 6.43157,
	2.33748 6.42867,
	2.33361 6.42722,
	2.32975 6.42674,
	2.32588 6.42529,
	2.32201 6.42142,
	2.32008 6.41997,
	2.30462 6.41417,
	2.30075 6.41272,
	2.29689 6.40934,
	2.29495 6.40741,
	2.29109 6.40692,
	2.28915 6.40644,
	2.28529 6.40306,
	2.28432 6.40209,
	2.28045 6.40209,
	2.27852 6.40161,
	2.27466 6.39774,
	2.27272 6.39629,
	2.26499 6.39436,
	2.26306 6.39388,
	2.236 6.36295,
	2.22923 6.35522,
	2.21763 6.33975,
	2.21232 6.33202,
	2.19685 6.30109,
	2.19685 6.29723,
	2.19637 6.29529,
	2.1925 6.29143,
	2.19154 6.29046,
	2.18574 6.25953,
	2.18429 6.2518,
	2.18332 6.24793,
	2.18332 6.23247,
	2.18332 6.23054,
	2.18332 6.23005,
	"/>
</Transform>

<Transform dim="0"
 xcoef=" 0 1 0 0 0 0"
 ycoef=" 0 0 1 0 0 0">
<Contour name="ax28" comment="LK bouton trace named after cfa" hidden="false" closed="true" simplified="true" border="0 1 1" fill="0.502 1 1" mode="9"
 points="5.80184 3.06118,
	5.80347 3.06037,
	5.80266 3.05874,
	5.80428 3.05548,
	5.80428 3.04898,
	5.80672 3.04654,
	5.80835 3.04003,
	5.80916 3.0384,
	5.81242 3.03759,
	5.81404 3.03596,
	5.81404 3.03433,
	5.81893 3.02945,
	5.82137 3.0262,
	5.82462 3.02539,
	5.83031 3.0205,
	5.84333 3.01481,
	5.84496 3.01318,
	5.85147 3.01156,
	5.85391 3.00912,
	5.85472 3.00749,
	5.86774 3.00586,
	5.87424 3.00586,
	5.87587 3.00668,
	5.87587 3.0083,
	5.88889 3.00749,
	5.89133 3.00668,
	5.89458 3.00423,
	5.9076 3.00423,
	5.9141 3.00505,
	5.92061 3.00749,
	5.92387 3.00749,
	5.93688 3.01237,
	5.9499 3.01969,
	5.9621 3.02864,
	5.96698 3.03271,
	5.97756 3.0441,
	5.98406 3.04735,
	5.98732 3.04979,
	5.98813 3.05142,
	5.99139 3.05223,
	5.99383 3.05467,
	5.99383 3.0563,
	5.99627 3.05874,
	5.99789 3.06525,
	5.99952 3.06687,
	5.99952 3.07989,
	5.99871 3.0864,
	5.99789 3.08965,
	5.99545 3.09209,
	5.99545 3.09372,
	5.99057 3.10023,
	5.98895 3.10267,
	5.98569 3.10511,
	5.98406 3.10511,
	5.98 3.10918,
	5.97756 3.10999,
	5.97837 3.1108,
	5.9743 3.1165,
	5.97105 3.11894,
	5.96942 3.11894,
	5.96454 3.12382,
	5.95803 3.12626,
	5.95153 3.12707,
	5.94583 3.12951,
	5.9442 3.13114,
	5.94258 3.13114,
	5.94095 3.13277,
	5.93444 3.13521,
	5.93119 3.13683,
	5.92793 3.13683,
	5.92631 3.13683,
	5.92468 3.13846,
	5.91166 3.14253,
	5.88563 3.14578,
	5.87262 3.14578,
	5.86611 3.14416,
	5.86285 3.14416,
	5.84984 3.13927,
	5.84902 3.13765,
	5.8474 3.13765,
	5.83438 3.1287,
	5.83194 3.12626,
	5.82869 3.12626,
	5.81648 3.11568,
	5.81404 3.11243,
	5.81242 3.1108,
	5.81242 3.10918,
	5.80835 3.10267,
	5.80347 3.09047,
	5.80184 3.07745,
	5.80184 3.06443,
	5.80184 3.06199,
	"/>
</Transform>

</Section>