<?xml version="1.0"?>
<!DOCTYPE Section SYSTEM "section.dtd">

<Section index="79" thickness="0.045" alignLocked="true">
<Transform dim="3"
 xcoef=" 0.362340158111906 1.00147941865561 0.0356713901536403 0 0 0"
 ycoef=" -0.394750481386918 0.0137994770160253 1.02088007135545 0 0 0">
<Image mag="0.00217507" contrast="0.971299" brightness="0.075" red="true" green="true" blue="true"
 src="FHLTD.79.jpg" />
<Contour name="domain1" hidden="false" closed="true" simplified="false" border="1 0 1" fill="1 0 1" mode="11"
 points="0 0,
	4096 0,
	4096 4096,
	0 4096,
	"/>
</Transform>

<Transform dim="0"
 xcoef=" 0 1 0 0 0 0"
 ycoef=" 0 0 1 0 0 0">
<Contour name="D04" hidden="false" closed="true" simplified="true" border="1 0 0" fill="1 0 0" mode="11"
 points="1.77492 4.84996,
	1.77778 4.81096,
	1.78628 4.77281,
	1.80024 4.73634,
	1.81936 4.70235,
	1.84323 4.67158,
	1.87131 4.6447,
	1.90299 4.6223,
	1.9376 4.60487,
	1.97436 4.59278,
	2.01248 4.5863,
	2.05113 4.58558,
	2.08947 4.59063,
	2.12665 4.60133,
	2.16186 4.61746,
	2.19435 4.63866,
	2.22339 4.66447,
	2.24836 4.69432,
	2.26871 4.72758,
	2.28399 4.7635,
	2.29388 4.80131,
	2.29816 4.84018,
	2.29673 4.87926,
	2.28963 4.91771,
	2.27701 4.95467,
	2.25914 4.98936,
	2.23642 5.021,
	2.20934 5.04891,
	2.17849 5.07248,
	2.14455 5.09119,
	2.10825 5.10464,
	2.07039 5.11254,
	2.03179 5.11471,
	1.9933 5.1111,
	1.95576 5.10179,
	1.91998 5.08699,
	1.88674 5.06702,
	1.85678 5.04231,
	1.83073 5.01341,
	1.80918 4.98094,
	1.79259 4.94562,
	1.78133 4.9082,
	"/>
<Contour name="D05" hidden="false" closed="true" simplified="true" border="1 1 0" fill="1 1 0" mode="11"
 points="2.45299 4.16404,
	2.46475 4.09163,
	2.49888 4.02632,
	2.55205 3.97448,
	2.61904 3.9412,
	2.69329 3.92974,
	2.76755 3.9412,
	2.83454 3.97448,
	2.88771 4.02632,
	2.92184 4.09163,
	2.9336 4.16404,
	2.92184 4.23644,
	2.88771 4.30175,
	2.83454 4.35359,
	2.76755 4.38687,
	2.69329 4.39833,
	2.61904 4.38687,
	2.55205 4.35359,
	2.49888 4.30175,
	"/>
<Contour name="d01" hidden="true" closed="true" simplified="true" border="1 0.5 0" fill="1 0.5 0" mode="9"
 points="6.41196 1.93919,
	6.43725 1.90968,
	6.45411 1.90124,
	6.48784 1.90124,
	6.55529 1.8886,
	6.62274 1.8886,
	6.6396 1.89281,
	6.64382 1.92654,
	6.61009 1.94762,
	6.54686 1.96869,
	6.56372 1.96869,
	6.56794 1.97291,
	6.55107 1.98134,
	6.53421 1.98134,
	6.50049 1.99399,
	6.48362 2.00242,
	6.47098 1.97291,
	6.45411 1.97713,
	6.43725 1.97291,
	6.4246 1.95605,
	6.41617 1.94762,
	6.41617 1.9434,
	"/>
<Contour name="d01c45" hidden="false" closed="true" simplified="true" border="0 1 0" fill="0 1 0" mode="9"
 points="6.4749 1.89568,
	6.49641 1.88762,
	6.53943 1.87955,
	6.58246 1.87686,
	6.60397 1.87686,
	6.61472 1.87686,
	6.61741 1.88224,
	6.61472 1.89299,
	6.60397 1.90375,
	6.56095 1.91719,
	6.53943 1.92257,
	6.51792 1.92257,
	6.50717 1.91719,
	6.50179 1.91182,
	6.48028 1.90644,
	6.4749 1.90106,
	6.4749 1.89837,
	"/>
<Contour name="d01cfa45" hidden="false" closed="false" simplified="false" border="0 1 1" fill="0 1 1" mode="9"
 points="6.61872 1.88398,
	6.59183 1.88667,
	6.53268 1.88936,
	6.47621 1.9028,
	"/>
<Contour name="D10" hidden="false" closed="true" simplified="true" border="0 1 1" fill="0 1 1" mode="11"
 points="3.87236 2.3453,
	3.88046 2.31068,
	3.90395 2.27945,
	3.94053 2.25467,
	3.98663 2.23876,
	4.03773 2.23327,
	4.08884 2.23876,
	4.13493 2.25467,
	4.17152 2.27945,
	4.19501 2.31068,
	4.2031 2.3453,
	4.19501 2.37991,
	4.17152 2.41114,
	4.13493 2.43593,
	4.08884 2.45184,
	4.03773 2.45732,
	3.98663 2.45184,
	3.94053 2.43593,
	3.90395 2.41114,
	"/>
<Contour name="d03c04b" hidden="false" closed="true" simplified="true" border="1 0 0" fill="1 0 0" mode="9"
 points="3.15001 2.25623,
	3.18634 2.1981,
	3.2154 2.16904,
	3.22267 2.16177,
	3.22994 2.16177,
	3.25537 2.1436,
	3.3135 2.13997,
	3.32077 2.13997,
	3.32803 2.14724,
	3.3244 2.20537,
	3.31713 2.23443,
	3.3135 2.2308,
	3.29897 2.2417,
	3.259 2.2962,
	3.23357 2.32163,
	3.21904 2.3289,
	3.18997 2.3289,
	3.16091 2.318,
	3.15001 2.30346,
	3.15001 2.2744,
	3.15001 2.25987,
	"/>
<Contour name="d03cfa04b" hidden="false" closed="false" simplified="false" border="0 1 1" fill="0 1 1" mode="9"
 points="3.17388 2.32182,
	3.19568 2.26733,
	3.27198 2.19103,
	3.32648 2.14016,
	"/>
<Contour name="d06" hidden="true" closed="true" simplified="true" border="0 0 1" fill="0 0 1" mode="11"
 points="1.76678 7.49905,
	1.78628 7.45446,
	1.81136 7.40988,
	1.89497 7.32906,
	1.93955 7.30119,
	1.96185 7.29005,
	2.00643 7.2789,
	2.02873 7.27611,
	2.05102 7.26497,
	2.09561 7.25382,
	2.27396 7.25382,
	2.31855 7.25382,
	2.34084 7.25661,
	2.36035 7.27611,
	2.37149 7.28447,
	2.38543 7.30677,
	2.40494 7.32906,
	2.41051 7.33463,
	2.40772 7.37922,
	2.40215 7.39037,
	2.37985 7.40709,
	2.35756 7.41266,
	2.35199 7.41824,
	2.3492 7.50741,
	2.35199 7.5297,
	2.35199 7.54085,
	2.36592 7.56315,
	2.37428 7.58544,
	2.38264 7.59659,
	2.391 7.61888,
	2.40494 7.64117,
	2.4133 7.65232,
	2.41051 7.67461,
	2.40215 7.68576,
	2.37985 7.69969,
	2.33527 7.7192,
	2.31297 7.73313,
	2.3074 7.73313,
	2.28511 7.74985,
	2.27117 7.76936,
	2.26839 7.78051,
	2.27675 7.8028,
	2.29904 7.8251,
	2.31297 7.84182,
	2.33248 7.85854,
	2.33805 7.85854,
	2.37707 7.90034,
	2.38821 7.92263,
	2.391 7.94492,
	2.37985 7.95329,
	2.35756 7.95607,
	2.33527 7.96443,
	2.31297 7.96443,
	2.29068 7.9505,
	2.24609 7.93935,
	2.2238 7.93099,
	2.21265 7.92263,
	2.12348 7.89198,
	2.0343 7.84182,
	1.98971 7.81674,
	1.96742 7.8028,
	1.96185 7.79723,
	1.93955 7.78887,
	1.92005 7.77215,
	1.9089 7.76658,
	1.89775 7.75543,
	1.88661 7.74985,
	1.86431 7.72756,
	1.84202 7.71084,
	1.81136 7.66904,
	1.80579 7.65789,
	1.79464 7.64953,
	1.78907 7.64117,
	1.77792 7.63281,
	1.76678 7.61052,
	1.76678 7.52134,
	1.76678 7.50184,
	"/>
<Contour name="d07" hidden="true" closed="true" simplified="true" border="1 0 1" fill="1 0 1" mode="9"
 points="4.2211 7.58746,
	4.23863 7.51732,
	4.25178 7.48226,
	4.25616 7.46472,
	4.26493 7.45596,
	4.2737 7.42089,
	4.2737 7.38583,
	4.27808 7.36829,
	4.31315 7.34638,
	4.34821 7.34638,
	4.36575 7.34638,
	4.38328 7.35953,
	4.38328 7.42966,
	4.40081 7.49979,
	4.40081 7.56992,
	4.40081 7.60499,
	4.39643 7.62252,
	4.36136 7.64882,
	4.34383 7.66636,
	4.2737 7.67074,
	4.25616 7.66197,
	4.22548 7.63129,
	4.2211 7.59622,
	4.2211 7.59184,
	"/>
<Contour name="d07" hidden="true" closed="true" simplified="true" border="1 0 1" fill="1 0 1" mode="9"
 points="2.79653 7.17543,
	2.81407 7.14036,
	2.84913 7.10968,
	2.86666 7.10091,
	3.00693 7.10091,
	3.0157 7.10091,
	3.05076 7.1316,
	3.12089 7.15351,
	3.13843 7.1579,
	3.20856 7.20611,
	3.21733 7.20611,
	3.28746 7.25433,
	3.35759 7.31131,
	3.42772 7.34638,
	3.46279 7.36829,
	3.48032 7.37268,
	3.51539 7.39459,
	3.52416 7.40336,
	3.55922 7.41651,
	3.59429 7.44719,
	3.61182 7.46472,
	3.64689 7.48226,
	3.68195 7.50856,
	3.73894 7.57431,
	3.76962 7.60499,
	3.774 7.67512,
	3.774 7.68389,
	3.79154 7.69704,
	3.9318 7.69704,
	3.94933 7.69704,
	3.96687 7.70581,
	4.00193 7.71019,
	4.01947 7.71895,
	4.0896 7.7847,
	4.10713 7.79785,
	4.10713 7.83292,
	4.10713 7.85045,
	4.10275 7.85922,
	4.06768 7.86799,
	4.05015 7.87237,
	4.04138 7.88114,
	4.02385 7.88552,
	3.99317 7.91182,
	3.90112 8.05208,
	3.88797 8.06523,
	3.75647 7.92935,
	3.7214 7.89429,
	3.65127 7.8899,
	3.58114 7.90305,
	3.51101 7.93374,
	3.47594 7.95127,
	3.40581 7.96442,
	3.37074 7.96442,
	3.33568 7.95127,
	3.31814 7.93374,
	3.24801 7.88552,
	3.21294 7.85045,
	3.19103 7.81977,
	3.15596 7.7847,
	3.12966 7.74964,
	3.12089 7.71457,
	3.12089 7.64444,
	3.12089 7.60937,
	3.11213 7.57431,
	3.08583 7.53924,
	3.0157 7.46911,
	2.98501 7.43842,
	2.94995 7.41651,
	2.91488 7.38583,
	2.87981 7.36829,
	2.86228 7.35953,
	2.82722 7.32446,
	2.8053 7.28939,
	2.79653 7.28063,
	2.79653 7.21049,
	2.79653 7.17981,
	"/>
<Contour name="d07" hidden="true" closed="true" simplified="true" border="1 0 1" fill="1 0 1" mode="9"
 points="1.90673 7.9162,
	1.94179 7.8899,
	1.95933 7.87237,
	2.02946 7.86799,
	2.09521 7.92497,
	2.16096 7.99072,
	2.17849 7.9951,
	2.18726 7.9951,
	2.23986 8.06085,
	2.23547 8.09592,
	2.20917 8.1266,
	2.17411 8.14852,
	2.15657 8.16605,
	2.08644 8.19235,
	2.01631 8.19235,
	1.98124 8.18797,
	1.95056 8.1529,
	1.95056 8.13537,
	1.93741 8.1003,
	1.93303 8.06523,
	1.93303 8.0477,
	1.91988 8.01263,
	1.91988 7.97757,
	1.90673 7.9425,
	1.90673 7.92497,
	1.90673 7.92059,
	"/>
<Contour name="d07c10" hidden="true" closed="true" simplified="true" border="1 0 0" fill="0 1 0" mode="9"
 points="4.35451 7.55199,
	4.35842 7.48945,
	4.35842 7.48163,
	4.36624 7.47381,
	4.36624 7.46599,
	4.37406 7.45817,
	4.40533 7.46208,
	4.42878 7.52463,
	4.43269 7.53244,
	4.42487 7.59499,
	4.40924 7.62626,
	4.39751 7.63798,
	4.36624 7.63798,
	4.35842 7.63798,
	4.35451 7.57544,
	4.35451 7.55981,
	4.35451 7.5559,
	"/>
<Contour name="d07cfa10" hidden="false" closed="false" simplified="false" border="0 1 1" fill="0 1 1" mode="9"
 points="4.38338 7.63167,
	4.3951 7.57304,
	4.38729 7.52222,
	4.37947 7.45968,
	"/>
<Contour name="d07c12" hidden="true" closed="true" simplified="true" border="1 0 0" fill="0 1 0" mode="9"
 points="3.88182 8.04201,
	3.93902 7.91999,
	3.96571 7.89329,
	4.02672 7.86279,
	4.04198 7.85516,
	4.06104 7.88185,
	4.0763 7.89329,
	4.08011 7.9238,
	4.06104 7.95431,
	4.04579 7.95812,
	4.03816 7.96574,
	4.03435 8.02676,
	4.03435 8.03438,
	4.00766 8.05726,
	3.98859 8.08395,
	3.98478 8.11446,
	3.98097 8.12971,
	3.97715 8.13734,
	3.94665 8.13734,
	3.93139 8.13734,
	3.90089 8.12209,
	3.88564 8.10683,
	3.88182 8.04582,
	"/>
<Contour name="d07cfa12" hidden="false" closed="false" simplified="false" border="0 1 1" fill="0 1 1" mode="9"
 points="3.92398 8.13744,
	3.92398 8.0688,
	3.95449 8.00016,
	3.99643 7.91627,
	4.04982 7.8667,
	"/>
<Contour name="d08" hidden="false" closed="true" simplified="true" border="1 0 0" fill="1 0 0" mode="9"
 points="4.75947 4.47909,
	4.76999 4.45105,
	4.78751 4.42301,
	4.81555 4.39848,
	4.82606 4.38446,
	4.82957 4.37044,
	4.8541 4.34241,
	4.88214 4.32488,
	4.91018 4.31787,
	4.96625 4.31787,
	4.98027 4.31787,
	4.98728 4.32138,
	4.98728 4.32839,
	5.01532 4.31086,
	5.02233 4.30736,
	5.02934 4.31086,
	5.01882 4.3389,
	5.01882 4.45105,
	5.01532 4.47909,
	4.99079 4.50362,
	4.97677 4.51764,
	4.96275 4.52465,
	4.95574 4.53166,
	4.84359 4.53166,
	4.78751 4.52816,
	4.77349 4.52816,
	4.75947 4.51414,
	4.75947 4.4861,
	4.75947 4.4826,
	"/>
<Contour name="d08" hidden="false" closed="true" simplified="true" border="1 0 0" fill="1 0 0" mode="9"
 points="4.53517 4.00595,
	4.59124 3.8938,
	4.60176 3.86576,
	4.60877 3.85174,
	4.66484 3.80618,
	4.67886 3.79566,
	4.73494 3.79216,
	4.76298 3.79216,
	4.777 3.80618,
	4.78401 3.83421,
	4.83307 3.89029,
	4.88564 3.93936,
	4.91368 3.9674,
	4.92069 3.97791,
	4.97326 4.03399,
	4.98728 4.048,
	5.0013 4.05151,
	5.02934 4.041,
	5.08191 4.00244,
	5.10995 3.98141,
	5.13098 3.95338,
	5.145 3.93936,
	5.15201 3.92884,
	5.16603 3.91482,
	5.17303 3.9008,
	5.20107 3.87627,
	5.25715 3.84823,
	5.27117 3.83772,
	5.38332 3.78865,
	5.41136 3.76762,
	5.42888 3.73959,
	5.4394 3.72907,
	5.44991 3.70103,
	5.45692 3.68701,
	5.48496 3.66599,
	5.54104 3.63444,
	5.56907 3.62042,
	5.62515 3.6029,
	5.65319 3.59939,
	5.68123 3.58888,
	5.70926 3.57136,
	5.72328 3.56084,
	5.75132 3.55033,
	5.8074 3.54682,
	5.83544 3.55033,
	5.84945 3.55383,
	5.84945 3.60991,
	5.83894 3.63795,
	5.83544 3.66599,
	5.82492 3.69402,
	5.82142 3.70804,
	5.8109 3.72206,
	5.80039 3.7501,
	5.77936 3.77463,
	5.77235 3.77814,
	5.76884 3.80618,
	5.75833 3.83421,
	5.75833 3.94637,
	5.75483 3.9744,
	5.74782 3.98842,
	5.69524 4.03048,
	5.63917 4.03048,
	5.61113 4.03048,
	5.60412 4.03048,
	5.5901 4.041,
	5.5866 4.05501,
	5.57608 4.06903,
	5.57258 4.09707,
	5.56206 4.12511,
	5.53052 4.18119,
	5.48846 4.22675,
	5.46393 4.25479,
	5.44991 4.2653,
	5.4429 4.2653,
	5.43589 4.27231,
	5.42187 4.27231,
	5.41486 4.27932,
	5.30271 4.27581,
	5.27467 4.25829,
	5.24663 4.23376,
	5.2186 4.22324,
	5.16252 4.21273,
	5.13448 4.20922,
	5.10644 4.1917,
	5.09242 4.18119,
	5.06439 4.17067,
	5.05738 4.17067,
	5.03284 4.14263,
	5.02583 4.13562,
	5.02233 4.1216,
	5.01532 4.1146,
	4.95924 4.11109,
	4.94522 4.09707,
	4.88915 4.09357,
	4.86111 4.09357,
	4.84709 4.10058,
	4.73494 4.10058,
	4.72092 4.10759,
	4.71391 4.10759,
	4.65783 4.14614,
	4.64381 4.15315,
	4.63681 4.15315,
	4.6298 4.16016,
	4.57372 4.16366,
	4.5597 4.16366,
	4.54568 4.15665,
	4.53517 4.14263,
	4.53517 4.03048,
	4.53517 4.01646,
	4.53517 4.00945,
	"/>
<Contour name="d08" hidden="false" closed="true" simplified="true" border="1 0 0" fill="1 0 0" mode="9"
 points="4.89871 2.87196,
	4.90756 2.85426,
	4.94296 2.82328,
	4.96066 2.82328,
	4.97836 2.83213,
	5.00934 2.86754,
	5.02261 2.88524,
	5.03146 2.89409,
	5.03589 2.91179,
	5.04474 2.92064,
	5.08014 2.92949,
	5.11554 2.92506,
	5.14209 2.89409,
	5.1775 2.88524,
	5.2129 2.88524,
	5.22175 2.88524,
	5.2306 2.90294,
	5.2483 2.92064,
	5.26157 2.95604,
	5.26157 3.02684,
	5.25715 3.04454,
	5.23945 3.06225,
	5.23945 3.13305,
	5.23945 3.15075,
	5.2306 3.16845,
	5.1952 3.18173,
	5.1775 3.18173,
	5.15979 3.16845,
	5.15979 3.15075,
	5.15094 3.13305,
	5.11554 3.10207,
	5.09784 3.08437,
	5.02704 3.07995,
	5.00934 3.07995,
	4.97836 3.11535,
	4.96066 3.1242,
	4.94296 3.11977,
	4.92968 3.1065,
	4.92526 3.0711,
	4.95623 3.00029,
	4.96066 2.98259,
	4.94738 2.96932,
	4.93853 2.93391,
	4.93853 2.92506,
	4.90313 2.89851,
	4.89871 2.88081,
	4.89871 2.87639,
	"/>
<Contour name="d08p10" hidden="false" closed="true" simplified="false" border="0 1 1" fill="0 1 1" mode="9"
 points="5.66379 3.77583,
	5.6795 3.76012,
	5.61666 3.69728,
	5.63237 3.68157,
	5.69521 3.74441,
	5.71092 3.7287,
	5.71092 3.77583,
	"/>
<Contour name="d08c07" hidden="true" closed="true" simplified="true" border="1 0 0" fill="0 1 0" mode="9"
 points="5.8425 4.8853,
	5.86152 4.85149,
	5.87631 4.83459,
	5.88476 4.82825,
	5.91857 4.81346,
	5.93547 4.81346,
	5.95238 4.81768,
	5.98618 4.81768,
	6.00309 4.8198,
	6.0369 4.84304,
	6.04746 4.85994,
	6.05169 4.87685,
	6.05169 4.89375,
	6.05803 4.91066,
	6.07282 4.92545,
	6.08761 4.93601,
	6.09606 4.94447,
	6.10029 4.96137,
	6.10029 4.99518,
	6.10029 4.9994,
	6.06859 5.02899,
	6.05169 5.03955,
	6.04746 5.04378,
	6.04324 5.04378,
	6.03901 5.048,
	6.0052 5.05434,
	5.99464 5.06279,
	5.97773 5.06913,
	5.96083 5.07125,
	5.94392 5.06702,
	5.92702 5.05857,
	5.91223 5.04166,
	5.89532 5.02899,
	5.88687 5.02053,
	5.88265 5.01208,
	5.88053 4.97827,
	5.87419 4.96982,
	5.87419 4.9656,
	5.86785 4.95714,
	5.86785 4.94024,
	5.8594 4.93179,
	5.85518 4.92334,
	5.84672 4.91488,
	5.8425 4.90643,
	5.8425 4.88953,
	5.8425 4.88741,
	"/>
<Contour name="d08cfa07" hidden="false" closed="true" simplified="true" border="0 1 0" fill="0 1 0" mode="9"
 points="5.8325 4.8953,
	5.85152 4.86149,
	5.86631 4.84459,
	5.87476 4.83825,
	5.90857 4.82346,
	5.92547 4.82346,
	5.94238 4.82768,
	5.97618 4.82768,
	5.99309 4.8298,
	6.0269 4.85304,
	6.03746 4.86994,
	6.04169 4.88685,
	6.04169 4.90375,
	6.04803 4.92066,
	6.06282 4.93545,
	6.07761 4.94601,
	6.08606 4.95447,
	6.09029 4.97137,
	6.09029 5.00518,
	6.09029 5.0094,
	6.05859 5.03899,
	6.04169 5.04955,
	6.03746 5.05378,
	6.03324 5.05378,
	6.02901 5.058,
	5.9952 5.06434,
	5.98464 5.07279,
	5.96773 5.07913,
	5.95083 5.08125,
	5.93392 5.07702,
	5.91702 5.06857,
	5.90223 5.05166,
	5.88532 5.03899,
	5.87687 5.03053,
	5.87265 5.02208,
	5.87053 4.98827,
	5.86419 4.97982,
	5.86419 4.9756,
	5.85785 4.96714,
	5.85785 4.95024,
	5.8494 4.94179,
	5.84518 4.93334,
	5.83672 4.92488,
	5.8325 4.91643,
	5.8325 4.89953,
	5.8325 4.89741,
	"/>
<Contour name="d08cfa07" hidden="false" closed="false" simplified="false" border="0 1 1" fill="0 1 1" mode="9"
 points="5.86467 4.96512,
	5.87524 5.01583,
	5.93652 5.06443,
	"/>
<Contour name="d08c08" hidden="true" closed="true" simplified="true" border="1 0 0" fill="0 1 0" mode="9"
 points="4.76653 4.54188,
	4.77765 4.52631,
	4.78654 4.51741,
	4.79544 4.51296,
	4.86662 4.51519,
	4.88441 4.50852,
	4.95559 4.51074,
	4.96448 4.51074,
	4.97116 4.51964,
	4.97116 4.52853,
	4.95781 4.54633,
	4.95336 4.55078,
	4.94669 4.56857,
	4.91555 4.59971,
	4.89776 4.61083,
	4.87996 4.6175,
	4.84437 4.6175,
	4.82658 4.61528,
	4.80879 4.60861,
	4.77542 4.57747,
	4.77098 4.55967,
	4.76653 4.55522,
	4.76653 4.54633,
	4.76653 4.5441,
	"/>
<Contour name="d08cfa08" hidden="false" closed="true" simplified="true" border="0 1 0" fill="0 1 0" mode="9"
 points="4.75653 4.55188,
	4.76765 4.53631,
	4.77654 4.52741,
	4.78544 4.52296,
	4.85662 4.52519,
	4.87441 4.51852,
	4.94559 4.52074,
	4.95448 4.52074,
	4.96116 4.52964,
	4.96116 4.53853,
	4.94781 4.55633,
	4.94336 4.56078,
	4.93669 4.57857,
	4.90555 4.60971,
	4.88776 4.62083,
	4.86996 4.6275,
	4.83437 4.6275,
	4.81658 4.62528,
	4.79879 4.61861,
	4.76542 4.58747,
	4.76098 4.56967,
	4.75653 4.56522,
	4.75653 4.55633,
	4.75653 4.5541,
	"/>
<Contour name="d08cfa08" hidden="false" closed="false" simplified="false" border="0 1 1" fill="0 1 1" mode="9"
 points="4.95963 4.53684,
	4.90625 4.54574,
	4.82173 4.55019,
	4.7728 4.53462,
	"/>
<Contour name="d07cfa12" hidden="false" closed="true" simplified="true" border="0 1 0" fill="0 1 0" mode="9"
 points="3.89182 8.05201,
	3.94902 7.92999,
	3.97571 7.90329,
	4.03672 7.87279,
	4.05198 7.86516,
	4.07104 7.89185,
	4.0863 7.90329,
	4.09011 7.9338,
	4.07104 7.96431,
	4.05579 7.96812,
	4.04816 7.97574,
	4.04435 8.03676,
	4.04435 8.04438,
	4.01766 8.06726,
	3.99859 8.09395,
	3.99478 8.12446,
	3.99097 8.13971,
	3.98715 8.14734,
	3.95665 8.14734,
	3.94139 8.14734,
	3.91089 8.13209,
	3.89564 8.11683,
	3.89182 8.05582,
	"/>
<Contour name="D11" hidden="false" closed="true" simplified="true" border="1 0.5 0" fill="1 0.5 0" mode="11"
 points="5.55434 4.23671,
	5.55964 4.20647,
	5.57521 4.178,
	5.60016 4.15294,
	5.63304 4.13274,
	5.67193 4.11859,
	5.71458 4.1113,
	5.75851 4.1113,
	5.80116 4.11859,
	5.84005 4.13274,
	5.87293 4.15294,
	5.89788 4.178,
	5.91345 4.20647,
	5.91875 4.23671,
	5.91345 4.26694,
	5.89788 4.29541,
	5.87293 4.32048,
	5.84005 4.34067,
	5.80116 4.35483,
	5.75851 4.36211,
	5.71458 4.36211,
	5.67193 4.35483,
	5.63304 4.34067,
	5.60016 4.32048,
	5.57521 4.29541,
	5.55964 4.26694,
	"/>
<Contour name="D11" hidden="false" closed="true" simplified="true" border="1 0.5 0" fill="1 0.5 0" mode="11"
 points="4.9227 5.11857,
	4.92472 5.0983,
	4.93059 5.08002,
	4.93972 5.06551,
	4.95124 5.05619,
	4.964 5.05298,
	4.97676 5.05619,
	4.98828 5.06551,
	4.99741 5.08002,
	5.00328 5.0983,
	5.0053 5.11857,
	5.00328 5.13884,
	4.99741 5.15713,
	4.98828 5.17164,
	4.97676 5.18096,
	4.964 5.18417,
	4.95124 5.18096,
	4.93972 5.17164,
	4.93059 5.15713,
	"/>
<Contour name="D11" hidden="false" closed="true" simplified="true" border="1 0.5 0" fill="1 0.5 0" mode="11"
 points="5.01988 4.22699,
	5.02118 4.21948,
	5.02498 4.21271,
	5.03089 4.20733,
	5.03834 4.20388,
	5.0466 4.2027,
	5.05486 4.20388,
	5.06231 4.20733,
	5.06822 4.21271,
	5.07201 4.21948,
	5.07332 4.22699,
	5.07201 4.2345,
	5.06822 4.24127,
	5.06231 4.24664,
	5.05486 4.25009,
	5.0466 4.25128,
	5.03834 4.25009,
	5.03089 4.24664,
	5.02498 4.24127,
	"/>
<Contour name="D05" hidden="false" closed="true" simplified="true" border="1 1 0" fill="1 1 0" mode="11"
 points="2.73557 3.98259,
	2.73661 3.96501,
	2.73973 3.94768,
	2.74487 3.93088,
	2.75196 3.91484,
	2.76089 3.89981,
	2.77154 3.88601,
	2.78373 3.87365,
	2.7973 3.86291,
	2.81204 3.85394,
	2.82773 3.84689,
	2.84413 3.84186,
	2.86101 3.83892,
	2.87812 3.83811,
	2.89519 3.83945,
	2.91197 3.84292,
	2.92822 3.84847,
	2.94369 3.85601,
	2.95816 3.86543,
	2.9714 3.8766,
	2.98323 3.88934,
	2.99346 3.90346,
	3.00194 3.91876,
	3.00855 3.93502,
	3.01319 3.95197,
	3.01579 3.96939,
	3.01632 3.987,
	3.01475 4.00454,
	3.01112 4.02176,
	3.00549 4.0384,
	2.99793 4.0542,
	2.98855 4.06894,
	2.9775 4.0824,
	2.96494 4.09438,
	2.95106 4.10469,
	2.93607 4.11319,
	2.92018 4.11974,
	2.90363 4.12426,
	2.88667 4.12667,
	2.86955 4.12694,
	2.85253 4.12506,
	2.83586 4.12106,
	2.81978 4.11501,
	2.80454 4.10699,
	2.79036 4.09712,
	2.77745 4.08554,
	2.76601 4.07244,
	2.7562 4.058,
	2.74817 4.04244,
	2.74205 4.02598,
	2.73791 4.00889,
	"/>
<Contour name="D05" hidden="false" closed="true" simplified="true" border="1 1 0" fill="1 1 0" mode="11"
 points="4.61675 4.56194,
	4.61842 4.55057,
	4.62326 4.54031,
	4.6308 4.53216,
	4.6403 4.52694,
	4.65083 4.52514,
	4.66136 4.52694,
	4.67086 4.53216,
	4.6784 4.54031,
	4.68324 4.55057,
	4.68491 4.56194,
	4.68324 4.57331,
	4.6784 4.58358,
	4.67086 4.59172,
	4.66136 4.59695,
	4.65083 4.59875,
	4.6403 4.59695,
	4.6308 4.59172,
	4.62326 4.58358,
	"/>
<Contour name="D19" hidden="false" closed="true" simplified="true" border="0 1 0" fill="0 1 0" mode="11"
 points="2.83788 8.00575,
	2.83974 7.9786,
	2.84526 7.95216,
	2.85431 7.92711,
	2.86665 7.90409,
	2.88196 7.88371,
	2.89985 7.86649,
	2.91984 7.85287,
	2.94143 7.84321,
	2.96405 7.83777,
	2.98712 7.83667,
	3.01004 7.83995,
	3.03222 7.84753,
	3.05307 7.8592,
	3.07208 7.87467,
	3.08873 7.89354,
	3.1026 7.91531,
	3.11333 7.93942,
	3.12064 7.96525,
	3.12434 7.99213,
	3.12434 8.01936,
	3.12064 8.04624,
	3.11333 8.07207,
	3.1026 8.09618,
	3.08873 8.11796,
	3.07208 8.13682,
	3.05307 8.15229,
	3.03222 8.16396,
	3.01004 8.17154,
	2.98712 8.17482,
	2.96405 8.17373,
	2.94143 8.16828,
	2.91984 8.15862,
	2.89985 8.14501,
	2.88196 8.12778,
	2.86665 8.1074,
	2.85431 8.08438,
	2.84526 8.05933,
	"/>
<Contour name="D19" hidden="false" closed="true" simplified="true" border="0 1 0" fill="0 1 0" mode="11"
 points="2.34863 6.13704,
	2.35079 6.12454,
	2.35706 6.11326,
	2.36683 6.10431,
	2.37913 6.09856,
	2.39277 6.09658,
	2.40642 6.09856,
	2.41872 6.10431,
	2.42849 6.11326,
	2.43476 6.12454,
	2.43692 6.13704,
	2.43476 6.14955,
	2.42849 6.16083,
	2.41872 6.16978,
	2.40642 6.17553,
	2.39277 6.17751,
	2.37913 6.17553,
	2.36683 6.16978,
	2.35706 6.16083,
	"/>
<Contour name="d01" hidden="true" closed="true" simplified="true" border="1 0.502 0" fill="1 0.502 0" mode="9"
 points="4.88238 2.76233,
	4.90411 2.7237,
	4.91618 2.7068,
	4.9186 2.69714,
	4.91618 2.67782,
	4.9186 2.65851,
	4.91135 2.63919,
	4.90894 2.61987,
	4.91135 2.61021,
	4.92343 2.5909,
	4.93791 2.57641,
	4.94757 2.55709,
	4.94757 2.53777,
	4.9524 2.51846,
	4.95965 2.5088,
	4.96448 2.47016,
	4.96689 2.45085,
	4.96206 2.41221,
	4.96448 2.37358,
	4.96448 2.35426,
	4.97172 2.33495,
	4.96689 2.31563,
	4.96689 2.3108,
	4.95723 2.30114,
	4.94999 2.28182,
	4.9524 2.26251,
	4.95965 2.25285,
	4.96448 2.25285,
	4.98379 2.24077,
	4.99345 2.23836,
	5.01277 2.2456,
	5.02243 2.2456,
	5.04174 2.23836,
	5.07555 2.21421,
	5.08521 2.20697,
	5.09728 2.18765,
	5.10935 2.14902,
	5.1166 2.1297,
	5.12867 2.11038,
	5.16489 2.07417,
	5.19628 2.04278,
	5.20835 2.02346,
	5.22043 1.98482,
	5.22043 1.94619,
	5.22284 1.93653,
	5.2156 1.91721,
	5.20352 1.90031,
	5.18662 1.88582,
	5.18421 1.87617,
	5.1673 1.85926,
	5.16006 1.84961,
	5.16247 1.83029,
	5.17455 1.81821,
	5.17938 1.81821,
	5.19628 1.80373,
	5.23491 1.78441,
	5.25423 1.78441,
	5.27355 1.79165,
	5.30977 1.81821,
	5.32908 1.8327,
	5.33874 1.84236,
	5.35082 1.85926,
	5.35565 1.86892,
	5.37496 1.88341,
	5.4136 1.90273,
	5.49086 1.91963,
	5.50052 1.91963,
	5.53916 1.93653,
	5.57538 1.96309,
	5.59469 1.98,
	5.60194 1.98965,
	5.60194 2.02829,
	5.59952 2.0476,
	5.59711 2.05726,
	5.58986 2.06692,
	5.58021 2.07175,
	5.57538 2.07899,
	5.57779 2.09831,
	5.58503 2.11763,
	5.58745 2.13695,
	5.59952 2.17558,
	5.60435 2.18041,
	5.60677 2.21904,
	5.60918 2.23836,
	5.60918 2.24319,
	5.61401 2.24802,
	5.6116 2.28665,
	5.60918 2.29631,
	5.62367 2.31321,
	5.64299 2.33012,
	5.67196 2.36634,
	5.67679 2.37599,
	5.67679 2.38082,
	5.68403 2.39048,
	5.69128 2.42912,
	5.68645 2.46775,
	5.68403 2.48707,
	5.68403 2.49673,
	5.69852 2.51604,
	5.70335 2.52087,
	5.7106 2.59814,
	5.71301 2.63677,
	5.7106 2.65609,
	5.70818 2.66575,
	5.70818 2.67058,
	5.70335 2.67541,
	5.70335 2.68024,
	5.68886 2.69955,
	5.65506 2.72853,
	5.65023 2.73336,
	5.6454 2.73336,
	5.62608 2.75026,
	5.55364 2.80097,
	5.53433 2.81304,
	5.52467 2.81546,
	5.50777 2.82753,
	5.49811 2.83477,
	5.49328 2.8396,
	5.48362 2.84202,
	5.44499 2.86375,
	5.42567 2.87341,
	5.42084 2.87341,
	5.40152 2.88548,
	5.36772 2.91687,
	5.3484 2.92411,
	5.30977 2.9217,
	5.30011 2.91929,
	5.29045 2.91204,
	5.27113 2.9048,
	5.19386 2.89272,
	5.17455 2.89755,
	5.14074 2.92894,
	5.13108 2.93377,
	5.11177 2.93136,
	5.09245 2.91929,
	5.08762 2.91929,
	5.07072 2.9048,
	5.03933 2.86858,
	5.03208 2.85892,
	5.02001 2.84685,
	4.98138 2.82511,
	4.96206 2.81546,
	4.9524 2.81063,
	4.94757 2.81063,
	4.94274 2.8058,
	4.90411 2.80338,
	4.89928 2.80338,
	4.88962 2.79372,
	4.88479 2.7889,
	4.88238 2.76958,
	4.88238 2.76475,
	"/>
<Contour name="d03p05" hidden="false" closed="true" simplified="false" border="1 1 0" fill="1 1 0" mode="-9"
 points="2.88195 2.94835,
	2.88195 2.90133,
	2.83494 2.90133,
	2.83494 2.94247,
	2.82906 2.94835,
	2.82906 2.89545,
	2.88783 2.89545,
	2.88783 2.95423,
	2.82906 2.95423,
	2.83494 2.94835,
	"/>
<Contour name="d07p12" hidden="false" closed="true" simplified="false" border="0.5 0 1" fill="0.5 0 1" mode="9"
 points="3.69032 7.75628,
	3.68288 7.7538,
	3.69032 7.75132,
	3.68536 7.74388,
	3.69281 7.74884,
	3.69529 7.7414,
	3.69777 7.74884,
	3.70521 7.74388,
	3.70025 7.75132,
	3.7077 7.7538,
	3.70025 7.75628,
	3.70521 7.76373,
	3.69777 7.75877,
	3.69529 7.76621,
	3.69281 7.75877,
	3.68536 7.76373,
	"/>
<Contour name="d08p09a" hidden="false" closed="true" simplified="false" border="0 1 0" fill="0 1 0" mode="-9"
 points="5.06442 4.09582,
	5.06442 4.07881,
	5.08143 4.07881,
	5.08143 4.0618,
	5.09844 4.0618,
	5.09844 4.07881,
	5.11545 4.07881,
	5.11545 4.09582,
	5.09844 4.09582,
	5.09844 4.11283,
	5.08143 4.11283,
	5.08143 4.09582,
	"/>
<Contour name="d08p09b" hidden="false" closed="true" simplified="false" border="0 1 0" fill="0 1 0" mode="-9"
 points="5.06442 4.09582,
	5.06442 4.07881,
	5.08143 4.07881,
	5.08143 4.0618,
	5.09844 4.0618,
	5.09844 4.07881,
	5.11545 4.07881,
	5.11545 4.09582,
	5.09844 4.09582,
	5.09844 4.11283,
	5.08143 4.11283,
	5.08143 4.09582,
	"/>
<Contour name="ax01" comment="LK bouton trace named after cfa" hidden="false" closed="true" simplified="true" border="0 1 1" fill="0.502 1 1" mode="9"
 points="5.73258 1.79931,
	5.73594 1.78586,
	5.74099 1.77241,
	5.74435 1.75896,
	5.74435 1.7455,
	5.74603 1.73878,
	5.7494 1.73205,
	5.75108 1.72869,
	5.7536 1.71523,
	5.7536 1.70851,
	5.74603 1.6816,
	5.74603 1.66815,
	5.74856 1.66142,
	5.77462 1.63956,
	5.78555 1.62611,
	5.79816 1.61602,
	5.80405 1.61097,
	5.81582 1.59752,
	5.83096 1.57062,
	5.83516 1.56389,
	5.84861 1.55296,
	5.85534 1.54876,
	5.85702 1.54707,
	5.86375 1.54455,
	5.8772 1.5353,
	5.93101 1.52017,
	5.94446 1.51849,
	5.99827 1.51596,
	6.05209 1.51092,
	6.06554 1.50924,
	6.07899 1.51092,
	6.08236 1.51176,
	6.08404 1.51176,
	6.0874 1.51428,
	6.09076 1.51512,
	6.09413 1.51765,
	6.09581 1.51765,
	6.10926 1.5311,
	6.11515 1.53783,
	6.12103 1.55128,
	6.12187 1.558,
	6.11935 1.61182,
	6.11851 1.62527,
	6.11851 1.62863,
	6.12103 1.63536,
	6.12187 1.63872,
	6.1328 1.65217,
	6.14626 1.66395,
	6.15214 1.66983,
	6.15382 1.67319,
	6.15382 1.68665,
	6.14626 1.71355,
	6.14457 1.71692,
	6.14373 1.73037,
	6.14457 1.7371,
	6.14878 1.75055,
	6.1471 1.764,
	6.14626 1.77073,
	6.13533 1.78418,
	6.1286 1.78838,
	6.12524 1.79091,
	6.11178 1.79511,
	6.10842 1.79595,
	6.10674 1.79595,
	6.10506 1.79763,
	6.07815 1.80184,
	6.07142 1.80268,
	6.0647 1.8052,
	6.05797 1.80604,
	6.05461 1.80604,
	6.05293 1.80772,
	6.0462 1.80856,
	6.04284 1.8094,
	6.03947 1.81193,
	6.01257 1.81865,
	5.98566 1.8237,
	5.95876 1.82706,
	5.9453 1.82958,
	5.93185 1.83042,
	5.90495 1.83463,
	5.87804 1.83715,
	5.85113 1.84388,
	5.84441 1.84556,
	5.8175 1.86322,
	5.81078 1.86658,
	5.80741 1.86826,
	5.79396 1.8691,
	5.78051 1.86658,
	5.77378 1.86574,
	5.76033 1.85901,
	5.7536 1.85481,
	5.74015 1.84304,
	5.73679 1.83967,
	5.7351 1.83799,
	5.73258 1.82454,
	5.73258 1.81109,
	5.73258 1.80436,
	5.73258 1.801,
	5.73258 1.80016,
	"/>
</Transform>

<Transform dim="0"
 xcoef=" 0 1 0 0 0 0"
 ycoef=" 0 0 1 0 0 0">
<Contour name="ax02" comment="LK bouton trace named after cfa" hidden="false" closed="true" simplified="true" border="0 1 1" fill="0.502 1 1" mode="9"
 points="3.31537 1.57698,
	3.31598 1.57203,
	3.32031 1.56214,
	3.32217 1.55719,
	3.33021 1.54729,
	3.3401 1.53802,
	3.35989 1.52256,
	3.36979 1.51761,
	3.37474 1.51452,
	3.37721 1.51328,
	3.38587 1.50339,
	3.39081 1.49349,
	3.39205 1.49102,
	3.39638 1.48607,
	3.39824 1.4836,
	3.40813 1.48051,
	3.42792 1.47679,
	3.44771 1.47556,
	3.52687 1.47618,
	3.56645 1.47618,
	3.60603 1.48051,
	3.61097 1.48112,
	3.62087 1.48545,
	3.62334 1.48731,
	3.62829 1.48854,
	3.64808 1.49782,
	3.65797 1.50339,
	3.67776 1.51823,
	3.68271 1.52194,
	3.68518 1.52441,
	3.68642 1.52689,
	3.70559 1.54668,
	3.72353 1.56585,
	3.73157 1.57574,
	3.74393 1.59553,
	3.75939 1.61532,
	3.76805 1.62522,
	3.77795 1.62707,
	3.79774 1.63573,
	3.80763 1.63697,
	3.82742 1.6413,
	3.84721 1.6382,
	3.85711 1.63202,
	3.867 1.62831,
	3.87195 1.62893,
	3.87442 1.62955,
	3.89421 1.64315,
	3.89792 1.6481,
	3.90039 1.65305,
	3.90287 1.66294,
	3.90411 1.66789,
	3.90472 1.66912,
	3.90163 1.67902,
	3.89978 1.68397,
	3.89854 1.68644,
	3.88926 1.69633,
	3.88432 1.70005,
	3.88184 1.7019,
	3.86205 1.70994,
	3.85216 1.71365,
	3.84226 1.71489,
	3.83237 1.71303,
	3.82742 1.7118,
	3.81753 1.70499,
	3.79774 1.6852,
	3.79341 1.68026,
	3.78846 1.67655,
	3.77857 1.6716,
	3.77362 1.66912,
	3.75383 1.66912,
	3.74888 1.67036,
	3.74641 1.67036,
	3.73651 1.67469,
	3.73157 1.67716,
	3.72909 1.67778,
	3.7192 1.68582,
	3.71425 1.69077,
	3.71178 1.69324,
	3.70683 1.70314,
	3.70435 1.70808,
	3.70374 1.71303,
	3.70312 1.71551,
	3.70559 1.7254,
	3.7161 1.74519,
	3.72971 1.76498,
	3.74146 1.78477,
	3.7495 1.79466,
	3.75383 1.79899,
	3.77362 1.81012,
	3.78351 1.81755,
	3.79341 1.82249,
	3.79835 1.82497,
	3.80021 1.82744,
	3.80145 1.82868,
	3.81134 1.83115,
	3.81382 1.83177,
	3.82371 1.83919,
	3.83299 1.84909,
	3.83979 1.85898,
	3.83979 1.86022,
	3.84164 1.86269,
	3.84226 1.88248,
	3.84103 1.89237,
	3.83979 1.89732,
	3.83979 1.8998,
	3.83793 1.90474,
	3.83608 1.90722,
	3.83422 1.91216,
	3.81505 1.92762,
	3.81011 1.93134,
	3.80021 1.93443,
	3.78042 1.93505,
	3.76063 1.93381,
	3.75074 1.93195,
	3.74084 1.93195,
	3.73095 1.93072,
	3.726 1.92886,
	3.70621 1.92886,
	3.66663 1.92577,
	3.64684 1.92391,
	3.63695 1.92206,
	3.62705 1.91835,
	3.62458 1.91711,
	3.6221 1.91464,
	3.61221 1.91031,
	3.60231 1.90351,
	3.56274 1.87073,
	3.54295 1.85589,
	3.52316 1.83919,
	3.50337 1.82435,
	3.49347 1.81878,
	3.48852 1.81507,
	3.46874 1.80765,
	3.45884 1.80456,
	3.43905 1.79157,
	3.4341 1.78786,
	3.41431 1.77797,
	3.40442 1.77302,
	3.39452 1.76683,
	3.35495 1.73097,
	3.34567 1.72107,
	3.34258 1.71612,
	3.33392 1.69633,
	3.32959 1.68644,
	3.3265 1.67655,
	3.32526 1.6716,
	3.32402 1.66912,
	3.32093 1.64933,
	3.31908 1.63944,
	3.31598 1.59986,
	3.31537 1.58007,
	3.31537 1.5776,
	"/>
</Transform>

<Transform dim="0"
 xcoef=" 0 1 0 0 0 0"
 ycoef=" 0 0 1 0 0 0">
<Contour name="ax05" comment="LK bouton trace named after cfa" hidden="false" closed="true" simplified="true" border="0 1 1" fill="0.502 1 1" mode="9"
 points="2.1925 1.90237,
	2.20177 1.89178,
	2.20707 1.88913,
	2.21635 1.87985,
	2.23754 1.86793,
	2.25874 1.86396,
	2.26934 1.85866,
	2.27993 1.85601,
	2.29053 1.85071,
	2.29583 1.84673,
	2.31703 1.84806,
	2.33822 1.85468,
	2.35942 1.85866,
	2.37002 1.85866,
	2.37532 1.85998,
	2.37797 1.85998,
	2.38062 1.86263,
	2.42301 1.86925,
	2.44421 1.87455,
	2.4548 1.87985,
	2.4654 1.8878,
	2.47997 1.90635,
	2.4813 1.91165,
	2.47997 1.91695,
	2.47997 1.9196,
	2.47203 1.93019,
	2.45348 1.94477,
	2.43228 1.95272,
	2.42168 1.95536,
	2.41904 1.95536,
	2.41771 1.95801,
	2.39651 1.96199,
	2.37532 1.96199,
	2.36472 1.95934,
	2.35942 1.95669,
	2.35677 1.95669,
	2.34617 1.94874,
	2.33557 1.94344,
	2.32498 1.94079,
	2.28258 1.93947,
	2.26139 1.93549,
	2.24019 1.92887,
	2.22959 1.92622,
	2.2084 1.9249,
	2.2031 1.92357,
	2.19382 1.9143,
	2.1925 1.9037,
	"/>
</Transform>

<Transform dim="0"
 xcoef=" 0 1 0 0 0 0"
 ycoef=" 0 0 1 0 0 0">
<Contour name="d03" hidden="false" closed="true" simplified="true" border="0 1 0" fill="0 1 0" mode="9"
 points="2.61842 2.85909,
	2.64971 2.82058,
	2.65693 2.81096,
	2.73394 2.79892,
	2.7532 2.79652,
	2.90722 2.85668,
	2.91685 2.86149,
	2.99386 2.85909,
	3.07087 2.84705,
	3.09013 2.84224,
	3.12863 2.81577,
	3.13826 2.80855,
	3.21527 2.78208,
	3.25378 2.75801,
	3.28988 2.72672,
	3.2995 2.7171,
	3.30432 2.71228,
	3.38133 2.70025,
	3.40058 2.69784,
	3.43909 2.66415,
	3.45112 2.6449,
	3.45834 2.63527,
	3.46075 2.63046,
	3.42705 2.55344,
	3.4054 2.51494,
	3.39577 2.49569,
	3.36448 2.45718,
	3.35486 2.44755,
	3.35004 2.44274,
	3.27303 2.44033,
	3.25378 2.43793,
	3.24415 2.43552,
	3.17195 2.35851,
	3.16714 2.35369,
	3.18158 2.31519,
	3.22008 2.28149,
	3.28506 2.20689,
	3.31876 2.16838,
	3.3356 2.15154,
	3.37411 2.1732,
	3.39336 2.18282,
	3.41502 2.22133,
	3.45112 2.29834,
	3.52813 2.30315,
	3.56664 2.30556,
	3.58589 2.30556,
	3.61237 2.34407,
	3.6244 2.36332,
	3.58349 2.44033,
	3.57386 2.45959,
	3.56664 2.49809,
	3.56183 2.51735,
	3.59071 2.59436,
	3.60274 2.63286,
	3.63403 2.78689,
	3.6605 2.8639,
	3.67253 2.90241,
	3.65328 2.94091,
	3.64365 2.96017,
	3.56664 3.0083,
	3.55701 3.01311,
	3.52573 3.05162,
	3.51129 3.07087,
	3.50407 3.0805,
	3.49925 3.08531,
	3.49444 3.12382,
	3.49203 3.14307,
	3.48481 3.16232,
	3.37652 3.31635,
	3.36208 3.3356,
	3.28506 3.38374,
	3.24656 3.39577,
	3.20805 3.40299,
	3.1888 3.4078,
	3.11179 3.39577,
	3.07328 3.36448,
	3.06365 3.35726,
	3.02996 3.28025,
	3.01311 3.24174,
	2.95776 3.16473,
	2.94091 3.1527,
	2.90241 3.13585,
	2.88315 3.12863,
	2.80614 3.06847,
	2.75801 2.99145,
	2.69784 2.91444,
	2.6834 2.89759,
	2.6449 2.88797,
	2.64008 2.88797,
	2.62564 2.86871,
	2.62083 2.8639,
	2.62083 2.86149,
	"/>
<Contour name="d03" hidden="false" closed="true" simplified="true" border="0 1 0" fill="0 1 0" mode="9"
 points="3.38482 3.36941,
	3.40365 3.31462,
	3.47727 3.20505,
	3.51152 3.15026,
	3.51836 3.13657,
	3.53206 3.08178,
	3.53377 3.07493,
	3.57658 3.02185,
	3.60397 3.00302,
	3.65876 2.97049,
	3.68101 2.94481,
	3.71183 2.83524,
	3.72553 2.78045,
	3.74265 2.72566,
	3.74778 2.71196,
	3.77518 2.68628,
	3.78888 2.67772,
	3.79572 2.6743,
	3.79915 2.67259,
	3.85394 2.69484,
	3.88133 2.70683,
	3.89503 2.71196,
	3.90187 2.7171,
	3.91899 2.74449,
	3.92242 2.75819,
	3.92242 2.76504,
	3.92413 2.76846,
	3.87106 2.80613,
	3.85736 2.81469,
	3.81798 2.86777,
	3.79915 2.89516,
	3.79401 2.90201,
	3.72553 3.12116,
	3.71526 3.17594,
	3.70156 3.23073,
	3.72382 3.28552,
	3.73238 3.29921,
	3.73751 3.31291,
	3.7358 3.3677,
	3.74436 3.39509,
	3.7495 3.42249,
	3.74778 3.42933,
	3.693 3.47214,
	3.67074 3.49782,
	3.66047 3.51152,
	3.65533 3.51836,
	3.65191 3.52179,
	3.62451 3.5235,
	3.61082 3.5235,
	3.58342 3.51152,
	3.56801 3.48412,
	3.56117 3.47042,
	3.53377 3.44988,
	3.52692 3.44474,
	3.47214 3.44132,
	3.41735 3.40537,
	3.39167 3.37797,
	3.38482 3.37112,
	"/>
<Contour name="d03cfa03ax06" hidden="false" closed="false" simplified="false" border="0 1 1" fill="0 1 1" mode="9"
 points="3.75883 3.33913,
	3.72977 3.2483,
	3.7334 3.1502,
	3.777 3.00124,
	3.81696 2.90677,
	3.8533 2.81594,
	"/>
<Contour name="d03p04a" hidden="false" closed="true" simplified="false" border="0 0 1" fill="0 0 1" mode="-13"
 points="3.51377 2.71619,
	3.4932 2.69562,
	3.51377 2.67505,
	3.53434 2.69562,
	"/>
<Contour name="d03p04b" hidden="false" closed="true" simplified="false" border="0 0 1" fill="0 0 1" mode="-13"
 points="3.51377 2.71619,
	3.4932 2.69562,
	3.51377 2.67505,
	3.53434 2.69562,
	"/>
</Transform>

<Transform dim="0"
 xcoef=" 0 1 0 0 0 0"
 ycoef=" 0 0 1 0 0 0">
<Contour name="ax06" comment="LK bouton trace named after cfa" hidden="false" closed="true" simplified="true" border="0 1 1" fill="0.502 1 1" mode="9"
 points="3.71952 3.34735,
	3.72844 3.32952,
	3.73289 3.3206,
	3.74738 3.30277,
	3.75518 3.28495,
	3.75295 3.26712,
	3.75295 3.26266,
	3.74404 3.24483,
	3.73958 3.227,
	3.73846 3.19134,
	3.73958 3.15569,
	3.74404 3.12003,
	3.74404 3.1022,
	3.74961 3.08437,
	3.75741 3.06654,
	3.76186 3.05763,
	3.77635 3.0398,
	3.78304 3.00414,
	3.78415 2.98631,
	3.80086 2.915,
	3.80532 2.89717,
	3.80866 2.88826,
	3.80978 2.8838,
	3.81312 2.87934,
	3.81869 2.86151,
	3.82315 2.8526,
	3.83986 2.83477,
	3.84878 2.8292,
	3.86661 2.81248,
	3.87552 2.80357,
	3.89335 2.79577,
	3.91118 2.7902,
	3.92901 2.7824,
	3.94684 2.77014,
	3.96467 2.76234,
	3.97358 2.759,
	4.00924 2.76011,
	4.01815 2.76123,
	4.03598 2.77125,
	4.0449 2.77905,
	4.0527 2.79688,
	4.05381 2.8058,
	4.06272 2.82363,
	4.07164 2.83143,
	4.07832 2.84034,
	4.11398 2.86597,
	4.14964 2.87154,
	4.16747 2.87266,
	4.1853 2.87934,
	4.20313 2.8916,
	4.21204 2.89828,
	4.22095 2.90051,
	4.22541 2.90163,
	4.23433 2.90831,
	4.24881 2.92614,
	4.25884 2.94397,
	4.28893 2.97963,
	4.30341 2.99746,
	4.32124 3.01417,
	4.33016 3.02309,
	4.34798 3.03423,
	4.36581 3.05206,
	4.36916 3.05651,
	4.37027 3.07434,
	4.36804 3.09217,
	4.35801 3.12783,
	4.35801 3.13229,
	4.3569 3.13452,
	4.35913 3.14343,
	4.3647 3.15234,
	4.3647 3.15457,
	4.37361 3.16237,
	4.39144 3.16906,
	4.40036 3.17129,
	4.40258 3.17352,
	4.4115 3.17463,
	4.41596 3.17686,
	4.41818 3.17686,
	4.42264 3.1802,
	4.4271 3.18132,
	4.43156 3.18466,
	4.43267 3.18689,
	4.4349 3.18689,
	4.44604 3.20472,
	4.45496 3.24037,
	4.45718 3.24929,
	4.45718 3.2582,
	4.45941 3.26712,
	4.45941 3.27157,
	4.45941 3.2738,
	4.46276 3.27826,
	4.46387 3.29609,
	4.46276 3.305,
	4.45941 3.31392,
	4.45607 3.34957,
	4.4505 3.3674,
	4.44604 3.37632,
	4.43044 3.39415,
	4.39478 3.41978,
	4.37696 3.43203,
	4.35913 3.44095,
	4.35021 3.44429,
	4.31455 3.44986,
	4.29673 3.45543,
	4.26107 3.45655,
	4.22541 3.45432,
	4.20758 3.45209,
	4.17193 3.4688,
	4.13627 3.4688,
	4.11844 3.4688,
	4.10061 3.46546,
	4.06495 3.46658,
	4.0293 3.47326,
	4.02038 3.47438,
	3.98472 3.48886,
	3.96689 3.4922,
	3.94907 3.49332,
	3.93124 3.4922,
	3.92232 3.48998,
	3.91341 3.48998,
	3.89558 3.4844,
	3.89112 3.48218,
	3.88332 3.47326,
	3.86438 3.4376,
	3.85324 3.41978,
	3.83541 3.40195,
	3.79975 3.38746,
	3.79084 3.383,
	3.75518 3.37743,
	3.73735 3.37297,
	3.72064 3.36183,
	3.71952 3.35292,
	3.71952 3.34846,
	"/>
</Transform>

<Transform dim="0"
 xcoef=" 0 1 0 0 0 0"
 ycoef=" 0 0 1 0 0 0">
<Contour name="ax09" comment="LK bouton trace named after cfa" hidden="false" closed="true" simplified="true" border="0 1 1" fill="0.502 1 1" mode="9"
 points="4.2759 1.92141,
	4.27753 1.91814,
	4.27753 1.91486,
	4.2849 1.90258,
	4.28899 1.89685,
	4.29964 1.88539,
	4.31192 1.87311,
	4.31847 1.86738,
	4.32911 1.85755,
	4.34221 1.84855,
	4.35449 1.83627,
	4.35776 1.83381,
	4.37086 1.8289,
	4.39706 1.82481,
	4.41016 1.82481,
	4.41343 1.82481,
	4.42653 1.83381,
	4.43226 1.84036,
	4.4339 1.84364,
	4.43554 1.84527,
	4.43554 1.84691,
	4.43717 1.84773,
	4.43799 1.85101,
	4.44045 1.85428,
	4.44208 1.86083,
	4.44208 1.87393,
	4.44208 1.88048,
	4.44208 1.88375,
	4.44208 1.88539,
	4.4339 1.89849,
	4.42407 1.90913,
	4.41179 1.92059,
	4.41016 1.92223,
	4.40852 1.92223,
	4.40197 1.92714,
	4.38969 1.93369,
	4.38805 1.93369,
	4.38478 1.93615,
	4.37168 1.94106,
	4.37004 1.9427,
	4.3684 1.9427,
	4.36677 1.94433,
	4.36022 1.94679,
	4.35694 1.94761,
	4.35367 1.95006,
	4.34712 1.95252,
	4.32092 1.95416,
	4.30782 1.95334,
	4.30619 1.95334,
	4.30455 1.9517,
	4.29145 1.94761,
	4.28818 1.94679,
	4.28244 1.94106,
	4.27835 1.93533,
	4.27671 1.93205,
	4.2759 1.9255,
	4.2759 1.92223,
	"/>
</Transform>

<Transform dim="0"
 xcoef=" 0 1 0 0 0 0"
 ycoef=" 0 0 1 0 0 0">
<Contour name="d08" hidden="false" closed="true" simplified="true" border="1 0 0" fill="1 0 0" mode="9"
 points="5.32724 5.08892,
	5.33425 5.0749,
	5.33776 5.04686,
	5.35528 5.01882,
	5.38332 4.99429,
	5.41136 4.97677,
	5.42538 4.96976,
	5.45342 4.96976,
	5.46393 4.98378,
	5.47444 5.01182,
	5.49197 5.03985,
	5.49547 5.04686,
	5.50949 5.04686,
	5.56557 5.09242,
	5.62164 5.09593,
	5.64618 5.12046,
	5.64968 5.1485,
	5.64618 5.16252,
	5.62865 5.18705,
	5.61814 5.20107,
	5.5901 5.20107,
	5.57608 5.20107,
	5.56206 5.19406,
	5.54804 5.18004,
	5.43589 5.17654,
	5.37982 5.17654,
	5.35178 5.18004,
	5.33776 5.17654,
	5.32724 5.16252,
	5.32724 5.10644,
	5.32724 5.09242,
	"/>
<Contour name="d08cfa06ax24" hidden="false" closed="false" simplified="false" border="0 1 1" fill="0 1 1" mode="9"
 points="5.57942 5.19544,
	5.47165 5.18699,
	5.3491 5.18699,
	"/>
</Transform>

<Transform dim="0"
 xcoef=" 0 1 0 0 0 0"
 ycoef=" 0 0 1 0 0 0">
<Contour name="ax24" comment="LK bouton trace named after cfa" hidden="false" closed="true" simplified="true" border="0 1 1" fill="0.502 1 1" mode="9"
 points="5.04279 5.56061,
	5.04772 5.54748,
	5.04854 5.54092,
	5.04772 5.53435,
	5.04936 5.52779,
	5.05592 5.51466,
	5.06003 5.50809,
	5.07234 5.49496,
	5.08218 5.48183,
	5.09039 5.4687,
	5.09532 5.46214,
	5.0986 5.45886,
	5.10188 5.45229,
	5.10352 5.44573,
	5.11009 5.4326,
	5.11337 5.42603,
	5.11501 5.42275,
	5.14127 5.39813,
	5.16343 5.37187,
	5.17328 5.35874,
	5.18723 5.33248,
	5.19297 5.31935,
	5.19625 5.31278,
	5.20118 5.30704,
	5.21431 5.29719,
	5.22087 5.29309,
	5.22744 5.28734,
	5.23236 5.28078,
	5.234 5.26765,
	5.23646 5.26108,
	5.24303 5.25452,
	5.26929 5.24057,
	5.27585 5.23646,
	5.28898 5.22415,
	5.29965 5.21102,
	5.30458 5.20446,
	5.31114 5.19954,
	5.32427 5.19543,
	5.33084 5.19461,
	5.34397 5.19625,
	5.3571 5.19215,
	5.36366 5.19051,
	5.38992 5.19379,
	5.40305 5.19297,
	5.41618 5.19051,
	5.52122 5.19215,
	5.54748 5.19297,
	5.56061 5.19461,
	5.56718 5.19461,
	5.57374 5.19625,
	5.58687 5.20364,
	5.59918 5.21677,
	5.60657 5.2299,
	5.60985 5.23646,
	5.62052 5.24959,
	5.63283 5.27585,
	5.63693 5.28898,
	5.64268 5.30211,
	5.64514 5.30868,
	5.64596 5.33494,
	5.64842 5.3612,
	5.64924 5.37433,
	5.64678 5.38746,
	5.63447 5.41372,
	5.63119 5.42029,
	5.62955 5.42685,
	5.62791 5.43013,
	5.62791 5.44326,
	5.63365 5.46952,
	5.63611 5.49578,
	5.63447 5.52204,
	5.62052 5.5483,
	5.61396 5.56143,
	5.60985 5.57457,
	5.60739 5.5877,
	5.60329 5.60083,
	5.6 5.60739,
	5.57457 5.62955,
	5.57128 5.63283,
	5.56308 5.64596,
	5.55651 5.65909,
	5.55241 5.66566,
	5.54092 5.67879,
	5.53435 5.68453,
	5.52779 5.68863,
	5.52122 5.6911,
	5.51466 5.69192,
	5.46214 5.68699,
	5.44901 5.68535,
	5.43588 5.68699,
	5.40962 5.68289,
	5.40305 5.68207,
	5.35053 5.65745,
	5.32427 5.64432,
	5.29801 5.62791,
	5.27175 5.62709,
	5.25862 5.62709,
	5.23236 5.6238,
	5.2258 5.62216,
	5.22251 5.62134,
	5.21923 5.61888,
	5.2061 5.61313,
	5.19954 5.60903,
	5.18641 5.60657,
	5.18312 5.60493,
	5.1306 5.60411,
	5.11747 5.60411,
	5.10434 5.60165,
	5.07808 5.58934,
	5.07152 5.58852,
	5.06823 5.5877,
	5.0551 5.57867,
	5.04854 5.57374,
	5.04362 5.56718,
	5.04279 5.56143,
	"/>
</Transform>

<Transform dim="0"
 xcoef=" 0 1 0 0 0 0"
 ycoef=" 0 0 1 0 0 0">
<Contour name="ax25" comment="LK bouton trace named after cfa" hidden="false" closed="true" simplified="true" border="0 1 1" fill="0.502 1 1" mode="9"
 points="3.58894 3.95866,
	3.5916 3.94804,
	3.5916 3.94273,
	3.59824 3.92149,
	3.60089 3.91618,
	3.60089 3.91485,
	3.60421 3.90954,
	3.6062 3.90423,
	3.62014 3.88299,
	3.62213 3.88033,
	3.6228 3.87768,
	3.62943 3.86706,
	3.63806 3.84582,
	3.64337 3.8352,
	3.64669 3.82989,
	3.64935 3.82723,
	3.65997 3.82259,
	3.66262 3.82259,
	3.68386 3.81396,
	3.69448 3.8113,
	3.7051 3.80998,
	3.72634 3.80267,
	3.73696 3.79869,
	3.74227 3.79736,
	3.74493 3.79604,
	3.75555 3.79471,
	3.7582 3.79338,
	3.80068 3.79205,
	3.8113 3.7894,
	3.81661 3.78741,
	3.82723 3.78674,
	3.83254 3.78874,
	3.83387 3.7894,
	3.85511 3.78011,
	3.86573 3.78011,
	3.87635 3.7821,
	3.89759 3.78143,
	3.90821 3.77944,
	3.91883 3.78011,
	3.94007 3.78475,
	3.95069 3.7894,
	3.95335 3.79073,
	3.95866 3.79073,
	3.96131 3.79073,
	3.96662 3.79272,
	3.97193 3.79338,
	3.98255 3.79736,
	4.00379 3.80865,
	4.01441 3.81396,
	4.03565 3.8206,
	4.04627 3.82391,
	4.05158 3.82591,
	4.09406 3.82989,
	4.1153 3.83254,
	4.12592 3.83453,
	4.14716 3.84117,
	4.15247 3.84316,
	4.15513 3.84449,
	4.16575 3.84515,
	4.18699 3.85179,
	4.19761 3.85644,
	4.21885 3.86308,
	4.26133 3.86706,
	4.28257 3.86374,
	4.29319 3.86241,
	4.2985 3.86042,
	4.31974 3.85843,
	4.33036 3.85909,
	4.33567 3.85843,
	4.35691 3.84648,
	4.37815 3.83719,
	4.38346 3.83453,
	4.4047 3.83188,
	4.41001 3.83122,
	4.41532 3.83188,
	4.42594 3.83653,
	4.4286 3.83785,
	4.43656 3.84847,
	4.44918 3.86971,
	4.46842 3.91219,
	4.4744 3.92281,
	4.49033 3.94405,
	4.49896 3.95467,
	4.50891 3.96529,
	4.51754 3.97592,
	4.52352 3.98654,
	4.52551 3.99185,
	4.52617 4.00247,
	4.52152 4.08743,
	4.51821 4.10867,
	4.51621 4.11929,
	4.50958 4.14053,
	4.50427 4.15115,
	4.49697 4.17239,
	4.48701 4.19363,
	4.48435 4.19894,
	4.46909 4.22018,
	4.46112 4.2308,
	4.44055 4.25137,
	4.41931 4.27062,
	4.41665 4.27328,
	4.39541 4.2839,
	4.3901 4.28655,
	4.37948 4.28855,
	4.36886 4.29186,
	4.35824 4.29253,
	4.34762 4.29518,
	4.34231 4.29585,
	4.33169 4.29983,
	4.32638 4.30248,
	4.31576 4.31178,
	4.31045 4.3151,
	4.28921 4.32372,
	4.2839 4.32572,
	4.28124 4.32704,
	4.27062 4.32771,
	4.26 4.32704,
	4.23876 4.32837,
	4.23345 4.33103,
	4.19097 4.33965,
	4.16973 4.34231,
	4.12725 4.34364,
	4.10601 4.34297,
	4.08477 4.33965,
	4.07415 4.33634,
	4.05291 4.33302,
	4.03167 4.32704,
	4.01043 4.31709,
	4.00512 4.31377,
	3.9945 4.30448,
	3.98919 4.29983,
	3.98654 4.29717,
	3.97592 4.2912,
	3.96529 4.28655,
	3.95998 4.2839,
	3.95467 4.27925,
	3.95202 4.27726,
	3.95136 4.27461,
	3.93144 4.25337,
	3.9102 4.23478,
	3.90489 4.2308,
	3.89427 4.22084,
	3.88365 4.2162,
	3.86241 4.2142,
	3.84117 4.21354,
	3.81993 4.20889,
	3.79869 4.20159,
	3.77745 4.1923,
	3.77214 4.18832,
	3.76949 4.18566,
	3.76418 4.18367,
	3.76351 4.18234,
	3.76086 4.18168,
	3.75024 4.17438,
	3.73962 4.16841,
	3.71838 4.1538,
	3.70776 4.14517,
	3.69714 4.13787,
	3.69183 4.13389,
	3.68253 4.12327,
	3.67191 4.11331,
	3.6666 4.10867,
	3.65598 4.10269,
	3.63474 4.08743,
	3.63209 4.08544,
	3.63076 4.08544,
	3.62014 4.07681,
	3.61549 4.07282,
	3.60222 4.05158,
	3.60089 4.04627,
	3.59956 4.04362,
	3.59757 4.02238,
	3.59691 4.01176,
	3.59359 4.00114,
	3.59027 3.9799,
	3.58894 3.96928,
	3.58894 3.95932,
	"/>
</Transform>

<Transform dim="0"
 xcoef=" 0 1 0 0 0 0"
 ycoef=" 0 0 1 0 0 0">
<Contour name="ax27" hidden="false" closed="true" simplified="true" border="0 0 1" fill="0 0 1" mode="11"
 points="3.46856 4.09125,
	3.48976 4.07271,
	3.51095 4.06211,
	3.53215 4.05681,
	3.57455 4.05681,
	3.59575 4.06476,
	3.60635 4.06741,
	3.61429 4.07536,
	3.62489 4.07801,
	3.63284 4.08595,
	3.65404 4.0939,
	3.67259 4.1098,
	3.68054 4.1204,
	3.68054 4.1416,
	3.66994 4.1628,
	3.65934 4.1734,
	3.63814 4.18665,
	3.61694 4.1946,
	3.57455 4.19725,
	3.55335 4.19725,
	3.51095 4.18665,
	3.4924 4.17075,
	3.47916 4.14955,
	3.47121 4.12835,
	3.46856 4.10715,
	3.46856 4.09655,
	3.46856 4.0939,
	"/>
</Transform>

<Transform dim="0"
 xcoef=" 0 1 0 0 0 0"
 ycoef=" 0 0 1 0 0 0">
<Contour name="d03c03ax06" hidden="false" closed="true" simplified="true" border="0 1 0" fill="0 1 0" mode="9"
 points="3.67151 3.1188,
	3.79279 2.84405,
	3.80781 2.80971,
	3.8121 2.80112,
	3.81318 2.79898,
	3.88186 2.82259,
	3.89045 2.82581,
	3.89152 2.8301,
	3.88508 2.89879,
	3.88079 2.93313,
	3.87972 2.9503,
	3.87864 2.95889,
	3.82176 3.09626,
	3.80781 3.1306,
	3.80352 3.13919,
	3.79171 3.27656,
	3.78527 3.34525,
	3.7842 3.34954,
	3.71551 3.32057,
	3.69834 3.31305,
	3.69619 3.31198,
	3.67902 3.17461,
	3.67366 3.14026,
	3.67151 3.12309,
	3.67151 3.11987,
	"/>
</Transform>

<Transform dim="0"
 xcoef=" 0 1 0 0 0 0"
 ycoef=" 0 0 1 0 0 0">
<Contour name="d08c06ax24" hidden="false" closed="true" simplified="true" border="0 1 0" fill="0 1 0" mode="9"
 points="5.34665 5.21418,
	5.35175 5.14897,
	5.35175 5.14693,
	5.3599 5.14591,
	5.49033 5.15203,
	5.55555 5.1561,
	5.57185 5.1561,
	5.58815 5.15814,
	5.57287 5.22335,
	5.57185 5.22743,
	5.57083 5.22947,
	5.4404 5.22539,
	5.37518 5.22335,
	5.35888 5.22234,
	5.35073 5.22234,
	5.34665 5.22132,
	5.34665 5.21724,
	5.34665 5.2152,
	"/>
</Transform>

<Transform dim="0"
 xcoef=" 0 1 0 0 0 0"
 ycoef=" 0 0 1 0 0 0">
<Contour name="ddh_d06ax07" comment="traced by ddh 12/20/18" hidden="false" closed="true" simplified="true" border="0.5 0 1" fill="0.5 0 1" mode="11"
 points="1.69678 8.37969,
	1.70122 8.37178,
	1.7032 8.3703,
	1.70715 8.36981,
	1.72295 8.37178,
	1.73875 8.37623,
	1.7427 8.37771,
	1.7506 8.37771,
	1.75455 8.37722,
	1.76246 8.37425,
	1.76641 8.37277,
	1.77036 8.37376,
	1.77431 8.37376,
	1.77826 8.37475,
	1.77925 8.37475,
	1.7827 8.37722,
	1.78468 8.3782,
	1.78863 8.38166,
	1.79258 8.38413,
	1.79455 8.38561,
	1.79554 8.3866,
	1.79653 8.3866,
	1.79702 8.38759,
	1.79801 8.38759,
	1.79949 8.38956,
	1.80344 8.39203,
	1.80443 8.39203,
	1.80739 8.3945,
	1.81529 8.39944,
	1.81924 8.40191,
	1.82122 8.40388,
	1.82863 8.40833,
	1.83258 8.41129,
	1.83307 8.41228,
	1.83406 8.41228,
	1.84147 8.41771,
	1.84887 8.42413,
	1.85282 8.42709,
	1.86023 8.4345,
	1.86319 8.43845,
	1.86418 8.4424,
	1.86418 8.44635,
	1.86319 8.4503,
	1.86073 8.45425,
	1.86023 8.45623,
	1.85332 8.46215,
	1.84986 8.46462,
	1.84591 8.46611,
	1.83011 8.46611,
	1.82616 8.46611,
	1.81826 8.46462,
	1.81431 8.46364,
	1.81233 8.46265,
	1.80443 8.46117,
	1.80245 8.46018,
	1.7985 8.46018,
	1.79455 8.45919,
	1.78665 8.45919,
	1.7827 8.45919,
	1.77875 8.4582,
	1.77085 8.45771,
	1.7669 8.45672,
	1.76492 8.45623,
	1.76295 8.45475,
	1.759 8.45327,
	1.75702 8.45277,
	1.75307 8.4503,
	1.74912 8.44882,
	1.74863 8.44783,
	1.74468 8.44635,
	1.73678 8.44191,
	1.72937 8.43598,
	1.72295 8.43006,
	1.71653 8.42265,
	1.71307 8.4187,
	1.71209 8.41672,
	1.70517 8.40932,
	1.70171 8.40536,
	1.69727 8.39746,
	1.69678 8.38166,
	1.69678 8.38018,
	"/>
</Transform>

<Transform dim="0"
 xcoef=" 0 1 0 0 0 0"
 ycoef=" 0 0 1 0 0 0">
<Contour name="ddh_d06ax08" comment="traced by ddh" hidden="false" closed="true" simplified="true" border="1 0 0.5" fill="1 0 0.5" mode="11"
 points="0.438094 8.2257,
	0.438748 8.22309,
	0.442017 8.21786,
	0.451171 8.21001,
	0.461633 8.20609,
	0.464249 8.20478,
	0.474711 8.20282,
	0.479942 8.20282,
	0.490404 8.19824,
	0.495635 8.19628,
	0.49825 8.19562,
	0.508712 8.18582,
	0.519174 8.18124,
	0.521789 8.17928,
	0.523097 8.17928,
	0.524405 8.17797,
	0.529636 8.17666,
	0.532251 8.17666,
	0.537482 8.1747,
	0.542713 8.1747,
	0.545329 8.1747,
	0.55056 8.17274,
	0.553175 8.17209,
	0.554483 8.17078,
	0.559714 8.17012,
	0.562329 8.16947,
	0.563637 8.16816,
	0.574099 8.16489,
	0.584561 8.16293,
	0.595023 8.16228,
	0.600254 8.16293,
	0.605485 8.16555,
	0.610716 8.16947,
	0.625101 8.19039,
	0.630986 8.2002,
	0.633601 8.20282,
	0.636217 8.20805,
	0.636217 8.20936,
	0.637525 8.21066,
	0.637525 8.21197,
	0.643409 8.22243,
	0.644717 8.22374,
	0.645371 8.22636,
	0.646679 8.22766,
	0.649294 8.23813,
	0.649294 8.24859,
	0.646679 8.25905,
	0.644063 8.26363,
	0.636217 8.27344,
	0.630986 8.27736,
	0.629678 8.27867,
	0.62837 8.27867,
	0.6081 8.2924,
	0.597638 8.29632,
	0.587177 8.29894,
	0.584561 8.30024,
	0.574099 8.30024,
	0.568868 8.30024,
	0.566253 8.29894,
	0.561022 8.29828,
	0.558406 8.29828,
	0.557098 8.29697,
	0.551867 8.29632,
	0.546637 8.29371,
	0.544021 8.29305,
	0.542713 8.29174,
	0.521789 8.28194,
	0.520482 8.28063,
	0.517866 8.27997,
	0.513289 8.27605,
	0.510674 8.27474,
	0.500866 8.26624,
	0.495635 8.26232,
	0.490404 8.2597,
	0.487788 8.25774,
	0.48648 8.25774,
	0.485173 8.25643,
	0.483865 8.25643,
	0.482557 8.25513,
	0.462287 8.24728,
	0.460979 8.24597,
	0.450517 8.2427,
	0.445286 8.23878,
	0.442671 8.23813,
	0.438748 8.23355,
	0.438094 8.22832,
	0.438094 8.22636,
	"/>
</Transform>

<Transform dim="0"
 xcoef=" 0 1 0 0 0 0"
 ycoef=" 0 0 1 0 0 0">
<Contour name="ddh_d06ax10" comment="traced by ddh" hidden="false" closed="true" simplified="true" border="1 1 0" fill="1 1 0" mode="11"
 points="3.74202 7.24086,
	3.75048 7.19575,
	3.75682 7.1732,
	3.75964 7.15064,
	3.75752 7.10553,
	3.75682 7.09426,
	3.75682 7.09144,
	3.76598 7.06888,
	3.77514 7.0576,
	3.78572 7.04633,
	3.78995 7.04069,
	3.79136 7.03787,
	3.79629 7.03223,
	3.79981 7.02659,
	3.81884 7.00404,
	3.83012 6.99487,
	3.8414 6.98712,
	3.84704 6.98359,
	3.86959 6.96597,
	3.87523 6.96174,
	3.87805 6.95963,
	3.87946 6.95963,
	3.89074 6.94976,
	3.90202 6.93848,
	3.91329 6.92862,
	3.93585 6.91382,
	3.94713 6.90818,
	3.9584 6.90113,
	3.98025 6.88985,
	3.99153 6.88139,
	3.99717 6.87787,
	4.00281 6.87223,
	4.01409 6.86589,
	4.02536 6.86377,
	4.03664 6.86307,
	4.04228 6.86518,
	4.04792 6.86871,
	4.0592 6.87928,
	4.06484 6.89056,
	4.06765 6.89619,
	4.07541 6.90747,
	4.08669 6.91241,
	4.09796 6.91382,
	4.14307 6.91241,
	4.15435 6.91593,
	4.15999 6.91804,
	4.16563 6.92157,
	4.17127 6.92368,
	4.18184 6.93426,
	4.18959 6.94553,
	4.19312 6.95117,
	4.19312 6.95258,
	4.19453 6.95329,
	4.19453 6.9547,
	4.20439 6.96527,
	4.21567 6.97443,
	4.22695 6.98218,
	4.23611 6.99346,
	4.23752 6.99628,
	4.23752 6.99769,
	4.23964 7.00051,
	4.24246 7.01179,
	4.24457 7.03434,
	4.24387 7.0569,
	4.24528 7.06254,
	4.24528 7.06395,
	4.2488 7.06959,
	4.25091 7.07522,
	4.25867 7.0865,
	4.26854 7.09778,
	4.29109 7.10765,
	4.30166 7.11892,
	4.30378 7.12174,
	4.30448 7.12738,
	4.30307 7.13866,
	4.29884 7.14994,
	4.29884 7.15276,
	4.29391 7.16403,
	4.28757 7.18659,
	4.28475 7.19223,
	4.28122 7.20351,
	4.27911 7.20914,
	4.27558 7.21478,
	4.25655 7.23734,
	4.234 7.25144,
	4.22272 7.2606,
	4.21708 7.26412,
	4.21356 7.26976,
	4.21285 7.27258,
	4.21144 7.27399,
	4.21074 7.28527,
	4.21144 7.29655,
	4.21215 7.29936,
	4.21567 7.305,
	4.22695 7.31276,
	4.23259 7.31487,
	4.25514 7.31699,
	4.26642 7.3184,
	4.27206 7.32192,
	4.27699 7.32756,
	4.27981 7.3332,
	4.28122 7.33602,
	4.28193 7.35857,
	4.28122 7.36985,
	4.27911 7.38113,
	4.26995 7.40368,
	4.26642 7.41496,
	4.26501 7.41778,
	4.26149 7.44033,
	4.26078 7.46289,
	4.26078 7.46853,
	4.25937 7.47417,
	4.25937 7.48544,
	4.25585 7.508,
	4.25585 7.51364,
	4.25303 7.52491,
	4.25162 7.52773,
	4.25091 7.53337,
	4.24669 7.54465,
	4.24105 7.55593,
	4.23259 7.56721,
	4.22554 7.57848,
	4.22061 7.58412,
	4.21708 7.58976,
	4.20651 7.60104,
	4.20158 7.60668,
	4.19876 7.60879,
	4.19805 7.6102,
	4.19664 7.6102,
	4.18607 7.62007,
	4.17479 7.62782,
	4.16915 7.62994,
	4.15787 7.63699,
	4.13532 7.64897,
	4.12404 7.65531,
	4.10149 7.66447,
	4.09021 7.66941,
	4.08457 7.67082,
	4.08175 7.67082,
	4.07611 7.67293,
	4.031 7.67787,
	4.01973 7.67998,
	4.01409 7.68069,
	3.96898 7.69408,
	3.96334 7.69619,
	3.95206 7.6969,
	3.92951 7.69549,
	3.90695 7.69267,
	3.86184 7.69408,
	3.83929 7.69408,
	3.82801 7.69196,
	3.81673 7.68844,
	3.80545 7.6835,
	3.79981 7.68139,
	3.78924 7.67505,
	3.7836 7.67223,
	3.77796 7.66729,
	3.77162 7.65602,
	3.76951 7.61091,
	3.76528 7.58835,
	3.76316 7.57707,
	3.76316 7.55452,
	3.76387 7.54324,
	3.7688 7.52069,
	3.78924 7.47558,
	3.79136 7.46994,
	3.79488 7.4643,
	3.79699 7.45866,
	3.79699 7.44738,
	3.79347 7.4361,
	3.78572 7.42483,
	3.77937 7.41355,
	3.77585 7.40791,
	3.77233 7.39663,
	3.77092 7.39381,
	3.77021 7.37126,
	3.77092 7.36562,
	3.77303 7.35998,
	3.77514 7.33743,
	3.77585 7.33179,
	3.77444 7.32615,
	3.7688 7.31487,
	3.76669 7.30923,
	3.75752 7.29796,
	3.75048 7.28668,
	3.74695 7.28104,
	3.74484 7.26976,
	3.74343 7.26412,
	3.74202 7.2613,
	3.74202 7.25003,
	3.74202 7.24439,
	3.74202 7.24157,
	"/>
</Transform>

<Transform dim="0"
 xcoef=" 0 1 0 0 0 0"
 ycoef=" 0 0 1 0 0 0">
<Contour name="d07cfa14a" hidden="false" closed="false" simplified="false" border="0 1 1" fill="0 1 1" mode="9"
 points="1.94112 8.11837,
	1.94112 8.07261,
	1.92206 8.00398,
	1.91062 7.91246,
	"/>
</Transform>

<Transform dim="0"
 xcoef=" 0 1 0 0 0 0"
 ycoef=" 0 0 1 0 0 0">
<Contour name="d07c14a" hidden="true" closed="true" simplified="true" border="1 0 0" fill="0 1 0" mode="9"
 points="1.89134 7.93143,
	1.90659 7.91617,
	1.92185 7.91999,
	1.9371 7.93524,
	1.94854 7.96574,
	1.95616 7.981,
	1.98286 8.0115,
	1.98286 8.07251,
	1.98286 8.10302,
	1.98286 8.11827,
	1.97904 8.1259,
	1.94854 8.1259,
	1.92185 8.09921,
	1.92185 8.08395,
	1.90278 8.05345,
	1.89134 7.99244,
	1.89134 7.93524,
	"/>
</Transform>

<Transform dim="0"
 xcoef=" 0 1 0 0 0 0"
 ycoef=" 0 0 1 0 0 0">
<Contour name="ddh_d07ax14a" comment="traced by ddh" hidden="false" closed="true" simplified="true" border="1 0 1" fill="1 0 1" mode="11"
 points="1.32573 7.99547,
	1.33087 7.98519,
	1.33215 7.98263,
	1.34243 7.97363,
	1.36298 7.96014,
	1.36812 7.95565,
	1.37197 7.95051,
	1.37454 7.94794,
	1.37968 7.93766,
	1.39317 7.91711,
	1.39767 7.90683,
	1.39959 7.90169,
	1.39895 7.89142,
	1.3951 7.88114,
	1.39445 7.876,
	1.3951 7.87086,
	1.39767 7.86573,
	1.41501 7.84517,
	1.4195 7.84003,
	1.42914 7.81948,
	1.43107 7.8092,
	1.43171 7.79892,
	1.43556 7.77837,
	1.4362 7.77323,
	1.44199 7.75268,
	1.44327 7.7424,
	1.44327 7.73726,
	1.44777 7.72699,
	1.45355 7.71671,
	1.46125 7.70643,
	1.46575 7.70129,
	1.4863 7.68909,
	1.52741 7.67432,
	1.53769 7.67239,
	1.54797 7.67239,
	1.55824 7.67432,
	1.56338 7.67496,
	1.56595 7.67624,
	1.60706 7.67753,
	1.62761 7.6801,
	1.63789 7.68138,
	1.65844 7.68138,
	1.679 7.68331,
	1.68927 7.68588,
	1.69441 7.68716,
	1.71497 7.6968,
	1.72011 7.69808,
	1.72524 7.70065,
	1.73038 7.70194,
	1.74066 7.70643,
	1.75094 7.71478,
	1.75543 7.71992,
	1.75864 7.72506,
	1.76121 7.72763,
	1.77149 7.73405,
	1.78177 7.73791,
	1.78691 7.73919,
	1.78947 7.73919,
	1.81003 7.74754,
	1.82031 7.75139,
	1.84086 7.76617,
	1.86141 7.77837,
	1.87169 7.78544,
	1.87683 7.78801,
	1.89738 7.80599,
	1.90766 7.81627,
	1.9128 7.82141,
	1.91794 7.83168,
	1.91922 7.83682,
	1.91858 7.85738,
	1.91922 7.86765,
	1.91794 7.90876,
	1.91794 7.94987,
	1.91922 7.97042,
	1.925 8.01153,
	1.92821 8.03208,
	1.92886 8.04236,
	1.92757 8.06291,
	1.92821 8.08347,
	1.92886 8.08861,
	1.92436 8.10916,
	1.91858 8.12971,
	1.91665 8.13999,
	1.91858 8.15027,
	1.92243 8.16055,
	1.92372 8.16568,
	1.92243 8.17596,
	1.91665 8.19651,
	1.91473 8.20165,
	1.90702 8.21193,
	1.89674 8.219,
	1.8916 8.22156,
	1.88133 8.22413,
	1.86077 8.2267,
	1.85049 8.22735,
	1.82994 8.2312,
	1.81966 8.23248,
	1.80939 8.23248,
	1.78883 8.2267,
	1.77856 8.22413,
	1.76828 8.22349,
	1.758 8.22413,
	1.73745 8.22863,
	1.72717 8.23184,
	1.70662 8.24212,
	1.69634 8.24854,
	1.68606 8.25368,
	1.67579 8.25561,
	1.65523 8.25432,
	1.64496 8.24983,
	1.63468 8.24148,
	1.63018 8.23634,
	1.61798 8.21578,
	1.6122 8.20551,
	1.59742 8.18495,
	1.58137 8.1644,
	1.56402 8.14385,
	1.54347 8.12522,
	1.52292 8.10916,
	1.51264 8.10145,
	1.49209 8.08989,
	1.48181 8.08604,
	1.46125 8.08154,
	1.45098 8.0809,
	1.43042 8.0854,
	1.42015 8.08925,
	1.40987 8.09567,
	1.40473 8.09888,
	1.40216 8.10081,
	1.39189 8.10274,
	1.38161 8.10017,
	1.37647 8.09696,
	1.37197 8.09246,
	1.36298 8.07191,
	1.3617 8.06163,
	1.3617 8.05649,
	1.35849 8.04621,
	1.35399 8.03594,
	1.34692 8.02566,
	1.33729 8.01603,
	1.33215 8.01153,
	1.3283 8.00639,
	1.32637 8.00125,
	1.32573 7.99611,
	"/>
</Transform>

<Transform dim="0"
 xcoef=" 0 1 0 0 0 0"
 ycoef=" 0 0 1 0 0 0">
<Contour name="ddh_d07ax12" comment="traced by ddh" hidden="false" closed="true" simplified="true" border="1 0 0" fill="1 0 0" mode="11"
 points="3.91947 8.15237,
	3.92711 8.12791,
	3.93093 8.11567,
	3.93093 8.10956,
	3.93323 8.09733,
	3.93476 8.09121,
	3.9554 8.04228,
	3.96686 8.01782,
	3.9768 7.99336,
	3.99897 7.94443,
	4.00509 7.9322,
	4.0135 7.91997,
	4.03414 7.8955,
	4.04484 7.88327,
	4.05325 7.87104,
	4.05478 7.86798,
	4.06013 7.86187,
	4.07236 7.85422,
	4.08459 7.84964,
	4.09682 7.8504,
	4.10294 7.84734,
	4.10906 7.84199,
	4.11135 7.83893,
	4.11364 7.8267,
	4.11441 7.81447,
	4.11517 7.80835,
	4.11517 7.8053,
	4.11517 7.80377,
	4.11899 7.79765,
	4.12129 7.79154,
	4.13123 7.7793,
	4.13734 7.77395,
	4.13964 7.77089,
	4.14116 7.77089,
	4.14422 7.76784,
	4.14728 7.76707,
	4.15875 7.75943,
	4.17098 7.75484,
	4.18321 7.75331,
	4.20767 7.75637,
	4.2566 7.76631,
	4.26883 7.7686,
	4.28106 7.76937,
	4.2933 7.77242,
	4.30553 7.77854,
	4.31164 7.7816,
	4.33611 7.79765,
	4.34834 7.80147,
	4.35445 7.803,
	4.36668 7.80224,
	4.3728 7.80071,
	4.37586 7.80071,
	4.38197 7.79765,
	4.40644 7.79383,
	4.41867 7.7923,
	4.44313 7.79612,
	4.4676 7.803,
	4.47983 7.80835,
	4.48594 7.81065,
	4.49206 7.81447,
	4.49817 7.81982,
	4.502 7.82594,
	4.50429 7.83205,
	4.50505 7.83817,
	4.50582 7.84123,
	4.50429 7.85346,
	4.49512 7.87792,
	4.48212 7.90238,
	4.47371 7.91462,
	4.46148 7.92455,
	4.43702 7.93526,
	4.41255 7.94214,
	4.38809 7.94749,
	4.37586 7.94978,
	4.3514 7.95972,
	4.32693 7.97119,
	4.3147 7.97807,
	4.31164 7.97883,
	4.30553 7.98342,
	4.30247 7.98495,
	4.29024 7.99565,
	4.2803 8.00788,
	4.27189 8.02011,
	4.26654 8.02623,
	4.26119 8.03846,
	4.25354 8.05069,
	4.24819 8.06292,
	4.2459 8.06904,
	4.24437 8.08127,
	4.2436 8.08739,
	4.23902 8.09962,
	4.23061 8.11185,
	4.22908 8.11491,
	4.21685 8.12408,
	4.20462 8.12943,
	4.18015 8.13402,
	4.16792 8.13784,
	4.16486 8.13784,
	4.1404 8.14931,
	4.13428 8.1539,
	4.13123 8.15543,
	4.11899 8.16613,
	4.09453 8.18295,
	4.09147 8.18448,
	4.08842 8.18753,
	4.06395 8.199,
	4.05172 8.20741,
	4.04561 8.212,
	4.04255 8.21353,
	4.03032 8.22499,
	4.02879 8.22805,
	4.01656 8.23875,
	4.01426 8.24181,
	4.00203 8.24716,
	3.99591 8.24869,
	3.98368 8.24869,
	3.97757 8.24869,
	3.96534 8.24411,
	3.9531 8.2357,
	3.94699 8.23111,
	3.93858 8.21888,
	3.92711 8.19441,
	3.92482 8.1883,
	3.92329 8.18524,
	3.92252 8.17912,
	3.921 8.17607,
	3.91947 8.16384,
	3.91947 8.15772,
	3.91947 8.15466,
	3.91947 8.15313,
	"/>
</Transform>

<Transform dim="0"
 xcoef=" 0 1 0 0 0 0"
 ycoef=" 0 0 1 0 0 0">
<Contour name="ddh_d08ax12" comment="traced by ddh" hidden="false" closed="true" simplified="true" border="0 1 1" fill="0 1 1" mode="11"
 points="4.36129 3.12753,
	4.36474 3.11176,
	4.36819 3.10387,
	4.37361 3.09598,
	4.37756 3.0881,
	4.37854 3.08021,
	4.37904 3.07824,
	4.37608 3.06247,
	4.36967 3.04669,
	4.36918 3.03881,
	4.37164 3.02303,
	4.37164 3.01909,
	4.36967 3.0112,
	4.36671 3.00332,
	4.36573 2.99937,
	4.36918 2.99149,
	4.37115 2.98754,
	4.37411 2.98409,
	4.38988 2.9767,
	4.39185 2.97571,
	4.40762 2.97423,
	4.41551 2.97177,
	4.4234 2.96783,
	4.43128 2.9624,
	4.43523 2.95945,
	4.44311 2.9555,
	4.451 2.95304,
	4.45889 2.94959,
	4.46086 2.9486,
	4.46875 2.9417,
	4.47614 2.93382,
	4.48452 2.91804,
	4.48945 2.91016,
	4.4929 2.90671,
	4.50078 2.90227,
	4.50473 2.90079,
	4.5205 2.8998,
	4.52444 2.9003,
	4.54022 2.90523,
	4.55599 2.91262,
	4.56388 2.9141,
	4.57965 2.91508,
	4.58754 2.91607,
	4.59148 2.91706,
	4.59345 2.91706,
	4.60923 2.92494,
	4.61711 2.92987,
	4.625 2.93727,
	4.62894 2.94121,
	4.63289 2.94417,
	4.63929 2.95205,
	4.64422 2.95994,
	4.65162 2.97571,
	4.65408 2.99149,
	4.66049 3.00726,
	4.66246 3.01515,
	4.66295 3.02303,
	4.66098 3.03092,
	4.66049 3.03486,
	4.65408 3.05064,
	4.6526 3.06641,
	4.65359 3.0743,
	4.65556 3.07824,
	4.65654 3.08021,
	4.66049 3.08317,
	4.67626 3.08908,
	4.68415 3.09155,
	4.68809 3.09401,
	4.69154 3.09746,
	4.69351 3.10535,
	4.69351 3.11324,
	4.69203 3.12112,
	4.69154 3.12507,
	4.6876 3.13295,
	4.68218 3.14084,
	4.67971 3.14478,
	4.67183 3.15168,
	4.65605 3.16351,
	4.64028 3.17288,
	4.63634 3.17436,
	4.62845 3.18027,
	4.62056 3.18767,
	4.60923 3.20344,
	4.60232 3.21133,
	4.59887 3.21527,
	4.59099 3.22069,
	4.57521 3.22858,
	4.57127 3.23006,
	4.5693 3.23104,
	4.55353 3.23301,
	4.52198 3.234,
	4.50621 3.23252,
	4.49832 3.22907,
	4.49043 3.22414,
	4.48649 3.22118,
	4.4786 3.21724,
	4.47072 3.21182,
	4.46677 3.20935,
	4.451 3.19506,
	4.44311 3.18865,
	4.43523 3.18323,
	4.43128 3.18027,
	4.41551 3.17239,
	4.40762 3.17091,
	4.39185 3.16548,
	4.38791 3.1645,
	4.38002 3.16105,
	4.37608 3.15858,
	4.36967 3.15119,
	4.36523 3.1433,
	4.36326 3.13936,
	4.36228 3.13739,
	4.36129 3.1295,
	4.36129 3.12802,
	"/>
</Transform>

<Transform dim="0"
 xcoef=" 0 1 0 0 0 0"
 ycoef=" 0 0 1 0 0 0">
<Contour name="ddh_d08ax10" comment="traced by ddh" hidden="false" closed="true" simplified="true" border="1 0.5 0" fill="1 0.5 0" mode="11"
 points="6.28513 3.14318,
	6.29065 3.13338,
	6.29432 3.12848,
	6.29554 3.12603,
	6.30473 3.11869,
	6.30534 3.11746,
	6.30657 3.11746,
	6.31085 3.11379,
	6.31514 3.11134,
	6.32432 3.10399,
	6.3329 3.09787,
	6.33902 3.08807,
	6.34698 3.0795,
	6.34882 3.07705,
	6.35004 3.07705,
	6.35433 3.07337,
	6.36351 3.06909,
	6.36841 3.06725,
	6.37821 3.06786,
	6.39781 3.07092,
	6.4174 3.07153,
	6.4223 3.07215,
	6.42352 3.07215,
	6.42475 3.07337,
	6.4272 3.07337,
	6.42842 3.0746,
	6.42965 3.0746,
	6.43455 3.07888,
	6.43822 3.08317,
	6.44067 3.08807,
	6.44128 3.09787,
	6.44067 3.10766,
	6.43945 3.11256,
	6.44006 3.12236,
	6.44189 3.12726,
	6.44312 3.12787,
	6.44679 3.13767,
	6.44679 3.14747,
	6.44679 3.15236,
	6.44373 3.16216,
	6.43883 3.17196,
	6.43577 3.17686,
	6.43455 3.17808,
	6.43455 3.17931,
	6.43332 3.17992,
	6.43332 3.18114,
	6.4272 3.19094,
	6.42536 3.19339,
	6.42536 3.19462,
	6.42352 3.19707,
	6.42169 3.20074,
	6.42046 3.20319,
	6.42046 3.20441,
	6.4174 3.2087,
	6.4125 3.2136,
	6.4076 3.21666,
	6.4027 3.2185,
	6.39781 3.21911,
	6.39291 3.2185,
	6.39046 3.2185,
	6.38556 3.21666,
	6.38433 3.21666,
	6.38188 3.21482,
	6.37209 3.21054,
	6.36719 3.20748,
	6.36229 3.20564,
	6.35984 3.2038,
	6.35739 3.20319,
	6.35617 3.20319,
	6.35494 3.20196,
	6.35249 3.20196,
	6.35127 3.20074,
	6.34147 3.19707,
	6.33657 3.19462,
	6.33473 3.19278,
	6.33351 3.19278,
	6.32494 3.18604,
	6.3231 3.18421,
	6.32065 3.18359,
	6.31575 3.17992,
	6.3133 3.17808,
	6.31208 3.17808,
	6.30289 3.17257,
	6.30167 3.17135,
	6.29922 3.17073,
	6.29432 3.16767,
	6.29065 3.164,
	6.28697 3.1591,
	6.28513 3.1542,
	6.28513 3.1444,
	6.28513 3.14379,
	"/>
</Transform>

<Transform dim="0"
 xcoef=" 0 1 0 0 0 0"
 ycoef=" 0 0 1 0 0 0">
<Contour name="ddh_d08ax08" comment="traced by ddh" hidden="false" closed="true" simplified="true" border="1 0 1" fill="1 0 1" mode="11"
 points="4.71386 4.63315,
	4.71687 4.62351,
	4.72289 4.61387,
	4.73072 4.60423,
	4.73434 4.59941,
	4.73554 4.59701,
	4.73795 4.5946,
	4.73916 4.59339,
	4.74759 4.57412,
	4.75301 4.56448,
	4.75602 4.55966,
	4.76506 4.55304,
	4.76988 4.55002,
	4.77951 4.54701,
	4.78433 4.54581,
	4.80361 4.5446,
	4.82288 4.54641,
	4.84216 4.54701,
	4.91925 4.5428,
	4.93853 4.54159,
	4.94817 4.54099,
	4.9578 4.54159,
	4.96262 4.5428,
	4.97226 4.54822,
	4.97708 4.55183,
	4.9831 4.56147,
	4.98431 4.57111,
	4.9837 4.58074,
	4.98129 4.59038,
	4.97708 4.60002,
	4.96443 4.61929,
	4.9578 4.62893,
	4.94937 4.63857,
	4.93973 4.647,
	4.9301 4.65664,
	4.92769 4.65844,
	4.92528 4.65905,
	4.906 4.6729,
	4.88673 4.68555,
	4.87709 4.68916,
	4.85782 4.69338,
	4.853 4.69398,
	4.83372 4.69217,
	4.82409 4.68976,
	4.80481 4.68133,
	4.79517 4.67832,
	4.79276 4.67772,
	4.79156 4.67651,
	4.78915 4.67591,
	4.78674 4.6741,
	4.7771 4.67109,
	4.77228 4.66929,
	4.76988 4.66808,
	4.76506 4.66748,
	4.76385 4.66627,
	4.75421 4.66447,
	4.7494 4.66266,
	4.74819 4.66266,
	4.74699 4.66146,
	4.74217 4.66085,
	4.73253 4.65724,
	4.72771 4.65543,
	4.72651 4.65423,
	4.7241 4.65362,
	4.71988 4.64881,
	4.71687 4.64399,
	4.71446 4.64158,
	4.71386 4.63676,
	4.71386 4.63435,
	4.71386 4.63375,
	"/>
</Transform>

<Transform dim="0"
 xcoef=" 0 1 0 0 0 0"
 ycoef=" 0 0 1 0 0 0">
<Contour name="ddh_d08ax07" comment="traced by ddh" hidden="false" closed="true" simplified="true" border="1 0.5 0" fill="1 0.5 0" mode="11"
 points="5.59863 4.87709,
	5.60492 4.85194,
	5.60649 4.83936,
	5.60571 4.82679,
	5.60335 4.8205,
	5.61514 4.79535,
	5.63322 4.77019,
	5.65365 4.74504,
	5.67802 4.72068,
	5.69059 4.7081,
	5.69688 4.70181,
	5.72203 4.68845,
	5.73461 4.68216,
	5.75976 4.67981,
	5.76605 4.67902,
	5.81635 4.69081,
	5.82893 4.69474,
	5.8415 4.6971,
	5.84779 4.69788,
	5.86037 4.69631,
	5.86351 4.69631,
	5.88866 4.68767,
	5.91382 4.67273,
	5.93897 4.65465,
	5.96412 4.64051,
	5.97669 4.63265,
	5.98298 4.62872,
	6.00813 4.60749,
	6.02071 4.59728,
	6.03329 4.58549,
	6.08359 4.55405,
	6.08988 4.5509,
	6.11503 4.52889,
	6.12603 4.51632,
	6.13075 4.51003,
	6.13389 4.50689,
	6.14097 4.49431,
	6.14333 4.48802,
	6.14411 4.48173,
	6.14175 4.45658,
	6.14018 4.44401,
	6.13389 4.43143,
	6.12525 4.41886,
	6.11424 4.40628,
	6.11031 4.3937,
	6.10953 4.39213,
	6.11424 4.37956,
	6.12132 4.36698,
	6.12603 4.36148,
	6.13861 4.35283,
	6.16376 4.34261,
	6.18891 4.3379,
	6.20149 4.33947,
	6.20778 4.33947,
	6.22035 4.3434,
	6.2455 4.35519,
	6.25179 4.35833,
	6.26437 4.35991,
	6.28952 4.35833,
	6.29581 4.35833,
	6.3021 4.35598,
	6.31467 4.3489,
	6.32096 4.34654,
	6.34611 4.34419,
	6.37126 4.33947,
	6.38384 4.33475,
	6.39013 4.33082,
	6.39877 4.31825,
	6.40192 4.30567,
	6.40349 4.2931,
	6.40506 4.28681,
	6.4027 4.27423,
	6.3972 4.26166,
	6.39484 4.24908,
	6.3972 4.23651,
	6.39877 4.23022,
	6.39956 4.22707,
	6.40349 4.22079,
	6.40428 4.21764,
	6.41607 4.20507,
	6.42235 4.19956,
	6.43493 4.19249,
	6.46008 4.1862,
	6.48523 4.18227,
	6.49781 4.18227,
	6.52296 4.17677,
	6.53554 4.17127,
	6.56069 4.15005,
	6.57169 4.13747,
	6.58427 4.12725,
	6.59684 4.11861,
	6.60863 4.10682,
	6.61885 4.09424,
	6.62593 4.08166,
	6.62907 4.07538,
	6.6668 4.02507,
	6.67701 4.0125,
	6.68959 4.00071,
	6.70217 3.99363,
	6.70845 3.99049,
	6.7116 3.98892,
	6.72339 3.97713,
	6.7281 3.97084,
	6.74068 3.95984,
	6.74697 3.95591,
	6.77212 3.94647,
	6.7847 3.94019,
	6.79727 3.93154,
	6.80985 3.92132,
	6.81614 3.91582,
	6.82793 3.89067,
	6.8295 3.88752,
	6.8405 3.87495,
	6.846 3.86945,
	6.85858 3.86316,
	6.87116 3.85923,
	6.87744 3.85451,
	6.88059 3.85294,
	6.88688 3.84744,
	6.91203 3.83408,
	6.9246 3.82779,
	6.9301 3.8215,
	6.93403 3.81521,
	6.94268 3.79006,
	6.94425 3.78692,
	6.95683 3.77513,
	6.95997 3.77277,
	6.96154 3.7712,
	6.96469 3.77041,
	6.96783 3.76805,
	6.97412 3.76569,
	6.99927 3.76176,
	7.01185 3.75469,
	7.02442 3.7429,
	7.02914 3.73661,
	7.02993 3.73347,
	7.04643 3.70832,
	7.05429 3.69574,
	7.07944 3.68159,
	7.08573 3.67845,
	7.09831 3.66823,
	7.1046 3.66273,
	7.11324 3.65015,
	7.12346 3.63758,
	7.12975 3.63129,
	7.1549 3.61085,
	7.15804 3.60771,
	7.1604 3.60614,
	7.16905 3.59356,
	7.18005 3.58099,
	7.19263 3.57077,
	7.19891 3.56605,
	7.21149 3.55348,
	7.21306 3.5519,
	7.21306 3.55033,
	7.21463 3.54955,
	7.21463 3.54797,
	7.22014 3.54169,
	7.228 3.52911,
	7.22957 3.52754,
	7.22957 3.52597,
	7.23586 3.51968,
	7.24293 3.5071,
	7.24843 3.49453,
	7.24843 3.49296,
	7.25079 3.48981,
	7.27594 3.50868,
	7.28852 3.51889,
	7.29166 3.52125,
	7.27987 3.53383,
	7.26965 3.5464,
	7.25786 3.55898,
	7.23821 3.58413,
	7.23114 3.59671,
	7.22878 3.59985,
	7.22721 3.60614,
	7.22485 3.60928,
	7.21621 3.63443,
	7.21385 3.63758,
	7.21149 3.64387,
	7.20756 3.65015,
	7.20835 3.65644,
	7.20206 3.66902,
	7.1942 3.68159,
	7.18398 3.69417,
	7.18241 3.69731,
	7.17926 3.70046,
	7.17219 3.71303,
	7.15097 3.76334,
	7.14625 3.76962,
	7.1211 3.78377,
	7.09595 3.79556,
	7.08337 3.80342,
	7.0708 3.80735,
	7.05822 3.80971,
	7.05193 3.81128,
	7.04879 3.81128,
	7.0425 3.81364,
	7.03621 3.81443,
	6.98591 3.83879,
	6.97333 3.84508,
	6.96705 3.85058,
	6.95997 3.86316,
	6.95447 3.87573,
	6.95133 3.88202,
	6.94975 3.88517,
	6.9529 3.89774,
	6.95447 3.91032,
	6.95447 3.91346,
	6.94425 3.93861,
	6.94111 3.9449,
	6.93561 3.97005,
	6.93482 3.99521,
	6.93482 4.00149,
	6.9301 4.02664,
	6.92303 4.0518,
	6.91674 4.06437,
	6.91517 4.06752,
	6.90417 4.08009,
	6.89631 4.09267,
	6.89002 4.09896,
	6.88137 4.11153,
	6.87037 4.12411,
	6.85386 4.14926,
	6.84443 4.16184,
	6.83343 4.17441,
	6.82085 4.18542,
	6.78705 4.23572,
	6.75168 4.28602,
	6.74697 4.29231,
	6.74382 4.2986,
	6.72575 4.32375,
	6.71631 4.33633,
	6.70845 4.3489,
	6.70688 4.35205,
	6.69431 4.36384,
	6.68173 4.37405,
	6.66915 4.38663,
	6.64872 4.41178,
	6.63614 4.42279,
	6.61099 4.43615,
	6.6047 4.43929,
	6.57955 4.44479,
	6.57326 4.44637,
	6.57169 4.44637,
	6.55912 4.45816,
	6.5544 4.46444,
	6.55126 4.46759,
	6.54418 4.48016,
	6.5261 4.50531,
	6.50174 4.52968,
	6.49859 4.53282,
	6.49231 4.53597,
	6.48052 4.54854,
	6.46244 4.5737,
	6.44908 4.59885,
	6.442 4.61142,
	6.43807 4.61771,
	6.41449 4.64286,
	6.39013 4.66644,
	6.3807 4.67902,
	6.3524 4.72932,
	6.35004 4.7419,
	6.34611 4.7922,
	6.34533 4.80478,
	6.34533 4.81107,
	6.3414 4.82364,
	6.33904 4.82993,
	6.33118 4.84251,
	6.30917 4.86766,
	6.29895 4.88023,
	6.27537 4.93054,
	6.27301 4.94311,
	6.2628 4.96826,
	6.25965 4.97455,
	6.24943 4.98713,
	6.24315 4.99263,
	6.23057 4.9997,
	6.21799 5.00285,
	6.16769 5.00678,
	6.15512 5.00835,
	6.12996 5.01935,
	6.10481 5.03272,
	6.05451 5.0618,
	6.04193 5.0673,
	5.99163 5.08302,
	5.97905 5.08774,
	5.96648 5.0956,
	5.94132 5.11446,
	5.92875 5.12153,
	5.87845 5.14354,
	5.87216 5.14669,
	5.84701 5.15455,
	5.84386 5.15533,
	5.83129 5.1514,
	5.825 5.14904,
	5.81242 5.1404,
	5.78727 5.12625,
	5.78098 5.12311,
	5.75583 5.11682,
	5.74325 5.11525,
	5.7181 5.11525,
	5.70553 5.11525,
	5.69295 5.11289,
	5.68038 5.10896,
	5.6678 5.10188,
	5.66151 5.09874,
	5.64972 5.08695,
	5.64658 5.08381,
	5.64186 5.07123,
	5.6395 5.05865,
	5.63636 5.00835,
	5.63557 5.00206,
	5.62536 4.97691,
	5.61357 4.95176,
	5.60806 4.93918,
	5.60571 4.9329,
	5.59863 4.88259,
	5.59863 4.87945,
	5.59863 4.87788,
	"/>
</Transform>

<Transform dim="0"
 xcoef=" 0 1 0 0 0 0"
 ycoef=" 0 0 1 0 0 0">
<Contour name="ddh_d07ax11" comment="traced by ddh" hidden="false" closed="true" simplified="true" border="1 0.5 0" fill="1 0.5 0" mode="11"
 points="2.60332 8.49764,
	2.60554 8.49319,
	2.6061 8.49097,
	2.61222 8.48206,
	2.61556 8.47761,
	2.63281 8.442,
	2.63559 8.43755,
	2.6367 8.43533,
	2.64505 8.42698,
	2.6495 8.42364,
	2.65172 8.42197,
	2.65395 8.42142,
	2.68956 8.42809,
	2.69846 8.42976,
	2.71626 8.43811,
	2.73407 8.44979,
	2.74297 8.45647,
	2.75966 8.47427,
	2.76801 8.48318,
	2.77246 8.48763,
	2.77691 8.49041,
	2.78581 8.49319,
	2.82142 8.49875,
	2.83922 8.50154,
	2.84813 8.50321,
	2.91934 8.50988,
	2.93715 8.51155,
	2.94605 8.51266,
	2.95495 8.51211,
	2.97276 8.51378,
	2.97721 8.51489,
	2.99501 8.52936,
	2.99946 8.53325,
	3.00836 8.53826,
	3.01671 8.5466,
	3.03451 8.5594,
	3.04342 8.56719,
	3.04787 8.57053,
	3.05009 8.57275,
	3.059 8.57832,
	3.0679 8.58221,
	3.07235 8.58388,
	3.07346 8.58388,
	3.07569 8.58555,
	3.08014 8.58666,
	3.08236 8.58722,
	3.08459 8.58889,
	3.10239 8.59445,
	3.1113 8.59723,
	3.11575 8.59779,
	3.12465 8.60057,
	3.1291 8.60335,
	3.138 8.60669,
	3.1469 8.61281,
	3.15136 8.61615,
	3.15358 8.61726,
	3.15803 8.62116,
	3.17584 8.6334,
	3.18474 8.64063,
	3.20254 8.6512,
	3.21144 8.6551,
	3.24705 8.66233,
	3.28266 8.664,
	3.30047 8.66511,
	3.30937 8.66511,
	3.32717 8.6679,
	3.34498 8.67513,
	3.34943 8.67791,
	3.36723 8.69293,
	3.37168 8.69627,
	3.37613 8.70072,
	3.37725 8.70183,
	3.37947 8.70072,
	3.38615 8.70962,
	3.39004 8.71408,
	3.40061 8.73188,
	3.40451 8.73633,
	3.40507 8.73856,
	3.40729 8.74078,
	3.4084 8.74189,
	3.41119 8.7775,
	3.40896 8.81311,
	3.4084 8.82201,
	3.41174 8.83982,
	3.41842 8.85762,
	3.42064 8.86207,
	3.4212 8.86652,
	3.43177 8.88433,
	3.43567 8.89323,
	3.43734 8.89768,
	3.44012 8.90213,
	3.44902 8.90992,
	3.46682 8.92049,
	3.47128 8.92272,
	3.4735 8.92383,
	3.47795 8.92773,
	3.48685 8.93218,
	3.52246 8.96445,
	3.55807 8.99282,
	3.56697 8.9995,
	3.57476 9.00785,
	3.57921 9.0123,
	3.58533 9.0212,
	3.59479 9.039,
	3.59646 9.04123,
	3.59424 9.04345,
	3.59312 9.04457,
	3.57532 9.04735,
	3.5041 9.04401,
	3.46849 9.04234,
	3.45069 9.04123,
	3.41508 9.04123,
	3.37947 9.04735,
	3.36167 9.05013,
	3.32606 9.05124,
	3.29045 9.05069,
	3.27265 9.05069,
	3.25484 9.04846,
	3.23704 9.03956,
	3.22814 9.03344,
	3.21923 9.02621,
	3.21033 9.02009,
	3.19253 9.01174,
	3.15692 9.00395,
	3.13911 8.99783,
	3.12131 8.98726,
	3.11686 8.98448,
	3.11241 8.98058,
	3.11018 8.97836,
	3.09238 8.96723,
	3.08348 8.96167,
	3.08125 8.95944,
	3.07235 8.95555,
	3.0679 8.95332,
	3.06567 8.95165,
	3.06122 8.95109,
	3.05232 8.9472,
	3.04787 8.94609,
	3.04675 8.94609,
	3.0423 8.94219,
	3.03785 8.93997,
	3.03563 8.93941,
	3.02673 8.93218,
	3.02227 8.93106,
	3.00503 8.91549,
	2.99112 8.89768,
	2.98333 8.88878,
	2.96608 8.87487,
	2.94828 8.86541,
	2.93937 8.85929,
	2.9327 8.85039,
	2.92157 8.83258,
	2.916 8.82368,
	2.91322 8.81923,
	2.90432 8.81311,
	2.89542 8.81144,
	2.89097 8.81089,
	2.88874 8.81033,
	2.87984 8.80421,
	2.87539 8.80087,
	2.87316 8.79976,
	2.86871 8.79531,
	2.85091 8.7597,
	2.84034 8.74189,
	2.83922 8.73967,
	2.83143 8.73077,
	2.79583 8.71129,
	2.76022 8.69627,
	2.74241 8.68848,
	2.73351 8.68514,
	2.72461 8.68403,
	2.71571 8.68125,
	2.6979 8.67235,
	2.689 8.6679,
	2.68677 8.66678,
	2.67843 8.65788,
	2.67453 8.65343,
	2.67231 8.6512,
	2.66786 8.6423,
	2.66619 8.63785,
	2.66563 8.63563,
	2.66841 8.62672,
	2.66953 8.62227,
	2.67175 8.61782,
	2.68399 8.60002,
	2.68677 8.59557,
	2.68789 8.58666,
	2.68677 8.57776,
	2.68622 8.57331,
	2.68177 8.56441,
	2.67954 8.55996,
	2.67287 8.55105,
	2.66841 8.5466,
	2.63281 8.52713,
	2.615 8.51767,
	2.61055 8.51378,
	2.60832 8.51211,
	2.60554 8.50766,
	2.60332 8.49875,
	2.60332 8.4982,
	"/>
</Transform>

<Transform dim="0"
 xcoef=" 0 1 0 0 0 0"
 ycoef=" 0 0 1 0 0 0">
<Contour name="ddh_d07ax10" comment="traced by ddh" hidden="false" closed="true" simplified="true" border="1 0 0.5" fill="1 0 0.5" mode="11"
 points="4.38591 7.38034,
	4.39721 7.35452,
	4.44726 7.30932,
	4.47308 7.29156,
	4.486 7.28188,
	4.51183 7.26735,
	4.53281 7.24152,
	4.54734 7.21569,
	4.55541 7.20278,
	4.57962 7.17695,
	4.63128 7.14951,
	4.65711 7.13498,
	4.67002 7.12852,
	4.72168 7.11722,
	4.73459 7.11399,
	4.78625 7.11884,
	4.81208 7.11884,
	4.82499 7.11884,
	4.85082 7.11399,
	4.90247 7.12207,
	4.9283 7.11399,
	4.94122 7.10431,
	4.99287 7.08171,
	5.0187 7.07687,
	5.07036 7.07364,
	5.09618 7.07364,
	5.12201 7.06718,
	5.17367 7.06072,
	5.19949 7.06072,
	5.21241 7.05911,
	5.21887 7.05911,
	5.22532 7.05588,
	5.23178 7.05588,
	5.25761 7.04458,
	5.26245 7.03812,
	5.26891 7.0349,
	5.31572 6.98485,
	5.32863 6.97517,
	5.37706 6.92513,
	5.38998 6.91706,
	5.4158 6.90576,
	5.42872 6.89768,
	5.43518 6.89284,
	5.43518 6.88961,
	5.45939 6.86379,
	5.4723 6.8541,
	5.49813 6.84764,
	5.50459 6.84764,
	5.5175 6.83473,
	5.53203 6.81052,
	5.53364 6.8089,
	5.61274 6.91221,
	5.63211 6.93804,
	5.63534 6.94127,
	5.62889 6.94611,
	5.62243 6.94773,
	5.61597 6.95257,
	5.60306 6.9558,
	5.59014 6.96387,
	5.58369 6.96548,
	5.57723 6.97033,
	5.57077 6.97194,
	5.56432 6.97678,
	5.55786 6.9784,
	5.5514 6.98324,
	5.54817 6.98324,
	5.53526 6.99131,
	5.52234 6.99615,
	5.51589 6.99938,
	5.51266 6.99938,
	5.50943 7.00261,
	5.5062 7.00261,
	5.49975 7.00745,
	5.49329 7.00907,
	5.48683 7.01391,
	5.48037 7.01552,
	5.42872 7.0462,
	5.40289 7.06072,
	5.38998 7.06879,
	5.36738 7.09301,
	5.34801 7.11884,
	5.34478 7.12529,
	5.31895 7.14789,
	5.29312 7.16565,
	5.28021 7.17211,
	5.25438 7.18986,
	5.24792 7.19309,
	5.22371 7.21569,
	5.21725 7.22215,
	5.21079 7.23506,
	5.20111 7.24798,
	5.19627 7.25443,
	5.18981 7.25766,
	5.1769 7.26896,
	5.15107 7.28349,
	5.12524 7.30125,
	5.11394 7.32707,
	5.1091 7.33999,
	5.10748 7.34645,
	5.09618 7.35936,
	5.09134 7.36582,
	5.07843 7.37227,
	5.07197 7.37227,
	5.05906 7.38034,
	5.0413 7.40456,
	5.0187 7.43039,
	5.0074 7.4433,
	4.99449 7.44976,
	4.97027 7.47397,
	4.9622 7.48689,
	4.95413 7.51271,
	4.94606 7.56437,
	4.93799 7.66768,
	4.92992 7.6806,
	4.90732 7.70642,
	4.88794 7.73225,
	4.87826 7.74517,
	4.8266 7.77745,
	4.80078 7.79682,
	4.78786 7.80166,
	4.77495 7.81296,
	4.74912 7.83072,
	4.72329 7.85171,
	4.71522 7.86462,
	4.69262 7.91628,
	4.68132 7.96793,
	4.67325 7.99376,
	4.67002 8.01959,
	4.66841 8.0325,
	4.67164 8.08416,
	4.67002 8.10999,
	4.67486 8.1229,
	4.67809 8.12936,
	4.67809 8.14227,
	4.66679 8.1681,
	4.65388 8.17778,
	4.64742 8.18424,
	4.63612 8.19231,
	4.63289 8.19554,
	4.63289 8.19877,
	4.62644 8.20523,
	4.62159 8.23105,
	4.61837 8.28271,
	4.61675 8.30854,
	4.61675 8.32145,
	4.60707 8.34728,
	4.60222 8.36019,
	4.59415 8.37311,
	4.56832 8.39732,
	4.55541 8.40539,
	4.50375 8.42799,
	4.45694 8.37634,
	4.44564 8.36342,
	4.44241 8.36019,
	4.45048 8.34889,
	4.4634 8.34244,
	4.46985 8.33921,
	4.47631 8.33921,
	4.48923 8.33114,
	4.49568 8.32791,
	4.50214 8.32145,
	4.5086 8.30854,
	4.51183 8.30208,
	4.51344 8.28917,
	4.51183 8.27625,
	4.51183 8.2698,
	4.50537 8.25688,
	4.50214 8.25527,
	4.4973 8.24235,
	4.49407 8.21653,
	4.49407 8.20361,
	4.50214 8.17778,
	4.50537 8.15196,
	4.50698 8.13904,
	4.5086 8.13258,
	4.49891 8.08093,
	4.50053 8.06801,
	4.5086 8.05672,
	4.53442 8.04219,
	4.54088 8.03896,
	4.54895 8.02604,
	4.55702 8.00022,
	4.5425 7.94856,
	4.53765 7.93565,
	4.53604 7.92273,
	4.51505 7.87108,
	4.5086 7.84525,
	4.50375 7.79359,
	4.49245 7.76776,
	4.48438 7.74194,
	4.48115 7.73548,
	4.45855 7.70965,
	4.44887 7.69674,
	4.44564 7.69028,
	4.43273 7.6806,
	4.41497 7.65477,
	4.40367 7.62894,
	4.40528 7.60311,
	4.41336 7.57728,
	4.4182 7.56437,
	4.41336 7.53854,
	4.40206 7.51271,
	4.39721 7.4998,
	4.39398 7.49334,
	4.39398 7.46751,
	4.3956 7.4546,
	4.39721 7.44814,
	4.38914 7.42232,
	4.38591 7.4094,
	4.38591 7.38357,
	4.38591 7.38196,
	"/>
</Transform>

<Transform dim="0"
 xcoef=" 0 1 0 0 0 0"
 ycoef=" 0 0 1 0 0 0">
<Contour name="ddh_d07ax09" comment="traced by ddh" hidden="false" closed="true" simplified="true" border="1 0 0.5" fill="1 0 0.5" mode="11"
 points="2.40495 5.87386,
	2.40845 5.86455,
	2.42125 5.84593,
	2.43755 5.8273,
	2.4457 5.81799,
	2.45501 5.79936,
	2.46083 5.78074,
	2.46432 5.77143,
	2.46665 5.76677,
	2.46781 5.75746,
	2.47131 5.74814,
	2.47363 5.74349,
	2.47596 5.70624,
	2.47713 5.68761,
	2.48178 5.66899,
	2.48295 5.65968,
	2.48527 5.65502,
	2.48644 5.64571,
	2.48993 5.63639,
	2.4911 5.62708,
	2.49808 5.60846,
	2.50157 5.59914,
	2.51321 5.58052,
	2.52718 5.56306,
	2.54581 5.54909,
	2.58306 5.53396,
	2.59237 5.53046,
	2.60168 5.5293,
	2.61099 5.53046,
	2.62031 5.5293,
	2.63893 5.52115,
	2.65756 5.51533,
	2.66687 5.513,
	2.67152 5.51067,
	2.68084 5.50951,
	2.69015 5.50602,
	2.76465 5.49671,
	2.91365 5.48972,
	2.9509 5.48856,
	2.98815 5.49089,
	2.99746 5.49205,
	3.01609 5.50136,
	3.02424 5.50835,
	3.03238 5.52697,
	3.0382 5.5456,
	3.05334 5.58285,
	3.06149 5.60147,
	3.07196 5.61893,
	3.08128 5.62475,
	3.09059 5.62708,
	3.0999 5.63174,
	3.11853 5.6492,
	3.13715 5.65618,
	3.15578 5.65735,
	3.16509 5.65735,
	3.18371 5.65385,
	3.22096 5.65153,
	3.23959 5.65968,
	3.2489 5.66666,
	3.26287 5.68528,
	3.27218 5.69343,
	3.29081 5.70391,
	3.30012 5.70973,
	3.33737 5.74116,
	3.35599 5.75396,
	3.36531 5.76211,
	3.37462 5.76793,
	3.39324 5.78423,
	3.41187 5.79703,
	3.44912 5.81566,
	3.46774 5.82963,
	3.50499 5.84825,
	3.51431 5.85175,
	3.51896 5.85175,
	3.52362 5.85407,
	3.54224 5.85407,
	3.55156 5.85873,
	3.57018 5.87386,
	3.58881 5.88667,
	3.59812 5.89365,
	3.63537 5.89831,
	3.65399 5.89947,
	3.66331 5.90296,
	3.67262 5.90878,
	3.67728 5.91344,
	3.68542 5.93207,
	3.68426 5.94138,
	3.68542 5.94603,
	3.67728 5.96466,
	3.67495 5.96932,
	3.67146 5.98794,
	3.67495 6.00657,
	3.69474 6.04382,
	3.70405 6.06244,
	3.70871 6.07175,
	3.71453 6.09038,
	3.71569 6.09969,
	3.71453 6.109,
	3.71336 6.11366,
	3.69474 6.12646,
	3.67611 6.13345,
	3.63886 6.1416,
	3.62024 6.14509,
	3.58299 6.16488,
	3.54574 6.18118,
	3.50849 6.18816,
	3.48986 6.19165,
	3.47124 6.19864,
	3.46192 6.20096,
	3.4433 6.20911,
	3.40605 6.23007,
	3.3688 6.24287,
	3.35017 6.24636,
	3.31292 6.24869,
	3.2943 6.24753,
	3.27567 6.24171,
	3.26636 6.23821,
	3.22911 6.21377,
	3.21049 6.19864,
	3.19186 6.187,
	3.18255 6.18118,
	3.16392 6.17303,
	3.15461 6.16837,
	3.1453 6.16604,
	3.13599 6.16139,
	3.11736 6.15673,
	3.10805 6.15091,
	3.0708 6.13345,
	3.03355 6.11133,
	2.9963 6.09387,
	2.97767 6.08689,
	2.95905 6.07757,
	2.94974 6.07292,
	2.94508 6.07059,
	2.94042 6.07059,
	2.9218 6.06244,
	2.91249 6.06011,
	2.90783 6.05778,
	2.87058 6.05895,
	2.83333 6.05546,
	2.79608 6.04614,
	2.77745 6.03916,
	2.76931 6.03567,
	2.75999 6.0345,
	2.75534 6.03218,
	2.73671 6.03334,
	2.71809 6.03683,
	2.69946 6.038,
	2.68084 6.03567,
	2.67618 6.03567,
	2.63893 6.01821,
	2.62031 6.01355,
	2.61099 6.01239,
	2.59237 6.00657,
	2.58306 6.0054,
	2.56443 5.99609,
	2.55512 5.98794,
	2.54581 5.98328,
	2.53649 5.9763,
	2.52718 5.97164,
	2.51787 5.96466,
	2.49924 5.95418,
	2.48062 5.9472,
	2.47131 5.94254,
	2.45268 5.93672,
	2.43406 5.92857,
	2.42474 5.92159,
	2.42009 5.91926,
	2.40845 5.90064,
	2.40495 5.89132,
	2.40495 5.88201,
	2.40495 5.87735,
	2.40495 5.87503,
	"/>
</Transform>

</Section>