<?xml version="1.0"?>
<!DOCTYPE Section SYSTEM "section.dtd">

<Section index="141" thickness="0.045" alignLocked="true">
<Transform dim="6"
 xcoef=" 1.11304215503322 1.01161358043972 -0.0232860853193382 0 0 0"
 ycoef=" 0.392929176675023 0.0206018529314313 1.00550325163609 0 0 0">
<Contour name="D04" hidden="false" closed="true" simplified="true" border="1 0 0" fill="1 0 0" mode="11"
 points="5.46492 7.32996,
	5.46778 7.29096,
	5.47628 7.25281,
	5.49024 7.21634,
	5.50936 7.18235,
	5.53323 7.15158,
	5.56131 7.1247,
	5.59299 7.1023,
	5.6276 7.08487,
	5.66436 7.07278,
	5.70248 7.0663,
	5.74113 7.06558,
	5.77947 7.07063,
	5.81665 7.08133,
	5.85186 7.09746,
	5.88435 7.11866,
	5.91339 7.14447,
	5.93836 7.17432,
	5.95871 7.20758,
	5.97399 7.2435,
	5.98388 7.28131,
	5.98816 7.32018,
	5.98673 7.35926,
	5.97963 7.39771,
	5.96701 7.43467,
	5.94914 7.46936,
	5.92642 7.501,
	5.89934 7.52891,
	5.86849 7.55248,
	5.83455 7.57119,
	5.79825 7.58464,
	5.76039 7.59254,
	5.72179 7.59471,
	5.6833 7.5911,
	5.64576 7.58179,
	5.60998 7.56699,
	5.57674 7.54702,
	5.54678 7.52231,
	5.52073 7.49341,
	5.49918 7.46094,
	5.48259 7.42562,
	5.47133 7.3882,
	"/>
</Transform>

<Transform dim="6"
 xcoef=" 0.0630421550332155 1.01161358043972 -0.0232860853193382 0 0 0"
 ycoef=" -0.167070823324978 0.0206018529314313 1.00550325163609 0 0 0">
<Contour name="d01" hidden="false" closed="true" simplified="true" border="1 0.5 0" fill="1 0.5 0" mode="9"
 points="4.83206 5.00254,
	4.84272 4.98123,
	4.88001 4.93861,
	4.89599 4.9173,
	4.93861 4.9173,
	4.98123 4.94394,
	5.01852 5.02918,
	5.02385 5.05049,
	5.01852 5.0718,
	5.01852 5.08245,
	4.99189 5.12507,
	4.9759 5.16769,
	4.95459 5.18368,
	4.91197 5.17835,
	4.89066 5.16769,
	4.88001 5.16769,
	4.86935 5.15704,
	4.86935 5.0718,
	4.83206 5.03983,
	4.83206 5.01852,
	4.83206 5.00787,
	"/>
</Transform>

<Transform dim="6"
 xcoef=" 0.0630421550332155 1.01161358043972 -0.0232860853193382 0 0 0"
 ycoef=" -0.167070823324978 0.0206018529314313 1.00550325163609 0 0 0">
<Contour name="d02" hidden="false" closed="true" simplified="true" border="0.5 0 1" fill="0.5 0 1" mode="9"
 points="4.79925 5.81313,
	4.80532 5.80099,
	4.85389 5.7676,
	4.86603 5.76457,
	4.87818 5.7676,
	4.92675 5.8101,
	4.93585 5.82224,
	4.98139 5.83742,
	4.99353 5.83742,
	4.9996 5.83742,
	5.00567 5.83135,
	5.05424 5.82528,
	5.06638 5.82831,
	5.08763 5.84956,
	5.09067 5.87385,
	5.08763 5.88599,
	5.04513 5.93456,
	5.02388 5.95581,
	4.97531 5.97706,
	4.95103 5.98009,
	4.92675 5.96188,
	4.92067 5.96188,
	4.90853 5.94974,
	4.88425 5.90117,
	4.87818 5.88902,
	4.85389 5.86778,
	4.84175 5.85867,
	4.81746 5.84956,
	4.79925 5.82831,
	4.79925 5.81617,
	"/>
</Transform>

<Transform dim="6"
 xcoef=" 0.0630421550332155 1.01161358043972 -0.0232860853193382 0 0 0"
 ycoef=" -0.167070823324978 0.0206018529314313 1.00550325163609 0 0 0">
<Contour name="d02" hidden="false" closed="true" simplified="true" border="0.5 0 1" fill="0.5 0 1" mode="9"
 points="5.0028 5.99952,
	5.01134 5.99098,
	5.01987 5.98671,
	5.05189 5.95256,
	5.06683 5.93976,
	5.0839 5.92268,
	5.10524 5.88853,
	5.11165 5.87146,
	5.12232 5.85438,
	5.12872 5.84585,
	5.1458 5.84371,
	5.17995 5.85012,
	5.18848 5.85012,
	5.20556 5.85652,
	5.21409 5.86506,
	5.21409 5.87359,
	5.17781 5.93976,
	5.17141 5.95683,
	5.16927 5.96537,
	5.16927 5.96964,
	5.16501 5.9739,
	5.16501 5.97817,
	5.1586 5.98671,
	5.14153 5.99311,
	5.13299 5.99952,
	5.12872 6.00379,
	5.11165 6.00805,
	5.07963 6.0358,
	5.07323 6.04434,
	5.0711 6.04647,
	5.06256 6.04434,
	5.02841 6.04647,
	5.01987 6.04434,
	5.01347 6.0358,
	5.0028 6.00165,
	"/>
</Transform>

<Transform dim="6"
 xcoef=" 0.0630421550332155 1.01161358043972 -0.0232860853193382 0 0 0"
 ycoef=" -0.167070823324978 0.0206018529314313 1.00550325163609 0 0 0">
<Contour name="d02c19" hidden="false" closed="true" simplified="true" border="0 1 0" fill="0 1 0" mode="9"
 points="5.13646 5.92446,
	5.15755 5.90733,
	5.17204 5.88888,
	5.18654 5.8678,
	5.19708 5.86121,
	5.20762 5.85857,
	5.21289 5.85725,
	5.21816 5.85857,
	5.22343 5.86384,
	5.22211 5.87438,
	5.2063 5.89547,
	5.19312 5.91655,
	5.19181 5.92182,
	5.19181 5.92446,
	5.18522 5.935,
	5.1839 5.94554,
	5.17995 5.95608,
	5.17995 5.95872,
	5.17731 5.96135,
	5.17731 5.96399,
	5.17072 5.97453,
	5.1615 5.98375,
	5.15623 5.98902,
	5.15359 5.99166,
	5.14832 5.99166,
	5.14569 5.99166,
	5.14305 5.98902,
	5.14305 5.98375,
	5.14305 5.98112,
	5.147 5.97585,
	5.14832 5.95476,
	5.14569 5.94422,
	5.1391 5.93368,
	5.13646 5.93105,
	5.13646 5.92577,
	"/>
</Transform>

<Transform dim="6"
 xcoef=" 0.0630421550332155 1.01161358043972 -0.0232860853193382 0 0 0"
 ycoef=" -0.167070823324978 0.0206018529314313 1.00550325163609 0 0 0">
<Contour name="d02cfa19" hidden="false" closed="false" simplified="false" border="0 1 1" fill="0 1 1" mode="9"
 points="5.21462 5.85823,
	5.20935 5.86614,
	5.19749 5.87931,
	5.18563 5.90435,
	5.17245 5.9307,
	5.1685 5.94783,
	5.16059 5.97287,
	5.1461 5.98605,
	"/>
</Transform>

<Transform dim="6"
 xcoef=" 0.0630421550332155 1.01161358043972 -0.0232860853193382 0 0 0"
 ycoef=" -0.167070823324978 0.0206018529314313 1.00550325163609 0 0 0">
<Contour name="d02c23" hidden="false" closed="true" simplified="true" border="0 1 0" fill="0 1 0" mode="9"
 points="4.0431 7.88173,
	4.04855 7.85992,
	4.04855 7.84901,
	4.05673 7.8272,
	4.07036 7.80539,
	4.09217 7.78903,
	4.09763 7.79176,
	4.10035 7.81357,
	4.09217 7.85719,
	4.0949 7.90081,
	4.10853 7.92262,
	4.12762 7.96624,
	4.13579 7.98805,
	4.1467 7.99623,
	4.16851 8.00441,
	4.19032 8.01804,
	4.20123 8.02895,
	4.22304 8.03713,
	4.23394 8.03985,
	4.24485 8.04803,
	4.24485 8.05894,
	4.23394 8.06712,
	4.22304 8.06712,
	4.21758 8.06712,
	4.2094 8.05894,
	4.16578 8.05348,
	4.12216 8.03985,
	4.10035 8.0235,
	4.08127 8.00169,
	4.07582 7.99078,
	4.07582 7.96897,
	4.05673 7.94716,
	4.0431 7.92535,
	4.0431 7.88445,
	"/>
</Transform>

<Transform dim="6"
 xcoef=" 0.0630421550332155 1.01161358043972 -0.0232860853193382 0 0 0"
 ycoef=" -0.167070823324978 0.0206018529314313 1.00550325163609 0 0 0">
<Contour name="d02cfa23" hidden="false" closed="false" simplified="false" border="0 1 1" fill="0 1 1" mode="9"
 points="4.09444 7.79002,
	4.07808 7.82546,
	4.0808 7.87181,
	4.08898 7.92361,
	4.10807 7.9645,
	4.14623 8.01358,
	4.18986 8.03811,
	4.23893 8.05447,
	"/>
</Transform>

<Transform dim="6"
 xcoef=" 0.0630421550332155 1.01161358043972 -0.0232860853193382 0 0 0"
 ycoef=" -0.167070823324978 0.0206018529314313 1.00550325163609 0 0 0">
<Contour name="d02c41" hidden="false" closed="true" simplified="true" border="0 1 0" fill="0 1 0" mode="9"
 points="2.11204 8.29728,
	2.11617 8.29522,
	2.11617 8.29109,
	2.1327 8.27662,
	2.14923 8.26629,
	2.2133 8.20842,
	2.22156 8.20222,
	2.22983 8.20016,
	2.23396 8.20016,
	2.2381 8.20429,
	2.23396 8.22082,
	2.17403 8.27869,
	2.16577 8.28695,
	2.16163 8.28695,
	2.1451 8.29935,
	2.13684 8.30348,
	2.1203 8.31795,
	2.11617 8.32002,
	2.11204 8.31175,
	2.11204 8.30348,
	2.11204 8.29935,
	"/>
</Transform>

<Transform dim="6"
 xcoef=" 0.0630421550332155 1.01161358043972 -0.0232860853193382 0 0 0"
 ycoef=" -0.167070823324978 0.0206018529314313 1.00550325163609 0 0 0">
<Contour name="d02cfa41" hidden="false" closed="false" simplified="false" border="0 1 1" fill="0 1 1" mode="9"
 points="2.11516 8.31546,
	2.23296 8.20593,
	"/>
</Transform>

<Transform dim="6"
 xcoef=" 0.0630421550332155 1.01161358043972 -0.0232860853193382 0 0 0"
 ycoef=" -0.167070823324978 0.0206018529314313 1.00550325163609 0 0 0">
<Contour name="d02" hidden="false" closed="true" simplified="true" border="0.5 0 1" fill="0.5 0 1" mode="9"
 points="2.01284 8.24769,
	2.01697 8.24355,
	2.01904 8.23529,
	2.03351 8.21876,
	2.05211 8.18569,
	2.06037 8.18156,
	2.06451 8.18156,
	2.06864 8.17742,
	2.0769 8.17536,
	2.10997 8.15262,
	2.14303 8.12369,
	2.1761 8.10716,
	2.19263 8.11129,
	2.19677 8.11129,
	2.20917 8.12783,
	2.21743 8.14436,
	2.23396 8.15882,
	2.24016 8.17536,
	2.24016 8.19189,
	2.24016 8.19602,
	2.2071 8.22082,
	2.17403 8.25182,
	2.1699 8.25595,
	2.15337 8.25802,
	2.13684 8.27042,
	2.12444 8.28695,
	2.11617 8.30348,
	2.11824 8.33655,
	2.1017 8.35308,
	2.08517 8.35722,
	2.0769 8.35722,
	2.05417 8.32622,
	2.02111 8.29935,
	2.01491 8.26629,
	2.01284 8.24975,
	"/>
</Transform>

<Transform dim="6"
 xcoef=" 0.0630421550332155 1.01161358043972 -0.0232860853193382 0 0 0"
 ycoef=" -0.167070823324978 0.0206018529314313 1.00550325163609 0 0 0">
<Contour name="d01" hidden="false" closed="true" simplified="true" border="1 0.5 0" fill="1 0.5 0" mode="9"
 points="4.17612 2.46951,
	4.1899 2.46262,
	4.21745 2.45573,
	4.23123 2.45057,
	4.25878 2.44884,
	4.31389 2.44023,
	4.34145 2.44023,
	4.35522 2.44196,
	4.36211 2.44196,
	4.41722 2.46434,
	4.44477 2.4764,
	4.45166 2.48329,
	4.4551 2.48329,
	4.46888 2.49362,
	4.49471 2.51945,
	4.51538 2.54528,
	4.54293 2.5625,
	4.57049 2.58661,
	4.57737 2.5935,
	4.58254 2.60728,
	4.58771 2.61417,
	4.58943 2.62794,
	4.58771 2.64172,
	4.58426 2.64861,
	4.57049 2.65722,
	4.5636 2.66239,
	4.54982 2.66755,
	4.52227 2.6865,
	4.50849 2.69683,
	4.50332 2.70372,
	4.48955 2.70372,
	4.47577 2.69855,
	4.45338 2.671,
	4.43788 2.64344,
	4.42411 2.63483,
	4.41722 2.63139,
	4.41377 2.63139,
	4.40172 2.62278,
	4.38966 2.61072,
	4.36211 2.60556,
	4.33456 2.58661,
	4.33111 2.58317,
	4.32422 2.58145,
	4.29839 2.55734,
	4.27084 2.55217,
	4.24328 2.55389,
	4.22951 2.55389,
	4.21573 2.547,
	4.20884 2.54184,
	4.2054 2.53495,
	4.19162 2.52462,
	4.18646 2.51945,
	4.18473 2.50567,
	4.18473 2.50223,
	4.17957 2.49534,
	4.17612 2.48156,
	4.17612 2.47468,
	4.17612 2.47123,
	"/>
</Transform>

<Transform dim="6"
 xcoef=" 0.0630421550332155 1.01161358043972 -0.0232860853193382 0 0 0"
 ycoef=" -0.167070823324978 0.0206018529314313 1.00550325163609 0 0 0">
<Contour name="d01c18" hidden="false" closed="true" simplified="true" border="0 1 0" fill="0 1 0" mode="9"
 points="5.50026 3.25339,
	5.50694 3.24448,
	5.52475 3.24448,
	5.53366 3.24671,
	5.54257 3.25562,
	5.5782 3.2623,
	5.61383 3.25785,
	5.63164 3.25339,
	5.64055 3.24894,
	5.67618 3.25116,
	5.69399 3.25339,
	5.76525 3.24003,
	5.80088 3.2378,
	5.80979 3.2378,
	5.81647 3.24671,
	5.81647 3.25116,
	5.80088 3.26898,
	5.72962 3.29125,
	5.72071 3.29347,
	5.71403 3.30238,
	5.71181 3.31129,
	5.67618 3.33133,
	5.64055 3.33356,
	5.56929 3.30461,
	5.56038 3.30016,
	5.55593 3.30016,
	5.54034 3.28457,
	5.53143 3.27789,
	5.52253 3.27566,
	5.51362 3.26898,
	5.50917 3.26675,
	5.50471 3.26898,
	5.50026 3.26675,
	5.50026 3.25785,
	5.50026 3.25562,
	"/>
</Transform>

<Transform dim="6"
 xcoef=" 0.0630421550332155 1.01161358043972 -0.0232860853193382 0 0 0"
 ycoef=" -0.167070823324978 0.0206018529314313 1.00550325163609 0 0 0">
<Contour name="d01cfa18" hidden="false" closed="false" simplified="false" border="0 1 1" fill="0 1 1" mode="9"
 points="5.80905 3.25267,
	5.79792 3.25267,
	5.78679 3.25267,
	5.76229 3.25712,
	5.71775 3.26603,
	5.69103 3.27048,
	5.65763 3.27271,
	5.63091 3.27271,
	5.59528 3.27494,
	5.5641 3.27271,
	5.53515 3.2638,
	5.50175 3.2549,
	"/>
</Transform>

<Transform dim="6"
 xcoef=" 0.0630421550332155 1.01161358043972 -0.0232860853193382 0 0 0"
 ycoef=" -0.167070823324978 0.0206018529314313 1.00550325163609 0 0 0">
<Contour name="d01c23" hidden="false" closed="true" simplified="true" border="0 1 0" fill="0 1 0" mode="9"
 points="4.82108 4.98809,
	4.82776 4.97918,
	4.84557 4.97027,
	4.85448 4.96805,
	4.85893 4.96805,
	4.87452 5.00368,
	4.88343 5.02149,
	4.88565 5.05712,
	4.89234 5.07493,
	4.89456 5.09275,
	4.89234 5.11056,
	4.89011 5.11947,
	4.89011 5.12393,
	4.88565 5.12615,
	4.87675 5.12393,
	4.87452 5.1217,
	4.87229 5.13061,
	4.88343 5.14842,
	4.88343 5.15733,
	4.87675 5.16401,
	4.86784 5.15955,
	4.84335 5.0883,
	4.82776 5.05267,
	4.8233 5.04376,
	4.82108 5.00813,
	4.82108 4.99032,
	"/>
</Transform>

<Transform dim="6"
 xcoef=" 0.0630421550332155 1.01161358043972 -0.0232860853193382 0 0 0"
 ycoef=" -0.167070823324978 0.0206018529314313 1.00550325163609 0 0 0">
<Contour name="d01cfa23" hidden="false" closed="false" simplified="false" border="0 1 1" fill="0 1 1" mode="9"
 points="4.84261 4.97623,
	4.84484 4.98514,
	4.85152 5.00741,
	4.86265 5.06085,
	4.86265 5.09648,
	4.86711 5.13211,
	4.87601 5.16329,
	"/>
</Transform>

<Transform dim="6"
 xcoef=" 0.0630421550332155 1.01161358043972 -0.0232860853193382 0 0 0"
 ycoef=" -0.167070823324978 0.0206018529314313 1.00550325163609 0 0 0">
<Contour name="d01" hidden="false" closed="true" simplified="true" border="1 0.5 0" fill="1 0.5 0" mode="9"
 points="4.59042 2.68834,
	4.60198 2.66522,
	4.60776 2.65366,
	4.70027 2.68256,
	4.79277 2.72303,
	4.81011 2.74038,
	4.80433 2.7635,
	4.78699 2.78085,
	4.74074 2.77507,
	4.71761 2.75772,
	4.67136 2.75194,
	4.64823 2.75194,
	4.62511 2.74038,
	4.61355 2.74038,
	4.5962 2.71725,
	4.59042 2.69413,
	"/>
</Transform>

<Transform dim="6"
 xcoef=" 0.0630421550332155 1.01161358043972 -0.0232860853193382 0 0 0"
 ycoef=" -0.167070823324978 0.0206018529314313 1.00550325163609 0 0 0">
<Contour name="d01c13" hidden="false" closed="true" simplified="true" border="0 1 0" fill="0 1 0" mode="9"
 points="4.29997 2.57744,
	4.30633 2.56473,
	4.31269 2.56155,
	4.33811 2.5838,
	4.36036 2.59969,
	4.38578 2.59969,
	4.3985 2.60287,
	4.40485 2.60287,
	4.40803 2.60922,
	4.40485 2.6124,
	4.41121 2.61876,
	4.43663 2.61876,
	4.44935 2.61876,
	4.46206 2.63147,
	4.46841 2.641,
	4.47477 2.64418,
	4.47477 2.66961,
	4.45888 2.69503,
	4.43346 2.69821,
	4.42074 2.70139,
	4.41439 2.70139,
	4.39214 2.67596,
	4.36989 2.66643,
	4.34447 2.66325,
	4.30315 2.61876,
	4.29997 2.59333,
	4.29997 2.58062,
	"/>
<Contour name="d01cfa13" hidden="false" closed="false" simplified="false" border="0 1 1" fill="0 1 1" mode="9"
 points="4.46255 2.68195,
	4.39264 2.62792,
	4.30365 2.56754,
	"/>
</Transform>

<Transform dim="6"
 xcoef=" 0.0630421550332155 1.01161358043972 -0.0232860853193382 0 0 0"
 ycoef=" -0.167070823324978 0.0206018529314313 1.00550325163609 0 0 0">
<Contour name="d03p21" hidden="false" closed="true" simplified="false" border="1 0.5 0" fill="1 0.5 0" mode="9"
 points="3.76445 2.01066,
	3.76445 2.00068,
	3.77442 1.99071,
	3.7844 1.99071,
	3.79437 2.00068,
	3.79437 2.01066,
	3.7844 2.02063,
	3.77442 2.02063,
	"/>
</Transform>

<Transform dim="6"
 xcoef=" 0.0630421550332155 1.01161358043972 -0.0232860853193382 0 0 0"
 ycoef=" -0.167070823324978 0.0206018529314313 1.00550325163609 0 0 0">
<Contour name="d03c18" hidden="false" closed="true" simplified="true" border="1 0 0" fill="1 0 0" mode="9"
 points="3.26661 2.15833,
	3.27025 2.14377,
	3.27935 2.12921,
	3.28117 2.11465,
	3.28117 2.10737,
	3.28481 2.10009,
	3.29937 2.08736,
	3.30665 2.0819,
	3.32121 2.08008,
	3.32849 2.08008,
	3.33213 2.08008,
	3.3394 2.09463,
	3.34304 2.10191,
	3.34304 2.16015,
	3.34304 2.18927,
	3.34122 2.20382,
	3.33576 2.21838,
	3.31757 2.2475,
	3.31211 2.26206,
	3.30483 2.26752,
	3.30119 2.27116,
	3.27207 2.26934,
	3.26843 2.26752,
	3.26661 2.20928,
	3.26661 2.18017,
	3.26661 2.16561,
	3.26661 2.16015,
	"/>
<Contour name="d03cfa18" hidden="false" closed="false" simplified="false" border="0 1 1" fill="0 1 1" mode="9"
 points="3.31019 2.26723,
	3.31383 2.22902,
	3.31383 2.18534,
	3.32111 2.12165,
	3.31383 2.07615,
	"/>
</Transform>

<Transform dim="6"
 xcoef=" 0.0630421550332155 1.01161358043972 -0.0232860853193382 0 0 0"
 ycoef=" -0.167070823324978 0.0206018529314313 1.00550325163609 0 0 0">
<Contour name="d06" hidden="false" closed="true" simplified="true" border="0 0 1" fill="0 0 1" mode="9"
 points="2.48854 6.52091,
	2.50804 6.47633,
	2.53312 6.43174,
	2.54706 6.40944,
	2.55263 6.40108,
	2.59165 6.36207,
	2.62509 6.31748,
	2.69197 6.23667,
	2.72541 6.19765,
	2.74491 6.17536,
	2.75606 6.15307,
	2.76163 6.14192,
	2.80622 6.14749,
	2.81737 6.15028,
	2.85638 6.18651,
	2.8536 6.2311,
	2.8536 6.24224,
	2.84524 6.26454,
	2.84245 6.28683,
	2.84245 6.29798,
	2.82294 6.34256,
	2.81458 6.35371,
	2.76999 6.35928,
	2.72541 6.38715,
	2.68361 6.42338,
	2.67525 6.43453,
	2.67525 6.4401,
	2.60558 6.5237,
	2.56935 6.56829,
	2.54706 6.59058,
	2.52476 6.59894,
	2.50247 6.59615,
	2.49411 6.58501,
	2.48854 6.56271,
	2.48854 6.54042,
	2.48854 6.52927,
	2.48854 6.5237,
	"/>
<Contour name="d06" hidden="false" closed="true" simplified="true" border="0 0 1" fill="0 0 1" mode="9"
 points="2.60001 6.93056,
	2.61115 6.90827,
	2.63066 6.88597,
	2.65017 6.86925,
	2.69475 6.86647,
	2.73098 6.91105,
	2.74213 6.91663,
	2.78672 6.91663,
	2.80901 6.91384,
	2.82016 6.91105,
	2.84245 6.89155,
	2.85081 6.88597,
	2.88146 6.84417,
	2.88146 6.79959,
	2.88146 6.77729,
	2.87868 6.76614,
	2.87032 6.75778,
	2.87032 6.75221,
	2.84802 6.73549,
	2.81458 6.69926,
	2.79508 6.67976,
	2.7895 6.67418,
	2.7895 6.65189,
	2.80622 6.6296,
	2.82852 6.61566,
	3.00687 6.61566,
	3.02916 6.61566,
	3.07375 6.62681,
	3.11833 6.63238,
	3.12948 6.65189,
	3.11833 6.65468,
	3.10997 6.69648,
	3.09604 6.71598,
	3.07653 6.7327,
	3.03752 6.7745,
	3.02637 6.78565,
	3.0208 6.78844,
	3.01801 6.79959,
	2.99015 6.84139,
	2.97343 6.86368,
	2.97343 6.90827,
	2.97064 6.93056,
	2.97064 6.94171,
	2.93441 6.98629,
	2.9149 7.00023,
	2.89818 7.02252,
	2.87868 7.03646,
	2.84245 7.07547,
	2.81458 7.12006,
	2.79229 7.13678,
	2.76999 7.14514,
	2.75049 7.16186,
	2.72819 7.16186,
	2.71705 7.15907,
	2.67525 7.11727,
	2.6641 7.10891,
	2.63623 7.06711,
	2.61673 7.02252,
	2.60558 7.00023,
	2.60001 6.98908,
	2.60001 6.94449,
	2.60001 6.93335,
	"/>
</Transform>

<Transform dim="6"
 xcoef=" 0.0630421550332155 1.01161358043972 -0.0232860853193382 0 0 0"
 ycoef=" -0.167070823324978 0.0206018529314313 1.00550325163609 0 0 0">
<Contour name="d06c17" hidden="false" closed="true" simplified="true" border="0 1 0" fill="0 1 0" mode="9"
 points="2.63051 6.84103,
	2.6644 6.77326,
	2.72794 6.71395,
	2.76183 6.69701,
	2.8296 6.69701,
	2.84655 6.70125,
	2.91432 6.76055,
	2.92279 6.77749,
	2.92279 6.84527,
	2.91856 6.87916,
	2.85502 6.92999,
	2.83808 6.94269,
	2.70253 6.94269,
	2.66864 6.93846,
	2.63899 6.90881,
	2.63051 6.89186,
	2.63051 6.85798,
	2.63051 6.84527,
	"/>
</Transform>

<Transform dim="6"
 xcoef=" 0.0730421550332155 1.01161358043972 -0.0232860853193382 0 0 0"
 ycoef=" -0.177070823324978 0.0206018529314313 1.00550325163609 0 0 0">
<Contour name="d06cfa17" hidden="false" closed="true" simplified="true" border="0 1 0" fill="0 1 0" mode="9"
 points="2.63051 6.84103,
	2.6644 6.77326,
	2.72794 6.71395,
	2.76183 6.69701,
	2.8296 6.69701,
	2.84655 6.70125,
	2.91432 6.76055,
	2.92279 6.77749,
	2.92279 6.84527,
	2.91856 6.87916,
	2.85502 6.92999,
	2.83808 6.94269,
	2.70253 6.94269,
	2.66864 6.93846,
	2.63899 6.90881,
	2.63051 6.89186,
	2.63051 6.85798,
	2.63051 6.84527,
	"/>
<Contour name="d06cfa17" hidden="false" closed="false" simplified="false" border="0 1 1" fill="0 1 1" mode="9"
 points="2.87 6.91254,
	2.84882 6.92949,
	2.80223 6.92949,
	2.67939 6.93372,
	"/>
</Transform>

<Transform dim="6"
 xcoef=" 0.0630421550332155 1.01161358043972 -0.0232860853193382 0 0 0"
 ycoef=" -0.167070823324978 0.0206018529314313 1.00550325163609 0 0 0">
<Contour name="d07" hidden="false" closed="true" simplified="true" border="1 0 1" fill="1 0 1" mode="9"
 points="3.71361 7.53604,
	3.73175 7.49977,
	3.76349 7.46349,
	3.83603 7.41361,
	3.87231 7.39094,
	3.90858 7.37734,
	4.05368 7.37734,
	4.12623 7.41361,
	4.14437 7.41815,
	4.21238 7.46803,
	4.22599 7.48163,
	4.22145 7.49977,
	4.20785 7.5179,
	4.20331 7.55418,
	4.20785 7.57231,
	4.2804 7.58138,
	4.2804 7.61766,
	4.2804 7.62673,
	4.24412 7.663,
	4.20785 7.68567,
	4.18971 7.69021,
	4.15344 7.72195,
	4.08542 7.76276,
	4.04915 7.77636,
	3.9766 7.78543,
	3.94032 7.78543,
	3.86778 7.76276,
	3.8315 7.74462,
	3.79069 7.67207,
	3.79069 7.6358,
	3.79069 7.62673,
	3.71814 7.56325,
	3.71361 7.54511,
	3.71361 7.54057,
	"/>
</Transform>

<Transform dim="6"
 xcoef=" 0.0630421550332155 1.01161358043972 -0.0232860853193382 0 0 0"
 ycoef=" -0.167070823324978 0.0206018529314313 1.00550325163609 0 0 0">
<Contour name="d08" hidden="false" closed="true" simplified="true" border="1 0 0" fill="1 0 0" mode="9"
 points="3.8205 1.50504,
	3.84117 1.4761,
	3.84944 1.46783,
	3.88252 1.45543,
	3.89906 1.44716,
	3.90319 1.44302,
	3.9156 1.4761,
	3.91146 1.50918,
	3.89906 1.54226,
	3.86598 1.56707,
	3.8329 1.56707,
	3.8205 1.55053,
	3.8205 1.51745,
	3.8205 1.50918,
	"/>
</Transform>

<Transform dim="6"
 xcoef=" 0.0630421550332155 1.01161358043972 -0.0232860853193382 0 0 0"
 ycoef=" -0.167070823324978 0.0206018529314313 1.00550325163609 0 0 0">
<Contour name="D05" hidden="false" closed="true" simplified="true" border="1 1 0" fill="1 1 0" mode="11"
 points="3.08608 2.80823,
	3.08787 2.80222,
	3.09304 2.7968,
	3.10111 2.7925,
	3.11126 2.78974,
	3.12253 2.78879,
	3.13379 2.78974,
	3.14394 2.7925,
	3.15201 2.7968,
	3.15718 2.80222,
	3.15897 2.80823,
	3.15718 2.81423,
	3.15201 2.81965,
	3.14394 2.82395,
	3.13379 2.82671,
	3.12253 2.82766,
	3.11126 2.82671,
	3.10111 2.82395,
	3.09304 2.81965,
	"/>
<Contour name="D05" hidden="false" closed="true" simplified="true" border="1 1 0" fill="1 1 0" mode="11"
 points="3.51852 3.15077,
	3.52042 3.129,
	3.52594 3.10936,
	3.53454 3.09377,
	3.54537 3.08377,
	3.55739 3.08032,
	3.5694 3.08377,
	3.58023 3.09377,
	3.58883 3.10936,
	3.59435 3.129,
	3.59626 3.15077,
	3.59435 3.17254,
	3.58883 3.19218,
	3.58023 3.20777,
	3.5694 3.21778,
	3.55739 3.22122,
	3.54537 3.21778,
	3.53454 3.20777,
	3.52594 3.19218,
	"/>
</Transform>

<Transform dim="6"
 xcoef=" 0.0630421550332155 1.01161358043972 -0.0232860853193382 0 0 0"
 ycoef=" -0.167070823324978 0.0206018529314313 1.00550325163609 0 0 0">
<Contour name="D11" hidden="false" closed="true" simplified="true" border="1 0.5 0" fill="1 0.5 0" mode="11"
 points="3.29015 4.34117,
	3.29469 4.30465,
	3.30788 4.27138,
	3.32857 4.2443,
	3.35491 4.22584,
	3.38456 4.21762,
	3.41489 4.22038,
	3.4432 4.23387,
	3.46698 4.2569,
	3.48412 4.28741,
	3.49308 4.3227,
	3.49308 4.35964,
	3.48412 4.39493,
	3.46698 4.42544,
	3.4432 4.44847,
	3.41489 4.46196,
	3.38456 4.46472,
	3.35491 4.4565,
	3.32857 4.43804,
	3.30788 4.41096,
	"/>
<Contour name="D11" hidden="false" closed="true" simplified="true" border="1 0.5 0" fill="1 0.5 0" mode="11"
 points="3.73716 3.40829,
	3.74037 3.39402,
	3.74969 3.38115,
	3.7642 3.37094,
	3.78248 3.36439,
	3.80275 3.36213,
	3.82302 3.36439,
	3.84131 3.37094,
	3.85582 3.38115,
	3.86514 3.39402,
	3.86835 3.40829,
	3.86514 3.42255,
	3.85582 3.43542,
	3.84131 3.44563,
	3.82302 3.45219,
	3.80275 3.45444,
	3.78248 3.45219,
	3.7642 3.44563,
	3.74969 3.43542,
	"/>
</Transform>

<Transform dim="6"
 xcoef=" 0.0630421550332155 1.01161358043972 -0.0232860853193382 0 0 0"
 ycoef=" -0.167070823324978 0.0206018529314313 1.00550325163609 0 0 0">
<Contour name="D14" hidden="false" closed="true" simplified="true" border="1 0 0" fill="1 0 0" mode="11"
 points="4.05784 3.6488,
	4.06283 3.62477,
	4.07733 3.6031,
	4.0999 3.5859,
	4.12834 3.57486,
	4.15987 3.57105,
	4.1914 3.57486,
	4.21985 3.5859,
	4.24242 3.6031,
	4.25691 3.62477,
	4.26191 3.6488,
	4.25691 3.67282,
	4.24242 3.69449,
	4.21985 3.71169,
	4.1914 3.72273,
	4.15987 3.72654,
	4.12834 3.72273,
	4.0999 3.71169,
	4.07733 3.69449,
	"/>
</Transform>

<Transform dim="6"
 xcoef=" 0.0630421550332155 1.01161358043972 -0.0232860853193382 0 0 0"
 ycoef=" -0.167070823324978 0.0206018529314313 1.00550325163609 0 0 0">
<Contour name="D14" hidden="false" closed="true" simplified="true" border="1 0 0" fill="1 0 0" mode="11"
 points="3.19784 2.96857,
	3.20069 2.95505,
	3.20897 2.94286,
	3.22187 2.93319,
	3.23812 2.92698,
	3.25614 2.92484,
	3.27416 2.92698,
	3.29041 2.93319,
	3.30331 2.94286,
	3.31159 2.95505,
	3.31445 2.96857,
	3.31159 2.98208,
	3.30331 2.99427,
	3.29041 3.00394,
	3.27416 3.01016,
	3.25614 3.0123,
	3.23812 3.01016,
	3.22187 3.00394,
	3.20897 2.99427,
	"/>
</Transform>

<Transform dim="6"
 xcoef=" 0.0630421550332155 1.01161358043972 -0.0232860853193382 0 0 0"
 ycoef=" -0.167070823324978 0.0206018529314313 1.00550325163609 0 0 0">
<Contour name="D15" hidden="false" closed="true" simplified="true" border="1 1 0" fill="1 1 0" mode="11"
 points="5.75355 5.56315,
	5.75747 5.54964,
	5.76886 5.53745,
	5.7866 5.52777,
	5.80895 5.52156,
	5.83372 5.51942,
	5.85849 5.52156,
	5.88084 5.52777,
	5.89858 5.53745,
	5.90997 5.54964,
	5.91389 5.56315,
	5.90997 5.57666,
	5.89858 5.58885,
	5.88084 5.59853,
	5.85849 5.60474,
	5.83372 5.60688,
	5.80895 5.60474,
	5.7866 5.59853,
	5.76886 5.58885,
	"/>
<Contour name="D15" hidden="false" closed="true" simplified="true" border="1 1 0" fill="1 1 0" mode="11"
 points="6.78361 5.51456,
	6.78918 5.48431,
	6.80558 5.45569,
	6.83192 5.43024,
	6.8668 5.40934,
	6.90832 5.39411,
	6.95425 5.38537,
	7.00212 5.3836,
	7.04933 5.38889,
	7.09336 5.40095,
	7.13182 5.41914,
	7.16263 5.44248,
	7.18415 5.4697,
	7.19521 5.49933,
	7.19521 5.52979,
	7.18415 5.55943,
	7.16263 5.58665,
	7.13182 5.60999,
	7.09336 5.62817,
	7.04933 5.64024,
	7.00212 5.64553,
	6.95425 5.64376,
	6.90832 5.63502,
	6.8668 5.61979,
	6.83192 5.59889,
	6.80558 5.57344,
	"/>
</Transform>

<Transform dim="6"
 xcoef=" 0.0630421550332155 1.01161358043972 -0.0232860853193382 0 0 0"
 ycoef=" -0.167070823324978 0.0206018529314313 1.00550325163609 0 0 0">
<Contour name="d01p18" hidden="false" closed="true" simplified="false" border="1 0 0" fill="1 0 0" mode="-13"
 points="5.65998 3.36423,
	5.6404 3.36423,
	5.6404 3.37402,
	5.65019 3.38381,
	5.67957 3.3936,
	5.65998 3.4034,
	5.65019 3.42298,
	5.6306 3.4034,
	5.62081 3.38381,
	5.62081 3.36423,
	5.60123 3.36423,
	5.6306 3.34464,
	"/>
</Transform>

<Transform dim="6"
 xcoef=" 0.0630421550332155 1.01161358043972 -0.0232860853193382 0 0 0"
 ycoef=" -0.167070823324978 0.0206018529314313 1.00550325163609 0 0 0">
<Contour name="d03p18" hidden="false" closed="true" simplified="false" border="1 0 0" fill="1 0 0" mode="-13"
 points="3.50789 2.16372,
	3.49026 2.16372,
	3.49026 2.17254,
	3.49908 2.18135,
	3.52553 2.19017,
	3.50789 2.19899,
	3.49908 2.21662,
	3.48145 2.19899,
	3.47263 2.18135,
	3.47263 2.16372,
	3.455 2.16372,
	3.48145 2.14609,
	"/>
</Transform>

<Transform dim="6"
 xcoef=" 0.0630421550332155 1.01161358043972 -0.0232860853193382 0 0 0"
 ycoef=" -0.167070823324978 0.0206018529314313 1.00550325163609 0 0 0">
<Contour name="d03p19a" hidden="false" closed="true" simplified="false" border="0 1 0" fill="0 1 0" mode="9"
 points="3.24929 2.67505,
	3.24929 2.65154,
	3.2728 2.65154,
	3.2728 2.62803,
	3.29631 2.62803,
	3.29631 2.65154,
	3.31982 2.65154,
	3.31982 2.67505,
	3.29631 2.67505,
	3.29631 2.69856,
	3.2728 2.69856,
	3.2728 2.67505,
	"/>
<Contour name="d03p19b" hidden="false" closed="true" simplified="false" border="0 1 0" fill="0 1 0" mode="9"
 points="3.24929 2.67505,
	3.24929 2.65154,
	3.2728 2.65154,
	3.2728 2.62803,
	3.29631 2.62803,
	3.29631 2.65154,
	3.31982 2.65154,
	3.31982 2.67505,
	3.29631 2.67505,
	3.29631 2.69856,
	3.2728 2.69856,
	3.2728 2.67505,
	"/>
</Transform>

<Transform dim="6"
 xcoef=" 0.0630421550332155 1.01161358043972 -0.0232860853193382 0 0 0"
 ycoef=" -0.167070823324978 0.0206018529314313 1.00550325163609 0 0 0">
<Contour name="d03p20" hidden="false" closed="true" simplified="false" border="0 1 1" fill="0 1 1" mode="9"
 points="3.51377 2.76027,
	3.52553 2.74852,
	3.47851 2.7015,
	3.49026 2.68975,
	3.53728 2.73677,
	3.54904 2.72501,
	3.54904 2.76027,
	"/>
</Transform>

<Transform dim="6"
 xcoef=" 0.0630421550332155 1.01161358043972 -0.0232860853193382 0 0 0"
 ycoef=" -0.167070823324978 0.0206018529314313 1.00550325163609 0 0 0">
<Contour name="d08p24" hidden="false" closed="true" simplified="false" border="0 0 1" fill="0 0 1" mode="-13"
 points="4.22029 2.1035,
	4.2054 2.08862,
	4.22029 2.07373,
	4.23517 2.08862,
	"/>
</Transform>

<Transform dim="6"
 xcoef=" 0.0630421550332155 1.01161358043972 -0.0232860853193382 0 0 0"
 ycoef=" -0.167070823324978 0.0206018529314313 1.00550325163609 0 0 0">
<Contour name="d08p25" hidden="false" closed="true" simplified="false" border="1 1 0" fill="1 1 0" mode="-9"
 points="4.51371 2.44583,
	4.51371 2.41181,
	4.47969 2.41181,
	4.47969 2.44158,
	4.47544 2.44583,
	4.47544 2.40756,
	4.51796 2.40756,
	4.51796 2.45008,
	4.47544 2.45008,
	4.47969 2.44583,
	"/>
</Transform>

<Transform dim="6"
 xcoef=" 0.163042155033215 1.01161358043972 -0.0232860853193382 0 0 0"
 ycoef=" -0.317070823324978 0.0206018529314313 1.00550325163609 0 0 0">
<Contour name="d01p48" hidden="false" closed="true" simplified="false" border="1 0 0" fill="1 0 0" mode="9"
 points="5.15076 3.91914,
	5.13118 3.91914,
	5.13118 3.92894,
	5.14097 3.93873,
	5.17035 3.94852,
	5.15076 3.95832,
	5.14097 3.9779,
	5.12138 3.95832,
	5.11159 3.93873,
	5.11159 3.91914,
	5.09201 3.91914,
	5.12138 3.89956,
	"/>
</Transform>

<Transform dim="0"
 xcoef=" 0 1 0 0 0 0"
 ycoef=" 0 0 1 0 0 0">
<Contour name="d01c14" hidden="false" closed="true" simplified="true" border="0 1 0" fill="0 1 0" mode="9"
 points="6.33484 3.98169,
	6.33614 3.96876,
	6.34065 3.95576,
	6.34036 3.94287,
	6.34181 3.93638,
	6.3364 3.91069,
	6.34092 3.8977,
	6.34062 3.88479,
	6.34047 3.87834,
	6.34819 3.86528,
	6.35124 3.85877,
	6.34953 3.85397,
	6.34462 3.84923,
	6.34592 3.8363,
	6.34905 3.833,
	6.3489 3.82655,
	6.35195 3.82005,
	6.35327 3.80711,
	6.35632 3.80059,
	6.36284 3.8053,
	6.37145 3.83093,
	6.37424 3.88249,
	6.37162 3.90835,
	6.37383 3.93412,
	6.3718 3.98578,
	6.37079 4.0116,
	6.37109 4.0245,
	6.37124 4.03095,
	6.36819 4.03747,
	6.36718 4.06329,
	6.36564 4.06655,
	6.36397 4.06336,
	6.36553 4.06171,
	6.35909 4.06023,
	6.35573 4.05384,
	6.35034 4.02815,
	6.33532 4.00265,
	6.33502 3.98975,
	6.33487 3.9833,
	"/>
<Contour name="d01cfa14" hidden="false" closed="false" simplified="false" border="0 1 1" fill="0 1 1" mode="9"
 points="6.3578 3.80115,
	6.35792 3.80598,
	6.3552 3.82701,
	6.35486 3.88186,
	6.35455 3.93832,
	6.35865 3.97694,
	6.36315 4.03331,
	6.36698 4.06065,
	"/>
<Contour name="d01" hidden="false" closed="true" simplified="true" border="1 0.5 0" fill="1 0.5 0" mode="9"
 points="6.1523 3.99188,
	6.20079 3.93927,
	6.22423 3.91299,
	6.26311 3.86057,
	6.28334 3.83435,
	6.30683 3.80967,
	6.31946 3.80135,
	6.33202 3.7898,
	6.33832 3.78484,
	6.35102 3.77974,
	6.35744 3.77961,
	6.36065 3.77954,
	6.36232 3.78273,
	6.35621 3.79576,
	6.35971 3.80859,
	6.36571 3.86008,
	6.3663 3.88588,
	6.36369 3.91174,
	6.35918 3.92474,
	6.36518 3.97623,
	6.36796 4.02779,
	6.37496 4.05345,
	6.37395 4.07928,
	6.3725 4.08576,
	6.36158 4.09889,
	6.35547 4.11192,
	6.34291 4.12346,
	6.33027 4.13179,
	6.31753 4.13528,
	6.31436 4.13696,
	6.30785 4.13225,
	6.28228 4.136,
	6.26942 4.13466,
	6.26297 4.13317,
	6.25023 4.13666,
	6.24385 4.1384,
	6.23096 4.13544,
	6.22448 4.13234,
	6.19824 4.10707,
	6.20085 4.08121,
	6.20216 4.06829,
	6.19836 4.04256,
	6.19326 4.02975,
	6.18499 4.01863,
	6.1589 3.99981,
	6.15394 3.99346,
	"/>
</Transform>

<Transform dim="0"
 xcoef=" 0 1 0 0 0 0"
 ycoef=" 0 0 1 0 0 0">
<Contour name="d01ax14" hidden="false" closed="true" simplified="true" border="0 1 1" fill="0.502 1 1" mode="-9"
 points="6.62599 4.58029,
	6.64138 4.55976,
	6.6619 4.54822,
	6.68243 4.54566,
	6.70295 4.54566,
	6.71321 4.54822,
	6.73373 4.55976,
	6.74655 4.58029,
	6.7504 4.59055,
	6.75425 4.61107,
	6.75553 4.62133,
	6.76195 4.63159,
	6.76323 4.63415,
	6.76323 4.64057,
	6.76066 4.6457,
	6.76066 4.64826,
	6.75168 4.65724,
	6.74142 4.66365,
	6.73116 4.66622,
	6.71064 4.66622,
	6.70551 4.66622,
	6.6991 4.66237,
	6.69012 4.65211,
	6.6696 4.63928,
	6.65934 4.63287,
	6.63882 4.61492,
	6.63112 4.60466,
	6.62727 4.59439,
	6.62599 4.58413,
	6.62599 4.58157,
	"/>
<Contour name="d01ax14" comment="LK bouton trace named after cfa" hidden="false" closed="true" simplified="true" border="0 1 1" fill="0.502 1 1" mode="-9"
 points="6.37264 3.65752,
	6.37756 3.64877,
	6.38139 3.64003,
	6.3874 3.62253,
	6.39997 3.60504,
	6.40544 3.59629,
	6.41254 3.58755,
	6.41582 3.58318,
	6.41692 3.58208,
	6.41692 3.58099,
	6.41801 3.5799,
	6.41856 3.57771,
	6.42566 3.56896,
	6.43441 3.56076,
	6.44316 3.55366,
	6.4519 3.55092,
	6.45409 3.54928,
	6.46283 3.5471,
	6.46502 3.546,
	6.46721 3.546,
	6.47595 3.54108,
	6.4847 3.53398,
	6.50219 3.52359,
	6.51094 3.51867,
	6.51531 3.51594,
	6.5175 3.51485,
	6.52187 3.51102,
	6.53936 3.50009,
	6.54811 3.49462,
	6.55248 3.49189,
	6.55467 3.49025,
	6.55576 3.48915,
	6.55795 3.48861,
	6.57544 3.47713,
	6.59293 3.46401,
	6.59731 3.46128,
	6.60168 3.45964,
	6.60387 3.45854,
	6.62136 3.458,
	6.63885 3.45526,
	6.6476 3.45362,
	6.65197 3.45253,
	6.66072 3.45253,
	6.66946 3.45144,
	6.67384 3.45089,
	6.68258 3.44652,
	6.68477 3.44597,
	6.68914 3.44324,
	6.69133 3.4416,
	6.69242 3.4405,
	6.69679 3.43886,
	6.69898 3.43722,
	6.70335 3.43558,
	6.70554 3.43504,
	6.70991 3.43176,
	6.71429 3.42957,
	6.71866 3.42848,
	6.72085 3.42739,
	6.73834 3.42465,
	6.75583 3.42301,
	6.77332 3.42356,
	6.78207 3.42411,
	6.79956 3.42247,
	6.80831 3.42083,
	6.8258 3.41317,
	6.83455 3.40989,
	6.84329 3.4088,
	6.85204 3.40989,
	6.86078 3.41263,
	6.86953 3.41427,
	6.8739 3.41591,
	6.88265 3.417,
	6.88484 3.41809,
	6.89358 3.41919,
	6.89795 3.42028,
	6.91545 3.42957,
	6.95043 3.44597,
	6.9548 3.44816,
	6.96355 3.45089,
	6.9723 3.458,
	6.97886 3.46674,
	6.99416 3.48423,
	6.99635 3.48642,
	7.01384 3.49571,
	7.01821 3.4979,
	7.03571 3.51102,
	7.04445 3.51922,
	7.04882 3.52305,
	7.06632 3.53234,
	7.07014 3.53671,
	7.07288 3.54108,
	7.07342 3.54983,
	7.07233 3.56732,
	7.0696 3.58482,
	7.0685 3.58919,
	7.06632 3.59356,
	7.05538 3.62855,
	7.0532 3.63729,
	7.04664 3.65478,
	7.03844 3.67228,
	7.01876 3.70726,
	7.00837 3.72475,
	7.00345 3.7335,
	6.99744 3.74225,
	6.9805 3.75974,
	6.97284 3.76848,
	6.96246 3.78598,
	6.95371 3.80347,
	6.94934 3.81221,
	6.94387 3.82096,
	6.94168 3.82533,
	6.92802 3.84283,
	6.92201 3.85157,
	6.91326 3.86032,
	6.90451 3.86742,
	6.90014 3.87125,
	6.89577 3.87398,
	6.87828 3.89148,
	6.86953 3.89913,
	6.8657 3.9035,
	6.85586 3.92099,
	6.85094 3.93849,
	6.84274 3.95598,
	6.83181 3.97347,
	6.82635 3.98222,
	6.81268 3.99971,
	6.80448 4.00846,
	6.79027 4.02595,
	6.78535 4.03469,
	6.78425 4.03907,
	6.78371 4.04125,
	6.7848 4.05,
	6.79136 4.06749,
	6.793 4.07624,
	6.79355 4.08061,
	6.79245 4.08936,
	6.79191 4.09373,
	6.78152 4.11122,
	6.76458 4.12871,
	6.75583 4.13418,
	6.75146 4.13801,
	6.74216 4.1555,
	6.73451 4.17299,
	6.72959 4.18174,
	6.71757 4.19923,
	6.7121 4.20798,
	6.70499 4.21672,
	6.70117 4.2211,
	6.69078 4.23859,
	6.68477 4.24733,
	6.68203 4.25171,
	6.67329 4.25991,
	6.66892 4.26373,
	6.65142 4.27467,
	6.64268 4.28013,
	6.6383 4.28232,
	6.62956 4.2845,
	6.62081 4.28505,
	6.61644 4.28614,
	6.60769 4.29325,
	6.59895 4.29708,
	6.58145 4.30036,
	6.57271 4.30418,
	6.56834 4.30692,
	6.56014 4.31512,
	6.55194 4.33261,
	6.54264 4.3501,
	6.53827 4.35885,
	6.53226 4.37634,
	6.53116 4.37853,
	6.53062 4.38727,
	6.53007 4.39164,
	6.52515 4.39984,
	6.52078 4.40148,
	6.51859 4.40203,
	6.50985 4.3982,
	6.50547 4.39492,
	6.50329 4.39328,
	6.50219 4.39274,
	6.50001 4.38399,
	6.49946 4.3665,
	6.49891 4.36431,
	6.50493 4.35557,
	6.50821 4.35119,
	6.51039 4.34682,
	6.51094 4.34463,
	6.50219 4.33917,
	6.4847 4.33316,
	6.47595 4.33206,
	6.46721 4.32878,
	6.45846 4.32386,
	6.44972 4.31785,
	6.44206 4.3091,
	6.43878 4.30473,
	6.43441 4.29598,
	6.43168 4.28724,
	6.42676 4.27849,
	6.41418 4.261,
	6.40927 4.25225,
	6.40708 4.24788,
	6.40599 4.24569,
	6.40544 4.23695,
	6.40489 4.23257,
	6.40817 4.22383,
	6.40708 4.21946,
	6.412 4.21071,
	6.41418 4.20634,
	6.41528 4.20415,
	6.42402 4.19868,
	6.44152 4.1954,
	6.45026 4.19376,
	6.45464 4.19267,
	6.45901 4.19048,
	6.46338 4.1872,
	6.48087 4.16971,
	6.49126 4.15222,
	6.49017 4.14785,
	6.49017 4.14566,
	6.48415 4.13746,
	6.47541 4.13309,
	6.45792 4.1309,
	6.44917 4.13145,
	6.4448 4.13199,
	6.4273 4.1309,
	6.42293 4.12981,
	6.41418 4.12489,
	6.39779 4.1074,
	6.38467 4.0899,
	6.38248 4.08553,
	6.38084 4.07678,
	6.38412 4.05929,
	6.38576 4.05055,
	6.3874 4.01556,
	6.38795 3.99807,
	6.38849 3.98932,
	6.38685 3.97183,
	6.38029 3.93685,
	6.37865 3.9281,
	6.38521 3.85813,
	6.38576 3.84064,
	6.38631 3.83189,
	6.38467 3.8144,
	6.38357 3.80565,
	6.38467 3.78816,
	6.38139 3.71819,
	6.38084 3.70945,
	6.37428 3.67446,
	6.37319 3.66572,
	6.37319 3.66134,
	6.37264 3.65916,
	6.37264 3.65806,
	"/>
</Transform>

<Transform dim="0"
 xcoef=" 0 1 0 0 0 0"
 ycoef=" 0 0 1 0 0 0">
<Contour name="d01cfa17" hidden="false" closed="false" simplified="false" border="0 1 1" fill="0 1 1" mode="9"
 points="5.1743 2.79671,
	5.18355 2.81645,
	5.19056 2.83403,
	5.20427 2.8559,
	5.21353 2.87564,
	5.22495 2.89312,
	5.24531 2.91706,
	5.26137 2.94553,
	"/>
<Contour name="d01c17" hidden="false" closed="true" simplified="true" border="0 1 0" fill="0 1 0" mode="9"
 points="5.16219 2.81318,
	5.16839 2.79534,
	5.17704 2.78852,
	5.18598 2.79498,
	5.19299 2.81255,
	5.21075 2.81883,
	5.21966 2.82308,
	5.23546 2.84047,
	5.23408 2.87593,
	5.23428 2.88479,
	5.24998 2.89775,
	5.25459 2.90652,
	5.255 2.92423,
	5.26201 2.9418,
	5.26432 2.94618,
	5.25561 2.95079,
	5.22425 2.92707,
	5.2065 2.92079,
	5.19079 2.90783,
	5.18398 2.89911,
	5.17918 2.88149,
	5.17457 2.87273,
	5.17197 2.85506,
	5.16496 2.83749,
	5.16235 2.81982,
	5.16225 2.8154,
	"/>
</Transform>

<Transform dim="0"
 xcoef=" 0 1 0 0 0 0"
 ycoef=" 0 0 1 0 0 0">
<Contour name="d01" hidden="false" closed="true" simplified="true" border="1 0.5 0" fill="1 0.5 0" mode="9"
 points="4.39987 4.41537,
	4.441 4.37214,
	4.46181 4.36111,
	4.48715 4.3182,
	4.50197 4.27551,
	4.55266 4.1897,
	4.56295 4.1789,
	4.55744 4.16841,
	4.57837 4.16269,
	4.58376 4.16787,
	4.57861 4.17328,
	4.62158 4.20948,
	4.66405 4.22451,
	4.67459 4.2243,
	4.69086 4.24516,
	4.70236 4.28731,
	4.70812 4.30838,
	4.70334 4.32968,
	4.61997 4.36847,
	4.59989 4.41127,
	4.51652 4.45006,
	4.43242 4.45709,
	4.41124 4.45222,
	4.40048 4.44185,
	4.39999 4.42066,
	"/>
<Contour name="d01cfa22ax03" hidden="false" closed="false" simplified="false" border="0 1 1" fill="0 1 1" mode="9"
 points="4.46025 4.38595,
	4.47099 4.37466,
	4.50119 4.34746,
	4.51593 4.31837,
	4.52632 4.29158,
	4.5302 4.26935,
	4.53624 4.24488,
	4.55763 4.21785,
	"/>
<Contour name="D14" hidden="false" closed="true" simplified="true" border="1 0 0" fill="1 0 0" mode="11"
 points="4.61312 4.02422,
	4.61418 4.01374,
	4.61771 4.00424,
	4.62338 3.99665,
	4.63063 3.99169,
	4.63875 3.98987,
	4.64694 3.99136,
	4.65441 3.99601,
	4.66044 4.00337,
	4.6644 4.01271,
	4.66593 4.02313,
	4.66488 4.03361,
	4.66135 4.04311,
	4.65567 4.05071,
	4.64842 4.05567,
	4.64031 4.05748,
	4.63211 4.056,
	4.62464 4.05135,
	4.61863 4.04398,
	"/>
</Transform>

<Transform dim="0"
 xcoef=" 0 1 0 0 0 0"
 ycoef=" 0 0 1 0 0 0">
<Contour name="ax03" comment="LK bouton trace named after cfa" hidden="false" closed="true" simplified="false" border="0 1 1" fill="0.502 1 1" mode="9"
 points="3.57434 4.49471,
	3.57594 4.49151,
	3.57514 4.47872,
	3.57753 4.46592,
	3.58793 4.44033,
	3.59513 4.42754,
	3.60552 4.41474,
	3.63031 4.38916,
	3.63351 4.38276,
	3.63351 4.38116,
	3.6455 4.36837,
	3.67109 4.35317,
	3.67749 4.34758,
	3.68708 4.33478,
	3.69348 4.32199,
	3.69588 4.31559,
	3.69668 4.30919,
	3.70388 4.2964,
	3.71267 4.28361,
	3.71907 4.27081,
	3.71667 4.24522,
	3.71667 4.23243,
	3.71667 4.22603,
	3.72147 4.21324,
	3.72387 4.20684,
	3.73506 4.19405,
	3.74146 4.18765,
	3.75425 4.18045,
	3.76705 4.17646,
	3.77984 4.17086,
	3.78624 4.16766,
	3.79903 4.15806,
	3.81103 4.14527,
	3.81662 4.13887,
	3.81982 4.13567,
	3.871 4.10129,
	3.89659 4.0829,
	3.92217 4.06771,
	3.93497 4.06211,
	3.94137 4.06051,
	3.95416 4.05411,
	3.96695 4.04932,
	3.99254 4.03652,
	4.00534 4.02932,
	4.01173 4.02373,
	4.06291 3.99734,
	4.0757 3.99094,
	4.0821 3.98854,
	4.09489 3.98694,
	4.10129 3.98534,
	4.11408 3.98455,
	4.12048 3.98455,
	4.12368 3.98455,
	4.13008 3.98215,
	4.15567 3.97975,
	4.18125 3.97895,
	4.19405 3.97895,
	4.20044 3.97575,
	4.20524 3.96935,
	4.23083 3.94776,
	4.24362 3.94137,
	4.25002 3.93817,
	4.26282 3.93417,
	4.2884 3.91978,
	4.3012 3.91578,
	4.31399 3.91418,
	4.32679 3.91658,
	4.33958 3.92137,
	4.39076 3.94936,
	4.39715 3.95256,
	4.40995 3.96296,
	4.42194 3.97575,
	4.42834 3.98135,
	4.43154 3.98295,
	4.44433 3.99574,
	4.45073 4.00214,
	4.47632 4.01653,
	4.48271 4.02053,
	4.5083 4.04212,
	4.5211 4.05011,
	4.53389 4.06131,
	4.54508 4.0741,
	4.55068 4.0869,
	4.55468 4.09969,
	4.55708 4.11249,
	4.56188 4.12528,
	4.56428 4.13168,
	4.56587 4.14447,
	4.56348 4.17006,
	4.54988 4.19565,
	4.52669 4.22124,
	4.5147 4.23403,
	4.5011 4.25962,
	4.48991 4.28521,
	4.47632 4.31079,
	4.46992 4.32359,
	4.46192 4.33638,
	4.45713 4.34278,
	4.44433 4.35317,
	4.43154 4.36117,
	4.42754 4.36677,
	4.42514 4.37956,
	4.42274 4.38596,
	4.42114 4.38916,
	4.40835 4.40195,
	4.39555 4.40835,
	4.38916 4.41075,
	4.37636 4.41155,
	4.35077 4.40755,
	4.33798 4.40595,
	4.32519 4.40755,
	4.31879 4.40835,
	4.306 4.40675,
	4.2932 4.40675,
	4.26761 4.40355,
	4.26441 4.40355,
	4.25162 4.39955,
	4.23883 4.39795,
	4.22603 4.39875,
	4.21964 4.39875,
	4.20684 4.40435,
	4.19405 4.40675,
	4.14287 4.40355,
	4.11728 4.40195,
	4.10449 4.40355,
	4.10129 4.40355,
	4.0757 4.41554,
	4.06291 4.41954,
	4.05011 4.42114,
	4.03732 4.42114,
	4.03092 4.42034,
	4.01813 4.41315,
	4.00614 4.40035,
	3.98854 4.37476,
	3.97735 4.36277,
	3.97095 4.35797,
	3.96775 4.35557,
	3.96136 4.35317,
	3.95496 4.34918,
	3.95336 4.34758,
	3.94057 4.34358,
	3.93417 4.34038,
	3.90858 4.33558,
	3.88299 4.33558,
	3.8574 4.33798,
	3.84461 4.33798,
	3.81902 4.34518,
	3.80623 4.35397,
	3.80143 4.36037,
	3.79903 4.36357,
	3.79823 4.36677,
	3.78784 4.37956,
	3.77504 4.38916,
	3.77184 4.39156,
	3.76865 4.39236,
	3.76225 4.39795,
	3.75585 4.40115,
	3.75265 4.40355,
	3.74626 4.40515,
	3.73346 4.40515,
	3.73186 4.40435,
	3.71907 4.41155,
	3.70627 4.42274,
	3.69348 4.43554,
	3.68788 4.44193,
	3.67429 4.46752,
	3.66949 4.48031,
	3.66709 4.48671,
	3.66309 4.5123,
	3.6583 4.52509,
	3.6543 4.53149,
	3.6527 4.53469,
	3.6415 4.54748,
	3.63191 4.56028,
	3.62551 4.56667,
	3.61272 4.57467,
	3.60632 4.57787,
	3.60312 4.57867,
	3.59673 4.57787,
	3.58393 4.57227,
	3.58073 4.57147,
	3.57913 4.56907,
	3.57674 4.54349,
	3.57674 4.53069,
	3.57434 4.5051,
	3.57434 4.49871,
	3.57434 4.49551,
	"/>
</Transform>

<Transform dim="0"
 xcoef=" 0 1 0 0 0 0"
 ycoef=" 0 0 1 0 0 0">
<Contour name="ax03" comment="LK bouton trace named after cfa" hidden="false" closed="true" simplified="false" border="0 1 1" fill="0.502 1 1" mode="9"
 points="3.31115 4.67377,
	3.31959 4.66026,
	3.3331 4.64845,
	3.34492 4.64,
	3.37194 4.63156,
	3.39895 4.63325,
	3.41246 4.63663,
	3.46649 4.65858,
	3.48 4.66195,
	3.50702 4.66364,
	3.52053 4.66364,
	3.54754 4.65858,
	3.57456 4.65689,
	3.58807 4.66026,
	3.59989 4.66871,
	3.62184 4.69235,
	3.63028 4.70585,
	3.63366 4.70923,
	3.63534 4.72274,
	3.63366 4.73625,
	3.62352 4.76326,
	3.62015 4.77677,
	3.62015 4.78353,
	3.60833 4.80885,
	3.59989 4.82236,
	3.57625 4.84262,
	3.56274 4.84769,
	3.55598 4.85275,
	3.53066 4.8612,
	3.50364 4.85951,
	3.47663 4.846,
	3.46649 4.83418,
	3.46312 4.82743,
	3.45974 4.82405,
	3.45974 4.82067,
	3.43441 4.80548,
	3.4074 4.79703,
	3.39727 4.7869,
	3.3922 4.78015,
	3.38882 4.77677,
	3.38882 4.77339,
	3.37532 4.75989,
	3.36518 4.75144,
	3.35168 4.73962,
	3.33817 4.73118,
	3.32635 4.71936,
	3.31959 4.71261,
	3.31284 4.6991,
	3.31115 4.68559,
	3.31115 4.67884,
	3.31115 4.67546,
	"/>
</Transform>

<Transform dim="0"
 xcoef=" 0 1 0 0 0 0"
 ycoef=" 0 0 1 0 0 0">
<Contour name="D05" hidden="false" closed="true" simplified="true" border="1 1 0" fill="1 1 0" mode="11"
 points="2.69329 4.06326,
	2.70325 3.99105,
	2.73548 3.92543,
	2.78683 3.87282,
	2.85225 3.83839,
	2.92535 3.82549,
	2.99899 3.83538,
	3.06594 3.86711,
	3.11966 3.91756,
	3.15488 3.98179,
	3.16816 4.05353,
	3.15819 4.12574,
	3.12596 4.19135,
	3.07462 4.24396,
	3.00919 4.2784,
	2.93608 4.2913,
	2.86245 4.28141,
	2.7955 4.24968,
	2.74178 4.19923,
	"/>
<Contour name="d03" hidden="false" closed="true" simplified="true" border="0 1 0" fill="0 1 0" mode="9"
 points="2.37581 2.9893,
	2.38872 2.95767,
	2.40553 2.92597,
	2.43411 2.89794,
	2.44941 2.88586,
	2.48044 2.87934,
	2.51169 2.88262,
	2.52732 2.88426,
	2.53511 2.8841,
	2.55775 2.85228,
	2.57456 2.82057,
	2.57837 2.81657,
	2.70288 2.80813,
	2.73403 2.80749,
	2.79663 2.81798,
	2.82792 2.82321,
	2.84359 2.82682,
	2.85143 2.82862,
	2.91348 2.81558,
	2.9445 2.80907,
	3.00411 2.77452,
	3.01154 2.75869,
	3.02703 2.75445,
	3.08926 2.74926,
	3.10471 2.74305,
	3.13542 2.72282,
	3.15081 2.71467,
	3.17935 2.68468,
	3.19068 2.66876,
	3.20358 2.63714,
	3.20349 2.63321,
	3.2188 2.62114,
	3.23425 2.61494,
	3.242 2.61282,
	3.24589 2.61274,
	3.25917 2.59679,
	3.26677 2.58879,
	3.2892 2.46287,
	3.27608 2.40042,
	3.26561 2.36926,
	3.27442 2.24362,
	3.27759 2.21219,
	3.27917 2.19648,
	3.27899 2.18864,
	3.26269 2.15761,
	3.2607 2.15569,
	3.28919 2.12374,
	3.32004 2.10939,
	3.35106 2.10287,
	3.41334 2.09963,
	3.42888 2.09736,
	3.44458 2.10291,
	3.47615 2.11991,
	3.48408 2.12563,
	3.49971 2.12727,
	3.51524 2.125,
	3.52303 2.12484,
	3.58467 2.09417,
	3.61543 2.07589,
	3.64596 2.04783,
	3.66127 2.03575,
	3.69211 2.02139,
	3.70756 2.0152,
	3.71526 2.01112,
	3.7778 2.01964,
	3.8091 2.02488,
	3.82473 2.02652,
	3.8846 2.08802,
	3.89062 2.09574,
	3.9305 2.22038,
	3.94364 2.28284,
	3.96066 2.34522,
	3.96722 2.37645,
	3.96283 2.43928,
	3.96292 2.44319,
	3.91178 2.50696,
	3.88717 2.53884,
	3.82576 2.5793,
	3.79699 2.59949,
	3.76728 2.66283,
	3.7579 2.67871,
	3.72941 2.71065,
	3.71415 2.72469,
	3.65255 2.75732,
	3.62174 2.77363,
	3.59122 2.8017,
	3.57596 2.81573,
	3.57025 2.82173,
	3.55611 2.88475,
	3.53613 2.94789,
	3.53241 2.95581,
	3.52472 2.95989,
	3.50918 2.96216,
	3.48509 2.93129,
	3.47304 2.91585,
	3.4431 2.88511,
	3.42717 2.86975,
	3.39574 2.85863,
	3.38002 2.85307,
	3.34877 2.84979,
	3.22403 2.84842,
	3.20841 2.84679,
	3.20062 2.84694,
	3.13785 2.82863,
	3.10669 2.82927,
	3.07616 2.85734,
	3.06089 2.87137,
	3.03024 2.89357,
	3.01488 2.90368,
	2.99807 2.93539,
	2.98905 2.96694,
	2.98552 2.98269,
	2.95703 3.01464,
	2.9418 3.03064,
	2.91015 3.09401,
	2.87957 3.12013,
	2.8177 3.141,
	2.78704 3.16318,
	2.72607 3.22324,
	2.69559 3.25327,
	2.66497 3.27742,
	2.63416 3.29374,
	2.63226 3.29573,
	2.61641 3.2843,
	2.60849 3.27858,
	2.60033 3.26306,
	2.59694 3.20041,
	2.55071 3.13862,
	2.49279 3.07708,
	2.47689 3.06368,
	2.41376 3.02969,
	2.39795 3.02022,
	2.39007 3.01646,
	2.38193 3.00094,
	2.37784 2.99318,
	2.37585 2.99126,
	"/>
<Contour name="d03cfa19ax10" hidden="false" closed="false" simplified="false" border="0 1 1" fill="0 1 1" mode="9"
 points="2.59161 3.22938,
	2.56327 3.17024,
	2.51322 3.10611,
	2.43988 3.04607,
	2.36716 3.01317,
	"/>
<Contour name="D05" hidden="false" closed="true" simplified="true" border="1 1 0" fill="1 1 0" mode="11"
 points="2.70368 3.90871,
	2.70553 3.87016,
	2.7128 3.83278,
	2.72524 3.7978,
	2.74246 3.76637,
	2.76387 3.73954,
	2.78876 3.71819,
	2.81632 3.70303,
	2.84563 3.69456,
	2.87573 3.69306,
	2.90561 3.69859,
	2.93428 3.71095,
	2.96082 3.72975,
	2.98432 3.75434,
	3.00402 3.78393,
	3.01927 3.81754,
	3.02955 3.85405,
	3.03453 3.89225,
	3.03405 3.93089,
	3.02812 3.96869,
	3.01694 4.00438,
	3.00087 4.0368,
	2.98045 4.06487,
	2.95635 4.08767,
	2.92937 4.10442,
	2.90042 4.1146,
	2.87042 4.11785,
	2.84039 4.11408,
	2.81132 4.1034,
	2.78416 4.08616,
	2.75983 4.06294,
	2.73912 4.03452,
	2.7227 4.00182,
	2.71114 3.96592,
	"/>
</Transform>

<Transform dim="0"
 xcoef=" 0 1 0 0 0 0"
 ycoef=" 0 0 1 0 0 0">
<Contour name="ax10" comment="LK bouton trace named after cfa" hidden="false" closed="true" simplified="true" border="0 1 1" fill="0.502 1 1" mode="9"
 points="1.76871 3.47173,
	"/>
</Transform>

<Transform dim="0"
 xcoef=" 0 1 0 0 0 0"
 ycoef=" 0 0 1 0 0 0">
<Contour name="ax10" comment="LK bouton trace named after cfa" hidden="false" closed="true" simplified="true" border="0 1 1" fill="0.502 1 1" mode="9"
 points="1.74222 3.559,
	1.77073 3.46542,
	1.77658 3.45373,
	1.78608 3.44203,
	1.79778 3.43106,
	1.80948 3.42229,
	1.82117 3.41498,
	1.83287 3.40328,
	1.84384 3.39378,
	1.88551 3.34772,
	1.89355 3.33602,
	1.89794 3.32432,
	1.8994 3.31847,
	1.91183 3.29508,
	1.92645 3.27168,
	1.95131 3.22489,
	1.96228 3.2015,
	1.96666 3.1898,
	1.96959 3.18395,
	1.9769 3.16055,
	1.98787 3.11376,
	1.99298 3.09037,
	1.99518 3.06697,
	2.00103 3.04358,
	2.0098 3.03261,
	2.0215 3.02676,
	2.04489 3.01945,
	2.05659 3.01726,
	2.07999 3.0158,
	2.10338 3.01872,
	2.15017 3.02091,
	2.17357 3.01872,
	2.17941 3.01872,
	2.22621 3.02822,
	2.2496 3.03261,
	2.273 3.02969,
	2.27884 3.02896,
	2.28177 3.02822,
	2.29347 3.03042,
	2.31686 3.04138,
	2.32271 3.04504,
	2.33441 3.04723,
	2.34611 3.04577,
	2.3578 3.04285,
	2.3695 3.04138,
	2.3812 3.04212,
	2.38705 3.04285,
	2.41044 3.05308,
	2.42214 3.06039,
	2.44554 3.07794,
	2.49233 3.10865,
	2.50402 3.11669,
	2.50987 3.12107,
	2.51938 3.13277,
	2.53473 3.15617,
	2.54131 3.16786,
	2.5457 3.17956,
	2.55813 3.20296,
	2.56617 3.21466,
	2.58445 3.23805,
	2.58883 3.2439,
	2.61223 3.29069,
	2.61588 3.30239,
	2.61808 3.31409,
	2.62173 3.32578,
	2.62392 3.33748,
	2.62246 3.36088,
	2.62027 3.37257,
	2.61515 3.38427,
	2.60857 3.40767,
	2.61223 3.43106,
	2.61442 3.44276,
	2.61515 3.44861,
	2.61369 3.46031,
	2.61003 3.472,
	2.60784 3.47785,
	2.60419 3.4837,
	2.58445 3.5071,
	2.57129 3.53049,
	2.5552 3.55389,
	2.54058 3.57728,
	2.53254 3.58898,
	2.51938 3.61237,
	2.51572 3.61822,
	2.50549 3.62992,
	2.49379 3.63796,
	2.47039 3.65112,
	2.46454 3.65405,
	2.44115 3.67233,
	2.41775 3.68768,
	2.41191 3.69206,
	2.39436 3.71546,
	2.38485 3.72716,
	2.37974 3.73301,
	2.35634 3.74617,
	2.35049 3.74909,
	2.3037 3.78565,
	2.292 3.79515,
	2.26861 3.81123,
	2.25691 3.81928,
	2.24521 3.82586,
	2.23937 3.82951,
	2.19257 3.84487,
	2.18088 3.84706,
	2.17795 3.84706,
	2.16626 3.85291,
	2.15456 3.85656,
	2.14871 3.85802,
	2.12531 3.85802,
	2.11362 3.85729,
	2.10192 3.8551,
	2.09607 3.85364,
	2.04928 3.85364,
	2.04343 3.85291,
	2.04051 3.85291,
	2.02881 3.84852,
	2.02296 3.8456,
	2.02003 3.8434,
	2.01419 3.84267,
	2.00834 3.84048,
	1.99664 3.83317,
	1.98494 3.82439,
	1.93815 3.8105,
	1.9323 3.80831,
	1.92938 3.80612,
	1.90598 3.79881,
	1.90306 3.79661,
	1.90013 3.79588,
	1.89429 3.79149,
	1.88844 3.78857,
	1.87674 3.77907,
	1.87089 3.77468,
	1.85992 3.76298,
	1.85407 3.75713,
	1.85115 3.75421,
	1.84384 3.74251,
	1.84091 3.73666,
	1.79924 3.68987,
	1.78023 3.66648,
	1.77146 3.65478,
	1.75684 3.63138,
	1.75026 3.61969,
	1.74733 3.61384,
	1.74295 3.59044,
	1.74222 3.56705,
	1.74222 3.5612,
	1.74222 3.55974,
	"/>
</Transform>

<Transform dim="0"
 xcoef=" 0 1 0 0 0 0"
 ycoef=" 0 0 1 0 0 0">
<Contour name="d02" hidden="false" closed="true" simplified="true" border="0.5 0 1" fill="0.5 0 1" mode="9"
 points="2.80685 7.87388,
	2.83283 7.82991,
	2.82543 7.74318,
	2.83033 7.72136,
	2.87261 7.68248,
	2.87751 7.66066,
	2.86082 7.63928,
	2.86057 7.62843,
	2.93962 7.54535,
	2.93912 7.52364,
	2.96509 7.47966,
	2.9631 7.39282,
	2.9626 7.37111,
	2.99948 7.33234,
	3.02094 7.32647,
	3.02583 7.30465,
	2.9872 7.26743,
	2.96537 7.25702,
	2.94868 7.23564,
	2.90502 7.21482,
	2.89399 7.20418,
	2.89349 7.18247,
	2.91407 7.13861,
	2.9566 7.11058,
	2.96714 7.0995,
	2.97793 7.09928,
	2.98847 7.0882,
	3.03164 7.08732,
	3.07027 7.12455,
	3.0921 7.13496,
	3.11356 7.12909,
	3.13464 7.10693,
	3.15597 7.09563,
	3.24216 7.08844,
	3.25822 7.08268,
	3.27942 7.06595,
	3.45218 7.06784,
	3.49547 7.07239,
	3.57527 7.02188,
	3.59635 6.99973,
	3.67602 6.94379,
	3.71178 6.85618,
	3.71153 6.84532,
	3.75444 6.83359,
	3.7759 6.82772,
	3.81818 6.78884,
	3.83963 6.78297,
	3.86134 6.78795,
	3.88329 6.80379,
	3.89069 6.89053,
	3.93246 7.06343,
	3.93835 7.08503,
	3.95504 7.10642,
	3.97222 7.14951,
	4.00559 7.19227,
	4.02817 7.23525,
	4.04096 7.32187,
	4.08486 7.35355,
	4.10694 7.37481,
	4.10744 7.39652,
	4.09715 7.41846,
	3.92538 7.45999,
	3.91459 7.46021,
	3.84044 7.52146,
	3.8299 7.53253,
	3.81911 7.53276,
	3.80343 7.5548,
	3.77845 7.6422,
	3.76264 7.65882,
	3.74094 7.65383,
	3.71899 7.63799,
	3.6757 7.63345,
	3.64785 7.59601,
	3.63694 7.5908,
	3.59416 7.60797,
	3.57283 7.61926,
	3.56843 7.66279,
	3.57433 7.68439,
	3.6023 7.72726,
	3.62425 7.7431,
	3.7107 7.74676,
	3.79739 7.76128,
	3.88383 7.76493,
	3.92774 7.79662,
	4.01494 7.83284,
	4.05797 7.82653,
	4.22885 7.747,
	4.27151 7.72441,
	4.29322 7.7294,
	4.31517 7.74524,
	4.33687 7.75022,
	4.35343 7.76617,
	4.35368 7.77703,
	4.34314 7.7881,
	4.32156 7.78855,
	4.30023 7.79984,
	4.25708 7.80073,
	4.21417 7.81247,
	4.18782 7.84016,
	4.17263 7.88391,
	4.17463 7.97075,
	4.18642 8.01396,
	4.21967 8.05129,
	4.2307 8.06192,
	4.27424 8.07732,
	4.29594 8.08231,
	4.3179 8.09815,
	4.32379 8.11975,
	4.3189 8.14157,
	4.29769 8.15829,
	4.21112 8.14921,
	4.12481 8.15098,
	4.0819 8.16271,
	3.99533 8.15363,
	3.95218 8.15451,
	3.90863 8.13911,
	3.86535 8.13457,
	3.84365 8.12959,
	3.83625 8.04286,
	3.85044 7.95567,
	3.85483 7.91214,
	3.82146 7.86938,
	3.77806 7.85941,
	3.73415 7.82773,
	3.71269 7.8336,
	3.69688 7.85022,
	3.65398 7.86196,
	3.61069 7.85741,
	3.58899 7.85243,
	3.56704 7.83659,
	3.56114 7.81499,
	3.55562 7.80967,
	3.46992 7.83858,
	3.38298 7.81321,
	3.35513 7.77577,
	3.34774 7.68904,
	3.34184 7.66744,
	3.32528 7.65149,
	3.3037 7.65193,
	3.29291 7.65215,
	3.27183 7.6743,
	3.25026 7.67474,
	3.16469 7.70908,
	3.12203 7.73167,
	3.10083 7.7484,
	3.01512 7.7773,
	2.99392 7.79403,
	2.98952 7.83756,
	2.98977 7.84841,
	2.96857 7.86514,
	2.88213 7.86148,
	2.8391 7.86779,
	2.82341 7.88983,
	2.81262 7.89005,
	2.80698 7.87931,
	"/>
</Transform>

<Transform dim="0"
 xcoef=" 0 1 0 0 0 0"
 ycoef=" 0 0 1 0 0 0">
<Contour name="ax19" comment="LK bouton trace named after cfa" hidden="false" closed="true" simplified="true" border="0 1 1" fill="0.502 1 1" mode="-9"
 points="2.87187 8.12346,
	2.8738 8.12153,
	2.8738 8.1196,
	2.87573 8.11767,
	2.87573 8.11574,
	2.88056 8.10802,
	2.88345 8.1003,
	2.88538 8.08486,
	2.88345 8.06942,
	2.88538 8.05398,
	2.88828 8.04626,
	2.88924 8.0424,
	2.89407 8.03468,
	2.896 8.03082,
	2.89793 8.02986,
	2.89793 8.02793,
	2.90565 8.02021,
	2.91626 8.00477,
	2.91916 7.99705,
	2.92109 7.98161,
	2.92109 7.96617,
	2.92109 7.95845,
	2.92591 7.94301,
	2.93653 7.92757,
	2.94907 7.91213,
	2.96548 7.88125,
	2.97706 7.86677,
	2.9925 7.86098,
	3.00022 7.85809,
	3.00697 7.84265,
	3.01083 7.81177,
	3.0118 7.79633,
	3.02049 7.78089,
	3.02338 7.77703,
	3.08514 7.74325,
	3.11602 7.72877,
	3.13146 7.72298,
	3.1469 7.71526,
	3.17778 7.69693,
	3.19322 7.68631,
	3.20094 7.68245,
	3.21638 7.66894,
	3.24726 7.63903,
	3.2627 7.62745,
	3.27042 7.62069,
	3.3013 7.60718,
	3.31674 7.60332,
	3.32446 7.60043,
	3.35534 7.60139,
	3.3592 7.60139,
	3.36692 7.60622,
	3.37561 7.62166,
	3.37754 7.68342,
	3.3785 7.69886,
	3.37947 7.70658,
	3.38429 7.72202,
	3.38526 7.72974,
	3.39491 7.76062,
	3.4007 7.77606,
	3.40649 7.80694,
	3.40745 7.81466,
	3.40745 7.81852,
	3.42386 7.8494,
	3.42772 7.85712,
	3.43447 7.86484,
	3.43737 7.86774,
	3.4393 7.88318,
	3.43833 7.89862,
	3.43351 7.91406,
	3.41807 7.94494,
	3.41228 7.96038,
	3.40938 8.02214,
	3.40552 8.03758,
	3.40456 8.0453,
	3.40166 8.05302,
	3.39684 8.06074,
	3.36596 8.08486,
	3.35341 8.09934,
	3.34762 8.10706,
	3.34376 8.1225,
	3.34087 8.12636,
	3.33894 8.13408,
	3.33122 8.14952,
	3.32929 8.15338,
	3.32736 8.15531,
	3.32736 8.15724,
	3.31192 8.17268,
	3.3042 8.17847,
	3.29648 8.18233,
	3.28876 8.18426,
	3.2849 8.18523,
	3.26946 8.19777,
	3.25691 8.21321,
	3.24919 8.219,
	3.23375 8.22383,
	3.20287 8.22479,
	3.18743 8.22383,
	3.17971 8.2219,
	3.16427 8.22093,
	3.14883 8.21804,
	3.14111 8.219,
	3.12567 8.22479,
	3.09479 8.24216,
	3.08707 8.24699,
	3.07163 8.25181,
	3.05619 8.25278,
	3.04075 8.25085,
	3.02531 8.24506,
	3.02145 8.24313,
	2.99057 8.24023,
	2.98285 8.23927,
	2.97513 8.23444,
	2.95969 8.22093,
	2.95197 8.21418,
	2.94811 8.21128,
	2.94618 8.20935,
	2.94232 8.20839,
	2.93846 8.20549,
	2.93074 8.2026,
	2.92688 8.20067,
	2.92495 8.19874,
	2.91723 8.19681,
	2.90179 8.18523,
	2.89503 8.1775,
	2.89021 8.16978,
	2.88924 8.16592,
	2.88635 8.16206,
	2.88635 8.16013,
	2.87959 8.15241,
	2.87477 8.14469,
	2.87284 8.14276,
	2.87187 8.12732,
	2.87187 8.12443,
	"/>
</Transform>

<Transform dim="0"
 xcoef=" 0 1 0 0 0 0"
 ycoef=" 0 0 1 0 0 0">
<Contour name="d02" hidden="false" closed="true" simplified="true" border="0.5 0 1" fill="0.5 0 1" mode="9"
 points="4.30742 7.40872,
	4.34431 7.36995,
	4.38711 7.35278,
	4.39777 7.34714,
	4.39138 7.30383,
	4.39088 7.28212,
	4.40669 7.2655,
	4.42814 7.25963,
	4.44984 7.26462,
	4.48309 7.30195,
	4.52662 7.31734,
	4.56978 7.31646,
	4.61319 7.32643,
	4.63489 7.33142,
	4.67892 7.36853,
	4.72271 7.39478,
	4.73939 7.41616,
	4.75043 7.42679,
	4.75632 7.44839,
	4.79496 7.48561,
	4.8114 7.49613,
	4.85456 7.49525,
	4.87627 7.50023,
	4.88706 7.50001,
	4.92582 7.54267,
	4.97637 7.62852,
	5.01614 7.71458,
	5.02742 7.73607,
	5.02792 7.75778,
	5.01274 7.80154,
	4.97033 7.83498,
	4.9273 7.8413,
	4.91061 7.81992,
	4.90422 7.77661,
	4.90861 7.73308,
	4.90222 7.68977,
	4.84088 7.60414,
	4.8129 7.56127,
	4.79094 7.54543,
	4.70463 7.5472,
	4.66159 7.55351,
	4.61881 7.57068,
	4.53399 7.63758,
	4.471 7.71489,
	4.44942 7.71534,
	4.43851 7.71013,
	4.43651 7.62329,
	4.4463 7.57965,
	4.4453 7.53622,
	4.43941 7.51462,
	4.40629 7.48271,
	4.3625 7.45646,
	4.34104 7.46233,
	4.31909 7.44649,
	4.30805 7.43586,
	4.30755 7.41415,
	"/>
<Contour name="d02c21a" hidden="false" closed="true" simplified="true" border="0 1 0" fill="0 1 0" mode="9"
 points="4.52564 7.61403,
	4.53686 7.59506,
	4.5414 7.59027,
	4.54352 7.58085,
	4.55938 7.56177,
	4.57775 7.54968,
	4.59129 7.53065,
	4.60954 7.51387,
	4.64653 7.50139,
	4.66505 7.49632,
	4.70226 7.49322,
	4.72089 7.49284,
	4.7302 7.49265,
	4.74899 7.49929,
	4.76767 7.50125,
	4.78647 7.5079,
	4.82438 7.53525,
	4.8554 7.56743,
	4.85784 7.57207,
	4.8625 7.57197,
	4.87923 7.59038,
	4.88877 7.59956,
	4.88898 7.60893,
	4.88909 7.61362,
	4.87983 7.61615,
	4.87516 7.61625,
	4.85334 7.57919,
	4.83666 7.56312,
	4.79892 7.5428,
	4.78013 7.53616,
	4.74282 7.53458,
	4.70561 7.53768,
	4.70095 7.53778,
	4.68259 7.54987,
	4.64555 7.56001,
	4.6409 7.5601,
	4.63634 7.56488,
	4.61782 7.56996,
	4.60861 7.57483,
	4.5993 7.57502,
	4.58094 7.58712,
	4.54681 7.62298,
	4.53761 7.62785,
	4.52813 7.62101,
	4.52803 7.61633,
	"/>
<Contour name="d02cfa21a" hidden="false" closed="false" simplified="false" border="0 1 1" fill="0 1 1" mode="9"
 points="4.88963 7.61127,
	4.86337 7.58367,
	4.83489 7.56081,
	4.79693 7.53112,
	4.7431 7.52051,
	4.68271 7.52878,
	4.62958 7.54862,
	4.57666 7.57783,
	4.53572 7.62086,
	"/>
<Contour name="ax18" comment="LK bouton trace named after cfa" hidden="false" closed="true" simplified="true" border="0 1 1" fill="0.502 1 1" mode="9"
 points="5.05251 6.7205,
	5.05909 6.70734,
	5.06238 6.70076,
	5.07389 6.6876,
	5.10021 6.66704,
	5.11337 6.65717,
	5.12653 6.64977,
	5.13311 6.64483,
	5.13804 6.63825,
	5.14051 6.63167,
	5.14216 6.61851,
	5.14216 6.61193,
	5.13311 6.58561,
	5.12077 6.55929,
	5.11337 6.54613,
	5.10761 6.53297,
	5.10515 6.52639,
	5.10679 6.51981,
	5.10597 6.51323,
	5.10515 6.50994,
	5.10597 6.50665,
	5.09528 6.48034,
	5.09363 6.46718,
	5.09034 6.45402,
	5.08952 6.45237,
	5.09363 6.44579,
	5.10679 6.4351,
	5.11995 6.42194,
	5.12571 6.41783,
	5.13229 6.41618,
	5.13887 6.41289,
	5.16519 6.40631,
	5.17835 6.40384,
	5.18493 6.40138,
	5.19809 6.39315,
	5.20467 6.39151,
	5.21125 6.39151,
	5.22441 6.39891,
	5.23592 6.41207,
	5.23757 6.41536,
	5.25072 6.42441,
	5.27704 6.43345,
	5.28033 6.4351,
	5.2902 6.44826,
	5.30336 6.46142,
	5.30994 6.46553,
	5.3231 6.468,
	5.32639 6.468,
	5.33297 6.47129,
	5.34613 6.48363,
	5.37245 6.49103,
	5.42509 6.50912,
	5.43825 6.5157,
	5.44483 6.52064,
	5.44812 6.52393,
	5.46128 6.53133,
	5.46786 6.5338,
	5.48102 6.52886,
	5.4876 6.52804,
	5.49418 6.52968,
	5.50076 6.53297,
	5.51227 6.54613,
	5.51968 6.55929,
	5.52379 6.56587,
	5.52543 6.56916,
	5.53777 6.58232,
	5.54353 6.5889,
	5.55175 6.60206,
	5.56245 6.61522,
	5.56903 6.62098,
	5.58219 6.62756,
	5.58876 6.63085,
	5.60192 6.63249,
	5.61508 6.63249,
	5.62824 6.63414,
	5.6414 6.64072,
	5.64798 6.64401,
	5.66114 6.6547,
	5.66772 6.66128,
	5.69651 6.71392,
	5.70391 6.74024,
	5.70556 6.74682,
	5.71707 6.77314,
	5.72118 6.7863,
	5.73188 6.81262,
	5.73928 6.83894,
	5.74092 6.8521,
	5.75984 6.90474,
	5.76724 6.93106,
	5.76971 6.95737,
	5.76807 6.98369,
	5.71543 7.08897,
	5.70967 7.10213,
	5.70802 7.11529,
	5.71049 7.14161,
	5.71625 7.16793,
	5.71954 7.18109,
	5.74257 7.23373,
	5.74421 7.24031,
	5.74092 7.26663,
	5.7401 7.27321,
	5.7401 7.2765,
	5.73352 7.28966,
	5.68171 7.34065,
	5.65539 7.35957,
	5.62907 7.3752,
	5.62249 7.37849,
	5.59617 7.3826,
	5.56985 7.38342,
	5.55669 7.3826,
	5.55011 7.38178,
	5.54682 7.38178,
	5.53366 7.3752,
	5.52708 7.37026,
	5.51556 7.3571,
	5.51227 7.35381,
	5.50898 7.34723,
	5.49665 7.33572,
	5.48349 7.32667,
	5.47691 7.3242,
	5.46375 7.31433,
	5.45141 7.30199,
	5.44565 7.28884,
	5.44236 7.27568,
	5.43167 7.26252,
	5.42509 7.25594,
	5.41193 7.24771,
	5.40535 7.2436,
	5.37903 7.23291,
	5.37245 7.22962,
	5.35929 7.21892,
	5.34613 7.21152,
	5.31981 7.19918,
	5.30665 7.19178,
	5.29349 7.18027,
	5.27787 7.15395,
	5.27293 7.14737,
	5.26635 7.14161,
	5.25977 7.1375,
	5.25401 7.13092,
	5.25072 7.12927,
	5.23757 7.11611,
	5.22029 7.08979,
	5.21289 7.07663,
	5.20302 7.06348,
	5.19809 7.0569,
	5.17177 7.03058,
	5.15861 7.01906,
	5.13804 6.99274,
	5.13064 6.97958,
	5.12818 6.973,
	5.12571 6.96971,
	5.12406 6.96313,
	5.1216 6.95984,
	5.11255 6.93352,
	5.10926 6.92036,
	5.10515 6.89404,
	5.10515 6.88746,
	5.09939 6.86114,
	5.09692 6.84798,
	5.09363 6.8414,
	5.09116 6.83812,
	5.0887 6.83154,
	5.07554 6.8192,
	5.06978 6.81262,
	5.06567 6.80604,
	5.06402 6.80275,
	5.06238 6.77643,
	5.05744 6.76985,
	5.05497 6.76327,
	5.05251 6.73695,
	5.05251 6.72379,
	5.05251 6.72132,
	"/>
</Transform>

<Transform dim="0"
 xcoef=" 0 1 0 0 0 0"
 ycoef=" 0 0 1 0 0 0">
<Contour name="ax20" comment="LK bouton trace named after cfa" hidden="false" closed="true" simplified="true" border="0 1 1" fill="0.502 1 1" mode="9"
 points="4.92983 7.45108,
	4.93718 7.43148,
	4.94085 7.42169,
	4.93963 7.41189,
	4.94208 7.37271,
	4.93473 7.35312,
	4.93228 7.34332,
	4.93473 7.33352,
	4.94453 7.32495,
	4.95432 7.3225,
	4.99351 7.32863,
	5.0033 7.32863,
	5.02289 7.32495,
	5.03269 7.32618,
	5.03759 7.32985,
	5.04738 7.3323,
	5.05718 7.33842,
	5.06208 7.34087,
	5.08045 7.36046,
	5.08902 7.38005,
	5.09024 7.39965,
	5.08902 7.41924,
	5.08045 7.43883,
	5.07432 7.44863,
	5.07187 7.45352,
	5.07065 7.47312,
	5.07065 7.47801,
	5.07555 7.48781,
	5.08534 7.49761,
	5.09514 7.5025,
	5.13432 7.50863,
	5.14412 7.5123,
	5.14902 7.51475,
	5.15636 7.52455,
	5.15636 7.52699,
	5.16004 7.53189,
	5.16004 7.53434,
	5.16494 7.53924,
	5.16739 7.54414,
	5.17718 7.55148,
	5.17963 7.55148,
	5.18453 7.55516,
	5.18943 7.55638,
	5.20902 7.56985,
	5.21881 7.57597,
	5.22739 7.58577,
	5.22983 7.59557,
	5.22861 7.60536,
	5.21147 7.64455,
	5.20534 7.66414,
	5.20412 7.67393,
	5.20045 7.68373,
	5.19922 7.69353,
	5.19188 7.71312,
	5.17473 7.73271,
	5.16494 7.74128,
	5.14534 7.74251,
	5.10616 7.73638,
	5.09636 7.73393,
	5.08657 7.72904,
	5.0682 7.71312,
	5.02902 7.6874,
	4.97636 7.60904,
	4.97269 7.60414,
	4.97147 7.59924,
	4.96534 7.58944,
	4.95555 7.55026,
	4.95065 7.53067,
	4.9384 7.51108,
	4.93351 7.50128,
	4.93106 7.49148,
	4.93228 7.48169,
	4.92983 7.4621,
	4.92983 7.4523,
	"/>
</Transform>

<Transform dim="0"
 xcoef=" 0 1 0 0 0 0"
 ycoef=" 0 0 1 0 0 0">
<Contour name="ax20" comment="LK bouton trace named after cfa" hidden="false" closed="true" simplified="true" border="0 1 1" fill="0.502 1 1" mode="9"
 points="5.63741 7.69757,
	5.64579 7.69023,
	5.66257 7.68604,
	5.66676 7.68394,
	5.66781 7.67555,
	5.66886 7.67136,
	5.6762 7.66297,
	5.68459 7.65983,
	5.71814 7.65668,
	5.72652 7.65563,
	5.7433 7.64725,
	5.75169 7.64305,
	5.78524 7.642,
	5.79362 7.642,
	5.79782 7.63886,
	5.8062 7.63676,
	5.83975 7.63886,
	5.84395 7.63991,
	5.86072 7.65668,
	5.86701 7.66507,
	5.88064 7.69862,
	5.89532 7.71539,
	5.9121 7.73007,
	5.92048 7.73531,
	5.92887 7.73846,
	5.93726 7.73951,
	5.97081 7.73636,
	5.98758 7.73741,
	5.99597 7.73636,
	6.02952 7.73951,
	6.06307 7.73846,
	6.09662 7.73531,
	6.13017 7.73846,
	6.16372 7.73741,
	6.23082 7.74056,
	6.24759 7.74056,
	6.28114 7.73741,
	6.31469 7.73636,
	6.34824 7.73322,
	6.38179 7.73531,
	6.39857 7.73531,
	6.41534 7.73741,
	6.41954 7.73741,
	6.43631 7.74475,
	6.4447 7.74999,
	6.46147 7.76677,
	6.4751 7.78354,
	6.4772 7.78774,
	6.48559 7.79508,
	6.49188 7.80346,
	6.50026 7.8108,
	6.5097 7.82758,
	6.51704 7.84435,
	6.52228 7.8779,
	6.52648 7.89468,
	6.5401 7.92823,
	6.55688 7.96178,
	6.56317 7.97855,
	6.56632 8.0121,
	6.56317 8.02888,
	6.54849 8.06243,
	6.54954 8.09597,
	6.5401 8.12952,
	6.52228 8.16307,
	6.5118 8.17985,
	6.49712 8.19662,
	6.48034 8.20816,
	6.46357 8.21654,
	6.43002 8.22808,
	6.41324 8.23017,
	6.3797 8.24485,
	6.34615 8.25009,
	6.32937 8.25009,
	6.29582 8.2438,
	6.27905 8.23856,
	6.2455 8.23227,
	6.22872 8.22913,
	6.22033 8.22703,
	6.15323 8.22388,
	6.11968 8.22283,
	6.10291 8.22283,
	6.06936 8.2155,
	6.05259 8.2134,
	6.03581 8.20711,
	6.01904 8.19767,
	6.00645 8.1809,
	6.00331 8.17251,
	6.00226 8.16832,
	6.0075 8.15154,
	6.0096 8.14315,
	6.02637 8.1096,
	6.03371 8.09283,
	6.03686 8.08444,
	6.03791 8.08025,
	6.03371 8.06347,
	6.02428 8.0467,
	5.99387 8.01315,
	5.9771 7.99847,
	5.94355 7.98065,
	5.92677 7.97541,
	5.91839 7.97331,
	5.90161 7.96492,
	5.89322 7.95968,
	5.8775 7.9429,
	5.85548 7.90935,
	5.83871 7.8758,
	5.82822 7.85903,
	5.81354 7.84225,
	5.77999 7.81395,
	5.71289 7.76048,
	5.69612 7.74685,
	5.68773 7.74056,
	5.67934 7.73636,
	5.67725 7.73427,
	5.67305 7.73322,
	5.65628 7.72169,
	5.6395 7.70806,
	5.63741 7.69967,
	5.63741 7.69862,
	"/>
</Transform>

<Transform dim="0"
 xcoef=" 0 1 0 0 0 0"
 ycoef=" 0 0 1 0 0 0">
<Contour name="d02" hidden="false" closed="true" simplified="true" border="0.5 0 1" fill="0.5 0 1" mode="9"
 points="3.93169 6.28801,
	3.93512 6.2807,
	3.94925 6.26956,
	3.95794 6.25672,
	3.96316 6.24938,
	3.96823 6.23481,
	3.98732 6.20546,
	3.99435 6.19809,
	4.003 6.18344,
	4.01704 6.16868,
	4.04533 6.1482,
	4.09996 6.10006,
	4.11042 6.08538,
	4.11392 6.08169,
	4.12111 6.08154,
	4.12471 6.08147,
	4.13202 6.08674,
	4.16102 6.097,
	4.1756 6.10574,
	4.18847 6.11814,
	4.1978 6.13242,
	4.20351 6.14677,
	4.20385 6.16124,
	4.19683 6.16862,
	4.16854 6.18909,
	4.14212 6.21315,
	4.12795 6.22248,
	4.11387 6.23543,
	4.0997 6.24477,
	4.09259 6.24853,
	4.08908 6.25222,
	4.08403 6.26679,
	4.07174 6.27971,
	4.05757 6.28905,
	4.02907 6.30048,
	4.00044 6.3065,
	3.98607 6.30679,
	3.95714 6.30015,
	3.94995 6.30029,
	3.93537 6.29155,
	3.93173 6.28982,
	"/>
<Contour name="d06" hidden="false" closed="true" simplified="true" border="0 0 1" fill="0 0 1" mode="9"
 points="3.06555 6.99597,
	3.10207 6.90654,
	3.10732 6.89535,
	3.11269 6.8897,
	3.11993 6.8452,
	3.15208 6.80574,
	3.16259 6.78336,
	3.18416 6.76351,
	3.22771 6.74045,
	3.26831 6.70914,
	3.27907 6.69783,
	3.32249 6.66922,
	3.36609 6.64892,
	3.37692 6.64039,
	3.42066 6.62564,
	3.44249 6.61687,
	3.46446 6.61365,
	3.48629 6.60489,
	3.52145 6.57646,
	3.52946 6.56521,
	3.53759 6.5595,
	3.57806 6.52264,
	3.61866 6.49133,
	3.66214 6.46548,
	3.70268 6.4314,
	3.72451 6.42263,
	3.73546 6.41964,
	3.7409 6.41676,
	3.75511 6.43587,
	3.76388 6.45786,
	3.76439 6.48003,
	3.76452 6.48556,
	3.77579 6.49642,
	3.78694 6.50173,
	3.79257 6.50716,
	3.80365 6.5097,
	3.81486 6.51779,
	3.85897 6.51966,
	3.87005 6.5222,
	3.87856 6.53311,
	3.87907 6.55527,
	3.85531 6.6001,
	3.842 6.61978,
	3.80172 6.66495,
	3.78839 6.68462,
	3.78301 6.69028,
	3.77526 6.7126,
	3.7773 6.80124,
	3.77205 6.81244,
	3.7723 6.82352,
	3.76693 6.82917,
	3.75918 6.85151,
	3.7538 6.85716,
	3.74656 6.90165,
	3.70333 6.93856,
	3.68163 6.95287,
	3.67067 6.95586,
	3.63277 6.98435,
	3.61118 7.0042,
	3.5764 7.04926,
	3.55745 7.0635,
	3.4694 7.06808,
	3.42536 7.06898,
	3.40326 7.06666,
	3.39224 7.06688,
	3.38111 7.06157,
	3.33699 7.0597,
	3.31496 7.06015,
	3.29331 7.07722,
	3.24971 7.09752,
	3.23882 7.10328,
	3.23332 7.1034,
	3.22249 7.11193,
	3.20059 7.11792,
	3.11267 7.12804,
	3.09065 7.12849,
	3.0795 7.12318,
	3.07099 7.11226,
	3.06619 7.02368,
	3.06568 7.00151,
	3.06562 6.99875,
	"/>
</Transform>

<Transform dim="0"
 xcoef=" 0 1 0 0 0 0"
 ycoef=" 0 0 1 0 0 0">
<Contour name="ax21" comment="LK bouton trace named after cfa" hidden="false" closed="true" simplified="true" border="0 1 1" fill="0.502 1 1" mode="9"
 points="3.74405 6.47675,
	3.74523 6.47558,
	3.74581 6.47089,
	3.74816 6.4662,
	3.74874 6.46386,
	3.75167 6.45916,
	3.75343 6.45447,
	3.75402 6.45213,
	3.75695 6.44744,
	3.76106 6.44275,
	3.76223 6.4404,
	3.7804 6.42164,
	3.78978 6.41226,
	3.79447 6.40816,
	3.80385 6.40171,
	3.81323 6.39409,
	3.82262 6.38529,
	3.82731 6.3806,
	3.83376 6.37122,
	3.83845 6.36653,
	3.84138 6.36184,
	3.85076 6.35422,
	3.85545 6.35129,
	3.85779 6.34894,
	3.86248 6.34601,
	3.86483 6.34425,
	3.86952 6.34249,
	3.8789 6.33604,
	3.88359 6.33311,
	3.88593 6.33135,
	3.88828 6.33077,
	3.89766 6.32256,
	3.90704 6.31318,
	3.91173 6.30849,
	3.91408 6.30614,
	3.92346 6.30028,
	3.9258 6.29852,
	3.93049 6.29676,
	3.93987 6.295,
	3.94456 6.29383,
	3.96333 6.29383,
	3.98209 6.29559,
	4.00085 6.29559,
	4.01961 6.29442,
	4.02899 6.29383,
	4.03368 6.29442,
	4.03603 6.29559,
	4.05479 6.29618,
	4.05948 6.29618,
	4.06417 6.29735,
	4.06886 6.30028,
	4.07179 6.30497,
	4.07355 6.30966,
	4.08 6.31904,
	4.08938 6.32666,
	4.09407 6.32959,
	4.10345 6.33194,
	4.12221 6.33135,
	4.13159 6.33018,
	4.14097 6.33077,
	4.14332 6.33135,
	4.14801 6.33487,
	4.15035 6.33722,
	4.15621 6.3466,
	4.15856 6.35129,
	4.15915 6.36067,
	4.15856 6.36536,
	4.15328 6.37474,
	4.14566 6.38412,
	4.13628 6.3935,
	4.1269 6.39995,
	4.11752 6.40523,
	4.11283 6.40757,
	4.10462 6.41637,
	4.09934 6.42575,
	4.09759 6.43044,
	4.09641 6.43278,
	4.09817 6.45154,
	4.09759 6.46092,
	4.09583 6.4703,
	4.0929 6.47969,
	4.08762 6.48907,
	4.08469 6.49376,
	4.07531 6.50314,
	4.06593 6.50959,
	4.05655 6.51369,
	4.03778 6.51662,
	4.0284 6.51662,
	4.00964 6.51369,
	4.00026 6.51252,
	3.99557 6.51193,
	3.99088 6.5131,
	3.9815 6.51779,
	3.97212 6.52717,
	3.94984 6.5647,
	3.94339 6.57408,
	3.93518 6.58346,
	3.9258 6.58991,
	3.91642 6.59284,
	3.91173 6.59343,
	3.90235 6.59167,
	3.89766 6.58991,
	3.88828 6.58287,
	3.88124 6.57349,
	3.87538 6.56411,
	3.87186 6.55942,
	3.86248 6.54066,
	3.85955 6.53597,
	3.85076 6.52659,
	3.84607 6.52366,
	3.84138 6.5219,
	3.82262 6.51955,
	3.80385 6.51486,
	3.79447 6.5131,
	3.77571 6.51134,
	3.76633 6.50959,
	3.76164 6.509,
	3.75226 6.50372,
	3.74816 6.49903,
	3.74464 6.48965,
	3.74405 6.48027,
	3.74405 6.47793,
	3.74405 6.47734,
	"/>
</Transform>

<Transform dim="0"
 xcoef=" 0 1 0 0 0 0"
 ycoef=" 0 0 1 0 0 0">
<Contour name="d01" hidden="false" closed="true" simplified="true" border="1 0.5 0" fill="1 0.5 0" mode="9"
 points="4.85596 3.85572,
	4.89774 3.8118,
	4.92024 3.78816,
	4.92667 3.7814,
	4.93325 3.78127,
	4.94581 3.75452,
	4.98078 3.7008,
	4.99004 3.67412,
	4.99272 3.64757,
	4.99571 3.63425,
	5.01813 3.6073,
	5.02739 3.58061,
	5.02678 3.55413,
	5.02648 3.54088,
	5.04233 3.51406,
	5.06498 3.49704,
	5.10568 3.5492,
	5.11915 3.56217,
	5.13246 3.56852,
	5.15864 3.56136,
	5.16514 3.55792,
	5.17853 3.56758,
	5.1806 3.51454,
	5.18657 3.48792,
	5.19912 3.46117,
	5.20226 3.45448,
	5.21558 3.46083,
	5.22537 3.45732,
	5.22744 3.40428,
	5.23342 3.37766,
	5.2397 3.36429,
	5.26242 3.35058,
	5.26916 3.35706,
	5.32195 3.3626,
	5.34828 3.36206,
	5.36137 3.35848,
	5.39971 3.30801,
	5.45198 3.29038,
	5.50516 3.31247,
	5.53172 3.32187,
	5.58429 3.31748,
	5.61045 3.31032,
	5.66303 3.30593,
	5.7153 3.2883,
	5.74147 3.28114,
	5.75456 3.27756,
	5.7678 3.2806,
	5.77438 3.28046,
	5.79794 3.30316,
	5.832 3.35215,
	5.84248 3.37843,
	5.84607 3.39161,
	5.83742 3.44478,
	5.83145 3.4714,
	5.84583 3.52409,
	5.86618 3.55018,
	5.87965 3.56315,
	5.89013 3.58943,
	5.89372 3.6026,
	5.88775 3.62923,
	5.88477 3.64254,
	5.88163 3.64923,
	5.90496 3.66199,
	5.91829 3.66835,
	5.92517 3.68145,
	5.92907 3.70787,
	5.97919 3.73997,
	6.00589 3.75598,
	6.01967 3.78219,
	6.04308 3.79827,
	6.05326 3.81131,
	6.04132 3.86455,
	6.03206 3.89123,
	6.02938 3.91779,
	6.00694 3.94475,
	5.99738 3.95819,
	5.97136 3.97197,
	5.95828 3.97555,
	5.92322 4.02596,
	5.90738 4.05277,
	5.91426 4.06588,
	5.88855 4.0929,
	5.87661 4.14614,
	5.86735 4.17283,
	5.85143 4.19634,
	5.82472 4.18033,
	5.80436 4.15425,
	5.80077 4.14107,
	5.80375 4.12777,
	5.77705 4.11174,
	5.76366 4.10208,
	5.75693 4.0956,
	5.70443 4.1033,
	5.67773 4.08729,
	5.65133 4.08451,
	5.63794 4.07485,
	5.62469 4.07181,
	5.59852 4.07897,
	5.54588 4.08005,
	5.49292 4.06789,
	5.4402 4.06566,
	5.42688 4.05931,
	5.42022 4.05613,
	5.3942 4.06991,
	5.36803 4.07707,
	5.35495 4.08065,
	5.34148 4.06768,
	5.34417 4.04113,
	5.34057 4.02796,
	5.28738 4.00586,
	5.26091 3.99977,
	5.24782 4.00335,
	5.23458 4.00031,
	5.18239 4.02125,
	5.15637 4.03504,
	5.1302 4.0422,
	5.11688 4.03585,
	5.10387 4.04274,
	5.0976 4.05612,
	5.08436 4.05308,
	5.03622 4.10705,
	5.01028 4.12414,
	5.00392 4.13422,
	4.95241 4.18495,
	4.92624 4.19211,
	4.89985 4.18934,
	4.90298 4.18265,
	4.89939 4.16948,
	4.89595 4.16293,
	4.91508 4.13604,
	4.92809 4.12914,
	4.96965 4.0753,
	4.97593 4.06192,
	4.92618 4.04638,
	4.89963 4.03699,
	4.87339 4.04084,
	4.87002 4.0376,
	4.90828 3.98382,
	4.92412 3.957,
	4.95015 3.94322,
	4.96308 3.93301,
	4.96607 3.9197,
	4.95559 3.89342,
	4.94878 3.88362,
	4.89529 3.84829,
	4.88863 3.84512,
	4.86261 3.8589,
	4.85932 3.85896,
	"/>
<Contour name="d03" hidden="false" closed="true" simplified="true" border="0 1 0" fill="0 1 0" mode="9"
 points="4.48203 2.77951,
	4.48799 2.7668,
	4.50028 2.75711,
	4.52527 2.7566,
	4.53777 2.75635,
	4.54403 2.75622,
	4.55682 2.76854,
	4.57294 2.79022,
	4.58261 2.80262,
	4.60791 2.81468,
	4.61742 2.82077,
	4.63022 2.83309,
	4.6308 2.85825,
	4.62512 2.88353,
	4.62526 2.88982,
	4.58572 2.93781,
	4.56094 2.94775,
	4.53587 2.94513,
	4.5233 2.94223,
	4.50092 2.92067,
	4.49663 2.87044,
	4.49605 2.84528,
	4.48922 2.82025,
	4.48268 2.80781,
	4.4821 2.78266,
	"/>
<Contour name="d08" hidden="false" closed="true" simplified="true" border="1 0 0" fill="1 0 0" mode="9"
 points="3.8282 3.1718,
	3.85529 3.10545,
	3.87495 3.07215,
	3.90726 3.05504,
	3.92341 3.04649,
	3.95619 3.04993,
	3.9769 3.06184,
	3.97993 3.19336,
	3.98068 3.22625,
	3.98106 3.24269,
	3.96919 3.25938,
	3.96586 3.29234,
	3.96623 3.30878,
	3.90096 3.31423,
	3.87161 3.28194,
	3.8586 3.2493,
	3.82924 3.21701,
	3.82848 3.18413,
	3.82829 3.17591,
	"/>
<Contour name="d08cfa22ax30" hidden="false" closed="false" simplified="false" border="0 1 1" fill="0 1 1" mode="9"
 points="3.98423 3.23987,
	3.98212 3.14803,
	3.97717 3.08006,
	"/>
<Contour name="d01" hidden="false" closed="true" simplified="true" border="1 0.5 0" fill="1 0.5 0" mode="9"
 points="5.04355 2.86565,
	5.05213 2.7807,
	5.05691 2.75941,
	5.07747 2.7378,
	5.11934 2.72634,
	5.14052 2.73121,
	5.15116 2.73629,
	5.15141 2.74688,
	5.19437 2.78309,
	5.22693 2.82481,
	5.24467 2.90922,
	5.26095 2.93008,
	5.26192 2.97245,
	5.26241 2.99363,
	5.25238 3.01503,
	5.23169 3.03135,
	5.2274 3.07382,
	5.21209 3.09533,
	5.20181 3.10613,
	5.18075 3.10656,
	5.17537 3.10138,
	5.18051 3.09597,
	5.09604 3.0871,
	5.05822 3.04549,
	5.04672 3.00334,
	5.04477 2.91861,
	5.0438 2.87624,
	5.04368 2.87095,
	"/>
</Transform>

<Transform dim="0"
 xcoef=" 0 1 0 0 0 0"
 ycoef=" 0 0 1 0 0 0">
<Contour name="ax30" comment="LK bouton trace named after cfa" hidden="false" closed="true" simplified="true" border="0 1 1" fill="0.502 1 1" mode="9"
 points="3.95999 3.49976,
	3.96412 3.49033,
	3.97531 3.47148,
	3.98003 3.46794,
	3.98946 3.46323,
	3.99889 3.46028,
	4.00831 3.45851,
	4.02717 3.45321,
	4.0366 3.45026,
	4.04603 3.44555,
	4.04839 3.44437,
	4.04898 3.42551,
	4.04603 3.41608,
	4.03483 3.39723,
	4.03012 3.3878,
	4.03012 3.36894,
	4.02776 3.35951,
	4.02364 3.35008,
	4.02187 3.34537,
	4.01833 3.34066,
	4.0089 3.33535,
	3.99948 3.32592,
	3.99417 3.31649,
	3.9871 3.30707,
	3.98474 3.30235,
	3.98415 3.29764,
	3.98239 3.29292,
	3.98121 3.25521,
	3.98062 3.23635,
	3.98121 3.23164,
	3.98121 3.22928,
	3.98415 3.21985,
	3.98533 3.21042,
	3.99358 3.19157,
	3.99653 3.17271,
	3.99771 3.15385,
	3.9983 3.14914,
	4.00124 3.13971,
	4.00301 3.13499,
	4.0036 3.13028,
	4.00419 3.12792,
	4.0036 3.12557,
	4.0089 3.10671,
	4.01185 3.09728,
	4.02128 3.07842,
	4.02717 3.06899,
	4.03012 3.06428,
	4.03778 3.05485,
	4.04662 3.0466,
	4.05605 3.04012,
	4.06548 3.03776,
	4.07019 3.03599,
	4.08905 3.03364,
	4.09376 3.03423,
	4.09612 3.03541,
	4.10083 3.03599,
	4.11026 3.04012,
	4.11969 3.04542,
	4.1244 3.04837,
	4.12676 3.05014,
	4.13619 3.05073,
	4.14562 3.04601,
	4.15033 3.04307,
	4.15269 3.04071,
	4.1574 3.03835,
	4.16683 3.03658,
	4.18569 3.03599,
	4.1904 3.03482,
	4.19983 3.03423,
	4.20926 3.03482,
	4.22812 3.03305,
	4.23755 3.02951,
	4.24698 3.02892,
	4.25169 3.0301,
	4.27055 3.02951,
	4.27998 3.02892,
	4.2894 3.02951,
	4.29883 3.03364,
	4.30355 3.03482,
	4.3059 3.03599,
	4.34362 3.03776,
	4.34833 3.03835,
	4.35776 3.04189,
	4.36719 3.04424,
	4.3719 3.04542,
	4.39076 3.04366,
	4.40962 3.04071,
	4.41905 3.03658,
	4.4379 3.03246,
	4.44733 3.02833,
	4.45676 3.02539,
	4.46619 3.02421,
	4.4709 3.02303,
	4.47326 3.02185,
	4.47797 3.01714,
	4.48387 3.00771,
	4.50272 2.99298,
	4.51156 2.98355,
	4.51805 2.97412,
	4.52806 2.95526,
	4.53278 2.95114,
	4.53514 2.94937,
	4.53631 2.94819,
	4.54103 2.94701,
	4.55046 2.94819,
	4.55517 2.94878,
	4.5646 2.95232,
	4.56931 2.95408,
	4.57874 2.95467,
	4.58817 2.95408,
	4.5976 2.95114,
	4.60231 2.95055,
	4.60467 2.94996,
	4.6141 2.95291,
	4.61881 2.95585,
	4.62706 2.96528,
	4.63944 2.98414,
	4.64828 2.99357,
	4.65299 2.99828,
	4.66242 3.00594,
	4.68128 3.01714,
	4.70014 3.02716,
	4.70485 3.02892,
	4.72371 3.03128,
	4.74256 3.02951,
	4.76142 3.02421,
	4.78028 3.02067,
	4.78971 3.01773,
	4.79442 3.01478,
	4.8009 3.00535,
	4.80621 2.99592,
	4.80974 2.99121,
	4.8121 2.9865,
	4.81681 2.98296,
	4.81917 2.9806,
	4.82388 2.97825,
	4.83331 2.9753,
	4.84274 2.97117,
	4.85217 2.96882,
	4.8616 2.97,
	4.86396 2.97,
	4.88281 2.97766,
	4.88753 2.98001,
	4.89224 2.98355,
	4.89696 2.98532,
	4.90638 2.98591,
	4.9111 2.98414,
	4.91346 2.98414,
	4.91817 2.98178,
	4.9276 2.98001,
	4.93231 2.97942,
	4.94174 2.9806,
	4.94646 2.98119,
	4.95117 2.98355,
	4.9606 2.98532,
	4.97003 2.98591,
	4.97946 2.98473,
	4.98417 2.98414,
	4.98653 2.98414,
	4.99596 2.9806,
	5.00538 2.97412,
	5.0101 2.97058,
	5.01246 2.96823,
	5.02188 2.96351,
	5.03131 2.96175,
	5.04074 2.96292,
	5.0431 2.96351,
	5.05194 2.97117,
	5.05488 2.97589,
	5.06196 2.99475,
	5.06255 2.99946,
	5.06196 3.00889,
	5.05665 3.02774,
	5.05371 3.03717,
	5.04781 3.0466,
	5.02955 3.06369,
	5.02483 3.06782,
	5.0154 3.07371,
	4.99655 3.08844,
	4.99006 3.09787,
	4.98771 3.10258,
	4.98535 3.11201,
	4.98417 3.12144,
	4.97887 3.1403,
	4.96767 3.15916,
	4.96119 3.16858,
	4.96001 3.17094,
	4.94115 3.1898,
	4.93172 3.19864,
	4.91287 3.21219,
	4.90815 3.21455,
	4.89872 3.21514,
	4.89401 3.21455,
	4.8893 3.21278,
	4.87987 3.2063,
	4.87515 3.20394,
	4.86572 3.20335,
	4.8563 3.20453,
	4.83744 3.21691,
	4.83272 3.22162,
	4.82919 3.22633,
	4.82447 3.23046,
	4.8233 3.23105,
	4.82271 3.23341,
	4.82094 3.23576,
	4.82035 3.23812,
	4.81858 3.24048,
	4.81799 3.24283,
	4.81092 3.25226,
	4.80149 3.2611,
	4.79206 3.26876,
	4.78971 3.27112,
	4.78028 3.2776,
	4.76142 3.28762,
	4.75199 3.29174,
	4.74256 3.2941,
	4.72371 3.30412,
	4.71487 3.31178,
	4.70839 3.32121,
	4.70485 3.32592,
	4.70367 3.32828,
	4.69542 3.33771,
	4.69012 3.34714,
	4.68776 3.35185,
	4.68599 3.36128,
	4.68658 3.38014,
	4.68658 3.38957,
	4.68658 3.39428,
	4.68422 3.40371,
	4.67892 3.41314,
	4.67597 3.41785,
	4.66655 3.42551,
	4.66242 3.42964,
	4.63826 3.46735,
	4.63414 3.47207,
	4.63119 3.47678,
	4.62176 3.48503,
	4.61705 3.48974,
	4.61233 3.49328,
	4.61115 3.49446,
	4.60997 3.49446,
	4.60526 3.4974,
	4.60055 3.49917,
	4.59583 3.50212,
	4.58817 3.51096,
	4.58581 3.51332,
	4.58287 3.51803,
	4.5811 3.52039,
	4.5811 3.52157,
	4.57167 3.53099,
	4.56224 3.53865,
	4.54339 3.54867,
	4.54103 3.55044,
	4.52217 3.5581,
	4.51274 3.56223,
	4.49389 3.56753,
	4.47503 3.57107,
	4.4656 3.57165,
	4.44674 3.57578,
	4.43731 3.57755,
	4.41846 3.58639,
	4.41374 3.58815,
	4.40903 3.59169,
	4.40667 3.59287,
	4.39724 3.6023,
	4.38781 3.60878,
	4.37839 3.61408,
	4.36896 3.62115,
	4.35953 3.62528,
	4.35481 3.62705,
	4.35246 3.62823,
	4.3336 3.62764,
	4.32417 3.62469,
	4.31474 3.62057,
	4.29648 3.60937,
	4.29412 3.6076,
	4.29176 3.60701,
	4.28233 3.60112,
	4.27762 3.59758,
	4.27644 3.59758,
	4.26701 3.58992,
	4.25758 3.58462,
	4.25287 3.58226,
	4.24403 3.57578,
	4.22517 3.5693,
	4.20631 3.56576,
	4.18746 3.5581,
	4.17803 3.55398,
	4.14031 3.54867,
	4.12146 3.5469,
	4.11203 3.54632,
	4.1026 3.5469,
	4.09789 3.5469,
	4.07903 3.55044,
	4.04131 3.55221,
	4.02246 3.55162,
	4.01303 3.55103,
	4.00831 3.54985,
	3.98946 3.54042,
	3.98003 3.53453,
	3.9706 3.52569,
	3.9653 3.51626,
	3.96117 3.50683,
	3.95999 3.50212,
	3.95999 3.50035,
	"/>
</Transform>

<Transform dim="0"
 xcoef=" 0 1 0 0 0 0"
 ycoef=" 0 0 1 0 0 0">
<Contour name="D10" hidden="false" closed="true" simplified="true" border="0 1 1" fill="0 1 1" mode="11"
 points="5.14148 2.04312,
	5.15067 2.00523,
	5.17909 1.97063,
	5.22395 1.94272,
	5.28085 1.92422,
	5.34423 1.91695,
	5.40789 1.92161,
	5.4656 1.93777,
	5.5117 1.96381,
	5.54168 1.99722,
	5.5526 2.0347,
	5.54341 2.07259,
	5.515 2.1072,
	5.47014 2.13511,
	5.41323 2.15361,
	5.34985 2.16087,
	5.28619 2.15621,
	5.22849 2.14006,
	5.18239 2.11401,
	"/>
<Contour name="d01ax17" comment="LK bouton trace named after cfa" hidden="false" closed="true" simplified="true" border="0 1 1" fill="0.502 1 1" mode="-9"
 points="5.14577 2.68537,
	5.15048 2.66652,
	5.15991 2.64768,
	5.17286 2.62883,
	5.17993 2.61941,
	5.19877 2.60763,
	5.2082 2.60292,
	5.22704 2.59939,
	5.30242 2.59703,
	5.32126 2.59114,
	5.34011 2.58761,
	5.35895 2.58172,
	5.36838 2.58054,
	5.3778 2.57701,
	5.38722 2.57583,
	5.42491 2.56052,
	5.44375 2.55345,
	5.4626 2.54992,
	5.48144 2.54992,
	5.48616 2.54992,
	5.52384 2.5617,
	5.53327 2.56523,
	5.57096 2.56876,
	5.60865 2.56994,
	5.62749 2.57112,
	5.64634 2.57465,
	5.66518 2.58054,
	5.66989 2.58172,
	5.70758 2.57819,
	5.72642 2.57819,
	5.73585 2.57936,
	5.77354 2.56994,
	5.79238 2.57112,
	5.86776 2.58761,
	5.90545 2.59114,
	5.92429 2.59232,
	5.96198 2.60056,
	5.98083 2.60528,
	6.01852 2.62177,
	6.03736 2.63237,
	6.05621 2.64532,
	6.06563 2.65357,
	6.07623 2.67241,
	6.07976 2.69125,
	6.08212 2.70068,
	6.08212 2.71952,
	6.08094 2.72894,
	6.07387 2.74779,
	6.0621 2.76663,
	6.04678 2.78548,
	6.03854 2.7949,
	6.0197 2.80903,
	6.01027 2.81492,
	6.00556 2.81728,
	5.98672 2.81963,
	5.94903 2.81375,
	5.93961 2.81257,
	5.93489 2.81139,
	5.91605 2.81492,
	5.84067 2.84672,
	5.80298 2.85968,
	5.76529 2.87028,
	5.75587 2.87499,
	5.71818 2.88559,
	5.68049 2.89148,
	5.67107 2.89266,
	5.63338 2.91032,
	5.61453 2.91975,
	5.59569 2.92681,
	5.57685 2.92917,
	5.56742 2.93035,
	5.49204 2.9645,
	5.45435 2.98099,
	5.43551 2.98806,
	5.4308 2.98806,
	5.42138 2.99277,
	5.41667 2.9963,
	5.40724 2.99866,
	5.3884 2.99984,
	5.36955 3.00337,
	5.36013 3.0069,
	5.35071 3.01279,
	5.34129 3.01633,
	5.32244 3.0175,
	5.3036 3.01397,
	5.28593 3.00101,
	5.28004 2.99159,
	5.27769 2.98217,
	5.27769 2.97275,
	5.26944 2.9539,
	5.26355 2.94448,
	5.26002 2.93506,
	5.25295 2.92564,
	5.23529 2.88795,
	5.22233 2.85026,
	5.21526 2.83141,
	5.20231 2.81257,
	5.18111 2.77488,
	5.17168 2.75603,
	5.1658 2.74661,
	5.15048 2.72777,
	5.14813 2.72306,
	5.14577 2.70421,
	5.14577 2.68654,
	"/>
</Transform>

<Transform dim="0"
 xcoef=" 0 1 0 0 0 0"
 ycoef=" 0 0 1 0 0 0">
<Contour name="d08" hidden="false" closed="true" simplified="true" border="1 0 0" fill="1 0 0" mode="9"
 points="5.18317 2.55189,
	5.24731 2.49712,
	5.31163 2.45058,
	5.34393 2.43346,
	5.37662 2.43279,
	5.38479 2.43263,
	5.41823 2.46484,
	5.4434 2.49311,
	5.45604 2.5093,
	5.4527 2.54226,
	5.42895 2.57564,
	5.39665 2.59275,
	5.26601 2.59955,
	5.20074 2.60499,
	5.18402 2.58888,
	5.18326 2.55601,
	"/>
</Transform>

<Transform dim="0"
 xcoef=" 0 1 0 0 0 0"
 ycoef=" 0 0 1 0 0 0">
<Contour name="d08cfa23b2" hidden="false" closed="true" simplified="true" border="0 1 0" fill="0 1 0" mode="9"
 points="5.36874 2.44831,
	5.37857 2.4345,
	5.43204 2.40618,
	5.45877 2.39202,
	5.47206 2.38154,
	5.48567 2.38466,
	5.52411 2.43833,
	5.53456 2.45173,
	5.53858 2.47886,
	5.53582 2.50615,
	5.52937 2.5199,
	5.51608 2.53037,
	5.46206 2.53488,
	5.44838 2.52836,
	5.43455 2.51503,
	5.42094 2.51191,
	5.36905 2.46192,
	5.36882 2.45172,
	"/>
</Transform>

<Transform dim="0"
 xcoef=" 0 1 0 0 0 0"
 ycoef=" 0 0 1 0 0 0">
<Contour name="d08c23b2" hidden="false" closed="true" simplified="true" border="1 0 0" fill="0 1 0" mode="9"
 points="5.35863 2.43857,
	5.36846 2.42477,
	5.42193 2.39644,
	5.44866 2.38228,
	5.46195 2.3718,
	5.47556 2.37492,
	5.514 2.42859,
	5.52445 2.44199,
	5.52847 2.46913,
	5.52571 2.49641,
	5.51926 2.51016,
	5.50597 2.52064,
	5.45195 2.52514,
	5.43827 2.51862,
	5.42444 2.50529,
	5.41083 2.50217,
	5.35894 2.45218,
	5.35871 2.44198,
	"/>
</Transform>

<Transform dim="0"
 xcoef=" 0 1 0 0 0 0"
 ycoef=" 0 0 1 0 0 0">
<Contour name="d08cfa23b2" hidden="false" closed="false" simplified="false" border="0 1 1" fill="0 1 1" mode="9"
 points="5.46966 2.5254,
	5.46212 2.49152,
	5.42753 2.4582,
	5.37634 2.43883,
	"/>
</Transform>

<Transform dim="0"
 xcoef=" 0 1 0 0 0 0"
 ycoef=" 0 0 1 0 0 0">
<Contour name="d08ax23" comment="LK bouton trace named after cfa" hidden="false" closed="true" simplified="true" border="0 1 1" fill="0.502 1 1" mode="-9"
 points="5.38981 2.33918,
	5.39113 2.31103,
	5.39156 2.30752,
	5.3942 2.30048,
	5.39464 2.29872,
	5.39948 2.29169,
	5.40608 2.28509,
	5.40959 2.28201,
	5.41311 2.28069,
	5.41663 2.27849,
	5.42366 2.27542,
	5.42718 2.2741,
	5.4307 2.2719,
	5.43422 2.27058,
	5.43598 2.2697,
	5.43905 2.26618,
	5.44257 2.25915,
	5.45576 2.24508,
	5.46236 2.23848,
	5.4694 2.23364,
	5.49754 2.21957,
	5.50106 2.21737,
	5.55734 2.20902,
	5.56438 2.2077,
	5.56789 2.20726,
	5.57493 2.20506,
	5.58196 2.20418,
	5.589 2.2011,
	5.59603 2.19891,
	5.61011 2.19187,
	5.61714 2.18791,
	5.6189 2.18659,
	5.62594 2.18439,
	5.64001 2.18264,
	5.66815 2.18088,
	5.69629 2.17516,
	5.72443 2.1778,
	5.73147 2.18264,
	5.73455 2.18571,
	5.73938 2.19275,
	5.74334 2.19978,
	5.74642 2.20682,
	5.75082 2.21386,
	5.75785 2.22793,
	5.76181 2.23496,
	5.76445 2.23848,
	5.76577 2.242,
	5.76797 2.24552,
	5.76928 2.24727,
	5.7706 2.25079,
	5.77148 2.25783,
	5.77192 2.2719,
	5.77016 2.28597,
	5.76972 2.30004,
	5.76972 2.30356,
	5.77456 2.31763,
	5.7794 2.32467,
	5.78028 2.32642,
	5.78687 2.33346,
	5.79039 2.33698,
	5.79215 2.3383,
	5.79919 2.35237,
	5.80094 2.35589,
	5.80094 2.35764,
	5.80886 2.37172,
	5.81282 2.37875,
	5.81502 2.38579,
	5.8159 2.39282,
	5.81546 2.40689,
	5.81546 2.41041,
	5.81458 2.41217,
	5.81502 2.41569,
	5.81546 2.41745,
	5.81458 2.42448,
	5.81282 2.43152,
	5.8071 2.44559,
	5.80578 2.44911,
	5.80094 2.45614,
	5.79831 2.45966,
	5.79127 2.4667,
	5.78424 2.47241,
	5.77016 2.48165,
	5.76665 2.48296,
	5.75961 2.48736,
	5.75609 2.48956,
	5.74202 2.49572,
	5.73499 2.49923,
	5.73147 2.50143,
	5.72795 2.50275,
	5.72619 2.50319,
	5.72531 2.50319,
	5.71828 2.50715,
	5.71124 2.51023,
	5.69717 2.51506,
	5.69365 2.51638,
	5.67958 2.51726,
	5.67255 2.5177,
	5.66903 2.51902,
	5.65496 2.5199,
	5.64089 2.5199,
	5.62682 2.5221,
	5.61978 2.52342,
	5.61274 2.52606,
	5.60571 2.53001,
	5.59164 2.53485,
	5.5846 2.53705,
	5.58108 2.53793,
	5.57933 2.53793,
	5.57581 2.53969,
	5.57405 2.54101,
	5.56701 2.54189,
	5.53887 2.54013,
	5.53711 2.54013,
	5.53008 2.53617,
	5.51601 2.53133,
	5.50897 2.5287,
	5.50809 2.52826,
	5.50545 2.5265,
	5.50369 2.52474,
	5.50369 2.52386,
	5.50193 2.5221,
	5.50106 2.52034,
	5.50018 2.51946,
	5.50018 2.51858,
	5.4993 2.5177,
	5.4993 2.51682,
	5.49798 2.51506,
	5.49754 2.51331,
	5.49666 2.51243,
	5.49402 2.50539,
	5.49314 2.50451,
	5.49226 2.50099,
	5.49226 2.50011,
	5.49138 2.49923,
	5.48742 2.48516,
	5.48435 2.47109,
	5.48303 2.45702,
	5.48171 2.4535,
	5.47687 2.44691,
	5.47027 2.44031,
	5.46368 2.4346,
	5.46192 2.43284,
	5.44917 2.4236,
	5.43554 2.41305,
	5.43202 2.41041,
	5.4263 2.40382,
	5.41971 2.39854,
	5.40608 2.3893,
	5.40344 2.38667,
	5.39904 2.37963,
	5.39596 2.37259,
	5.39508 2.37172,
	5.39244 2.36468,
	5.39069 2.35764,
	5.39025 2.34357,
	5.38981 2.34181,
	"/>
</Transform>

<Transform dim="0"
 xcoef=" 0 1 0 0 0 0"
 ycoef=" 0 0 1 0 0 0">
<Contour name="d08" hidden="false" closed="true" simplified="true" border="1 0 0" fill="1 0 0" mode="9"
 points="3.96976 2.219,
	3.99351 2.18562,
	4.05765 2.13085,
	4.08986 2.10963,
	4.10601 2.10108,
	4.12976 2.06769,
	4.19409 2.02114,
	4.22631 1.99992,
	4.48767 1.99045,
	4.55304 1.98911,
	4.5859 1.99666,
	4.60234 2.00044,
	4.61897 2.01244,
	4.6354 2.01621,
	4.66856 2.03608,
	4.73402 2.03886,
	4.7667 2.03819,
	4.78323 2.04608,
	4.79995 2.06218,
	4.86542 2.06495,
	4.88175 2.06462,
	4.8866 2.09742,
	4.88326 2.13038,
	4.88364 2.14682,
	4.88383 2.15505,
	4.90055 2.17115,
	4.92963 2.19111,
	4.93039 2.224,
	4.93058 2.23222,
	4.91442 2.24077,
	4.78369 2.24345,
	4.71842 2.2489,
	4.68583 2.25368,
	4.66977 2.26634,
	4.63728 2.27523,
	4.60517 2.30057,
	4.58122 2.32573,
	4.57381 2.35877,
	4.53446 2.42538,
	4.52297 2.45851,
	4.51964 2.49148,
	4.52448 2.52427,
	4.52467 2.53249,
	4.54585 2.56495,
	4.5544 2.58123,
	4.58784 2.61344,
	4.60456 2.62955,
	4.67059 2.65698,
	4.70365 2.67275,
	4.72018 2.68063,
	4.74944 2.70882,
	4.76597 2.7167,
	4.78231 2.71637,
	4.81167 2.74866,
	4.82838 2.76477,
	4.83693 2.78105,
	4.89954 2.83733,
	4.96491 2.83599,
	4.99759 2.83532,
	5.01403 2.8391,
	5.04328 2.86728,
	5.04889 2.93296,
	5.04518 2.94949,
	5.0333 2.96617,
	4.90266 2.97297,
	4.86979 2.96541,
	4.80357 2.92977,
	4.78704 2.92188,
	4.77868 2.91383,
	4.769 2.84823,
	4.76007 2.81551,
	4.75152 2.79925,
	4.68493 2.74714,
	4.65196 2.73549,
	4.63543 2.7276,
	4.61909 2.72794,
	4.55306 2.70051,
	4.54489 2.70068,
	4.4821 2.63616,
	4.42756 2.5756,
	4.39423 2.5475,
	4.32857 2.53651,
	4.2617 2.47209,
	4.21933 2.40716,
	4.19814 2.37469,
	4.19255 2.30902,
	4.16319 2.27672,
	4.14647 2.26062,
	4.11369 2.25718,
	4.09735 2.25751,
	4.08937 2.2659,
	4.07312 2.27034,
	4.06514 2.27873,
	3.99987 2.28418,
	3.98334 2.27629,
	3.9707 2.26011,
	3.96995 2.22723,
	3.96985 2.22311,
	"/>
</Transform>

<Transform dim="0"
 xcoef=" 0 1 0 0 0 0"
 ycoef=" 0 0 1 0 0 0">
<Contour name="d08ax23" comment="LK bouton trace named after cfa" hidden="false" closed="true" simplified="true" border="0 1 1" fill="0.502 1 1" mode="-9"
 points="4.57164 1.98568,
	4.57474 1.97579,
	4.5803 1.9659,
	4.58339 1.96095,
	4.58525 1.95848,
	4.58525 1.95725,
	4.58895 1.95354,
	4.5939 1.94859,
	4.59885 1.9455,
	4.60132 1.94364,
	4.61121 1.94055,
	4.6211 1.93994,
	4.63099 1.94117,
	4.67056 1.94055,
	4.69034 1.93746,
	4.69529 1.93623,
	4.69776 1.93561,
	4.699 1.93561,
	4.70023 1.93437,
	4.71012 1.93313,
	4.7126 1.9319,
	4.71754 1.93128,
	4.72249 1.92943,
	4.74227 1.92881,
	4.74722 1.92943,
	4.75216 1.9319,
	4.75463 1.93252,
	4.75711 1.93437,
	4.75958 1.93499,
	4.76205 1.93684,
	4.76453 1.93746,
	4.76576 1.9387,
	4.77565 1.94179,
	4.78554 1.94241,
	4.79049 1.94426,
	4.80965 1.95972,
	4.81893 1.96775,
	4.8282 1.97455,
	4.83315 1.97703,
	4.83562 1.97826,
	4.83686 1.9795,
	4.83933 1.98012,
	4.8418 1.98197,
	4.85169 1.98445,
	4.85664 1.98445,
	4.86158 1.9863,
	4.87086 1.9931,
	4.87518 1.99743,
	4.88013 2.00052,
	4.8826 2.00237,
	4.89249 2.00547,
	4.93206 2.01165,
	4.93701 2.01165,
	4.95679 2.01597,
	4.96668 2.01845,
	4.97162 2.0203,
	4.97348 2.02278,
	4.97472 2.03267,
	4.97472 2.04256,
	4.97472 2.0475,
	4.97472 2.04998,
	4.97657 2.05492,
	4.97843 2.05739,
	4.97843 2.05863,
	4.97966 2.05987,
	4.98152 2.06481,
	4.98275 2.0747,
	4.98213 2.0846,
	4.9809 2.08954,
	4.97781 2.09449,
	4.97286 2.0982,
	4.97039 2.09943,
	4.96977 2.10067,
	4.96853 2.10067,
	4.9673 2.10191,
	4.96606 2.10191,
	4.95679 2.10747,
	4.95184 2.10932,
	4.94195 2.11056,
	4.93206 2.10994,
	4.92217 2.10809,
	4.9197 2.10809,
	4.9098 2.10376,
	4.90053 2.0982,
	4.88137 2.08398,
	4.87209 2.07656,
	4.86715 2.07347,
	4.85726 2.071,
	4.83747 2.0679,
	4.83253 2.06729,
	4.82758 2.06543,
	4.81769 2.06481,
	4.8078 2.06667,
	4.79791 2.06667,
	4.79296 2.06543,
	4.79049 2.06481,
	4.78184 2.05554,
	4.77689 2.05245,
	4.77442 2.04998,
	4.76453 2.04441,
	4.75958 2.04132,
	4.75834 2.04132,
	4.75711 2.04008,
	4.75216 2.03885,
	4.74969 2.03885,
	4.74722 2.03761,
	4.73732 2.03638,
	4.69776 2.03638,
	4.68787 2.03638,
	4.66809 2.03452,
	4.65819 2.03267,
	4.63841 2.03143,
	4.61863 2.03143,
	4.60874 2.03143,
	4.59885 2.03019,
	4.5939 2.02896,
	4.58895 2.02648,
	4.5803 2.01845,
	4.57844 2.01597,
	4.57844 2.01474,
	4.57226 2.00485,
	4.57164 1.99496,
	4.57164 1.99001,
	4.57164 1.98754,
	4.57164 1.9863,
	"/>
</Transform>

<Transform dim="0"
 xcoef=" 0 1 0 0 0 0"
 ycoef=" 0 0 1 0 0 0">
<Contour name="d08ax23" comment="LK bouton trace named after cfa" hidden="false" closed="true" simplified="true" border="0 1 1" fill="0.502 1 1" mode="-9"
 points="6.79727 3.23587,
	6.80541 3.22774,
	6.82066 3.21756,
	6.8288 3.21451,
	6.83287 3.21146,
	6.84101 3.21044,
	6.84915 3.20739,
	6.8817 3.20637,
	6.88984 3.20739,
	6.89798 3.21044,
	6.90204 3.21146,
	6.90408 3.21146,
	6.90611 3.21349,
	6.92239 3.2196,
	6.95494 3.22062,
	6.97122 3.21655,
	7.00377 3.21553,
	7.01191 3.21655,
	7.02005 3.2196,
	7.02411 3.22062,
	7.02615 3.22062,
	7.02818 3.22265,
	7.03225 3.22367,
	7.04751 3.23587,
	7.05463 3.24299,
	7.07091 3.25317,
	7.07905 3.25724,
	7.08312 3.26029,
	7.09939 3.26639,
	7.10143 3.26639,
	7.13194 3.28775,
	7.14212 3.30301,
	7.14517 3.31115,
	7.14618 3.32743,
	7.13906 3.3437,
	7.12584 3.35896,
	7.1177 3.361,
	7.11567 3.36303,
	7.08312 3.36608,
	7.07498 3.36812,
	7.07091 3.36913,
	7.06887 3.36913,
	7.06684 3.37117,
	7.06277 3.37219,
	7.05463 3.37829,
	7.03836 3.38541,
	7.02208 3.38846,
	7.01394 3.3905,
	6.99767 3.3905,
	6.98953 3.3905,
	6.98546 3.38744,
	6.98342 3.38744,
	6.97529 3.38032,
	6.96918 3.37219,
	6.96613 3.36913,
	6.95799 3.37015,
	6.94986 3.36913,
	6.94172 3.36608,
	6.92646 3.35286,
	6.91018 3.34167,
	6.89391 3.33251,
	6.88577 3.32641,
	6.87051 3.31827,
	6.86848 3.31827,
	6.86746 3.31624,
	6.85932 3.3142,
	6.84304 3.30606,
	6.83491 3.29793,
	6.82473 3.28165,
	6.81151 3.26639,
	6.80337 3.25927,
	6.79828 3.25113,
	6.79727 3.24299,
	6.79727 3.23893,
	6.79727 3.23689,
	"/>
<Contour name="d08ax23" comment="LK bouton trace named after cfa" hidden="false" closed="true" simplified="true" border="0 1 1" fill="0.502 1 1" mode="-9"
 points="6.24388 2.69266,
	6.24694 2.68859,
	6.25507 2.68656,
	6.28763 2.68656,
	6.29169 2.68859,
	6.29576 2.68859,
	6.31204 2.69673,
	6.34256 2.72928,
	6.36494 2.76184,
	6.37613 2.77811,
	6.40868 2.80354,
	6.42495 2.81677,
	6.43309 2.82185,
	6.44937 2.82796,
	6.45751 2.82897,
	6.46564 2.83203,
	6.4982 2.83711,
	6.51447 2.83915,
	6.53075 2.84525,
	6.54702 2.8544,
	6.56228 2.86763,
	6.57347 2.88391,
	6.57856 2.89204,
	6.58161 2.89611,
	6.58263 2.90425,
	6.57958 2.91239,
	6.57347 2.92053,
	6.56533 2.9246,
	6.56127 2.92663,
	6.54499 2.92561,
	6.53685 2.9246,
	6.53278 2.9246,
	6.51651 2.91747,
	6.48395 2.89815,
	6.4514 2.87678,
	6.43513 2.86865,
	6.41885 2.86356,
	6.41783 2.86254,
	6.41376 2.86356,
	6.38121 2.84016,
	6.34866 2.82084,
	6.33238 2.81168,
	6.31611 2.79846,
	6.31204 2.79439,
	6.3039 2.77811,
	6.29373 2.76184,
	6.28763 2.7537,
	6.28559 2.74963,
	6.25304 2.72013,
	6.24897 2.71708,
	6.2449 2.70894,
	6.24388 2.69368,
	"/>
</Transform>

<Transform dim="0"
 xcoef=" 0 1 0 0 0 0"
 ycoef=" 0 0 1 0 0 0">
<Contour name="d01c22ax03" hidden="false" closed="true" simplified="true" border="0 1 0" fill="0 1 0" mode="9"
 points="4.37751 4.32673,
	4.44561 4.24748,
	4.48029 4.20785,
	4.49762 4.18804,
	4.50629 4.17813,
	4.58555 4.24377,
	4.60536 4.25986,
	4.54468 4.33912,
	4.51372 4.37874,
	4.49886 4.39856,
	4.49143 4.40846,
	4.48772 4.41218,
	4.40846 4.3515,
	4.38865 4.3354,
	4.37874 4.32797,
	"/>
</Transform>

<Transform dim="0"
 xcoef=" 0 1 0 0 0 0"
 ycoef=" 0 0 1 0 0 0">
<Contour name="d03c19ax10" hidden="false" closed="true" simplified="true" border="0 1 0" fill="0 1 0" mode="9"
 points="2.3406 3.10506,
	2.36815 3.0421,
	2.38193 3.01061,
	2.38881 2.99487,
	2.39078 2.99094,
	2.39275 2.98995,
	2.51868 3.03619,
	2.55017 3.048,
	2.55804 3.05095,
	2.56197 3.05194,
	2.56591 3.05489,
	2.63871 3.18082,
	2.64757 3.19656,
	2.6515 3.20345,
	2.58854 3.23395,
	2.55705 3.24871,
	2.54918 3.25264,
	2.54525 3.25461,
	2.54328 3.25559,
	2.41735 3.16311,
	2.35438 3.11687,
	2.34651 3.11097,
	2.34257 3.10802,
	2.3406 3.10605,
	"/>
</Transform>

<Transform dim="3"
 xcoef=" -0.243268869879064 1.12251036383326 0.0183004150503529 0 0 0"
 ycoef=" -1.20900188164286 0.0277698197878372 1.03486502353922 0 0 0">
<Image mag="0.00217507" contrast="1.06154" brightness="0.06" red="true" green="true" blue="true"
 src="FHLTD.141.jpg" />
<Contour name="domain1" hidden="false" closed="true" simplified="false" border="1 0 1" fill="1 0 1" mode="11"
 points="0 0,
	4096 0,
	4096 4096,
	0 4096,
	"/>
</Transform>

<Transform dim="0"
 xcoef=" 0 1 0 0 0 0"
 ycoef=" 0 0 1 0 0 0">
<Contour name="d08c22ax30" hidden="false" closed="true" simplified="true" border="0 1 0" fill="0 1 0" mode="9"
 points="3.94336 3.23497,
	3.94923 3.11938,
	3.95059 3.09049,
	3.95104 3.08326,
	3.95104 3.08146,
	3.95149 3.08056,
	4.00928 3.07785,
	4.02373 3.07694,
	4.03095 3.07694,
	4.03457 3.07649,
	4.03637 3.07649,
	4.03727 3.07649,
	4.03773 3.07739,
	4.01831 3.19298,
	4.01335 3.22187,
	4.01064 3.23632,
	4.01019 3.23993,
	3.98129 3.24038,
	3.95239 3.23993,
	3.94517 3.23993,
	3.94336 3.23948,
	3.94336 3.23587,
	3.94336 3.23542,
	"/>
</Transform>

</Section>