<?xml version="1.0"?>
<!DOCTYPE Section SYSTEM "section.dtd">

<Section index="155" thickness="0.045" alignLocked="true">
<Transform dim="6"
 xcoef=" 0.0952760683225813 1.00825716264578 -0.0267809606108929 0 0 0"
 ycoef=" -0.17671420803726 0.0178847787628444 1.01373276289052 0 0 0">
<Contour name="D04" hidden="false" closed="true" simplified="true" border="1 0 0" fill="1 0 0" mode="11"
 points="5.46492 7.32996,
	5.46778 7.29096,
	5.47628 7.25281,
	5.49024 7.21634,
	5.50936 7.18235,
	5.53323 7.15158,
	5.56131 7.1247,
	5.59299 7.1023,
	5.6276 7.08487,
	5.66436 7.07278,
	5.70248 7.0663,
	5.74113 7.06558,
	5.77947 7.07063,
	5.81665 7.08133,
	5.85186 7.09746,
	5.88435 7.11866,
	5.91339 7.14447,
	5.93836 7.17432,
	5.95871 7.20758,
	5.97399 7.2435,
	5.98388 7.28131,
	5.98816 7.32018,
	5.98673 7.35926,
	5.97963 7.39771,
	5.96701 7.43467,
	5.94914 7.46936,
	5.92642 7.501,
	5.89934 7.52891,
	5.86849 7.55248,
	5.83455 7.57119,
	5.79825 7.58464,
	5.76039 7.59254,
	5.72179 7.59471,
	5.6833 7.5911,
	5.64576 7.58179,
	5.60998 7.56699,
	5.57674 7.54702,
	5.54678 7.52231,
	5.52073 7.49341,
	5.49918 7.46094,
	5.48259 7.42562,
	5.47133 7.3882,
	"/>
</Transform>

<Transform dim="6"
 xcoef=" 0.175276068322581 1.00825716264578 -0.0267809606108929 0 0 0"
 ycoef=" 0.24328579196274 0.0178847787628444 1.01373276289052 0 0 0">
<Contour name="D05" hidden="false" closed="true" simplified="true" border="1 1 0" fill="1 1 0" mode="11"
 points="2.69299 3.97404,
	2.70475 3.90163,
	2.73888 3.83632,
	2.79205 3.78448,
	2.85904 3.7512,
	2.93329 3.73974,
	3.00755 3.7512,
	3.07454 3.78448,
	3.12771 3.83632,
	3.16184 3.90163,
	3.1736 3.97404,
	3.16184 4.04644,
	3.12771 4.11175,
	3.07454 4.16359,
	3.00755 4.19687,
	2.93329 4.20833,
	2.85904 4.19687,
	2.79205 4.16359,
	2.73888 4.11175,
	"/>
</Transform>

<Transform dim="6"
 xcoef=" 0.0952760683225813 1.00825716264578 -0.0267809606108929 0 0 0"
 ycoef=" -0.17671420803726 0.0178847787628444 1.01373276289052 0 0 0">
<Contour name="d01" hidden="true" closed="true" simplified="true" border="1 0.5 0" fill="1 0.5 0" mode="9"
 points="4.53372 4.30464,
	4.55503 4.26734,
	4.5497 4.25669,
	4.57101 4.24603,
	4.61363 4.24603,
	4.65625 4.26202,
	4.66691 4.27267,
	4.69355 4.23005,
	4.70953 4.18743,
	4.74682 4.14481,
	4.78411 4.05957,
	4.79477 4.04892,
	4.79477 4.03826,
	4.82141 4.00097,
	4.83206 3.91573,
	4.84804 3.87311,
	4.8587 3.8518,
	4.90132 3.8518,
	4.92263 3.86245,
	4.96525 3.86245,
	5.05049 3.84114,
	5.13573 3.80385,
	5.15704 3.80385,
	5.19433 3.77188,
	5.23695 3.75057,
	5.31686 3.68132,
	5.33818 3.66001,
	5.42342 3.62804,
	5.46071 3.59608,
	5.48202 3.58542,
	5.49267 3.57477,
	5.57791 3.56944,
	5.66315 3.54813,
	5.74839 3.51616,
	5.79101 3.48953,
	5.81232 3.4842,
	5.84429 3.51616,
	5.86027 3.53747,
	5.84962 3.55878,
	5.81232 3.59075,
	5.79101 3.6014,
	5.7697 3.64402,
	5.76438 3.64935,
	5.78036 3.67066,
	5.79634 3.71328,
	5.79634 3.72394,
	5.7697 3.76123,
	5.76438 3.78254,
	5.74307 3.80385,
	5.72176 3.8145,
	5.71643 3.82516,
	5.73241 3.86778,
	5.74307 3.88376,
	5.78569 3.88909,
	5.807 3.89974,
	5.89224 3.89442,
	5.93486 3.89442,
	5.94551 3.88376,
	5.96682 3.87843,
	5.97748 3.87311,
	5.99346 3.91573,
	6.00412 3.92638,
	6.00944 3.969,
	6.00944 3.97966,
	5.98813 3.99564,
	5.90289 4.01162,
	5.88158 4.02228,
	5.87093 4.02228,
	5.84429 4.0649,
	5.83363 4.08621,
	5.79101 4.11817,
	5.7697 4.13948,
	5.72708 4.15547,
	5.68446 4.1821,
	5.67381 4.19276,
	5.66315 4.23538,
	5.62053 4.26734,
	5.59922 4.278,
	5.54062 4.35791,
	5.498 4.38455,
	5.49267 4.3952,
	5.40743 4.40586,
	5.38612 4.40053,
	5.3435 4.41119,
	5.32219 4.42184,
	5.31154 4.42184,
	5.29555 4.44315,
	5.25293 4.45913,
	5.16769 4.45381,
	5.14638 4.44315,
	5.13573 4.4325,
	5.05049 4.44848,
	5.02918 4.45913,
	5.01852 4.45913,
	4.98656 4.50175,
	4.97058 4.52306,
	4.92796 4.52839,
	4.90665 4.53905,
	4.88534 4.53905,
	4.80542 4.48577,
	4.72018 4.46446,
	4.67756 4.46446,
	4.63494 4.44315,
	4.59232 4.44315,
	4.55503 4.40053,
	4.53905 4.35791,
	4.53372 4.31529,
	4.53372 4.30996,
	"/>
</Transform>

<Transform dim="6"
 xcoef=" 0.0952760683225813 1.00825716264578 -0.0267809606108929 0 0 0"
 ycoef=" -0.17671420803726 0.0178847787628444 1.01373276289052 0 0 0">
<Contour name="d01" hidden="true" closed="true" simplified="true" border="1 0.5 0" fill="1 0.5 0" mode="9"
 points="5.72708 3.03669,
	5.75372 2.95145,
	5.78036 2.90883,
	5.82298 2.87686,
	5.90822 2.82891,
	5.92953 2.82359,
	6.01477 2.76498,
	6.05739 2.75433,
	6.06805 2.74367,
	6.08936 2.73835,
	6.10534 2.71704,
	6.11599 2.71704,
	6.18525 2.63712,
	6.26516 2.55721,
	6.30778 2.53057,
	6.39302 2.52524,
	6.43564 2.54655,
	6.43032 2.58917,
	6.42499 2.61048,
	6.40901 2.63179,
	6.32377 2.67974,
	6.31311 2.70105,
	6.27049 2.74367,
	6.25451 2.75433,
	6.21189 2.79162,
	6.16927 2.81826,
	6.1373 2.85555,
	6.05206 2.90883,
	6.02543 2.95145,
	6.00412 3.03669,
	5.95617 3.11127,
	5.92953 3.14856,
	5.89224 3.19118,
	5.8656 3.22848,
	5.84962 3.24446,
	5.84429 3.26577,
	5.82298 3.28708,
	5.81232 3.28175,
	5.79101 3.28708,
	5.7697 3.28175,
	5.74839 3.26044,
	5.73241 3.21782,
	5.72708 3.04734,
	5.72708 3.04201,
	"/>
</Transform>

<Transform dim="6"
 xcoef=" 0.0952760683225813 1.00825716264578 -0.0267809606108929 0 0 0"
 ycoef=" -0.17671420803726 0.0178847787628444 1.01373276289052 0 0 0">
<Contour name="d01" hidden="true" closed="true" simplified="true" border="1 0.5 0" fill="1 0.5 0" mode="9"
 points="3.51616 5.0132,
	3.55346 4.92796,
	3.56411 4.92796,
	3.64402 4.86935,
	3.68664 4.83206,
	3.6973 4.82141,
	3.73992 4.80542,
	3.78254 4.77879,
	3.80385 4.76813,
	3.84647 4.77346,
	3.86778 4.78944,
	3.88376 4.83206,
	3.87843 4.87468,
	3.86778 4.89599,
	3.85712 4.90665,
	3.84647 4.90665,
	3.82516 4.92796,
	3.8145 4.92796,
	3.77188 4.96525,
	3.71861 5.05049,
	3.70263 5.0718,
	3.61739 5.06647,
	3.57477 5.06114,
	3.55346 5.06114,
	3.51616 5.02918,
	3.51616 5.01852,
	"/>
</Transform>

<Transform dim="6"
 xcoef=" 0.0952760683225813 1.00825716264578 -0.0267809606108929 0 0 0"
 ycoef=" -0.17671420803726 0.0178847787628444 1.01373276289052 0 0 0">
<Contour name="d01p24" hidden="false" closed="true" simplified="true" border="1 0 1" fill="1 0 1" mode="9"
 points="5.5791 3.6923,
	5.58199 3.67146,
	5.59037 3.65265,
	5.60343 3.63773,
	5.61988 3.62815,
	5.63812 3.62485,
	5.65636 3.62815,
	5.67281 3.63773,
	5.68587 3.65265,
	5.69425 3.67146,
	5.69714 3.6923,
	5.69425 3.71314,
	5.68587 3.73195,
	5.67281 3.74687,
	5.65636 3.75645,
	5.63812 3.75975,
	5.61988 3.75645,
	5.60343 3.74687,
	5.59037 3.73195,
	"/>
</Transform>

<Transform dim="6"
 xcoef=" 0.0952760683225813 1.00825716264578 -0.0267809606108929 0 0 0"
 ycoef=" -0.17671420803726 0.0178847787628444 1.01373276289052 0 0 0">
<Contour name="d01c24" hidden="false" closed="true" simplified="true" border="0 1 0" fill="0 1 0" mode="9"
 points="5.8525 3.18628,
	5.8818 3.12768,
	5.89645 3.06908,
	5.90744 3.03978,
	5.91476 3.02514,
	5.91476 3.01781,
	5.92575 3.00316,
	5.92941 2.98851,
	5.95139 2.95921,
	5.98069 2.92991,
	6.00998 2.87131,
	6.12352 2.80539,
	6.13084 2.80539,
	6.14549 2.7944,
	6.17479 2.78342,
	6.20409 2.76511,
	6.21874 2.75046,
	6.23339 2.74313,
	6.23705 2.73947,
	6.24071 2.75412,
	6.21508 2.78342,
	6.20043 2.79807,
	6.1931 2.79807,
	6.1638 2.82004,
	6.13817 2.84934,
	6.11986 2.87864,
	6.06858 2.93358,
	5.98801 3.05077,
	5.96237 3.07641,
	5.94406 3.10571,
	5.93674 3.12036,
	5.93307 3.14966,
	5.90744 3.20825,
	5.87814 3.22657,
	5.86349 3.23023,
	5.85983 3.23755,
	5.8525 3.2229,
	5.8525 3.19361,
	5.8525 3.18994,
	"/>
</Transform>

<Transform dim="6"
 xcoef=" 0.0952760683225813 1.00825716264578 -0.0267809606108929 0 0 0"
 ycoef=" -0.17671420803726 0.0178847787628444 1.01373276289052 0 0 0">
<Contour name="d01cfa24" hidden="false" closed="false" simplified="false" border="0 1 1" fill="0 1 1" mode="9"
 points="6.25054 2.73569,
	6.19927 2.76499,
	6.14433 2.80161,
	6.06376 2.84556,
	6.01248 2.91881,
	5.97952 3.00305,
	5.95389 3.03601,
	5.9136 3.11292,
	5.8843 3.17884,
	5.86599 3.22279,
	"/>
</Transform>

<Transform dim="6"
 xcoef=" 0.0952760683225813 1.00825716264578 -0.0267809606108929 0 0 0"
 ycoef=" -0.17671420803726 0.0178847787628444 1.01373276289052 0 0 0">
<Contour name="d06" hidden="true" closed="true" simplified="true" border="0 0 1" fill="0 0 1" mode="11"
 points="2.62299 5.59343,
	2.65024 5.53893,
	2.66386 5.5253,
	2.69112 5.50827,
	2.71837 5.50827,
	2.73199 5.51168,
	2.77287 5.56277,
	2.7865 5.56959,
	2.79672 5.58321,
	2.80012 5.69222,
	2.80012 5.71947,
	2.77628 5.74332,
	2.74903 5.74332,
	2.7354 5.73991,
	2.6809 5.69222,
	2.6298 5.63772,
	2.62299 5.61047,
	2.62299 5.59684,
	"/>
<Contour name="d06" hidden="true" closed="true" simplified="true" border="0 0 1" fill="0 0 1" mode="11"
 points="3.01473 5.91705,
	3.06923 5.90683,
	3.12374 5.91024,
	3.13055 5.91705,
	3.1578 5.92727,
	3.17143 5.93408,
	3.28044 5.93408,
	3.30769 5.93408,
	3.3145 5.93408,
	3.32813 5.9443,
	3.32813 5.95793,
	3.32813 5.96474,
	3.34175 5.96474,
	3.369 5.97836,
	3.39626 5.9988,
	3.40648 6.00902,
	3.40988 6.22704,
	3.40988 6.24066,
	3.40307 6.25429,
	3.39626 6.2611,
	3.39285 6.27473,
	3.39285 6.28154,
	3.38263 6.29517,
	3.37582 6.34967,
	3.37582 6.40417,
	3.369 6.45868,
	3.369 6.51318,
	3.369 6.51999,
	3.35879 6.53362,
	3.33153 6.53362,
	3.32472 6.53362,
	3.31791 6.52681,
	3.31791 6.4178,
	3.31791 6.41099,
	3.30428 6.40758,
	3.31109 6.38033,
	3.31109 6.27132,
	3.30769 6.2577,
	3.28725 6.23044,
	3.23615 6.18957,
	3.2089 6.16231,
	3.19868 6.13506,
	3.19527 6.08056,
	3.19187 6.06693,
	3.14077 6.01584,
	3.11352 5.98858,
	3.08967 5.97155,
	3.03517 5.95452,
	3.02154 5.94771,
	3.01473 5.94089,
	3.01473 5.92727,
	3.01473 5.92045,
	"/>
</Transform>

<Transform dim="6"
 xcoef=" 0.0952760683225813 1.00825716264578 -0.0267809606108929 0 0 0"
 ycoef=" -0.17671420803726 0.0178847787628444 1.01373276289052 0 0 0">
<Contour name="d07p28" hidden="false" closed="true" simplified="false" border="1 0 0" fill="1 0 0" mode="9"
 points="4.22046 7.12164,
	4.19325 7.12164,
	4.19325 7.13524,
	4.20685 7.14885,
	4.24766 7.16245,
	4.22046 7.17605,
	4.20685 7.20326,
	4.17965 7.17605,
	4.16605 7.14885,
	4.16605 7.12164,
	4.13884 7.12164,
	4.17965 7.09444,
	"/>
</Transform>

<Transform dim="6"
 xcoef=" 0.0952760683225813 1.00825716264578 -0.0267809606108929 0 0 0"
 ycoef=" -0.17671420803726 0.0178847787628444 1.01373276289052 0 0 0">
<Contour name="d07p40" hidden="false" closed="true" simplified="false" border="0 1 1" fill="0 1 1" mode="9"
 points="4.1226 7.50932,
	4.13502 7.49689,
	4.08532 7.44718,
	4.09774 7.43475,
	4.14745 7.48446,
	4.15988 7.47204,
	4.15988 7.50932,
	"/>
<Contour name="d07c40" hidden="false" closed="true" simplified="true" border="1 0 0" fill="0 1 0" mode="9"
 points="4.18173 7.43764,
	4.19105 7.41279,
	4.20037 7.40347,
	4.2128 7.40347,
	4.21901 7.40347,
	4.22523 7.42832,
	4.23765 7.45317,
	4.24076 7.45939,
	4.23765 7.5091,
	4.23765 7.53395,
	4.21591 7.55259,
	4.20348 7.55259,
	4.18173 7.53084,
	4.18173 7.48114,
	4.18173 7.45628,
	4.18173 7.44385,
	4.18173 7.44075,
	"/>
<Contour name="d07cfa40" hidden="false" closed="false" simplified="false" border="0 1 1" fill="0 1 1" mode="9"
 points="4.21269 7.54971,
	4.20337 7.50621,
	4.20648 7.44408,
	4.20959 7.40058,
	"/>
</Transform>

<Transform dim="6"
 xcoef=" 0.0952760683225813 1.00825716264578 -0.0267809606108929 0 0 0"
 ycoef=" -0.17671420803726 0.0178847787628444 1.01373276289052 0 0 0">
<Contour name="d08" hidden="false" closed="true" simplified="true" border="1 0 0" fill="1 0 0" mode="9"
 points="4.46663 2.67708,
	4.47025 2.66259,
	4.49923 2.63723,
	4.52821 2.61912,
	4.5427 2.60825,
	4.57168 2.59738,
	4.60066 2.59376,
	4.60429 2.65172,
	4.60429 2.66621,
	4.62602 2.69157,
	4.62964 2.74953,
	4.62964 2.76402,
	4.60791 2.78576,
	4.60066 2.793,
	4.5427 2.78938,
	4.48474 2.73142,
	4.48474 2.72417,
	4.47025 2.70968,
	4.46663 2.6807,
	"/>
</Transform>

<Transform dim="6"
 xcoef=" 0.0952760683225813 1.00825716264578 -0.0267809606108929 0 0 0"
 ycoef=" -0.17671420803726 0.0178847787628444 1.01373276289052 0 0 0">
<Contour name="d08c27" hidden="false" closed="true" simplified="true" border="1 0 0" fill="0 1 0" mode="9"
 points="4.45188 2.70672,
	4.46557 2.69303,
	4.47241 2.68619,
	4.4861 2.68619,
	4.51348 2.70672,
	4.52374 2.73409,
	4.53059 2.74778,
	4.53059 2.76147,
	4.52032 2.77515,
	4.49294 2.77858,
	4.47926 2.77515,
	4.4553 2.74778,
	4.45188 2.7204,
	4.45188 2.71014,
	"/>
<Contour name="d08cfa27" hidden="false" closed="false" simplified="false" border="0 1 1" fill="0 1 1" mode="9"
 points="4.5177 2.76893,
	4.4869 2.72786,
	4.46637 2.6868,
	"/>
</Transform>

<Transform dim="6"
 xcoef=" 0.0952760683225813 1.00825716264578 -0.0267809606108929 0 0 0"
 ycoef=" -0.17671420803726 0.0178847787628444 1.01373276289052 0 0 0">
<Contour name="D11" hidden="false" closed="true" simplified="true" border="1 0.5 0" fill="1 0.5 0" mode="11"
 points="3.65456 5.29592,
	3.6573 5.28241,
	3.66523 5.27022,
	3.67759 5.26054,
	3.69317 5.25433,
	3.71044 5.25219,
	3.7277 5.25433,
	3.74328 5.26054,
	3.75564 5.27022,
	3.76358 5.28241,
	3.76631 5.29592,
	3.76358 5.30943,
	3.75564 5.32162,
	3.74328 5.3313,
	3.7277 5.33751,
	3.71044 5.33965,
	3.69317 5.33751,
	3.67759 5.3313,
	3.66523 5.32162,
	"/>
</Transform>

<Transform dim="6"
 xcoef=" 0.0952760683225813 1.00825716264578 -0.0267809606108929 0 0 0"
 ycoef=" -0.17671420803726 0.0178847787628444 1.01373276289052 0 0 0">
<Contour name="D14" hidden="false" closed="true" simplified="true" border="1 0 0" fill="1 0 0" mode="11"
 points="3.41162 3.20665,
	3.41459 3.19914,
	3.42322 3.19237,
	3.43666 3.18699,
	3.45359 3.18354,
	3.47236 3.18235,
	3.49113 3.18354,
	3.50806 3.18699,
	3.52149 3.19237,
	3.53012 3.19914,
	3.53309 3.20665,
	3.53012 3.21415,
	3.52149 3.22093,
	3.50806 3.2263,
	3.49113 3.22975,
	3.47236 3.23094,
	3.45359 3.22975,
	3.43666 3.2263,
	3.42322 3.22093,
	"/>
<Contour name="D14" hidden="false" closed="true" simplified="true" border="1 0 0" fill="1 0 0" mode="11"
 points="3.74688 3.39857,
	3.75056 3.39031,
	3.76126 3.38286,
	3.77792 3.37695,
	3.79892 3.37315,
	3.82219 3.37185,
	3.84546 3.37315,
	3.86646 3.37695,
	3.88312 3.38286,
	3.89381 3.39031,
	3.8975 3.39857,
	3.89381 3.40683,
	3.88312 3.41428,
	3.86646 3.42019,
	3.84546 3.42398,
	3.82219 3.42529,
	3.79892 3.42398,
	3.77792 3.42019,
	3.76126 3.41428,
	"/>
</Transform>

<Transform dim="6"
 xcoef=" 0.0952760683225813 1.00825716264578 -0.0267809606108929 0 0 0"
 ycoef=" -0.17671420803726 0.0178847787628444 1.01373276289052 0 0 0">
<Contour name="D14" hidden="false" closed="true" simplified="true" border="1 0 0" fill="1 0 0" mode="11"
 points="4.46112 4.43106,
	4.4629 4.41604,
	4.46808 4.4025,
	4.47614 4.39175,
	4.4863 4.38485,
	4.49756 4.38247,
	4.50882 4.38485,
	4.51898 4.39175,
	4.52704 4.4025,
	4.53222 4.41604,
	4.534 4.43106,
	4.53222 4.44607,
	4.52704 4.45962,
	4.51898 4.47037,
	4.50882 4.47727,
	4.49756 4.47965,
	4.4863 4.47727,
	4.47614 4.47037,
	4.46808 4.45962,
	"/>
</Transform>

<Transform dim="6"
 xcoef=" 0.0952760683225813 1.00825716264578 -0.0267809606108929 0 0 0"
 ycoef=" -0.17671420803726 0.0178847787628444 1.01373276289052 0 0 0">
<Contour name="d03p22" hidden="false" closed="true" simplified="false" border="0.251 0 0.502" fill="0.251 0 0.502" mode="-13"
 points="3.31982 2.5722,
	3.29925 2.55163,
	3.31982 2.53106,
	3.34039 2.55163,
	"/>
</Transform>

<Transform dim="6"
 xcoef=" 0.0952760683225813 1.00825716264578 -0.0267809606108929 0 0 0"
 ycoef=" -0.17671420803726 0.0178847787628444 1.01373276289052 0 0 0">
<Contour name="d06p18" hidden="false" closed="true" simplified="false" border="1 0 0" fill="1 0 0" mode="-13"
 points="3.39254 7.40143,
	3.37765 7.40143,
	3.37765 7.40887,
	3.3851 7.41632,
	3.40743 7.42376,
	3.39254 7.43121,
	3.3851 7.4461,
	3.37021 7.43121,
	3.36277 7.41632,
	3.36277 7.40143,
	3.34788 7.40143,
	3.37021 7.38654,
	"/>
</Transform>

<Transform dim="6"
 xcoef=" 0.0952760683225813 1.00825716264578 -0.0267809606108929 0 0 0"
 ycoef=" -0.17671420803726 0.0178847787628444 1.01373276289052 0 0 0">
<Contour name="d07p27" hidden="false" closed="true" simplified="false" border="1 0 1" fill="1 0 1" mode="-9"
 points="3.87892 7.2575,
	3.87892 7.24758,
	3.88885 7.23765,
	3.89877 7.23765,
	3.9087 7.24758,
	3.9087 7.2575,
	3.89877 7.26743,
	3.88885 7.26743,
	"/>
</Transform>

<Transform dim="0"
 xcoef=" 0 1 0 0 0 0"
 ycoef=" 0 0 1 0 0 0">
<Contour name="d01ax17" comment="LK bouton trace named after cfa" hidden="false" closed="true" simplified="true" border="0 1 1" fill="0.502 1 1" mode="-9"
 points="4.76322 2.49901,
	4.77129 2.48288,
	4.77632 2.47482,
	4.78439 2.46777,
	4.79245 2.46374,
	4.80051 2.46273,
	4.80857 2.45971,
	4.84081 2.46172,
	4.84485 2.46374,
	4.85291 2.46273,
	4.86903 2.46777,
	4.87104 2.46777,
	4.87508 2.47079,
	4.87911 2.4718,
	4.88314 2.47482,
	4.88717 2.47583,
	4.8912 2.47885,
	4.89321 2.48087,
	4.89523 2.48087,
	4.91135 2.49397,
	4.97584 2.52621,
	5.00809 2.54536,
	5.02421 2.55443,
	5.04033 2.56148,
	5.10482 2.57256,
	5.12095 2.57357,
	5.12901 2.57458,
	5.1935 2.60582,
	5.20962 2.61186,
	5.22574 2.61489,
	5.24186 2.62093,
	5.25799 2.62899,
	5.27411 2.63302,
	5.29023 2.64008,
	5.32248 2.64612,
	5.3386 2.64411,
	5.35472 2.63806,
	5.37085 2.63504,
	5.37891 2.63302,
	5.39503 2.63202,
	5.41115 2.63403,
	5.42727 2.64008,
	5.43534 2.64411,
	5.43937 2.64612,
	5.45549 2.66023,
	5.46859 2.67635,
	5.47665 2.69248,
	5.47967 2.70054,
	5.48169 2.70457,
	5.4827 2.73681,
	5.48068 2.75294,
	5.46758 2.78518,
	5.4575 2.8013,
	5.44239 2.81743,
	5.42627 2.82851,
	5.41821 2.83254,
	5.41418 2.83456,
	5.39805 2.83556,
	5.38999 2.83456,
	5.38193 2.83556,
	5.37387 2.8406,
	5.35976 2.85673,
	5.35472 2.86479,
	5.34767 2.87184,
	5.33961 2.87688,
	5.33155 2.87889,
	5.31542 2.87184,
	5.30736 2.86781,
	5.29225 2.85471,
	5.27613 2.8396,
	5.26806 2.83254,
	5.23683 2.81541,
	5.2207 2.80634,
	5.21264 2.8013,
	5.20861 2.79929,
	5.17737 2.76704,
	5.16125 2.75596,
	5.15319 2.74991,
	5.12095 2.73581,
	5.0887 2.72976,
	5.05645 2.72875,
	5.04033 2.72674,
	5.03227 2.72472,
	5.01615 2.71666,
	5.00003 2.70356,
	4.9839 2.69248,
	4.95166 2.67535,
	4.93554 2.67031,
	4.9315 2.6693,
	4.91538 2.67132,
	4.88314 2.67031,
	4.86701 2.66225,
	4.85089 2.65116,
	4.84283 2.64512,
	4.83074 2.63,
	4.82469 2.62194,
	4.81663 2.61489,
	4.80454 2.59876,
	4.78338 2.56652,
	4.77431 2.5504,
	4.76826 2.53427,
	4.76423 2.52621,
	4.76322 2.51009,
	4.76322 2.50203,
	4.76322 2.50001,
	"/>
</Transform>

<Transform dim="0"
 xcoef=" 0 1 0 0 0 0"
 ycoef=" 0 0 1 0 0 0">
<Contour name="d03" hidden="false" closed="true" simplified="true" border="0 1 0" fill="0 1 0" mode="9"
 points="3.17537 2.55429,
	3.17623 2.53073,
	3.17608 2.52486,
	3.19256 2.47749,
	3.19536 2.47155,
	3.20691 2.46105,
	3.21271 2.45654,
	3.25994 2.45277,
	3.28378 2.4597,
	3.28974 2.46106,
	3.29273 2.46249,
	3.31619 2.45471,
	3.32794 2.45157,
	3.33957 2.444,
	3.38586 2.40494,
	3.48028 2.39592,
	3.52754 2.39361,
	3.55119 2.3932,
	3.55711 2.39309,
	3.60372 2.36579,
	3.62702 2.35214,
	3.65024 2.33556,
	3.69652 2.2965,
	3.70808 2.28599,
	3.71388 2.28147,
	3.72002 2.23429,
	3.74538 2.18678,
	3.75658 2.16304,
	3.7607 2.1512,
	3.77634 2.12739,
	3.78062 2.12143,
	3.80424 2.11954,
	3.8161 2.1208,
	3.82812 2.12795,
	3.83411 2.13078,
	3.83722 2.13661,
	3.84229 2.16006,
	3.84244 2.16594,
	3.84551 2.17029,
	3.86948 2.18164,
	3.88146 2.18732,
	3.9299 2.22912,
	3.94531 2.25238,
	3.95776 2.2757,
	3.96429 2.29912,
	3.96639 2.32262,
	3.96671 2.33438,
	3.96686 2.34027,
	3.94532 2.36418,
	3.93381 2.37615,
	3.92805 2.38214,
	3.8814 2.40797,
	3.84713 2.45418,
	3.84286 2.46013,
	3.82637 2.5075,
	3.82256 2.5311,
	3.8217 2.55465,
	3.82739 2.60162,
	3.82568 2.64873,
	3.82452 2.66052,
	3.79176 2.70816,
	3.77022 2.73208,
	3.76446 2.73807,
	3.71739 2.74773,
	3.62344 2.77439,
	3.59999 2.78215,
	3.55295 2.79328,
	3.50584 2.80147,
	3.48227 2.80483,
	3.47048 2.8065,
	3.42262 2.78675,
	3.39874 2.77835,
	3.38671 2.77121,
	3.34851 2.72481,
	3.32867 2.70162,
	3.32711 2.69871,
	3.23235 2.6945,
	3.20865 2.69344,
	3.20566 2.69202,
	3.20207 2.66855,
	3.20028 2.65681,
	3.19865 2.65096,
	3.20837 2.62725,
	3.20977 2.62429,
	3.19289 2.60105,
	3.1837 2.58944,
	3.17912 2.58364,
	3.17607 2.58075,
	3.17545 2.55722,
	3.17541 2.55576,
	"/>
<Contour name="d03" hidden="false" closed="true" simplified="true" border="0 1 0" fill="0 1 0" mode="9"
 points="3.01343 2.68582,
	3.03158 2.66054,
	3.05642 2.65074,
	3.08142 2.64718,
	3.10659 2.64985,
	3.1292 2.67442,
	3.15428 2.67398,
	3.16699 2.67999,
	3.17334 2.68299,
	3.16105 2.69257,
	3.17079 2.70488,
	3.17145 2.72984,
	3.15643 2.75506,
	3.14736 2.7677,
	3.14555 2.81765,
	3.10281 2.86209,
	3.07798 2.87189,
	3.02773 2.86965,
	3.01799 2.85734,
	3.01534 2.75755,
	3.01401 2.70765,
	3.01368 2.69517,
	3.01351 2.68894,
	"/>
<Contour name="d03" hidden="false" closed="true" simplified="true" border="0 1 0" fill="0 1 0" mode="9"
 points="2.21921 2.42839,
	2.24933 2.38106,
	2.26435 2.35583,
	2.28885 2.33356,
	2.33522 2.30778,
	2.36005 2.29799,
	2.46039 2.29622,
	2.48556 2.29889,
	2.51113 2.31716,
	2.56139 2.31939,
	2.58647 2.31895,
	2.59901 2.31873,
	2.60545 2.32485,
	2.61799 2.32463,
	2.70456 2.39487,
	2.727 2.41319,
	2.73963 2.41609,
	2.74937 2.42839,
	2.75003 2.45335,
	2.75036 2.46582,
	2.74442 2.47841,
	2.71975 2.49444,
	2.66966 2.49845,
	2.65737 2.50802,
	2.64491 2.51136,
	2.62024 2.52739,
	2.61397 2.5275,
	2.60168 2.53708,
	2.5954 2.53719,
	2.57082 2.55635,
	2.5464 2.58174,
	2.53732 2.59438,
	2.53749 2.60062,
	2.53138 2.60696,
	2.53154 2.6132,
	2.52544 2.61954,
	2.5167 2.64467,
	2.51076 2.65725,
	2.50466 2.6636,
	2.50482 2.66983,
	2.45878 2.70809,
	2.4464 2.71454,
	2.43386 2.71476,
	2.40845 2.70273,
	2.3572 2.66307,
	2.34449 2.65706,
	2.31941 2.65751,
	2.29417 2.65171,
	2.28145 2.64569,
	2.26511 2.62102,
	2.24992 2.52145,
	2.22665 2.47193,
	2.21971 2.4471,
	2.21938 2.43463,
	2.2193 2.43151,
	"/>
<Contour name="d03cfa22ax11" hidden="false" closed="false" simplified="false" border="0 1 1" fill="0 1 1" mode="9"
 points="3.03109 2.87034,
	3.02503 2.81209,
	3.02087 2.74036,
	3.0192 2.67757,
	"/>
<Contour name="d03c24a" hidden="false" closed="true" simplified="true" border="1 0 0" fill="1 0 0" mode="9"
 points="2.38297 2.3541,
	2.40488 2.33986,
	2.42693 2.33117,
	2.51594 2.32682,
	2.5605 2.32604,
	2.56606 2.32594,
	2.57742 2.33404,
	2.57757 2.33959,
	2.59764 2.3614,
	2.60621 2.36955,
	2.58445 2.38933,
	2.58563 2.43363,
	2.58592 2.44471,
	2.54146 2.44827,
	2.51918 2.44866,
	2.50805 2.44886,
	2.48599 2.45755,
	2.46372 2.45795,
	2.4413 2.45281,
	2.43559 2.44737,
	2.43001 2.44746,
	2.38987 2.40384,
	2.384 2.39287,
	2.38341 2.37071,
	2.38312 2.35964,
	2.38305 2.35687,
	"/>
<Contour name="d03cfa24a" hidden="false" closed="true" simplified="true" border="1 0 0" fill="1 0 0" mode="9"
 points="2.37332 2.36413,
	2.39523 2.3499,
	2.41727 2.3412,
	2.50629 2.33686,
	2.55084 2.33607,
	2.5564 2.33597,
	2.56777 2.34408,
	2.56792 2.34962,
	2.58798 2.37143,
	2.59656 2.37959,
	2.5748 2.39936,
	2.57598 2.44367,
	2.57627 2.45475,
	2.5318 2.4583,
	2.50953 2.4587,
	2.4984 2.45889,
	2.47634 2.46759,
	2.45407 2.46798,
	2.43165 2.46284,
	2.42593 2.4574,
	2.42036 2.4575,
	2.38022 2.41388,
	2.37435 2.4029,
	2.37376 2.38075,
	2.37347 2.36967,
	2.37339 2.3669,
	"/>
<Contour name="d03cfa24a" hidden="false" closed="false" simplified="false" border="0 1 1" fill="0 1 1" mode="9"
 points="2.39247 2.40964,
	2.42405 2.4451,
	2.46611 2.45544,
	2.50509 2.45475,
	2.56062 2.44824,
	"/>
</Transform>

<Transform dim="0"
 xcoef=" 0 1 0 0 0 0"
 ycoef=" 0 0 1 0 0 0">
<Contour name="ax11" comment="LK bouton trace named after cfa" hidden="false" closed="true" simplified="false" border="0 1 1" fill="0.502 1 1" mode="9"
 points="2.51386 2.63481,
	2.51993 2.61055,
	2.52144 2.60448,
	2.5222 2.60145,
	2.52827 2.58931,
	2.53244 2.58325,
	2.5423 2.57111,
	2.54798 2.56543,
	2.55102 2.56277,
	2.55253 2.56125,
	2.56467 2.55291,
	2.5677 2.5514,
	2.57983 2.55102,
	2.5859 2.55064,
	2.59803 2.54798,
	2.6041 2.54685,
	2.61017 2.54495,
	2.61623 2.54457,
	2.6223 2.54343,
	2.62837 2.54116,
	2.6314 2.54002,
	2.63443 2.53964,
	2.64657 2.53433,
	2.65263 2.53168,
	2.65567 2.52978,
	2.66173 2.52751,
	2.6678 2.5241,
	2.67387 2.52144,
	2.686 2.51462,
	2.69207 2.51083,
	2.69813 2.5059,
	2.70951 2.49414,
	2.71557 2.49111,
	2.72164 2.48732,
	2.73377 2.47632,
	2.73984 2.47063,
	2.7425 2.4676,
	2.74325 2.46608,
	2.74629 2.46457,
	2.75842 2.46191,
	2.76449 2.4604,
	2.77055 2.45964,
	2.77207 2.45926,
	2.7842 2.46116,
	2.79027 2.46191,
	2.81454 2.4676,
	2.82667 2.47253,
	2.83274 2.47518,
	2.83577 2.47632,
	2.8479 2.48428,
	2.86004 2.49376,
	2.8661 2.49945,
	2.86762 2.50021,
	2.87369 2.49945,
	2.87672 2.49869,
	2.88885 2.49831,
	2.89492 2.49793,
	2.90705 2.49945,
	2.91919 2.50362,
	2.92525 2.50552,
	2.93739 2.51196,
	2.94345 2.51727,
	2.95217 2.5294,
	2.95521 2.53547,
	2.96051 2.55974,
	2.96127 2.56277,
	2.96014 2.5749,
	2.959 2.58097,
	2.9571 2.58704,
	2.95179 2.59917,
	2.94914 2.60524,
	2.948 2.6113,
	2.94762 2.61737,
	2.94838 2.6204,
	2.95141 2.62647,
	2.95293 2.6295,
	2.95824 2.63519,
	2.96431 2.63785,
	2.97037 2.63936,
	2.97644 2.64202,
	2.97947 2.64353,
	2.98554 2.64846,
	2.98857 2.65112,
	2.99426 2.66325,
	2.99767 2.67538,
	2.99843 2.67842,
	2.99881 2.69055,
	2.99957 2.69662,
	3.00033 2.69965,
	2.99919 2.71178,
	2.99843 2.71785,
	2.99881 2.74212,
	3.00109 2.76638,
	3.00146 2.77245,
	3.00374 2.78458,
	3.0045 2.79065,
	3.01549 2.83918,
	3.02118 2.86345,
	3.02384 2.87558,
	3.02459 2.88165,
	3.02459 2.88772,
	3.02346 2.89378,
	3.0117 2.91805,
	2.99767 2.94231,
	2.9935 2.94838,
	2.99161 2.95141,
	2.98554 2.95748,
	2.98251 2.96051,
	2.97644 2.96317,
	2.97037 2.96506,
	2.96886 2.96544,
	2.94459 2.96241,
	2.94156 2.96203,
	2.91729 2.96431,
	2.89302 2.96241,
	2.88089 2.96014,
	2.86876 2.959,
	2.86269 2.95786,
	2.85662 2.95748,
	2.84449 2.95407,
	2.83236 2.9499,
	2.82629 2.94762,
	2.82326 2.94611,
	2.81112 2.94421,
	2.79899 2.94307,
	2.78686 2.93663,
	2.78079 2.93246,
	2.77472 2.92753,
	2.77169 2.92525,
	2.76942 2.92222,
	2.7679 2.9207,
	2.76183 2.91653,
	2.7588 2.91426,
	2.75273 2.9116,
	2.7497 2.91047,
	2.74363 2.91009,
	2.7406 2.90971,
	2.73757 2.90857,
	2.7315 2.90743,
	2.72543 2.90554,
	2.71937 2.9025,
	2.70723 2.89757,
	2.7042 2.89568,
	2.70117 2.89492,
	2.6951 2.89227,
	2.69207 2.89227,
	2.68903 2.89113,
	2.68297 2.88734,
	2.67197 2.8752,
	2.66704 2.86914,
	2.66628 2.86762,
	2.66022 2.86193,
	2.63595 2.84335,
	2.63292 2.84108,
	2.62988 2.83804,
	2.62913 2.83653,
	2.62761 2.83501,
	2.62116 2.82288,
	2.61813 2.81681,
	2.61661 2.81378,
	2.61585 2.81074,
	2.61282 2.80468,
	2.61168 2.80164,
	2.61168 2.80089,
	2.58742 2.78837,
	2.58135 2.78382,
	2.57832 2.78155,
	2.56618 2.76942,
	2.55974 2.75728,
	2.55633 2.75122,
	2.53775 2.72695,
	2.52865 2.71482,
	2.52523 2.70875,
	2.51993 2.69662,
	2.51576 2.68448,
	2.51462 2.67235,
	2.51386 2.64808,
	2.51386 2.63595,
	2.51386 2.63519,
	"/>
</Transform>

<Transform dim="0"
 xcoef=" 0 1 0 0 0 0"
 ycoef=" 0 0 1 0 0 0">
<Contour name="ax20" comment="LK bouton trace named after cfa" hidden="false" closed="true" simplified="true" border="0 1 1" fill="0.502 1 1" mode="9"
 points="5.95123 8.00888,
	5.95616 8.00457,
	5.96601 8.00026,
	5.96724 7.99903,
	5.9771 7.99718,
	5.98203 7.99595,
	6.00173 7.98671,
	6.00666 7.98486,
	6.01651 7.97932,
	6.02637 7.97131,
	6.03561 7.96207,
	6.04669 7.94237,
	6.051 7.93251,
	6.05285 7.92758,
	6.05716 7.90788,
	6.05839 7.90295,
	6.06086 7.89802,
	6.06517 7.8931,
	6.07502 7.8857,
	6.07749 7.88324,
	6.07995 7.88201,
	6.08118 7.88201,
	6.09104 7.87339,
	6.0935 7.87092,
	6.09843 7.86107,
	6.09904 7.85614,
	6.10089 7.85122,
	6.10089 7.84136,
	6.10212 7.83151,
	6.10458 7.82658,
	6.1089 7.82165,
	6.11875 7.81549,
	6.12368 7.8118,
	6.14339 7.80502,
	6.15324 7.80441,
	6.16309 7.81118,
	6.16802 7.81488,
	6.17233 7.81981,
	6.17911 7.82966,
	6.18219 7.83459,
	6.1865 7.83951,
	6.19142 7.84321,
	6.20128 7.84629,
	6.22099 7.84752,
	6.23084 7.84814,
	6.23577 7.84814,
	6.25547 7.85306,
	6.26533 7.85553,
	6.27518 7.85614,
	6.28504 7.85306,
	6.2875 7.85122,
	6.29735 7.84998,
	6.30721 7.85183,
	6.31706 7.85553,
	6.32692 7.85676,
	6.33677 7.85676,
	6.34662 7.85553,
	6.36633 7.8469,
	6.37619 7.84259,
	6.37865 7.84198,
	6.38358 7.8389,
	6.39343 7.8352,
	6.41314 7.83397,
	6.43285 7.83397,
	6.4427 7.83335,
	6.46241 7.8352,
	6.48212 7.83582,
	6.50183 7.84013,
	6.50429 7.84198,
	6.51414 7.84506,
	6.53385 7.85491,
	6.53878 7.85737,
	6.54124 7.85799,
	6.54309 7.85984,
	6.54555 7.86045,
	6.56526 7.8777,
	6.57019 7.88201,
	6.5782 7.89186,
	6.58251 7.89679,
	6.58497 7.89925,
	6.59544 7.91896,
	6.60283 7.93867,
	6.61207 7.95838,
	6.61453 7.96331,
	6.62192 7.97316,
	6.63054 7.9824,
	6.63547 7.98548,
	6.64533 7.98856,
	6.65518 7.9904,
	6.66011 7.99102,
	6.66996 7.9941,
	6.67489 7.99718,
	6.6792 8.00149,
	6.68413 8.01134,
	6.68536 8.01627,
	6.69398 8.02612,
	6.69583 8.02859,
	6.69768 8.0483,
	6.69891 8.05322,
	6.70568 8.06308,
	6.70999 8.068,
	6.71554 8.07786,
	6.72354 8.09757,
	6.72909 8.11727,
	6.73401 8.15669,
	6.73401 8.15915,
	6.73832 8.16901,
	6.73956 8.17394,
	6.73956 8.1764,
	6.7414 8.18133,
	6.7414 8.20103,
	6.73956 8.22074,
	6.7334 8.24045,
	6.7334 8.26016,
	6.72785 8.27987,
	6.72724 8.28479,
	6.72477 8.28972,
	6.71615 8.29957,
	6.71184 8.30389,
	6.70199 8.30881,
	6.69706 8.31128,
	6.6946 8.31374,
	6.68967 8.32359,
	6.68844 8.32852,
	6.68597 8.33345,
	6.68228 8.33838,
	6.67304 8.34515,
	6.66811 8.34761,
	6.66319 8.35131,
	6.65518 8.37102,
	6.65148 8.37594,
	6.64163 8.38457,
	6.64101 8.38703,
	6.63917 8.38949,
	6.63609 8.39935,
	6.62993 8.4092,
	6.62623 8.41413,
	6.62131 8.41782,
	6.62007 8.41782,
	6.61515 8.42213,
	6.6133 8.4246,
	6.60899 8.43445,
	6.60653 8.43938,
	6.59729 8.44862,
	6.59236 8.4517,
	6.5899 8.45231,
	6.58867 8.45354,
	6.56896 8.45662,
	6.56403 8.45847,
	6.55479 8.46709,
	6.55048 8.47695,
	6.54863 8.48187,
	6.54802 8.4868,
	6.54371 8.49666,
	6.53693 8.50651,
	6.51784 8.52067,
	6.51538 8.52314,
	6.5123 8.52807,
	6.50799 8.53299,
	6.49813 8.53854,
	6.48828 8.53915,
	6.47842 8.53792,
	6.46857 8.53484,
	6.45871 8.53053,
	6.45379 8.52868,
	6.45132 8.52745,
	6.4464 8.52745,
	6.44147 8.52868,
	6.44024 8.52868,
	6.43777 8.53053,
	6.42792 8.53361,
	6.41807 8.53546,
	6.37865 8.5373,
	6.35894 8.5373,
	6.34909 8.53669,
	6.32938 8.53299,
	6.30967 8.52745,
	6.29982 8.52375,
	6.28996 8.51698,
	6.27026 8.50097,
	6.2604 8.49542,
	6.25055 8.49111,
	6.23084 8.48619,
	6.22591 8.48495,
	6.21606 8.48003,
	6.19635 8.47264,
	6.1865 8.46771,
	6.18157 8.46525,
	6.17787 8.46032,
	6.17664 8.45786,
	6.17295 8.43815,
	6.17233 8.43322,
	6.17233 8.43076,
	6.16925 8.42583,
	6.16001 8.41659,
	6.15016 8.40859,
	6.13045 8.40674,
	6.12552 8.40612,
	6.11567 8.40304,
	6.11074 8.40058,
	6.10582 8.39627,
	6.10212 8.39134,
	6.10027 8.38149,
	6.10089 8.37163,
	6.10089 8.36671,
	6.1052 8.35685,
	6.10705 8.35192,
	6.1089 8.34207,
	6.10828 8.33714,
	6.10151 8.32729,
	6.09966 8.32483,
	6.09843 8.32359,
	6.09843 8.31867,
	6.10027 8.30881,
	6.09904 8.29896,
	6.09473 8.2891,
	6.09104 8.28479,
	6.08611 8.28171,
	6.07749 8.27186,
	6.07317 8.26693,
	6.07133 8.26201,
	6.06948 8.25954,
	6.06763 8.25462,
	6.06578 8.25215,
	6.06394 8.24723,
	6.06147 8.24476,
	6.05963 8.23983,
	6.05285 8.22998,
	6.05162 8.22752,
	6.03191 8.20966,
	6.0122 8.19611,
	6.00974 8.19426,
	6.00358 8.18441,
	6.00235 8.18194,
	5.99742 8.17763,
	5.99496 8.17517,
	5.99003 8.17332,
	5.9851 8.1727,
	5.97525 8.16778,
	5.9654 8.161,
	5.96047 8.15608,
	5.95924 8.14622,
	5.95862 8.14376,
	5.95924 8.14129,
	5.95924 8.14006,
	5.96786 8.13021,
	5.97094 8.12528,
	5.97463 8.11543,
	5.97463 8.1105,
	5.97032 8.10065,
	5.96478 8.09079,
	5.95739 8.07108,
	5.95554 8.06616,
	5.95308 8.04645,
	5.95185 8.02674,
	5.95123 8.01689,
	5.95123 8.01196,
	5.95123 8.0095,
	"/>
</Transform>

<Transform dim="0"
 xcoef=" 0 1 0 0 0 0"
 ycoef=" 0 0 1 0 0 0">
<Contour name="d06" hidden="true" closed="true" simplified="true" border="0 0 1" fill="0 0 1" mode="11"
 points="3.14659 7.22308,
	3.15215 7.19825,
	3.15199 7.19207,
	3.16098 7.17955,
	3.1752 7.12983,
	3.18109 7.11736,
	3.18076 7.105,
	3.19808 7.05523,
	3.24206 6.95552,
	3.2656 6.90565,
	3.2746 6.89313,
	3.28326 6.86823,
	3.28604 6.85582,
	3.30721 6.83381,
	3.35626 6.80821,
	3.36853 6.80181,
	3.41823 6.80093,
	3.44301 6.79741,
	3.49215 6.7749,
	3.51667 6.7621,
	3.54103 6.74312,
	3.56556 6.73032,
	3.57782 6.72393,
	3.58404 6.72382,
	3.59712 6.74832,
	3.62205 6.75097,
	3.63448 6.75075,
	3.64086 6.75682,
	3.64218 6.80626,
	3.69197 6.80848,
	3.69835 6.81454,
	3.70719 6.91331,
	3.71062 6.92562,
	3.72027 6.93781,
	3.72092 6.96253,
	3.72125 6.9749,
	3.72142 6.98108,
	3.71536 6.98737,
	3.71553 6.99354,
	3.70335 7.00304,
	3.68831 7.02185,
	3.66714 7.04387,
	3.65847 7.06875,
	3.65603 7.09352,
	3.65636 7.10589,
	3.65652 7.11206,
	3.67271 7.13651,
	3.68228 7.14562,
	3.68048 7.19511,
	3.6777 7.20753,
	3.66871 7.22005,
	3.66887 7.22623,
	3.65088 7.25128,
	3.6007 7.3511,
	3.58893 7.37603,
	3.58615 7.38845,
	3.55312 7.43231,
	3.54446 7.45719,
	3.54168 7.46961,
	3.55542 7.51883,
	3.55919 7.5435,
	3.55428 7.59305,
	3.54562 7.61794,
	3.53655 7.62737,
	3.51177 7.6309,
	3.49927 7.62803,
	3.45135 7.57941,
	3.43859 7.56727,
	3.42551 7.54277,
	3.41897 7.53051,
	3.41864 7.51816,
	3.39631 7.49691,
	3.37138 7.49426,
	3.36516 7.49437,
	3.35241 7.48223,
	3.3363 7.46087,
	3.32665 7.44868,
	3.32028 7.4426,
	3.27056 7.44348,
	3.24579 7.44701,
	3.22086 7.44436,
	3.17302 7.39883,
	3.16615 7.37422,
	3.14996 7.34978,
	3.14733 7.25089,
	3.14668 7.22617,
	"/>
<Contour name="d07" hidden="true" closed="true" simplified="true" border="1 0 1" fill="1 0 1" mode="9"
 points="3.99665 6.72369,
	4.0274 6.69632,
	4.09932 6.69505,
	4.11731 6.69473,
	4.13552 6.70336,
	4.15398 6.72091,
	4.17196 6.7206,
	4.19017 6.72922,
	4.22614 6.72859,
	4.26174 6.71454,
	4.29711 6.69156,
	4.3249 6.72238,
	4.33899 6.74449,
	4.30374 6.77196,
	4.286 6.78121,
	4.22023 6.84499,
	4.20722 6.86311,
	4.20296 6.87213,
	4.19397 6.87229,
	4.18523 6.88139,
	4.14926 6.88203,
	4.13116 6.87788,
	4.10324 6.84258,
	4.06645 6.81192,
	4.03013 6.79915,
	3.99784 6.7684,
	3.99689 6.73263,
	3.99677 6.72817,
	"/>
<Contour name="d07" hidden="true" closed="true" simplified="true" border="1 0 1" fill="1 0 1" mode="9"
 points="3.59159 7.55832,
	3.63914 7.48592,
	3.67426 7.45399,
	3.81597 7.37098,
	3.88623 7.30712,
	3.90775 7.27095,
	3.91627 7.25291,
	3.92064 7.24836,
	3.90668 7.23072,
	3.89674 7.19511,
	3.82789 7.14265,
	3.7911 7.11199,
	3.76767 7.07662,
	3.76223 7.04094,
	3.76176 7.02305,
	3.7705 7.01395,
	3.84242 7.01268,
	3.87851 7.01651,
	3.89684 7.02961,
	3.9328 7.02898,
	3.96935 7.0507,
	3.97858 7.05948,
	3.98048 7.13102,
	3.97694 7.16686,
	3.95943 7.18506,
	3.95518 7.19408,
	3.96914 7.21172,
	4.04023 7.17916,
	4.18193 7.09615,
	4.25303 7.06359,
	4.28851 7.04507,
	4.30637 7.04028,
	4.33429 7.07557,
	4.34825 7.09322,
	4.34565 7.16483,
	4.33761 7.20075,
	4.35158 7.2184,
	4.35797 7.28985,
	4.35892 7.32561,
	4.35939 7.3435,
	4.29363 7.40728,
	4.28512 7.42533,
	4.29341 7.5683,
	4.30726 7.58149,
	4.37917 7.58022,
	4.39751 7.59331,
	4.41194 7.62884,
	4.41289 7.6646,
	4.40036 7.7006,
	4.39184 7.71865,
	4.37434 7.73685,
	4.3566 7.74611,
	4.32608 7.78243,
	4.29083 7.80989,
	4.25535 7.82841,
	4.2376 7.83766,
	4.20248 7.86959,
	4.13139 7.90216,
	4.05935 7.89896,
	3.98659 7.86893,
	3.95028 7.85616,
	3.878 7.84401,
	3.80537 7.81846,
	3.76905 7.80568,
	3.75084 7.79706,
	3.71392 7.76192,
	3.69546 7.74435,
	3.67725 7.73573,
	3.64033 7.7006,
	3.61242 7.66531,
	3.59845 7.64766,
	3.59206 7.57621,
	3.59171 7.5628,
	"/>
<Contour name="d07cfa28ax21" hidden="false" closed="false" simplified="false" border="0 1 1" fill="0 1 1" mode="9"
 points="4.12624 6.70616,
	4.1701 6.73297,
	4.21938 6.7321,
	4.26184 6.70684,
	"/>
</Transform>

<Transform dim="0"
 xcoef=" 0 1 0 0 0 0"
 ycoef=" 0 0 1 0 0 0">
<Contour name="ax21" comment="LK bouton trace named after cfa" hidden="false" closed="true" simplified="true" border="0 1 1" fill="0.502 1 1" mode="9"
 points="3.75201 6.31216,
	3.76247 6.29125,
	3.77749 6.27034,
	3.7788 6.26903,
	3.7788 6.25858,
	3.78795 6.23767,
	3.78926 6.22721,
	3.78991 6.22199,
	3.78795 6.20108,
	3.78403 6.19062,
	3.78272 6.18017,
	3.78599 6.16971,
	3.78795 6.1488,
	3.78795 6.14619,
	3.7984 6.14031,
	3.80363 6.13704,
	3.82454 6.11744,
	3.84545 6.10372,
	3.85068 6.10045,
	3.86048 6.08999,
	3.86571 6.08477,
	3.87616 6.07758,
	3.88662 6.0717,
	3.90753 6.05667,
	3.91798 6.04948,
	3.92321 6.04556,
	3.94412 6.0338,
	3.94935 6.03053,
	3.97026 6.01093,
	3.98071 6.00047,
	3.99117 5.99133,
	4.00162 5.98544,
	4.01208 5.97826,
	4.0173 5.97434,
	4.02776 5.96845,
	4.03821 5.96127,
	4.08003 5.94101,
	4.10094 5.93121,
	4.1114 5.92664,
	4.15322 5.91422,
	4.17413 5.90703,
	4.18458 5.90377,
	4.19504 5.89854,
	4.21595 5.89331,
	4.2264 5.89266,
	4.23163 5.892,
	4.24209 5.89396,
	4.263 5.9005,
	4.28391 5.90442,
	4.29436 5.90703,
	4.31527 5.91618,
	4.32572 5.92075,
	4.33618 5.92402,
	4.35709 5.92794,
	4.36754 5.9299,
	4.40936 5.93252,
	4.41982 5.93121,
	4.46164 5.91095,
	4.46687 5.90834,
	4.47732 5.90638,
	4.49823 5.91357,
	4.50869 5.91879,
	4.51391 5.92271,
	4.51587 5.92533,
	4.51849 5.93578,
	4.51914 5.94101,
	4.52372 5.95147,
	4.52633 5.95669,
	4.53678 5.96061,
	4.55769 5.96649,
	4.56815 5.96911,
	4.5786 5.97368,
	4.59951 5.9861,
	4.60997 5.99459,
	4.6152 5.99917,
	4.63611 6.01027,
	4.64656 6.01616,
	4.65702 6.02334,
	4.66551 6.03314,
	4.66878 6.03837,
	4.67858 6.04752,
	4.69949 6.06124,
	4.7204 6.07889,
	4.74131 6.09522,
	4.75176 6.10306,
	4.77202 6.12397,
	4.77659 6.1292,
	4.78901 6.15011,
	4.80927 6.19193,
	4.81253 6.20238,
	4.8158 6.22329,
	4.81123 6.2442,
	4.80992 6.26511,
	4.80927 6.27557,
	4.80992 6.28602,
	4.81907 6.30693,
	4.83083 6.32784,
	4.83736 6.3383,
	4.84782 6.34875,
	4.85827 6.35398,
	4.8635 6.35659,
	4.86611 6.35725,
	4.88702 6.35398,
	4.89748 6.35333,
	4.9393 6.35725,
	4.96021 6.35986,
	4.98112 6.36051,
	5.00203 6.36509,
	5.01248 6.37228,
	5.03339 6.38927,
	5.04254 6.39972,
	5.04842 6.41018,
	5.06737 6.43109,
	5.07717 6.44154,
	5.07979 6.44415,
	5.09024 6.45134,
	5.11115 6.45918,
	5.13206 6.46441,
	5.14252 6.46702,
	5.18434 6.46833,
	5.18956 6.46898,
	5.19218 6.46964,
	5.20263 6.46637,
	5.24445 6.4631,
	5.26536 6.46245,
	5.28627 6.45984,
	5.29673 6.45918,
	5.30718 6.45722,
	5.32809 6.45003,
	5.36991 6.43893,
	5.39082 6.43762,
	5.39605 6.43762,
	5.40128 6.44089,
	5.41173 6.45003,
	5.41696 6.45526,
	5.43329 6.47617,
	5.4542 6.49251,
	5.46466 6.501,
	5.48361 6.52191,
	5.50452 6.54217,
	5.51497 6.55197,
	5.52543 6.56047,
	5.53066 6.56439,
	5.55156 6.57615,
	5.55679 6.57941,
	5.57705 6.59967,
	5.58685 6.61013,
	5.60776 6.62189,
	5.61299 6.62581,
	5.61625 6.63104,
	5.61822 6.63365,
	5.62867 6.63757,
	5.63912 6.63888,
	5.64435 6.64018,
	5.66526 6.64084,
	5.67572 6.64149,
	5.69663 6.64541,
	5.71754 6.64672,
	5.72799 6.64672,
	5.73322 6.64672,
	5.74367 6.64933,
	5.76458 6.65913,
	5.7672 6.66044,
	5.77243 6.66109,
	5.78288 6.66567,
	5.80379 6.6709,
	5.80902 6.67286,
	5.81163 6.67416,
	5.81686 6.67482,
	5.83777 6.68527,
	5.843 6.68788,
	5.84822 6.69181,
	5.85868 6.70161,
	5.86913 6.70879,
	5.89004 6.72056,
	5.9005 6.72644,
	5.91095 6.73362,
	5.91618 6.73755,
	5.93709 6.74865,
	5.94755 6.75584,
	5.958 6.76434,
	5.96845 6.77087,
	5.98936 6.78786,
	6.00701 6.80877,
	6.02596 6.82968,
	6.03641 6.84013,
	6.04687 6.84863,
	6.08869 6.87346,
	6.09914 6.87607,
	6.12005 6.88653,
	6.16187 6.88783,
	6.18278 6.88718,
	6.18801 6.88522,
	6.20892 6.88391,
	6.21937 6.88195,
	6.2246 6.87999,
	6.22591 6.87869,
	6.23113 6.87738,
	6.23244 6.87607,
	6.2429 6.87346,
	6.26381 6.87411,
	6.26903 6.87607,
	6.27426 6.87934,
	6.27818 6.88457,
	6.27949 6.8898,
	6.29909 6.90678,
	6.29975 6.91201,
	6.29909 6.91724,
	6.29452 6.92769,
	6.28668 6.93815,
	6.28602 6.9486,
	6.28798 6.95906,
	6.28733 6.96951,
	6.28602 6.97474,
	6.28472 6.97736,
	6.2821 6.97997,
	6.2808 6.97997,
	6.27557 6.98454,
	6.27295 6.9865,
	6.27165 6.98781,
	6.27034 6.98781,
	6.25989 6.99761,
	6.24943 7.00284,
	6.24682 7.00415,
	6.23636 7.00349,
	6.23113 7.00349,
	6.21023 6.99761,
	6.205 6.9963,
	6.19977 6.99369,
	6.19454 6.99238,
	6.19324 6.99238,
	6.19193 6.99108,
	6.1867 6.98977,
	6.18147 6.98716,
	6.17886 6.9865,
	6.17755 6.9865,
	6.17494 6.98454,
	6.16448 6.98128,
	6.12267 6.97474,
	6.11221 6.97409,
	6.10698 6.97409,
	6.09653 6.97147,
	6.08607 6.97017,
	6.06516 6.97082,
	6.05994 6.97147,
	6.04948 6.97474,
	6.02857 6.97539,
	6.02334 6.97409,
	6.01289 6.97539,
	6.00243 6.98062,
	5.99198 6.98716,
	5.97107 6.9963,
	5.96061 6.99827,
	5.9397 6.99892,
	5.91879 6.99827,
	5.89788 6.995,
	5.89266 6.99434,
	5.87175 6.99761,
	5.86129 6.99434,
	5.85606 6.99304,
	5.83515 6.99827,
	5.82993 6.99957,
	5.81947 6.99892,
	5.80902 6.9963,
	5.80379 6.99434,
	5.78288 6.99238,
	5.77243 6.99238,
	5.76197 6.99042,
	5.75152 6.98454,
	5.74106 6.98258,
	5.73583 6.98258,
	5.72538 6.98062,
	5.68356 6.96037,
	5.66265 6.95056,
	5.64174 6.94664,
	5.62083 6.94076,
	5.59992 6.93031,
	5.58946 6.92573,
	5.58424 6.92312,
	5.54242 6.91397,
	5.53196 6.91201,
	5.51105 6.90221,
	5.49014 6.8911,
	5.48491 6.88849,
	5.4431 6.8813,
	5.43264 6.87934,
	5.41173 6.87215,
	5.39082 6.85974,
	5.36991 6.84471,
	5.35946 6.83817,
	5.349 6.83295,
	5.34377 6.83164,
	5.34116 6.83099,
	5.33593 6.83229,
	5.31502 6.82903,
	5.30457 6.82511,
	5.28366 6.82053,
	5.26275 6.81922,
	5.25229 6.81857,
	5.24968 6.81857,
	5.23922 6.81334,
	5.234 6.81008,
	5.22354 6.80093,
	5.21309 6.79635,
	5.20263 6.79309,
	5.1974 6.78982,
	5.1876 6.78002,
	5.17715 6.77479,
	5.17192 6.77283,
	5.15101 6.76956,
	5.14578 6.7676,
	5.14056 6.76695,
	5.11965 6.75649,
	5.09874 6.74343,
	5.08828 6.73493,
	5.07848 6.72513,
	5.07521 6.7199,
	5.06933 6.69899,
	5.06802 6.69377,
	5.05822 6.68462,
	5.04777 6.67874,
	5.02686 6.66959,
	4.98504 6.64803,
	4.97458 6.64214,
	4.95433 6.6245,
	4.94518 6.61405,
	4.94257 6.61143,
	4.93668 6.60098,
	4.9295 6.58007,
	4.92819 6.56961,
	4.92819 6.567,
	4.9197 6.54609,
	4.91774 6.54086,
	4.91643 6.53825,
	4.91577 6.51734,
	4.91774 6.49643,
	4.91839 6.48597,
	4.91839 6.48075,
	4.91316 6.47029,
	4.90924 6.46506,
	4.90663 6.46245,
	4.89617 6.45592,
	4.88572 6.45134,
	4.88049 6.44938,
	4.85958 6.44677,
	4.84912 6.44481,
	4.82821 6.43762,
	4.81776 6.4337,
	4.79685 6.43043,
	4.77594 6.43239,
	4.75503 6.43631,
	4.71321 6.45003,
	4.6923 6.45657,
	4.65048 6.46114,
	4.64003 6.4618,
	4.59821 6.47813,
	4.5773 6.48597,
	4.56684 6.4912,
	4.56161 6.49447,
	4.559 6.49578,
	4.53809 6.51669,
	4.53352 6.52191,
	4.51261 6.53498,
	4.50215 6.54217,
	4.49692 6.54609,
	4.49431 6.5487,
	4.4734 6.55785,
	4.46295 6.56308,
	4.45249 6.56961,
	4.44204 6.57745,
	4.42113 6.58856,
	4.41067 6.59444,
	4.40022 6.60163,
	4.39041 6.61013,
	4.38127 6.62058,
	4.37147 6.62973,
	4.36101 6.63692,
	4.3401 6.64933,
	4.32965 6.65717,
	4.31135 6.67743,
	4.30612 6.68266,
	4.30351 6.68527,
	4.29305 6.69115,
	4.27214 6.69965,
	4.26169 6.70291,
	4.24078 6.71206,
	4.23032 6.71468,
	4.1885 6.73232,
	4.16759 6.73036,
	4.15714 6.72709,
	4.14668 6.71925,
	4.13623 6.71402,
	4.131 6.71141,
	4.04736 6.64999,
	4.00554 6.62058,
	3.98463 6.60686,
	3.94281 6.58334,
	3.90099 6.55458,
	3.88008 6.53825,
	3.86179 6.51734,
	3.85264 6.50688,
	3.85003 6.50427,
	3.8363 6.48336,
	3.8265 6.46245,
	3.8167 6.42063,
	3.81605 6.4154,
	3.80886 6.40495,
	3.80037 6.39449,
	3.78991 6.38469,
	3.78468 6.38142,
	3.76443 6.36051,
	3.7592 6.35006,
	3.75528 6.3396,
	3.75397 6.33699,
	3.75462 6.33176,
	3.75266 6.32131,
	3.75201 6.31608,
	3.75201 6.31347,
	3.75201 6.31281,
	"/>
</Transform>

<Transform dim="0"
 xcoef=" 0 1 0 0 0 0"
 ycoef=" 0 0 1 0 0 0">
<Contour name="d03c22ax11" hidden="false" closed="true" simplified="true" border="0 1 0" fill="0 1 0" mode="9"
 points="2.93369 2.67598,
	2.96848 2.6749,
	3.00328 2.67598,
	3.02067 2.67598,
	3.02937 2.67598,
	3.03372 2.67598,
	3.0359 2.67598,
	3.03807 2.68468,
	3.05112 2.82386,
	3.05438 2.85866,
	3.05438 2.86301,
	3.0533 2.86518,
	2.9837 2.87279,
	2.96631 2.87497,
	2.95761 2.87606,
	2.95326 2.87606,
	2.95108 2.86736,
	2.93804 2.72818,
	2.93477 2.69338,
	2.93369 2.67707,
	"/>
</Transform>

<Transform dim="6"
 xcoef=" -0.176084126815447 1.08672705203141 0.0285669258642721 0 0 0"
 ycoef=" -1.28812859935932 0.0646755053119168 1.01508877868106 0 0 0">
<Image mag="0.00217507" contrast="0.917" brightness="0.12" red="true" green="true" blue="true"
 src="FHLTD.155.jpg" />
<Contour name="domain1" hidden="false" closed="true" simplified="false" border="1 0 1" fill="1 0 1" mode="11"
 points="0 0,
	4096 0,
	4096 4096,
	0 4096,
	"/>
</Transform>

<Transform dim="0"
 xcoef=" 0 1 0 0 0 0"
 ycoef=" 0 0 1 0 0 0">
<Contour name="d07c28ax21" hidden="false" closed="true" simplified="true" border="0 1 0" fill="0 1 0" mode="9"
 points="4.11171 6.72929,
	4.14486 6.67433,
	4.20068 6.67521,
	4.22859 6.67521,
	4.24255 6.67521,
	4.24952 6.67521,
	4.25301 6.67608,
	4.26959 6.7319,
	4.27133 6.73539,
	4.26871 6.73801,
	4.21289 6.75458,
	4.18498 6.7633,
	4.178 6.76592,
	4.12218 6.73539,
	4.1152 6.7319,
	4.11258 6.73016,
	"/>
</Transform>

<Transform dim="0"
 xcoef=" 0 1 0 0 0 0"
 ycoef=" 0 0 1 0 0 0">
<Contour name="ddh_d06ax17" comment="traced by ddh" hidden="false" closed="true" simplified="true" border="0.5 0 1" fill="0.5 0 1" mode="11"
 points="2.47753 6.88595,
	2.48394 6.87313,
	2.48955 6.86671,
	2.50238 6.8571,
	2.50799 6.85229,
	2.512 6.84587,
	2.516 6.83305,
	2.51681 6.82984,
	2.53284 6.80419,
	2.54085 6.79137,
	2.54486 6.78496,
	2.57051 6.76011,
	2.57692 6.7545,
	2.58414 6.74167,
	2.58494 6.73526,
	2.58414 6.72885,
	2.57772 6.71603,
	2.56891 6.7032,
	2.5633 6.69679,
	2.55448 6.68396,
	2.54807 6.67114,
	2.54807 6.65832,
	2.55047 6.64549,
	2.56009 6.61984,
	2.56169 6.61343,
	2.56169 6.60702,
	2.56009 6.60061,
	2.54646 6.57496,
	2.54246 6.56213,
	2.54085 6.54931,
	2.54085 6.53648,
	2.54566 6.52366,
	2.55849 6.49801,
	2.57291 6.47236,
	2.58333 6.45954,
	2.59616 6.44992,
	2.60898 6.4427,
	2.63463 6.42587,
	2.65948 6.40102,
	2.68513 6.38099,
	2.69795 6.37457,
	2.70436 6.37137,
	2.70757 6.36976,
	2.7204 6.36896,
	2.72681 6.36896,
	2.73963 6.37377,
	2.76528 6.3858,
	2.77811 6.3882,
	2.79093 6.3882,
	2.81658 6.37778,
	2.8294 6.37297,
	2.83582 6.37137,
	2.84864 6.36576,
	2.85505 6.36255,
	2.86146 6.36175,
	2.86467 6.36015,
	2.89032 6.35934,
	2.89673 6.35934,
	2.90956 6.35373,
	2.92238 6.34652,
	2.94803 6.32889,
	2.96085 6.31767,
	2.96727 6.31366,
	2.97368 6.31125,
	2.9865 6.31045,
	2.99292 6.31125,
	2.99933 6.31446,
	3.02498 6.3361,
	3.03059 6.34251,
	3.0378 6.35534,
	3.0394 6.35854,
	3.04502 6.36496,
	3.04822 6.36816,
	3.06105 6.37538,
	3.07387 6.37938,
	3.09952 6.3898,
	3.15082 6.41465,
	3.17647 6.42267,
	3.18929 6.42828,
	3.1957 6.43148,
	3.19891 6.43309,
	3.21173 6.44431,
	3.22055 6.45713,
	3.23337 6.48278,
	3.23498 6.48919,
	3.2478 6.51484,
	3.25341 6.52767,
	3.25582 6.53408,
	3.25662 6.5469,
	3.25582 6.57255,
	3.25502 6.58538,
	3.25101 6.5982,
	3.2454 6.61103,
	3.24299 6.61744,
	3.24219 6.62385,
	3.24379 6.63667,
	3.247 6.6495,
	3.25181 6.66232,
	3.25181 6.66393,
	3.25341 6.66553,
	3.25421 6.69118,
	3.25101 6.704,
	3.2462 6.71683,
	3.2446 6.71843,
	3.2446 6.72003,
	3.24299 6.72164,
	3.24219 6.72484,
	3.24059 6.72645,
	3.23979 6.72965,
	3.23738 6.73286,
	3.23658 6.73606,
	3.22616 6.74889,
	3.22215 6.7553,
	3.21093 6.76732,
	3.20131 6.78015,
	3.18689 6.8058,
	3.18368 6.81221,
	3.18128 6.82503,
	3.17887 6.83145,
	3.17486 6.8571,
	3.17406 6.86351,
	3.16925 6.87633,
	3.16605 6.88274,
	3.15563 6.89557,
	3.12998 6.91641,
	3.10433 6.94206,
	3.09792 6.94767,
	3.09471 6.95087,
	3.08189 6.95969,
	3.05624 6.97252,
	3.04341 6.97973,
	3.01776 6.99816,
	2.99211 7.0182,
	2.98169 7.03103,
	2.96647 7.05668,
	2.96166 7.06309,
	2.95524 7.0687,
	2.94242 7.07431,
	2.92959 7.07752,
	2.90395 7.07832,
	2.8783 7.07591,
	2.827 7.05828,
	2.80135 7.04866,
	2.79494 7.04626,
	2.78853 7.04546,
	2.7757 7.04065,
	2.77249 7.04065,
	2.75967 7.03664,
	2.75326 7.03504,
	2.72761 7.03584,
	2.71478 7.03664,
	2.70196 7.03984,
	2.68914 7.04065,
	2.67631 7.03984,
	2.6699 7.03824,
	2.64425 7.02301,
	2.63143 7.0142,
	2.62501 7.00939,
	2.61219 6.98374,
	2.60578 6.97813,
	2.59295 6.96931,
	2.58013 6.95729,
	2.55448 6.94687,
	2.52883 6.93885,
	2.516 6.93565,
	2.50318 6.93084,
	2.49997 6.92923,
	2.49436 6.92282,
	2.49036 6.91641,
	2.48875 6.9132,
	2.48314 6.90679,
	2.47753 6.89397,
	2.47753 6.88755,
	2.47753 6.88675,
	"/>
</Transform>

<Transform dim="0"
 xcoef=" 0 1 0 0 0 0"
 ycoef=" 0 0 1 0 0 0">
<Contour name="ddh_d06ax18" comment="traced by ddh" hidden="false" closed="true" simplified="true" border="1 0 0.5" fill="1 0 0.5" mode="11"
 points="3.40412 8.06246,
	3.40582 8.05338,
	3.40866 8.0443,
	3.4132 8.03523,
	3.4166 8.03069,
	3.41774 8.02842,
	3.42625 8.01991,
	3.43078 8.01594,
	3.43305 8.01481,
	3.44213 8.00743,
	3.44667 8.00346,
	3.46482 7.99155,
	3.46539 7.99041,
	3.46652 7.99041,
	3.48354 7.97226,
	3.49262 7.96489,
	3.49488 7.96318,
	3.49602 7.96205,
	3.49829 7.96148,
	3.49885 7.96035,
	3.50339 7.95921,
	3.51247 7.95921,
	3.52155 7.96035,
	3.53062 7.96318,
	3.5397 7.96829,
	3.5448 7.97737,
	3.5465 7.9819,
	3.5465 7.99098,
	3.54594 7.99552,
	3.54424 8.00006,
	3.54367 8.00233,
	3.54253 8.00346,
	3.54083 8.008,
	3.53573 8.01707,
	3.53402 8.01934,
	3.53346 8.02161,
	3.52722 8.03069,
	3.51644 8.04884,
	3.51077 8.05792,
	3.50907 8.06246,
	3.50907 8.07153,
	3.50907 8.07607,
	3.50907 8.07834,
	3.51304 8.08741,
	3.51587 8.09649,
	3.51701 8.10557,
	3.51531 8.12372,
	3.5102 8.14187,
	3.5085 8.14641,
	3.50453 8.15095,
	3.50226 8.15322,
	3.49318 8.15889,
	3.48864 8.16059,
	3.48411 8.16059,
	3.47957 8.15946,
	3.46142 8.15152,
	3.45688 8.15038,
	3.45461 8.14981,
	3.45234 8.14811,
	3.44326 8.14471,
	3.43873 8.14301,
	3.42965 8.13563,
	3.42284 8.12656,
	3.41944 8.11748,
	3.41887 8.11294,
	3.41717 8.1084,
	3.4166 8.10387,
	3.4149 8.09933,
	3.41433 8.09479,
	3.41036 8.08571,
	3.40923 8.08117,
	3.40526 8.0721,
	3.40412 8.06756,
	3.40412 8.06302,
	"/>
</Transform>

<Transform dim="0"
 xcoef=" 0 1 0 0 0 0"
 ycoef=" 0 0 1 0 0 0">
<Contour name="ddh_d06ax19" comment="traced by ddh" hidden="false" closed="true" simplified="true" border="1 0 0" fill="1 0 0" mode="11"
 points="2.42369 5.48662,
	2.42696 5.47354,
	2.43187 5.46046,
	2.43514 5.45392,
	2.43595 5.45065,
	2.44413 5.43757,
	2.44985 5.43267,
	2.45639 5.42613,
	2.45802 5.42367,
	2.46865 5.41305,
	2.47356 5.40651,
	2.47764 5.4016,
	2.48173 5.39506,
	2.48336 5.39179,
	2.485 5.39016,
	2.485 5.38852,
	2.48745 5.38607,
	2.48745 5.38444,
	2.50462 5.35828,
	2.52424 5.33457,
	2.53241 5.32231,
	2.53405 5.31904,
	2.53568 5.31741,
	2.53568 5.31577,
	2.54958 5.29043,
	2.55366 5.28471,
	2.56674 5.27572,
	2.57328 5.27245,
	2.57655 5.27,
	2.57982 5.26918,
	2.58309 5.26673,
	2.59617 5.26754,
	2.60925 5.27163,
	2.62233 5.27735,
	2.63459 5.28471,
	2.64031 5.28798,
	2.6444 5.2937,
	2.64685 5.29697,
	2.64849 5.29779,
	2.64849 5.29942,
	2.65584 5.3125,
	2.6583 5.31904,
	2.6583 5.32068,
	2.65993 5.32231,
	2.66156 5.32885,
	2.66402 5.33212,
	2.66647 5.3452,
	2.66647 5.35174,
	2.66647 5.35501,
	2.66483 5.35828,
	2.66483 5.38444,
	2.66729 5.4106,
	2.66974 5.42367,
	2.67137 5.43021,
	2.67301 5.43348,
	2.6771 5.45964,
	2.67628 5.47272,
	2.67546 5.47926,
	2.67546 5.48089,
	2.66729 5.49316,
	2.66156 5.49806,
	2.6583 5.50133,
	2.65666 5.50297,
	2.65339 5.50378,
	2.64113 5.51196,
	2.63949 5.51196,
	2.63786 5.51359,
	2.58554 5.53076,
	2.579 5.53158,
	2.57573 5.53403,
	2.54958 5.5422,
	2.54631 5.54302,
	2.54467 5.54465,
	2.53813 5.54629,
	2.5365 5.54792,
	2.53323 5.54874,
	2.53159 5.54874,
	2.52996 5.55038,
	2.52342 5.55201,
	2.5226 5.55365,
	2.51933 5.55446,
	2.5177 5.55446,
	2.51606 5.5561,
	2.50952 5.55773,
	2.50789 5.55937,
	2.49481 5.56346,
	2.48827 5.56509,
	2.46211 5.56427,
	2.44903 5.55855,
	2.43677 5.54874,
	2.42941 5.53566,
	2.42696 5.52912,
	2.42533 5.51604,
	2.42369 5.5095,
	2.42369 5.49643,
	2.42369 5.48989,
	2.42369 5.48743,
	"/>
</Transform>

<Transform dim="0"
 xcoef=" 0 1 0 0 0 0"
 ycoef=" 0 0 1 0 0 0">
<Contour name="ddh_d06ax19" comment="traced by ddh" hidden="false" closed="true" simplified="true" border="1 0 0" fill="1 0 0" mode="11"
 points="1.73069 5.92542,
	1.73558 5.91238,
	1.74291 5.89934,
	1.74699 5.89283,
	1.7478 5.88957,
	1.75188 5.88305,
	1.75351 5.87979,
	1.75351 5.87816,
	1.76165 5.86594,
	1.76491 5.86023,
	1.77551 5.84801,
	1.77795 5.84557,
	1.77795 5.84394,
	1.78366 5.83742,
	1.78528 5.83416,
	1.78691 5.83253,
	1.78773 5.82927,
	1.79751 5.81623,
	1.80158 5.81053,
	1.8138 5.79912,
	1.82032 5.79342,
	1.82684 5.78934,
	1.8358 5.77631,
	1.84151 5.7706,
	1.85292 5.76164,
	1.86595 5.75349,
	1.87736 5.74127,
	1.88551 5.72986,
	1.89284 5.71682,
	1.89773 5.7103,
	1.89936 5.70704,
	1.91077 5.69482,
	1.91729 5.6883,
	1.92869 5.68016,
	1.9344 5.6769,
	1.93766 5.67445,
	1.94418 5.67201,
	1.95069 5.66793,
	1.95558 5.66386,
	1.9621 5.65816,
	1.97677 5.6329,
	1.98003 5.62638,
	1.98166 5.62312,
	1.98166 5.62149,
	1.99062 5.60845,
	1.99388 5.60193,
	2.00366 5.59134,
	2.01018 5.58564,
	2.0224 5.57667,
	2.04684 5.55549,
	2.05662 5.54408,
	2.06314 5.53838,
	2.06559 5.53512,
	2.06884 5.5343,
	2.07536 5.52941,
	2.0884 5.52208,
	2.09166 5.51963,
	2.09329 5.51963,
	2.11855 5.50497,
	2.12996 5.49193,
	2.13892 5.48052,
	2.14462 5.47482,
	2.16988 5.45934,
	2.1764 5.45445,
	2.20248 5.44549,
	2.21551 5.44304,
	2.22855 5.43897,
	2.23507 5.43571,
	2.2367 5.43571,
	2.24892 5.42593,
	2.25544 5.42186,
	2.2587 5.41941,
	2.26522 5.41778,
	2.27174 5.41778,
	2.27337 5.41778,
	2.27907 5.42267,
	2.28314 5.42919,
	2.27907 5.45526,
	2.27825 5.46178,
	2.27581 5.4683,
	2.275 5.47156,
	2.27337 5.47319,
	2.27092 5.47971,
	2.26196 5.4903,
	2.2587 5.49275,
	2.24974 5.50171,
	2.24485 5.50741,
	2.23914 5.51149,
	2.22774 5.52289,
	2.22285 5.5286,
	2.22285 5.53023,
	2.22122 5.53104,
	2.22122 5.53267,
	2.21633 5.53919,
	2.21307 5.54571,
	2.21144 5.54897,
	2.20981 5.5506,
	2.20899 5.55386,
	2.20655 5.5563,
	2.20574 5.55956,
	2.19677 5.57178,
	2.1927 5.57749,
	2.16825 5.59949,
	2.15848 5.60845,
	2.1487 5.61986,
	2.13892 5.6329,
	2.12262 5.65816,
	2.11366 5.67038,
	2.10633 5.6826,
	2.10307 5.6883,
	2.09329 5.70053,
	2.08107 5.71193,
	2.07455 5.71601,
	2.06803 5.71845,
	2.05581 5.72579,
	2.04358 5.73475,
	2.0387 5.74045,
	2.03625 5.74371,
	2.03625 5.74534,
	2.02729 5.75756,
	2.02321 5.76408,
	2.01833 5.76897,
	2.01181 5.77549,
	1.99958 5.78364,
	1.99632 5.78608,
	1.9947 5.78608,
	1.98166 5.79505,
	1.97107 5.80645,
	1.97107 5.80808,
	1.95966 5.81868,
	1.94825 5.82764,
	1.92299 5.84475,
	1.91647 5.84964,
	1.90751 5.86023,
	1.90262 5.86594,
	1.8904 5.8749,
	1.88469 5.87816,
	1.8798 5.88305,
	1.87329 5.88712,
	1.85129 5.90831,
	1.83825 5.91727,
	1.82521 5.92216,
	1.79914 5.92705,
	1.79262 5.92868,
	1.78936 5.93031,
	1.78773 5.93031,
	1.7861 5.93194,
	1.78284 5.93275,
	1.78121 5.93438,
	1.77958 5.93438,
	1.77306 5.93927,
	1.76247 5.94986,
	1.75921 5.95231,
	1.75269 5.95394,
	1.74943 5.95394,
	1.74291 5.95149,
	1.73232 5.93927,
	1.73232 5.93764,
	1.73069 5.93601,
	1.73069 5.92949,
	1.73069 5.92623,
	"/>
</Transform>

<Transform dim="0"
 xcoef=" 0 1 0 0 0 0"
 ycoef=" 0 0 1 0 0 0">
<Contour name="ddh_d07ax26" comment="traced by ddh" hidden="false" closed="true" simplified="true" border="0.5 0 1" fill="0.5 0 1" mode="11"
 points="4.1337 8.40757,
	4.13687 8.39742,
	4.14702 8.37713,
	4.15209 8.36698,
	4.16541 8.34668,
	4.17239 8.33653,
	4.18951 8.31623,
	4.20918 8.27564,
	4.21869 8.25534,
	4.21869 8.21475,
	4.21742 8.2046,
	4.19776 8.164,
	4.19586 8.15893,
	4.19586 8.14878,
	4.19586 8.14371,
	4.20537 8.12341,
	4.20854 8.11326,
	4.20981 8.10311,
	4.21108 8.09804,
	4.21298 8.07774,
	4.21298 8.0752,
	4.21996 8.0549,
	4.23011 8.03461,
	4.23201 8.02953,
	4.23328 8.01938,
	4.23455 8.01431,
	4.25294 7.97371,
	4.25675 7.96357,
	4.25802 7.95849,
	4.25865 7.93819,
	4.27832 7.8976,
	4.29481 7.857,
	4.3151 7.81641,
	4.32589 7.79611,
	4.3316 7.78596,
	4.36141 7.74537,
	4.36965 7.73522,
	4.37409 7.73015,
	4.40073 7.68955,
	4.41405 7.66925,
	4.42864 7.64896,
	4.46226 7.60836,
	4.47178 7.59821,
	4.48192 7.58933,
	4.49207 7.58362,
	4.50222 7.58045,
	4.51237 7.57474,
	4.51744 7.57094,
	4.52759 7.56586,
	4.54789 7.56142,
	4.55804 7.55952,
	4.57834 7.55825,
	4.58849 7.55698,
	4.59863 7.55127,
	4.60878 7.54303,
	4.61386 7.53859,
	4.63415 7.52781,
	4.65445 7.52146,
	4.6646 7.51893,
	4.67475 7.51829,
	4.6849 7.51893,
	4.68997 7.51893,
	4.70012 7.51575,
	4.71027 7.51131,
	4.71281 7.51068,
	4.7331 7.49546,
	4.74325 7.48658,
	4.74833 7.48341,
	4.75086 7.48214,
	4.75213 7.48087,
	4.75467 7.48023,
	4.75594 7.47897,
	4.76609 7.47833,
	4.78639 7.46945,
	4.80668 7.46184,
	4.82698 7.45803,
	4.84728 7.45867,
	4.84981 7.45867,
	4.85489 7.46057,
	4.85996 7.4612,
	4.88026 7.47135,
	4.89041 7.4777,
	4.89295 7.48023,
	4.91324 7.52083,
	4.92022 7.53098,
	4.93037 7.53542,
	4.93544 7.53605,
	4.94559 7.53922,
	4.96589 7.54113,
	4.97604 7.54303,
	4.98619 7.54747,
	4.99126 7.55001,
	5.00078 7.55952,
	5.00585 7.56967,
	5.01029 7.58997,
	5.01283 7.61026,
	5.01346 7.62041,
	5.01156 7.64071,
	5.01093 7.64578,
	5.01283 7.65593,
	5.01346 7.66101,
	5.01219 7.67116,
	5.00902 7.68131,
	5.00458 7.69145,
	5.00268 7.69653,
	5.00141 7.69907,
	4.98238 7.71936,
	4.97097 7.73966,
	4.96779 7.74473,
	4.96653 7.74981,
	4.96145 7.75996,
	4.94432 7.78025,
	4.93925 7.78343,
	4.9291 7.79231,
	4.9088 7.80626,
	4.88851 7.80816,
	4.88343 7.81134,
	4.86948 7.83163,
	4.86377 7.84178,
	4.85489 7.86208,
	4.84918 7.87223,
	4.83903 7.88174,
	4.82888 7.88809,
	4.82381 7.89062,
	4.81366 7.89316,
	4.79336 7.89506,
	4.78321 7.89633,
	4.77307 7.89887,
	4.75277 7.90838,
	4.74262 7.91409,
	4.70202 7.94327,
	4.69188 7.95088,
	4.67158 7.96357,
	4.65128 7.98069,
	4.64113 7.99021,
	4.62083 8.00353,
	4.60054 8.01812,
	4.59102 8.02826,
	4.57517 8.04856,
	4.56755 8.05871,
	4.54979 8.07901,
	4.54535 8.08408,
	4.5333 8.10438,
	4.52759 8.11453,
	4.52379 8.12468,
	4.52188 8.13483,
	4.51871 8.14497,
	4.51427 8.15512,
	4.51174 8.1602,
	4.49715 8.18049,
	4.48002 8.20079,
	4.44196 8.24139,
	4.43245 8.25154,
	4.42801 8.25661,
	4.40581 8.2972,
	4.39947 8.30735,
	4.38995 8.32765,
	4.37853 8.34795,
	4.37092 8.3581,
	4.36712 8.36317,
	4.36458 8.36571,
	4.35253 8.38601,
	4.33921 8.4063,
	4.32462 8.4266,
	4.31764 8.43675,
	4.30559 8.45705,
	4.29988 8.4672,
	4.28593 8.48749,
	4.28339 8.49257,
	4.27514 8.50272,
	4.25485 8.51857,
	4.23455 8.53189,
	4.19395 8.55283,
	4.18381 8.55536,
	4.17873 8.55727,
	4.16858 8.55283,
	4.16351 8.54965,
	4.15907 8.54458,
	4.14829 8.52428,
	4.14575 8.51921,
	4.14131 8.49891,
	4.14004 8.49384,
	4.13941 8.4913,
	4.1375 8.48876,
	4.13497 8.46846,
	4.1337 8.42787,
	4.1337 8.40821,
	"/>
</Transform>

<Transform dim="0"
 xcoef=" 0 1 0 0 0 0"
 ycoef=" 0 0 1 0 0 0">
<Contour name="ddh_d07ax27" comment="traced by ddh" hidden="false" closed="true" simplified="true" border="1 0 0.5" fill="1 0 0.5" mode="11"
 points="3.65698 6.72184,
	3.65965 6.71329,
	3.66874 6.69618,
	3.67462 6.68763,
	3.68317 6.68069,
	3.70027 6.67107,
	3.70882 6.66733,
	3.71737 6.66465,
	3.73447 6.66305,
	3.75157 6.66412,
	3.76867 6.66358,
	3.77722 6.66412,
	3.7815 6.66519,
	3.79005 6.67,
	3.79219 6.67107,
	3.79646 6.67481,
	3.7986 6.67534,
	3.80715 6.68336,
	3.80929 6.68496,
	3.81356 6.68603,
	3.82212 6.69031,
	3.83067 6.69244,
	3.8328 6.69405,
	3.83494 6.69458,
	3.83601 6.69458,
	3.83815 6.69618,
	3.84029 6.69672,
	3.85685 6.71008,
	3.8654 6.71596,
	3.87395 6.7229,
	3.89105 6.73252,
	3.89533 6.73466,
	3.89961 6.73573,
	3.90388 6.73787,
	3.92098 6.74054,
	3.93808 6.74161,
	3.95518 6.73787,
	3.96373 6.73626,
	3.97229 6.73626,
	3.98084 6.7384,
	3.98511 6.73947,
	4.00221 6.74963,
	4.01023 6.75711,
	4.01611 6.76566,
	4.02519 6.78276,
	4.02733 6.79131,
	4.02786 6.79558,
	4.0268 6.80414,
	4.0268 6.80841,
	4.02412 6.81696,
	4.02252 6.82124,
	4.01611 6.82979,
	4.00863 6.83834,
	4.00007 6.84635,
	3.9958 6.84956,
	3.9787 6.85865,
	3.97442 6.86025,
	3.95732 6.86239,
	3.94877 6.86239,
	3.94022 6.86345,
	3.92312 6.86773,
	3.90602 6.87575,
	3.89747 6.88002,
	3.88892 6.8859,
	3.88518 6.89018,
	3.88037 6.89873,
	3.87716 6.90728,
	3.87502 6.91155,
	3.87342 6.9201,
	3.87288 6.92438,
	3.87128 6.92865,
	3.86754 6.93293,
	3.85899 6.93934,
	3.85044 6.94094,
	3.84189 6.94094,
	3.83334 6.93934,
	3.82906 6.93667,
	3.82799 6.9356,
	3.82586 6.93507,
	3.82372 6.93346,
	3.82105 6.92919,
	3.81944 6.92491,
	3.80715 6.90781,
	3.80341 6.90354,
	3.80234 6.9014,
	3.79807 6.89712,
	3.78578 6.88002,
	3.77883 6.87147,
	3.76173 6.85597,
	3.75745 6.85223,
	3.75318 6.84956,
	3.75104 6.84742,
	3.74676 6.84475,
	3.74249 6.8362,
	3.74035 6.83192,
	3.73821 6.82337,
	3.73554 6.80627,
	3.7334 6.802,
	3.72646 6.79345,
	3.71791 6.78597,
	3.70935 6.78116,
	3.7008 6.77741,
	3.69225 6.77474,
	3.68798 6.77314,
	3.6837 6.7726,
	3.67515 6.76886,
	3.67301 6.7678,
	3.66446 6.75924,
	3.65965 6.75069,
	3.65805 6.74642,
	3.65698 6.72932,
	3.65698 6.72504,
	3.65698 6.7229,
	3.65698 6.72237,
	"/>
</Transform>

</Section>