<?xml version="1.0"?>
<!DOCTYPE Section SYSTEM "section.dtd">

<Section index="51" thickness="0.045" alignLocked="true">
<Transform dim="1"
 xcoef=" 5.27999999999993 1 0 0 0 0"
 ycoef=" 2.47999999999999 0 1 0 0 0">
<Contour name="D04" hidden="false" closed="true" simplified="true" border="1 0 0" fill="1 0 0" mode="11"
 points="5.46492 7.32996,
	5.46778 7.29096,
	5.47628 7.25281,
	5.49024 7.21634,
	5.50936 7.18235,
	5.53323 7.15158,
	5.56131 7.1247,
	5.59299 7.1023,
	5.6276 7.08487,
	5.66436 7.07278,
	5.70248 7.0663,
	5.74113 7.06558,
	5.77947 7.07063,
	5.81665 7.08133,
	5.85186 7.09746,
	5.88435 7.11866,
	5.91339 7.14447,
	5.93836 7.17432,
	5.95871 7.20758,
	5.97399 7.2435,
	5.98388 7.28131,
	5.98816 7.32018,
	5.98673 7.35926,
	5.97963 7.39771,
	5.96701 7.43467,
	5.94914 7.46936,
	5.92642 7.501,
	5.89934 7.52891,
	5.86849 7.55248,
	5.83455 7.57119,
	5.79825 7.58464,
	5.76039 7.59254,
	5.72179 7.59471,
	5.6833 7.5911,
	5.64576 7.58179,
	5.60998 7.56699,
	5.57674 7.54702,
	5.54678 7.52231,
	5.52073 7.49341,
	5.49918 7.46094,
	5.48259 7.42562,
	5.47133 7.3882,
	"/>
</Transform>

<Transform dim="1"
 xcoef=" -1.14 1 0 0 0 0"
 ycoef=" -0.53 0 1 0 0 0">
<Contour name="D05" hidden="false" closed="true" simplified="true" border="1 1 0" fill="1 1 0" mode="11"
 points="2.15299 4.10404,
	2.16475 4.03163,
	2.19888 3.96632,
	2.25205 3.91448,
	2.31904 3.8812,
	2.39329 3.86974,
	2.46755 3.8812,
	2.53454 3.91448,
	2.58771 3.96632,
	2.62184 4.03163,
	2.6336 4.10404,
	2.62184 4.17644,
	2.58771 4.24175,
	2.53454 4.29359,
	2.46755 4.32687,
	2.39329 4.33833,
	2.31904 4.32687,
	2.25205 4.29359,
	2.19888 4.24175,
	"/>
</Transform>

<Transform dim="0"
 xcoef=" 0 1 0 0 0 0"
 ycoef=" 0 0 1 0 0 0">
<Contour name="d01" hidden="true" closed="true" simplified="true" border="1 0.5 0" fill="1 0.5 0" mode="-11"
 points="6.09549 0.692549,
	6.12721 0.650256,
	6.1695 0.629109,
	6.21179 0.592103,
	6.23294 0.58153,
	6.25409 0.586816,
	6.20651 0.671403,
	6.1695 0.713696,
	6.12721 0.724269,
	6.10606 0.713696,
	6.10078 0.718982,
	6.09549 0.697836,
	"/>
</Transform>

<Transform dim="0"
 xcoef=" 0 1 0 0 0 0"
 ycoef=" 0 0 1 0 0 0">
<Contour name="d01" hidden="true" closed="true" simplified="true" border="1 0.5 0" fill="1 0.5 0" mode="-11"
 points="4.7844 1.74459,
	4.80026 1.7023,
	4.80026 1.66,
	4.81084 1.61771,
	4.84256 1.57542,
	4.92714 1.52255,
	4.96944 1.51198,
	5.01173 1.49083,
	5.05402 1.49612,
	5.13861 1.52255,
	5.1809 1.52784,
	5.19676 1.50669,
	5.19676 1.49612,
	5.20733 1.48554,
	5.20733 1.47497,
	5.24963 1.43796,
	5.33421 1.40096,
	5.35536 1.39567,
	5.43995 1.42739,
	5.60912 1.4221,
	5.6937 1.4221,
	5.736 1.4221,
	5.82058 1.44325,
	5.86288 1.45382,
	5.88402 1.45382,
	5.90517 1.4644,
	5.91574 1.47497,
	6.00033 1.49612,
	6.08492 1.5437,
	6.12721 1.55956,
	6.1695 1.58599,
	6.21179 1.59656,
	6.23294 1.60185,
	6.26466 1.63357,
	6.28052 1.65472,
	6.29109 1.66529,
	6.29109 1.67586,
	6.33867 1.76045,
	6.34396 1.7816,
	6.35982 1.80274,
	6.37039 1.84504,
	6.37568 1.86618,
	6.35982 1.90847,
	6.31224 1.99306,
	6.30167 2.03535,
	6.29638 2.0565,
	6.25409 2.08293,
	6.21708 2.11994,
	6.17479 2.1358,
	6.0902 2.13051,
	6.04791 2.13051,
	5.96332 2.14637,
	5.92103 2.14637,
	5.87874 2.1358,
	5.84173 2.10408,
	5.79944 2.09351,
	5.63027 2.15166,
	5.58797 2.17809,
	5.54568 2.18338,
	5.46109 2.20981,
	5.4188 2.22567,
	5.39765 2.23625,
	5.38179 2.25739,
	5.36593 2.24682,
	5.34479 2.26268,
	5.30249 2.27854,
	5.29192 2.28911,
	5.24963 2.28383,
	5.25491 2.27854,
	5.23377 2.27325,
	5.19147 2.23096,
	5.14918 2.20453,
	5.11746 2.16752,
	5.07517 2.1358,
	4.99058 2.09879,
	4.96944 2.07765,
	4.95886 2.0565,
	4.91657 2.04064,
	4.91128 2.05121,
	4.8267 1.9772,
	4.81612 1.93491,
	4.81612 1.92433,
	4.80026 1.90319,
	4.79498 1.88204,
	4.78969 1.87147,
	4.79498 1.8609,
	4.7844 1.83975,
	4.7844 1.75516,
	4.7844 1.74988,
	"/>
</Transform>

<Transform dim="0"
 xcoef=" 0 1 0 0 0 0"
 ycoef=" 0 0 1 0 0 0">
<Contour name="d01c02" hidden="false" closed="true" simplified="true" border="0 1 0" fill="0 1 0" mode="9"
 points="4.80581 1.58929,
	4.82688 1.55556,
	4.83532 1.5387,
	4.85218 1.52184,
	4.91963 1.50498,
	4.98708 1.49655,
	4.99129 1.50498,
	4.98286 1.52184,
	4.98286 1.53027,
	4.966 1.54713,
	4.93228 1.55978,
	4.92384 1.55978,
	4.89433 1.58929,
	4.87747 1.60615,
	4.84375 1.62301,
	4.81002 1.6188,
	4.80581 1.60194,
	4.80581 1.5935,
	"/>
<Contour name="d01cfa02" hidden="false" closed="false" simplified="false" border="0 1 1" fill="0 1 1" mode="9"
 points="4.99734 1.49596,
	4.94254 1.52125,
	4.87087 1.56762,
	4.82029 1.60556,
	"/>
</Transform>

<Transform dim="0"
 xcoef=" 0 1 0 0 0 0"
 ycoef=" 0 0 1 0 0 0">
<Contour name="d03" hidden="false" closed="true" simplified="true" border="0 1 0" fill="0 1 0" mode="9"
 points="2.61562 3.34069,
	2.63738 3.31389,
	2.64073 3.3072,
	2.64408 3.25361,
	2.63069 3.22682,
	2.62399 3.2151,
	2.65078 3.19333,
	2.66418 3.18496,
	2.69097 3.17323,
	2.69767 3.16989,
	2.70604 3.14309,
	2.70939 3.1297,
	2.73451 3.10625,
	2.7479 3.09453,
	2.7546 3.08783,
	2.80819 3.07109,
	2.81489 3.06774,
	2.84168 3.04597,
	2.85507 3.03425,
	2.88187 3.01918,
	2.90866 3.00746,
	2.93545 2.99908,
	2.98904 2.98904,
	3.04262 2.98736,
	3.05602 2.98736,
	3.1096 2.97229,
	3.13639 2.96392,
	3.18998 2.9522,
	3.21677 2.9455,
	3.23017 2.94215,
	3.23687 2.94047,
	3.29045 2.90196,
	3.31724 2.88856,
	3.32394 2.88689,
	3.35073 2.89024,
	3.36413 2.89191,
	3.36748 2.89191,
	3.41102 2.9455,
	3.43279 2.97229,
	3.43614 2.97564,
	3.46125 3.08281,
	3.48135 3.18998,
	3.48972 3.24356,
	3.49307 3.27036,
	3.49642 3.28375,
	3.49642 3.29045,
	3.51651 3.34404,
	3.51819 3.35073,
	3.52154 3.35408,
	3.57512 3.3725,
	3.58852 3.37585,
	3.59522 3.38088,
	3.61029 3.40767,
	3.61531 3.42106,
	3.61364 3.44786,
	3.61196 3.46125,
	3.61196 3.46795,
	3.58517 3.52154,
	3.57847 3.52656,
	3.52489 3.54498,
	3.49809 3.53996,
	3.44451 3.49809,
	3.41772 3.50312,
	3.41102 3.50479,
	3.30385 3.60694,
	3.27706 3.63206,
	3.26366 3.64043,
	3.23687 3.6488,
	3.18328 3.6421,
	3.16989 3.63875,
	3.1163 3.61029,
	3.03592 3.50312,
	3.01583 3.47632,
	2.96224 3.43614,
	2.93545 3.41772,
	2.90866 3.40432,
	2.89526 3.39762,
	2.88856 3.39427,
	2.78139 3.39762,
	2.72781 3.40767,
	2.70102 3.41102,
	2.67422 3.40767,
	2.66083 3.40599,
	2.63404 3.38423,
	2.62064 3.37418,
	2.61562 3.36748,
	2.61562 3.34236,
	"/>
</Transform>

<Transform dim="0"
 xcoef=" 0 1 0 0 0 0"
 ycoef=" 0 0 1 0 0 0">
<Contour name="d06" hidden="true" closed="true" simplified="true" border="0 0 1" fill="0 0 1" mode="11"
 points="1.15792 7.03923,
	1.16365 7.02777,
	1.18658 7.0163,
	1.2783 7.0077,
	1.32416 7.00197,
	1.37001 7.00197,
	1.39294 6.99911,
	1.4388 6.97904,
	1.45027 6.97044,
	1.54198 6.93892,
	1.58784 6.94178,
	1.5993 6.95038,
	1.61077 6.95038,
	1.65663 6.97331,
	1.66809 6.97904,
	1.69102 7.00197,
	1.70822 7.04783,
	1.70822 7.07076,
	1.70822 7.08222,
	1.69962 7.09082,
	1.68815 7.09369,
	1.67669 7.10229,
	1.65376 7.10229,
	1.6079 7.11662,
	1.58497 7.11948,
	1.56204 7.12808,
	1.37861 7.13095,
	1.35568 7.12808,
	1.30982 7.11088,
	1.2869 7.10515,
	1.24104 7.10515,
	1.19518 7.09942,
	1.17225 7.09369,
	1.16079 7.08222,
	1.15792 7.05929,
	1.15792 7.04783,
	1.15792 7.0421,
	"/>
<Contour name="d06" hidden="true" closed="true" simplified="true" border="0 0 1" fill="0 0 1" mode="11"
 points="1.33562 7.97359,
	1.34995 7.95066,
	1.37288 7.9392,
	1.38721 7.91627,
	1.39008 7.89334,
	1.37575 7.84748,
	1.37288 7.80162,
	1.37288 7.79016,
	1.36715 7.77869,
	1.36715 7.75577,
	1.36715 7.7443,
	1.37575 7.7357,
	1.39867 7.7357,
	1.4216 7.74143,
	1.43307 7.74143,
	1.45313 7.75577,
	1.45886 7.75577,
	1.4646 7.7615,
	1.4646 7.77296,
	1.48466 7.79589,
	1.49899 7.81882,
	1.50186 7.91054,
	1.49326 7.93347,
	1.49326 7.9392,
	1.47606 7.96213,
	1.47033 7.98506,
	1.47033 7.99079,
	1.45027 8.01085,
	1.40441 8.03665,
	1.38148 8.04525,
	1.35855 8.04525,
	1.34708 8.04525,
	1.33849 8.03378,
	1.33562 7.98792,
	1.33562 7.97646,
	"/>
<Contour name="d06" hidden="true" closed="true" simplified="true" border="0 0 1" fill="0 0 1" mode="11"
 points="1.79134 7.75863,
	1.79707 7.74717,
	1.83433 7.70991,
	1.86585 7.66978,
	1.88592 7.64972,
	1.90025 7.62679,
	1.90311 7.44336,
	1.90311 7.42043,
	1.91745 7.40036,
	1.93751 7.3803,
	1.98337 7.35164,
	2.00056 7.30578,
	2.0063 7.29432,
	2.01776 7.28572,
	2.02349 7.27425,
	2.02636 7.27139,
	2.04929 7.29145,
	2.05789 7.30005,
	2.06648 7.34591,
	2.08082 7.36884,
	2.09801 7.38603,
	2.14387 7.3889,
	2.18973 7.3975,
	2.23559 7.40036,
	2.24705 7.40323,
	2.24418 7.4147,
	2.24132 7.41756,
	2.26425 7.41756,
	2.31011 7.40036,
	2.32157 7.39463,
	2.41329 7.39463,
	2.45915 7.39463,
	2.48207 7.4061,
	2.49927 7.42903,
	2.5222 7.44049,
	2.54513 7.46055,
	2.55373 7.47202,
	2.55946 7.47775,
	2.56233 7.50068,
	2.57666 7.54654,
	2.57952 7.558,
	2.58812 7.56947,
	2.59385 7.66118,
	2.59385 7.68411,
	2.57952 7.70704,
	2.5394 7.75003,
	2.51933 7.7701,
	2.50787 7.78156,
	2.50214 7.79303,
	2.4964 7.79876,
	2.45055 7.80736,
	2.35883 7.80449,
	2.3359 7.80449,
	2.32444 7.81022,
	2.23272 7.81022,
	2.141 7.81595,
	2.09515 7.81309,
	2.07222 7.79016,
	2.06648 7.78443,
	1.97477 7.78729,
	1.95184 7.80162,
	1.94037 7.80449,
	1.93178 7.81309,
	1.84006 7.81309,
	1.81713 7.80736,
	1.79993 7.78729,
	1.79134 7.77583,
	1.79134 7.76436,
	1.79134 7.7615,
	"/>
<Contour name="d06" hidden="true" closed="true" simplified="true" border="0 0 1" fill="0 0 1" mode="11"
 points="2.68557 7.68984,
	2.69417 7.66692,
	2.73429 7.63539,
	2.82601 7.58666,
	2.84894 7.58093,
	2.8604 7.5752,
	2.88333 7.5752,
	2.89193 7.5838,
	2.89766 7.5838,
	2.9034 7.58953,
	2.90053 7.63539,
	2.88907 7.65832,
	2.8776 7.66978,
	2.85467 7.67551,
	2.84321 7.67551,
	2.82028 7.68984,
	2.79735 7.71277,
	2.78875 7.72424,
	2.76869 7.73857,
	2.72283 7.7443,
	2.71137 7.7443,
	2.68844 7.72424,
	2.68557 7.70131,
	2.68557 7.69271,
	"/>
</Transform>

<Transform dim="0"
 xcoef=" 0 1 0 0 0 0"
 ycoef=" 0 0 1 0 0 0">
<Contour name="d06" hidden="true" closed="true" simplified="true" border="0 0 1" fill="0 0 1" mode="11"
 points="1.57351 6.80134,
	1.58497 6.77841,
	1.6079 6.75835,
	1.63083 6.74689,
	1.65089 6.72969,
	1.65663 6.70676,
	1.65663 6.6953,
	1.68242 6.64944,
	1.69675 6.62937,
	1.70822 6.62078,
	1.73115 6.61504,
	1.82286 6.61504,
	1.84579 6.61504,
	1.86872 6.62651,
	1.91458 6.62364,
	1.93751 6.62078,
	1.94897 6.61791,
	1.9719 6.62364,
	2.01776 6.66663,
	2.03209 6.6867,
	2.05215 6.70963,
	2.06362 6.73255,
	2.06648 6.77841,
	2.06648 6.80134,
	2.05789 6.82427,
	2.04356 6.84433,
	2.04929 6.8558,
	2.04069 6.87873,
	2.02063 6.90166,
	1.97477 6.91026,
	1.95184 6.92459,
	1.92891 6.93318,
	1.88305 6.93605,
	1.86012 6.93892,
	1.84866 6.94465,
	1.83719 6.94465,
	1.81426 6.95325,
	1.72255 6.95611,
	1.67669 6.95611,
	1.66523 6.95611,
	1.65376 6.95038,
	1.63943 6.92745,
	1.6337 6.90452,
	1.59357 6.85866,
	1.57351 6.81281,
	1.57351 6.80421,
	"/>
</Transform>

<Transform dim="0"
 xcoef=" 0 1 0 0 0 0"
 ycoef=" 0 0 1 0 0 0">
<Contour name="d06p03" hidden="false" closed="true" simplified="false" border="1 0 0.5" fill="1 0 0.5" mode="-13"
 points="2.52915 7.63915,
	2.56974 7.63915,
	2.54945 7.67636,
	"/>
</Transform>

<Transform dim="0"
 xcoef=" 0 1 0 0 0 0"
 ycoef=" 0 0 1 0 0 0">
<Contour name="d06c02" hidden="false" closed="true" simplified="true" border="0 1 0" fill="0 1 0" mode="11"
 points="1.23445 7.0033,
	1.26673 6.98312,
	1.33127 6.96295,
	1.39582 6.95489,
	1.42809 6.94682,
	1.49264 6.91051,
	1.52491 6.89841,
	1.55718 6.89841,
	1.56122 6.93068,
	1.56122 6.94682,
	1.53701 6.97909,
	1.52895 6.98716,
	1.4644 7.0033,
	1.44826 7.01136,
	1.41599 7.0154,
	1.38372 7.0275,
	1.31917 7.03153,
	1.25462 7.0275,
	1.23849 7.0154,
	1.23445 7.00733,
	"/>
<Contour name="d06cfa02" hidden="false" closed="false" simplified="false" border="0 1 1" fill="0 1 1" mode="11"
 points="1.23151 7.0018,
	1.30009 7.0018,
	1.3364 7.0018,
	1.42515 6.98566,
	1.5139 6.95339,
	1.55424 6.93725,
	"/>
</Transform>

<Transform dim="0"
 xcoef=" 0 1 0 0 0 0"
 ycoef=" 0 0 1 0 0 0">
<Contour name="d07" hidden="true" closed="true" simplified="true" border="1 0 1" fill="1 0 1" mode="9"
 points="2.30673 6.62878,
	2.3278 6.60069,
	2.38397 6.55856,
	2.41206 6.53749,
	2.44015 6.52696,
	2.49633 6.52696,
	2.52441 6.53047,
	2.53144 6.53047,
	2.55952 6.55505,
	2.57708 6.58314,
	2.5841 6.59718,
	2.5841 6.62527,
	2.5841 6.63931,
	2.5841 6.64634,
	2.55601 6.65336,
	2.54197 6.66389,
	2.54197 6.67793,
	2.55952 6.70602,
	2.55952 6.73411,
	2.55952 6.74815,
	2.55601 6.75518,
	2.49984 6.75869,
	2.44366 6.75518,
	2.42962 6.75518,
	2.40153 6.73411,
	2.39451 6.72709,
	2.33833 6.71656,
	2.32429 6.70953,
	2.31024 6.69549,
	2.30673 6.63931,
	2.30673 6.63229,
	"/>
<Contour name="d07" hidden="true" closed="true" simplified="true" border="1 0 1" fill="1 0 1" mode="9"
 points="3.57069 6.73762,
	3.68305 6.67442,
	3.71113 6.6674,
	3.82349 6.67091,
	3.83753 6.67091,
	3.86562 6.68496,
	3.89371 6.69198,
	3.90775 6.699,
	4.0201 6.70602,
	4.04819 6.7306,
	4.06223 6.74113,
	4.09032 6.74815,
	4.11841 6.7622,
	4.13245 6.76571,
	4.18512 6.81135,
	4.19565 6.82189,
	4.2097 6.81486,
	4.22374 6.80082,
	4.25183 6.79029,
	4.30801 6.78678,
	4.33609 6.78678,
	4.36418 6.79731,
	4.39227 6.82189,
	4.41334 6.84646,
	4.42387 6.86051,
	4.42387 6.97286,
	4.42387 7.00095,
	4.41685 7.02904,
	4.41334 7.04308,
	4.4028 7.05712,
	4.4028 7.06415,
	4.36418 7.11681,
	4.35365 7.12734,
	4.35014 7.13437,
	4.23779 7.13437,
	4.18512 7.0817,
	4.16405 7.05361,
	4.13597 7.03606,
	4.07979 7.01499,
	4.0517 6.99744,
	4.03766 6.98339,
	4.0201 6.95882,
	4.01308 6.95179,
	3.9569 6.94477,
	3.92882 6.93424,
	3.87264 6.92722,
	3.84455 6.92371,
	3.81646 6.90615,
	3.70411 6.90615,
	3.64794 6.90966,
	3.61985 6.90615,
	3.6058 6.89913,
	3.58825 6.87104,
	3.58825 6.857,
	3.57069 6.82891,
	3.57069 6.77273,
	3.57069 6.74464,
	3.57069 6.74113,
	"/>
<Contour name="d07" hidden="true" closed="true" simplified="true" border="1 0 1" fill="1 0 1" mode="9"
 points="2.27162 8.20522,
	2.29269 8.17713,
	2.29971 8.16309,
	2.29971 8.14905,
	2.31024 8.12096,
	2.33833 8.09638,
	2.39451 8.0718,
	2.42259 8.05425,
	2.47526 8.00158,
	2.48228 7.98754,
	2.48228 7.93136,
	2.51388 7.87519,
	2.51739 7.86817,
	2.51388 7.84008,
	2.52441 7.81199,
	2.54548 7.78741,
	2.57357 7.76986,
	2.59814 7.74177,
	2.63326 7.68559,
	2.64379 7.65751,
	2.66134 7.62942,
	2.6789 7.57324,
	2.69294 7.54515,
	2.70348 7.53462,
	2.71401 7.42227,
	2.73156 7.36609,
	2.75614 7.30992,
	2.75965 7.25374,
	2.75965 7.2397,
	2.75263 7.22565,
	2.73859 7.21161,
	2.72454 7.18352,
	2.72103 7.15543,
	2.67188 7.09926,
	2.67188 7.07117,
	2.69294 7.04308,
	2.72103 7.03255,
	2.73507 7.02552,
	2.79125 7.01499,
	2.84743 6.99393,
	2.95978 6.99393,
	2.98787 7.00095,
	3.00191 7.00446,
	3.00893 7.0185,
	3.01947 7.02552,
	3.07213 7.07117,
	3.08617 7.07819,
	3.10724 7.10277,
	3.12128 7.10979,
	3.13533 7.10979,
	3.15991 7.13085,
	3.17746 7.15543,
	3.18448 7.16596,
	3.18448 7.19405,
	3.17746 7.20107,
	3.17746 7.2081,
	3.15288 7.22916,
	3.14586 7.23618,
	3.11777 7.23618,
	3.10373 7.23618,
	3.08969 7.24321,
	3.0616 7.24672,
	3.05809 7.26076,
	3.05809 7.26778,
	3.08617 7.28183,
	3.11426 7.28183,
	3.12831 7.28183,
	3.13533 7.28183,
	3.14235 7.28885,
	3.14235 7.34503,
	3.13884 7.37311,
	3.11777 7.42929,
	3.11426 7.44333,
	3.0616 7.48898,
	3.03351 7.51004,
	3.01947 7.52058,
	3.01244 7.52058,
	3.00542 7.5276,
	2.9984 7.5276,
	2.9668 7.55569,
	2.95276 7.5592,
	2.93871 7.56973,
	2.88254 7.57324,
	2.85445 7.57324,
	2.82636 7.58026,
	2.81232 7.58729,
	2.79827 7.58729,
	2.77018 7.60484,
	2.7421 7.61537,
	2.72805 7.61888,
	2.69294 7.67155,
	2.68241 7.69964,
	2.68241 7.81199,
	2.68241 7.84008,
	2.68241 7.85412,
	2.58761 7.96296,
	2.57708 7.97701,
	2.57708 8.0051,
	2.57708 8.01914,
	2.57006 8.03318,
	2.57006 8.04021,
	2.54197 8.06127,
	2.52792 8.06478,
	2.52441 8.0718,
	2.51739 8.0718,
	2.46824 8.11745,
	2.44717 8.14554,
	2.44015 8.15958,
	2.44015 8.17362,
	2.40504 8.22629,
	2.38748 8.25438,
	2.37695 8.28246,
	2.36993 8.28949,
	2.31375 8.28949,
	2.28567 8.28949,
	2.27162 8.27895,
	2.27162 8.22278,
	2.27162 8.20873,
	"/>
</Transform>

<Transform dim="0"
 xcoef=" 0 1 0 0 0 0"
 ycoef=" 0 0 1 0 0 0">
<Contour name="d07c02" hidden="false" closed="true" simplified="true" border="1 0 0" fill="0 1 0" mode="9"
 points="2.25934 6.5904,
	2.27889 6.55913,
	2.31016 6.53177,
	2.32579 6.51613,
	2.38834 6.48877,
	2.41961 6.48486,
	2.45088 6.48877,
	2.4587 6.49659,
	2.4587 6.52786,
	2.43915 6.55913,
	2.43133 6.57476,
	2.40006 6.58649,
	2.34143 6.64122,
	2.32579 6.65294,
	2.29452 6.65685,
	2.26325 6.63731,
	2.25934 6.60604,
	2.25934 6.59431,
	"/>
<Contour name="d07cfa02" hidden="false" closed="false" simplified="false" border="0 1 1" fill="0 1 1" mode="9"
 points="2.29994 6.65445,
	2.31166 6.61145,
	2.33512 6.58409,
	2.40157 6.53718,
	2.45238 6.52545,
	"/>
</Transform>

<Transform dim="0"
 xcoef=" 0 1 0 0 0 0"
 ycoef=" 0 0 1 0 0 0">
<Contour name="d08" hidden="false" closed="true" simplified="true" border="1 0 0" fill="1 0 0" mode="9"
 points="4.94963 4.62277,
	4.98555 4.56889,
	4.99633 4.55452,
	4.99633 4.54734,
	5.02506 4.54375,
	5.03943 4.54375,
	5.06816 4.52938,
	5.10049 4.47191,
	5.11845 4.44317,
	5.12563 4.42881,
	5.15437 4.40366,
	5.1831 4.3893,
	5.20825 4.36774,
	5.22261 4.35697,
	5.28008 4.36056,
	5.29445 4.37134,
	5.30164 4.37134,
	5.30882 4.37852,
	5.30882 4.43599,
	5.33396 4.46472,
	5.33756 4.47909,
	5.36629 4.50783,
	5.37707 4.53656,
	5.38425 4.54375,
	5.41298 4.54734,
	5.42735 4.54734,
	5.44172 4.55452,
	5.4489 4.55452,
	5.45609 4.56889,
	5.45609 4.58326,
	5.46327 4.59044,
	5.49201 4.59044,
	5.52074 4.59762,
	5.56744 4.6515,
	5.59617 4.68024,
	5.60336 4.68742,
	5.60336 4.71616,
	5.61413 4.74489,
	5.62131 4.80236,
	5.62491 4.8311,
	5.62491 4.84547,
	5.63568 4.8742,
	5.63568 4.90294,
	5.66442 4.93167,
	5.6716 4.94604,
	5.70034 4.97118,
	5.70752 4.97118,
	5.7183 4.98555,
	5.7183 4.99992,
	5.71111 5.01069,
	5.68238 5.02865,
	5.62491 5.03943,
	5.61054 5.03943,
	5.5818 5.02865,
	5.52433 5.02506,
	5.4956 5.01428,
	5.48123 4.99992,
	5.25135 4.99633,
	5.19388 4.99992,
	5.16514 5.00351,
	5.15078 5.00351,
	5.12204 4.98555,
	5.10049 4.96041,
	5.04302 4.9209,
	5.02147 4.89216,
	5.02147 4.86343,
	5.0502 4.83828,
	5.07894 4.82032,
	5.09331 4.81314,
	5.11127 4.788,
	5.11486 4.75926,
	5.11486 4.74489,
	5.06098 4.69101,
	5.00351 4.66587,
	4.97477 4.64791,
	4.96041 4.64073,
	4.94963 4.62636,
	"/>
</Transform>

<Transform dim="0"
 xcoef=" 0 1 0 0 0 0"
 ycoef=" 0 0 1 0 0 0">
<Contour name="d08" hidden="false" closed="true" simplified="true" border="1 0 0" fill="1 0 0" mode="9"
 points="4.6515 4.92449,
	4.65869 4.91012,
	4.68742 4.88498,
	4.70179 4.87779,
	4.75926 4.87779,
	4.788 4.88498,
	4.81673 4.89934,
	4.8742 4.90294,
	4.90294 4.90294,
	4.9209 4.93167,
	4.92808 4.93526,
	4.92449 4.964,
	4.9209 4.97837,
	4.90653 4.97837,
	4.84906 5.01069,
	4.82032 5.01069,
	4.79159 5.02147,
	4.77722 5.02865,
	4.71975 5.03584,
	4.70538 5.03584,
	4.67665 5.01788,
	4.66228 5.00351,
	4.6551 4.99633,
	4.6515 4.93885,
	4.6515 4.92808,
	"/>
</Transform>

<Transform dim="0"
 xcoef=" 0 1 0 0 0 0"
 ycoef=" 0 0 1 0 0 0">
<Contour name="d08" hidden="false" closed="true" simplified="true" border="1 0 0" fill="1 0 0" mode="9"
 points="4.25454 3.76839,
	4.27931 3.74981,
	4.29169 3.74052,
	4.34124 3.73124,
	4.36601 3.72814,
	4.3784 3.72814,
	4.40317 3.71266,
	4.41555 3.70027,
	4.42175 3.68788,
	4.44652 3.66621,
	4.47129 3.65382,
	4.57038 3.64763,
	4.59515 3.65382,
	4.60753 3.66311,
	4.65708 3.66621,
	4.66946 3.66621,
	4.66327 3.66002,
	4.68804 3.65692,
	4.71281 3.66311,
	4.7252 3.66621,
	4.76855 3.71575,
	4.78403 3.74052,
	4.79022 3.75291,
	4.79022 3.7653,
	4.79642 3.77149,
	4.79642 3.82103,
	4.79642 3.8458,
	4.77474 3.86748,
	4.75926 3.89225,
	4.73449 3.91393,
	4.70972 3.92631,
	4.68495 3.93251,
	4.67256 3.9356,
	4.66017 3.96037,
	4.65398 3.97276,
	4.65398 4.0223,
	4.66017 4.04707,
	4.66327 4.05946,
	4.70972 4.10591,
	4.71591 4.11829,
	4.7283 4.12758,
	4.73139 4.15235,
	4.7221 4.17713,
	4.71901 4.18951,
	4.69423 4.20809,
	4.66946 4.20499,
	4.61992 4.16474,
	4.60753 4.15545,
	4.50845 4.12449,
	4.4589 4.09662,
	4.44652 4.08733,
	4.34743 4.08423,
	4.33505 4.08423,
	4.31337 4.06256,
	4.30718 4.03778,
	4.30408 3.9387,
	4.30408 3.88915,
	4.30098 3.86438,
	4.2886 3.84271,
	4.27621 3.83032,
	4.26383 3.80555,
	4.25454 3.79316,
	4.25454 3.77149,
	"/>
</Transform>

<Transform dim="0"
 xcoef=" 0 1 0 0 0 0"
 ycoef=" 0 0 1 0 0 0">
<Contour name="d08" hidden="false" closed="true" simplified="true" border="1 0 0" fill="1 0 0" mode="9"
 points="5.97307 3.87987,
	5.98856 3.85509,
	6.08764 3.79936,
	6.18673 3.73124,
	6.19911 3.72504,
	6.22389 3.70337,
	6.27343 3.6755,
	6.27962 3.66931,
	6.28582 3.66931,
	6.31059 3.65073,
	6.33536 3.65382,
	6.34774 3.65692,
	6.35394 3.65692,
	6.35703 3.68169,
	6.35394 3.70646,
	6.34465 3.71885,
	6.32297 3.73433,
	6.3013 3.75601,
	6.27033 3.80245,
	6.26414 3.82723,
	6.26414 3.83961,
	6.24246 3.86438,
	6.23937 3.87058,
	6.18983 3.87987,
	6.17744 3.88606,
	6.07835 3.89535,
	6.05668 3.91393,
	6.03191 3.92631,
	6.01952 3.93251,
	5.99475 3.93251,
	5.97307 3.90773,
	5.97307 3.88296,
	"/>
</Transform>

<Transform dim="0"
 xcoef=" 0 1 0 0 0 0"
 ycoef=" 0 0 1 0 0 0">
<Contour name="d08p01" hidden="false" closed="true" simplified="false" border="1 0.5 0" fill="1 0.5 0" mode="9"
 points="5.0649 4.88129,
	5.0649 4.87436,
	5.07184 4.86742,
	5.07878 4.86742,
	5.08572 4.87436,
	5.08572 4.88129,
	5.07878 4.88823,
	5.07184 4.88823,
	"/>
<Contour name="d08p02" hidden="false" closed="true" simplified="false" border="0.5 0 1" fill="0.5 0 1" mode="9"
 points="5.59565 4.98189,
	5.58524 4.97842,
	5.59565 4.97496,
	5.58871 4.96455,
	5.59912 4.97149,
	5.60259 4.96108,
	5.60606 4.97149,
	5.61646 4.96455,
	5.60953 4.97496,
	5.61993 4.97842,
	5.60953 4.98189,
	5.61646 4.9923,
	5.60606 4.98536,
	5.60259 4.99577,
	5.59912 4.98536,
	5.58871 4.9923,
	"/>
</Transform>

<Transform dim="0"
 xcoef=" 0 1 0 0 0 0"
 ycoef=" 0 0 1 0 0 0">
<Contour name="d08c05" hidden="false" closed="true" simplified="true" border="1 0 0" fill="0 1 0" mode="9"
 points="6.00943 3.80766,
	6.02422 3.79287,
	6.05803 3.77385,
	6.09183 3.75061,
	6.10874 3.73582,
	6.12564 3.72737,
	6.1341 3.71891,
	6.151 3.71046,
	6.18269 3.68722,
	6.1996 3.67243,
	6.2165 3.66186,
	6.22495 3.65552,
	6.25876 3.65552,
	6.26299 3.65552,
	6.27144 3.66186,
	6.27567 3.66609,
	6.27567 3.68299,
	6.27778 3.69144,
	6.2651 3.70624,
	6.23129 3.73793,
	6.19749 3.76117,
	6.18058 3.77174,
	6.17636 3.77174,
	6.16156 3.7823,
	6.14466 3.78442,
	6.13621 3.79076,
	6.12776 3.79076,
	6.09395 3.81189,
	6.07704 3.82668,
	6.06014 3.83724,
	6.04324 3.83936,
	6.02633 3.83724,
	6.01788 3.83513,
	6.01154 3.82668,
	6.00943 3.80977,
	"/>
<Contour name="d08cfa05" hidden="false" closed="false" simplified="false" border="0 1 1" fill="0 1 1" mode="9"
 points="6.01892 3.83254,
	6.07598 3.79239,
	6.16684 3.73112,
	6.27249 3.67618,
	"/>
</Transform>

<Transform dim="0"
 xcoef=" 0 1 0 0 0 0"
 ycoef=" 0 0 1 0 0 0">
<Contour name="d01p02" hidden="false" closed="true" simplified="false" border="0.251 0 0.502" fill="0.251 0 0.502" mode="-13"
 points="4.99082 1.71253,
	4.96797 1.68968,
	4.99082 1.66683,
	5.01367 1.68968,
	"/>
</Transform>

<Transform dim="0"
 xcoef=" 0 1 0 0 0 0"
 ycoef=" 0 0 1 0 0 0">
<Contour name="d06p01" hidden="false" closed="true" simplified="false" border="1 0 0" fill="1 0 0" mode="-9"
 points="1.97064 7.68184,
	1.97064 7.67688,
	1.9756 7.67191,
	1.98056 7.67191,
	1.98553 7.67688,
	1.98553 7.68184,
	1.98056 7.6868,
	1.9756 7.6868,
	"/>
</Transform>

<Transform dim="0"
 xcoef=" 0 1 0 0 0 0"
 ycoef=" 0 0 1 0 0 0">
<Contour name="d06p02" hidden="false" closed="true" simplified="false" border="0.251 0 0.502" fill="0.251 0 0.502" mode="-13"
 points="2.05501 7.44113,
	2.03764 7.42376,
	2.05501 7.40639,
	2.07238 7.42376,
	"/>
</Transform>

<Transform dim="0"
 xcoef=" 0 1 0 0 0 0"
 ycoef=" 0 0 1 0 0 0">
<Contour name="d07p03" hidden="false" closed="true" simplified="false" border="1 1 0" fill="1 1 0" mode="-13"
 points="2.77961 7.55032,
	2.77961 7.51062,
	2.73991 7.51062,
	2.73991 7.54536,
	2.73494 7.55032,
	2.73494 7.50565,
	2.78457 7.50565,
	2.78457 7.55528,
	2.73494 7.55528,
	2.73991 7.55032,
	"/>
</Transform>

<Transform dim="0"
 xcoef=" 0 1 0 0 0 0"
 ycoef=" 0 0 1 0 0 0">
<Contour name="ax01" comment="LK bouton trace named after cfa" hidden="false" closed="true" simplified="true" border="0 1 1" fill="0.502 1 1" mode="9"
 points="6.74096 0.9893,
	6.74698 0.979672,
	6.74999 0.974858,
	6.75781 0.96523,
	6.76142 0.960416,
	6.76263 0.958009,
	6.76503 0.955602,
	6.77105 0.936345,
	6.77526 0.926717,
	6.78068 0.917089,
	6.78369 0.912275,
	6.78489 0.909868,
	6.79332 0.900239,
	6.79572 0.897832,
	6.80054 0.895425,
	6.81017 0.894222,
	6.81498 0.894823,
	6.82461 0.900239,
	6.82702 0.902045,
	6.83664 0.901443,
	6.84146 0.901443,
	6.84386 0.900239,
	6.84627 0.900239,
	6.8553 0.891213,
	6.86192 0.881585,
	6.86673 0.877372,
	6.86914 0.875567,
	6.8884 0.870151,
	6.89802 0.869549,
	6.90765 0.867142,
	6.91247 0.866541,
	6.93172 0.860523,
	6.94135 0.858718,
	6.96061 0.858718,
	6.97024 0.858116,
	6.97505 0.856311,
	6.98468 0.850895,
	6.98949 0.848488,
	6.99912 0.846081,
	7.01838 0.844275,
	7.03763 0.844877,
	7.04726 0.849089,
	7.05689 0.855709,
	7.06652 0.859319,
	7.07615 0.861125,
	7.08096 0.861125,
	7.08577 0.862328,
	7.10503 0.87677,
	7.10984 0.879779,
	7.11947 0.888204,
	7.1279 0.897832,
	7.14234 0.917089,
	7.14776 0.926717,
	7.15016 0.931531,
	7.15678 0.941159,
	7.16581 0.960416,
	7.16761 0.96523,
	7.17062 0.970044,
	7.17363 0.979672,
	7.17484 0.9893,
	7.17604 0.994115,
	7.17303 1.01337,
	7.17243 1.01819,
	7.16521 1.03744,
	7.15498 1.0567,
	7.14896 1.06633,
	7.11045 1.10364,
	7.10202 1.11326,
	7.09661 1.12289,
	7.0954 1.1247,
	7.09961 1.12951,
	7.11105 1.14877,
	7.11767 1.16802,
	7.12007 1.17765,
	7.11947 1.19691,
	7.11947 1.20172,
	7.11646 1.21135,
	7.11165 1.22098,
	7.10924 1.22579,
	7.10804 1.23061,
	7.10684 1.23301,
	7.10744 1.25227,
	7.11105 1.2619,
	7.11346 1.27153,
	7.11466 1.29078,
	7.11526 1.2956,
	7.11827 1.30523,
	7.12007 1.31004,
	7.12068 1.31485,
	7.11947 1.31967,
	7.11466 1.3293,
	7.11346 1.33411,
	7.11346 1.34374,
	7.11346 1.34615,
	7.11105 1.35096,
	7.10142 1.35878,
	7.09661 1.36179,
	7.08758 1.37142,
	7.08517 1.37623,
	7.07915 1.39549,
	7.07615 1.40512,
	7.07133 1.41475,
	7.06351 1.42438,
	7.05388 1.4328,
	7.04907 1.43641,
	7.03944 1.44062,
	7.03703 1.44243,
	7.03462 1.44303,
	7.03222 1.44484,
	7.02259 1.44724,
	7.01296 1.44845,
	7.00815 1.44784,
	6.98889 1.44123,
	6.98648 1.43942,
	6.98408 1.43882,
	6.98287 1.43761,
	6.97324 1.43581,
	6.93473 1.42377,
	6.9251 1.42077,
	6.92029 1.41896,
	6.91788 1.41715,
	6.89863 1.41114,
	6.86011 1.38586,
	6.8553 1.38165,
	6.85349 1.37684,
	6.85409 1.33832,
	6.85349 1.31907,
	6.84988 1.30944,
	6.84447 1.29981,
	6.84146 1.295,
	6.83965 1.29018,
	6.83965 1.28055,
	6.84086 1.27574,
	6.84266 1.27333,
	6.84567 1.2637,
	6.84567 1.2625,
	6.84687 1.2613,
	6.84988 1.24204,
	6.84988 1.23241,
	6.85048 1.2276,
	6.85048 1.22519,
	6.85229 1.22038,
	6.85289 1.21556,
	6.85229 1.21316,
	6.85048 1.21075,
	6.84988 1.20834,
	6.84868 1.20714,
	6.84808 1.19751,
	6.84808 1.1927,
	6.84988 1.18788,
	6.85048 1.18548,
	6.85229 1.18307,
	6.8553 1.17344,
	6.8565 1.16863,
	6.8565 1.159,
	6.8565 1.15418,
	6.8553 1.14937,
	6.84146 1.13011,
	6.82401 1.11086,
	6.81438 1.10243,
	6.79693 1.08318,
	6.7891 1.07355,
	6.77587 1.05429,
	6.77286 1.04948,
	6.77105 1.04707,
	6.77045 1.04466,
	6.76864 1.04226,
	6.76804 1.03985,
	6.76022 1.03022,
	6.7536 1.02059,
	6.74818 1.01096,
	6.74397 1.00134,
	6.74096 0.996522,
	6.74096 0.991707,
	6.74096 0.989902,
	"/>
</Transform>

<Transform dim="6"
 xcoef=" -0.191582180579832 1.02869860376329 0.0378042996986362 0 0 0"
 ycoef=" -0.317333864060582 0.0161413633569466 1.00648571909726 0 0 0">
<Image mag="0.00217507" contrast="0.917" brightness="0.12" red="true" green="true" blue="true"
 src="FHLTD.51.jpg" />
<Contour name="domain1" hidden="false" closed="true" simplified="false" border="1 0 1" fill="1 0 1" mode="11"
 points="0 0,
	4096 0,
	4096 4096,
	0 4096,
	"/>
</Transform>

<Transform dim="0"
 xcoef=" 0 1 0 0 0 0"
 ycoef=" 0 0 1 0 0 0">
<Contour name="ax01" comment="LK bouton trace named after cfa" hidden="false" closed="true" simplified="true" border="0 1 1" fill="0.502 1 1" mode="9"
 points="7.67177 1.08897,
	7.68454 1.05491,
	7.68667 1.05065,
	7.69519 1.0432,
	7.71222 1.04001,
	7.72074 1.04001,
	7.73777 1.03681,
	7.77183 1.03468,
	7.78035 1.03255,
	7.7846 1.03042,
	7.79206 1.02191,
	7.79738 1.01339,
	7.80377 0.996361,
	7.80483 0.962298,
	7.80589 0.953782,
	7.80909 0.945266,
	7.81973 0.928234,
	7.83676 0.91546,
	7.84102 0.912267,
	7.84954 0.910138,
	7.85805 0.903751,
	7.86657 0.900557,
	7.87083 0.899493,
	7.87509 0.895235,
	7.87934 0.893106,
	7.91341 0.886719,
	7.94747 0.88459,
	7.9645 0.883525,
	7.99857 0.88459,
	8.0156 0.886719,
	8.02411 0.888848,
	8.02837 0.888848,
	8.03263 0.890977,
	8.03689 0.895235,
	8.0454 0.898428,
	8.04966 0.899493,
	8.05179 0.899493,
	8.05818 0.908009,
	8.06031 0.912267,
	8.06031 0.929298,
	8.05924 0.937814,
	8.05605 0.94633,
	8.05179 0.950588,
	8.04966 0.959104,
	8.04753 0.963362,
	8.04008 0.971878,
	8.03795 0.980394,
	8.01773 1.01446,
	8.01241 1.02297,
	8.00495 1.03042,
	7.97089 1.05171,
	7.96237 1.05704,
	7.94534 1.06342,
	7.91128 1.06555,
	7.87722 1.07088,
	7.86018 1.07407,
	7.85167 1.0762,
	7.83464 1.08684,
	7.82612 1.09004,
	7.82186 1.0911,
	7.81335 1.09749,
	7.77928 1.10175,
	7.76225 1.10707,
	7.75373 1.10813,
	7.7367 1.11345,
	7.71967 1.11665,
	7.68561 1.11665,
	7.68135 1.11558,
	7.6739 1.1092,
	7.67177 1.10068,
	7.67177 1.09217,
	7.67177 1.09004,
	"/>
</Transform>

<Transform dim="0"
 xcoef=" 0 1 0 0 0 0"
 ycoef=" 0 0 1 0 0 0">
<Contour name="ax28" comment="LK bouton trace named after cfa" hidden="false" closed="true" simplified="true" border="0 1 1" fill="0.502 1 1" mode="9"
 points="5.50113 3.04312,
	5.51535 3.01277,
	5.5201 3.00519,
	5.52294 3.00139,
	5.53811 2.99286,
	5.5457 2.99096,
	5.57605 2.99001,
	5.59122 2.98906,
	5.5988 2.98622,
	5.60639 2.98148,
	5.61967 2.9663,
	5.6301 2.95113,
	5.64432 2.93691,
	5.65191 2.92932,
	5.6595 2.92363,
	5.68984 2.9113,
	5.72019 2.89328,
	5.74959 2.86578,
	5.76476 2.85346,
	5.77234 2.84587,
	5.77424 2.84587,
	5.77803 2.84208,
	5.79321 2.83354,
	5.80838 2.82785,
	5.82355 2.82406,
	5.83873 2.82216,
	5.84631 2.82216,
	5.85011 2.82216,
	5.8539 2.82501,
	5.8558 2.82595,
	5.87097 2.82027,
	5.87856 2.81647,
	5.88235 2.81363,
	5.94304 2.81647,
	5.95821 2.81932,
	5.97339 2.82785,
	5.99046 2.8582,
	5.99235 2.86578,
	5.98951 2.88096,
	5.98666 2.88854,
	5.97623 2.90372,
	5.96106 2.91794,
	5.93071 2.93406,
	5.91554 2.94639,
	5.90511 2.96156,
	5.88709 2.99191,
	5.88235 2.9995,
	5.86812 3.01467,
	5.86149 3.02225,
	5.84347 3.0526,
	5.83778 3.06019,
	5.82261 3.07441,
	5.81028 3.08958,
	5.80459 3.09717,
	5.79795 3.11234,
	5.79605 3.11993,
	5.78847 3.1351,
	5.78372 3.14269,
	5.75622 3.17304,
	5.75053 3.18062,
	5.74295 3.19579,
	5.73726 3.21097,
	5.73441 3.22614,
	5.73631 3.25649,
	5.73726 3.27166,
	5.7401 3.27925,
	5.742 3.28304,
	5.742 3.28683,
	5.74484 3.29442,
	5.74769 3.30959,
	5.75243 3.32476,
	5.75528 3.33235,
	5.75622 3.3627,
	5.75433 3.37787,
	5.75243 3.37977,
	5.75148 3.38356,
	5.74864 3.38735,
	5.74769 3.39115,
	5.74295 3.39873,
	5.73915 3.40253,
	5.73536 3.40253,
	5.73157 3.40537,
	5.72398 3.40727,
	5.71639 3.40727,
	5.7126 3.40537,
	5.7126 3.40158,
	5.71071 3.39778,
	5.71071 3.36744,
	5.70976 3.35227,
	5.70407 3.33709,
	5.69364 3.32192,
	5.687 3.31433,
	5.6832 3.31054,
	5.67562 3.3058,
	5.66993 3.29821,
	5.66234 3.29157,
	5.6595 3.28778,
	5.6557 3.28588,
	5.64053 3.27166,
	5.6282 3.25649,
	5.61303 3.24226,
	5.58268 3.21855,
	5.5751 3.21097,
	5.54475 3.18631,
	5.53716 3.17967,
	5.53337 3.17588,
	5.52484 3.16071,
	5.52199 3.14553,
	5.52199 3.13036,
	5.52199 3.12278,
	5.50777 3.09243,
	5.50208 3.07726,
	5.50113 3.04691,
	5.50113 3.04407,
	"/>
</Transform>

<Transform dim="0"
 xcoef=" 0 1 0 0 0 0"
 ycoef=" 0 0 1 0 0 0">
<Contour name="ddh_d06ax07" comment="traced by ddh 12/20/18" hidden="false" closed="true" simplified="true" border="0.5 0 1" fill="0.5 0 1" mode="11"
 points="2.02416 8.79418,
	2.02676 8.78032,
	2.02806 8.76645,
	2.02849 8.76299,
	2.03109 8.75605,
	2.03543 8.74912,
	2.03716 8.74739,
	2.04062 8.74609,
	2.04756 8.74566,
	2.06142 8.74696,
	2.06489 8.74782,
	2.09261 8.76125,
	2.09955 8.76515,
	2.10648 8.77078,
	2.10951 8.77425,
	2.11124 8.77598,
	2.11514 8.78248,
	2.11644 8.78422,
	2.11818 8.79115,
	2.11904 8.79461,
	2.11904 8.79635,
	2.12078 8.79981,
	2.12121 8.80328,
	2.12251 8.80501,
	2.12251 8.80588,
	2.12944 8.81151,
	2.13637 8.81541,
	2.15024 8.81758,
	2.1537 8.81801,
	2.16757 8.81671,
	2.1745 8.81628,
	2.18143 8.81714,
	2.18836 8.81931,
	2.1953 8.82321,
	2.19876 8.82581,
	2.20049 8.82667,
	2.21436 8.83794,
	2.22822 8.85094,
	2.23515 8.85743,
	2.23862 8.8609,
	2.24209 8.8635,
	2.25552 8.8765,
	2.26158 8.88343,
	2.26852 8.88993,
	2.27285 8.89686,
	2.27631 8.89989,
	2.28065 8.90683,
	2.28325 8.91376,
	2.28325 8.91462,
	2.28455 8.91636,
	2.28455 8.91722,
	2.28585 8.91896,
	2.28585 8.92069,
	2.28801 8.92416,
	2.29061 8.93109,
	2.29191 8.93282,
	2.29191 8.93369,
	2.29321 8.93542,
	2.29451 8.93889,
	2.29884 8.94582,
	2.30101 8.94928,
	2.31227 8.96315,
	2.31747 8.97008,
	2.31964 8.97355,
	2.32224 8.98048,
	2.32354 8.98394,
	2.32354 8.99088,
	2.32267 8.99434,
	2.32224 8.99608,
	2.32094 8.99781,
	2.32051 8.99954,
	2.31964 9.00041,
	2.31921 9.00214,
	2.31661 9.00561,
	2.31574 9.00734,
	2.30924 9.01427,
	2.30231 9.01731,
	2.29884 9.01817,
	2.28498 9.01861,
	2.27805 9.01731,
	2.27458 9.01644,
	2.26072 9.00994,
	2.25378 9.00561,
	2.23992 8.99868,
	2.22606 8.98958,
	2.21912 8.98741,
	2.21566 8.98611,
	2.21393 8.98568,
	2.21219 8.98438,
	2.19833 8.98005,
	2.1914 8.97788,
	2.18793 8.97701,
	2.1862 8.97658,
	2.18446 8.97528,
	2.181 8.97485,
	2.18013 8.97398,
	2.1732 8.97268,
	2.16627 8.96921,
	2.1628 8.96791,
	2.16107 8.96661,
	2.1602 8.96661,
	2.15847 8.96531,
	2.155 8.96402,
	2.15154 8.96185,
	2.15067 8.96098,
	2.14894 8.96055,
	2.13507 8.95058,
	2.12121 8.94149,
	2.09348 8.92546,
	2.07962 8.91896,
	2.07615 8.91679,
	2.06445 8.90336,
	2.06359 8.90293,
	2.06315 8.90119,
	2.05795 8.89426,
	2.05665 8.89253,
	2.05622 8.8908,
	2.05146 8.88386,
	2.04539 8.87693,
	2.04106 8.87,
	2.03976 8.86827,
	2.03889 8.8674,
	2.03759 8.86393,
	2.03543 8.86047,
	2.03413 8.85873,
	2.03153 8.8518,
	2.02979 8.84834,
	2.02633 8.83447,
	2.02546 8.83101,
	2.02546 8.82754,
	2.02416 8.82061,
	2.02416 8.80674,
	2.02416 8.79981,
	2.02416 8.79635,
	2.02416 8.79461,
	"/>
</Transform>

<Transform dim="0"
 xcoef=" 0 1 0 0 0 0"
 ycoef=" 0 0 1 0 0 0">
<Contour name="ddh_d08ax09b" comment="traced by ddh" hidden="false" closed="true" simplified="true" border="0 1 1" fill="0 1 1" mode="11"
 points="4.03119 3.83392,
	4.03977 3.81963,
	4.04454 3.81391,
	4.05216 3.81105,
	4.05407 3.80915,
	4.06931 3.80915,
	4.07694 3.8101,
	4.08075 3.812,
	4.08456 3.812,
	4.08837 3.81391,
	4.096 3.81486,
	4.09695 3.81677,
	4.1122 3.81868,
	4.11982 3.81963,
	4.12745 3.81868,
	4.13507 3.81582,
	4.13888 3.81582,
	4.1427 3.81296,
	4.1446 3.81296,
	4.14651 3.81105,
	4.16176 3.80819,
	4.19225 3.80629,
	4.22275 3.80724,
	4.238 3.80915,
	4.25324 3.81582,
	4.25515 3.81582,
	4.26277 3.82058,
	4.26849 3.8263,
	4.27993 3.84155,
	4.27993 3.84345,
	4.28851 3.85584,
	4.29041 3.85775,
	4.29041 3.85965,
	4.29232 3.86156,
	4.29708 3.87681,
	4.30185 3.9073,
	4.30471 3.9683,
	4.30375 3.98354,
	4.3028 3.99117,
	4.29613 4.00642,
	4.29327 4.01023,
	4.29327 4.01213,
	4.28755 4.01881,
	4.28374 4.02166,
	4.28183 4.02166,
	4.27421 4.02834,
	4.25992 4.03691,
	4.25229 4.04168,
	4.23704 4.0474,
	4.2218 4.0493,
	4.1913 4.0493,
	4.1608 4.0474,
	4.14556 4.04358,
	4.14174 4.04168,
	4.13984 4.04168,
	4.12554 4.03024,
	4.11315 4.01785,
	4.10076 4.00356,
	4.09791 3.99975,
	4.096 3.99784,
	4.096 3.99593,
	4.09409 3.99498,
	4.09409 3.99307,
	4.08456 3.97783,
	4.0817 3.9702,
	4.0798 3.9683,
	4.0798 3.96639,
	4.07122 3.95114,
	4.06931 3.94733,
	4.06931 3.94542,
	4.06646 3.94066,
	4.05693 3.92541,
	4.05693 3.92351,
	4.05502 3.9216,
	4.05216 3.91398,
	4.0493 3.91112,
	4.04835 3.9073,
	4.04644 3.9054,
	4.04454 3.89777,
	4.04263 3.89587,
	4.04263 3.89396,
	4.04072 3.89206,
	4.03119 3.86156,
	4.03119 3.84631,
	4.03119 3.83869,
	4.03119 3.83488,
	"/>
</Transform>

<Transform dim="0"
 xcoef=" 0 1 0 0 0 0"
 ycoef=" 0 0 1 0 0 0">
<Contour name="ddh_d08ax09b" comment="traced by ddh" hidden="false" closed="true" simplified="true" border="0 1 1" fill="0 1 1" mode="11"
 points="5.47088 3.93989,
	5.4719 3.93579,
	5.4719 3.93373,
	5.47909 3.92757,
	5.4832 3.92654,
	5.49963 3.9173,
	5.50373 3.91525,
	5.50579 3.9132,
	5.52222 3.90806,
	5.53043 3.90601,
	5.54686 3.90498,
	5.55508 3.90396,
	5.55918 3.90396,
	5.56329 3.9019,
	5.5674 3.9019,
	5.56945 3.89985,
	5.57356 3.89985,
	5.57767 3.89779,
	5.57972 3.89779,
	5.58383 3.89471,
	5.59204 3.89163,
	5.59615 3.88855,
	5.61258 3.88239,
	5.62079 3.87828,
	5.6249 3.87828,
	5.64133 3.86904,
	5.64954 3.86391,
	5.65365 3.86186,
	5.68651 3.86391,
	5.69472 3.86391,
	5.70294 3.86596,
	5.70704 3.86596,
	5.71115 3.86802,
	5.71526 3.86802,
	5.71937 3.87007,
	5.78508 3.8711,
	5.78919 3.87212,
	5.79124 3.87212,
	5.7933 3.87418,
	5.80973 3.87931,
	5.81794 3.88445,
	5.82205 3.8865,
	5.82513 3.89061,
	5.82718 3.89061,
	5.8354 3.89574,
	5.84361 3.89882,
	5.86004 3.90087,
	5.86415 3.90087,
	5.86825 3.90293,
	5.87647 3.90396,
	5.88468 3.90909,
	5.88366 3.92552,
	5.88058 3.93373,
	5.87852 3.93784,
	5.86209 3.95119,
	5.85491 3.95632,
	5.8508 3.95838,
	5.84977 3.96043,
	5.84772 3.96043,
	5.83232 3.97172,
	5.8241 3.97686,
	5.81999 3.97994,
	5.81794 3.97994,
	5.78816 4.0015,
	5.7553 4.0128,
	5.72245 4.0128,
	5.68959 4.01074,
	5.68548 4.00869,
	5.66905 4.00561,
	5.66084 4.00561,
	5.62798 3.99945,
	5.62387 3.99945,
	5.62182 3.9974,
	5.6136 3.99637,
	5.61155 3.99637,
	5.6095 3.99431,
	5.60539 3.99431,
	5.59717 3.99123,
	5.58075 3.98815,
	5.57253 3.9861,
	5.56842 3.9861,
	5.56432 3.98405,
	5.54789 3.98097,
	5.54583 3.98097,
	5.54378 3.97891,
	5.52735 3.97481,
	5.51092 3.96762,
	5.50887 3.96762,
	5.50682 3.96556,
	5.4986 3.96351,
	5.49449 3.96146,
	5.49039 3.96146,
	5.48217 3.95735,
	5.47601 3.95222,
	5.47088 3.944,
	5.47088 3.94092,
	"/>
</Transform>

</Section>