<?xml version="1.0"?>
<!DOCTYPE Section SYSTEM "section.dtd">

<Section index="199" thickness="0.045" alignLocked="true">
<Transform dim="6"
 xcoef=" 0.0378746464318156 1.0081619887597 -0.021891705946757 0 0 0"
 ycoef=" 0.000292458085248304 0.0132164509415794 0.986712221313614 0 0 0">
<Contour name="D04" hidden="false" closed="true" simplified="true" border="1 0 0" fill="1 0 0" mode="11"
 points="6.61492 7.72996,
	6.61778 7.69096,
	6.62628 7.65281,
	6.64024 7.61634,
	6.65936 7.58235,
	6.68323 7.55158,
	6.71131 7.5247,
	6.74299 7.5023,
	6.7776 7.48487,
	6.81436 7.47278,
	6.85248 7.4663,
	6.89113 7.46558,
	6.92947 7.47063,
	6.96665 7.48133,
	7.00186 7.49746,
	7.03435 7.51866,
	7.06339 7.54447,
	7.08836 7.57432,
	7.10871 7.60758,
	7.12399 7.6435,
	7.13388 7.68131,
	7.13816 7.72018,
	7.13673 7.75926,
	7.12963 7.79771,
	7.11701 7.83467,
	7.09914 7.86936,
	7.07642 7.901,
	7.04934 7.92891,
	7.01849 7.95248,
	6.98455 7.97119,
	6.94825 7.98464,
	6.91039 7.99254,
	6.87179 7.99471,
	6.8333 7.9911,
	6.79576 7.98179,
	6.75998 7.96699,
	6.72674 7.94702,
	6.69678 7.92231,
	6.67073 7.89341,
	6.64918 7.86094,
	6.63259 7.82562,
	6.62133 7.7882,
	"/>
<Contour name="D05" hidden="false" closed="true" simplified="true" border="1 1 0" fill="1 1 0" mode="11"
 points="2.09299 3.55404,
	2.10475 3.48163,
	2.13888 3.41632,
	2.19205 3.36448,
	2.25904 3.3312,
	2.33329 3.31974,
	2.40755 3.3312,
	2.47454 3.36448,
	2.52771 3.41632,
	2.56184 3.48163,
	2.5736 3.55404,
	2.56184 3.62644,
	2.52771 3.69175,
	2.47454 3.74359,
	2.40755 3.77687,
	2.33329 3.78833,
	2.25904 3.77687,
	2.19205 3.74359,
	2.13888 3.69175,
	"/>
<Contour name="d01" hidden="true" closed="true" simplified="true" border="1 0.5 0" fill="1 0.5 0" mode="9"
 points="5.42874 3.94236,
	5.44473 3.89974,
	5.44473 3.87843,
	5.48202 3.79319,
	5.48735 3.77188,
	5.52464 3.72926,
	5.56726 3.72394,
	5.58857 3.72394,
	5.59922 3.72926,
	5.60988 3.77188,
	5.60455 3.94236,
	5.59922 3.98498,
	5.59922 3.99564,
	5.56193 4.03293,
	5.47669 4.03293,
	5.43407 4.01695,
	5.42874 3.97433,
	5.42874 3.95302,
	5.42874 3.94769,
	"/>
<Contour name="d01" hidden="true" closed="true" simplified="true" border="1 0.5 0" fill="1 0.5 0" mode="9"
 points="4.26202 5.1304,
	4.28865 5.08778,
	4.32595 5.04516,
	4.35258 5.00254,
	4.36857 4.98123,
	4.38988 4.97058,
	4.40053 4.95992,
	4.44315 4.94394,
	4.46446 4.94394,
	4.48044 4.96525,
	4.48577 5.00787,
	4.48577 5.02918,
	4.47512 5.03983,
	4.46446 5.08245,
	4.45381 5.10376,
	4.45381 5.12507,
	4.42184 5.16769,
	4.40586 5.189,
	4.38455 5.189,
	4.36857 5.17302,
	4.35791 5.1304,
	4.35258 5.11975,
	4.26734 5.15704,
	4.26202 5.13573,
	"/>
<Contour name="d01p38" hidden="false" closed="true" simplified="true" border="0.5 0 1" fill="0.5 0 1" mode="13"
 points="4.92146 4.99282,
	4.92466 4.97784,
	4.93394 4.96432,
	4.9484 4.9536,
	4.96661 4.94671,
	4.98681 4.94434,
	5.007 4.94671,
	5.02521 4.9536,
	5.03967 4.96432,
	5.04895 4.97784,
	5.05215 4.99282,
	5.04895 5.0078,
	5.03967 5.02131,
	5.02521 5.03204,
	5.007 5.03892,
	4.98681 5.0413,
	4.96661 5.03892,
	4.9484 5.03204,
	4.93394 5.02131,
	"/>
<Contour name="d01c33" hidden="false" closed="true" simplified="true" border="0 1 0" fill="0 1 0" mode="9"
 points="5.29473 4.36529,
	5.30031 4.35413,
	5.31148 4.34576,
	5.31706 4.34576,
	5.32823 4.35692,
	5.3366 4.37925,
	5.36172 4.42391,
	5.36451 4.43507,
	5.39521 4.47973,
	5.40079 4.49089,
	5.40079 4.50206,
	5.39521 4.50485,
	5.35335 4.47694,
	5.32264 4.43228,
	5.3059 4.40995,
	5.29752 4.38762,
	5.29473 4.36808,
	"/>
<Contour name="d01cfa33" hidden="false" closed="false" simplified="false" border="0 1 1" fill="0 1 1" mode="9"
 points="5.3118 4.34696,
	5.32017 4.39441,
	5.34808 4.44465,
	5.39553 4.49768,
	"/>
<Contour name="d01c34" hidden="false" closed="true" simplified="true" border="0 1 0" fill="0 1 0" mode="9"
 points="5.56547 3.74567,
	5.57663 3.74008,
	5.5878 3.74008,
	5.60734 3.75962,
	5.61571 3.78195,
	5.6185 3.82661,
	5.62129 3.84894,
	5.61292 3.87127,
	5.61013 3.8936,
	5.61013 3.90476,
	5.61292 3.90755,
	5.61013 3.95221,
	5.59617 3.97454,
	5.58501 3.98291,
	5.58222 3.9857,
	5.57942 3.96337,
	5.56547 3.91872,
	5.56826 3.87406,
	5.57942 3.8294,
	5.57942 3.80707,
	5.57105 3.78474,
	5.56547 3.77358,
	5.56547 3.75125,
	5.56547 3.74846,
	"/>
<Contour name="d01cfa34" hidden="false" closed="false" simplified="false" border="0 1 1" fill="0 1 1" mode="9"
 points="5.57695 3.7385,
	5.58254 3.74966,
	5.60207 3.79153,
	5.59928 3.83898,
	5.58812 3.88364,
	5.59091 3.93946,
	5.58812 3.97016,
	"/>
<Contour name="d01c38" hidden="false" closed="true" simplified="true" border="0 1 0" fill="0 1 0" mode="9"
 points="5.06148 4.98643,
	5.0659 4.9776,
	5.07252 4.94229,
	5.07914 4.93566,
	5.08797 4.93787,
	5.09459 4.94449,
	5.09459 4.97981,
	5.10122 5.01513,
	5.10342 5.05045,
	5.09901 5.06811,
	5.09459 5.07694,
	5.09018 5.07914,
	5.08576 5.07031,
	5.08135 5.0659,
	5.07031 5.03058,
	5.06369 5.01292,
	5.06148 4.99526,
	5.06148 4.98864,
	"/>
<Contour name="d01" hidden="true" closed="true" simplified="true" border="1 0.5 0" fill="1 0.5 0" mode="9"
 points="3.8364 4.74142,
	3.90262 4.67078,
	3.93352 4.63546,
	3.95339 4.60015,
	3.96884 4.56483,
	3.97546 4.54717,
	4.06817 4.4059,
	4.09024 4.37058,
	4.12335 4.29994,
	4.13439 4.26463,
	4.14322 4.2558,
	4.16088 4.25138,
	4.30215 4.26683,
	4.31981 4.26683,
	4.35513 4.27787,
	4.37279 4.27787,
	4.4081 4.29111,
	4.41693 4.29553,
	4.48757 4.29994,
	4.52289 4.29994,
	4.54055 4.29994,
	4.61118 4.27566,
	4.62001 4.26904,
	4.69065 4.24697,
	4.70831 4.24255,
	4.71714 4.24034,
	4.72596 4.23152,
	4.73479 4.23152,
	4.77011 4.20723,
	4.78777 4.1984,
	4.80543 4.18295,
	4.81426 4.17412,
	4.84958 4.15867,
	4.86724 4.15647,
	4.90255 4.16088,
	4.97319 4.18958,
	5.00851 4.1962,
	5.04383 4.1962,
	5.11446 4.20723,
	5.14978 4.21386,
	5.15861 4.21606,
	5.19393 4.20944,
	5.20276 4.20723,
	5.23807 4.18295,
	5.2469 4.17854,
	5.28222 4.19178,
	5.29105 4.19399,
	5.32637 4.22931,
	5.33299 4.23814,
	5.3374 4.30877,
	5.3374 4.34409,
	5.37051 4.41473,
	5.39259 4.48536,
	5.39921 4.556,
	5.40142 4.57366,
	5.397 4.59132,
	5.37934 4.60897,
	5.37493 4.61339,
	5.33961 4.61339,
	5.32195 4.61118,
	5.30429 4.60015,
	5.23366 4.52951,
	5.20717 4.49419,
	5.19393 4.47653,
	5.1851 4.4677,
	5.16964 4.43239,
	5.14757 4.39928,
	5.12991 4.39045,
	5.11225 4.38824,
	5.09459 4.39045,
	5.08576 4.39265,
	5.06811 4.4059,
	5.05265 4.47433,
	5.03279 4.54496,
	5.01734 4.58028,
	4.99526 4.6156,
	4.97319 4.68623,
	4.97098 4.70389,
	4.97319 4.72155,
	4.97319 4.73038,
	4.98864 4.74583,
	4.99747 4.75025,
	5.01734 4.78556,
	5.01954 4.80322,
	5.01734 4.81205,
	5.01292 4.81647,
	5.00409 4.85178,
	5.00189 4.86944,
	5.0063 4.8871,
	5.0063 4.89152,
	5.02396 4.90697,
	5.03279 4.90918,
	5.04162 4.90697,
	5.04603 4.90697,
	5.08135 4.93346,
	5.08797 4.94229,
	5.09239 4.9776,
	5.0968 4.99526,
	5.09901 5.03058,
	5.0968 5.04824,
	5.08135 5.08356,
	5.07252 5.10122,
	5.06811 5.10563,
	5.03279 5.11225,
	4.99747 5.11446,
	4.96215 5.11225,
	4.94449 5.11225,
	4.87386 5.1255,
	4.83854 5.12108,
	4.82088 5.11667,
	4.75025 5.1277,
	4.71493 5.13433,
	4.7061 5.1255,
	4.69727 5.12108,
	4.68844 5.12108,
	4.67961 5.11667,
	4.66637 5.09901,
	4.65974 5.08135,
	4.65974 5.06369,
	4.65754 5.05486,
	4.62443 5.02617,
	4.58911 5.02396,
	4.55379 5.01734,
	4.54496 5.01292,
	4.50964 4.9776,
	4.49419 4.94229,
	4.49198 4.93346,
	4.48536 4.92683,
	4.20282 4.96657,
	4.1675 4.97319,
	4.13218 4.98423,
	4.11453 4.99306,
	4.09687 5.0063,
	4.06155 5.04162,
	4.04389 5.05265,
	4.03506 5.05486,
	4.02844 5.06148,
	4.01519 5.0968,
	4.01078 5.11446,
	3.9865 5.14978,
	3.95118 5.17627,
	3.93352 5.1873,
	3.8982 5.19393,
	3.88054 5.18068,
	3.87613 5.17627,
	3.87172 5.15861,
	3.87172 5.14095,
	3.86951 5.13212,
	3.89379 4.99085,
	3.90041 4.95553,
	3.90041 4.93787,
	3.88496 4.92021,
	3.88496 4.88489,
	3.88496 4.86724,
	3.88496 4.85841,
	3.87613 4.84075,
	3.85847 4.8275,
	3.84743 4.80984,
	3.84081 4.79219,
	3.8364 4.75687,
	3.8364 4.74804,
	3.8364 4.74362,
	"/>
<Contour name="d01cfa38" hidden="false" closed="false" simplified="false" border="0 1 1" fill="0 1 1" mode="9"
 points="5.08011 4.9359,
	5.09556 5.07055,
	"/>
<Contour name="d03" hidden="false" closed="true" simplified="true" border="0 1 0" fill="0 1 0" mode="9"
 points="3.28805 2.0308,
	3.30255 2.01993,
	3.30979 2.0145,
	3.32429 2.01269,
	3.35327 2.0145,
	3.36052 2.01269,
	3.3895 1.99095,
	3.42574 1.93479,
	3.44929 1.9058,
	3.46378 1.89312,
	3.47827 1.8895,
	3.48552 1.88588,
	3.5145 1.88406,
	3.52175 1.88225,
	3.57972 1.90218,
	3.60871 1.91305,
	3.61595 1.91667,
	3.7319 1.93479,
	3.78987 1.94204,
	3.90581 1.96377,
	3.9348 1.9674,
	3.94929 1.96921,
	3.95653 1.97102,
	3.98552 1.99457,
	4.01088 2.02356,
	4.02356 2.03805,
	4.03987 2.06704,
	4.05255 2.09602,
	4.0598 2.12501,
	4.06161 2.13225,
	4.07429 2.14675,
	4.07791 2.15037,
	4.08335 2.17936,
	4.07972 2.20834,
	4.08335 2.26631,
	4.08154 2.2808,
	4.08154 2.28805,
	4.05798 2.31704,
	4.04711 2.33153,
	4.03443 2.36052,
	4.01451 2.41849,
	4.00907 2.43298,
	4.00726 2.46196,
	4.00545 2.47646,
	3.99458 2.50544,
	4.01451 2.56341,
	4.02175 2.62139,
	4.02719 2.65037,
	4.02719 2.65399,
	4.01451 2.66849,
	4.00726 2.67573,
	3.97827 2.67936,
	3.9203 2.64856,
	3.86233 2.62139,
	3.83335 2.59965,
	3.81885 2.5924,
	3.70291 2.55617,
	3.67393 2.5453,
	3.65943 2.54168,
	3.60146 2.50907,
	3.54349 2.48008,
	3.529 2.47283,
	3.52175 2.46921,
	3.50907 2.45472,
	3.50182 2.44747,
	3.49639 2.3895,
	3.46921 2.36414,
	3.46921 2.33515,
	3.49277 2.30617,
	3.52175 2.29167,
	3.55074 2.2645,
	3.55617 2.25001,
	3.55798 2.24276,
	3.55979 2.23914,
	3.54892 2.21015,
	3.49277 2.16849,
	3.49095 2.1395,
	3.48914 2.12501,
	3.47827 2.09602,
	3.47465 2.0924,
	3.41668 2.07609,
	3.40943 2.07247,
	3.35146 2.07247,
	3.32247 2.07066,
	3.31523 2.07066,
	3.30074 2.0616,
	3.29349 2.05798,
	3.28987 2.05435,
	3.28805 2.03986,
	3.28805 2.03262,
	"/>
<Contour name="d01c37b" hidden="false" closed="true" simplified="true" border="0 1 0" fill="0 1 0" mode="9"
 points="3.86024 5.0448,
	3.8725 5.02518,
	3.87986 5.01537,
	3.88967 5.01291,
	3.89948 5.01537,
	3.91419 5.03253,
	3.924 5.05215,
	3.924 5.09139,
	3.9191 5.11101,
	3.9191 5.13063,
	3.91419 5.14044,
	3.89457 5.1429,
	3.87495 5.14044,
	3.86514 5.13799,
	3.86024 5.13309,
	3.86024 5.05461,
	3.86024 5.04725,
	"/>
<Contour name="d01cfa37b" hidden="false" closed="false" simplified="false" border="0 1 1" fill="0 1 1" mode="9"
 points="3.89662 5.13993,
	3.90643 5.09333,
	3.90643 5.04673,
	3.88926 5.0173,
	"/>
<Contour name="d03" hidden="false" closed="true" simplified="true" border="0 1 0" fill="0 1 0" mode="9"
 points="3.30837 3.36214,
	3.32735 3.34,
	3.35265 3.32418,
	3.37795 3.32418,
	3.3906 3.32418,
	3.41591 3.34,
	3.41907 3.3906,
	3.41591 3.41591,
	3.40325 3.42223,
	3.35265 3.42223,
	3.32735 3.40642,
	3.31469 3.40009,
	3.30837 3.38744,
	3.30837 3.3653,
	"/>
<Contour name="d03" hidden="false" closed="true" simplified="true" border="0 1 0" fill="0 1 0" mode="9"
 points="3.13441 1.87875,
	3.15022 1.85345,
	3.15655 1.84079,
	3.1692 1.82814,
	3.18185 1.80284,
	3.20399 1.77754,
	3.21664 1.76488,
	3.24195 1.75223,
	3.24827 1.74591,
	3.29888 1.74591,
	3.31153 1.7554,
	3.31153 1.76172,
	3.33051 1.7807,
	3.33051 1.806,
	3.33051 1.81865,
	3.30837 1.83763,
	3.29572 1.86293,
	3.29255 1.96415,
	3.29255 1.9768,
	3.2799 2.0021,
	3.2546 2.01475,
	3.20399 2.02424,
	3.17869 2.02108,
	3.15655 1.99577,
	3.14074 1.97047,
	3.13441 1.96415,
	3.13441 1.91354,
	3.13441 1.88824,
	3.13441 1.88191,
	"/>
<Contour name="d03p33" hidden="false" closed="true" simplified="false" border="1 0 0.5" fill="1 0 0.5" mode="-13"
 points="3.91905 2.54929,
	3.9789 2.54929,
	3.94898 2.60415,
	"/>
<Contour name="d06" hidden="true" closed="true" simplified="true" border="0 0 1" fill="0 0 1" mode="11"
 points="2.63661 6.9424,
	2.65024 6.91515,
	2.69793 6.86064,
	2.72859 6.80955,
	2.75584 6.7857,
	2.81034 6.76185,
	2.91935 6.75845,
	2.97385 6.75845,
	3.00111 6.75845,
	3.01473 6.75845,
	3.02154 6.75845,
	3.03517 6.77207,
	3.06242 6.78229,
	3.11693 6.77889,
	3.14418 6.77207,
	3.19868 6.77207,
	3.21231 6.77207,
	3.26681 6.80614,
	3.32131 6.85383,
	3.33494 6.86746,
	3.34516 6.89471,
	3.34516 6.94921,
	3.34175 6.96284,
	3.33494 6.96965,
	3.32472 6.9969,
	3.31109 7.01053,
	3.30088 7.06503,
	3.30088 7.17404,
	3.30088 7.22854,
	3.30088 7.25579,
	3.30088 7.26261,
	3.27703 7.28645,
	3.24978 7.30348,
	3.23615 7.3137,
	3.22934 7.32052,
	3.01132 7.32052,
	2.95682 7.32052,
	2.90232 7.32733,
	2.79331 7.33074,
	2.77968 7.33074,
	2.77287 7.33074,
	2.76265 7.31711,
	2.76265 7.26261,
	2.75243 7.2081,
	2.74562 7.20129,
	2.74562 7.19448,
	2.70815 7.13997,
	2.6843 7.11272,
	2.67068 7.0991,
	2.66727 7.08547,
	2.65705 7.07184,
	2.65024 7.04459,
	2.63661 7.01734,
	2.63661 6.96284,
	2.63661 6.94921,
	2.63661 6.9458,
	"/>
<Contour name="d06" hidden="true" closed="true" simplified="true" border="0 0 1" fill="0 0 1" mode="11"
 points="2.16652 7.07866,
	2.19718 7.02415,
	2.22443 7.00371,
	2.25168 6.9969,
	2.27893 6.9969,
	2.29256 7.00031,
	2.2619 7.05481,
	2.23805 7.08206,
	2.23124 7.09569,
	2.2074 7.11953,
	2.19377 7.12294,
	2.18014 7.11953,
	2.16652 7.10931,
	2.16652 7.08206,
	"/>
<Contour name="d01p33" hidden="false" closed="true" simplified="false" border="1 0 0.5" fill="1 0 0.5" mode="-13"
 points="5.02019 4.29127,
	5.05936 4.29127,
	5.03978 4.32717,
	"/>
<Contour name="d01p37a" hidden="false" closed="true" simplified="false" border="1 0 1" fill="1 0 1" mode="-13"
 points="4.00828 4.918,
	4.00828 4.90494,
	4.02134 4.89188,
	4.0344 4.89188,
	4.04745 4.90494,
	4.04745 4.918,
	4.0344 4.93106,
	4.02134 4.93106,
	"/>
<Contour name="d03p32" hidden="false" closed="true" simplified="false" border="0.5 0 1" fill="0.5 0 1" mode="9"
 points="3.61075 2.0403,
	3.60193 2.03736,
	3.61075 2.03442,
	3.60487 2.0256,
	3.61369 2.03148,
	3.61662 2.02267,
	3.61956 2.03148,
	3.62838 2.0256,
	3.6225 2.03442,
	3.63132 2.03736,
	3.6225 2.0403,
	3.62838 2.04911,
	3.61956 2.04324,
	3.61662 2.05205,
	3.61369 2.04324,
	3.60487 2.04911,
	"/>
<Contour name="d01p37b" hidden="false" closed="true" simplified="false" border="1 0 1" fill="1 0 1" mode="-13"
 points="4.00828 4.918,
	4.00828 4.90494,
	4.02134 4.89188,
	4.0344 4.89188,
	4.04745 4.90494,
	4.04745 4.918,
	4.0344 4.93106,
	4.02134 4.93106,
	"/>
</Transform>

<Transform dim="6"
 xcoef=" 0.0378746464318156 1.0081619887597 -0.021891705946757 0 0 0"
 ycoef=" 0.000292458085248304 0.0132164509415794 0.986712221313614 0 0 0">
<Contour name="d06p32" hidden="false" closed="true" simplified="false" border="0 1 1" fill="0 1 1" mode="-13"
 points="3.06498 6.88279,
	3.07491 6.87287,
	3.03521 6.83316,
	3.04513 6.82324,
	3.08484 6.86294,
	3.09476 6.85302,
	3.09476 6.88279,
	"/>
</Transform>

<Transform dim="6"
 xcoef=" 0.0378746464318156 1.0081619887597 -0.021891705946757 0 0 0"
 ycoef=" 0.000292458085248304 0.0132164509415794 0.986712221313614 0 0 0">
<Contour name="d06c32" hidden="false" closed="true" simplified="true" border="0 1 0" fill="0 1 0" mode="11"
 points="3.00559 6.76793,
	3.01842 6.75083,
	3.08682 6.75083,
	3.12103 6.7551,
	3.13813 6.7551,
	3.15523 6.76365,
	3.16378 6.7722,
	3.16378 6.8064,
	3.15523 6.81496,
	3.08682 6.81496,
	3.05262 6.81496,
	3.03552 6.81496,
	3.00559 6.78503,
	3.00559 6.7722,
	"/>
</Transform>

<Transform dim="6"
 xcoef=" 0.0378746464318156 1.0081619887597 -0.021891705946757 0 0 0"
 ycoef=" 0.000292458085248304 0.0132164509415794 0.986712221313614 0 0 0">
<Contour name="d06cfa32" hidden="false" closed="false" simplified="false" border="1 1 0" fill="0 1 1" mode="11"
 points="3.16487 6.79047,
	3.06226 6.79475,
	3.0024 6.76909,
	"/>
</Transform>

<Transform dim="0"
 xcoef=" 0 1 0 0 0 0"
 ycoef=" 0 0 1 0 0 0">
<Contour name="ax04" comment="LK bouton trace named after cfa" hidden="false" closed="true" simplified="true" border="0 1 1" fill="0.502 1 1" mode="9"
 points="3.19165 4.70196,
	3.20155 4.68756,
	3.20245 4.68396,
	3.20515 4.68036,
	3.20965 4.66596,
	3.21055 4.65156,
	3.21415 4.63716,
	3.21415 4.63356,
	3.21685 4.62996,
	3.21775 4.62636,
	3.22045 4.62276,
	3.22135 4.61916,
	3.22495 4.61556,
	3.22855 4.60836,
	3.23395 4.60116,
	3.23755 4.59396,
	3.23845 4.56515,
	3.23935 4.55795,
	3.24565 4.55075,
	3.25285 4.54535,
	3.26455 4.53095,
	3.26905 4.52375,
	3.27175 4.51655,
	3.27625 4.50935,
	3.27895 4.50215,
	3.28796 4.48775,
	3.30236 4.47335,
	3.31406 4.45895,
	3.32126 4.45175,
	3.33566 4.44004,
	3.35006 4.43104,
	3.35726 4.42744,
	3.38606 4.42024,
	3.40046 4.41574,
	3.40766 4.41214,
	3.43647 4.40584,
	3.46527 4.40134,
	3.47247 4.39864,
	3.47607 4.39864,
	3.49047 4.38694,
	3.50487 4.37254,
	3.51207 4.36534,
	3.51927 4.35994,
	3.52287 4.35634,
	3.53727 4.34914,
	3.56608 4.33834,
	3.59488 4.33024,
	3.60928 4.33024,
	3.62368 4.33474,
	3.63088 4.33744,
	3.63808 4.34194,
	3.64168 4.34374,
	3.65428 4.35814,
	3.66058 4.36534,
	3.66778 4.36894,
	3.67499 4.37434,
	3.67859 4.37614,
	3.70739 4.40494,
	3.72179 4.41934,
	3.74519 4.44815,
	3.75059 4.45445,
	3.75779 4.46885,
	3.75869 4.47605,
	3.75239 4.53365,
	3.74969 4.54805,
	3.74789 4.55525,
	3.73979 4.56965,
	3.72989 4.58406,
	3.72539 4.59126,
	3.71189 4.60566,
	3.68309 4.62726,
	3.65428 4.64256,
	3.64708 4.64796,
	3.64348 4.64976,
	3.63628 4.65696,
	3.62998 4.67136,
	3.62008 4.68576,
	3.60568 4.70016,
	3.60208 4.70286,
	3.58768 4.70737,
	3.58048 4.71007,
	3.57328 4.71457,
	3.55978 4.72897,
	3.54358 4.75777,
	3.53457 4.77217,
	3.52917 4.77937,
	3.51477 4.78927,
	3.50037 4.79737,
	3.49317 4.80187,
	3.48147 4.81627,
	3.46707 4.82617,
	3.45267 4.83428,
	3.42387 4.85588,
	3.41667 4.86128,
	3.40226 4.86758,
	3.37346 4.87478,
	3.34466 4.87748,
	3.31586 4.87478,
	3.30146 4.87028,
	3.28706 4.86398,
	3.25825 4.84328,
	3.24385 4.83157,
	3.23305 4.81717,
	3.21595 4.78837,
	3.20785 4.77397,
	3.20425 4.75957,
	3.20605 4.75237,
	3.20425 4.74877,
	3.20245 4.74697,
	3.20155 4.74337,
	3.19885 4.73977,
	3.19435 4.72537,
	3.19255 4.72357,
	3.19165 4.70917,
	3.19165 4.70286,
	"/>
</Transform>

<Transform dim="0"
 xcoef=" 0 1 0 0 0 0"
 ycoef=" 0 0 1 0 0 0">
<Contour name="ax12" comment="LK bouton trace named after cfa" hidden="false" closed="true" simplified="true" border="0 1 1" fill="0.502 1 1" mode="9"
 points="1.71773 2.06776,
	1.72074 2.05569,
	1.72225 2.04965,
	1.72225 2.04815,
	1.72452 2.04513,
	1.72527 2.04211,
	1.73809 2.01797,
	1.74413 2.0059,
	1.75997 1.98176,
	1.76676 1.96969,
	1.77506 1.95762,
	1.79543 1.93348,
	1.80674 1.92367,
	1.83088 1.90708,
	1.84295 1.89953,
	1.84899 1.89727,
	1.86106 1.88822,
	1.8852 1.87313,
	1.90934 1.8603,
	1.93348 1.85427,
	1.93951 1.85276,
	1.96365 1.85201,
	1.97572 1.85427,
	2.02401 1.85729,
	2.03608 1.85804,
	2.04211 1.85804,
	2.06625 1.84974,
	2.07832 1.84522,
	2.1266 1.84295,
	2.13867 1.83994,
	2.16281 1.83088,
	2.18695 1.81957,
	2.21109 1.80976,
	2.23523 1.80222,
	2.2473 1.7992,
	2.25937 1.79845,
	2.26541 1.79769,
	2.27748 1.80071,
	2.32576 1.82409,
	2.3499 1.83466,
	2.36197 1.84522,
	2.37178 1.85729,
	2.37781 1.85502,
	2.38988 1.85427,
	2.40195 1.86106,
	2.41327 1.87313,
	2.42081 1.8852,
	2.42307 1.88822,
	2.42458 1.89425,
	2.42534 1.90632,
	2.42609 1.91236,
	2.42383 1.92443,
	2.42156 1.93046,
	2.41779 1.9365,
	2.39742 1.96064,
	2.39516 1.96667,
	2.39441 1.97271,
	2.39742 1.98478,
	2.39818 1.98779,
	2.40723 1.99987,
	2.43062 2.01948,
	2.43665 2.02401,
	2.44872 2.03079,
	2.46079 2.03909,
	2.46683 2.04362,
	2.47211 2.04965,
	2.47286 2.05569,
	2.46909 2.07983,
	2.46758 2.08586,
	2.46758 2.11,
	2.46758 2.12207,
	2.46381 2.14622,
	2.46004 2.15225,
	2.44797 2.16206,
	2.4359 2.17036,
	2.43062 2.17564,
	2.42383 2.18771,
	2.41855 2.19978,
	2.41628 2.20581,
	2.41477 2.21788,
	2.41402 2.2209,
	2.40497 2.23297,
	2.3929 2.24353,
	2.37555 2.26767,
	2.36348 2.27823,
	2.35141 2.28502,
	2.34537 2.28728,
	2.32123 2.28879,
	2.29709 2.28728,
	2.27295 2.28049,
	2.26088 2.27597,
	2.24881 2.26993,
	2.24278 2.26767,
	2.23071 2.26692,
	2.21864 2.26993,
	2.20657 2.27446,
	2.1945 2.28351,
	2.18846 2.28804,
	2.18243 2.28955,
	2.15829 2.28578,
	2.14622 2.28276,
	2.14018 2.28049,
	2.12811 2.27295,
	2.11679 2.26088,
	2.11151 2.25485,
	2.08737 2.24051,
	2.0753 2.23599,
	2.05116 2.23448,
	2.02702 2.22467,
	2.01495 2.22392,
	2.00288 2.22014,
	1.99081 2.21336,
	1.96667 2.19525,
	1.96139 2.18921,
	1.95762 2.18318,
	1.93574 2.15979,
	1.92518 2.14772,
	1.92216 2.14471,
	1.91839 2.13867,
	1.91236 2.13339,
	1.90934 2.13113,
	1.90783 2.13113,
	1.90481 2.12886,
	1.89878 2.12736,
	1.87464 2.12886,
	1.86257 2.13113,
	1.8505 2.13113,
	1.84446 2.13113,
	1.83843 2.12886,
	1.83239 2.12811,
	1.82937 2.12811,
	1.82636 2.1266,
	1.80222 2.12585,
	1.75394 2.12207,
	1.7479 2.12207,
	1.74187 2.12057,
	1.73583 2.11755,
	1.72602 2.10623,
	1.72225 2.1002,
	1.71848 2.08813,
	1.71773 2.07606,
	1.71773 2.07002,
	1.71773 2.06851,
	"/>
</Transform>

<Transform dim="0"
 xcoef=" 0 1 0 0 0 0"
 ycoef=" 0 0 1 0 0 0">
<Contour name="d03" hidden="false" closed="true" simplified="true" border="0 1 0" fill="0 1 0" mode="9"
 points="4.57802 2.63098,
	4.60269 2.61142,
	4.6275 2.59826,
	4.64903 2.57874,
	4.66131 2.56575,
	4.66744 2.55926,
	4.69252 2.55892,
	4.71797 2.57461,
	4.73072 2.58406,
	4.75066 2.63508,
	4.75407 2.64785,
	4.77971 2.67316,
	4.79902 2.69534,
	4.80871 2.70803,
	4.80927 2.73366,
	4.80041 2.75942,
	4.77016 2.81112,
	4.76417 2.82402,
	4.75176 2.8306,
	4.72667 2.83093,
	4.71406 2.82789,
	4.69155 2.80255,
	4.68813 2.78978,
	4.67189 2.76435,
	4.65907 2.7517,
	4.62353 2.70409,
	4.60108 2.68195,
	4.58498 2.66293,
	4.57864 2.65982,
	4.57809 2.63418,
	"/>
<Contour name="d03cfa30ax13" hidden="false" closed="false" simplified="false" border="0 1 1" fill="0 1 1" mode="9"
 points="4.71142 2.81159,
	4.64278 2.72997,
	4.5858 2.67096,
	"/>
</Transform>

<Transform dim="0"
 xcoef=" 0 1 0 0 0 0"
 ycoef=" 0 0 1 0 0 0">
<Contour name="ax13" comment="LK bouton trace named after cfa" hidden="false" closed="true" simplified="true" border="0 1 1" fill="0.502 1 1" mode="9"
 points="4.35231 2.90458,
	4.35557 2.89415,
	4.36404 2.87329,
	4.36665 2.86286,
	4.38751 2.82115,
	4.39533 2.81072,
	4.41358 2.78986,
	4.43444 2.77552,
	4.44487 2.7677,
	4.46573 2.75727,
	4.48659 2.74488,
	4.49702 2.73771,
	4.51787 2.72663,
	4.53873 2.71685,
	4.54395 2.71424,
	4.56285 2.69469,
	4.56807 2.69273,
	4.57067 2.69078,
	4.57589 2.69013,
	4.58632 2.69404,
	4.60718 2.70773,
	4.62803 2.72402,
	4.63846 2.73445,
	4.65411 2.75531,
	4.65802 2.76053,
	4.66063 2.76574,
	4.66193 2.76835,
	4.66454 2.77095,
	4.67106 2.78138,
	4.67432 2.7866,
	4.68279 2.79703,
	4.6867 2.80224,
	4.68866 2.80485,
	4.69191 2.81528,
	4.69322 2.81658,
	4.69191 2.82701,
	4.68735 2.83744,
	4.6867 2.84266,
	4.68735 2.84787,
	4.68931 2.85309,
	4.69322 2.85765,
	4.69583 2.86026,
	4.71668 2.87394,
	4.72125 2.87916,
	4.72385 2.88437,
	4.7232 2.8948,
	4.72125 2.90002,
	4.71799 2.90523,
	4.71277 2.90914,
	4.71017 2.91045,
	4.69974 2.91957,
	4.69452 2.92414,
	4.68214 2.94499,
	4.67953 2.95021,
	4.66975 2.95933,
	4.64889 2.97237,
	4.62803 2.98671,
	4.60718 3.00366,
	4.59935 3.01409,
	4.59414 3.02452,
	4.59088 3.03495,
	4.58827 3.04016,
	4.5811 3.05059,
	4.57719 3.05581,
	4.56741 3.06624,
	4.54656 3.08253,
	4.5257 3.09622,
	4.50484 3.10665,
	4.49962 3.10861,
	4.49702 3.10926,
	4.47616 3.10339,
	4.46573 3.10404,
	4.46051 3.106,
	4.43965 3.10795,
	4.42922 3.10861,
	4.4188 3.11056,
	4.40837 3.11447,
	4.40315 3.11512,
	4.39272 3.11447,
	4.38229 3.11121,
	4.37186 3.106,
	4.36665 3.10339,
	4.35622 3.09296,
	4.35361 3.08775,
	4.35296 3.08253,
	4.35752 3.0721,
	4.36339 3.06167,
	4.36795 3.05646,
	4.37056 3.05385,
	4.37512 3.04342,
	4.37643 3.04081,
	4.37577 3.03039,
	4.37577 3.02778,
	4.37317 3.02256,
	4.37056 3.01213,
	4.36926 3.00953,
	4.36534 2.96781,
	4.36404 2.95738,
	4.35622 2.93652,
	4.35361 2.92609,
	4.35231 2.91566,
	4.35231 2.90523,
	"/>
</Transform>

<Transform dim="0"
 xcoef=" 0 1 0 0 0 0"
 ycoef=" 0 0 1 0 0 0">
<Contour name="ax14" comment="LK bouton trace named after cfa" hidden="false" closed="true" simplified="true" border="0 1 1" fill="0.502 1 1" mode="9"
 points="2.57889 2.6654,
	2.5819 2.65938,
	2.58265 2.65637,
	2.58491 2.65337,
	2.58566 2.65036,
	2.58566 2.64885,
	2.58792 2.64584,
	2.58792 2.64434,
	2.59017 2.64133,
	2.59243 2.63531,
	2.59619 2.62929,
	2.5977 2.62628,
	2.5977 2.62478,
	2.60146 2.61876,
	2.60221 2.61575,
	2.60447 2.61274,
	2.60823 2.6007,
	2.60823 2.59469,
	2.60748 2.59168,
	2.5992 2.57964,
	2.59694 2.57663,
	2.59393 2.56459,
	2.59318 2.54052,
	2.5992 2.51645,
	2.60146 2.51043,
	2.60522 2.50441,
	2.61048 2.49839,
	2.6165 2.49388,
	2.62252 2.49087,
	2.62854 2.48936,
	2.6308 2.48786,
	2.65487 2.48485,
	2.66691 2.4841,
	2.67293 2.48259,
	2.697 2.48259,
	2.70904 2.48335,
	2.72107 2.48184,
	2.72709 2.48184,
	2.7301 2.48184,
	2.73311 2.48335,
	2.74515 2.49388,
	2.75568 2.50516,
	2.75944 2.51118,
	2.7617 2.51419,
	2.7632 2.52021,
	2.7632 2.52623,
	2.76245 2.52924,
	2.76245 2.53074,
	2.75869 2.53676,
	2.75493 2.5488,
	2.75342 2.55481,
	2.75568 2.56685,
	2.75643 2.56986,
	2.76019 2.57588,
	2.76094 2.57889,
	2.77524 2.60296,
	2.78351 2.615,
	2.78577 2.62102,
	2.78728 2.63305,
	2.78728 2.63907,
	2.78728 2.64058,
	2.78577 2.64208,
	2.78502 2.64509,
	2.77674 2.65713,
	2.77148 2.66315,
	2.75944 2.67142,
	2.73537 2.6797,
	2.71129 2.68195,
	2.70527 2.68195,
	2.70227 2.68195,
	2.69926 2.68346,
	2.68722 2.68496,
	2.68421 2.68571,
	2.6812 2.68797,
	2.6797 2.68797,
	2.66766 2.697,
	2.64359 2.71129,
	2.63155 2.71731,
	2.61951 2.71806,
	2.60748 2.71731,
	2.60447 2.71731,
	2.59243 2.71054,
	2.58641 2.70678,
	2.5834 2.70452,
	2.58039 2.6985,
	2.57889 2.68647,
	2.57889 2.67443,
	2.57889 2.66841,
	2.57889 2.66615,
	"/>
</Transform>

<Transform dim="0"
 xcoef=" 0 1 0 0 0 0"
 ycoef=" 0 0 1 0 0 0">
<Contour name="ax16" comment="LK bouton trace named after cfa" hidden="false" closed="true" simplified="true" border="0 1 1" fill="0.502 1 1" mode="9"
 points="2.74326 7.59353,
	2.75424 7.57401,
	2.75973 7.56425,
	2.76278 7.55937,
	2.77925 7.53985,
	2.79694 7.52033,
	2.81646 7.50203,
	2.8555 7.46848,
	2.86526 7.45872,
	2.88478 7.44346,
	2.90431 7.43004,
	2.92383 7.41967,
	2.93359 7.41723,
	2.93847 7.41601,
	2.94823 7.41601,
	2.95311 7.41723,
	2.95555 7.41723,
	2.96531 7.42211,
	2.97507 7.42577,
	2.98483 7.4276,
	2.98971 7.42821,
	2.99947 7.42699,
	3.03851 7.41357,
	3.04827 7.41113,
	3.08731 7.39222,
	3.09707 7.391,
	3.10195 7.39039,
	3.12147 7.39283,
	3.16051 7.39405,
	3.17027 7.39466,
	3.18003 7.39893,
	3.19956 7.41296,
	3.20932 7.42028,
	3.2142 7.42333,
	3.22396 7.42516,
	3.23372 7.42577,
	3.24348 7.42943,
	3.25324 7.43187,
	3.25812 7.43248,
	3.26788 7.43736,
	3.27276 7.44041,
	3.29228 7.45872,
	3.29594 7.4636,
	3.30387 7.48312,
	3.30997 7.50264,
	3.31973 7.52216,
	3.32095 7.5246,
	3.33925 7.54412,
	3.34352 7.549,
	3.35389 7.56852,
	3.35938 7.57828,
	3.3667 7.58804,
	3.37524 7.5978,
	3.37951 7.60268,
	3.39903 7.61732,
	3.40879 7.62403,
	3.42831 7.64294,
	3.43807 7.64721,
	3.44783 7.64904,
	3.46735 7.64477,
	3.47223 7.64233,
	3.49175 7.63745,
	3.51128 7.63074,
	3.5308 7.61671,
	3.54666 7.59719,
	3.55215 7.58743,
	3.56923 7.54839,
	3.56862 7.54351,
	3.56801 7.54229,
	3.5735 7.52277,
	3.57594 7.51301,
	3.58265 7.49349,
	3.60095 7.4154,
	3.60522 7.40564,
	3.60766 7.40076,
	3.61498 7.391,
	3.62474 7.38185,
	3.64426 7.36904,
	3.66378 7.35928,
	3.67354 7.3544,
	3.6833 7.35074,
	3.68818 7.35013,
	3.69062 7.35013,
	3.6955 7.34708,
	3.70526 7.34342,
	3.71014 7.34098,
	3.71258 7.34098,
	3.7138 7.33976,
	3.72356 7.33793,
	3.72844 7.3361,
	3.74796 7.33305,
	3.75284 7.33244,
	3.75772 7.33061,
	3.77663 7.3117,
	3.78639 7.30194,
	3.79615 7.29523,
	3.80103 7.29279,
	3.84008 7.28608,
	3.84496 7.28425,
	3.86448 7.28242,
	3.86936 7.28242,
	3.87912 7.2873,
	3.884 7.28974,
	3.88949 7.29889,
	3.89315 7.30865,
	3.89376 7.31841,
	3.89071 7.35745,
	3.88888 7.36721,
	3.88522 7.37697,
	3.88278 7.38185,
	3.86875 7.40137,
	3.85899 7.40991,
	3.85411 7.41296,
	3.83459 7.43065,
	3.82483 7.43858,
	3.81995 7.44834,
	3.81629 7.45322,
	3.80653 7.46116,
	3.79676 7.46665,
	3.787 7.4697,
	3.78212 7.47031,
	3.7626 7.48068,
	3.74308 7.49288,
	3.72356 7.50386,
	3.7138 7.50874,
	3.70587 7.5185,
	3.70465 7.52094,
	3.6955 7.5307,
	3.68574 7.53863,
	3.66622 7.549,
	3.6467 7.55754,
	3.63694 7.56059,
	3.61742 7.56974,
	3.61254 7.57218,
	3.6101 7.57401,
	3.60827 7.58377,
	3.60888 7.59353,
	3.60827 7.59841,
	3.60461 7.60817,
	3.60339 7.61061,
	3.59485 7.61976,
	3.57533 7.62891,
	3.56557 7.63379,
	3.54605 7.6466,
	3.53751 7.65636,
	3.52714 7.67588,
	3.51799 7.68564,
	3.51372 7.69052,
	3.50274 7.71004,
	3.48321 7.72895,
	3.47345 7.73627,
	3.46369 7.74237,
	3.46125 7.7442,
	3.45149 7.74603,
	3.44173 7.75091,
	3.43197 7.75884,
	3.42648 7.76861,
	3.42282 7.77349,
	3.4216 7.77593,
	3.40391 7.79545,
	3.39476 7.80521,
	3.37951 7.82473,
	3.35145 7.86377,
	3.32522 7.90281,
	3.3118 7.92233,
	3.30875 7.92721,
	3.29899 7.93697,
	3.28923 7.94429,
	3.28435 7.94612,
	3.26483 7.94856,
	3.25995 7.94917,
	3.25019 7.94795,
	3.24043 7.9449,
	3.20139 7.92599,
	3.19651 7.92355,
	3.17698 7.92233,
	3.1721 7.92233,
	3.13306 7.91074,
	3.12818 7.90952,
	3.12574 7.90891,
	3.12452 7.9083,
	3.11476 7.91318,
	3.105 7.91623,
	3.08548 7.91989,
	3.06596 7.92172,
	3.04644 7.92538,
	3.03668 7.9266,
	3.0318 7.9266,
	3.01228 7.91745,
	3.00252 7.91257,
	2.99276 7.90586,
	2.98788 7.90159,
	2.98117 7.89183,
	2.97141 7.8839,
	2.96653 7.88085,
	2.95677 7.8717,
	2.94579 7.85218,
	2.94091 7.8473,
	2.92139 7.84059,
	2.91163 7.83815,
	2.89211 7.82656,
	2.88722 7.82351,
	2.8677 7.80643,
	2.85794 7.79789,
	2.85245 7.78813,
	2.8494 7.77837,
	2.84818 7.77593,
	2.83842 7.76739,
	2.83232 7.75762,
	2.82256 7.7381,
	2.81707 7.72834,
	2.81463 7.72346,
	2.81219 7.7137,
	2.81036 7.70882,
	2.80182 7.69906,
	2.7823 7.68381,
	2.77254 7.67649,
	2.76766 7.67344,
	2.75851 7.6649,
	2.74875 7.64538,
	2.7457 7.63562,
	2.74387 7.6161,
	2.74326 7.59658,
	2.74326 7.59414,
	"/>
</Transform>

<Transform dim="0"
 xcoef=" 0 1 0 0 0 0"
 ycoef=" 0 0 1 0 0 0">
<Contour name="d07" hidden="true" closed="true" simplified="true" border="1 0 1" fill="1 0 1" mode="9"
 points="5.38248 8.51178,
	5.39967 8.47479,
	5.41725 8.45617,
	5.48829 8.41386,
	5.50608 8.40443,
	5.51498 8.39972,
	5.52407 8.40419,
	5.53466 8.47758,
	5.53506 8.49596,
	5.51327 8.52842,
	5.44143 8.53397,
	5.40546 8.53445,
	5.39647 8.53457,
	5.38258 8.51637,
	"/>
<Contour name="d07" hidden="true" closed="true" simplified="true" border="1 0 1" fill="1 0 1" mode="9"
 points="4.09437 7.80756,
	4.12504 7.77039,
	4.16392 7.69634,
	4.19469 7.66376,
	4.26582 7.62604,
	4.3016 7.61637,
	4.44538 7.60985,
	4.51653 7.57214,
	4.52552 7.57202,
	4.53081 7.60871,
	4.53121 7.62709,
	4.50493 7.65961,
	4.46946 7.68306,
	4.45177 7.69708,
	4.44298 7.70639,
	4.43888 7.72483,
	4.4258 7.74339,
	4.4262 7.76176,
	4.4264 7.77094,
	4.44477 7.78908,
	4.48115 7.80698,
	4.51731 7.81568,
	4.58136 7.86537,
	4.65011 7.92419,
	4.71005 7.99232,
	4.72823 8.00127,
	4.79268 8.06934,
	4.85243 8.12827,
	4.85772 8.16497,
	4.86262 8.18328,
	4.87641 8.19689,
	4.91237 8.19641,
	4.94805 8.18213,
	4.96594 8.1773,
	4.98362 8.16328,
	4.99261 8.16316,
	5.00141 8.15385,
	5.01929 8.14901,
	5.02829 8.14889,
	5.04597 8.13487,
	5.05496 8.13475,
	5.07265 8.12073,
	5.14419 8.10139,
	5.21623 8.10503,
	5.22523 8.1049,
	5.23012 8.12321,
	5.23032 8.1324,
	5.20413 8.16952,
	5.20453 8.18789,
	5.19135 8.20186,
	5.17346 8.20669,
	5.16517 8.23897,
	5.16537 8.24816,
	5.14768 8.26218,
	5.13909 8.28068,
	5.13539 8.31749,
	5.1223 8.33605,
	5.121 8.48312,
	5.13919 8.49207,
	5.17525 8.49617,
	5.20303 8.53257,
	5.22141 8.5507,
	5.22671 8.5874,
	5.223 8.6242,
	5.21891 8.64264,
	5.15726 8.70321,
	5.13957 8.71723,
	5.10361 8.71772,
	5.03116 8.69571,
	4.99499 8.687,
	4.97681 8.67805,
	4.96292 8.65986,
	4.95233 8.58648,
	4.94704 8.54978,
	4.93764 8.53152,
	4.93235 8.49484,
	4.90378 8.42169,
	4.8761 8.3899,
	4.84422 8.37194,
	4.80816 8.36783,
	4.79007 8.36347,
	4.72113 8.29547,
	4.71194 8.2864,
	4.67596 8.28688,
	4.65799 8.28712,
	4.62141 8.26004,
	4.61222 8.25098,
	4.54019 8.24734,
	4.50391 8.23404,
	4.46725 8.20237,
	4.43087 8.18447,
	4.35863 8.17166,
	4.32267 8.17214,
	4.30468 8.17238,
	4.28649 8.16343,
	4.25872 8.12703,
	4.24053 8.11809,
	4.22205 8.09536,
	4.21305 8.09548,
	4.17629 8.05921,
	4.1579 8.04107,
	4.14372 8.0091,
	4.14212 7.93559,
	4.13683 7.8989,
	4.11804 7.86239,
	4.09966 7.84426,
	4.09447 7.81216,
	"/>
<Contour name="d07" hidden="true" closed="true" simplified="true" border="1 0 1" fill="1 0 1" mode="9"
 points="4.10742 8.61617,
	4.12911 8.57912,
	4.16438 8.54648,
	4.19995 8.52762,
	4.27179 8.52207,
	4.28978 8.52183,
	4.30406 8.5584,
	4.30936 8.59509,
	4.30526 8.61352,
	4.27448 8.6461,
	4.2569 8.66472,
	4.22133 8.68358,
	4.20354 8.69301,
	4.16758 8.69349,
	4.1312 8.6756,
	4.11292 8.66206,
	4.10762 8.62536,
	4.10752 8.62077,
	"/>
<Contour name="d07cfa34ax22" hidden="false" closed="false" simplified="false" border="0 1 1" fill="0 1 1" mode="9"
 points="5.19213 8.52073,
	5.13296 8.49902,
	5.10998 8.45435,
	5.11618 8.40179,
	"/>
<Contour name="d07cfa34ax22" hidden="false" closed="false" simplified="false" border="0 1 1" fill="0 1 1" mode="9"
 points="5.12587 8.34168,
	5.13215 8.29287,
	5.15701 8.25506,
	5.18521 8.20221,
	"/>
<Contour name="d07cfa34ax22" hidden="false" closed="false" simplified="false" border="0 1 1" fill="0 1 1" mode="9"
 points="4.93589 8.54665,
	4.9121 8.4645,
	4.88911 8.41983,
	4.84461 8.39793,
	4.78537 8.37248,
	"/>
<Contour name="d07p34" hidden="false" closed="true" simplified="false" border="1 0 0" fill="1 0 0" mode="-13"
 points="4.74419 8.22443,
	4.75611 8.20667,
	4.74343 8.18923,
	4.75081 8.18913,
	4.76098 8.20409,
	4.7705 8.18887,
	4.77787 8.18877,
	4.76596 8.20654,
	4.77864 8.22397,
	4.77126 8.22407,
	4.76109 8.20911,
	4.75158 8.22433,
	"/>
</Transform>

<Transform dim="0"
 xcoef=" 0 1 0 0 0 0"
 ycoef=" 0 0 1 0 0 0">
<Contour name="ax22" comment="LK bouton trace named after cfa" hidden="false" closed="true" simplified="true" border="0 1 1" fill="0.502 1 1" mode="9"
 points="4.1522 8.74813,
	4.16396 8.72462,
	4.16983 8.71286,
	4.1713 8.70993,
	4.19481 8.69523,
	4.21832 8.6754,
	4.24036 8.65189,
	4.26093 8.62838,
	4.27929 8.60487,
	4.28738 8.59312,
	4.29178 8.58724,
	4.29986 8.56373,
	4.30133 8.51671,
	4.30207 8.49321,
	4.30207 8.48733,
	4.30427 8.48145,
	4.30354 8.47557,
	4.30574 8.4697,
	4.3197 8.44619,
	4.3366 8.42342,
	4.34835 8.41901,
	4.37186 8.4146,
	4.38361 8.4124,
	4.40712 8.40285,
	4.413 8.39917,
	4.41594 8.3977,
	4.43945 8.39623,
	4.46296 8.39036,
	4.47471 8.38521,
	4.48059 8.38301,
	4.49234 8.38154,
	4.49528 8.38081,
	4.51879 8.39183,
	4.53054 8.39329,
	4.5423 8.39697,
	4.56581 8.39917,
	4.57756 8.3977,
	4.58344 8.3977,
	4.59519 8.39476,
	4.60695 8.39403,
	4.6187 8.3955,
	4.64221 8.40211,
	4.65396 8.40505,
	4.66572 8.41019,
	4.68923 8.40652,
	4.70098 8.40578,
	4.71273 8.40652,
	4.71861 8.40799,
	4.72449 8.40725,
	4.73624 8.40211,
	4.748 8.3955,
	4.75387 8.39329,
	4.76563 8.39256,
	4.77151 8.39329,
	4.77738 8.39183,
	4.80089 8.39109,
	4.8244 8.39844,
	4.83028 8.40211,
	4.84203 8.40725,
	4.86554 8.42121,
	4.87142 8.42342,
	4.88317 8.43443,
	4.89052 8.44619,
	4.89272 8.44913,
	4.89419 8.455,
	4.89786 8.46088,
	4.90227 8.47264,
	4.91256 8.51965,
	4.9155 8.54316,
	4.91403 8.55492,
	4.91182 8.56079,
	4.90962 8.57255,
	4.90815 8.59606,
	4.90741 8.60193,
	4.90301 8.61369,
	4.88905 8.6372,
	4.8817 8.64895,
	4.86113 8.67246,
	4.84203 8.69597,
	4.82807 8.71948,
	4.82293 8.73123,
	4.81044 8.75474,
	4.8075 8.76062,
	4.79061 8.78412,
	4.78106 8.79588,
	4.7693 8.80469,
	4.74873 8.8282,
	4.72522 8.85098,
	4.70171 8.86934,
	4.67821 8.88624,
	4.6547 8.90093,
	4.64882 8.90608,
	4.63707 8.91269,
	4.63119 8.9171,
	4.62825 8.92003,
	4.58123 8.94354,
	4.53422 8.96338,
	4.4872 8.97881,
	4.46369 8.98248,
	4.44018 8.98395,
	4.39316 8.98321,
	4.38729 8.98174,
	4.36378 8.98542,
	4.35202 8.98982,
	4.32852 9.00084,
	4.32264 9.00158,
	4.29913 8.99717,
	4.27562 8.99423,
	4.25211 8.98615,
	4.24771 8.98027,
	4.24477 8.9744,
	4.24256 8.96264,
	4.2433 8.95089,
	4.24403 8.94501,
	4.26166 8.89799,
	4.27709 8.85098,
	4.2815 8.83922,
	4.28223 8.83628,
	4.27636 8.82453,
	4.26681 8.81278,
	4.26387 8.80984,
	4.24036 8.79661,
	4.2286 8.79294,
	4.2051 8.79221,
	4.19334 8.79294,
	4.18159 8.79147,
	4.17571 8.79,
	4.16983 8.78633,
	4.15955 8.77457,
	4.15587 8.7687,
	4.15367 8.76282,
	4.1522 8.75107,
	4.1522 8.74886,
	"/>
</Transform>

<Transform dim="0"
 xcoef=" 0 1 0 0 0 0"
 ycoef=" 0 0 1 0 0 0">
<Contour name="ax22" comment="LK bouton trace named after cfa" hidden="false" closed="true" simplified="true" border="0 1 1" fill="0.502 1 1" mode="9"
 points="5.11385 8.455,
	5.12381 8.40946,
	5.12452 8.39807,
	5.12381 8.38669,
	5.12168 8.3753,
	5.12025 8.36961,
	5.12097 8.34683,
	5.12025 8.33545,
	5.12524 8.2899,
	5.13022 8.26713,
	5.13164 8.26144,
	5.13805 8.25005,
	5.14587 8.23866,
	5.14872 8.23582,
	5.14943 8.23297,
	5.19071 8.18743,
	5.21348 8.16821,
	5.22487 8.15896,
	5.24408 8.1369,
	5.24622 8.13405,
	5.25191 8.1305,
	5.26329 8.12694,
	5.28607 8.12623,
	5.29745 8.12409,
	5.3003 8.12409,
	5.32307 8.10701,
	5.33446 8.09776,
	5.33731 8.09491,
	5.343 8.09135,
	5.36577 8.08282,
	5.41132 8.07783,
	5.41416 8.07783,
	5.42555 8.07285,
	5.43693 8.06502,
	5.45971 8.05364,
	5.50525 8.04083,
	5.52802 8.03442,
	5.5508 8.03087,
	5.56218 8.03158,
	5.57357 8.03585,
	5.58496 8.03727,
	5.59065 8.03727,
	5.60204 8.04225,
	5.61342 8.04581,
	5.61485 8.04581,
	5.61769 8.04794,
	5.62338 8.04866,
	5.64616 8.06218,
	5.65754 8.07214,
	5.66751 8.08353,
	5.67605 8.09491,
	5.68174 8.1063,
	5.69028 8.12907,
	5.6917 8.15184,
	5.68814 8.17462,
	5.68814 8.17746,
	5.67889 8.20024,
	5.67676 8.20593,
	5.67605 8.21162,
	5.66822 8.23439,
	5.66893 8.24009,
	5.66679 8.25147,
	5.66253 8.26286,
	5.65968 8.26855,
	5.66466 8.27353,
	5.67605 8.27567,
	5.68174 8.27923,
	5.68743 8.28492,
	5.69099 8.29631,
	5.68957 8.302,
	5.68886 8.30485,
	5.68387 8.31054,
	5.67818 8.31339,
	5.67249 8.31481,
	5.66679 8.31481,
	5.6611 8.31268,
	5.65612 8.30841,
	5.64758 8.29702,
	5.64189 8.29204,
	5.63619 8.28848,
	5.62054 8.31125,
	5.60132 8.33402,
	5.59136 8.34541,
	5.58851 8.34826,
	5.58282 8.35964,
	5.57144 8.36961,
	5.54866 8.38526,
	5.52589 8.39736,
	5.5145 8.40377,
	5.49173 8.41017,
	5.48035 8.41373,
	5.45757 8.42511,
	5.44619 8.43081,
	5.4348 8.43864,
	5.42982 8.44433,
	5.4163 8.4671,
	5.40989 8.47849,
	5.40705 8.48418,
	5.40562 8.48703,
	5.39424 8.49699,
	5.38285 8.50339,
	5.36008 8.51193,
	5.34869 8.51478,
	5.30315 8.53542,
	5.29745 8.53827,
	5.27468 8.54396,
	5.26899 8.54467,
	5.2576 8.54396,
	5.24622 8.53969,
	5.24052 8.53827,
	5.22914 8.53257,
	5.20636 8.52617,
	5.16082 8.51905,
	5.14943 8.51478,
	5.13805 8.50766,
	5.12666 8.49841,
	5.12168 8.49343,
	5.11599 8.48205,
	5.11385 8.47066,
	5.11385 8.45927,
	5.11385 8.45643,
	5.11385 8.45571,
	"/>
</Transform>

<Transform dim="6"
 xcoef=" -0.991622106226085 1.1528823945316 0.0807684355999389 0 0 0"
 ycoef=" -1.50997182213885 0.0686589860545193 1.03986467152543 0 0 0">
<Image mag="0.00217507" contrast="0.892095" brightness="0.12" red="true" green="true" blue="true"
 src="FHLTD.199.jpg" />
<Contour name="domain1" hidden="false" closed="true" simplified="false" border="1 0 1" fill="1 0 1" mode="11"
 points="0 0,
	4096 0,
	4096 4096,
	0 4096,
	"/>
</Transform>

<Transform dim="0"
 xcoef=" 0 1 0 0 0 0"
 ycoef=" 0 0 1 0 0 0">
<Contour name="ax23" comment="LK bouton trace named after cfa" hidden="false" closed="true" simplified="true" border="0 1 1" fill="0.502 1 1" mode="9"
 points="3.65426 9.40122,
	3.65758 9.3906,
	3.65758 9.38529,
	3.6609 9.37467,
	3.66289 9.36936,
	3.66356 9.3667,
	3.66754 9.36139,
	3.66887 9.35873,
	3.67883 9.35143,
	3.68015 9.3501,
	3.69078 9.3501,
	3.69609 9.35077,
	3.70671 9.34944,
	3.71733 9.34678,
	3.72265 9.34612,
	3.72796 9.34413,
	3.73858 9.34346,
	3.7492 9.34678,
	3.75451 9.34944,
	3.75717 9.3501,
	3.75983 9.35209,
	3.76248 9.35276,
	3.76381 9.35409,
	3.77443 9.35873,
	3.77576 9.35873,
	3.77709 9.36006,
	3.7824 9.36139,
	3.78506 9.36272,
	3.79568 9.36471,
	3.8063 9.36537,
	3.82755 9.36471,
	3.8302 9.36537,
	3.83551 9.37002,
	3.83883 9.37533,
	3.84083 9.38064,
	3.84149 9.40189,
	3.84149 9.4072,
	3.83883 9.41251,
	3.83087 9.42181,
	3.82024 9.42845,
	3.81493 9.43044,
	3.81228 9.4311,
	3.80165 9.43708,
	3.79634 9.43907,
	3.79501 9.4404,
	3.7897 9.44239,
	3.77908 9.45036,
	3.77443 9.45368,
	3.77178 9.45567,
	3.77045 9.45567,
	3.76049 9.46231,
	3.75916 9.46363,
	3.74854 9.46563,
	3.73792 9.46563,
	3.7326 9.46563,
	3.72198 9.46231,
	3.71667 9.46098,
	3.71136 9.46098,
	3.70074 9.46363,
	3.69011 9.46363,
	3.6848 9.46297,
	3.68215 9.46231,
	3.67684 9.45699,
	3.67285 9.45235,
	3.67152 9.44969,
	3.6702 9.44836,
	3.6702 9.44704,
	3.66422 9.43641,
	3.66422 9.43509,
	3.66223 9.43243,
	3.65426 9.41118,
	3.65426 9.40587,
	3.65426 9.40322,
	3.65426 9.40189,
	"/>
</Transform>

<Transform dim="0"
 xcoef=" 0 1 0 0 0 0"
 ycoef=" 0 0 1 0 0 0">
<Contour name="d03c30ax13" hidden="false" closed="true" simplified="true" border="0 1 0" fill="0 1 0" mode="9"
 points="4.57198 2.73802,
	4.58988 2.65318,
	4.59187 2.64258,
	4.59319 2.63728,
	4.59386 2.63462,
	4.59452 2.6333,
	4.61573 2.63993,
	4.62633 2.64324,
	4.68996 2.72742,
	4.72178 2.76983,
	4.73768 2.79104,
	4.74166 2.79635,
	4.65682 2.84539,
	4.64622 2.85136,
	4.64489 2.85202,
	4.58988 2.76718,
	4.57596 2.74597,
	4.57265 2.74067,
	4.57198 2.73868,
	"/>
</Transform>

<Transform dim="0"
 xcoef=" 0 1 0 0 0 0"
 ycoef=" 0 0 1 0 0 0">
<Contour name="d07c34ax22" hidden="false" closed="true" simplified="true" border="0 1 0" fill="0 1 0" mode="9"
 points="5.07996 8.34036,
	5.09737 8.27071,
	5.10172 8.2533,
	5.12349 8.21847,
	5.13328 8.20106,
	5.14525 8.18474,
	5.2149 8.21194,
	5.21925 8.21412,
	5.22034 8.2163,
	5.1964 8.28594,
	5.18443 8.32077,
	5.1779 8.33818,
	5.17572 8.34253,
	5.10607 8.34362,
	5.08866 8.34362,
	5.07996 8.34253,
	5.07996 8.34144,
	"/>
<Contour name="d07c34ax22" hidden="false" closed="true" simplified="true" border="0 1 0" fill="0 1 0" mode="9"
 points="5.08322 8.39912,
	5.09193 8.39803,
	5.16157 8.40239,
	5.17028 8.40347,
	5.17463 8.40456,
	5.16919 8.43939,
	5.16702 8.4568,
	5.16593 8.46115,
	5.18116 8.47856,
	5.18878 8.48727,
	5.19205 8.49162,
	5.19313 8.49598,
	5.18552 8.56562,
	5.18552 8.5678,
	5.18334 8.56889,
	5.11369 8.53515,
	5.09628 8.52645,
	5.09301 8.52318,
	5.08757 8.45353,
	5.08431 8.41871,
	5.08322 8.4013,
	5.08322 8.40021,
	"/>
</Transform>

<Transform dim="0"
 xcoef=" 0 1 0 0 0 0"
 ycoef=" 0 0 1 0 0 0">
<Contour name="d07c34ax22" hidden="false" closed="true" simplified="true" border="0 1 0" fill="0 1 0" mode="9"
 points="4.76648 8.42509,
	4.7863 8.3647,
	4.79668 8.3345,
	4.8014 8.3194,
	4.80234 8.31562,
	4.80517 8.31279,
	4.86557 8.33733,
	4.89576 8.3496,
	4.89954 8.35243,
	4.93445 8.41282,
	4.96748 8.53361,
	4.96843 8.53739,
	4.96937 8.53927,
	4.96843 8.54116,
	4.90803 8.55249,
	4.89293 8.55532,
	4.88916 8.55626,
	4.88066 8.54211,
	4.86651 8.51191,
	4.8599 8.49681,
	4.85613 8.48926,
	4.85424 8.48549,
	4.79385 8.44491,
	4.77875 8.43453,
	4.7712 8.42981,
	4.76742 8.42698,
	4.76648 8.42603,
	"/>
</Transform>

</Section>