<?xml version="1.0"?>
<!DOCTYPE Section SYSTEM "section.dtd">

<Section index="136" thickness="0.045" alignLocked="true">
<Transform dim="6"
 xcoef=" 0.0630421550332155 1.01161358043972 -0.0232860853193382 0 0 0"
 ycoef=" -0.167070823324978 0.0206018529314313 1.00550325163609 0 0 0">
<Contour name="d01" hidden="true" closed="true" simplified="true" border="1 0.5 0" fill="1 0.5 0" mode="9"
 points="5.56723 2.84814,
	5.59393 2.81699,
	5.59838 2.81254,
	5.61618 2.81699,
	5.63398 2.81254,
	5.65178 2.81699,
	5.66513 2.83034,
	5.64288 2.90154,
	5.63843 2.91934,
	5.60728 2.9416,
	5.58948 2.9416,
	5.57168 2.92379,
	5.58058 2.88819,
	5.56723 2.85259,
	"/>
</Transform>

<Transform dim="6"
 xcoef=" 0.0630421550332155 1.01161358043972 -0.0232860853193382 0 0 0"
 ycoef=" -0.167070823324978 0.0206018529314313 1.00550325163609 0 0 0">
<Contour name="d01" hidden="true" closed="true" simplified="true" border="1 0.5 0" fill="1 0.5 0" mode="9"
 points="4.88894 4.21288,
	4.8956 4.19956,
	4.89893 4.1929,
	4.92557 4.18623,
	4.93223 4.18957,
	4.95887 4.18623,
	4.97219 4.1829,
	4.98552 4.18623,
	4.99218 4.18623,
	5.0055 4.19956,
	5.01549 4.2262,
	5.01549 4.25284,
	5.00217 4.30613,
	4.99218 4.31612,
	4.96553 4.31612,
	4.93889 4.30946,
	4.91225 4.29614,
	4.89227 4.27282,
	4.88894 4.21954,
	4.88894 4.21621,
	"/>
</Transform>

<Transform dim="6"
 xcoef=" 0.0630421550332155 1.01161358043972 -0.0232860853193382 0 0 0"
 ycoef=" -0.167070823324978 0.0206018529314313 1.00550325163609 0 0 0">
<Contour name="d01" hidden="true" closed="true" simplified="true" border="1 0.5 0" fill="1 0.5 0" mode="9"
 points="4.71243 4.77237,
	4.71909 4.75905,
	4.74573 4.73241,
	4.78903 4.67912,
	4.81567 4.65914,
	4.92224 4.60919,
	4.97219 4.58588,
	4.99218 4.55923,
	5.01549 4.54258,
	5.02881 4.53592,
	5.0821 4.53259,
	5.09542 4.53259,
	5.12206 4.54591,
	5.13538 4.55257,
	5.15869 4.57588,
	5.13538 4.60253,
	5.12872 4.60919,
	5.07544 4.61918,
	5.02215 4.65581,
	4.97219 4.69911,
	4.93223 4.75239,
	4.87895 4.80235,
	4.8523 4.82899,
	4.83898 4.83565,
	4.7857 4.84564,
	4.77237 4.84897,
	4.74573 4.83232,
	4.73241 4.819,
	4.71909 4.81234,
	4.71243 4.80568,
	4.71243 4.77903,
	4.71243 4.7757,
	"/>
</Transform>

<Transform dim="6"
 xcoef=" 0.0630421550332155 1.01161358043972 -0.0232860853193382 0 0 0"
 ycoef=" -0.167070823324978 0.0206018529314313 1.00550325163609 0 0 0">
<Contour name="d01c48" hidden="false" closed="true" simplified="true" border="0 1 0" fill="0 1 0" mode="9"
 points="4.81937 4.81582,
	4.87264 4.7661,
	4.8975 4.74834,
	4.92236 4.71993,
	4.95078 4.69862,
	4.97919 4.68441,
	5.0076 4.65955,
	5.06442 4.62404,
	5.07863 4.62049,
	5.08573 4.62049,
	5.08928 4.62759,
	5.08218 4.6418,
	5.05377 4.65955,
	5.04667 4.65955,
	5.01825 4.68441,
	5.00405 4.69152,
	4.95078 4.74124,
	4.94367 4.74834,
	4.92947 4.74834,
	4.87975 4.80161,
	4.85133 4.82647,
	4.82292 4.83002,
	4.81937 4.81937,
	"/>
</Transform>

<Transform dim="6"
 xcoef=" 0.0630421550332155 1.01161358043972 -0.0232860853193382 0 0 0"
 ycoef=" -0.167070823324978 0.0206018529314313 1.00550325163609 0 0 0">
<Contour name="d01cfa48" hidden="false" closed="false" simplified="false" border="0 1 1" fill="0 1 1" mode="9"
 points="5.08528 4.62904,
	4.82976 4.8258,
	"/>
</Transform>

<Transform dim="6"
 xcoef=" 0.0630421550332155 1.01161358043972 -0.0232860853193382 0 0 0"
 ycoef=" -0.167070823324978 0.0206018529314313 1.00550325163609 0 0 0">
<Contour name="d03" hidden="false" closed="true" simplified="true" border="0 1 0" fill="0 1 0" mode="9"
 points="3.15373 2.67081,
	3.15767 2.65504,
	3.18329 2.59197,
	3.18723 2.5762,
	3.19709 2.56043,
	3.20103 2.55255,
	3.23257 2.52495,
	3.26411 2.51313,
	3.29564 2.50721,
	3.29959 2.50721,
	3.32915 2.47962,
	3.37252 2.41654,
	3.39223 2.38501,
	3.40602 2.35347,
	3.41194 2.3377,
	3.41194 2.30616,
	3.41194 2.29039,
	3.38631 2.25886,
	3.35675 2.23126,
	3.34295 2.21746,
	3.32718 2.18593,
	3.32521 2.17016,
	3.32324 2.16227,
	3.33309 2.13074,
	3.33901 2.11497,
	3.34886 2.0992,
	3.36266 2.0854,
	3.3666 2.08343,
	3.39814 2.10708,
	3.40602 2.113,
	3.41588 2.14453,
	3.44545 2.17213,
	3.45333 2.18001,
	3.5164 2.2017,
	3.54794 2.20761,
	3.56371 2.21155,
	3.59525 2.21155,
	3.61102 2.21155,
	3.73717 2.18396,
	3.7687 2.1741,
	3.80024 2.1465,
	3.80812 2.13074,
	3.82389 2.13271,
	3.82784 2.13271,
	3.8574 2.16227,
	3.8712 2.17804,
	3.90076 2.20367,
	3.92048 2.2352,
	3.92245 2.26674,
	3.92245 2.27462,
	3.93822 2.30616,
	3.94216 2.31405,
	3.97369 2.34164,
	3.98749 2.35544,
	4.02889 2.41851,
	4.0821 2.48159,
	4.0959 2.49144,
	4.15898 2.51313,
	4.19051 2.51904,
	4.20628 2.52101,
	4.21417 2.52101,
	4.2457 2.53481,
	4.25359 2.54072,
	4.2733 2.57226,
	4.2595 2.6038,
	4.23388 2.63533,
	4.21811 2.64716,
	4.21022 2.65307,
	4.17869 2.64913,
	4.14715 2.63927,
	4.13138 2.63336,
	4.06831 2.58803,
	4.03677 2.56043,
	4.021 2.54663,
	3.95793 2.53284,
	3.92639 2.52495,
	3.86331 2.52298,
	3.84755 2.52298,
	3.83966 2.52298,
	3.80812 2.53481,
	3.79236 2.54466,
	3.76082 2.57423,
	3.75293 2.58211,
	3.74505 2.59788,
	3.74111 2.60577,
	3.74505 2.62153,
	3.74702 2.62942,
	3.74505 2.6373,
	3.72337 2.66884,
	3.69183 2.69446,
	3.67015 2.726,
	3.66424 2.75754,
	3.66818 2.78908,
	3.65438 2.82061,
	3.64452 2.83441,
	3.61299 2.84032,
	3.58145 2.84032,
	3.54991 2.84624,
	3.53414 2.84821,
	3.50261 2.86398,
	3.47107 2.86989,
	3.4553 2.87186,
	3.44742 2.87186,
	3.38434 2.84032,
	3.36857 2.83244,
	3.3055 2.78316,
	3.27396 2.76542,
	3.24242 2.7536,
	3.22666 2.74768,
	3.21089 2.73783,
	3.17935 2.71023,
	3.15373 2.6787,
	3.15373 2.67278,
	"/>
</Transform>

<Transform dim="6"
 xcoef=" 0.0630421550332155 1.01161358043972 -0.0232860853193382 0 0 0"
 ycoef=" -0.167070823324978 0.0206018529314313 1.00550325163609 0 0 0">
<Contour name="D10" hidden="false" closed="true" simplified="true" border="0 1 1" fill="0 1 1" mode="11"
 points="5.238 1.93454,
	5.24557 1.90157,
	5.26754 1.87183,
	5.30177 1.84823,
	5.34489 1.83307,
	5.3927 1.82785,
	5.4405 1.83307,
	5.48363 1.84823,
	5.51785 1.87183,
	5.53983 1.90157,
	5.5474 1.93454,
	5.53983 1.96751,
	5.51785 1.99725,
	5.48363 2.02085,
	5.4405 2.03601,
	5.3927 2.04123,
	5.34489 2.03601,
	5.30177 2.02085,
	5.26754 1.99725,
	"/>
</Transform>

<Transform dim="6"
 xcoef=" 0.0630421550332155 1.01161358043972 -0.0232860853193382 0 0 0"
 ycoef=" -0.167070823324978 0.0206018529314313 1.00550325163609 0 0 0">
<Contour name="d03" hidden="false" closed="true" simplified="true" border="0 1 0" fill="0 1 0" mode="9"
 points="3.49498 3.26725,
	3.51079 3.21664,
	3.51395 3.16604,
	3.51712 3.15339,
	3.55824 3.11543,
	3.57089 3.11543,
	3.57721 3.11543,
	3.5867 3.12808,
	3.58986 3.33051,
	3.58986 3.43172,
	3.58354 3.45702,
	3.57089 3.46967,
	3.54558 3.46967,
	3.52344 3.44437,
	3.51079 3.39377,
	3.5013 3.36846,
	3.49498 3.31786,
	3.49498 3.27041,
	"/>
</Transform>

<Transform dim="6"
 xcoef=" 0.0630421550332155 1.01161358043972 -0.0232860853193382 0 0 0"
 ycoef=" -0.167070823324978 0.0206018529314313 1.00550325163609 0 0 0">
<Contour name="d03c18" hidden="false" closed="true" simplified="true" border="1 0 0" fill="1 0 0" mode="9"
 points="3.28663 2.18381,
	3.29755 2.16925,
	3.30301 2.16197,
	3.31757 2.16015,
	3.33213 2.16561,
	3.33576 2.17289,
	3.33576 2.18745,
	3.33394 2.19473,
	3.33576 2.20201,
	3.32849 2.20564,
	3.32667 2.21292,
	3.31211 2.21474,
	3.29755 2.2111,
	3.28663 2.19655,
	3.28663 2.18927,
	3.28663 2.18563,
	"/>
<Contour name="d03cfa18" hidden="false" closed="false" simplified="false" border="0 1 1" fill="0 1 1" mode="9"
 points="3.32839 2.20718,
	3.31565 2.20172,
	3.30837 2.1817,
	3.30837 2.1635,
	"/>
</Transform>

<Transform dim="6"
 xcoef=" 0.0630421550332155 1.01161358043972 -0.0232860853193382 0 0 0"
 ycoef=" -0.167070823324978 0.0206018529314313 1.00550325163609 0 0 0">
<Contour name="d06" hidden="true" closed="true" simplified="true" border="0 0 1" fill="0 0 1" mode="11"
 points="2.22937 6.73828,
	2.23773 6.71598,
	2.27396 6.67418,
	2.28511 6.66861,
	2.32133 6.62681,
	2.34641 6.58222,
	2.35756 6.55993,
	2.36592 6.54878,
	2.37149 6.52649,
	2.37985 6.51534,
	2.37985 6.50977,
	2.38543 6.50419,
	2.39379 6.48469,
	2.39658 6.4401,
	2.39658 6.41781,
	2.39658 6.40666,
	2.4133 6.38436,
	2.42444 6.37322,
	2.44674 6.36486,
	2.46903 6.36486,
	2.48854 6.38158,
	2.4969 6.38994,
	2.54148 6.38994,
	2.56378 6.38436,
	2.60558 6.3565,
	2.62787 6.33978,
	2.65017 6.31748,
	2.6641 6.29798,
	2.66967 6.28683,
	2.69197 6.26732,
	2.71426 6.25896,
	2.73655 6.24224,
	2.7477 6.2311,
	2.76999 6.21716,
	2.79229 6.21716,
	2.81458 6.22274,
	2.82573 6.22831,
	2.82852 6.23946,
	2.84245 6.26175,
	2.85081 6.28404,
	2.85081 6.30634,
	2.85081 6.31748,
	2.85081 6.32306,
	2.82852 6.33978,
	2.80622 6.35092,
	2.78393 6.35371,
	2.74491 6.37322,
	2.72262 6.38715,
	2.70869 6.40108,
	2.7059 6.41223,
	2.69475 6.42338,
	2.68918 6.44567,
	2.69197 6.53485,
	2.69197 6.57943,
	2.69197 6.60173,
	2.68361 6.61288,
	2.68082 6.62402,
	2.65017 6.66861,
	2.60837 6.7132,
	2.58607 6.7327,
	2.57492 6.74106,
	2.57214 6.74664,
	2.56656 6.74664,
	2.54427 6.76057,
	2.52198 6.76614,
	2.5164 6.77172,
	2.47182 6.78008,
	2.38264 6.78008,
	2.33805 6.7745,
	2.24888 6.7745,
	2.23773 6.77172,
	2.22937 6.76336,
	2.22937 6.74106,
	"/>
</Transform>

<Transform dim="6"
 xcoef=" 0.0630421550332155 1.01161358043972 -0.0232860853193382 0 0 0"
 ycoef=" -0.167070823324978 0.0206018529314313 1.00550325163609 0 0 0">
<Contour name="d06" hidden="true" closed="true" simplified="true" border="0 0 1" fill="0 0 1" mode="11"
 points="2.7059 6.79401,
	2.71147 6.77172,
	2.75327 6.7327,
	2.84245 6.68254,
	2.88704 6.66861,
	2.90933 6.65746,
	2.93162 6.63517,
	2.9372 6.62681,
	2.9567 6.6073,
	2.96506 6.60173,
	2.99572 6.55993,
	2.99851 6.51534,
	2.99851 6.49305,
	2.99851 6.4819,
	3.00408 6.47075,
	3.02637 6.45125,
	3.04867 6.43731,
	3.13784 6.41223,
	3.16014 6.3983,
	3.17128 6.39551,
	3.17686 6.38994,
	3.19915 6.38158,
	3.21308 6.35928,
	3.21308 6.33699,
	3.22144 6.3147,
	3.2298 6.30634,
	3.31898 6.30634,
	3.36357 6.30912,
	3.37471 6.30912,
	3.39422 6.32306,
	3.40258 6.33142,
	3.44717 6.3342,
	3.49175 6.31191,
	3.5029 6.30634,
	3.51405 6.30912,
	3.53634 6.32584,
	3.55864 6.33699,
	3.60322 6.34535,
	3.64781 6.37322,
	3.6924 6.38994,
	3.73699 6.3983,
	3.74813 6.40387,
	3.75928 6.41502,
	3.76207 6.45961,
	3.75928 6.47075,
	3.75928 6.47633,
	3.75371 6.4819,
	3.73699 6.52649,
	3.71469 6.53763,
	3.6924 6.54042,
	3.68682 6.54042,
	3.6701 6.58501,
	3.6701 6.6073,
	3.68404 6.65189,
	3.68682 6.74106,
	3.68682 6.76336,
	3.6701 6.78286,
	3.65896 6.79401,
	3.63666 6.79959,
	3.45831 6.79959,
	3.36914 6.80237,
	3.27996 6.83303,
	3.25767 6.8386,
	3.23538 6.84975,
	3.2298 6.85532,
	3.21866 6.85811,
	3.20751 6.86647,
	3.19636 6.86925,
	3.19079 6.87483,
	3.1685 6.8804,
	3.15735 6.88876,
	3.13505 6.89433,
	3.12391 6.89712,
	3.10161 6.91105,
	3.09047 6.91941,
	3.00129 6.9222,
	2.9567 6.91941,
	2.93441 6.91105,
	2.92326 6.91105,
	2.91212 6.90548,
	2.90654 6.90548,
	2.88704 6.88597,
	2.87589 6.87761,
	2.8731 6.83303,
	2.8731 6.82188,
	2.86753 6.81631,
	2.82294 6.81631,
	2.80065 6.81909,
	2.77836 6.82745,
	2.73377 6.83024,
	2.72262 6.83024,
	2.71705 6.83024,
	2.7059 6.81909,
	2.7059 6.7968,
	"/>
</Transform>

<Transform dim="6"
 xcoef=" 0.0630421550332155 1.01161358043972 -0.0232860853193382 0 0 0"
 ycoef=" -0.167070823324978 0.0206018529314313 1.00550325163609 0 0 0">
<Contour name="d06c16" hidden="false" closed="true" simplified="true" border="0 1 0" fill="0 1 0" mode="11"
 points="2.25352 6.58688,
	2.27893 6.5191,
	2.31706 6.45556,
	2.35094 6.43015,
	2.36789 6.41744,
	2.38483 6.4132,
	2.41872 6.42591,
	2.42719 6.42591,
	2.43566 6.49369,
	2.42295 6.52334,
	2.41872 6.55722,
	2.40601 6.59111,
	2.36365 6.65465,
	2.32976 6.6843,
	2.29588 6.70548,
	2.27893 6.70972,
	2.26199 6.70548,
	2.25352 6.69701,
	2.25352 6.62924,
	2.25352 6.59535,
	2.25352 6.59111,
	"/>
<Contour name="d06c16" hidden="false" closed="true" simplified="true" border="0 1 0" fill="0 1 0" mode="11"
 points="2.42295 6.37084,
	2.5585 6.29036,
	2.62628 6.27765,
	2.64322 6.26918,
	2.67711 6.27342,
	2.68135 6.3073,
	2.65169 6.34119,
	2.63899 6.35814,
	2.62204 6.36661,
	2.6051 6.38355,
	2.57545 6.40473,
	2.54156 6.41744,
	2.50767 6.42167,
	2.4399 6.40897,
	2.42295 6.39626,
	2.42295 6.37932,
	2.42295 6.37508,
	"/>
<Contour name="d06cfa16" hidden="false" closed="false" simplified="false" border="0 1 1" fill="0 1 1" mode="11"
 points="2.26274 6.69804,
	2.3178 6.65144,
	2.33898 6.5879,
	2.3644 6.50742,
	2.39405 6.41423,
	"/>
<Contour name="d06cfa16" hidden="false" closed="false" simplified="false" border="0 1 1" fill="0 1 1" mode="11"
 points="2.41947 6.37611,
	2.42794 6.37611,
	2.48301 6.37187,
	2.55078 6.37187,
	2.62703 6.32951,
	2.67362 6.28715,
	"/>
</Transform>

<Transform dim="6"
 xcoef=" 0.0630421550332155 1.01161358043972 -0.0232860853193382 0 0 0"
 ycoef=" -0.167070823324978 0.0206018529314313 1.00550325163609 0 0 0">
<Contour name="d07" hidden="true" closed="true" simplified="true" border="1 0 1" fill="1 0 1" mode="9"
 points="3.69547 7.42268,
	3.70001 7.40455,
	3.73175 7.3728,
	3.80429 7.34106,
	3.87684 7.3456,
	3.94486 7.38641,
	3.98113 7.39548,
	4.01741 7.39548,
	4.02648 7.39548,
	4.06275 7.3728,
	4.07635 7.3592,
	4.07635 7.34106,
	4.1489 7.33653,
	4.16704 7.33653,
	4.18518 7.35013,
	4.22145 7.36374,
	4.24866 7.39094,
	4.28493 7.40908,
	4.30307 7.42722,
	4.31214 7.43629,
	4.31214 7.47256,
	4.31214 7.4907,
	4.30307 7.49977,
	4.294 7.49977,
	4.28493 7.50883,
	4.27586 7.54511,
	4.27586 7.61766,
	4.2804 7.6358,
	4.27586 7.65393,
	4.26226 7.67207,
	4.24412 7.68114,
	4.17157 7.68114,
	4.1353 7.71288,
	4.10809 7.74915,
	4.08996 7.76276,
	4.05368 7.76276,
	4.04461 7.77182,
	4.00834 7.76729,
	3.9902 7.75822,
	3.97206 7.74008,
	3.93579 7.71741,
	3.86324 7.69021,
	3.79069 7.68114,
	3.75442 7.65847,
	3.74535 7.6494,
	3.74535 7.5043,
	3.73175 7.48616,
	3.71361 7.48163,
	3.69547 7.46803,
	3.69547 7.43175,
	3.69547 7.42722,
	"/>
<Contour name="d07" hidden="true" closed="true" simplified="true" border="1 0 1" fill="1 0 1" mode="9"
 points="3.85417 8.31141,
	3.87231 8.27513,
	3.87684 8.23886,
	3.89045 8.20259,
	3.90858 8.18445,
	3.92672 8.17538,
	3.93579 8.17538,
	3.95393 8.19352,
	3.9902 8.19805,
	4.00834 8.19805,
	4.01741 8.19805,
	4.03555 8.21165,
	4.04461 8.22072,
	4.04461 8.22979,
	4.08089 8.257,
	4.10356 8.29327,
	4.10356 8.43837,
	4.08996 8.47464,
	4.08089 8.49278,
	4.04915 8.51545,
	3.9766 8.51999,
	3.90858 8.45197,
	3.89498 8.43384,
	3.88591 8.39756,
	3.88591 8.37942,
	3.85871 8.35222,
	3.85417 8.31594,
	"/>
</Transform>

<Transform dim="6"
 xcoef=" 0.0630421550332155 1.01161358043972 -0.0232860853193382 0 0 0"
 ycoef=" -0.167070823324978 0.0206018529314313 1.00550325163609 0 0 0">
<Contour name="d08" hidden="false" closed="true" simplified="true" border="1 0 0" fill="1 0 0" mode="9"
 points="4.19262 2.13766,
	4.2133 2.10458,
	4.24224 2.0715,
	4.27532 2.0715,
	4.29186 2.0715,
	4.35801 2.03429,
	4.37455 2.02602,
	4.50686 2.03843,
	4.57302 2.07977,
	4.58956 2.09218,
	4.6061 2.09631,
	4.62264 2.10872,
	4.65571 2.10458,
	4.68879 2.08391,
	4.70533 2.0715,
	4.72187 2.06737,
	4.75495 2.07564,
	4.8211 2.07564,
	4.85418 2.07977,
	4.88726 2.10045,
	4.92034 2.10872,
	4.93688 2.12525,
	4.94928 2.13352,
	4.98236 2.12939,
	5.01544 2.13766,
	5.03197 2.14179,
	5.094 2.20795,
	5.10227 2.21622,
	5.1064 2.2493,
	5.13534 2.31545,
	5.13534 2.32372,
	5.2015 2.38574,
	5.21804 2.40228,
	5.22217 2.43536,
	5.19323 2.46017,
	5.18496 2.46844,
	5.1188 2.46844,
	5.08573 2.44776,
	5.02784 2.38161,
	5.01957 2.36507,
	5.01957 2.29891,
	4.97822 2.23689,
	4.94515 2.23276,
	4.92861 2.23276,
	4.89553 2.26584,
	4.76322 2.35267,
	4.73014 2.3692,
	4.66398 2.37334,
	4.63091 2.40228,
	4.49859 2.4643,
	4.48205 2.47671,
	4.47379 2.48498,
	4.46552 2.48498,
	4.44898 2.49738,
	4.38282 2.50979,
	4.34974 2.51392,
	4.31667 2.50979,
	4.25464 2.44776,
	4.22984 2.41469,
	4.19262 2.28237,
	4.19262 2.15006,
	4.19262 2.14179,
	"/>
</Transform>

<Transform dim="6"
 xcoef=" 0.0630421550332155 1.01161358043972 -0.0232860853193382 0 0 0"
 ycoef=" -0.167070823324978 0.0206018529314313 1.00550325163609 0 0 0">
<Contour name="d08" hidden="false" closed="true" simplified="true" border="1 0 0" fill="1 0 0" mode="9"
 points="4.65985 1.69524,
	4.68466 1.66216,
	4.75081 1.61668,
	4.76735 1.60428,
	4.77149 1.59601,
	4.80456 1.61255,
	4.81283 1.61668,
	4.82937 1.68284,
	4.85418 1.74899,
	4.88726 1.81515,
	4.88726 1.84823,
	4.88312 1.86477,
	4.81697 1.91025,
	4.80043 1.92265,
	4.73427 1.91852,
	4.72187 1.90198,
	4.7136 1.76967,
	4.68466 1.73659,
	4.66812 1.72419,
	4.65985 1.71592,
	4.65985 1.69938,
	"/>
</Transform>

<Transform dim="6"
 xcoef=" 0.0630421550332155 1.01161358043972 -0.0232860853193382 0 0 0"
 ycoef=" -0.167070823324978 0.0206018529314313 1.00550325163609 0 0 0">
<Contour name="d08c23a" hidden="false" closed="true" simplified="true" border="1 0 0" fill="0 1 0" mode="9"
 points="4.77354 1.5946,
	4.78723 1.58091,
	4.8146 1.57749,
	4.82829 1.57749,
	4.83856 1.59118,
	4.83856 1.60487,
	4.83856 1.61171,
	4.86593 1.62882,
	4.87962 1.63909,
	4.88304 1.66646,
	4.90015 1.72121,
	4.90699 1.74859,
	4.91042 1.80334,
	4.91042 1.83071,
	4.91042 1.83756,
	4.90357 1.8444,
	4.8762 1.8444,
	4.86251 1.83413,
	4.83171 1.77938,
	4.81118 1.72463,
	4.79407 1.70068,
	4.79065 1.68699,
	4.78038 1.67331,
	4.77696 1.61856,
	4.77354 1.60487,
	4.77354 1.59802,
	"/>
<Contour name="d08cfa23a" hidden="false" closed="false" simplified="false" border="0 1 1" fill="0 1 1" mode="9"
 points="4.88384 1.83817,
	4.86331 1.76289,
	4.81883 1.63628,
	4.77434 1.58837,
	"/>
</Transform>

<Transform dim="6"
 xcoef=" 0.0630421550332155 1.01161358043972 -0.0232860853193382 0 0 0"
 ycoef=" -0.167070823324978 0.0206018529314313 1.00550325163609 0 0 0">
<Contour name="D05" hidden="false" closed="true" simplified="true" border="1 1 0" fill="1 1 0" mode="11"
 points="3.06665 2.65275,
	3.06724 2.64524,
	3.06897 2.63847,
	3.07166 2.63309,
	3.07504 2.62964,
	3.0788 2.62845,
	3.08255 2.62964,
	3.08594 2.63309,
	3.08862 2.63847,
	3.09035 2.64524,
	3.09094 2.65275,
	3.09035 2.66025,
	3.08862 2.66703,
	3.08594 2.6724,
	3.08255 2.67585,
	3.0788 2.67704,
	3.07504 2.67585,
	3.07166 2.6724,
	3.06897 2.66703,
	"/>
</Transform>

<Transform dim="6"
 xcoef=" 0.0630421550332155 1.01161358043972 -0.0232860853193382 0 0 0"
 ycoef=" -0.167070823324978 0.0206018529314313 1.00550325163609 0 0 0">
<Contour name="D11" hidden="false" closed="true" simplified="true" border="1 0.5 0" fill="1 0.5 0" mode="11"
 points="3.46021 3.52004,
	3.46318 3.50878,
	3.47181 3.49862,
	3.48525 3.49056,
	3.50218 3.48538,
	3.52094 3.4836,
	3.53971 3.48538,
	3.55664 3.49056,
	3.57008 3.49862,
	3.57871 3.50878,
	3.58168 3.52004,
	3.57871 3.5313,
	3.57008 3.54146,
	3.55664 3.54952,
	3.53971 3.55469,
	3.52094 3.55648,
	3.50218 3.55469,
	3.48525 3.54952,
	3.47181 3.54146,
	"/>
<Contour name="D11" hidden="false" closed="true" simplified="true" border="1 0.5 0" fill="1 0.5 0" mode="11"
 points="3.7323 4.01806,
	3.73554 3.97595,
	3.74511 3.93575,
	3.76058 3.89926,
	3.78125 3.86814,
	3.80618 3.8438,
	3.83426 3.82733,
	3.8642 3.81949,
	3.89466 3.82061,
	3.92426 3.83067,
	3.95166 3.84918,
	3.97563 3.87534,
	3.99508 3.90794,
	4.00913 3.94552,
	4.01714 3.98637,
	4.01877 4.02866,
	4.01392 4.07047,
	4.00282 4.10992,
	3.98598 4.14521,
	3.96415 4.17475,
	3.93832 4.19721,
	3.90965 4.21158,
	3.87945 4.2172,
	3.84908 4.21382,
	3.8199 4.2016,
	3.79325 4.18108,
	3.77032 4.15319,
	3.75215 4.11919,
	3.73955 4.08063,
	"/>
</Transform>

<Transform dim="6"
 xcoef=" 0.0630421550332155 1.01161358043972 -0.0232860853193382 0 0 0"
 ycoef=" -0.167070823324978 0.0206018529314313 1.00550325163609 0 0 0">
<Contour name="D11" hidden="false" closed="true" simplified="true" border="1 0.5 0" fill="1 0.5 0" mode="11"
 points="3.98496 4.98253,
	3.98929 4.94899,
	4.00193 4.91817,
	4.02185 4.89256,
	4.04745 4.87425,
	4.07664 4.8647,
	4.10706 4.8647,
	4.13626 4.87425,
	4.16185 4.89256,
	4.18177 4.91817,
	4.19441 4.94899,
	4.19874 4.98253,
	4.19441 5.01607,
	4.18177 5.04689,
	4.16185 5.07249,
	4.13626 5.09081,
	4.10706 5.10036,
	4.07664 5.10036,
	4.04745 5.09081,
	4.02185 5.07249,
	4.00193 5.04689,
	3.98929 5.01607,
	"/>
</Transform>

<Transform dim="6"
 xcoef=" 0.0630421550332155 1.01161358043972 -0.0232860853193382 0 0 0"
 ycoef=" -0.167070823324978 0.0206018529314313 1.00550325163609 0 0 0">
<Contour name="D14" hidden="false" closed="true" simplified="true" border="1 0 0" fill="1 0 0" mode="11"
 points="3.24157 2.86167,
	3.24371 2.85267,
	3.24992 2.84454,
	3.25959 2.83809,
	3.27178 2.83395,
	3.28529 2.83252,
	3.29881 2.83395,
	3.311 2.83809,
	3.32067 2.84454,
	3.32688 2.85267,
	3.32902 2.86167,
	3.32688 2.87068,
	3.32067 2.87881,
	3.311 2.88526,
	3.29881 2.8894,
	3.28529 2.89083,
	3.27178 2.8894,
	3.25959 2.88526,
	3.24992 2.87881,
	"/>
</Transform>

<Transform dim="6"
 xcoef=" 0.0630421550332155 1.01161358043972 -0.0232860853193382 0 0 0"
 ycoef=" -0.167070823324978 0.0206018529314313 1.00550325163609 0 0 0">
<Contour name="D14" hidden="false" closed="true" simplified="true" border="1 0 0" fill="1 0 0" mode="11"
 points="4.60688 3.95004,
	4.60878 3.93653,
	4.6143 3.92434,
	4.6229 3.91466,
	4.63374 3.90845,
	4.64575 3.90631,
	4.65776 3.90845,
	4.6686 3.91466,
	4.6772 3.92434,
	4.68272 3.93653,
	4.68462 3.95004,
	4.68272 3.96355,
	4.6772 3.97574,
	4.6686 3.98542,
	4.65776 3.99163,
	4.64575 3.99377,
	4.63374 3.99163,
	4.6229 3.98542,
	4.6143 3.97574,
	"/>
</Transform>

<Transform dim="6"
 xcoef=" 0.0630421550332155 1.01161358043972 -0.0232860853193382 0 0 0"
 ycoef=" -0.167070823324978 0.0206018529314313 1.00550325163609 0 0 0">
<Contour name="D15" hidden="false" closed="true" simplified="true" border="1 1 0" fill="1 1 0" mode="11"
 points="5.89446 5.47326,
	5.8979 5.456,
	5.90791 5.44042,
	5.9235 5.42806,
	5.94314 5.42012,
	5.96491 5.41739,
	5.98668 5.42012,
	6.00632 5.42806,
	6.0219 5.44042,
	6.03191 5.456,
	6.03536 5.47326,
	6.03191 5.49053,
	6.0219 5.50611,
	6.00632 5.51847,
	5.98668 5.52641,
	5.96491 5.52914,
	5.94314 5.52641,
	5.9235 5.51847,
	5.90791 5.50611,
	"/>
<Contour name="D15" hidden="false" closed="true" simplified="true" border="1 1 0" fill="1 1 0" mode="11"
 points="6.61355 5.46598,
	6.61813 5.43577,
	6.63158 5.40746,
	6.65306 5.38282,
	6.68121 5.36342,
	6.71427 5.35045,
	6.75016 5.34475,
	6.78663 5.34666,
	6.82138 5.35607,
	6.85223 5.37238,
	6.87724 5.39458,
	6.89484 5.42126,
	6.90393 5.45075,
	6.90393 5.4812,
	6.89484 5.51069,
	6.87724 5.53737,
	6.85223 5.55957,
	6.82138 5.57588,
	6.78663 5.58529,
	6.75016 5.58721,
	6.71427 5.5815,
	6.68121 5.56854,
	6.65306 5.54913,
	6.63158 5.52449,
	6.61813 5.49618,
	"/>
</Transform>

<Transform dim="6"
 xcoef=" 0.0630421550332155 1.01161358043972 -0.0232860853193382 0 0 0"
 ycoef=" -0.167070823324978 0.0206018529314313 1.00550325163609 0 0 0">
<Contour name="D16" hidden="false" closed="true" simplified="true" border="0 0 1" fill="0 0 1" mode="11"
 points="2.15786 1.9858,
	2.16012 1.96597,
	2.16667 1.94809,
	2.17687 1.9339,
	2.18972 1.92478,
	2.20397 1.92165,
	2.21822 1.92478,
	2.23107 1.9339,
	2.24127 1.94809,
	2.24782 1.96597,
	2.25008 1.9858,
	2.24782 2.00562,
	2.24127 2.02351,
	2.23107 2.0377,
	2.21822 2.04681,
	2.20397 2.04995,
	2.18972 2.04681,
	2.17687 2.0377,
	2.16667 2.02351,
	"/>
</Transform>

<Transform dim="6"
 xcoef=" 0.0630421550332155 1.01161358043972 -0.0232860853193382 0 0 0"
 ycoef=" -0.167070823324978 0.0206018529314313 1.00550325163609 0 0 0">
<Contour name="D18" hidden="false" closed="true" simplified="true" border="1 0 0" fill="1 0 0" mode="11"
 points="3.59732 5.29374,
	3.60016 5.28135,
	3.60842 5.27017,
	3.62128 5.2613,
	3.63749 5.2556,
	3.65546 5.25364,
	3.67342 5.2556,
	3.68963 5.2613,
	3.70249 5.27017,
	3.71075 5.28135,
	3.71359 5.29374,
	3.71075 5.30613,
	3.70249 5.31731,
	3.68963 5.32618,
	3.67342 5.33187,
	3.65546 5.33383,
	3.63749 5.33187,
	3.62128 5.32618,
	3.60842 5.31731,
	"/>
</Transform>

<Transform dim="6"
 xcoef=" 0.0630421550332155 1.01161358043972 -0.0232860853193382 0 0 0"
 ycoef=" -0.167070823324978 0.0206018529314313 1.00550325163609 0 0 0">
<Contour name="d03p17" hidden="false" closed="true" simplified="false" border="1 0 1" fill="1 0 1" mode="-13"
 points="3.92519 2.44584,
	3.92519 2.43408,
	3.93694 2.42233,
	3.9487 2.42233,
	3.96045 2.43408,
	3.96045 2.44584,
	3.9487 2.45759,
	3.93694 2.45759,
	"/>
</Transform>

<Transform dim="6"
 xcoef=" 0.0630421550332155 1.01161358043972 -0.0232860853193382 0 0 0"
 ycoef=" -0.167070823324978 0.0206018529314313 1.00550325163609 0 0 0">
<Contour name="d03p18" hidden="false" closed="true" simplified="false" border="1 0 0" fill="1 0 0" mode="-13"
 points="3.52846 2.27833,
	3.51083 2.27833,
	3.51083 2.28715,
	3.51965 2.29596,
	3.5461 2.30478,
	3.52846 2.31359,
	3.51965 2.33123,
	3.50202 2.31359,
	3.4932 2.29596,
	3.4932 2.27833,
	3.47557 2.27833,
	3.50202 2.2607,
	"/>
</Transform>

<Transform dim="6"
 xcoef=" 0.0630421550332155 1.01161358043972 -0.0232860853193382 0 0 0"
 ycoef=" -0.167070823324978 0.0206018529314313 1.00550325163609 0 0 0">
<Contour name="d06p17" hidden="false" closed="true" simplified="false" border="1 0 1" fill="1 0 1" mode="-13"
 points="2.93098 6.71653,
	2.93098 6.70661,
	2.94091 6.69668,
	2.95084 6.69668,
	2.96076 6.70661,
	2.96076 6.71653,
	2.95084 6.72646,
	2.94091 6.72646,
	"/>
</Transform>

<Transform dim="6"
 xcoef=" 0.0630421550332155 1.01161358043972 -0.0232860853193382 0 0 0"
 ycoef=" -0.167070823324978 0.0206018529314313 1.00550325163609 0 0 0">
<Contour name="d08p23a" hidden="false" closed="true" simplified="false" border="1 1 0" fill="1 1 0" mode="-13"
 points="4.86455 2.21195,
	4.86455 2.17793,
	4.83053 2.17793,
	4.83053 2.20769,
	4.82628 2.21195,
	4.82628 2.17367,
	4.8688 2.17367,
	4.8688 2.2162,
	4.82628 2.2162,
	4.83053 2.21195,
	"/>
<Contour name="d08p23b" hidden="false" closed="true" simplified="false" border="1 1 0" fill="1 1 0" mode="-13"
 points="4.86455 2.21195,
	4.86455 2.17793,
	4.83053 2.17793,
	4.83053 2.20769,
	4.82628 2.21195,
	4.82628 2.17367,
	4.8688 2.17367,
	4.8688 2.2162,
	4.82628 2.2162,
	4.83053 2.21195,
	"/>
<Contour name="d08p23b2" hidden="false" closed="true" simplified="false" border="1 1 0" fill="1 1 0" mode="-13"
 points="4.86455 2.21195,
	4.86455 2.17793,
	4.83053 2.17793,
	4.83053 2.20769,
	4.82628 2.21195,
	4.82628 2.17367,
	4.8688 2.17367,
	4.8688 2.2162,
	4.82628 2.2162,
	4.83053 2.21195,
	"/>
</Transform>

<Transform dim="0"
 xcoef=" 0 1 0 0 0 0"
 ycoef=" 0 0 1 0 0 0">
<Contour name="d01" hidden="true" closed="true" simplified="true" border="1 0.5 0" fill="1 0.5 0" mode="9"
 points="6.13528 3.97947,
	6.16443 3.90806,
	6.18479 3.83683,
	6.20156 3.80108,
	6.20994 3.7832,
	6.24451 3.75593,
	6.24369 3.72054,
	6.23408 3.68534,
	6.25086 3.64959,
	6.25924 3.63171,
	6.32828 3.57276,
	6.36315 3.55877,
	6.39822 3.55362,
	6.4335 3.55733,
	6.45129 3.56582,
	6.4521 3.60121,
	6.43932 3.61917,
	6.42336 3.69031,
	6.39421 3.76173,
	6.37386 3.83295,
	6.36148 3.86861,
	6.35432 3.93957,
	6.33315 3.97542,
	6.32036 3.99338,
	6.30163 4.13539,
	6.29314 4.14884,
	6.26155 4.11408,
	6.26554 4.0963,
	6.25164 4.0656,
	6.23865 4.07472,
	6.22587 4.09268,
	6.21728 4.10171,
	6.1819 4.09358,
	6.16411 4.0851,
	6.1593 4.06749,
	6.16288 4.03201,
	6.16248 4.01432,
	6.13538 3.9839,
	"/>
<Contour name="d01c14" hidden="false" closed="true" simplified="true" border="0 1 0" fill="0 1 0" mode="9"
 points="6.29008 3.98745,
	6.301 3.97432,
	6.31002 3.94832,
	6.31613 3.9353,
	6.32355 3.90934,
	6.33417 3.88331,
	6.33709 3.87035,
	6.34014 3.86384,
	6.34007 3.86061,
	6.34319 3.85732,
	6.34611 3.84435,
	6.34581 3.83146,
	6.35162 3.80553,
	6.36225 3.77951,
	6.36515 3.76655,
	6.37738 3.74049,
	6.38674 3.729,
	6.39299 3.72243,
	6.40071 3.70936,
	6.40377 3.70284,
	6.40348 3.68995,
	6.39855 3.68521,
	6.39476 3.65948,
	6.39461 3.65304,
	6.40232 3.63997,
	6.40858 3.63339,
	6.43403 3.6248,
	6.44048 3.62629,
	6.44078 3.63918,
	6.42274 3.69117,
	6.42129 3.69765,
	6.40265 3.72384,
	6.39494 3.7369,
	6.3801 3.78882,
	6.37268 3.81478,
	6.36977 3.82775,
	6.36671 3.83425,
	6.36701 3.84716,
	6.35377 3.89904,
	6.35116 3.92491,
	6.33793 3.97679,
	6.33662 3.98972,
	6.3276 4.01571,
	6.32178 4.04164,
	6.31568 4.05466,
	6.30938 4.05963,
	6.29812 4.05825,
	6.30278 4.0517,
	6.30058 4.02594,
	6.29038 4.00034,
	6.29012 3.98906,
	"/>
<Contour name="d01cfa14" hidden="false" closed="false" simplified="false" border="0 1 1" fill="0 1 1" mode="9"
 points="6.42118 3.62887,
	6.41987 3.64181,
	6.41863 3.65796,
	6.41588 3.67737,
	6.41141 3.69199,
	6.39601 3.71972,
	6.38826 3.73117,
	6.37618 3.76368,
	6.36865 3.7848,
	6.3628 3.80911,
	6.35542 3.83668,
	6.34498 3.87077,
	6.33607 3.90159,
	6.33048 3.93719,
	6.32022 3.97934,
	6.31449 4.0085,
	6.30412 4.04581,
	"/>
</Transform>

<Transform dim="0"
 xcoef=" 0 1 0 0 0 0"
 ycoef=" 0 0 1 0 0 0">
<Contour name="d01ax14" comment="LK bouton trace named after cfa" hidden="false" closed="true" simplified="true" border="0 1 1" fill="0.502 1 1" mode="-9"
 points="6.32436 4.07576,
	6.32711 4.06841,
	6.32803 4.06107,
	6.32803 4.05739,
	6.33354 4.0427,
	6.33354 4.03903,
	6.33813 4.02434,
	6.35007 3.96558,
	6.35282 3.95089,
	6.36292 3.92151,
	6.36843 3.90681,
	6.3822 3.87743,
	6.38771 3.86274,
	6.39322 3.83336,
	6.39597 3.81867,
	6.39689 3.81132,
	6.39689 3.80765,
	6.40883 3.77827,
	6.42627 3.71951,
	6.43637 3.69013,
	6.44096 3.66074,
	6.45565 3.63136,
	6.463 3.61667,
	6.46667 3.60933,
	6.49605 3.59464,
	6.51075 3.59005,
	6.52544 3.58729,
	6.53278 3.58637,
	6.54747 3.58821,
	6.55114 3.58913,
	6.56584 3.5827,
	6.59522 3.55424,
	6.60991 3.54597,
	6.61725 3.54322,
	6.64663 3.53955,
	6.66133 3.52577,
	6.66775 3.51843,
	6.6751 3.51292,
	6.68244 3.51108,
	6.68612 3.51016,
	6.70081 3.51384,
	6.7155 3.51935,
	6.73019 3.5221,
	6.75957 3.52394,
	6.78895 3.53036,
	6.81833 3.52945,
	6.83302 3.53312,
	6.84771 3.5423,
	6.85506 3.54689,
	6.85873 3.54965,
	6.87342 3.55332,
	6.88811 3.5524,
	6.91749 3.55699,
	6.92484 3.55975,
	6.93953 3.56985,
	6.95422 3.5827,
	6.96157 3.58821,
	6.9735 3.6029,
	6.97809 3.61025,
	6.9836 3.62494,
	6.98636 3.63963,
	6.98728 3.64697,
	6.9836 3.67635,
	6.95606 3.73512,
	6.95147 3.7645,
	6.94963 3.77919,
	6.95239 3.79388,
	6.95881 3.80857,
	6.9634 3.81592,
	6.97718 3.83061,
	6.9836 3.83612,
	6.99278 3.85081,
	6.99462 3.85815,
	6.99187 3.87284,
	6.99003 3.88019,
	6.98911 3.88386,
	6.99646 3.89855,
	7.00013 3.9059,
	7.00105 3.91324,
	6.98728 3.94262,
	6.98085 3.95731,
	6.97075 3.972,
	6.95514 4.00139,
	6.94688 4.01608,
	6.93586 4.03077,
	6.92943 4.03811,
	6.9129 4.06749,
	6.9028 4.08218,
	6.88995 4.09688,
	6.8826 4.1033,
	6.87893 4.11065,
	6.8771 4.11432,
	6.87526 4.12901,
	6.87526 4.15839,
	6.87801 4.18777,
	6.87893 4.21716,
	6.88077 4.23185,
	6.87985 4.24654,
	6.87801 4.25388,
	6.87618 4.25756,
	6.87526 4.2649,
	6.85965 4.29428,
	6.85414 4.30163,
	6.8523 4.3053,
	6.83761 4.31724,
	6.82292 4.32734,
	6.80823 4.3356,
	6.80089 4.33927,
	6.77151 4.34111,
	6.76416 4.34111,
	6.75957 4.3457,
	6.75773 4.35305,
	6.75498 4.35672,
	6.74488 4.3861,
	6.74488 4.40079,
	6.74488 4.40814,
	6.76049 4.4669,
	6.76691 4.48159,
	6.76875 4.48893,
	6.7761 4.50363,
	6.77701 4.5073,
	6.80364 4.53668,
	6.83302 4.56147,
	6.84037 4.56882,
	6.85139 4.58351,
	6.86516 4.5982,
	6.8725 4.60554,
	6.90189 4.62391,
	6.93127 4.64043,
	6.94596 4.6487,
	6.95239 4.65604,
	6.95789 4.67073,
	6.95514 4.68542,
	6.93402 4.74419,
	6.92209 4.77357,
	6.91474 4.78826,
	6.90556 4.80295,
	6.89821 4.81764,
	6.87985 4.84702,
	6.87067 4.86171,
	6.85965 4.8764,
	6.83119 4.90395,
	6.82384 4.91129,
	6.80915 4.92047,
	6.79446 4.9269,
	6.78711 4.92966,
	6.77242 4.93149,
	6.75773 4.92874,
	6.72835 4.9269,
	6.71366 4.92415,
	6.70632 4.92415,
	6.69162 4.91956,
	6.66224 4.90578,
	6.6549 4.90119,
	6.65031 4.89477,
	6.64847 4.89109,
	6.63378 4.88007,
	6.62643 4.87548,
	6.61358 4.86079,
	6.6044 4.8461,
	6.58971 4.83141,
	6.58328 4.8259,
	6.5539 4.76714,
	6.53921 4.73776,
	6.53186 4.72307,
	6.52911 4.71572,
	6.52727 4.71205,
	6.52635 4.68267,
	6.53003 4.66798,
	6.53003 4.65329,
	6.52544 4.6386,
	6.52452 4.62391,
	6.52635 4.60921,
	6.53278 4.59452,
	6.54013 4.59085,
	6.54655 4.58442,
	6.55023 4.58075,
	6.56033 4.56606,
	6.56308 4.56239,
	6.564 4.55504,
	6.5741 4.52566,
	6.58053 4.49628,
	6.58053 4.48893,
	6.57777 4.48159,
	6.57318 4.47424,
	6.56584 4.4669,
	6.56216 4.46323,
	6.53278 4.44486,
	6.52544 4.44027,
	6.5236 4.43843,
	6.50891 4.44027,
	6.49422 4.43843,
	6.48687 4.43752,
	6.4832 4.43752,
	6.46851 4.42742,
	6.4428 4.39804,
	6.42811 4.38426,
	6.42076 4.37784,
	6.41801 4.37416,
	6.41526 4.3154,
	6.4125 4.30071,
	6.41158 4.29704,
	6.40607 4.28969,
	6.37669 4.26674,
	6.362 4.25756,
	6.35466 4.25388,
	6.34731 4.24746,
	6.3418 4.24011,
	6.33997 4.21073,
	6.33537 4.19604,
	6.33262 4.18869,
	6.3317 4.174,
	6.33721 4.14462,
	6.33721 4.13728,
	6.33721 4.1336,
	6.32987 4.11891,
	6.32711 4.11157,
	6.32527 4.10789,
	6.32436 4.07851,
	6.32436 4.07668,
	"/>
</Transform>

<Transform dim="0"
 xcoef=" 0 1 0 0 0 0"
 ycoef=" 0 0 1 0 0 0">
<Contour name="d01ax17" comment="LK bouton trace named after cfa" hidden="false" closed="true" simplified="true" border="0 1 1" fill="0.502 1 1" mode="-9"
 points="6.11068 2.68988,
	6.11364 2.68396,
	6.12251 2.63662,
	6.13287 2.61442,
	6.14323 2.60259,
	6.14767 2.59667,
	6.15359 2.59519,
	6.15655 2.59519,
	6.1595 2.59223,
	6.17134 2.58927,
	6.1743 2.58927,
	6.17726 2.58631,
	6.18318 2.58483,
	6.1891 2.58039,
	6.19501 2.57891,
	6.21869 2.5656,
	6.22461 2.56264,
	6.22757 2.55968,
	6.23348 2.5582,
	6.23644 2.55524,
	6.24828 2.55228,
	6.27195 2.55376,
	6.28379 2.55672,
	6.29563 2.56264,
	6.30154 2.5656,
	6.32374 2.58483,
	6.3341 2.59075,
	6.34445 2.60111,
	6.34593 2.61294,
	6.34149 2.62478,
	6.33114 2.63514,
	6.30746 2.64401,
	6.30154 2.64993,
	6.28971 2.67361,
	6.28379 2.67952,
	6.26012 2.69284,
	6.23644 2.7032,
	6.22461 2.70912,
	6.21869 2.71208,
	6.21573 2.71208,
	6.21425 2.71503,
	6.19058 2.72391,
	6.17874 2.72687,
	6.1669 2.72687,
	6.14323 2.73131,
	6.13731 2.73279,
	6.13435 2.73279,
	6.13139 2.72983,
	6.12547 2.72835,
	6.11512 2.71947,
	6.11068 2.6958,
	6.11068 2.69136,
	"/>
</Transform>

<Transform dim="0"
 xcoef=" 0 1 0 0 0 0"
 ycoef=" 0 0 1 0 0 0">
<Contour name="ax03" comment="LK bouton trace named after cfa" hidden="false" closed="true" simplified="false" border="0 1 1" fill="0.502 1 1" mode="9"
 points="4.01464 4.2659,
	4.02185 4.25149,
	4.03176 4.23708,
	4.04616 4.22357,
	4.05787 4.20916,
	4.07498 4.18035,
	4.08579 4.16594,
	4.09299 4.16053,
	4.1074 4.15333,
	4.12181 4.14252,
	4.14793 4.11371,
	4.15513 4.1083,
	4.16233 4.1047,
	4.16864 4.0975,
	4.18305 4.08579,
	4.21187 4.06958,
	4.21907 4.06418,
	4.23348 4.05967,
	4.24789 4.05697,
	4.2623 4.05787,
	4.2767 4.06598,
	4.29111 4.07228,
	4.29832 4.07588,
	4.32714 4.07858,
	4.34154 4.07768,
	4.34875 4.07858,
	4.35235 4.07858,
	4.38117 4.09029,
	4.38837 4.09389,
	4.39558 4.1002,
	4.39918 4.1029,
	4.41359 4.1029,
	4.42079 4.1011,
	4.42439 4.0993,
	4.4388 4.0984,
	4.44601 4.0984,
	4.45321 4.102,
	4.45952 4.1083,
	4.46402 4.11551,
	4.46672 4.12271,
	4.46762 4.13712,
	4.45952 4.16594,
	4.45321 4.19475,
	4.44871 4.20916,
	4.44511 4.21637,
	4.44241 4.21997,
	4.4415 4.22357,
	4.4388 4.22717,
	4.4397 4.23438,
	4.4379 4.24879,
	4.4361 4.25599,
	4.428 4.2704,
	4.42169 4.2767,
	4.40728 4.28571,
	4.39288 4.29291,
	4.38657 4.30732,
	4.38297 4.31453,
	4.36856 4.32623,
	4.35415 4.33434,
	4.32533 4.34785,
	4.31093 4.36046,
	4.29652 4.37126,
	4.28211 4.38027,
	4.2677 4.38747,
	4.26049 4.39107,
	4.25329 4.39288,
	4.22447 4.39197,
	4.19566 4.39288,
	4.18125 4.39288,
	4.17404 4.39288,
	4.15963 4.38927,
	4.14522 4.38747,
	4.11641 4.37396,
	4.102 4.36406,
	4.0984 4.36046,
	4.09479 4.35865,
	4.08129 4.34425,
	4.06688 4.33704,
	4.05967 4.33254,
	4.04526 4.32083,
	4.02005 4.29201,
	4.01645 4.28481,
	4.01464 4.2704,
	4.01464 4.2668,
	"/>
</Transform>

<Transform dim="0"
 xcoef=" 0 1 0 0 0 0"
 ycoef=" 0 0 1 0 0 0">
<Contour name="ax03" comment="LK bouton trace named after cfa" hidden="false" closed="true" simplified="false" border="0 1 1" fill="0.502 1 1" mode="9"
 points="2.80887 5.04,
	2.81774 5.01973,
	2.819 4.99946,
	2.82027 4.98932,
	2.83294 4.96905,
	2.84181 4.96145,
	2.84688 4.95638,
	2.85701 4.95258,
	2.86715 4.94624,
	2.86968 4.94624,
	2.87982 4.93738,
	2.88995 4.93104,
	2.89502 4.92597,
	2.90516 4.91964,
	2.91529 4.91077,
	2.92036 4.9057,
	2.94063 4.89176,
	2.97484 4.85122,
	2.98244 4.84109,
	3.02172 4.80434,
	3.03819 4.78407,
	3.04706 4.77394,
	3.0876 4.7524,
	3.10787 4.74606,
	3.14842 4.72453,
	3.16869 4.71059,
	3.20796 4.67638,
	3.22824 4.66371,
	3.23837 4.65991,
	3.25864 4.65991,
	3.27891 4.66624,
	3.28145 4.66624,
	3.28652 4.67005,
	3.28905 4.67005,
	3.29919 4.67638,
	3.31946 4.68525,
	3.36 4.70932,
	3.38027 4.72199,
	3.42081 4.741,
	3.44109 4.7524,
	3.44489 4.75747,
	3.44742 4.7676,
	3.44742 4.78787,
	3.44362 4.80814,
	3.44362 4.81828,
	3.43855 4.83855,
	3.43729 4.8791,
	3.42715 4.91964,
	3.42335 4.92471,
	3.41955 4.93484,
	3.41321 4.94498,
	3.41321 4.94751,
	3.39421 4.96778,
	3.37394 4.98425,
	3.33466 5.0248,
	3.31439 5.04127,
	3.30425 5.0476,
	3.29412 5.0514,
	3.28905 5.0552,
	3.28398 5.05647,
	3.28145 5.05647,
	3.27638 5.06027,
	3.26624 5.06154,
	3.26118 5.06534,
	3.22063 5.07548,
	3.20036 5.07674,
	3.18009 5.07548,
	3.13955 5.06661,
	3.11928 5.06154,
	3.099 5.06027,
	3.01792 5.07041,
	2.97738 5.07167,
	2.93683 5.06787,
	2.91656 5.06914,
	2.87602 5.06534,
	2.86588 5.06281,
	2.84561 5.06281,
	2.83548 5.06281,
	2.82534 5.06027,
	2.8152 5.0552,
	2.81014 5.05267,
	2.80887 5.04253,
	2.80887 5.04127,
	"/>
</Transform>

<Transform dim="0"
 xcoef=" 0 1 0 0 0 0"
 ycoef=" 0 0 1 0 0 0">
<Contour name="D05" hidden="false" closed="true" simplified="true" border="1 1 0" fill="1 1 0" mode="11"
 points="2.69329 4.06326,
	2.70325 3.99105,
	2.73548 3.92543,
	2.78683 3.87282,
	2.85225 3.83839,
	2.92535 3.82549,
	2.99899 3.83538,
	3.06594 3.86711,
	3.11966 3.91756,
	3.15488 3.98179,
	3.16816 4.05353,
	3.15819 4.12574,
	3.12596 4.19135,
	3.07462 4.24396,
	3.00919 4.2784,
	2.93608 4.2913,
	2.86245 4.28141,
	2.7955 4.24968,
	2.74178 4.19923,
	"/>
<Contour name="d03" hidden="false" closed="true" simplified="true" border="0 1 0" fill="0 1 0" mode="9"
 points="2.3193 3.08804,
	2.33434 3.06257,
	2.35586 3.04641,
	2.55593 3.04545,
	2.58094 3.04494,
	2.60572 3.035,
	2.61815 3.0316,
	2.62426 3.02518,
	2.63675 3.02492,
	2.64911 3.01838,
	2.65529 3.0151,
	2.66786 3.018,
	2.67156 3.04308,
	2.6656 3.05579,
	2.65339 3.06862,
	2.64147 3.09403,
	2.64066 3.19471,
	2.6512 3.24481,
	2.65178 3.26997,
	2.65207 3.28255,
	2.64596 3.28896,
	2.63716 3.31431,
	2.62807 3.32708,
	2.62822 3.33336,
	2.6131 3.35569,
	2.60714 3.3684,
	2.60459 3.39362,
	2.59864 3.40632,
	2.5862 3.40972,
	2.58337 3.42236,
	2.5772 3.42563,
	2.56454 3.4196,
	2.55176 3.40728,
	2.54493 3.38226,
	2.53853 3.37609,
	2.53425 3.32586,
	2.53054 3.30076,
	2.5206 3.2758,
	2.49814 3.2511,
	2.40562 3.17121,
	2.38034 3.15915,
	2.35527 3.15652,
	2.32997 3.14445,
	2.32031 3.13206,
	2.31974 3.10691,
	2.31945 3.09434,
	2.31937 3.0912,
	"/>
<Contour name="d03cfa19ax10" hidden="false" closed="false" simplified="false" border="0 1 1" fill="0 1 1" mode="9"
 points="2.541 3.37521,
	2.52679 3.30492,
	2.50062 3.26201,
	2.44869 3.1943,
	2.38835 3.1521,
	"/>
</Transform>

<Transform dim="0"
 xcoef=" 0 1 0 0 0 0"
 ycoef=" 0 0 1 0 0 0">
<Contour name="ax10" comment="LK bouton trace named after cfa" hidden="false" closed="true" simplified="true" border="0 1 1" fill="0.502 1 1" mode="9"
 points="1.6922 3.58223,
	1.69619 3.56628,
	1.69868 3.55831,
	1.70018 3.55433,
	1.70566 3.54635,
	1.71363 3.53888,
	1.71463 3.53788,
	1.71562 3.53788,
	1.7236 3.5314,
	1.72758 3.52742,
	1.72908 3.52343,
	1.73057 3.51546,
	1.73107 3.50749,
	1.72958 3.49154,
	1.72958 3.48955,
	1.73705 3.4736,
	1.74154 3.46563,
	1.74951 3.45915,
	1.75748 3.45467,
	1.76545 3.44919,
	1.77891 3.43324,
	1.78588 3.42527,
	1.79386 3.4173,
	1.80482 3.40135,
	1.82027 3.3869,
	1.82425 3.38341,
	1.83023 3.37544,
	1.83322 3.37145,
	1.84119 3.36497,
	1.84917 3.36049,
	1.85714 3.35501,
	1.86113 3.35302,
	1.86312 3.35202,
	1.8696 3.34405,
	1.88554 3.33259,
	1.90149 3.32262,
	1.91743 3.30917,
	1.93338 3.29372,
	1.94135 3.28824,
	1.94534 3.28674,
	1.95331 3.28126,
	1.9573 3.27827,
	1.97324 3.26233,
	1.97922 3.25435,
	1.98719 3.24788,
	1.99417 3.2399,
	1.99566 3.23791,
	1.99517 3.23392,
	1.99716 3.22595,
	2.00015 3.21798,
	2.00414 3.21001,
	2.00962 3.19406,
	2.0136 3.18609,
	2.0136 3.18409,
	2.01809 3.17612,
	2.02108 3.16815,
	2.02158 3.16616,
	2.02407 3.16217,
	2.02556 3.16018,
	2.02606 3.15818,
	2.03852 3.14224,
	2.04051 3.14024,
	2.04848 3.13526,
	2.05646 3.13177,
	2.05845 3.13028,
	2.05945 3.13028,
	2.06742 3.1238,
	2.07539 3.11832,
	2.07938 3.11533,
	2.08735 3.11234,
	2.09134 3.11134,
	2.09333 3.10985,
	2.10928 3.10835,
	2.11725 3.10786,
	2.12522 3.10835,
	2.12921 3.11035,
	2.14515 3.11084,
	2.14715 3.11084,
	2.15512 3.11533,
	2.17106 3.12181,
	2.17904 3.1243,
	2.18302 3.12579,
	2.19897 3.12679,
	2.20694 3.12729,
	2.21491 3.12629,
	2.22289 3.1238,
	2.23086 3.11981,
	2.2468 3.11832,
	2.26275 3.11782,
	2.27072 3.11832,
	2.2787 3.11981,
	2.31059 3.13078,
	2.31856 3.13277,
	2.32254 3.13426,
	2.32454 3.13476,
	2.32553 3.13476,
	2.32753 3.13626,
	2.32852 3.13725,
	2.33251 3.13775,
	2.3365 3.14024,
	2.35244 3.14473,
	2.36042 3.14722,
	2.36141 3.14822,
	2.36938 3.14921,
	2.37337 3.14971,
	2.38932 3.15719,
	2.39729 3.16167,
	2.41074 3.17762,
	2.41772 3.18559,
	2.43964 3.21748,
	2.45858 3.24937,
	2.46854 3.26532,
	2.47353 3.27329,
	2.49745 3.30518,
	2.51788 3.33707,
	2.52585 3.35302,
	2.52983 3.36099,
	2.53183 3.36497,
	2.53382 3.37295,
	2.53432 3.37693,
	2.53631 3.38092,
	2.53631 3.39687,
	2.53631 3.40484,
	2.5403 3.41281,
	2.54229 3.4168,
	2.54528 3.42078,
	2.54728 3.42477,
	2.54877 3.44072,
	2.54877 3.44271,
	2.54827 3.4437,
	2.55325 3.45168,
	2.55575 3.45566,
	2.55824 3.47161,
	2.55923 3.48755,
	2.55923 3.5035,
	2.56272 3.53539,
	2.56322 3.53938,
	2.56173 3.55532,
	2.55923 3.57127,
	2.55874 3.57525,
	2.55724 3.57924,
	2.55624 3.58721,
	2.55575 3.5912,
	2.55276 3.59917,
	2.55076 3.60715,
	2.54628 3.61512,
	2.53482 3.63106,
	2.52934 3.63904,
	2.52834 3.64103,
	2.49745 3.67292,
	2.482 3.68887,
	2.47403 3.69634,
	2.45808 3.70531,
	2.45409 3.7078,
	2.43865 3.72175,
	2.43167 3.72973,
	2.4237 3.7362,
	2.40775 3.74667,
	2.39978 3.75115,
	2.38384 3.75364,
	2.37586 3.75514,
	2.36789 3.75813,
	2.3659 3.75863,
	2.36191 3.76112,
	2.35444 3.76809,
	2.35095 3.77607,
	2.34895 3.79201,
	2.34796 3.79998,
	2.33849 3.81593,
	2.33251 3.8239,
	2.33052 3.8259,
	2.32205 3.84184,
	2.32005 3.84583,
	2.3056 3.86177,
	2.29813 3.86975,
	2.29016 3.87622,
	2.27421 3.88569,
	2.25827 3.89366,
	2.22637 3.90313,
	2.21043 3.90762,
	2.20246 3.91011,
	2.18651 3.9126,
	2.17057 3.91409,
	2.15462 3.91459,
	2.14665 3.91409,
	2.14266 3.9136,
	2.14067 3.9131,
	2.12472 3.91609,
	2.11675 3.91957,
	2.10878 3.92007,
	2.10479 3.92057,
	2.09682 3.91908,
	2.06493 3.90562,
	2.04898 3.89914,
	2.03304 3.89167,
	2.02506 3.88669,
	2.00912 3.87224,
	2.00115 3.86476,
	1.99716 3.86227,
	1.98371 3.84633,
	1.97872 3.83835,
	1.96577 3.82241,
	1.95929 3.81444,
	1.95132 3.80696,
	1.94733 3.80297,
	1.93138 3.79151,
	1.9274 3.78902,
	1.92341 3.78553,
	1.91544 3.78105,
	1.90747 3.77407,
	1.90348 3.77158,
	1.88753 3.75613,
	1.88106 3.74816,
	1.87807 3.74418,
	1.87408 3.74119,
	1.87059 3.7372,
	1.85465 3.72674,
	1.85066 3.72424,
	1.85016 3.72325,
	1.84817 3.72275,
	1.83222 3.71179,
	1.81628 3.69933,
	1.80033 3.68588,
	1.79286 3.6779,
	1.78738 3.66993,
	1.78738 3.66893,
	1.78638 3.66794,
	1.78588 3.66594,
	1.78489 3.66495,
	1.78439 3.66295,
	1.7809 3.65897,
	1.77293 3.65299,
	1.76894 3.649,
	1.76495 3.64601,
	1.75698 3.64252,
	1.74104 3.63854,
	1.73306 3.63704,
	1.72509 3.63405,
	1.70915 3.62259,
	1.70317 3.61512,
	1.70018 3.61113,
	1.69669 3.60316,
	1.6942 3.59917,
	1.6922 3.5912,
	1.6922 3.58323,
	1.6922 3.58273,
	"/>
</Transform>

<Transform dim="0"
 xcoef=" 0 1 0 0 0 0"
 ycoef=" 0 0 1 0 0 0">
<Contour name="ax15" comment="LK bouton trace named after cfa" hidden="false" closed="true" simplified="true" border="0 1 1" fill="0.502 1 1" mode="9"
 points="3.46298 1.81252,
	3.46458 1.80396,
	3.46833 1.7954,
	3.46886 1.79326,
	3.46886 1.79219,
	3.46993 1.79166,
	3.47047 1.78952,
	3.47368 1.78577,
	3.48223 1.78043,
	3.48598 1.77775,
	3.48812 1.77615,
	3.49026 1.77561,
	3.49774 1.76866,
	3.50416 1.76064,
	3.50737 1.75636,
	3.51218 1.7478,
	3.51272 1.74566,
	3.51753 1.73711,
	3.51914 1.73336,
	3.52074 1.73122,
	3.52128 1.72908,
	3.52288 1.72694,
	3.52983 1.70983,
	3.53518 1.69272,
	3.53518 1.69058,
	3.53625 1.68844,
	3.53732 1.67988,
	3.53892 1.6756,
	3.53946 1.67346,
	3.5432 1.67025,
	3.54748 1.66865,
	3.55604 1.66811,
	3.5646 1.66865,
	3.56887 1.66972,
	3.57101 1.67079,
	3.57208 1.67079,
	3.57422 1.67293,
	3.58278 1.67774,
	3.5908 1.68362,
	3.59508 1.68683,
	3.59722 1.68844,
	3.59989 1.69218,
	3.60364 1.69592,
	3.60524 1.69806,
	3.60685 1.70662,
	3.60631 1.72373,
	3.60578 1.72801,
	3.60524 1.73015,
	3.60417 1.73122,
	3.6031 1.7355,
	3.6015 1.73764,
	3.59882 1.7462,
	3.59775 1.74727,
	3.59508 1.75582,
	3.59401 1.7601,
	3.59294 1.76224,
	3.59187 1.7708,
	3.59187 1.77294,
	3.5908 1.77508,
	3.5908 1.77722,
	3.58813 1.78577,
	3.58331 1.79433,
	3.58011 1.79861,
	3.57904 1.80075,
	3.57476 1.80503,
	3.57208 1.80877,
	3.5646 1.81679,
	3.55657 1.82375,
	3.5539 1.82642,
	3.55283 1.82642,
	3.54427 1.8323,
	3.54053 1.83498,
	3.53839 1.83605,
	3.53625 1.83819,
	3.53518 1.83819,
	3.53304 1.83979,
	3.52448 1.84247,
	3.52234 1.84247,
	3.52021 1.84354,
	3.50309 1.84407,
	3.49453 1.84354,
	3.49239 1.843,
	3.49133 1.843,
	3.49026 1.84193,
	3.48598 1.84033,
	3.47742 1.83444,
	3.46993 1.82856,
	3.46619 1.82535,
	3.46351 1.82107,
	3.46298 1.81305,
	"/>
</Transform>

<Transform dim="0"
 xcoef=" 0 1 0 0 0 0"
 ycoef=" 0 0 1 0 0 0">
<Contour name="D04" hidden="false" closed="true" simplified="true" border="1 0 0" fill="1 0 0" mode="11"
 points="4.21417 6.49447,
	4.2161 6.45564,
	4.22363 6.41755,
	4.23658 6.38101,
	4.2547 6.34684,
	4.27758 6.31577,
	4.30471 6.28848,
	4.3355 6.26557,
	4.3693 6.24754,
	4.40534 6.23478,
	4.44286 6.22757,
	4.48103 6.22607,
	4.51903 6.23031,
	4.55601 6.2402,
	4.59116 6.25552,
	4.62375 6.27593,
	4.65304 6.301,
	4.67839 6.33017,
	4.69926 6.36282,
	4.71518 6.39822,
	4.72581 6.4356,
	4.73093 6.47416,
	4.73041 6.51303,
	4.72428 6.5514,
	4.71265 6.58839,
	4.69579 6.62324,
	4.67407 6.65515,
	4.64795 6.68344,
	4.61801 6.7075,
	4.5849 6.72678,
	4.54934 6.74089,
	4.51212 6.74951,
	4.47403 6.75245,
	4.43591 6.74964,
	4.39861 6.74114,
	4.36292 6.72716,
	4.32962 6.70798,
	4.29945 6.68402,
	4.27305 6.65582,
	4.25101 6.62398,
	4.23381 6.5892,
	4.22183 6.55223,
	"/>
<Contour name="d07" hidden="true" closed="true" simplified="true" border="1 0 1" fill="1 0 1" mode="9"
 points="4.80798 6.9266,
	4.83862 6.8944,
	4.85633 6.88502,
	4.89227 6.8888,
	4.90124 6.88862,
	4.92885 6.91962,
	4.9426 6.93286,
	4.9479 6.96882,
	4.9528 6.98676,
	4.99479 7.05806,
	5.00864 7.07581,
	5.04166 7.14729,
	5.05104 7.16513,
	5.0877 7.20046,
	5.11969 7.22685,
	5.15584 7.23965,
	5.17377 7.23928,
	5.2468 7.2964,
	5.25596 7.30524,
	5.25314 7.37745,
	5.18146 7.37892,
	5.14552 7.37515,
	5.11353 7.34874,
	5.0952 7.33108,
	5.02268 7.29649,
	5.00455 7.28784,
	4.97236 7.25243,
	4.96623 7.1804,
	4.96602 7.17139,
	4.89278 7.10524,
	4.8561 7.06992,
	4.83777 7.05225,
	4.8284 7.0344,
	4.82819 7.0254,
	4.81433 7.00764,
	4.80819 6.93561,
	4.80809 6.93111,
	"/>
</Transform>

<Transform dim="0"
 xcoef=" 0 1 0 0 0 0"
 ycoef=" 0 0 1 0 0 0">
<Contour name="ax18" comment="LK bouton trace named after cfa" hidden="false" closed="true" simplified="true" border="0 1 1" fill="0.502 1 1" mode="9"
 points="4.8801 6.70661,
	4.90508 6.65505,
	4.90991 6.62927,
	4.91072 6.62282,
	4.91958 6.59704,
	4.9228 6.58415,
	4.92522 6.5777,
	4.92603 6.56481,
	4.92925 6.55837,
	4.93328 6.54547,
	4.94536 6.51969,
	4.94858 6.51325,
	4.9502 6.51002,
	4.96309 6.49713,
	4.98484 6.47135,
	4.99048 6.45846,
	4.99773 6.43268,
	5.00257 6.40689,
	5.00498 6.394,
	5.00901 6.38111,
	5.01626 6.36822,
	5.02029 6.36178,
	5.0211 6.35533,
	5.0211 6.35372,
	5.03399 6.34244,
	5.04043 6.33922,
	5.04688 6.33841,
	5.0501 6.3376,
	5.05655 6.33922,
	5.05977 6.34002,
	5.06622 6.33841,
	5.07266 6.33922,
	5.07911 6.34244,
	5.092 6.35211,
	5.09844 6.35775,
	5.11134 6.36661,
	5.13712 6.38031,
	5.14356 6.38353,
	5.15001 6.38514,
	5.15323 6.38514,
	5.16612 6.39078,
	5.17257 6.39159,
	5.19835 6.39964,
	5.21124 6.40367,
	5.23702 6.4077,
	5.24025 6.40931,
	5.25314 6.42059,
	5.25958 6.42543,
	5.26603 6.42865,
	5.27892 6.43026,
	5.3047 6.45362,
	5.32484 6.47941,
	5.35063 6.50438,
	5.35707 6.50922,
	5.36996 6.51486,
	5.39575 6.5213,
	5.40219 6.52291,
	5.41508 6.52936,
	5.42797 6.53903,
	5.43925 6.55192,
	5.45214 6.56401,
	5.45859 6.56964,
	5.47148 6.5769,
	5.47793 6.58092,
	5.50371 6.60348,
	5.52949 6.62846,
	5.53271 6.63168,
	5.5585 6.64296,
	5.56494 6.64538,
	5.61651 6.64941,
	5.6294 6.65021,
	5.64229 6.65424,
	5.64873 6.65666,
	5.66163 6.66794,
	5.6721 6.68083,
	5.67855 6.69372,
	5.71802 6.74529,
	5.73494 6.77107,
	5.74542 6.79685,
	5.75267 6.80974,
	5.7575 6.81619,
	5.75992 6.82908,
	5.76878 6.85486,
	5.77039 6.86775,
	5.76959 6.91932,
	5.7712 6.9451,
	5.77442 6.95799,
	5.77603 6.96121,
	5.77765 6.987,
	5.77684 7.01278,
	5.77281 7.03856,
	5.77201 7.05145,
	5.77201 7.0579,
	5.76395 7.08368,
	5.75831 7.09657,
	5.75347 7.12235,
	5.74139 7.14813,
	5.73414 7.16103,
	5.70997 7.18681,
	5.69869 7.1997,
	5.68982 7.21259,
	5.68338 7.22548,
	5.68177 7.23193,
	5.68016 7.25771,
	5.68016 7.28349,
	5.66968 7.30927,
	5.6576 7.32136,
	5.64471 7.33022,
	5.61892 7.34472,
	5.60603 7.35198,
	5.59314 7.35439,
	5.58025 7.35923,
	5.56736 7.35923,
	5.51579 7.34875,
	5.49001 7.34311,
	5.46423 7.33908,
	5.43845 7.33908,
	5.41267 7.3407,
	5.39977 7.3415,
	5.37399 7.34634,
	5.3611 7.34956,
	5.33532 7.36164,
	5.32887 7.36487,
	5.31598 7.36728,
	5.30309 7.36728,
	5.2902 7.36567,
	5.27731 7.36084,
	5.27086 7.35842,
	5.24508 7.33667,
	5.19352 7.28913,
	5.18063 7.27785,
	5.15484 7.26093,
	5.14195 7.24804,
	5.13551 7.2416,
	5.12503 7.2287,
	5.09925 7.21178,
	5.08636 7.20212,
	5.08314 7.19889,
	5.07588 7.186,
	5.06541 7.16022,
	5.05655 7.14733,
	5.04607 7.13444,
	5.04043 7.12799,
	5.02351 7.10221,
	5.01465 7.08932,
	5.0074 7.07643,
	4.99854 7.06354,
	4.9929 7.05709,
	4.99048 7.05387,
	4.98806 7.04742,
	4.98404 7.04098,
	4.98001 7.02809,
	4.96631 7.0023,
	4.95342 6.98941,
	4.94778 6.98297,
	4.93247 6.95718,
	4.91958 6.9314,
	4.90669 6.91932,
	4.90185 6.91287,
	4.89541 6.89998,
	4.8938 6.88709,
	4.8946 6.8742,
	4.8946 6.86775,
	4.89621 6.86131,
	4.89702 6.83552,
	4.89138 6.82263,
	4.88413 6.80974,
	4.88252 6.8033,
	4.88574 6.75173,
	4.88413 6.73884,
	4.88171 6.7324,
	4.8801 6.7195,
	4.8801 6.70742,
	"/>
</Transform>

<Transform dim="0"
 xcoef=" 0 1 0 0 0 0"
 ycoef=" 0 0 1 0 0 0">
<Contour name="ax19" comment="LK bouton trace named after cfa" hidden="false" closed="true" simplified="true" border="0 1 1" fill="0.502 1 1" mode="-9"
 points="2.88455 8.05113,
	2.88753 8.04319,
	2.89845 8.0273,
	2.9044 8.01936,
	2.90837 8.01638,
	2.91135 8.00844,
	2.91333 8.00447,
	2.91433 7.97271,
	2.92128 7.95683,
	2.93219 7.94095,
	2.93914 7.92506,
	2.94212 7.91712,
	2.94212 7.91315,
	2.95006 7.89727,
	2.96594 7.88536,
	2.98183 7.87643,
	2.9858 7.87444,
	3.00168 7.85955,
	3.00863 7.85161,
	3.01756 7.83573,
	3.01954 7.81985,
	3.01855 7.80396,
	3.01855 7.79602,
	3.01855 7.79205,
	3.02252 7.78411,
	3.03741 7.77022,
	3.04535 7.76525,
	3.06024 7.75036,
	3.06818 7.73448,
	3.07116 7.72654,
	3.09002 7.69478,
	3.09201 7.69081,
	3.09399 7.67492,
	3.093 7.67095,
	3.09598 7.66301,
	3.10789 7.64713,
	3.12377 7.63423,
	3.13965 7.62529,
	3.15256 7.6104,
	3.1595 7.60246,
	3.17539 7.59651,
	3.18333 7.59353,
	3.19127 7.58757,
	3.19524 7.58559,
	3.21112 7.56971,
	3.21509 7.56574,
	3.24685 7.54688,
	3.2548 7.54092,
	3.27068 7.52504,
	3.28656 7.51313,
	3.30244 7.49725,
	3.31038 7.4893,
	3.31832 7.48533,
	3.35009 7.47839,
	3.36597 7.4764,
	3.39773 7.46151,
	3.41361 7.45953,
	3.42156 7.46151,
	3.45332 7.47739,
	3.4692 7.48136,
	3.47714 7.48236,
	3.48508 7.48533,
	3.50096 7.49526,
	3.51585 7.51114,
	3.52777 7.52702,
	3.52975 7.55879,
	3.53174 7.56673,
	3.54563 7.59849,
	3.55258 7.61437,
	3.56151 7.63026,
	3.57442 7.66202,
	3.58534 7.69378,
	3.59129 7.72555,
	3.59229 7.75731,
	3.60023 7.78908,
	3.60519 7.80496,
	3.61809 7.83672,
	3.61909 7.8526,
	3.61809 7.86054,
	3.6032 7.87543,
	3.57144 7.89429,
	3.53968 7.91514,
	3.52479 7.92804,
	3.51585 7.94392,
	3.50891 7.95981,
	3.50394 7.97569,
	3.50295 7.98363,
	3.5099 8.01539,
	3.51387 8.03127,
	3.51486 8.04716,
	3.51387 8.0551,
	3.49799 8.08686,
	3.49203 8.0948,
	3.47615 8.10969,
	3.46027 8.12061,
	3.44439 8.12756,
	3.4285 8.13153,
	3.39674 8.13451,
	3.38086 8.13153,
	3.34909 8.1226,
	3.31733 8.11664,
	3.30145 8.11267,
	3.28557 8.11068,
	3.22204 8.11565,
	3.19028 8.11168,
	3.15851 8.10473,
	3.15057 8.10374,
	3.11881 8.10969,
	3.10292 8.11465,
	3.0394 8.1484,
	3.02352 8.15337,
	2.99175 8.15039,
	2.98381 8.15039,
	2.96793 8.14145,
	2.95205 8.13054,
	2.94411 8.12557,
	2.93616 8.1226,
	2.93219 8.12061,
	2.91631 8.11763,
	2.90837 8.11465,
	2.90043 8.10969,
	2.88951 8.09381,
	2.88554 8.07793,
	2.88455 8.06205,
	2.88455 8.0541,
	2.88455 8.05212,
	"/>
</Transform>

<Transform dim="0"
 xcoef=" 0 1 0 0 0 0"
 ycoef=" 0 0 1 0 0 0">
<Contour name="ax20" comment="LK bouton trace named after cfa" hidden="false" closed="true" simplified="true" border="0 1 1" fill="0.502 1 1" mode="9"
 points="4.92738 7.35679,
	4.92983 7.35434,
	4.93106 7.34944,
	4.93963 7.3421,
	4.94942 7.33965,
	4.95432 7.33842,
	4.97391 7.3274,
	4.98371 7.32128,
	4.98861 7.31883,
	4.99473 7.31148,
	5.0033 7.30291,
	5.0131 7.29679,
	5.018 7.29434,
	5.03759 7.29434,
	5.04738 7.29434,
	5.05718 7.30046,
	5.06208 7.30169,
	5.08167 7.31761,
	5.09881 7.33107,
	5.10861 7.33842,
	5.11473 7.34822,
	5.11718 7.35312,
	5.11718 7.37271,
	5.11351 7.3923,
	5.10861 7.4021,
	5.10738 7.40699,
	5.09881 7.41679,
	5.08902 7.42291,
	5.06943 7.42903,
	5.03024 7.42903,
	5.01065 7.42903,
	4.99106 7.42536,
	4.97147 7.41924,
	4.96657 7.41801,
	4.96412 7.41557,
	4.95432 7.41189,
	4.94453 7.40454,
	4.93106 7.38495,
	4.92983 7.38005,
	4.92738 7.37761,
	4.92738 7.35801,
	"/>
</Transform>

<Transform dim="0"
 xcoef=" 0 1 0 0 0 0"
 ycoef=" 0 0 1 0 0 0">
<Contour name="d01" hidden="true" closed="true" simplified="true" border="1 0.5 0" fill="1 0.5 0" mode="9"
 points="4.90831 3.85392,
	4.93378 3.8163,
	4.9492 3.8001,
	4.94725 3.71536,
	4.94627 3.673,
	4.95105 3.6517,
	4.98166 3.60869,
	4.9917 3.58729,
	5.01239 3.57097,
	5.0272 3.52828,
	5.06895 3.51154,
	5.08988 3.50581,
	5.09993 3.48441,
	5.09271 3.39978,
	5.09749 3.37849,
	5.18025 3.31321,
	5.22151 3.27527,
	5.24587 3.19,
	5.25591 3.1686,
	5.26619 3.1578,
	5.3011 3.07231,
	5.37308 2.99665,
	5.39377 2.98034,
	5.43576 2.97418,
	5.44629 2.97396,
	5.46771 2.98942,
	5.48447 3.03147,
	5.48642 3.1162,
	5.51996 3.20029,
	5.55754 3.2313,
	5.60002 3.24632,
	5.62132 3.25649,
	5.63233 3.27746,
	5.65387 3.29821,
	5.69659 3.32383,
	5.78154 3.35387,
	5.79207 3.35366,
	5.82989 3.39527,
	5.85193 3.4372,
	5.85914 3.52183,
	5.88741 3.60602,
	5.91997 3.64774,
	5.95877 3.73172,
	5.97554 3.77377,
	5.97651 3.81613,
	5.98801 3.85828,
	5.98324 3.87957,
	5.941 3.87515,
	5.89913 3.8866,
	5.88958 3.92918,
	5.87954 3.95058,
	5.88003 3.97176,
	5.89105 3.99273,
	5.92874 4.02905,
	5.92899 4.03964,
	5.88749 4.06699,
	5.86668 4.078,
	5.83607 4.12102,
	5.83632 4.13161,
	5.75295 4.17041,
	5.66873 4.17213,
	5.62662 4.173,
	5.54178 4.14824,
	5.45647 4.10231,
	5.43517 4.09215,
	5.41839 4.0501,
	5.39734 4.05053,
	5.22999 4.10165,
	5.20869 4.09149,
	5.14357 4.00805,
	5.1164 3.97152,
	5.09963 3.92947,
	5.08862 3.90851,
	5.0672 3.89305,
	5.02473 3.87802,
	4.94026 3.86916,
	4.91921 3.86959,
	4.90855 3.86451,
	4.90843 3.85921,
	"/>
<Contour name="d01" hidden="true" closed="true" simplified="true" border="1 0.5 0" fill="1 0.5 0" mode="9"
 points="4.75675 2.78833,
	4.77934 2.77636,
	4.87061 2.76874,
	4.89346 2.76827,
	4.91657 2.7793,
	4.93995 2.80182,
	4.95814 2.84744,
	4.97009 2.8702,
	4.98179 2.88146,
	4.98232 2.90444,
	4.97142 2.92767,
	4.92612 2.94584,
	4.9034 2.95207,
	4.85678 2.91277,
	4.83353 2.89599,
	4.82211 2.89623,
	4.78133 2.86256,
	4.75794 2.84005,
	4.75689 2.79407,
	"/>
<Contour name="d08" hidden="false" closed="true" simplified="true" border="1 0 0" fill="1 0 0" mode="9"
 points="3.74509 2.935,
	3.78443 2.8684,
	3.84848 2.80952,
	3.91279 2.76296,
	3.96848 2.69604,
	3.98463 2.68748,
	3.9928 2.68731,
	4.00943 2.6993,
	4.0177 2.70325,
	4.01845 2.73614,
	4.00657 2.75282,
	4.00676 2.76104,
	3.97455 2.78227,
	3.91478 2.84928,
	3.91146 2.88225,
	3.94974 2.94726,
	3.99619 3.0121,
	3.99286 3.04506,
	3.9331 3.11209,
	3.91342 3.14538,
	3.89717 3.14983,
	3.83448 3.08943,
	3.76827 3.05378,
	3.75164 3.04178,
	3.74603 2.97611,
	3.74528 2.94322,
	3.74518 2.93911,
	"/>
<Contour name="d08cfa22ax30" hidden="false" closed="false" simplified="false" border="0 1 1" fill="0 1 1" mode="9"
 points="3.90483 3.17003,
	3.95044 3.09423,
	3.99267 3.01849,
	"/>
<Contour name="D11" hidden="false" closed="true" simplified="true" border="1 0.5 0" fill="1 0.5 0" mode="11"
 points="4.44111 3.646,
	4.4425 3.62954,
	4.44727 3.61463,
	4.45497 3.60271,
	4.46483 3.59496,
	4.4759 3.59213,
	4.48709 3.59451,
	4.49729 3.60185,
	4.50554 3.61343,
	4.51098 3.62814,
	4.51313 3.64453,
	4.51174 3.66098,
	4.50697 3.67589,
	4.49927 3.68781,
	4.48941 3.69556,
	4.47835 3.6984,
	4.46715 3.69602,
	4.45695 3.68868,
	4.44871 3.67708,
	"/>
<Contour name="D14" hidden="false" closed="true" simplified="true" border="1 0 0" fill="1 0 0" mode="11"
 points="4.04991 3.76032,
	4.05413 3.73485,
	4.06759 3.71167,
	4.08894 3.69307,
	4.11611 3.68084,
	4.14643 3.6762,
	4.17693 3.6796,
	4.20464 3.6907,
	4.22682 3.70841,
	4.24133 3.73102,
	4.24674 3.75629,
	4.2425 3.78177,
	4.22905 3.80494,
	4.2077 3.82355,
	4.18053 3.83577,
	4.15021 3.84041,
	4.1197 3.83702,
	4.092 3.82592,
	4.06981 3.8082,
	"/>
</Transform>

<Transform dim="0"
 xcoef=" 0 1 0 0 0 0"
 ycoef=" 0 0 1 0 0 0">
<Contour name="ax30" comment="LK bouton trace named after cfa" hidden="false" closed="true" simplified="true" border="0 1 1" fill="0.502 1 1" mode="9"
 points="3.44771 4.04492,
	3.45094 4.03847,
	3.46385 4.02878,
	3.47031 4.02717,
	3.4816 4.01426,
	3.49775 3.98843,
	3.50259 3.97552,
	3.5042 3.96261,
	3.51227 3.94969,
	3.52519 3.94001,
	3.53164 3.93678,
	3.53487 3.93517,
	3.53487 3.93194,
	3.54133 3.92871,
	3.5494 3.9158,
	3.5494 3.91257,
	3.55424 3.90611,
	3.55424 3.89966,
	3.56554 3.87383,
	3.56715 3.86737,
	3.58006 3.86253,
	3.59298 3.85446,
	3.6188 3.84478,
	3.63172 3.84316,
	3.64463 3.83509,
	3.65431 3.82218,
	3.66077 3.80927,
	3.66884 3.75762,
	3.67691 3.7447,
	3.68014 3.74147,
	3.70435 3.68982,
	3.71888 3.664,
	3.72533 3.65108,
	3.74954 3.62687,
	3.756 3.62203,
	3.78183 3.61719,
	3.79474 3.61719,
	3.80765 3.62042,
	3.83348 3.62042,
	3.84639 3.61396,
	3.8593 3.60428,
	3.87706 3.57845,
	3.88674 3.56554,
	3.91257 3.53971,
	3.92387 3.5268,
	3.93194 3.51389,
	3.94001 3.48806,
	3.94324 3.46224,
	3.94162 3.41058,
	3.91902 3.35893,
	3.90773 3.33311,
	3.90611 3.32988,
	3.91095 3.30405,
	3.91257 3.27823,
	3.91257 3.26532,
	3.90934 3.2524,
	3.90611 3.24595,
	3.90773 3.23303,
	3.90773 3.22658,
	3.91418 3.21366,
	3.91418 3.18784,
	3.91257 3.18138,
	3.92548 3.15556,
	3.93194 3.14264,
	3.94162 3.12973,
	3.95454 3.10391,
	3.96099 3.09099,
	3.96422 3.07808,
	3.97713 3.05226,
	3.99489 3.02643,
	4.00457 3.01352,
	4.00941 3.00706,
	4.03524 2.99576,
	4.06107 3.0006,
	4.11272 3.02804,
	4.13854 3.03934,
	4.16437 3.0458,
	4.19019 3.04741,
	4.24184 3.05548,
	4.25476 3.0571,
	4.28058 3.05226,
	4.30641 3.05387,
	4.31932 3.05548,
	4.34515 3.05226,
	4.37097 3.05387,
	4.38388 3.05548,
	4.3968 3.05387,
	4.40971 3.06033,
	4.43231 3.08615,
	4.45813 3.10229,
	4.48396 3.11359,
	4.50978 3.11843,
	4.56144 3.09584,
	4.57435 3.08938,
	4.60017 3.08454,
	4.626 3.08938,
	4.67765 3.11843,
	4.69056 3.12328,
	4.71639 3.1265,
	4.7293 3.13135,
	4.75513 3.13135,
	4.78095 3.12005,
	4.8326 3.07324,
	4.86811 3.02159,
	4.8891 2.99576,
	4.91331 2.97316,
	4.93913 2.95702,
	4.96496 2.94573,
	4.97142 2.94411,
	4.97626 2.9312,
	4.97949 2.92474,
	5.0037 2.89892,
	5.01015 2.89246,
	5.03598 2.8747,
	5.04889 2.86502,
	5.0618 2.85211,
	5.08279 2.82628,
	5.09247 2.81337,
	5.09893 2.80046,
	5.10539 2.77463,
	5.11668 2.74881,
	5.12314 2.73589,
	5.13605 2.72298,
	5.16188 2.70845,
	5.17479 2.702,
	5.1877 2.70038,
	5.20062 2.69554,
	5.21353 2.68424,
	5.22644 2.67617,
	5.2329 2.67294,
	5.23936 2.67294,
	5.25227 2.6681,
	5.27809 2.67133,
	5.28455 2.67133,
	5.29746 2.6794,
	5.30876 2.69231,
	5.3136 2.70522,
	5.31199 2.73105,
	5.31038 2.74396,
	5.29908 2.76979,
	5.28939 2.7827,
	5.26518 2.83435,
	5.25872 2.84727,
	5.23451 2.86825,
	5.20869 2.886,
	5.15704 2.93443,
	5.14412 2.94734,
	5.1183 2.95864,
	5.09247 2.96348,
	5.07956 2.96348,
	5.06665 2.96671,
	5.05373 2.97639,
	5.04728 2.98285,
	5.03437 2.98931,
	5.02145 2.99253,
	5.015 2.99253,
	5.00208 2.99899,
	4.97626 3.02159,
	4.92461 3.05871,
	4.9004 3.08131,
	4.8891 3.09422,
	4.88103 3.10552,
	4.83099 3.15556,
	4.81001 3.18138,
	4.80516 3.18784,
	4.79548 3.21366,
	4.79225 3.22012,
	4.74221 3.25563,
	4.73899 3.26209,
	4.73737 3.28791,
	4.73737 3.29437,
	4.72607 3.3202,
	4.71962 3.33311,
	4.71639 3.34602,
	4.71639 3.35893,
	4.71316 3.37185,
	4.71155 3.3783,
	4.70186 3.39122,
	4.69056 3.41704,
	4.68411 3.42995,
	4.65828 3.44125,
	4.64537 3.44125,
	4.61954 3.4348,
	4.61631 3.43318,
	4.6034 3.44125,
	4.59856 3.44771,
	4.5921 3.47353,
	4.58403 3.48645,
	4.57112 3.49936,
	4.56466 3.50259,
	4.55175 3.5155,
	4.54368 3.52841,
	4.54045 3.53487,
	4.52754 3.54778,
	4.52108 3.55424,
	4.49526 3.56877,
	4.48234 3.57361,
	4.47912 3.57361,
	4.45329 3.59943,
	4.44038 3.61235,
	4.40003 3.66238,
	4.38711 3.664,
	4.33546 3.6527,
	4.30964 3.6414,
	4.25799 3.61396,
	4.20633 3.60589,
	4.15468 3.61396,
	4.12886 3.61719,
	4.10303 3.61396,
	4.07721 3.61396,
	4.05138 3.62042,
	4.02556 3.63172,
	3.9739 3.64301,
	3.94808 3.64624,
	3.94162 3.64463,
	3.92871 3.65108,
	3.90288 3.6753,
	3.88997 3.6866,
	3.85285 3.73825,
	3.84639 3.7447,
	3.83025 3.77053,
	3.82057 3.78344,
	3.80927 3.79151,
	3.80281 3.81734,
	3.80281 3.83025,
	3.79474 3.85608,
	3.78828 3.86899,
	3.77537 3.8819,
	3.76569 3.89481,
	3.76246 3.89804,
	3.76084 3.9045,
	3.74954 3.91741,
	3.74147 3.93032,
	3.73663 3.93678,
	3.72372 3.94485,
	3.71888 3.94969,
	3.71565 3.94969,
	3.70274 3.96099,
	3.69628 3.96422,
	3.68982 3.97068,
	3.67691 3.97875,
	3.67207 3.98359,
	3.66561 3.9852,
	3.63979 4.00457,
	3.62849 4.01748,
	3.61396 4.04331,
	3.60912 4.04977,
	3.6075 4.05622,
	3.59621 4.06914,
	3.58814 4.08043,
	3.58329 4.08689,
	3.58168 4.09012,
	3.57845 4.09012,
	3.56877 4.10142,
	3.55585 4.11272,
	3.5494 4.11917,
	3.52357 4.12724,
	3.51712 4.12724,
	3.5042 4.13209,
	3.49129 4.1337,
	3.47838 4.12886,
	3.47515 4.12886,
	3.45739 4.10303,
	3.45255 4.09012,
	3.44932 4.06429,
	3.44771 4.05138,
	3.44771 4.04654,
	"/>
</Transform>

<Transform dim="0"
 xcoef=" 0 1 0 0 0 0"
 ycoef=" 0 0 1 0 0 0">
<Contour name="d03c19ax10" hidden="false" closed="true" simplified="true" border="0 1 0" fill="0 1 0" mode="9"
 points="2.3369 3.28027,
	2.37404 3.18519,
	2.39186 3.13765,
	2.39632 3.12576,
	2.40078 3.12131,
	2.41266 3.12279,
	2.4186 3.12428,
	2.51369 3.19856,
	2.53746 3.21787,
	2.54934 3.22679,
	2.56865 3.32187,
	2.5746 3.34564,
	2.5746 3.34861,
	2.52706 3.38278,
	2.50329 3.39912,
	2.4914 3.40803,
	2.48694 3.41101,
	2.39186 3.3293,
	2.34432 3.2877,
	2.33838 3.28324,
	2.3369 3.28176,
	"/>
</Transform>

<Transform dim="6"
 xcoef=" -0.234334012436626 1.11746608385904 0.00528478294449205 0 0 0"
 ycoef=" -1.01825224606554 0.0203497324142622 1.00419185211206 0 0 0">
<Image mag="0.00217507" contrast="0.917" brightness="0.12" red="true" green="true" blue="true"
 src="FHLTD.136.jpg" />
<Contour name="domain1" hidden="false" closed="true" simplified="false" border="1 0 1" fill="1 0 1" mode="11"
 points="0 0,
	4096 0,
	4096 4096,
	0 4096,
	"/>
</Transform>

<Transform dim="0"
 xcoef=" 0 1 0 0 0 0"
 ycoef=" 0 0 1 0 0 0">
<Contour name="d08c22ax30" hidden="false" closed="true" simplified="true" border="0 1 0" fill="0 1 0" mode="9"
 points="3.88873 3.11848,
	3.93795 3.06069,
	3.96233 3.03179,
	3.97452 3.01735,
	3.98084 3.01012,
	3.98219 3.00832,
	3.9831 3.00741,
	4.00883 3.03631,
	4.02192 3.05076,
	4.02328 3.05256,
	4.02418 3.05347,
	3.9533 3.16905,
	3.93569 3.19794,
	3.93117 3.20517,
	3.92892 3.20878,
	3.92846 3.20923,
	3.9104 3.18034,
	3.90589 3.17311,
	3.90363 3.1695,
	3.90228 3.16769,
	3.89415 3.1388,
	3.89054 3.12435,
	3.88918 3.12074,
	3.88873 3.11893,
	"/>
</Transform>

<Transform dim="0"
 xcoef=" 0 1 0 0 0 0"
 ycoef=" 0 0 1 0 0 0">
<Contour name="ddh_d06ax15" comment="traced by ddh" hidden="false" closed="true" simplified="true" border="1 0.5 0" fill="1 0.5 0" mode="11"
 points="1.54266 8.25972,
	1.54613 8.25047,
	1.54902 8.24584,
	1.55307 8.24122,
	1.5548 8.2389,
	1.55943 8.23601,
	1.56406 8.23197,
	1.57331 8.22676,
	1.57793 8.22503,
	1.58025 8.22387,
	1.59875 8.22329,
	1.608 8.22387,
	1.61725 8.22676,
	1.62188 8.2285,
	1.64038 8.24064,
	1.64501 8.24353,
	1.65021 8.25278,
	1.65252 8.25509,
	1.65483 8.25567,
	1.65599 8.25683,
	1.66524 8.25567,
	1.68375 8.24931,
	1.693 8.24816,
	1.70225 8.25105,
	1.7115 8.25683,
	1.72075 8.26608,
	1.72538 8.26955,
	1.74099 8.28805,
	1.75313 8.30655,
	1.75602 8.31581,
	1.75776 8.32506,
	1.75833 8.33431,
	1.75776 8.33893,
	1.75429 8.34356,
	1.74504 8.34876,
	1.73578 8.35281,
	1.72653 8.35397,
	1.70803 8.35281,
	1.67102 8.35281,
	1.65252 8.35165,
	1.6479 8.35108,
	1.62939 8.34529,
	1.61089 8.34183,
	1.60858 8.34183,
	1.59008 8.33546,
	1.58082 8.33142,
	1.5762 8.32853,
	1.56695 8.32043,
	1.55712 8.30193,
	1.54902 8.28343,
	1.54498 8.27417,
	1.54324 8.26492,
	1.54266 8.2603,
	"/>
</Transform>

<Transform dim="0"
 xcoef=" 0 1 0 0 0 0"
 ycoef=" 0 0 1 0 0 0">
<Contour name="ddh_d06ax18" comment="traced by ddh" hidden="false" closed="true" simplified="true" border="1 0 0.5" fill="1 0 0.5" mode="11"
 points="3.51602 7.9672,
	3.51835 7.95476,
	3.51913 7.94854,
	3.5199 7.94543,
	3.52146 7.94466,
	3.52223 7.94155,
	3.52379 7.93999,
	3.52457 7.93688,
	3.52923 7.93066,
	3.53079 7.92755,
	3.537 7.92367,
	3.54011 7.92367,
	3.54322 7.92211,
	3.54633 7.92211,
	3.55877 7.91589,
	3.57121 7.91123,
	3.57276 7.90967,
	3.57898 7.90734,
	3.59142 7.89957,
	3.59764 7.8949,
	3.60774 7.88635,
	3.61396 7.88169,
	3.6264 7.87858,
	3.63262 7.8778,
	3.64506 7.87936,
	3.65128 7.88169,
	3.66371 7.89102,
	3.6746 7.9019,
	3.6917 7.92678,
	3.69559 7.933,
	3.70647 7.9431,
	3.7158 7.95321,
	3.72202 7.95943,
	3.7399 7.98197,
	3.74378 7.98819,
	3.74767 7.99285,
	3.75078 7.99596,
	3.76477 8.02006,
	3.77099 8.0325,
	3.77255 8.03405,
	3.77332 8.03716,
	3.77799 8.0426,
	3.78421 8.05426,
	3.79198 8.0667,
	3.79431 8.07214,
	3.80209 8.08458,
	3.80364 8.08614,
	3.80364 8.08769,
	3.81064 8.10013,
	3.81375 8.10557,
	3.81452 8.10868,
	3.81608 8.11023,
	3.81919 8.12267,
	3.81996 8.13511,
	3.81841 8.14755,
	3.81608 8.15377,
	3.81452 8.15688,
	3.81297 8.15843,
	3.81297 8.15999,
	3.80908 8.16543,
	3.79742 8.17476,
	3.79198 8.17942,
	3.7811 8.19186,
	3.77643 8.19808,
	3.77177 8.20274,
	3.76555 8.21518,
	3.757 8.24005,
	3.75311 8.24627,
	3.74767 8.25171,
	3.74145 8.2556,
	3.73523 8.25793,
	3.72279 8.25871,
	3.71036 8.25793,
	3.69792 8.2556,
	3.68548 8.25171,
	3.67926 8.24861,
	3.67615 8.24705,
	3.6746 8.2455,
	3.67304 8.2455,
	3.67149 8.24394,
	3.66993 8.24394,
	3.66838 8.24239,
	3.66527 8.24239,
	3.65905 8.24005,
	3.64661 8.24005,
	3.63417 8.24161,
	3.62174 8.24472,
	3.59686 8.24394,
	3.58442 8.24005,
	3.5782 8.2385,
	3.57199 8.23539,
	3.57043 8.23384,
	3.56499 8.2315,
	3.56188 8.22995,
	3.55566 8.22373,
	3.55255 8.21751,
	3.55022 8.20507,
	3.55022 8.1802,
	3.55022 8.17398,
	3.54789 8.16154,
	3.54789 8.15999,
	3.54633 8.15843,
	3.53934 8.13356,
	3.53467 8.12734,
	3.52457 8.11801,
	3.52457 8.11645,
	3.52068 8.11023,
	3.51757 8.0978,
	3.51602 8.09158,
	3.51602 8.07914,
	3.51679 8.07292,
	3.51679 8.06981,
	3.52223 8.05737,
	3.52457 8.05115,
	3.5269 8.03872,
	3.52612 8.01384,
	3.51757 7.98897,
	3.51602 7.98275,
	3.51602 7.97031,
	3.51602 7.96798,
	"/>
</Transform>

<Transform dim="0"
 xcoef=" 0 1 0 0 0 0"
 ycoef=" 0 0 1 0 0 0">
<Contour name="ddh_d06ax19" comment="traced by ddh" hidden="false" closed="true" simplified="true" border="1 0 0" fill="1 0 0" mode="11"
 points="2.62599 5.29906,
	2.63398 5.27063,
	2.63842 5.25642,
	2.6402 5.24931,
	2.65886 5.22088,
	2.67218 5.20667,
	2.6864 5.19512,
	2.68551 5.19334,
	2.69173 5.18624,
	2.69883 5.18179,
	2.70594 5.17913,
	2.72015 5.17824,
	2.73437 5.18268,
	2.74858 5.1889,
	2.76279 5.19068,
	2.79122 5.19068,
	2.80544 5.18979,
	2.81254 5.18712,
	2.81965 5.18624,
	2.8232 5.18624,
	2.85163 5.17558,
	2.88006 5.16847,
	2.90848 5.1658,
	2.9227 5.16491,
	2.95113 5.1587,
	2.96534 5.15514,
	2.99377 5.14271,
	3.00798 5.13205,
	3.01953 5.11872,
	3.0293 5.10451,
	3.03108 5.10095,
	3.04529 5.08674,
	3.0524 5.08141,
	3.05951 5.07874,
	3.08793 5.07253,
	3.09504 5.07075,
	3.10925 5.06986,
	3.12347 5.07075,
	3.1519 5.07697,
	3.16611 5.07963,
	3.17322 5.0823,
	3.18032 5.08319,
	3.19454 5.0894,
	3.20875 5.0974,
	3.21408 5.10362,
	3.21586 5.11072,
	3.21586 5.11783,
	3.21142 5.13205,
	3.20342 5.14626,
	3.19809 5.15337,
	3.19009 5.16758,
	3.18743 5.17469,
	3.17855 5.1889,
	3.1741 5.19601,
	3.167 5.20134,
	3.16344 5.20489,
	3.15634 5.20756,
	3.14923 5.212,
	3.14212 5.21466,
	3.13857 5.21733,
	3.13502 5.21822,
	3.13324 5.21822,
	3.12969 5.22088,
	3.11547 5.22443,
	3.1137 5.22443,
	3.11192 5.22621,
	3.10481 5.2271,
	3.10126 5.22976,
	3.08704 5.23332,
	3.07994 5.23687,
	3.07816 5.23687,
	3.07461 5.23954,
	3.07283 5.23954,
	3.04529 5.26352,
	3.03108 5.27507,
	3.02397 5.27862,
	2.99554 5.29906,
	2.98133 5.30705,
	2.97422 5.30972,
	2.96712 5.31061,
	2.9529 5.31505,
	2.92448 5.32127,
	2.91026 5.32748,
	2.89605 5.33548,
	2.89249 5.33637,
	2.87828 5.34703,
	2.87117 5.35147,
	2.86407 5.35769,
	2.86051 5.35858,
	2.83209 5.3799,
	2.80366 5.39855,
	2.77523 5.41543,
	2.76102 5.41987,
	2.75391 5.42076,
	2.75036 5.42076,
	2.74947 5.41899,
	2.73526 5.41632,
	2.72815 5.41632,
	2.71393 5.41188,
	2.70683 5.41099,
	2.69972 5.40832,
	2.69794 5.40655,
	2.69084 5.40388,
	2.67662 5.39411,
	2.65086 5.36568,
	2.6402 5.35147,
	2.63221 5.33726,
	2.62865 5.33015,
	2.62599 5.31594,
	2.62599 5.30172,
	2.62599 5.29995,
	"/>
</Transform>

<Transform dim="0"
 xcoef=" 0 1 0 0 0 0"
 ycoef=" 0 0 1 0 0 0">
<Contour name="ddh_d07ax21" comment="traced by ddh" hidden="false" closed="true" simplified="true" border="0 1 0" fill="0 1 0" mode="11"
 points="1.97968 8.35206,
	1.98616 8.3391,
	1.99669 8.32614,
	2.00236 8.31318,
	2.00803 8.28726,
	2.00965 8.2743,
	2.01127 8.26782,
	2.01127 8.26458,
	2.01937 8.23866,
	2.02504 8.2257,
	2.03395 8.21274,
	2.04448 8.19978,
	2.06959 8.17629,
	2.07607 8.17143,
	2.08903 8.15846,
	2.09389 8.15198,
	2.10928 8.12606,
	2.11981 8.1131,
	2.13277 8.10176,
	2.14573 8.09447,
	2.14897 8.09285,
	2.15221 8.08961,
	2.16517 8.0807,
	2.17813 8.06855,
	2.18218 8.06288,
	2.1838 8.05964,
	2.19028 8.05397,
	2.19352 8.05154,
	2.19514 8.04992,
	2.20162 8.04911,
	2.2081 8.04992,
	2.21134 8.05073,
	2.21701 8.05721,
	2.22025 8.06369,
	2.22106 8.07017,
	2.22025 8.08313,
	2.22106 8.08961,
	2.21944 8.10257,
	2.21539 8.11553,
	2.20324 8.14145,
	2.20081 8.14793,
	2.19676 8.17386,
	2.19433 8.18034,
	2.19433 8.18358,
	2.1838 8.2095,
	2.18461 8.22246,
	2.18461 8.22894,
	2.19028 8.2419,
	2.19757 8.26782,
	2.19919 8.2743,
	2.20243 8.28078,
	2.20405 8.28726,
	2.21134 8.30022,
	2.2162 8.3067,
	2.22187 8.31966,
	2.2243 8.33262,
	2.22268 8.35854,
	2.22025 8.3715,
	2.22025 8.37474,
	2.20972 8.40066,
	2.20405 8.41362,
	2.2 8.4201,
	2.18704 8.43225,
	2.18056 8.43792,
	2.17813 8.44116,
	2.17732 8.4444,
	2.1676 8.45736,
	2.16112 8.46303,
	2.15464 8.46384,
	2.14816 8.46222,
	2.14492 8.46141,
	2.13196 8.4525,
	2.10604 8.43063,
	2.1028 8.4282,
	2.10118 8.42658,
	2.09956 8.42658,
	2.09794 8.42496,
	2.09632 8.42496,
	2.08984 8.41929,
	2.08336 8.41605,
	2.07688 8.41119,
	2.07364 8.41038,
	2.06716 8.40552,
	2.0542 8.39985,
	2.04772 8.39742,
	2.03476 8.3958,
	2.0218 8.39256,
	2.01532 8.39175,
	2.01208 8.39013,
	2.0056 8.38932,
	1.99264 8.38122,
	1.98616 8.37555,
	1.98292 8.37231,
	1.97968 8.36583,
	1.97968 8.35287,
	"/>
</Transform>

<Transform dim="0"
 xcoef=" 0 1 0 0 0 0"
 ycoef=" 0 0 1 0 0 0">
<Contour name="ddh_d07ax24" comment="traced by ddh" hidden="false" closed="true" simplified="true" border="1 0.5 0" fill="1 0.5 0" mode="11"
 points="2.95776 9.78119,
	2.96007 9.76891,
	2.96083 9.76277,
	2.97081 9.73821,
	2.97465 9.73207,
	2.98616 9.72056,
	3.01072 9.70214,
	3.023 9.69446,
	3.03528 9.68372,
	3.04065 9.67758,
	3.04909 9.65302,
	3.05293 9.64074,
	3.05676 9.6346,
	3.05907 9.62846,
	3.05983 9.62539,
	3.06674 9.61311,
	3.06904 9.60697,
	3.07058 9.60544,
	3.07365 9.59316,
	3.07595 9.59009,
	3.07825 9.57781,
	3.0867 9.55325,
	3.10051 9.52869,
	3.10742 9.51642,
	3.11049 9.51028,
	3.11125 9.50721,
	3.1197 9.49493,
	3.16728 9.45041,
	3.17879 9.43814,
	3.1903 9.42816,
	3.19644 9.42432,
	3.19951 9.42279,
	3.21179 9.41127,
	3.21793 9.40744,
	3.22944 9.39516,
	3.23251 9.38902,
	3.23481 9.37674,
	3.23251 9.36446,
	3.22714 9.35218,
	3.2256 9.3399,
	3.22484 9.33376,
	3.22637 9.32762,
	3.23174 9.31534,
	3.23558 9.3092,
	3.24095 9.30306,
	3.24402 9.29692,
	3.24863 9.29078,
	3.26014 9.27851,
	3.26935 9.26623,
	3.27626 9.25395,
	3.28854 9.24243,
	3.29468 9.2386,
	3.29774 9.23706,
	3.30081 9.23399,
	3.30619 9.22171,
	3.30695 9.20943,
	3.31002 9.20329,
	3.31923 9.19178,
	3.33151 9.18488,
	3.33458 9.18334,
	3.34533 9.17106,
	3.35377 9.15878,
	3.36375 9.1465,
	3.37603 9.1396,
	3.3814 9.13422,
	3.39368 9.10967,
	3.39751 9.10353,
	3.4213 9.08204,
	3.43358 9.07206,
	3.45584 9.04827,
	3.47579 9.02371,
	3.52414 8.97613,
	3.53642 8.96615,
	3.5487 8.95848,
	3.55484 8.95387,
	3.56712 8.9485,
	3.5794 8.94543,
	3.59168 8.9439,
	3.59782 8.94159,
	3.60396 8.93699,
	3.61163 8.92548,
	3.6147 8.91934,
	3.61624 8.89478,
	3.61701 8.88864,
	3.61777 8.88557,
	3.61624 8.8825,
	3.61701 8.87022,
	3.61931 8.85794,
	3.62928 8.83338,
	3.64233 8.80882,
	3.64387 8.80575,
	3.65615 8.79424,
	3.66842 8.7858,
	3.69298 8.77275,
	3.70526 8.76278,
	3.72982 8.73975,
	3.7421 8.72747,
	3.76666 8.70675,
	3.77894 8.69524,
	3.80043 8.67068,
	3.81117 8.6584,
	3.81731 8.65303,
	3.82959 8.64689,
	3.83573 8.64305,
	3.85952 8.61926,
	3.86106 8.61312,
	3.8695 8.60084,
	3.87564 8.59624,
	3.9002 8.58626,
	3.90557 8.58089,
	3.91324 8.56861,
	3.91861 8.55633,
	3.92092 8.55019,
	3.92936 8.53791,
	3.9355 8.53254,
	3.94164 8.53024,
	3.94471 8.5287,
	3.94624 8.52794,
	3.95852 8.53331,
	3.96466 8.53715,
	3.97617 8.54942,
	4.00073 8.56324,
	4.01301 8.57475,
	4.01992 8.58703,
	4.02145 8.59317,
	4.02222 8.61773,
	4.02452 8.62387,
	4.02529 8.63615,
	4.02376 8.66071,
	4.01531 8.68526,
	4.01148 8.69754,
	4.00764 8.7221,
	4.00227 8.74666,
	3.99306 8.77122,
	3.98999 8.77736,
	3.98845 8.78043,
	3.98231 8.7858,
	3.97541 8.79808,
	3.97157 8.80422,
	3.95929 8.81573,
	3.93473 8.83185,
	3.92245 8.84029,
	3.89866 8.86485,
	3.88638 8.87713,
	3.87564 8.88941,
	3.85108 8.90859,
	3.8388 8.9178,
	3.82652 8.92931,
	3.80196 8.9439,
	3.78968 8.9508,
	3.78354 8.95464,
	3.77203 8.96538,
	3.76819 8.97152,
	3.76436 8.9838,
	3.75745 8.99608,
	3.75591 8.99915,
	3.7444 9.01143,
	3.73903 9.0168,
	3.71447 9.03139,
	3.70833 9.03446,
	3.70219 9.03906,
	3.67763 9.06132,
	3.66535 9.07283,
	3.62008 9.12194,
	3.57096 9.15725,
	3.5464 9.17336,
	3.53412 9.1772,
	3.53105 9.17874,
	3.50649 9.18181,
	3.48193 9.18641,
	3.47579 9.18948,
	3.47119 9.19485,
	3.46582 9.20713,
	3.45891 9.23169,
	3.45047 9.25625,
	3.44433 9.26853,
	3.43282 9.28081,
	3.3837 9.31074,
	3.37142 9.31765,
	3.34686 9.32762,
	3.33458 9.33376,
	3.32844 9.33683,
	3.31616 9.34681,
	3.30388 9.35832,
	3.29928 9.36446,
	3.29774 9.36753,
	3.29468 9.39209,
	3.29314 9.40437,
	3.29237 9.40744,
	3.29544 9.432,
	3.29698 9.44427,
	3.29314 9.46883,
	3.29237 9.47497,
	3.29007 9.48111,
	3.28777 9.50567,
	3.27472 9.53023,
	3.27012 9.53637,
	3.25784 9.54711,
	3.2517 9.55172,
	3.24786 9.55786,
	3.24556 9.56093,
	3.24172 9.57321,
	3.23558 9.58549,
	3.22714 9.59777,
	3.2233 9.60391,
	3.21716 9.60928,
	3.20565 9.61695,
	3.18109 9.62846,
	3.16881 9.63537,
	3.16574 9.63614,
	3.14195 9.65839,
	3.13658 9.66453,
	3.12967 9.67681,
	3.12507 9.68909,
	3.12277 9.70137,
	3.12123 9.70751,
	3.11586 9.71979,
	3.10818 9.73207,
	3.10588 9.73514,
	3.10358 9.74128,
	3.10358 9.75356,
	3.10358 9.7597,
	3.10742 9.78426,
	3.10742 9.79654,
	3.10588 9.80268,
	3.10435 9.80421,
	3.00611 9.80805,
	2.98155 9.80881,
	2.96928 9.80958,
	2.96314 9.80958,
	2.96007 9.80881,
	2.95776 9.80575,
	2.95776 9.78195,
	"/>
</Transform>

</Section>