<?xml version="1.0"?>
<!DOCTYPE Section SYSTEM "section.dtd">

<Section index="119" thickness="0.045" alignLocked="true">
<Transform dim="6"
 xcoef=" 1.72608454827879 0.996086308759986 -0.000964851020997429 0 0 0"
 ycoef=" 0.946237389316816 0.0222136107421414 1.00417679313991 0 0 0">
<Contour name="D04" hidden="false" closed="true" simplified="true" border="1 0 0" fill="1 0 0" mode="11"
 points="5.46492 7.32996,
	5.46778 7.29096,
	5.47628 7.25281,
	5.49024 7.21634,
	5.50936 7.18235,
	5.53323 7.15158,
	5.56131 7.1247,
	5.59299 7.1023,
	5.6276 7.08487,
	5.66436 7.07278,
	5.70248 7.0663,
	5.74113 7.06558,
	5.77947 7.07063,
	5.81665 7.08133,
	5.85186 7.09746,
	5.88435 7.11866,
	5.91339 7.14447,
	5.93836 7.17432,
	5.95871 7.20758,
	5.97399 7.2435,
	5.98388 7.28131,
	5.98816 7.32018,
	5.98673 7.35926,
	5.97963 7.39771,
	5.96701 7.43467,
	5.94914 7.46936,
	5.92642 7.501,
	5.89934 7.52891,
	5.86849 7.55248,
	5.83455 7.57119,
	5.79825 7.58464,
	5.76039 7.59254,
	5.72179 7.59471,
	5.6833 7.5911,
	5.64576 7.58179,
	5.60998 7.56699,
	5.57674 7.54702,
	5.54678 7.52231,
	5.52073 7.49341,
	5.49918 7.46094,
	5.48259 7.42562,
	5.47133 7.3882,
	"/>
</Transform>

<Transform dim="6"
 xcoef=" 0.266084548278782 0.996086308759986 -0.000964851020997429 0 0 0"
 ycoef=" -0.403762610683185 0.0222136107421414 1.00417679313991 0 0 0">
<Contour name="D05" hidden="false" closed="true" simplified="true" border="1 1 0" fill="1 1 0" mode="11"
 points="2.69299 3.97404,
	2.70475 3.90163,
	2.73888 3.83632,
	2.79205 3.78448,
	2.85904 3.7512,
	2.93329 3.73974,
	3.00755 3.7512,
	3.07454 3.78448,
	3.12771 3.83632,
	3.16184 3.90163,
	3.1736 3.97404,
	3.16184 4.04644,
	3.12771 4.11175,
	3.07454 4.16359,
	3.00755 4.19687,
	2.93329 4.20833,
	2.85904 4.19687,
	2.79205 4.16359,
	2.73888 4.11175,
	"/>
</Transform>

<Transform dim="6"
 xcoef=" 0.0460845482787822 0.996086308759986 -0.000964851020997429 0 0 0"
 ycoef=" -0.173762610683185 0.0222136107421414 1.00417679313991 0 0 0">
<Contour name="d02" hidden="false" closed="true" simplified="true" border="0.5 0 1" fill="0.5 0 1" mode="9"
 points="5.34551 5.6534,
	5.35533 5.6403,
	5.35861 5.6272,
	5.39136 5.57479,
	5.41757 5.55514,
	5.46997 5.54531,
	5.49618 5.54203,
	5.50273 5.54203,
	5.52893 5.56169,
	5.53876 5.57479,
	5.53548 5.60099,
	5.52566 5.6272,
	5.48963 5.6796,
	5.46997 5.73201,
	5.46015 5.75821,
	5.46015 5.77131,
	5.44377 5.79752,
	5.43067 5.79752,
	5.41757 5.78769,
	5.41102 5.77459,
	5.39791 5.76804,
	5.37171 5.76804,
	5.36189 5.76149,
	5.37171 5.73528,
	5.37499 5.72218,
	5.37171 5.70908,
	5.34551 5.68288,
	5.34551 5.65667,
	"/>
</Transform>

<Transform dim="6"
 xcoef=" 0.0460845482787822 0.996086308759986 -0.000964851020997429 0 0 0"
 ycoef=" -0.173762610683185 0.0222136107421414 1.00417679313991 0 0 0">
<Contour name="d02p15" hidden="false" closed="true" simplified="false" border="1 1 0" fill="1 1 0" mode="9"
 points="4.83246 6.43978,
	4.83246 6.36918,
	4.76185 6.36918,
	4.76185 6.43095,
	4.75303 6.43978,
	4.75303 6.36035,
	4.84128 6.36035,
	4.84128 6.4486,
	4.75303 6.4486,
	4.76185 6.43978,
	"/>
</Transform>

<Transform dim="6"
 xcoef=" 0.0460845482787822 0.996086308759986 -0.000964851020997429 0 0 0"
 ycoef=" -0.173762610683185 0.0222136107421414 1.00417679313991 0 0 0">
<Contour name="d02" hidden="false" closed="true" simplified="true" border="0.5 0 1" fill="0.5 0 1" mode="9"
 points="3.61837 6.99845,
	3.68897 6.96756,
	3.72427 6.94109,
	3.79046 6.87048,
	3.84782 6.79988,
	3.8743 6.76458,
	3.90519 6.69398,
	3.92725 6.65868,
	3.93608 6.64103,
	3.93166 6.63661,
	3.95373 6.60131,
	3.95814 6.56601,
	3.96255 6.54836,
	3.9802 6.53071,
	4.05081 6.52189,
	4.12141 6.52189,
	4.19201 6.50865,
	4.22731 6.49982,
	4.29791 6.4557,
	4.36852 6.4557,
	4.40382 6.46011,
	4.42147 6.46452,
	4.43029 6.46452,
	4.44794 6.47776,
	4.48324 6.48217,
	4.49207 6.41598,
	4.49207 6.34538,
	4.49207 6.31008,
	4.5362 6.23948,
	4.55826 6.20418,
	4.56708 6.18652,
	4.60239 6.16446,
	4.63769 6.16446,
	4.67299 6.1777,
	4.68181 6.213,
	4.6774 6.2483,
	4.64651 6.2836,
	4.65093 6.3189,
	4.67299 6.35421,
	4.68623 6.36744,
	4.70388 6.37186,
	4.72153 6.36744,
	4.73035 6.35862,
	4.75683 6.28802,
	4.77007 6.25271,
	4.80095 6.23065,
	4.81861 6.22183,
	4.83626 6.22183,
	4.86714 6.25271,
	4.86714 6.26154,
	4.89803 6.29684,
	4.8848 6.33214,
	4.87597 6.34979,
	4.8848 6.38509,
	4.8848 6.40274,
	4.89803 6.43805,
	4.9201 6.47335,
	4.92451 6.491,
	4.93775 6.50865,
	4.94657 6.51747,
	4.94216 6.58808,
	4.88038 6.65868,
	4.87156 6.67633,
	4.86714 6.71163,
	4.72594 6.85283,
	4.69505 6.8749,
	4.66858 6.9102,
	4.63327 6.91902,
	4.61562 6.92344,
	4.60239 6.94109,
	4.60239 6.97639,
	4.56708 6.99845,
	4.54943 7.01169,
	4.51413 7.02493,
	4.44353 7.02934,
	4.30233 6.9808,
	4.26703 6.98521,
	4.24937 6.98521,
	4.17877 7.02051,
	4.03757 7.06905,
	3.96697 7.08229,
	3.89636 7.10435,
	3.82576 7.14407,
	3.79046 7.14848,
	3.75516 7.14407,
	3.74633 7.14407,
	3.68897 7.07347,
	3.62278 7.0161,
	3.61837 7.00286,
	"/>
</Transform>

<Transform dim="6"
 xcoef=" 0.0460845482787822 0.996086308759986 -0.000964851020997429 0 0 0"
 ycoef=" -0.173762610683185 0.0222136107421414 1.00417679313991 0 0 0">
<Contour name="d02" hidden="false" closed="true" simplified="true" border="0.5 0 1" fill="0.5 0 1" mode="9"
 points="3.1893 6.40371,
	3.21441 6.37501,
	3.22159 6.36784,
	3.25029 6.36784,
	3.26464 6.36425,
	3.27181 6.36425,
	3.27899 6.35708,
	3.27899 6.34272,
	3.22159 6.33555,
	3.20724 6.33196,
	3.19289 6.3212,
	3.19289 6.2925,
	3.20365 6.2638,
	3.23235 6.25304,
	3.26105 6.25662,
	3.2754 6.26021,
	3.29334 6.28532,
	3.32204 6.29967,
	3.35074 6.3212,
	3.40814 6.34272,
	3.43325 6.35708,
	3.46195 6.36425,
	3.46913 6.36425,
	3.49783 6.38219,
	3.51218 6.39295,
	3.51576 6.42165,
	3.49783 6.45035,
	3.49065 6.4647,
	3.48348 6.47188,
	3.42608 6.47188,
	3.36868 6.45394,
	3.34356 6.44676,
	3.32921 6.45394,
	3.30051 6.45035,
	3.27181 6.45394,
	3.21441 6.44318,
	3.20006 6.436,
	3.1893 6.42165,
	3.1893 6.4073,
	"/>
</Transform>

<Transform dim="6"
 xcoef=" 0.0460845482787822 0.996086308759986 -0.000964851020997429 0 0 0"
 ycoef=" -0.173762610683185 0.0222136107421414 1.00417679313991 0 0 0">
<Contour name="d02" hidden="false" closed="true" simplified="true" border="0.5 0 1" fill="0.5 0 1" mode="9"
 points="2.51009 7.60094,
	2.55532 7.59811,
	2.64577 7.60376,
	2.691 7.59528,
	2.71361 7.58963,
	2.75884 7.59246,
	2.80406 7.60659,
	2.81537 7.60942,
	2.82102 7.61507,
	2.8182 7.6179,
	2.81254 7.61507,
	2.80689 7.62355,
	2.80406 7.64616,
	2.79276 7.65182,
	2.74753 7.65182,
	2.7023 7.66312,
	2.67969 7.66878,
	2.65708 7.68008,
	2.64577 7.68574,
	2.63729 7.69704,
	2.63164 7.71966,
	2.63164 7.73096,
	2.63446 7.73662,
	2.61185 7.74227,
	2.58924 7.73379,
	2.58076 7.72248,
	2.58358 7.71118,
	2.5638 7.69139,
	2.55814 7.68008,
	2.51857 7.63768,
	2.51574 7.62638,
	2.51292 7.62072,
	2.51574 7.6179,
	2.51009 7.60659,
	2.51009 7.60376,
	"/>
</Transform>

<Transform dim="6"
 xcoef=" 0.0460845482787822 0.996086308759986 -0.000964851020997429 0 0 0"
 ycoef=" -0.173762610683185 0.0222136107421414 1.00417679313991 0 0 0">
<Contour name="d02c12b" hidden="false" closed="true" simplified="true" border="0 1 0" fill="0 1 0" mode="9"
 points="5.37234 5.60449,
	5.37621 5.59676,
	5.38008 5.59289,
	5.38008 5.58902,
	5.39169 5.57354,
	5.39943 5.55806,
	5.40717 5.55033,
	5.43812 5.53872,
	5.4536 5.53485,
	5.48455 5.53485,
	5.5155 5.54452,
	5.52324 5.55033,
	5.52324 5.55806,
	5.51937 5.56,
	5.51163 5.55806,
	5.5039 5.56,
	5.50196 5.57548,
	5.50196 5.57934,
	5.49422 5.58515,
	5.47875 5.57548,
	5.47488 5.57161,
	5.47101 5.57161,
	5.45553 5.58321,
	5.45553 5.59095,
	5.44779 5.59289,
	5.44392 5.59289,
	5.43619 5.58515,
	5.42264 5.58321,
	5.41684 5.59095,
	5.41684 5.62191,
	5.41297 5.62964,
	5.4091 5.63351,
	5.39362 5.63351,
	5.39169 5.64125,
	5.38589 5.64899,
	5.37815 5.64706,
	5.37428 5.64512,
	5.37234 5.61417,
	5.37234 5.60643,
	"/>
</Transform>

<Transform dim="6"
 xcoef=" 0.0460845482787822 0.996086308759986 -0.000964851020997429 0 0 0"
 ycoef=" -0.173762610683185 0.0222136107421414 1.00417679313991 0 0 0">
<Contour name="d02cfa12b" hidden="false" closed="false" simplified="false" border="0 1 1" fill="0 1 1" mode="9"
 points="5.5231 5.55581,
	5.51536 5.55194,
	5.50182 5.55194,
	5.48634 5.54807,
	5.46312 5.55194,
	5.43217 5.55968,
	5.40122 5.58096,
	5.38768 5.59644,
	5.38574 5.61965,
	5.37607 5.64287,
	"/>
</Transform>

<Transform dim="6"
 xcoef=" 0.0460845482787822 0.996086308759986 -0.000964851020997429 0 0 0"
 ycoef=" -0.173762610683185 0.0222136107421414 1.00417679313991 0 0 0">
<Contour name="d02c20" hidden="false" closed="true" simplified="true" border="0 1 0" fill="0 1 0" mode="9"
 points="2.50969 7.6354,
	2.53096 7.63275,
	2.53627 7.63806,
	2.54691 7.64072,
	2.55222 7.64604,
	2.56286 7.6487,
	2.57615 7.66997,
	2.59742 7.68326,
	2.60805 7.69123,
	2.61337 7.69655,
	2.61869 7.71782,
	2.62135 7.72314,
	2.61071 7.72845,
	2.57615 7.68858,
	2.55488 7.66997,
	2.54425 7.66465,
	2.53361 7.65401,
	2.51235 7.64338,
	2.50969 7.63806,
	"/>
</Transform>

<Transform dim="6"
 xcoef=" 0.0460845482787822 0.996086308759986 -0.000964851020997429 0 0 0"
 ycoef=" -0.173762610683185 0.0222136107421414 1.00417679313991 0 0 0">
<Contour name="d02cfa20" hidden="false" closed="false" simplified="false" border="0 1 1" fill="0 1 1" mode="9"
 points="2.61243 7.72312,
	2.59117 7.6859,
	2.57256 7.66995,
	2.54597 7.65134,
	2.51938 7.63539,
	"/>
</Transform>

<Transform dim="6"
 xcoef=" 0.0460845482787822 0.996086308759986 -0.000964851020997429 0 0 0"
 ycoef=" -0.173762610683185 0.0222136107421414 1.00417679313991 0 0 0">
<Contour name="d01" hidden="false" closed="true" simplified="true" border="1 0.5 0" fill="1 0.5 0" mode="9"
 points="5.2907 2.64617,
	5.29724 2.63963,
	5.32339 2.62328,
	5.32993 2.61838,
	5.33319 2.61348,
	5.34464 2.6004,
	5.35608 2.5906,
	5.37242 2.56444,
	5.39694 2.51214,
	5.39694 2.49907,
	5.3904 2.48599,
	5.38386 2.47945,
	5.38059 2.47292,
	5.36915 2.45984,
	5.36098 2.4484,
	5.35935 2.42225,
	5.35771 2.40917,
	5.36261 2.3961,
	5.37406 2.38629,
	5.38223 2.37812,
	5.38386 2.36504,
	5.40021 2.34053,
	5.45251 2.3062,
	5.45905 2.3013,
	5.47212 2.2964,
	5.49827 2.29149,
	5.52442 2.28332,
	5.55058 2.28169,
	5.55711 2.28332,
	5.58326 2.3013,
	5.60615 2.32745,
	5.62249 2.3536,
	5.64701 2.37812,
	5.65681 2.39119,
	5.66008 2.39773,
	5.68133 2.42388,
	5.69931 2.45003,
	5.70585 2.46311,
	5.70912 2.46965,
	5.71075 2.48272,
	5.71075 2.48926,
	5.70421 2.50234,
	5.69768 2.50887,
	5.67152 2.52358,
	5.64701 2.54483,
	5.6421 2.54973,
	5.62576 2.60204,
	5.62086 2.61511,
	5.60942 2.62655,
	5.60451 2.63309,
	5.59797 2.63636,
	5.57509 2.66088,
	5.56202 2.67232,
	5.54567 2.69357,
	5.53587 2.71972,
	5.52933 2.73279,
	5.52769 2.73933,
	5.52279 2.74587,
	5.51789 2.75894,
	5.51789 2.76221,
	5.51298 2.76875,
	5.51135 2.77529,
	5.49991 2.78673,
	5.49664 2.79,
	5.48356 2.78836,
	5.45741 2.79,
	5.44434 2.78836,
	5.43126 2.78346,
	5.42472 2.78183,
	5.42145 2.78183,
	5.40838 2.77365,
	5.38386 2.75241,
	5.38059 2.74914,
	5.37732 2.74914,
	5.36752 2.73933,
	5.34627 2.71481,
	5.30214 2.67068,
	5.2907 2.65761,
	5.2907 2.65107,
	5.2907 2.6478,
	"/>
</Transform>

<Transform dim="6"
 xcoef=" 0.0460845482787822 0.996086308759986 -0.000964851020997429 0 0 0"
 ycoef=" -0.173762610683185 0.0222136107421414 1.00417679313991 0 0 0">
<Contour name="d01c47" hidden="false" closed="true" simplified="true" border="0 1 0" fill="0 1 0" mode="9"
 points="5.25779 2.56624,
	5.29287 2.52614,
	5.33297 2.50108,
	5.37307 2.50108,
	5.39312 2.51111,
	5.40314 2.51612,
	5.3881 2.59631,
	5.3881 2.61636,
	5.35302 2.64644,
	5.33297 2.66147,
	5.29287 2.66648,
	5.27282 2.66648,
	5.2628 2.65646,
	5.25779 2.57627,
	5.25779 2.57125,
	"/>
<Contour name="d01cfa47" hidden="false" closed="false" simplified="false" border="0 1 1" fill="0 1 1" mode="9"
 points="5.27253 2.65398,
	5.32265 2.61889,
	5.36275 2.58381,
	5.39784 2.50361,
	"/>
</Transform>

<Transform dim="6"
 xcoef=" 0.0460845482787822 0.996086308759986 -0.000964851020997429 0 0 0"
 ycoef=" -0.173762610683185 0.0222136107421414 1.00417679313991 0 0 0">
<Contour name="d03" hidden="false" closed="true" simplified="true" border="0 1 0" fill="0 1 0" mode="9"
 points="3.99155 2.34053,
	4.0042 2.31523,
	4.00736 2.30257,
	4.02634 2.27727,
	4.03267 2.26462,
	4.05481 2.2488,
	4.06746 2.23932,
	4.11806 2.23932,
	4.14337 2.23932,
	4.15602 2.24248,
	4.16867 2.25197,
	4.175 2.30257,
	4.18448 2.31206,
	4.18448 2.41327,
	4.18132 2.46388,
	4.17183 2.48918,
	4.15286 2.51132,
	4.12755 2.52714,
	4.07695 2.52714,
	4.05164 2.52397,
	4.03899 2.52397,
	4.02634 2.51765,
	4.0042 2.49235,
	3.99471 2.46704,
	3.99155 2.36583,
	3.99155 2.34369,
	"/>
</Transform>

<Transform dim="6"
 xcoef=" 0.0460845482787822 0.996086308759986 -0.000964851020997429 0 0 0"
 ycoef=" -0.173762610683185 0.0222136107421414 1.00417679313991 0 0 0">
<Contour name="d03c13" hidden="false" closed="true" simplified="true" border="1 0 0" fill="1 0 0" mode="9"
 points="2.69987 3.18115,
	2.74291 3.11854,
	2.75856 3.10289,
	2.77812 3.07159,
	2.78595 3.06376,
	2.84856 3.06768,
	2.84856 3.0755,
	2.82899 3.1068,
	2.80551 3.16941,
	2.80551 3.17724,
	2.75856 3.23593,
	2.75073 3.24375,
	2.71943 3.24375,
	2.70378 3.24375,
	2.69987 3.18506,
	"/>
<Contour name="d03cfa13" hidden="false" closed="false" simplified="false" border="0 1 1" fill="0 1 1" mode="9"
 points="2.74201 3.23243,
	2.74201 3.20504,
	2.77723 3.13852,
	2.83592 3.06418,
	"/>
</Transform>

<Transform dim="6"
 xcoef=" 0.0460845482787822 0.996086308759986 -0.000964851020997429 0 0 0"
 ycoef=" -0.173762610683185 0.0222136107421414 1.00417679313991 0 0 0">
<Contour name="d03c14a" hidden="false" closed="true" simplified="true" border="1 0 0" fill="1 0 0" mode="9"
 points="4.14371 2.28511,
	4.15545 2.26945,
	4.18675 2.25772,
	4.21805 2.2538,
	4.25327 2.31641,
	4.2611 2.34771,
	4.2611 2.41032,
	4.2611 2.44162,
	4.2611 2.44945,
	4.23371 2.48075,
	4.2024 2.49249,
	4.1711 2.49249,
	4.15545 2.48466,
	4.14762 2.46901,
	4.14371 2.3438,
	4.14371 2.3125,
	4.14371 2.29684,
	4.14371 2.28902,
	"/>
<Contour name="d03cfa14a" hidden="false" closed="false" simplified="false" border="0 1 1" fill="0 1 1" mode="9"
 points="4.19368 2.48899,
	4.19759 2.45377,
	4.19759 2.39899,
	4.18977 2.31291,
	4.1702 2.25813,
	"/>
</Transform>

<Transform dim="6"
 xcoef=" 0.0460845482787822 0.996086308759986 -0.000964851020997429 0 0 0"
 ycoef=" -0.173762610683185 0.0222136107421414 1.00417679313991 0 0 0">
<Contour name="d06" hidden="false" closed="true" simplified="true" border="0 0 1" fill="0 0 1" mode="9"
 points="2.55263 6.95007,
	2.5582 6.92777,
	2.59165 6.88597,
	2.6223 6.84975,
	2.63623 6.82745,
	2.67803 6.78844,
	2.70033 6.76614,
	2.74213 6.73828,
	2.78672 6.70484,
	2.79786 6.69648,
	2.82016 6.68812,
	2.90933 6.6909,
	2.95392 6.68812,
	2.97621 6.67976,
	2.99851 6.67976,
	3.01523 6.66025,
	3.0208 6.6491,
	3.04309 6.6296,
	3.05424 6.62124,
	3.09883 6.61845,
	3.13784 6.57386,
	3.16292 6.52927,
	3.17407 6.50698,
	3.18243 6.49583,
	3.18522 6.48469,
	3.20472 6.46518,
	3.24931 6.46518,
	3.2939 6.45403,
	3.38307 6.45125,
	3.42766 6.45403,
	3.43881 6.45682,
	3.4611 6.45125,
	3.48339 6.45125,
	3.49454 6.45125,
	3.50011 6.45403,
	3.50011 6.46518,
	3.47782 6.48469,
	3.47225 6.48469,
	3.46389 6.49305,
	3.45274 6.49583,
	3.41094 6.52649,
	3.39143 6.54878,
	3.38029 6.55435,
	3.37471 6.55435,
	3.33291 6.57943,
	3.29668 6.61845,
	3.2939 6.6296,
	3.27439 6.65189,
	3.26603 6.66304,
	3.26046 6.68533,
	3.26324 6.70762,
	3.30783 6.7132,
	3.31898 6.7132,
	3.33012 6.72156,
	3.3357 6.7327,
	3.33848 6.77729,
	3.33848 6.78844,
	3.32176 6.80795,
	3.30226 6.82188,
	3.28275 6.84139,
	3.27439 6.85253,
	3.27439 6.89712,
	3.23259 6.93335,
	3.2103 6.94728,
	3.188 6.95564,
	3.17686 6.96121,
	3.17128 6.96121,
	3.16014 6.96957,
	3.13784 6.97793,
	3.09604 7.01416,
	3.07375 7.03088,
	3.05703 7.04482,
	3.03473 7.05318,
	3.02359 7.05875,
	2.99851 7.10334,
	2.99572 7.12563,
	2.99572 7.13678,
	2.96228 7.18137,
	2.93998 7.19809,
	2.90654 7.23153,
	2.8954 7.24267,
	2.89261 7.25382,
	2.88425 7.26497,
	2.88425 7.27054,
	2.87589 7.28169,
	2.87032 7.28726,
	2.87032 7.29283,
	2.8536 7.31513,
	2.84524 7.33742,
	2.83966 7.34857,
	2.83966 7.35414,
	2.82016 7.37365,
	2.80622 7.39316,
	2.79508 7.39873,
	2.75049 7.39594,
	2.73934 7.39037,
	2.71705 7.39316,
	2.7059 7.39873,
	2.70033 7.4043,
	2.69475 7.4043,
	2.68361 7.41266,
	2.66131 7.41545,
	2.63902 7.43217,
	2.62787 7.43774,
	2.60558 7.43496,
	2.59722 7.42381,
	2.60001 7.37922,
	2.60001 7.37365,
	2.61115 7.36529,
	2.62509 7.34857,
	2.66689 7.31513,
	2.67525 7.30398,
	2.70869 7.27333,
	2.75049 7.23989,
	2.76999 7.22595,
	2.78672 7.20366,
	2.79229 7.19251,
	2.80622 7.17858,
	2.80901 7.15628,
	2.80901 7.14514,
	2.80344 7.13399,
	2.78114 7.1312,
	2.73655 7.11727,
	2.64738 7.10891,
	2.60279 7.10891,
	2.5805 7.10612,
	2.57214 7.09498,
	2.55542 7.0058,
	2.55263 6.96121,
	2.55263 6.95285,
	"/>
</Transform>

<Transform dim="6"
 xcoef=" 0.0460845482787822 0.996086308759986 -0.000964851020997429 0 0 0"
 ycoef=" -0.173762610683185 0.0222136107421414 1.00417679313991 0 0 0">
<Contour name="d07" hidden="false" closed="true" simplified="true" border="1 0 1" fill="1 0 1" mode="9"
 points="3.27831 7.29572,
	3.28738 7.28665,
	3.35993 7.28665,
	3.39621 7.28665,
	3.41434 7.29572,
	3.43248 7.31386,
	3.45062 7.32293,
	3.48689 7.32293,
	3.63199 7.25491,
	3.66827 7.23678,
	3.70454 7.20503,
	3.72721 7.17783,
	3.75442 7.14155,
	3.82697 7.10075,
	3.86324 7.08714,
	3.88138 7.07807,
	3.95393 7.07807,
	3.9902 7.07807,
	4.00834 7.07807,
	4.04461 7.05994,
	4.08089 7.0282,
	4.11716 7.01459,
	4.18971 7.01006,
	4.22599 6.99192,
	4.26226 6.96018,
	4.29854 6.98285,
	4.30307 7.01913,
	4.31667 7.03727,
	4.31667 7.07354,
	4.32574 7.09168,
	4.34388 7.10981,
	4.38015 7.12795,
	4.39829 7.13249,
	4.39376 7.27758,
	4.39376 7.28665,
	4.41189 7.30026,
	4.44817 7.30026,
	4.46631 7.30479,
	4.47991 7.31839,
	4.47991 7.35467,
	4.47991 7.36374,
	4.46177 7.38187,
	4.44363 7.41815,
	4.41643 7.45442,
	4.39829 7.46803,
	4.38015 7.47256,
	4.34388 7.49977,
	4.32574 7.50883,
	4.3076 7.52697,
	4.23506 7.57231,
	4.19878 7.59499,
	4.16704 7.62673,
	4.1489 7.64486,
	4.11263 7.66754,
	4.07635 7.68114,
	4.0038 7.6766,
	3.96753 7.65393,
	3.93126 7.62219,
	3.91312 7.60406,
	3.90405 7.60406,
	3.86778 7.58138,
	3.84964 7.56778,
	3.84057 7.55871,
	3.76802 7.55871,
	3.73175 7.55871,
	3.72268 7.55871,
	3.6864 7.53151,
	3.6728 7.51337,
	3.6728 7.49523,
	3.6728 7.48616,
	3.65013 7.44989,
	3.64106 7.44082,
	3.49596 7.43629,
	3.47782 7.43629,
	3.44155 7.41361,
	3.369 7.39094,
	3.35086 7.38641,
	3.31459 7.36374,
	3.30552 7.36374,
	3.28285 7.332,
	3.27831 7.30026,
	"/>
</Transform>

<Transform dim="6"
 xcoef=" 0.0460845482787822 0.996086308759986 -0.000964851020997429 0 0 0"
 ycoef=" -0.173762610683185 0.0222136107421414 1.00417679313991 0 0 0">
<Contour name="d08" hidden="false" closed="true" simplified="true" border="1 0 0" fill="1 0 0" mode="9"
 points="4.28772 1.87304,
	4.35388 1.83582,
	4.48619 1.79448,
	4.55235 1.80275,
	4.58542 1.80275,
	4.60196 1.80275,
	4.6185 1.81101,
	4.63917 1.84409,
	4.64744 1.84409,
	4.65985 1.86063,
	4.66398 1.99294,
	4.63091 2.00948,
	4.6185 2.02602,
	4.61437 2.04256,
	4.59783 2.05496,
	4.58956 2.06323,
	4.5234 2.07977,
	4.39109 2.08391,
	4.37455 2.08391,
	4.34147 2.05496,
	4.3332 2.03843,
	4.32493 2.03016,
	4.32493 1.964,
	4.29186 1.93092,
	4.28772 1.89784,
	4.28772 1.88131,
	4.28772 1.87717,
	"/>
</Transform>

<Transform dim="6"
 xcoef=" 0.0460845482787822 0.996086308759986 -0.000964851020997429 0 0 0"
 ycoef=" -0.173762610683185 0.0222136107421414 1.00417679313991 0 0 0">
<Contour name="d08" hidden="false" closed="true" simplified="true" border="1 0 0" fill="1 0 0" mode="9"
 points="3.5352 2.25343,
	3.56414 2.22449,
	3.59722 2.21208,
	3.60963 2.22449,
	3.61376 2.24103,
	3.60549 2.30718,
	3.60136 2.34026,
	3.59722 2.3568,
	3.58482 2.37334,
	3.57655 2.37747,
	3.5476 2.34853,
	3.53933 2.33199,
	3.5352 2.26584,
	3.5352 2.25757,
	"/>
</Transform>

<Transform dim="6"
 xcoef=" 0.0460845482787822 0.996086308759986 -0.000964851020997429 0 0 0"
 ycoef=" -0.173762610683185 0.0222136107421414 1.00417679313991 0 0 0">
<Contour name="d08c19" hidden="false" closed="true" simplified="true" border="1 0 0" fill="0 1 0" mode="9"
 points="4.32869 1.81018,
	4.35265 1.78965,
	4.4074 1.77254,
	4.46215 1.7657,
	4.57165 1.7657,
	4.58534 1.7657,
	4.59218 1.77254,
	4.59218 1.79992,
	4.59218 1.8136,
	4.56823 1.84098,
	4.55454 1.85467,
	4.44504 1.85467,
	4.41766 1.86493,
	4.39029 1.86835,
	4.33554 1.85809,
	4.32869 1.85124,
	4.32869 1.82387,
	4.32869 1.8136,
	"/>
</Transform>

<Transform dim="6"
 xcoef=" 0.0460845482787822 0.996086308759986 -0.000964851020997429 0 0 0"
 ycoef=" -0.173762610683185 0.0222136107421414 1.00417679313991 0 0 0">
<Contour name="D05" hidden="false" closed="true" simplified="true" border="1 1 0" fill="1 1 0" mode="11"
 points="1.72593 5.1046,
	1.73135 5.08642,
	1.74706 5.07002,
	1.77153 5.057,
	1.80237 5.04864,
	1.83655 5.04576,
	1.87073 5.04864,
	1.90157 5.057,
	1.92604 5.07002,
	1.94175 5.08642,
	1.94716 5.1046,
	1.94175 5.12278,
	1.92604 5.13919,
	1.90157 5.1522,
	1.87073 5.16056,
	1.83655 5.16344,
	1.80237 5.16056,
	1.77153 5.1522,
	1.74706 5.13919,
	"/>
<Contour name="D05" hidden="false" closed="true" simplified="true" border="1 1 0" fill="1 1 0" mode="11"
 points="2.31902 5.00811,
	2.32144 4.99356,
	2.32846 4.98044,
	2.3394 4.97003,
	2.35318 4.96334,
	2.36845 4.96104,
	2.38372 4.96334,
	2.3975 4.97003,
	2.40843 4.98044,
	2.41545 4.99356,
	2.41787 5.00811,
	2.41545 5.02265,
	2.40843 5.03577,
	2.3975 5.04619,
	2.38372 5.05287,
	2.36845 5.05518,
	2.35318 5.05287,
	2.3394 5.04619,
	2.32846 5.03577,
	"/>
<Contour name="D05" hidden="false" closed="true" simplified="true" border="1 1 0" fill="1 1 0" mode="11"
 points="2.39904 4.27145,
	2.40115 4.22824,
	2.40743 4.18591,
	2.41776 4.14533,
	2.43192 4.10731,
	2.44963 4.07263,
	2.47053 4.042,
	2.49418 4.01604,
	2.52012 3.99528,
	2.54781 3.98014,
	2.57668 3.97093,
	2.60616 3.96784,
	2.63563 3.97093,
	2.66451 3.98014,
	2.69219 3.99528,
	2.71813 4.01604,
	2.74178 4.042,
	2.76268 4.07263,
	2.78039 4.10731,
	2.79455 4.14533,
	2.80488 4.18591,
	2.81116 4.22824,
	2.81327 4.27145,
	2.81116 4.31466,
	2.80488 4.35699,
	2.79455 4.39757,
	2.78039 4.43559,
	2.76268 4.47027,
	2.74178 4.5009,
	2.71813 4.52686,
	2.69219 4.54762,
	2.66451 4.56276,
	2.63563 4.57197,
	2.60616 4.57506,
	2.57668 4.57197,
	2.54781 4.56276,
	2.52012 4.54762,
	2.49418 4.52686,
	2.47053 4.5009,
	2.44963 4.47027,
	2.43192 4.43559,
	2.41776 4.39757,
	2.40743 4.35699,
	2.40115 4.31466,
	"/>
<Contour name="D05" hidden="false" closed="true" simplified="true" border="1 1 0" fill="1 1 0" mode="11"
 points="3.50991 5.07401,
	3.51256 5.05364,
	3.52025 5.03527,
	3.53223 5.02069,
	3.54732 5.01133,
	3.56405 5.00811,
	3.58077 5.01133,
	3.59586 5.02069,
	3.60784 5.03527,
	3.61553 5.05364,
	3.61818 5.07401,
	3.61553 5.09437,
	3.60784 5.11274,
	3.59586 5.12732,
	3.58077 5.13668,
	3.56405 5.13991,
	3.54732 5.13668,
	3.53223 5.12732,
	3.52025 5.11274,
	"/>
<Contour name="D05" hidden="false" closed="true" simplified="true" border="1 1 0" fill="1 1 0" mode="11"
 points="3.88177 3.79839,
	3.88385 3.78093,
	3.88986 3.76519,
	3.89924 3.75269,
	3.91105 3.74467,
	3.92414 3.7419,
	3.93723 3.74467,
	3.94904 3.75269,
	3.95841 3.76519,
	3.96443 3.78093,
	3.9665 3.79839,
	3.96443 3.81584,
	3.95841 3.83159,
	3.94904 3.84408,
	3.93723 3.85211,
	3.92414 3.85487,
	3.91105 3.85211,
	3.89924 3.84408,
	3.88986 3.83159,
	"/>
<Contour name="D05" hidden="false" closed="true" simplified="true" border="1 1 0" fill="1 1 0" mode="11"
 points="2.74737 2.79813,
	2.74956 2.7785,
	2.75591 2.76078,
	2.7658 2.74672,
	2.77827 2.7377,
	2.79209 2.73459,
	2.8059 2.7377,
	2.81837 2.74672,
	2.82826 2.76078,
	2.83461 2.7785,
	2.8368 2.79813,
	2.83461 2.81777,
	2.82826 2.83548,
	2.81837 2.84954,
	2.8059 2.85857,
	2.79209 2.86168,
	2.77827 2.85857,
	2.7658 2.84954,
	2.75591 2.83548,
	"/>
</Transform>

<Transform dim="6"
 xcoef=" 0.0460845482787822 0.996086308759986 -0.000964851020997429 0 0 0"
 ycoef=" -0.173762610683185 0.0222136107421414 1.00417679313991 0 0 0">
<Contour name="D05" hidden="false" closed="true" simplified="true" border="1 1 0" fill="1 1 0" mode="11"
 points="1.33693 3.40586,
	1.33847 3.39685,
	1.34296 3.38872,
	1.34995 3.38227,
	1.35875 3.37813,
	1.36851 3.3767,
	1.37827 3.37813,
	1.38707 3.38227,
	1.39406 3.38872,
	1.39854 3.39685,
	1.40009 3.40586,
	1.39854 3.41487,
	1.39406 3.42299,
	1.38707 3.42944,
	1.37827 3.43358,
	1.36851 3.43501,
	1.35875 3.43358,
	1.34995 3.42944,
	1.34296 3.42299,
	"/>
</Transform>

<Transform dim="6"
 xcoef=" 0.0460845482787822 0.996086308759986 -0.000964851020997429 0 0 0"
 ycoef=" -0.173762610683185 0.0222136107421414 1.00417679313991 0 0 0">
<Contour name="D11" hidden="false" closed="true" simplified="true" border="1 0.5 0" fill="1 0.5 0" mode="11"
 points="4.11614 4.10309,
	4.12119 4.07299,
	4.13591 4.04545,
	4.15904 4.02279,
	4.18863 4.00695,
	4.22216 3.99925,
	4.25681 4.00036,
	4.28961 4.01019,
	4.31781 4.02789,
	4.33899 4.05196,
	4.35138 4.08038,
	4.35391 4.11072,
	4.34637 4.14041,
	4.3294 4.16694,
	4.30445 4.18805,
	4.27362 4.20196,
	4.23953 4.20748,
	4.20508 4.20416,
	4.17317 4.19226,
	4.14653 4.1728,
	4.1274 4.14743,
	"/>
</Transform>

<Transform dim="6"
 xcoef=" 0.0460845482787822 0.996086308759986 -0.000964851020997429 0 0 0"
 ycoef=" -0.173762610683185 0.0222136107421414 1.00417679313991 0 0 0">
<Contour name="D10" hidden="false" closed="true" simplified="true" border="0 1 1" fill="0 1 1" mode="11"
 points="4.91298 2.02111,
	4.91763 1.97566,
	4.93112 1.93445,
	4.9522 1.90132,
	4.97892 1.87935,
	5.00877 1.87059,
	5.03898 1.87587,
	5.06673 1.89468,
	5.08943 1.92527,
	5.10497 1.9648,
	5.1119 2.00958,
	5.10957 2.05543,
	5.09821 2.09808,
	5.07886 2.13355,
	5.05333 2.15855,
	5.02401 2.17073,
	4.99362 2.16897,
	4.965 2.15343,
	4.94082 2.12555,
	4.92333 2.08794,
	"/>
</Transform>

<Transform dim="6"
 xcoef=" 0.0460845482787822 0.996086308759986 -0.000964851020997429 0 0 0"
 ycoef=" -0.173762610683185 0.0222136107421414 1.00417679313991 0 0 0">
<Contour name="D14" hidden="false" closed="true" simplified="true" border="1 0 0" fill="1 0 0" mode="11"
 points="5.2288 5.23033,
	5.22999 5.22207,
	5.23344 5.21462,
	5.23882 5.20871,
	5.24559 5.20491,
	5.2531 5.2036,
	5.2606 5.20491,
	5.26738 5.20871,
	5.27275 5.21462,
	5.2762 5.22207,
	5.27739 5.23033,
	5.2762 5.23858,
	5.27275 5.24603,
	5.26738 5.25195,
	5.2606 5.25574,
	5.2531 5.25705,
	5.24559 5.25574,
	5.23882 5.25195,
	5.23344 5.24603,
	"/>
<Contour name="D14" hidden="false" closed="true" simplified="true" border="1 0 0" fill="1 0 0" mode="11"
 points="5.32598 4.85863,
	5.32848 4.83911,
	5.33572 4.8215,
	5.34701 4.80753,
	5.36123 4.79856,
	5.377 4.79547,
	5.39276 4.79856,
	5.40698 4.80753,
	5.41827 4.8215,
	5.42552 4.83911,
	5.42801 4.85863,
	5.42552 4.87815,
	5.41827 4.89576,
	5.40698 4.90973,
	5.39276 4.9187,
	5.377 4.92179,
	5.36123 4.9187,
	5.34701 4.90973,
	5.33572 4.89576,
	"/>
</Transform>

<Transform dim="6"
 xcoef=" 0.0460845482787822 0.996086308759986 -0.000964851020997429 0 0 0"
 ycoef=" -0.173762610683185 0.0222136107421414 1.00417679313991 0 0 0">
<Contour name="D15" hidden="false" closed="true" simplified="true" border="1 1 0" fill="1 1 0" mode="11"
 points="6.0305 5.56558,
	6.03349 5.53519,
	6.04239 5.50566,
	6.05694 5.4778,
	6.07674 5.45241,
	6.10124 5.43018,
	6.12973 5.41174,
	6.16144 5.39761,
	6.19547 5.38819,
	6.23086 5.38374,
	6.26663 5.38438,
	6.30178 5.39009,
	6.33531 5.40072,
	6.3663 5.41596,
	6.39386 5.4354,
	6.41724 5.45848,
	6.43578 5.48457,
	6.44895 5.51292,
	6.45639 5.54274,
	6.45789 5.57321,
	6.4534 5.60346,
	6.44306 5.63265,
	6.42715 5.65997,
	6.40612 5.68464,
	6.38056 5.70597,
	6.35118 5.72337,
	6.31881 5.73636,
	6.28435 5.74456,
	6.24876 5.74774,
	6.21306 5.74583,
	6.17822 5.73887,
	6.14524 5.72705,
	6.11503 5.71071,
	6.08844 5.69031,
	6.06622 5.66641,
	6.04898 5.63969,
	6.03722 5.61089,
	"/>
</Transform>

<Transform dim="6"
 xcoef=" 0.0460845482787822 0.996086308759986 -0.000964851020997429 0 0 0"
 ycoef=" -0.173762610683185 0.0222136107421414 1.00417679313991 0 0 0">
<Contour name="D16" hidden="false" closed="true" simplified="true" border="0 0 1" fill="0 0 1" mode="11"
 points="2.79539 3.40119,
	2.79627 3.395,
	2.79883 3.38941,
	2.80283 3.38497,
	2.80786 3.38213,
	2.81343 3.38115,
	2.81901 3.38213,
	2.82404 3.38497,
	2.82803 3.38941,
	2.83059 3.395,
	2.83148 3.40119,
	2.83059 3.40739,
	2.82803 3.41298,
	2.82404 3.41741,
	2.81901 3.42026,
	2.81343 3.42124,
	2.80786 3.42026,
	2.80283 3.41741,
	2.79883 3.41298,
	"/>
</Transform>

<Transform dim="6"
 xcoef=" 0.0460845482787822 0.996086308759986 -0.000964851020997429 0 0 0"
 ycoef=" -0.173762610683185 0.0222136107421414 1.00417679313991 0 0 0">
<Contour name="D16" hidden="false" closed="true" simplified="true" border="0 0 1" fill="0 0 1" mode="11"
 points="2.04158 2.04795,
	2.04452 2.02007,
	2.05307 1.99492,
	2.06637 1.97496,
	2.08314 1.96215,
	2.10173 1.95773,
	2.12031 1.96215,
	2.13708 1.97496,
	2.15038 1.99492,
	2.15893 2.02007,
	2.16187 2.04795,
	2.15893 2.07583,
	2.15038 2.10098,
	2.13708 2.12093,
	2.12031 2.13375,
	2.10173 2.13816,
	2.08314 2.13375,
	2.06637 2.12093,
	2.05307 2.10098,
	"/>
</Transform>

<Transform dim="6"
 xcoef=" 0.0460845482787822 0.996086308759986 -0.000964851020997429 0 0 0"
 ycoef=" -0.173762610683185 0.0222136107421414 1.00417679313991 0 0 0">
<Contour name="D14" hidden="false" closed="true" simplified="true" border="1 0 0" fill="1 0 0" mode="11"
 points="3.73364 3.40921,
	3.7355 3.40426,
	3.74091 3.39979,
	3.74934 3.39624,
	3.75996 3.39396,
	3.77173 3.39317,
	3.7835 3.39396,
	3.79412 3.39624,
	3.80255 3.39979,
	3.80796 3.40426,
	3.80982 3.40921,
	3.80796 3.41417,
	3.80255 3.41864,
	3.79412 3.42219,
	3.7835 3.42447,
	3.77173 3.42525,
	3.75996 3.42447,
	3.74934 3.42219,
	3.74091 3.41864,
	"/>
</Transform>

<Transform dim="6"
 xcoef=" 0.0460845482787822 0.996086308759986 -0.000964851020997429 0 0 0"
 ycoef=" -0.173762610683185 0.0222136107421414 1.00417679313991 0 0 0">
<Contour name="D14" hidden="false" closed="true" simplified="true" border="1 0 0" fill="1 0 0" mode="11"
 points="3.82586 3.47537,
	3.82743 3.45988,
	3.83199 3.44591,
	3.83908 3.43482,
	3.84802 3.4277,
	3.85794 3.42525,
	3.86785 3.4277,
	3.87679 3.43482,
	3.88389 3.44591,
	3.88844 3.45988,
	3.89001 3.47537,
	3.88844 3.49086,
	3.88389 3.50483,
	3.87679 3.51592,
	3.86785 3.52304,
	3.85794 3.52549,
	3.84802 3.52304,
	3.83908 3.51592,
	3.83199 3.50483,
	"/>
</Transform>

<Transform dim="6"
 xcoef=" 0.0460845482787822 0.996086308759986 -0.000964851020997429 0 0 0"
 ycoef=" -0.173762610683185 0.0222136107421414 1.00417679313991 0 0 0">
<Contour name="D14" hidden="false" closed="true" simplified="true" border="1 0 0" fill="1 0 0" mode="11"
 points="4.8002 5.22758,
	4.80216 5.21952,
	4.80786 5.21226,
	4.81673 5.20649,
	4.82791 5.20279,
	4.8403 5.20152,
	4.85269 5.20279,
	4.86387 5.20649,
	4.87274 5.21226,
	4.87843 5.21952,
	4.88039 5.22758,
	4.87843 5.23563,
	4.87274 5.2429,
	4.86387 5.24866,
	4.85269 5.25236,
	4.8403 5.25364,
	4.82791 5.25236,
	4.81673 5.24866,
	4.80786 5.2429,
	"/>
</Transform>

<Transform dim="6"
 xcoef=" 0.0460845482787822 0.996086308759986 -0.000964851020997429 0 0 0"
 ycoef=" -0.173762610683185 0.0222136107421414 1.00417679313991 0 0 0">
<Contour name="D14" hidden="false" closed="true" simplified="true" border="1 0 0" fill="1 0 0" mode="11"
 points="4.94856 4.17104,
	4.95111 4.15741,
	4.95851 4.14512,
	4.97004 4.13536,
	4.98457 4.1291,
	5.00068 4.12694,
	5.01679 4.1291,
	5.03132 4.13536,
	5.04285 4.14512,
	5.05026 4.15741,
	5.05281 4.17104,
	5.05026 4.18467,
	5.04285 4.19697,
	5.03132 4.20673,
	5.01679 4.21299,
	5.00068 4.21515,
	4.98457 4.21299,
	4.97004 4.20673,
	4.95851 4.19697,
	"/>
</Transform>

<Transform dim="6"
 xcoef=" 0.0460845482787822 0.996086308759986 -0.000964851020997429 0 0 0"
 ycoef=" -0.173762610683185 0.0222136107421414 1.00417679313991 0 0 0">
<Contour name="d01p11" hidden="false" closed="true" simplified="false" border="1 0.5 0" fill="1 0.5 0" mode="-13"
 points="5.54573 3.04433,
	5.54573 3.0378,
	5.55226 3.03128,
	5.55879 3.03128,
	5.56532 3.0378,
	5.56532 3.04433,
	5.55879 3.05086,
	5.55226 3.05086,
	"/>
</Transform>

<Transform dim="6"
 xcoef=" 0.0460845482787822 0.996086308759986 -0.000964851020997429 0 0 0"
 ycoef=" -0.173762610683185 0.0222136107421414 1.00417679313991 0 0 0">
<Contour name="d03p13" hidden="false" closed="true" simplified="false" border="1 0 0.5" fill="1 0 0.5" mode="-13"
 points="3.02007 3.0659,
	3.05534 3.0659,
	3.0377 3.09822,
	"/>
</Transform>

<Transform dim="6"
 xcoef=" 0.0460845482787822 0.996086308759986 -0.000964851020997429 0 0 0"
 ycoef=" -0.173762610683185 0.0222136107421414 1.00417679313991 0 0 0">
<Contour name="d03p14a" hidden="false" closed="true" simplified="false" border="1 0 0" fill="1 0 0" mode="-13"
 points="3.60193 2.46053,
	3.61662 2.43996,
	3.60193 2.41939,
	3.61075 2.41939,
	3.6225 2.43702,
	3.63426 2.41939,
	3.64307 2.41939,
	3.62838 2.43996,
	3.64307 2.46053,
	3.63426 2.46053,
	3.6225 2.4429,
	3.61075 2.46053,
	"/>
<Contour name="d03p14b" hidden="false" closed="true" simplified="false" border="1 0 0" fill="1 0 0" mode="-13"
 points="3.60193 2.46053,
	3.61662 2.43996,
	3.60193 2.41939,
	3.61075 2.41939,
	3.6225 2.43702,
	3.63426 2.41939,
	3.64307 2.41939,
	3.62838 2.43996,
	3.64307 2.46053,
	3.63426 2.46053,
	3.6225 2.4429,
	3.61075 2.46053,
	"/>
</Transform>

<Transform dim="6"
 xcoef=" 0.0460845482787822 0.996086308759986 -0.000964851020997429 0 0 0"
 ycoef=" -0.173762610683185 0.0222136107421414 1.00417679313991 0 0 0">
<Contour name="d03p15" hidden="false" closed="true" simplified="false" border="1 1 0" fill="1 1 0" mode="-13"
 points="3.69009 3.03063,
	3.69009 2.98361,
	3.64307 2.98361,
	3.64307 3.02476,
	3.6372 3.03063,
	3.6372 2.97774,
	3.69597 2.97774,
	3.69597 3.03651,
	3.6372 3.03651,
	3.64307 3.03063,
	"/>
</Transform>

<Transform dim="6"
 xcoef=" 0.0460845482787822 0.996086308759986 -0.000964851020997429 0 0 0"
 ycoef=" -0.173762610683185 0.0222136107421414 1.00417679313991 0 0 0">
<Contour name="d06p14" hidden="false" closed="true" simplified="false" border="1 0 0" fill="1 0 0" mode="-13"
 points="3.1295 6.71157,
	3.14191 6.6942,
	3.1295 6.67683,
	3.13695 6.67683,
	3.14687 6.69172,
	3.1568 6.67683,
	3.16424 6.67683,
	3.15184 6.6942,
	3.16424 6.71157,
	3.1568 6.71157,
	3.14687 6.69668,
	3.13695 6.71157,
	"/>
</Transform>

<Transform dim="6"
 xcoef=" 0.0460845482787822 0.996086308759986 -0.000964851020997429 0 0 0"
 ycoef=" -0.173762610683185 0.0222136107421414 1.00417679313991 0 0 0">
<Contour name="d06p15" hidden="false" closed="true" simplified="false" border="1 1 0" fill="1 1 0" mode="-13"
 points="2.9012 7.10861,
	2.9012 7.06891,
	2.8615 7.06891,
	2.8615 7.10365,
	2.85654 7.10861,
	2.85654 7.06394,
	2.90617 7.06394,
	2.90617 7.11357,
	2.85654 7.11357,
	2.8615 7.10861,
	"/>
</Transform>

<Transform dim="6"
 xcoef=" 0.0460845482787822 0.996086308759986 -0.000964851020997429 0 0 0"
 ycoef=" -0.173762610683185 0.0222136107421414 1.00417679313991 0 0 0">
<Contour name="d07p21" hidden="false" closed="true" simplified="false" border="1 0 0" fill="1 0 0" mode="-9"
 points="3.6531 7.33691,
	3.6531 7.33195,
	3.65807 7.32698,
	3.66303 7.32698,
	3.66799 7.33195,
	3.66799 7.33691,
	3.66303 7.34187,
	3.65807 7.34187,
	"/>
</Transform>

<Transform dim="6"
 xcoef=" 0.0460845482787822 0.996086308759986 -0.000964851020997429 0 0 0"
 ycoef=" -0.173762610683185 0.0222136107421414 1.00417679313991 0 0 0">
<Contour name="d08p18" hidden="false" closed="true" simplified="false" border="1 0 0" fill="1 0 0" mode="-13"
 points="4.43079 2.63933,
	4.41803 2.63933,
	4.41803 2.6457,
	4.42441 2.65208,
	4.44355 2.65846,
	4.43079 2.66484,
	4.42441 2.6776,
	4.41165 2.66484,
	4.40528 2.65208,
	4.40528 2.63933,
	4.39252 2.63933,
	4.41165 2.62657,
	"/>
</Transform>

<Transform dim="6"
 xcoef=" 0.0460845482787822 0.996086308759986 -0.000964851020997429 0 0 0"
 ycoef=" -0.173762610683185 0.0222136107421414 1.00417679313991 0 0 0">
<Contour name="d01p12" hidden="false" closed="true" simplified="false" border="0.5 0 1" fill="0.5 0 1" mode="9"
 points="5.71874 3.73308,
	5.70895 3.72982,
	5.71874 3.72656,
	5.71221 3.71676,
	5.722 3.72329,
	5.72527 3.7135,
	5.72853 3.72329,
	5.73832 3.71676,
	5.73179 3.72656,
	5.74159 3.72982,
	5.73179 3.73308,
	5.73832 3.74288,
	5.72853 3.73635,
	5.72527 3.74614,
	5.722 3.73635,
	5.71221 3.74288,
	"/>
</Transform>

<Transform dim="0"
 xcoef=" 0 1 0 0 0 0"
 ycoef=" 0 0 1 0 0 0">
<Contour name="d01" hidden="false" closed="true" simplified="true" border="1 0.5 0" fill="1 0.5 0" mode="9"
 points="4.84834 3.28202,
	4.85321 3.22983,
	4.85483 3.20375,
	4.86137 3.17756,
	4.86464 3.16446,
	4.89087 3.1411,
	4.90234 3.12945,
	4.90233 3.12294,
	4.90233 3.11968,
	4.91545 3.11289,
	4.92202 3.11599,
	4.92366 3.11759,
	4.92036 3.09162,
	4.9187 3.07863,
	4.92195 3.05252,
	4.92359 3.03947,
	4.92358 3.03295,
	4.93504 3.00666,
	4.93995 2.99353,
	4.96454 2.96694,
	4.97765 2.95362,
	4.97924 2.90151,
	4.98251 2.88842,
	4.98251 2.88191,
	4.99398 2.87352,
	5.02024 2.87944,
	5.04651 2.8984,
	5.05964 2.90786,
	5.07936 2.93185,
	5.10563 2.94755,
	5.11876 2.95702,
	5.1713 2.98027,
	5.19756 2.98946,
	5.22382 2.99213,
	5.23694 2.99347,
	5.24351 2.99332,
	5.26977 3.00251,
	5.27633 3.00399,
	5.28948 3.01509,
	5.29933 3.02627,
	5.35186 3.04952,
	5.37813 3.06196,
	5.40438 3.06463,
	5.43063 3.05917,
	5.45688 3.05045,
	5.46344 3.04868,
	5.47655 3.04025,
	5.48639 3.02864,
	5.50934 3.01348,
	5.53063 2.96093,
	5.5339 2.94783,
	5.53389 2.94132,
	5.52566 2.91546,
	5.51909 2.90259,
	5.50595 2.89637,
	5.49939 2.89163,
	5.49443 2.8657,
	5.49607 2.85264,
	5.50753 2.82635,
	5.51408 2.81317,
	5.5321 2.78674,
	5.54358 2.77347,
	5.55012 2.7603,
	5.5534 2.75371,
	5.56487 2.74044,
	5.57143 2.73378,
	5.59767 2.72507,
	5.6108 2.71664,
	5.6321 2.69012,
	5.63863 2.66393,
	5.64351 2.61174,
	5.64351 2.60523,
	5.64841 2.5921,
	5.6566 2.5789,
	5.65988 2.57231,
	5.673 2.56389,
	5.67955 2.56048,
	5.69269 2.56345,
	5.70583 2.5713,
	5.71239 2.57766,
	5.71895 2.57264,
	5.72223 2.57093,
	5.74523 2.59648,
	5.75837 2.60758,
	5.76494 2.61231,
	5.76991 2.66428,
	5.76665 2.6904,
	5.75847 2.71662,
	5.74537 2.74296,
	5.72242 2.76625,
	5.7044 2.79269,
	5.69621 2.80589,
	5.68473 2.81917,
	5.67981 2.82579,
	5.67163 2.85201,
	5.66836 2.8651,
	5.66673 2.87165,
	5.65526 2.88004,
	5.62901 2.88877,
	5.62245 2.89217,
	5.61917 2.89224,
	5.6159 2.90533,
	5.61921 2.9313,
	5.62085 2.93777,
	5.60613 2.99018,
	5.6045 2.99673,
	5.60781 3.0227,
	5.62263 3.07445,
	5.62592 3.08741,
	5.64072 3.11312,
	5.64893 3.12596,
	5.65223 3.13891,
	5.65223 3.14216,
	5.6785 3.166,
	5.69165 3.17872,
	5.69329 3.18194,
	5.68838 3.19508,
	5.68674 3.20162,
	5.70812 3.25324,
	5.73935 3.30463,
	5.75579 3.33031,
	5.7755 3.35591,
	5.78043 3.36231,
	5.78371 3.3655,
	5.78702 3.39147,
	5.78868 3.40445,
	5.78542 3.43057,
	5.77398 3.4829,
	5.77235 3.49596,
	5.76089 3.52225,
	5.75598 3.53538,
	5.75932 3.58739,
	5.76262 3.61336,
	5.76265 3.6394,
	5.7791 3.69113,
	5.78572 3.74307,
	5.78903 3.76903,
	5.78908 3.82112,
	5.78909 3.83414,
	5.7891 3.84065,
	5.7891 3.84391,
	5.77597 3.84908,
	5.76286 3.85099,
	5.74972 3.84803,
	5.74644 3.84648,
	5.73988 3.8515,
	5.71361 3.83743,
	5.70048 3.82633,
	5.69391 3.81997,
	5.68077 3.81375,
	5.67421 3.81064,
	5.64795 3.80797,
	5.63482 3.80662,
	5.60857 3.81209,
	5.60201 3.81224,
	5.5889 3.82392,
	5.58233 3.82407,
	5.57905 3.82414,
	5.55939 3.85062,
	5.54955 3.86386,
	5.53643 3.87716,
	5.48393 3.87833,
	5.45765 3.85449,
	5.44451 3.84176,
	5.43795 3.83703,
	5.42482 3.83406,
	5.41825 3.83258,
	5.39198 3.81525,
	5.36572 3.80933,
	5.3526 3.80636,
	5.32633 3.80694,
	5.31978 3.80546,
	5.30663 3.79273,
	5.30006 3.78636,
	5.29677 3.77992,
	5.29513 3.7767,
	5.282 3.77537,
	5.26887 3.76589,
	5.2623 3.76116,
	5.23604 3.75523,
	5.22291 3.75226,
	5.21963 3.75233,
	5.20813 3.73956,
	5.20812 3.73306,
	5.20812 3.7298,
	5.18185 3.7141,
	5.16872 3.70626,
	5.15558 3.70167,
	5.14246 3.70032,
	5.12933 3.70387,
	5.12277 3.70565,
	5.09651 3.69646,
	5.08338 3.69187,
	5.04231 3.64232,
	5.04554 3.59017,
	5.04716 3.56409,
	5.04221 3.53815,
	5.01758 3.51591,
	5.00443 3.50644,
	4.99131 3.50347,
	4.98474 3.50199,
	4.97488 3.48919,
	4.96996 3.48279,
	4.91743 3.45953,
	4.89117 3.4536,
	4.8846 3.45212,
	4.86489 3.42814,
	4.85667 3.4153,
	4.85337 3.40235,
	4.84835 3.2983,
	4.84834 3.28527,
	4.84834 3.28365,
	"/>
</Transform>

<Transform dim="0"
 xcoef=" 0 1 0 0 0 0"
 ycoef=" 0 0 1 0 0 0">
<Contour name="ax08" comment="LK bouton trace named after cfa" hidden="false" closed="true" simplified="true" border="0 1 1" fill="0.502 1 1" mode="9"
 points="4.68696 3.0167,
	4.69223 3.00465,
	4.699 2.9926,
	4.70051 2.98959,
	4.72461 2.96625,
	4.73666 2.96248,
	4.74871 2.96022,
	4.76075 2.96098,
	4.7728 2.967,
	4.7969 2.98432,
	4.80293 2.98733,
	4.81497 2.98809,
	4.81799 2.98733,
	4.84208 2.96851,
	4.84811 2.96474,
	4.85413 2.96248,
	4.87823 2.96323,
	4.89028 2.97077,
	4.90233 2.98055,
	4.90835 2.98658,
	4.91212 2.9926,
	4.91287 2.99562,
	4.91664 3.00164,
	4.91965 3.01369,
	4.92191 3.03779,
	4.92266 3.04983,
	4.91965 3.09803,
	4.91889 3.10104,
	4.91664 3.10405,
	4.91287 3.1161,
	4.89856 3.1402,
	4.89329 3.15225,
	4.88651 3.17635,
	4.88425 3.18237,
	4.87974 3.1884,
	4.87823 3.20044,
	4.87446 3.21249,
	4.87296 3.2155,
	4.87221 3.22755,
	4.86995 3.2396,
	4.86392 3.25165,
	4.86242 3.25466,
	4.85187 3.26671,
	4.84886 3.26671,
	4.82476 3.25165,
	4.81271 3.24638,
	4.80067 3.24261,
	4.79464 3.23885,
	4.78259 3.23358,
	4.77657 3.23132,
	4.76452 3.22454,
	4.75247 3.21626,
	4.73063 3.19291,
	4.72611 3.18689,
	4.71482 3.16279,
	4.70654 3.13869,
	4.69524 3.0905,
	4.69223 3.07845,
	4.69072 3.0664,
	4.68922 3.06038,
	4.68846 3.03628,
	4.68696 3.02423,
	4.68696 3.01821,
	4.68696 3.01745,
	"/>
</Transform>

<Transform dim="0"
 xcoef=" 0 1 0 0 0 0"
 ycoef=" 0 0 1 0 0 0">
<Contour name="d03" hidden="false" closed="true" simplified="true" border="0 1 0" fill="0 1 0" mode="9"
 points="2.71603 3.34466,
	2.73213 3.28019,
	2.73817 3.26402,
	2.76642 3.23134,
	2.77247 3.2232,
	2.7765 3.20708,
	2.77851 3.19902,
	2.80878 3.1683,
	2.82492 3.16193,
	2.833 3.15975,
	2.84917 3.1674,
	2.88149 3.1707,
	2.89765 3.17235,
	2.90371 3.17021,
	2.90571 3.15413,
	2.90772 3.14608,
	2.89554 3.08223,
	2.89351 3.06625,
	2.90556 3.00187,
	2.9116 2.9857,
	2.95395 2.92066,
	2.96602 2.85628,
	2.99827 2.79145,
	3.01641 2.75899,
	3.02645 2.69466,
	3.02842 2.6305,
	3.0304 2.5984,
	3.03442 2.58228,
	3.03442 2.57828,
	3.0425 2.5761,
	3.05058 2.57792,
	3.06675 2.59158,
	3.07484 2.59942,
	3.08292 2.60124,
	3.11523 2.59453,
	3.13138 2.58815,
	3.14753 2.57778,
	3.15358 2.57364,
	3.15963 2.55747,
	3.16164 2.54941,
	3.16972 2.54523,
	3.18587 2.54287,
	3.20203 2.54452,
	3.2182 2.56019,
	3.22427 2.56806,
	3.23238 2.59994,
	3.23441 2.60791,
	3.26673 2.6092,
	3.27481 2.60902,
	3.33941 2.57553,
	3.40401 2.53805,
	3.4363 2.5173,
	3.50091 2.49383,
	3.51707 2.48946,
	3.54734 2.47076,
	3.56954 2.43822,
	3.58765 2.3737,
	3.59771 2.34142,
	3.61577 2.21279,
	3.63997 2.1802,
	3.64401 2.1721,
	3.66015 2.15972,
	3.67631 2.15135,
	3.68437 2.14516,
	3.70054 2.1428,
	3.70862 2.14262,
	3.71265 2.14453,
	3.71878 2.20851,
	3.72487 2.24043,
	3.73094 2.25633,
	3.74915 2.28798,
	3.75724 2.30383,
	3.75928 2.31982,
	3.75928 2.32783,
	3.74922 2.36011,
	3.75329 2.39208,
	3.75734 2.40801,
	3.77757 2.43962,
	3.79375 2.45329,
	3.80183 2.46112,
	3.80589 2.47706,
	3.80389 2.49313,
	3.78774 2.50752,
	3.77966 2.5137,
	3.77563 2.51781,
	3.74332 2.52252,
	3.72716 2.52688,
	3.66257 2.57039,
	3.64845 2.58473,
	3.64442 2.59284,
	3.64444 2.60886,
	3.6505 2.62476,
	3.65253 2.63272,
	3.68285 2.65409,
	3.69902 2.66576,
	3.7071 2.67159,
	3.7233 2.70328,
	3.72937 2.71918,
	3.73344 2.75115,
	3.73547 2.75912,
	3.73145 2.77523,
	3.74564 2.83903,
	3.74366 2.87113,
	3.74165 2.87919,
	3.72955 2.89548,
	3.7134 2.91187,
	3.70734 2.92002,
	3.70331 2.92412,
	3.69732 2.98836,
	3.7196 3.05198,
	3.72162 3.05995,
	3.78631 3.11462,
	3.851 3.1753,
	3.85302 3.17726,
	3.8389 3.1936,
	3.83083 3.20179,
	3.82275 3.20397,
	3.75811 3.19539,
	3.69347 3.19281,
	3.67732 3.19116,
	3.61269 3.2006,
	3.58037 3.20733,
	3.51577 3.23882,
	3.49962 3.24718,
	3.43504 3.2927,
	3.40679 3.32336,
	3.39468 3.33967,
	3.36239 3.36642,
	3.35836 3.37052,
	3.32604 3.36924,
	3.26139 3.35664,
	3.19674 3.33603,
	3.13208 3.30942,
	3.06743 3.29681,
	3.05935 3.29499,
	3.02704 3.30572,
	3.01089 3.3121,
	2.97857 3.30279,
	2.9624 3.29714,
	2.93006 3.27381,
	2.92198 3.27199,
	2.88967 3.27671,
	2.82508 3.32421,
	2.80894 3.33459,
	2.77663 3.34732,
	2.76048 3.3557,
	2.72816 3.35241,
	2.72007 3.35059,
	2.71604 3.34866,
	2.71603 3.34666,
	"/>
<Contour name="d08" hidden="false" closed="true" simplified="true" border="1 0 0" fill="1 0 0" mode="9"
 points="3.69543 2.94447,
	3.73604 2.879,
	3.74417 2.86267,
	3.74411 2.79811,
	3.74408 2.76582,
	3.74406 2.74968,
	3.77251 2.7208,
	3.78877 2.70833,
	3.91895 2.69738,
	3.95148 2.68052,
	3.98399 2.64752,
	4.04905 2.60572,
	4.08158 2.58886,
	4.14666 2.57531,
	4.21175 2.57387,
	4.2443 2.57315,
	4.27685 2.5805,
	4.34198 2.61538,
	4.37048 2.643,
	4.40305 2.66245,
	4.46814 2.66101,
	4.50067 2.6482,
	4.51694 2.63976,
	4.53323 2.65151,
	4.5495 2.65518,
	4.56173 2.67105,
	4.56176 2.70334,
	4.56177 2.71948,
	4.53331 2.74029,
	4.50077 2.74908,
	4.47232 2.76989,
	4.4398 2.79886,
	4.42354 2.81536,
	4.41948 2.83159,
	4.41949 2.83966,
	4.40323 2.85616,
	4.38699 2.88881,
	4.38701 2.90495,
	4.33824 2.95849,
	4.32605 2.97087,
	4.322 2.9871,
	4.30981 3.00351,
	4.30982 3.01159,
	4.28951 3.04028,
	4.26105 3.06916,
	4.24075 3.10189,
	4.23669 3.11813,
	4.22856 3.12637,
	4.21638 3.15893,
	4.20826 3.16718,
	4.20827 3.17525,
	4.19201 3.19175,
	4.17574 3.19615,
	4.11064 3.18952,
	4.09844 3.19786,
	4.06999 3.22674,
	4.06186 3.23499,
	3.99677 3.24047,
	3.96422 3.23715,
	3.93167 3.22576,
	3.91538 3.21806,
	3.85023 3.15493,
	3.78508 3.1039,
	3.75658 3.07629,
	3.74029 3.06857,
	3.70772 3.03701,
	3.69957 3.02104,
	3.69544 2.95656,
	3.69543 2.9485,
	"/>
</Transform>

<Transform dim="0"
 xcoef=" 0 1 0 0 0 0"
 ycoef=" 0 0 1 0 0 0">
<Contour name="ax09" comment="LK bouton trace named after cfa" hidden="false" closed="true" simplified="true" border="0 1 1" fill="0.502 1 1" mode="9"
 points="3.6489 2.60337,
	3.6508 2.59958,
	3.6508 2.59768,
	3.65269 2.59578,
	3.65269 2.59389,
	3.66787 2.57966,
	3.72859 2.54455,
	3.74377 2.53696,
	3.77413 2.53032,
	3.78931 2.52273,
	3.7969 2.52083,
	3.81208 2.52368,
	3.81398 2.52558,
	3.81398 2.53317,
	3.81208 2.54076,
	3.80544 2.54835,
	3.79785 2.55404,
	3.79121 2.56163,
	3.78742 2.56542,
	3.78457 2.57301,
	3.78362 2.57681,
	3.78267 2.57776,
	3.78457 2.58535,
	3.78552 2.60053,
	3.78362 2.63089,
	3.78267 2.63848,
	3.77698 2.65366,
	3.76275 2.66789,
	3.74757 2.66979,
	3.73998 2.66789,
	3.70962 2.64797,
	3.70298 2.64132,
	3.69918 2.63943,
	3.69729 2.63753,
	3.69349 2.63753,
	3.67831 2.63089,
	3.66313 2.62235,
	3.65554 2.61761,
	3.6489 2.61002,
	3.6489 2.60622,
	3.6489 2.60432,
	"/>
</Transform>

<Transform dim="0"
 xcoef=" 0 1 0 0 0 0"
 ycoef=" 0 0 1 0 0 0">
<Contour name="d03" hidden="false" closed="true" simplified="true" border="0 1 0" fill="0 1 0" mode="9"
 points="3.75298 1.63338,
	3.77201 1.60777,
	3.7847 1.59488,
	3.79739 1.59145,
	3.8228 1.60034,
	3.83551 1.60636,
	3.85776 1.63107,
	3.86099 1.68139,
	3.85783 1.70666,
	3.8515 1.7194,
	3.8007 1.72997,
	3.7753 1.73053,
	3.7626 1.72767,
	3.75306 1.71843,
	3.75301 1.66803,
	3.75299 1.64283,
	3.75298 1.63653,
	"/>
</Transform>

<Transform dim="0"
 xcoef=" 0 1 0 0 0 0"
 ycoef=" 0 0 1 0 0 0">
<Contour name="ax15" comment="LK bouton trace named after cfa" hidden="false" closed="true" simplified="true" border="0 1 1" fill="0.502 1 1" mode="9"
 points="2.89154 1.81639,
	2.89602 1.80742,
	2.90219 1.78949,
	2.90387 1.78053,
	2.91003 1.7626,
	2.91283 1.75364,
	2.91675 1.74467,
	2.9218 1.73571,
	2.9246 1.73123,
	2.92908 1.72843,
	2.93132 1.7273,
	2.93916 1.71834,
	2.94365 1.71386,
	2.94701 1.70938,
	2.95149 1.70041,
	2.95317 1.69593,
	2.95541 1.678,
	2.95653 1.66904,
	2.96045 1.66007,
	2.9627 1.65559,
	2.9711 1.64663,
	2.98006 1.6399,
	3.01592 1.62085,
	3.02488 1.61581,
	3.04281 1.60293,
	3.06074 1.58836,
	3.06971 1.57939,
	3.07419 1.57547,
	3.08315 1.57099,
	3.10108 1.56427,
	3.11005 1.56259,
	3.11901 1.55978,
	3.12349 1.55754,
	3.12797 1.55642,
	3.13022 1.5553,
	3.1347 1.55474,
	3.14366 1.55138,
	3.14814 1.5497,
	3.16607 1.5469,
	3.184 1.54298,
	3.20193 1.53625,
	3.21089 1.53345,
	3.21538 1.53233,
	3.22434 1.52785,
	3.22882 1.52505,
	3.24619 1.50712,
	3.25067 1.50432,
	3.25964 1.50264,
	3.27757 1.50432,
	3.28653 1.506,
	3.29549 1.50656,
	3.31342 1.50488,
	3.32239 1.50264,
	3.34032 1.50096,
	3.35824 1.50152,
	3.36721 1.5032,
	3.37617 1.50656,
	3.37841 1.50712,
	3.39634 1.50432,
	3.41427 1.50712,
	3.4322 1.5088,
	3.44116 1.5088,
	3.44565 1.50824,
	3.44677 1.50768,
	3.46469 1.51272,
	3.47366 1.51664,
	3.49159 1.52169,
	3.50952 1.52505,
	3.52744 1.52337,
	3.53641 1.52673,
	3.54537 1.53177,
	3.54986 1.53513,
	3.55882 1.5441,
	3.5689 1.56203,
	3.57619 1.57099,
	3.58123 1.57995,
	3.59636 1.59788,
	3.60028 1.60237,
	3.60196 1.60685,
	3.6014 1.61581,
	3.60028 1.62029,
	3.59916 1.62253,
	3.59804 1.6315,
	3.5986 1.63374,
	3.59468 1.65167,
	3.593 1.6696,
	3.59244 1.67856,
	3.58851 1.69649,
	3.58459 1.70545,
	3.58179 1.71442,
	3.58515 1.7189,
	3.58963 1.72226,
	3.59188 1.72338,
	3.59916 1.73235,
	3.6042 1.74131,
	3.6098 1.75924,
	3.61317 1.7682,
	3.61541 1.77717,
	3.61765 1.81303,
	3.62157 1.83095,
	3.62269 1.83992,
	3.62157 1.84888,
	3.61877 1.85785,
	3.61821 1.86233,
	3.61877 1.86457,
	3.61653 1.87353,
	3.59804 1.90939,
	3.59356 1.91836,
	3.58683 1.93628,
	3.57787 1.95421,
	3.56778 1.97214,
	3.5493 2.008,
	3.53865 2.02593,
	3.53193 2.03489,
	3.52801 2.03937,
	3.51008 2.05282,
	3.49215 2.06178,
	3.48318 2.06347,
	3.47422 2.06291,
	3.46526 2.06347,
	3.44733 2.06178,
	3.4294 2.06291,
	3.39354 2.06066,
	3.38458 2.05954,
	3.34872 2.05786,
	3.33079 2.05674,
	3.32183 2.05674,
	3.3039 2.05282,
	3.29493 2.0517,
	3.25908 2.04274,
	3.24115 2.03881,
	3.23891 2.03825,
	3.23667 2.03657,
	3.23442 2.03601,
	3.23218 2.03433,
	3.22994 2.03377,
	3.2277 2.03209,
	3.22546 2.03153,
	3.22098 2.02817,
	3.21201 2.02481,
	3.20305 2.01976,
	3.19857 2.01696,
	3.18064 2.0024,
	3.17167 1.99511,
	3.16271 1.98895,
	3.15823 1.98559,
	3.15375 1.98335,
	3.14478 1.98167,
	3.1403 1.98055,
	3.13134 1.98055,
	3.12685 1.98167,
	3.10892 1.98167,
	3.10444 1.98167,
	3.1022 1.98167,
	3.09324 1.97718,
	3.07531 1.96262,
	3.0669 1.95365,
	3.05794 1.94861,
	3.04001 1.94693,
	3.03105 1.94525,
	3.02208 1.94189,
	3.01312 1.93741,
	3.00415 1.93124,
	2.99631 1.92228,
	2.99351 1.9178,
	2.98959 1.91331,
	2.98455 1.90435,
	2.98174 1.89987,
	2.9739 1.8909,
	2.96494 1.88698,
	2.95597 1.8853,
	2.95149 1.88362,
	2.94701 1.88026,
	2.94477 1.87914,
	2.93636 1.87017,
	2.93244 1.86569,
	2.9274 1.85673,
	2.92404 1.85224,
	2.91507 1.84664,
	2.90611 1.84216,
	2.90163 1.83992,
	2.89938 1.8388,
	2.8949 1.82983,
	2.89266 1.82535,
	2.89154 1.81695,
	"/>
</Transform>

<Transform dim="0"
 xcoef=" 0 1 0 0 0 0"
 ycoef=" 0 0 1 0 0 0">
<Contour name="ax26" comment="LK bouton trace named after cfa" hidden="false" closed="true" simplified="true" border="0 1 1" fill="0.502 1 1" mode="9"
 points="5.17949 1.3253,
	5.18251 1.31925,
	5.18781 1.31396,
	5.19385 1.31018,
	5.19688 1.30943,
	5.20293 1.30565,
	5.20897 1.30035,
	5.21124 1.29431,
	5.21124 1.29128,
	5.20897 1.28523,
	5.20897 1.28372,
	5.20746 1.28221,
	5.20671 1.27011,
	5.20671 1.26709,
	5.20671 1.26558,
	5.21049 1.25953,
	5.22031 1.25046,
	5.22561 1.24516,
	5.23166 1.23382,
	5.23392 1.22173,
	5.23392 1.20963,
	5.23392 1.20661,
	5.23014 1.19451,
	5.22939 1.18241,
	5.23166 1.17032,
	5.23619 1.15822,
	5.23695 1.15217,
	5.23619 1.14688,
	5.23241 1.14083,
	5.2309 1.13479,
	5.22939 1.13176,
	5.23014 1.12571,
	5.2309 1.12269,
	5.23922 1.11135,
	5.243 1.1053,
	5.24602 1.10228,
	5.24904 1.09623,
	5.2498 1.0932,
	5.25131 1.09169,
	5.25207 1.0675,
	5.25358 1.0554,
	5.25509 1.05389,
	5.25736 1.04784,
	5.26719 1.0365,
	5.27324 1.03423,
	5.27626 1.03272,
	5.28231 1.03272,
	5.2944 1.0365,
	5.3065 1.04179,
	5.33069 1.05767,
	5.34203 1.0675,
	5.36547 1.08186,
	5.37076 1.08564,
	5.37605 1.09169,
	5.37757 1.11588,
	5.37832 1.12193,
	5.38059 1.12798,
	5.38135 1.13403,
	5.37984 1.14008,
	5.36396 1.16351,
	5.36018 1.16956,
	5.35867 1.17259,
	5.35867 1.17863,
	5.36396 1.19073,
	5.37152 1.20207,
	5.37379 1.21417,
	5.37379 1.22626,
	5.37303 1.23231,
	5.37227 1.23534,
	5.36849 1.24138,
	5.3564 1.25121,
	5.35035 1.25499,
	5.3443 1.25726,
	5.34128 1.25877,
	5.33977 1.25877,
	5.33825 1.26028,
	5.31406 1.26482,
	5.31104 1.26482,
	5.30499 1.26709,
	5.30197 1.26784,
	5.29592 1.27162,
	5.29138 1.27616,
	5.28911 1.28145,
	5.28684 1.28448,
	5.28231 1.30867,
	5.28004 1.31472,
	5.27777 1.31774,
	5.27702 1.32077,
	5.27172 1.32681,
	5.2687 1.32984,
	5.25736 1.33513,
	5.24526 1.33891,
	5.24224 1.34042,
	5.24073 1.34193,
	5.22863 1.34496,
	5.22258 1.34647,
	5.22107 1.34798,
	5.20897 1.35101,
	5.19688 1.35101,
	5.19083 1.35025,
	5.18478 1.34647,
	5.18251 1.34345,
	5.181 1.34193,
	5.181 1.34042,
	5.17949 1.33891,
	5.17949 1.32681,
	5.17949 1.32606,
	"/>
</Transform>

<Transform dim="6"
 xcoef=" -0.0565646787959038 1.09068693916491 -0.00764044454902097 0 0 0"
 ycoef=" -0.806981497522161 0.0188363286620926 0.982391011065701 0 0 0">
<Image mag="0.00217507" contrast="0.917" brightness="0.12" red="true" green="true" blue="true"
 src="FHLTD.119.jpg" />
<Contour name="domain1" hidden="false" closed="true" simplified="false" border="1 0 1" fill="1 0 1" mode="11"
 points="0 0,
	4096 0,
	4096 4096,
	0 4096,
	"/>
</Transform>

<Transform dim="0"
 xcoef=" 0 1 0 0 0 0"
 ycoef=" 0 0 1 0 0 0">
<Contour name="ax29" comment="LK bouton trace named after cfa" hidden="false" closed="true" simplified="true" border="0 1 1" fill="0.502 1 1" mode="9"
 points="0.84001 2.78003,
	0.842434 2.77518,
	0.846071 2.77034,
	0.850919 2.7667,
	0.853343 2.76488,
	0.855768 2.76428,
	0.858192 2.76185,
	0.860616 2.76124,
	0.86304 2.75943,
	0.865465 2.75882,
	0.867889 2.757,
	0.877586 2.75337,
	0.882435 2.75034,
	0.886677 2.74609,
	0.889101 2.74124,
	0.889707 2.73155,
	0.891526 2.72185,
	0.894556 2.717,
	0.903647 2.70791,
	0.923041 2.69458,
	0.925465 2.69276,
	0.930314 2.69094,
	0.931526 2.68973,
	0.93395 2.68912,
	0.935163 2.68791,
	0.937587 2.6873,
	0.938799 2.68609,
	0.941223 2.68549,
	0.942435 2.68427,
	0.947284 2.68246,
	0.952132 2.67943,
	0.956981 2.67761,
	0.959405 2.6764,
	0.960617 2.67518,
	0.965466 2.67397,
	0.96789 2.67215,
	0.987284 2.66427,
	0.996981 2.66124,
	0.999406 2.65943,
	1.0188 2.65397,
	1.05759 2.65336,
	1.06729 2.65155,
	1.06971 2.64973,
	1.0891 2.64367,
	1.09153 2.64185,
	1.09638 2.64003,
	1.0988 2.63943,
	1.10365 2.63639,
	1.1085 2.63458,
	1.1182 2.62791,
	1.12304 2.62488,
	1.12789 2.62003,
	1.13759 2.61336,
	1.14729 2.60791,
	1.14971 2.60609,
	1.15213 2.60124,
	1.15395 2.59882,
	1.15577 2.57942,
	1.15638 2.56003,
	1.15335 2.54064,
	1.15456 2.53094,
	1.15941 2.52124,
	1.16244 2.51639,
	1.17214 2.51215,
	1.18183 2.51094,
	1.20123 2.51094,
	1.22062 2.51458,
	1.25941 2.51882,
	1.26911 2.52124,
	1.27395 2.52306,
	1.27638 2.52306,
	1.28608 2.5267,
	1.32486 2.53215,
	1.33456 2.53336,
	1.33941 2.53336,
	1.3588 2.53761,
	1.3685 2.54185,
	1.3782 2.54791,
	1.3879 2.55155,
	1.39274 2.55215,
	1.41214 2.56064,
	1.43153 2.57094,
	1.45093 2.58488,
	1.46062 2.59033,
	1.48002 2.597,
	1.49941 2.60064,
	1.50911 2.60245,
	1.51881 2.60549,
	1.5285 2.61215,
	1.53759 2.62185,
	1.54972 2.64124,
	1.55335 2.64609,
	1.55456 2.64852,
	1.57396 2.66488,
	1.58366 2.67276,
	1.59335 2.68246,
	1.60366 2.70185,
	1.60729 2.71155,
	1.60911 2.72124,
	1.60972 2.72609,
	1.60729 2.74549,
	1.60669 2.75034,
	1.59759 2.76973,
	1.59214 2.77943,
	1.58547 2.78912,
	1.57638 2.79882,
	1.57275 2.81822,
	1.56062 2.857,
	1.55941 2.86185,
	1.55456 2.87155,
	1.55153 2.8764,
	1.54305 2.88609,
	1.53335 2.89337,
	1.52365 2.89519,
	1.51396 2.89579,
	1.50426 2.89822,
	1.49941 2.89943,
	1.49699 2.90003,
	1.48729 2.9067,
	1.4679 2.91094,
	1.4582 2.91276,
	1.4485 2.91337,
	1.42911 2.91216,
	1.41941 2.91155,
	1.40002 2.90609,
	1.39032 2.90185,
	1.38547 2.89943,
	1.38426 2.89822,
	1.36486 2.89397,
	1.35517 2.88791,
	1.34547 2.88306,
	1.34062 2.87822,
	1.3382 2.87337,
	1.33699 2.87094,
	1.32729 2.86306,
	1.31759 2.85822,
	1.31274 2.8564,
	1.31032 2.85519,
	1.30062 2.85519,
	1.29092 2.85761,
	1.28608 2.85882,
	1.27638 2.86306,
	1.25698 2.86731,
	1.23759 2.86852,
	1.22789 2.86791,
	1.2182 2.86609,
	1.21335 2.86549,
	1.2085 2.86367,
	1.1988 2.857,
	1.19759 2.85579,
	1.1782 2.86003,
	1.1588 2.86185,
	1.12001 2.86246,
	1.10062 2.86246,
	1.09092 2.86246,
	1.05213 2.857,
	1.01335 2.85276,
	1.0085 2.85215,
	1.00365 2.85034,
	0.984254 2.84731,
	0.979406 2.84549,
	0.960011 2.84246,
	0.940617 2.83579,
	0.93092 2.83215,
	0.926072 2.82973,
	0.916374 2.82912,
	0.906677 2.82731,
	0.89698 2.82428,
	0.887283 2.82246,
	0.867889 2.81579,
	0.848495 2.80549,
	0.844252 2.80064,
	0.84001 2.79094,
	0.84001 2.78124,
	0.84001 2.78064,
	"/>
</Transform>

<Transform dim="0"
 xcoef=" 0 1 0 0 0 0"
 ycoef=" 0 0 1 0 0 0">
<Contour name="ax29" comment="LK bouton trace named after cfa" hidden="false" closed="true" simplified="true" border="0 1 1" fill="0.502 1 1" mode="9"
 points="2.72313 2.12861,
	2.72917 2.11251,
	2.7352 2.10447,
	2.74224 2.09843,
	2.74627 2.09742,
	2.75431 2.09239,
	2.75834 2.09239,
	2.76639 2.08938,
	2.77041 2.08837,
	2.77242 2.08837,
	2.77846 2.08334,
	2.78651 2.08032,
	2.79455 2.07932,
	2.81065 2.07328,
	2.82674 2.07026,
	2.84284 2.06926,
	2.85089 2.07026,
	2.85893 2.07328,
	2.85994 2.07529,
	2.86799 2.07529,
	2.87 2.0773,
	2.88609 2.08435,
	2.88811 2.08736,
	2.89515 2.09441,
	2.90219 2.09843,
	2.91527 2.11151,
	2.9213 2.11855,
	2.9203 2.12056,
	2.92935 2.13464,
	2.93539 2.14068,
	2.94343 2.14772,
	2.94947 2.15476,
	2.95148 2.15476,
	2.95852 2.1618,
	2.96054 2.16482,
	2.96255 2.16482,
	2.96657 2.17287,
	2.96858 2.18092,
	2.9706 2.18192,
	2.9716 2.19802,
	2.96858 2.20104,
	2.96557 2.20908,
	2.96255 2.2121,
	2.96255 2.21411,
	2.94746 2.2282,
	2.94343 2.2292,
	2.94343 2.23122,
	2.92935 2.24027,
	2.91527 2.25134,
	2.90722 2.25636,
	2.89112 2.25636,
	2.87503 2.25435,
	2.85893 2.24731,
	2.85089 2.24228,
	2.84686 2.23926,
	2.81467 2.2292,
	2.79858 2.22619,
	2.79053 2.22317,
	2.78651 2.22116,
	2.78449 2.21814,
	2.7694 2.20808,
	2.76538 2.20707,
	2.75834 2.20204,
	2.75431 2.19903,
	2.75331 2.19701,
	2.7513 2.19701,
	2.7352 2.18595,
	2.73319 2.18192,
	2.73319 2.1779,
	2.73017 2.17388,
	2.72816 2.17186,
	2.72414 2.15577,
	2.72313 2.13967,
	2.72313 2.13163,
	2.72313 2.12961,
	"/>
</Transform>

</Section>