<?xml version="1.0"?>
<!DOCTYPE Section SYSTEM "section.dtd">

<Section index="39" thickness="0.045" alignLocked="true">
<Transform dim="0"
 xcoef=" 0 1 0 0 0 0"
 ycoef=" 0 0 1 0 0 0">
<Image mag="0.00217507" contrast="0.917" brightness="0.12" red="true" green="true" blue="true"
 src="FHLTD.39.jpg" />
<Contour name="domain1" hidden="false" closed="true" simplified="false" border="1 0 1" fill="1 0 1" mode="11"
 points="0 0,
	4096 0,
	4096 4096,
	0 4096,
	"/>
</Transform>

<Transform dim="0"
 xcoef=" 0 1 0 0 0 0"
 ycoef=" 0 0 1 0 0 0">
<Contour name="D05" hidden="false" closed="true" simplified="true" border="1 1 0" fill="1 1 0" mode="11"
 points="3.29299 4.63404,
	3.30475 4.56163,
	3.33888 4.49632,
	3.39205 4.44448,
	3.45904 4.4112,
	3.53329 4.39974,
	3.60755 4.4112,
	3.67454 4.44448,
	3.72771 4.49632,
	3.76184 4.56163,
	3.7736 4.63404,
	3.76184 4.70644,
	3.72771 4.77175,
	3.67454 4.82359,
	3.60755 4.85687,
	3.53329 4.86833,
	3.45904 4.85687,
	3.39205 4.82359,
	3.33888 4.77175,
	"/>
<Contour name="d01" hidden="true" closed="true" simplified="true" border="1 0.5 0" fill="1 0.5 0" mode="-11"
 points="4.9853 1.63357,
	5.00644 1.623,
	5.01702 1.61242,
	5.02759 1.61242,
	5.04874 1.59128,
	5.08574 1.57013,
	5.10689 1.56484,
	5.15975 1.48554,
	5.16504 1.4644,
	5.23905 1.39567,
	5.27606 1.35338,
	5.31307 1.32695,
	5.33421 1.31637,
	5.4188 1.3058,
	5.50339 1.27937,
	5.52453 1.26879,
	5.54568 1.26879,
	5.56683 1.25822,
	5.65141 1.26351,
	5.6937 1.26351,
	5.71485 1.26351,
	5.75714 1.23707,
	5.84173 1.26351,
	5.92632 1.27408,
	5.94746 1.27937,
	5.95804 1.28994,
	6.00033 1.29523,
	6.08492 1.27937,
	6.10606 1.28994,
	6.11664 1.28994,
	6.1325 1.31109,
	6.1325 1.35338,
	6.13778 1.37452,
	6.11664 1.3851,
	6.03205 1.3851,
	6.01619 1.40624,
	6.0532 1.43268,
	6.09549 1.44325,
	6.11664 1.45911,
	6.12192 1.48026,
	6.11664 1.5014,
	6.0902 1.53841,
	6.10078 1.55956,
	6.10606 1.60185,
	6.10606 1.61242,
	6.07963 1.64943,
	6.08492 1.69172,
	6.07434 1.71287,
	6.07434 1.75516,
	6.03734 1.7816,
	6.01619 1.79746,
	5.96332 1.87676,
	5.92103 1.90319,
	5.89988 1.91905,
	5.88402 1.96134,
	5.88402 1.98249,
	5.8523 2.02478,
	5.8523 2.06707,
	5.8523 2.08822,
	5.83116 2.10937,
	5.78886 2.13051,
	5.773 2.14637,
	5.76243 2.18867,
	5.72014 2.26797,
	5.70956 2.28911,
	5.66727 2.31555,
	5.62498 2.31555,
	5.58269 2.29969,
	5.56683 2.27854,
	5.54568 2.27325,
	5.50867 2.23625,
	5.48753 2.2151,
	5.44523 2.19924,
	5.42409 2.19924,
	5.40294 2.18338,
	5.36065 2.17809,
	5.35007 2.17281,
	5.32893 2.18338,
	5.24434 2.17809,
	5.20205 2.17281,
	5.19147 2.16752,
	5.19676 2.12523,
	5.19147 2.08293,
	5.1809 2.06179,
	5.1809 2.04064,
	5.15975 1.99835,
	5.13861 1.91376,
	5.12803 1.89261,
	5.11218 1.80803,
	5.08574 1.76574,
	5.08046 1.74459,
	5.03816 1.76045,
	5.01702 1.77102,
	4.99058 1.73402,
	4.9853 1.71287,
	4.99587 1.69172,
	5.00116 1.68115,
	4.9853 1.63886,
	"/>
</Transform>

<Transform dim="0"
 xcoef=" 0 1 0 0 0 0"
 ycoef=" 0 0 1 0 0 0">
<Contour name="d03" hidden="false" closed="true" simplified="true" border="0 1 0" fill="0 1 0" mode="9"
 points="2.84064 3.42791,
	2.85804 3.39311,
	2.87979 3.32351,
	2.88632 3.28871,
	2.88632 3.2539,
	2.92112 3.22345,
	2.95592 3.19953,
	2.97115 3.18648,
	2.99072 3.15168,
	3.00377 3.13428,
	3.03857 3.11905,
	3.07337 3.09947,
	3.09077 3.0886,
	3.09947 3.08207,
	3.13428 3.07772,
	3.15168 3.07337,
	3.22128 3.0799,
	3.29088 3.09077,
	3.32568 3.0973,
	3.36048 3.10818,
	3.43009 3.1408,
	3.44749 3.1495,
	3.48229 3.17343,
	3.49969 3.1843,
	3.51926 3.2191,
	3.53449 3.2539,
	3.55189 3.32351,
	3.55406 3.35831,
	3.54971 3.42791,
	3.53231 3.49751,
	3.51056 3.53231,
	3.49969 3.54971,
	3.46489 3.58017,
	3.45401 3.59539,
	3.44314 3.63019,
	3.44096 3.63889,
	3.43226 3.64324,
	3.36266 3.65629,
	3.32786 3.66717,
	3.31916 3.66934,
	3.28871 3.70197,
	3.26913 3.73677,
	3.2626 3.75417,
	3.26913 3.78897,
	3.30176 3.80855,
	3.31916 3.8216,
	3.35396 3.839,
	3.37136 3.85205,
	3.38006 3.85857,
	3.38223 3.86075,
	3.36483 3.87597,
	3.34743 3.88685,
	3.33873 3.89338,
	3.33438 3.89555,
	3.31698 3.8912,
	3.17778 3.82595,
	3.16038 3.81725,
	3.09077 3.75852,
	3.0277 3.68892,
	2.97115 3.61932,
	2.92112 3.54971,
	2.87544 3.48011,
	2.85152 3.44531,
	2.84717 3.43661,
	2.84282 3.43226,
	2.84282 3.43009,
	"/>
</Transform>

<Transform dim="0"
 xcoef=" 0 1 0 0 0 0"
 ycoef=" 0 0 1 0 0 0">
<Contour name="D09" hidden="false" closed="true" simplified="true" border="0 1 0" fill="0 1 0" mode="11"
 points="1.29046 2.17459,
	1.30012 2.1136,
	1.32816 2.05858,
	1.37183 2.01491,
	1.42685 1.98688,
	1.48784 1.97722,
	1.54883 1.98688,
	1.60386 2.01491,
	1.64752 2.05858,
	1.67556 2.1136,
	1.68522 2.17459,
	1.67556 2.23559,
	1.64752 2.29061,
	1.60386 2.33427,
	1.54883 2.36231,
	1.48784 2.37197,
	1.42685 2.36231,
	1.37183 2.33427,
	1.32816 2.29061,
	"/>
<Contour name="D10" hidden="false" closed="true" simplified="true" border="0 1 1" fill="0 1 1" mode="11"
 points="3.32824 2.70271,
	3.33582 2.65326,
	3.35779 2.60864,
	3.39201 2.57324,
	3.43514 2.55051,
	3.48294 2.54267,
	3.53075 2.55051,
	3.57388 2.57324,
	3.6081 2.60864,
	3.63007 2.65326,
	3.63765 2.70271,
	3.63007 2.75216,
	3.6081 2.79678,
	3.57388 2.83218,
	3.53075 2.85491,
	3.48294 2.86274,
	3.43514 2.85491,
	3.39201 2.83218,
	3.35779 2.79678,
	"/>
</Transform>

<Transform dim="0"
 xcoef=" 0 1 0 0 0 0"
 ycoef=" 0 0 1 0 0 0">
<Contour name="d03" hidden="false" closed="true" simplified="true" border="0 1 0" fill="0 1 0" mode="9"
 points="1.83055 3.34759,
	1.85977 3.30774,
	1.94213 3.25194,
	1.98464 3.22272,
	2.0059 3.20412,
	2.02715 3.19084,
	2.0484 3.18287,
	2.06966 3.18287,
	2.11217 3.19349,
	2.1228 3.19349,
	2.14405 3.20412,
	2.15202 3.20943,
	2.17328 3.22803,
	2.21578 3.22537,
	2.23704 3.22006,
	2.24767 3.21475,
	2.25298 3.21209,
	2.26361 3.2174,
	2.27158 3.22803,
	2.29283 3.24132,
	2.31143 3.25991,
	2.32206 3.27054,
	2.33003 3.29179,
	2.33268 3.37681,
	2.34597 3.3901,
	2.35128 3.47511,
	2.35128 3.48574,
	2.34065 3.49371,
	2.3194 3.49637,
	2.29815 3.4884,
	2.25564 3.48309,
	2.0856 3.48309,
	2.00058 3.48309,
	1.97933 3.48309,
	1.93682 3.47511,
	1.91556 3.46449,
	1.87571 3.43526,
	1.85446 3.41932,
	1.83586 3.39807,
	1.83055 3.38744,
	1.83055 3.36619,
	1.83055 3.35556,
	1.83055 3.35024,
	"/>
</Transform>

<Transform dim="0"
 xcoef=" 0 1 0 0 0 0"
 ycoef=" 0 0 1 0 0 0">
<Contour name="d06c03" hidden="false" closed="true" simplified="true" border="0 1 0" fill="0 1 0" mode="11"
 points="2.84408 7.77382,
	2.86425 7.74155,
	2.86829 7.70927,
	2.88442 7.677,
	2.89249 7.64473,
	2.90863 7.61245,
	2.92073 7.60035,
	2.93687 7.59632,
	2.94897 7.62859,
	2.953 7.66086,
	2.94897 7.69314,
	2.94897 7.70927,
	2.93283 7.74155,
	2.92476 7.77382,
	2.90056 7.80609,
	2.86829 7.80609,
	2.85215 7.80206,
	2.84408 7.79399,
	2.84408 7.77785,
	"/>
<Contour name="d06cfa03" hidden="false" closed="false" simplified="false" border="0 1 1" fill="0 1 1" mode="11"
 points="2.86938 7.8046,
	2.89358 7.75619,
	2.91375 7.71181,
	2.92585 7.64323,
	2.92585 7.59886,
	"/>
</Transform>

<Transform dim="0"
 xcoef=" 0 1 0 0 0 0"
 ycoef=" 0 0 1 0 0 0">
<Contour name="d06p29" hidden="false" closed="true" simplified="false" border="0 1 0" fill="0 1 0" mode="9"
 points="1.8566 7.62845,
	1.8566 7.59424,
	1.8908 7.59424,
	1.8908 7.56004,
	1.925 7.56004,
	1.925 7.59424,
	1.95921 7.59424,
	1.95921 7.62845,
	1.925 7.62845,
	1.925 7.66265,
	1.8908 7.66265,
	1.8908 7.62845,
	"/>
</Transform>

<Transform dim="0"
 xcoef=" 0 1 0 0 0 0"
 ycoef=" 0 0 1 0 0 0">
<Contour name="d07" hidden="true" closed="true" simplified="true" border="1 0 1" fill="1 0 1" mode="9"
 points="2.32702 6.98106,
	2.34423 6.92598,
	2.358 6.89844,
	2.36833 6.88811,
	2.37177 6.86057,
	2.36833 6.8055,
	2.36833 6.77796,
	2.36833 6.77107,
	2.35456 6.7573,
	2.34767 6.75042,
	2.35111 6.69534,
	2.37865 6.64026,
	2.40275 6.61617,
	2.45783 6.61273,
	2.4716 6.61273,
	2.48537 6.61961,
	2.49914 6.61961,
	2.50602 6.61961,
	2.55765 6.66436,
	2.58519 6.6919,
	2.59208 6.6919,
	2.60585 6.70223,
	2.61962 6.70567,
	2.6265 6.70567,
	2.64027 6.71944,
	2.64371 6.73321,
	2.64371 6.74009,
	2.69879 6.78828,
	2.72633 6.80894,
	2.7401 6.82271,
	2.75387 6.85025,
	2.75043 6.85369,
	2.75731 6.85713,
	2.75731 6.91221,
	2.75731 6.93975,
	2.78141 6.96384,
	2.79518 6.97761,
	2.80206 6.99138,
	2.8296 7.01548,
	2.84337 7.02581,
	2.87091 7.02581,
	2.89845 7.03613,
	2.91222 7.04646,
	2.91222 7.074,
	2.90877 7.08777,
	2.89845 7.10154,
	2.88812 7.10498,
	2.88123 7.11875,
	2.85714 7.14629,
	2.85714 7.17383,
	2.86402 7.20136,
	2.86747 7.25644,
	2.88123 7.27021,
	2.93631 7.29087,
	2.96385 7.29775,
	2.97762 7.29775,
	2.9845 7.29775,
	2.99483 7.31152,
	2.99483 7.33906,
	2.99483 7.35283,
	2.99139 7.35971,
	2.97762 7.35971,
	2.96385 7.3666,
	2.95008 7.3666,
	2.92254 7.38725,
	2.91566 7.39414,
	2.90877 7.39414,
	2.90189 7.40102,
	2.79173 7.40446,
	2.76419 7.40446,
	2.75043 7.40446,
	2.72289 7.38725,
	2.70912 7.37348,
	2.67125 7.3184,
	2.61617 7.26677,
	2.58864 7.24956,
	2.58175 7.24267,
	2.57487 7.24267,
	2.51979 7.19448,
	2.49225 7.16694,
	2.47848 7.16006,
	2.36833 7.06367,
	2.34423 7.03957,
	2.33046 7.02925,
	2.32702 7.00171,
	2.32702 6.98794,
	2.32702 6.9845,
	"/>
</Transform>

<Transform dim="0"
 xcoef=" 0 1 0 0 0 0"
 ycoef=" 0 0 1 0 0 0">
<Contour name="d07p01" hidden="false" closed="true" simplified="false" border="1 0.5 0" fill="1 0.5 0" mode="9"
 points="2.82842 7.09444,
	2.82842 7.08537,
	2.83749 7.0763,
	2.84656 7.0763,
	2.85563 7.08537,
	2.85563 7.09444,
	2.84656 7.1035,
	2.83749 7.1035,
	"/>
</Transform>

<Transform dim="0"
 xcoef=" 0 1 0 0 0 0"
 ycoef=" 0 0 1 0 0 0">
<Contour name="d08" hidden="false" closed="true" simplified="true" border="1 0 0" fill="1 0 0" mode="9"
 points="5.03526 4.87406,
	5.05423 4.85509,
	5.09216 4.85035,
	5.16802 4.8219,
	5.20595 4.80294,
	5.22491 4.79346,
	5.30077 4.77923,
	5.31974 4.77449,
	5.3387 4.76027,
	5.34819 4.75078,
	5.49991 4.75552,
	5.57577 4.76027,
	5.6137 4.76027,
	5.65163 4.74604,
	5.68482 4.71759,
	5.72275 4.70337,
	6.02619 4.69863,
	6.17791 4.70337,
	6.21585 4.70337,
	6.23481 4.70337,
	6.31067 4.65122,
	6.3486 4.62277,
	6.36757 4.61329,
	6.40076 4.57536,
	6.41024 4.55639,
	6.4861 4.51372,
	6.52403 4.49475,
	6.59989 4.49001,
	6.63782 4.51372,
	6.63782 4.55165,
	6.6236 4.57061,
	6.61886 4.60854,
	6.58093 4.64173,
	6.56196 4.6607,
	6.55248 4.67492,
	6.55248 4.68441,
	6.52403 4.72234,
	6.50981 4.7413,
	6.50032 4.75078,
	6.46239 4.76027,
	6.44343 4.76027,
	6.42446 4.75078,
	6.4055 4.73182,
	6.36757 4.73182,
	6.3486 4.73182,
	6.31067 4.75552,
	6.27274 4.78871,
	6.23481 4.80768,
	6.21585 4.81716,
	6.06412 4.81716,
	6.02619 4.83613,
	5.95033 4.84087,
	5.93137 4.84087,
	5.89344 4.81242,
	5.87447 4.79346,
	5.83654 4.77923,
	5.79861 4.77923,
	5.77965 4.77923,
	5.74172 4.7982,
	5.74172 4.80768,
	5.71327 4.84087,
	5.70853 4.91673,
	5.6943 4.95466,
	5.68008 4.97362,
	5.67534 4.99259,
	5.65163 5.03052,
	5.61844 5.06371,
	5.54258 5.10164,
	5.50939 5.13009,
	5.50939 5.14905,
	5.49991 5.16802,
	5.48094 5.18224,
	5.47146 5.19172,
	5.43353 5.19172,
	5.41457 5.19172,
	5.3956 5.20121,
	5.37189 5.2344,
	5.36241 5.25336,
	5.32922 5.28181,
	5.32448 5.30077,
	5.30552 5.315,
	5.15379 5.30552,
	5.11586 5.27233,
	5.09216 5.2344,
	5.05897 5.19647,
	5.03526 5.15854,
	5.04 5.1206,
	5.05897 5.08267,
	5.05897 5.00681,
	5.05897 4.96888,
	5.05897 4.94992,
	5.05897 4.94044,
	5.03526 4.9025,
	5.03526 4.88354,
	5.03526 4.8788,
	"/>
</Transform>

<Transform dim="0"
 xcoef=" 0 1 0 0 0 0"
 ycoef=" 0 0 1 0 0 0">
<Contour name="d08" hidden="false" closed="true" simplified="true" border="1 0 0" fill="1 0 0" mode="9"
 points="4.71285 4.33355,
	4.75078 4.31458,
	4.78871 4.31458,
	4.86457 4.29088,
	4.9025 4.29088,
	4.92147 4.27665,
	4.93095 4.27191,
	4.96888 4.30036,
	4.98785 4.3051,
	5.00681 4.31932,
	5.01155 4.39519,
	5.01155 4.41415,
	5.01155 4.42363,
	4.97362 4.45208,
	4.93569 4.45682,
	4.89776 4.47105,
	4.8788 4.48527,
	4.86932 4.49475,
	4.83139 4.49001,
	4.75552 4.41889,
	4.72234 4.39519,
	4.71285 4.3857,
	4.71285 4.34777,
	4.71285 4.33829,
	"/>
</Transform>

<Transform dim="0"
 xcoef=" 0 1 0 0 0 0"
 ycoef=" 0 0 1 0 0 0">
<Contour name="d08" hidden="false" closed="true" simplified="true" border="1 0 0" fill="1 0 0" mode="9"
 points="4.07321 4.26717,
	4.08398 4.2528,
	4.14145 4.2528,
	4.17019 4.2528,
	4.19892 4.26358,
	4.21329 4.26717,
	4.24203 4.29591,
	4.2528 4.30668,
	4.28154 4.30309,
	4.31027 4.28872,
	4.32464 4.28154,
	4.33901 4.26717,
	4.34978 4.23844,
	4.35697 4.22407,
	4.36415 4.21688,
	4.47909 4.21329,
	4.50783 4.21329,
	4.53656 4.19892,
	4.55093 4.20252,
	4.55811 4.19892,
	4.58685 4.21688,
	4.69101 4.32823,
	4.69101 4.35697,
	4.69101 4.36415,
	4.74489 4.41085,
	4.77363 4.43958,
	4.79159 4.46472,
	4.79518 4.47909,
	4.7844 4.50783,
	4.78081 4.5222,
	4.76644 4.53297,
	4.75208 4.56171,
	4.7413 4.57607,
	4.7413 4.58326,
	4.71257 4.60122,
	4.6982 4.61199,
	4.69101 4.61199,
	4.64073 4.66228,
	4.62636 4.66946,
	4.56889 4.66946,
	4.54015 4.66946,
	4.52579 4.66946,
	4.50064 4.64432,
	4.49705 4.58685,
	4.5186 4.47191,
	4.5186 4.45754,
	4.5186 4.45036,
	4.51142 4.44317,
	4.50783 4.42881,
	4.50064 4.42162,
	4.44317 4.42162,
	4.42881 4.42162,
	4.40007 4.4324,
	4.37852 4.45754,
	4.34978 4.4755,
	4.32105 4.48268,
	4.20611 4.48268,
	4.14864 4.48268,
	4.13427 4.47909,
	4.10554 4.45395,
	4.10194 4.42521,
	4.10194 4.41803,
	4.13068 4.40007,
	4.14145 4.39289,
	4.13786 4.36415,
	4.10194 4.30668,
	4.0768 4.27795,
	4.07321 4.27076,
	"/>
</Transform>

<Transform dim="0"
 xcoef=" 0 1 0 0 0 0"
 ycoef=" 0 0 1 0 0 0">
<Contour name="d06" hidden="true" closed="true" simplified="true" border="0 0 1" fill="0 0 1" mode="11"
 points="2.67411 7.68411,
	2.69417 7.66118,
	2.74003 7.63539,
	2.76296 7.62392,
	2.77442 7.61532,
	2.78015 7.61532,
	2.78588 7.60959,
	2.80881 7.60099,
	2.83174 7.58666,
	2.8776 7.57233,
	2.90053 7.56373,
	2.91199 7.5666,
	2.92346 7.58953,
	2.92919 7.60099,
	2.92633 7.64685,
	2.92633 7.65258,
	2.90053 7.69844,
	2.88907 7.7443,
	2.869 7.76723,
	2.8604 7.77869,
	2.83748 7.78443,
	2.74576 7.78156,
	2.73429 7.77583,
	2.6913 7.72997,
	2.67697 7.70704,
	2.67411 7.68698,
	"/>
</Transform>

<Transform dim="0"
 xcoef=" 0 1 0 0 0 0"
 ycoef=" 0 0 1 0 0 0">
<Contour name="d06" hidden="true" closed="true" simplified="true" border="0 0 1" fill="0 0 1" mode="11"
 points="1.4216 7.64972,
	1.51332 7.62679,
	1.53625 7.62392,
	1.54771 7.62392,
	1.57064 7.61532,
	1.6165 7.60673,
	1.63943 7.60099,
	1.73115 7.60099,
	1.75408 7.60673,
	1.79993 7.60673,
	1.82286 7.59813,
	1.8286 7.59813,
	1.84579 7.5752,
	1.85726 7.55227,
	1.90025 7.51214,
	1.91171 7.50068,
	1.93464 7.48921,
	1.94611 7.48348,
	1.99196 7.48348,
	1.9977 7.48348,
	2.00916 7.49208,
	2.01489 7.49781,
	2.06075 7.50068,
	2.07222 7.50068,
	2.07795 7.50068,
	2.08082 7.51214,
	2.08082 7.51788,
	2.12667 7.49781,
	2.13814 7.49208,
	2.184 7.49208,
	2.22985 7.48635,
	2.27571 7.47202,
	2.29578 7.44909,
	2.34163 7.44622,
	2.36456 7.44909,
	2.38463 7.47202,
	2.39609 7.51788,
	2.40755 7.52934,
	2.41615 7.55227,
	2.41902 7.56373,
	2.44195 7.5838,
	2.45055 7.60673,
	2.47061 7.62679,
	2.47348 7.67265,
	2.46488 7.69558,
	2.46201 7.71851,
	2.46488 7.74143,
	2.47348 7.76436,
	2.47348 7.78729,
	2.47348 7.79876,
	2.45341 7.81595,
	2.44481 7.82742,
	2.39896 7.85035,
	2.37603 7.86468,
	2.37029 7.87328,
	2.34737 7.88188,
	2.25565 7.88188,
	2.16393 7.88761,
	2.15247 7.88761,
	2.12954 7.86754,
	2.08368 7.85321,
	2.07222 7.85321,
	1.9805 7.81022,
	1.95757 7.79589,
	1.91171 7.78156,
	1.90311 7.7701,
	1.90311 7.72424,
	1.89738 7.70131,
	1.89165 7.68984,
	1.89165 7.67838,
	1.89165 7.67265,
	1.86872 7.67838,
	1.84579 7.69271,
	1.83433 7.71564,
	1.82573 7.72424,
	1.73401 7.72424,
	1.71108 7.71564,
	1.61937 7.71564,
	1.61363 7.71564,
	1.60217 7.72424,
	1.59071 7.7271,
	1.58497 7.7271,
	1.58211 7.73857,
	1.57638 7.7443,
	1.55345 7.74717,
	1.46173 7.73284,
	1.4388 7.72137,
	1.42734 7.71277,
	1.4216 7.70131,
	1.4216 7.65545,
	1.4216 7.65258,
	"/>
</Transform>

<Transform dim="0"
 xcoef=" 0 1 0 0 0 0"
 ycoef=" 0 0 1 0 0 0">
<Contour name="ax01" comment="LK bouton trace named after cfa" hidden="false" closed="true" simplified="true" border="0 1 1" fill="0.502 1 1" mode="9"
 points="8.32562 1.00253,
	8.32789 0.990405,
	8.33168 0.978281,
	8.33774 0.966157,
	8.34532 0.954032,
	8.35517 0.941908,
	8.36047 0.929784,
	8.36047 0.928268,
	8.36199 0.926752,
	8.36426 0.92069,
	8.36578 0.919175,
	8.36654 0.916144,
	8.37033 0.910839,
	8.3726 0.907808,
	8.3726 0.906293,
	8.37639 0.900231,
	8.3779 0.897957,
	8.38093 0.894926,
	8.38548 0.882802,
	8.39533 0.871435,
	8.4067 0.863858,
	8.412 0.858553,
	8.41352 0.858553,
	8.42337 0.848702,
	8.43246 0.837336,
	8.43852 0.832789,
	8.44156 0.831273,
	8.45368 0.832031,
	8.45974 0.833547,
	8.4658 0.836578,
	8.46884 0.837336,
	8.47035 0.837336,
	8.47187 0.838851,
	8.49612 0.84264,
	8.52036 0.844913,
	8.53249 0.847187,
	8.53552 0.847187,
	8.53703 0.848702,
	8.5431 0.850218,
	8.55446 0.857795,
	8.56583 0.869162,
	8.57265 0.880529,
	8.57492 0.886591,
	8.57492 0.898715,
	8.57417 0.904777,
	8.57189 0.910839,
	8.56735 0.916144,
	8.56128 0.919933,
	8.55522 0.922206,
	8.55219 0.923721,
	8.54992 0.926752,
	8.54764 0.928268,
	8.53703 0.940392,
	8.51279 0.957063,
	8.50748 0.960094,
	8.49612 0.972219,
	8.49308 0.97525,
	8.48626 0.987374,
	8.48248 0.993436,
	8.47717 0.997225,
	8.47566 0.998741,
	8.45141 1.0048,
	8.43928 1.00708,
	8.43322 1.00783,
	8.43019 1.00935,
	8.42413 1.01011,
	8.39988 1.01768,
	8.37563 1.02678,
	8.36351 1.03057,
	8.35138 1.03132,
	8.34532 1.02981,
	8.34229 1.02905,
	8.34077 1.02754,
	8.33926 1.02754,
	8.33471 1.02299,
	8.32865 1.01844,
	8.32562 1.01238,
	8.32562 1.00632,
	8.32562 1.00329,
	"/>
</Transform>

<Transform dim="0"
 xcoef=" 0 1 0 0 0 0"
 ycoef=" 0 0 1 0 0 0">
<Contour name="ax28" comment="LK bouton trace named after cfa" hidden="false" closed="true" simplified="true" border="0 1 1" fill="0.502 1 1" mode="9"
 points="5.79777 3.06443,
	5.80103 3.05142,
	5.81079 3.04003,
	5.81404 3.0384,
	5.81567 3.0384,
	5.81893 3.03515,
	5.82218 3.03352,
	5.82381 3.03352,
	5.8352 3.02457,
	5.84414 3.01318,
	5.84821 3.01074,
	5.85472 3.00668,
	5.85553 3.00505,
	5.85716 3.00505,
	5.86285 2.99935,
	5.86611 2.99691,
	5.86774 2.99691,
	5.87994 2.98959,
	5.88319 2.98715,
	5.8897 2.98471,
	5.89621 2.9839,
	5.89946 2.98227,
	5.92549 2.98146,
	5.95153 2.98227,
	5.96454 2.9839,
	5.97756 2.98796,
	5.98406 2.99041,
	5.99464 3.00098,
	6.00033 3.00668,
	6.00278 3.01318,
	6.0044 3.01481,
	6.00603 3.02132,
	6.00603 3.02295,
	6.00766 3.02376,
	6.00928 3.04979,
	6.00928 3.0563,
	6.00766 3.06281,
	6.00522 3.08884,
	6.00359 3.09535,
	6.00196 3.09616,
	5.99952 3.10267,
	5.99789 3.10592,
	5.99464 3.10918,
	5.9922 3.11487,
	5.98651 3.12056,
	5.98325 3.12382,
	5.97674 3.12463,
	5.97349 3.12463,
	5.97186 3.12463,
	5.97105 3.12626,
	5.95803 3.1287,
	5.95153 3.13114,
	5.94583 3.13683,
	5.94258 3.13846,
	5.94095 3.13846,
	5.94014 3.14009,
	5.93688 3.1409,
	5.93526 3.14253,
	5.92875 3.14334,
	5.91573 3.14741,
	5.90922 3.14904,
	5.88319 3.14822,
	5.87018 3.14416,
	5.86855 3.14253,
	5.86204 3.14172,
	5.85553 3.13927,
	5.84984 3.13521,
	5.84902 3.13195,
	5.83601 3.12626,
	5.82299 3.11812,
	5.8173 3.11324,
	5.81404 3.1108,
	5.81242 3.10755,
	5.80916 3.10511,
	5.80916 3.10348,
	5.80428 3.09779,
	5.80184 3.09535,
	5.80184 3.09372,
	5.7994 3.09047,
	5.79777 3.07745,
	5.79777 3.06525,
	"/>
</Transform>

<Transform dim="0"
 xcoef=" 0 1 0 0 0 0"
 ycoef=" 0 0 1 0 0 0">
<Contour name="ddh_d06ax06" comment="traced by ddh 12/20/18" hidden="false" closed="true" simplified="true" border="1 0.5 0" fill="1 0.5 0" mode="11"
 points="0.97525 6.38019,
	0.979099 6.36992,
	0.988082 6.36094,
	0.991932 6.3558,
	1.01246 6.34426,
	1.0176 6.34169,
	1.01888 6.33912,
	1.02401 6.33784,
	1.02914 6.33399,
	1.03428 6.33271,
	1.03684 6.33014,
	1.07791 6.31602,
	1.09844 6.31217,
	1.18057 6.31217,
	1.2011 6.31474,
	1.24216 6.32629,
	1.25243 6.33014,
	1.26269 6.33656,
	1.26782 6.33912,
	1.27809 6.34041,
	1.28322 6.34297,
	1.30375 6.34554,
	1.34482 6.34426,
	1.35508 6.34297,
	1.36535 6.33784,
	1.37048 6.33656,
	1.37562 6.33271,
	1.37818 6.33271,
	1.38588 6.32501,
	1.40641 6.31217,
	1.41668 6.30576,
	1.42181 6.30319,
	1.42438 6.30063,
	1.43464 6.29678,
	1.45518 6.29421,
	1.46544 6.28779,
	1.48469 6.27111,
	1.52575 6.26213,
	1.56682 6.25571,
	1.58735 6.25571,
	1.60788 6.25315,
	1.64894 6.25443,
	1.69 6.26726,
	1.71054 6.27624,
	1.72978 6.28908,
	1.74005 6.29421,
	1.76058 6.30833,
	1.76315 6.30833,
	1.76443 6.31089,
	1.76956 6.31217,
	1.77983 6.31987,
	1.82089 6.33014,
	1.84143 6.33527,
	1.85169 6.34041,
	1.85939 6.34811,
	1.86581 6.35837,
	1.86837 6.35965,
	1.87094 6.36992,
	1.87479 6.37505,
	1.87736 6.38532,
	1.87864 6.40585,
	1.88377 6.42638,
	1.88634 6.43665,
	1.89789 6.45461,
	1.9043 6.46488,
	1.94408 6.49311,
	1.95435 6.50081,
	1.96461 6.50594,
	2.00568 6.53417,
	2.00824 6.53417,
	2.04674 6.55984,
	2.05187 6.5624,
	2.05444 6.5624,
	2.05572 6.56497,
	2.06086 6.56625,
	2.06342 6.56882,
	2.06599 6.56882,
	2.07626 6.57652,
	2.07882 6.57909,
	2.08139 6.57909,
	2.10064 6.59448,
	2.1186 6.60603,
	2.13657 6.62015,
	2.15197 6.63811,
	2.15966 6.64838,
	2.1648 6.65865,
	2.1725 6.66891,
	2.17763 6.67918,
	2.18148 6.68431,
	2.18148 6.68688,
	2.19688 6.70612,
	2.21741 6.72409,
	2.22639 6.73307,
	2.23922 6.74975,
	2.24436 6.75874,
	2.27644 6.79595,
	2.28285 6.80622,
	2.28414 6.82675,
	2.279 6.84728,
	2.27515 6.85754,
	2.27515 6.86011,
	2.27259 6.86268,
	2.26874 6.88321,
	2.25591 6.92427,
	2.24821 6.9448,
	2.24436 6.95507,
	2.24307 6.9602,
	2.24051 6.96277,
	2.24051 6.96534,
	2.23409 6.9756,
	2.23409 6.97817,
	2.23153 6.97945,
	2.22896 6.98972,
	2.22639 6.99485,
	2.22383 7.01538,
	2.22126 7.02565,
	2.22126 7.03078,
	2.21613 7.04105,
	2.20714 7.05003,
	2.16865 7.07441,
	2.15838 7.07954,
	2.15325 7.08211,
	2.15068 7.08468,
	2.14555 7.08596,
	2.13528 7.09237,
	2.13015 7.09494,
	2.12758 7.09494,
	2.12502 7.09751,
	2.08395 7.10649,
	2.06342 7.10777,
	2.05829 7.10777,
	2.03776 7.11547,
	2.03263 7.11676,
	2.02749 7.12061,
	2.00696 7.12574,
	2.00183 7.1283,
	1.9197 7.12959,
	1.87864 7.13087,
	1.83758 7.14242,
	1.81704 7.14242,
	1.79651 7.13985,
	1.77598 7.13344,
	1.77085 7.13215,
	1.76828 7.13215,
	1.76572 7.12959,
	1.75545 7.12702,
	1.75032 7.12317,
	1.74775 7.12317,
	1.72722 7.11162,
	1.71695 7.10521,
	1.70797 7.09622,
	1.70669 7.09109,
	1.70284 7.08724,
	1.70155 7.08211,
	1.69899 7.07954,
	1.69514 7.05901,
	1.69385 7.03848,
	1.68872 7.02821,
	1.68872 7.02565,
	1.68616 7.02436,
	1.68616 7.0218,
	1.68359 7.01923,
	1.68359 7.01666,
	1.67461 7.00768,
	1.65536 6.99613,
	1.64509 6.98972,
	1.63483 6.98715,
	1.63226 6.98458,
	1.61173 6.98202,
	1.60146 6.98202,
	1.5912 6.98458,
	1.57067 6.98458,
	1.55013 6.98202,
	1.53987 6.97817,
	1.52062 6.96534,
	1.50009 6.94994,
	1.48597 6.92941,
	1.48597 6.92684,
	1.47956 6.91657,
	1.47699 6.91144,
	1.47699 6.90631,
	1.47314 6.90117,
	1.47186 6.89604,
	1.46031 6.87551,
	1.45774 6.87038,
	1.45774 6.86781,
	1.45518 6.86524,
	1.45004 6.84471,
	1.44619 6.83445,
	1.44491 6.82931,
	1.43849 6.81905,
	1.42181 6.7998,
	1.41155 6.78953,
	1.39486 6.77285,
	1.38588 6.76644,
	1.3846 6.76387,
	1.37433 6.76002,
	1.37305 6.75745,
	1.36792 6.75617,
	1.34738 6.74205,
	1.3384 6.73436,
	1.32942 6.72409,
	1.3153 6.70869,
	1.31145 6.70356,
	1.30119 6.69843,
	1.29221 6.69073,
	1.28194 6.68559,
	1.27681 6.68431,
	1.27424 6.68174,
	1.25371 6.67404,
	1.24858 6.67019,
	1.24601 6.66506,
	1.22676 6.64581,
	1.21778 6.6394,
	1.21265 6.63555,
	1.20751 6.63426,
	1.20495 6.6317,
	1.18442 6.62913,
	1.16388 6.62271,
	1.14335 6.6086,
	1.13309 6.59833,
	1.11384 6.58422,
	1.10486 6.57652,
	1.09074 6.55727,
	1.08561 6.547,
	1.08304 6.54444,
	1.08304 6.54187,
	1.07534 6.53289,
	1.07277 6.52776,
	1.07021 6.52519,
	1.07021 6.52262,
	1.05353 6.50594,
	1.04839 6.50338,
	1.03941 6.49439,
	0.999631 6.47001,
	0.990648 6.4636,
	0.982949 6.45333,
	0.977816 6.44306,
	0.976533 6.402,
	0.97525 6.38147,
	"/>
</Transform>

</Section>