<?xml version="1.0"?>
<!DOCTYPE Section SYSTEM "section.dtd">

<Section index="68" thickness="0.045" alignLocked="true">
<Transform dim="0"
 xcoef=" 0 1 0 0 0 0"
 ycoef=" 0 0 1 0 0 0">
<Contour name="D04" hidden="false" closed="true" simplified="true" border="1 0 0" fill="1 0 0" mode="11"
 points="0.74492 5.04996,
	0.74778 5.01096,
	0.75628 4.97281,
	0.77024 4.93634,
	0.78936 4.90235,
	0.81323 4.87158,
	0.84131 4.8447,
	0.87299 4.8223,
	0.9076 4.80487,
	0.94436 4.79278,
	0.98248 4.7863,
	1.02113 4.78558,
	1.05947 4.79063,
	1.09665 4.80133,
	1.13186 4.81746,
	1.16435 4.83866,
	1.19339 4.86447,
	1.21836 4.89432,
	1.23871 4.92758,
	1.25399 4.9635,
	1.26388 5.00131,
	1.26816 5.04018,
	1.26673 5.07926,
	1.25963 5.11771,
	1.24701 5.15467,
	1.22914 5.18936,
	1.20642 5.221,
	1.17934 5.24891,
	1.14849 5.27248,
	1.11455 5.29119,
	1.07825 5.30464,
	1.04039 5.31254,
	1.00179 5.31471,
	0.9633 5.3111,
	0.92576 5.30179,
	0.88998 5.28699,
	0.85674 5.26702,
	0.82678 5.24231,
	0.80073 5.21341,
	0.77918 5.18094,
	0.76259 5.14562,
	0.75133 5.1082,
	"/>
<Contour name="D05" hidden="false" closed="true" simplified="true" border="1 1 0" fill="1 1 0" mode="11"
 points="2.64299 4.28404,
	2.65475 4.21163,
	2.68888 4.14632,
	2.74205 4.09448,
	2.80904 4.0612,
	2.88329 4.04974,
	2.95755 4.0612,
	3.02454 4.09448,
	3.07771 4.14632,
	3.11184 4.21163,
	3.1236 4.28404,
	3.11184 4.35644,
	3.07771 4.42175,
	3.02454 4.47359,
	2.95755 4.50687,
	2.88329 4.51833,
	2.80904 4.50687,
	2.74205 4.47359,
	2.68888 4.42175,
	"/>
<Contour name="d01" hidden="false" closed="true" simplified="true" border="1 0.5 0" fill="1 0.5 0" mode="-11"
 points="6.40211 1.94548,
	6.47084 1.8609,
	6.4867 1.83975,
	6.50785 1.82918,
	6.59243 1.83446,
	6.61358 1.83975,
	6.61887 1.88204,
	6.60829 1.92433,
	6.58186 1.96663,
	6.566 1.98777,
	6.52371 2.00892,
	6.50256 2.01949,
	6.48141 2.01421,
	6.43912 1.9772,
	6.41797 1.97191,
	6.40211 1.95605,
	6.40211 1.95077,
	"/>
<Contour name="d01" hidden="false" closed="true" simplified="true" border="1 0.5 0" fill="1 0.5 0" mode="-11"
 points="4.91128 2.24153,
	4.93243 2.22039,
	4.95358 2.20981,
	4.99587 2.20981,
	5.01702 2.20981,
	5.02759 2.20981,
	5.05402 2.16752,
	5.0646 2.12523,
	5.0646 2.04064,
	5.06988 2.01949,
	5.0646 1.93491,
	5.06988 1.91376,
	5.11218 1.8979,
	5.12275 1.8979,
	5.13861 1.81332,
	5.17033 1.77102,
	5.1809 1.76045,
	5.19147 1.76045,
	5.20733 1.7393,
	5.24963 1.71287,
	5.33421 1.68644,
	5.37651 1.69172,
	5.41351 1.71816,
	5.42937 1.7393,
	5.42937 1.74988,
	5.46638 1.79217,
	5.50867 1.82389,
	5.52982 1.82918,
	5.60383 1.8979,
	5.65141 1.98249,
	5.66199 2.02478,
	5.67256 2.04593,
	5.6937 2.06179,
	5.70428 2.06179,
	5.78886 2.10937,
	5.79944 2.10937,
	5.88402 2.18338,
	5.8946 2.22567,
	5.8946 2.23625,
	5.8523 2.27325,
	5.84173 2.28383,
	5.84173 2.2944,
	5.82587 2.31555,
	5.82587 2.33669,
	5.81001 2.37899,
	5.773 2.42128,
	5.75186 2.44242,
	5.70956 2.46357,
	5.66727 2.46357,
	5.64613 2.46886,
	5.60912 2.49529,
	5.58797 2.50586,
	5.56683 2.50058,
	5.52982 2.45828,
	5.49281 2.44242,
	5.45052 2.43714,
	5.36593 2.45828,
	5.32364 2.46357,
	5.28135 2.44242,
	5.11218 2.42128,
	5.02759 2.41599,
	4.9853 2.43185,
	4.943 2.45828,
	4.93243 2.46357,
	4.92186 2.45828,
	4.92186 2.43714,
	4.93243 2.41599,
	4.95358 2.39485,
	4.95886 2.3737,
	4.95886 2.36313,
	4.943 2.34198,
	4.92186 2.33141,
	4.91128 2.31026,
	4.91128 2.26797,
	4.91128 2.24682,
	"/>
<Contour name="d01" hidden="false" closed="true" simplified="true" border="1 0.5 0" fill="1 0.5 0" mode="9"
 points="5.88501 2.08673,
	5.90608 2.05722,
	5.92295 2.04879,
	5.93981 2.05722,
	5.94824 2.06144,
	6.01569 2.04036,
	6.08314 2.04036,
	6.11686 2.04458,
	6.15059 2.06565,
	6.16745 2.09938,
	6.17588 2.11624,
	6.16324 2.14997,
	6.13373 2.17948,
	6.11686 2.18369,
	6.04941 2.15418,
	5.91451 2.11624,
	5.88501 2.09095,
	"/>
<Contour name="d01" hidden="false" closed="true" simplified="true" border="1 0.5 0" fill="1 0.5 0" mode="9"
 points="4.4264 2.2933,
	4.43483 2.27643,
	4.49807 2.23428,
	4.56552 2.22585,
	4.58659 2.24271,
	4.59081 2.27643,
	4.59081 2.2933,
	4.61189 2.32702,
	4.67934 2.36075,
	4.74679 2.38183,
	4.78051 2.39869,
	4.84796 2.40712,
	4.88169 2.41977,
	4.88169 2.45349,
	4.86904 2.47035,
	4.83532 2.47457,
	4.80159 2.48722,
	4.76787 2.48722,
	4.73414 2.47457,
	4.66669 2.46614,
	4.59924 2.44506,
	4.58238 2.44084,
	4.54865 2.41555,
	4.51493 2.39869,
	4.45591 2.33545,
	4.43062 2.30173,
	4.43062 2.29751,
	"/>
<Contour name="d02" hidden="false" closed="true" simplified="true" border="0.5 0 1" fill="0.5 0 1" mode="9"
 points="4.72924 6.98126,
	4.74175 6.93121,
	4.78554 6.88742,
	4.83558 6.85614,
	4.88563 6.83738,
	4.91065 6.83112,
	4.93567 6.84989,
	4.93567 6.87491,
	4.97946 6.90619,
	5.02951 6.92496,
	5.05453 6.94372,
	5.10457 6.96249,
	5.12334 6.98751,
	5.12334 7.03756,
	5.09832 7.0876,
	5.017 7.17518,
	4.99197 7.19395,
	4.98572 7.21897,
	4.99197 7.24399,
	5.01074 7.26901,
	5.017 7.29404,
	5.01074 7.30655,
	4.9607 7.30029,
	4.87937 7.20646,
	4.86061 7.15641,
	4.82933 7.10637,
	4.78554 7.07509,
	4.74175 7.0313,
	4.72924 7.00628,
	4.72924 6.98751,
	"/>
<Contour name="d02" hidden="false" closed="true" simplified="true" border="0.5 0 1" fill="0.5 0 1" mode="9"
 points="4.21628 6.30565,
	4.4102 6.16803,
	4.46025 6.11798,
	4.51029 6.0867,
	4.59787 5.99287,
	4.64166 5.94283,
	4.66668 5.9178,
	4.6917 5.86776,
	4.6917 5.84274,
	4.6917 5.83022,
	4.70422 5.81771,
	4.8043 5.81771,
	4.82933 5.81771,
	4.87937 5.79269,
	4.90439 5.78018,
	4.98572 5.68635,
	5.03576 5.65507,
	5.08581 5.6363,
	5.13585 5.63004,
	5.16087 5.61753,
	5.26096 5.62379,
	5.30475 5.66758,
	5.32978 5.66758,
	5.3548 5.68009,
	5.36731 5.68009,
	5.39233 5.70511,
	5.41735 5.71137,
	5.4674 5.68635,
	5.49242 5.66758,
	5.54247 5.64881,
	5.55498 5.6363,
	5.65507 5.60502,
	5.70511 5.59251,
	5.73013 5.58626,
	5.77392 5.62379,
	5.77392 5.72388,
	5.76767 5.73639,
	5.74265 5.71762,
	5.6926 5.71762,
	5.66758 5.71762,
	5.56749 5.75516,
	5.52996 5.8052,
	5.51119 5.85525,
	5.45489 5.95534,
	5.44863 6.00538,
	5.44238 6.0304,
	5.42361 6.04917,
	5.32352 6.04917,
	5.27348 6.06168,
	5.17339 6.13049,
	5.14211 6.18054,
	5.05453 6.28063,
	5.03576 6.30565,
	5.03576 6.33067,
	5.03576 6.34318,
	5.06078 6.3557,
	5.06078 6.36821,
	5.04827 6.37446,
	5.02325 6.3557,
	4.97321 6.3557,
	4.92316 6.34318,
	4.82307 6.34318,
	4.77303 6.33067,
	4.72298 6.34318,
	4.69796 6.3557,
	4.59787 6.34944,
	4.54783 6.34944,
	4.49778 6.36821,
	4.44774 6.40574,
	4.42271 6.412,
	4.39769 6.43076,
	4.38518 6.43076,
	4.33513 6.46204,
	4.31011 6.47455,
	4.28509 6.47455,
	4.26632 6.44953,
	4.27258 6.39948,
	4.26632 6.38072,
	4.22253 6.33693,
	4.21628 6.31191,
	"/>
<Contour name="d02" hidden="false" closed="true" simplified="true" border="0.5 0 1" fill="0.5 0 1" mode="9"
 points="3.58446 5.98661,
	3.68455 5.94283,
	3.7346 5.91155,
	3.75962 5.89278,
	3.85971 5.87401,
	3.90975 5.87401,
	3.9598 5.8615,
	4.05989 5.8615,
	4.0724 5.8615,
	4.08491 5.87401,
	4.10993 5.88027,
	4.11619 5.89278,
	4.09742 5.9178,
	4.08491 5.92406,
	4.07865 5.9178,
	4.05363 5.94283,
	4.00359 5.96159,
	3.95354 5.96785,
	3.85345 6.00538,
	3.82843 6.00538,
	3.77839 6.02415,
	3.6783 6.0304,
	3.62825 6.03666,
	3.60323 6.0304,
	3.58446 6.00538,
	3.58446 5.99287,
	"/>
<Contour name="d02c05" hidden="false" closed="true" simplified="true" border="0 1 0" fill="0 1 0" mode="9"
 points="4.9781 7.15439,
	5.00807 7.11269,
	5.01459 7.10226,
	5.03544 7.08923,
	5.04195 7.0788,
	5.04977 7.05795,
	5.05629 7.04753,
	5.07584 7.02798,
	5.09017 7.00843,
	5.1006 7.00583,
	5.11102 7.00713,
	5.12014 7.01495,
	5.12275 7.02537,
	5.11363 7.06708,
	5.10842 7.0775,
	5.10581 7.08793,
	5.09799 7.09835,
	5.07844 7.1166,
	5.04456 7.15569,
	5.03674 7.16481,
	5.02632 7.17394,
	5.01589 7.18045,
	5.00547 7.19088,
	5.00025 7.19609,
	4.98983 7.2,
	4.98461 7.2013,
	4.98201 7.2013,
	4.9794 7.1987,
	4.98071 7.17785,
	4.9781 7.16742,
	4.9781 7.15699,
	4.9781 7.15569,
	"/>
<Contour name="d02cfa05" hidden="false" closed="false" simplified="false" border="0 1 1" fill="0 1 1" mode="9"
 points="4.98375 7.19994,
	4.99865 7.17574,
	5.02471 7.1534,
	5.05636 7.11803,
	5.08428 7.08266,
	5.10104 7.04915,
	5.10849 7.01005,
	"/>
<Contour name="d02" hidden="false" closed="true" simplified="true" border="0.5 0 1" fill="0.5 0 1" mode="9"
 points="5.37076 5.07587,
	5.38331 5.06332,
	5.39272 5.03823,
	5.40841 5.01313,
	5.41782 5.00058,
	5.42723 4.99744,
	5.43037 4.99431,
	5.43978 5.00686,
	5.44919 5.03195,
	5.44919 5.05705,
	5.44605 5.0696,
	5.42409 5.08528,
	5.3739 5.10097,
	5.37076 5.07901,
	"/>
<Contour name="d02c07a" hidden="false" closed="true" simplified="true" border="0 1 0" fill="0 1 0" mode="9"
 points="3.8147 5.88725,
	3.82671 5.87824,
	3.85074 5.87824,
	3.8988 5.86623,
	3.90481 5.86022,
	3.95287 5.85421,
	3.9769 5.85421,
	4.00093 5.86022,
	4.04899 5.86022,
	4.061 5.86322,
	4.07302 5.87223,
	4.07302 5.88425,
	4.07302 5.89026,
	4.061 5.90227,
	4.03697 5.91128,
	4.02496 5.91128,
	4.00093 5.89626,
	3.95287 5.89626,
	3.90481 5.90527,
	3.85675 5.90527,
	3.83272 5.90227,
	3.82071 5.89626,
	3.8177 5.89927,
	3.8147 5.89026,
	"/>
<Contour name="d02cfa07a" hidden="false" closed="false" simplified="false" border="0 1 1" fill="0 1 1" mode="9"
 points="4.06501 5.88201,
	4.03197 5.876,
	3.89981 5.88201,
	3.82171 5.88501,
	"/>
<Contour name="d02" hidden="false" closed="true" simplified="true" border="0.5 0 1" fill="0.5 0 1" mode="9"
 points="3.48337 6.75833,
	3.4966 6.7484,
	3.52306 6.74179,
	3.54953 6.72856,
	3.56276 6.72194,
	3.58922 6.72525,
	3.59915 6.73848,
	3.70501 6.77818,
	3.73147 6.78479,
	3.7447 6.7881,
	3.75132 6.80133,
	3.75132 6.80795,
	3.72816 6.83111,
	3.71824 6.84434,
	3.66531 6.85757,
	3.65869 6.85757,
	3.65208 6.86419,
	3.62561 6.86419,
	3.61238 6.86419,
	3.59915 6.85426,
	3.54622 6.84434,
	3.52306 6.82118,
	3.4966 6.82449,
	3.48668 6.81457,
	3.48337 6.76164,
	"/>
<Contour name="d01c46" hidden="false" closed="true" simplified="true" border="0 1 0" fill="0 1 0" mode="9"
 points="4.41519 2.26406,
	4.45822 2.23449,
	4.50124 2.21566,
	4.54426 2.21297,
	4.55502 2.21566,
	4.56308 2.22373,
	4.56308 2.23449,
	4.55771 2.24524,
	4.54695 2.25331,
	4.52544 2.256,
	4.51468 2.25869,
	4.49317 2.27751,
	4.48242 2.28289,
	4.43939 2.28558,
	4.41788 2.27751,
	4.41519 2.26675,
	"/>
<Contour name="d01cfa46" hidden="false" closed="false" simplified="false" border="0 1 1" fill="0 1 1" mode="9"
 points="4.55901 2.2201,
	4.52944 2.22279,
	4.4649 2.2443,
	4.42457 2.27119,
	"/>
<Contour name="d03" hidden="false" closed="true" simplified="true" border="0 1 0" fill="0 1 0" mode="9"
 points="2.69118 3.08539,
	2.72045 3.02294,
	2.73021 3.00733,
	2.73606 2.99952,
	2.79851 2.99367,
	2.80632 2.99367,
	2.81022 2.99367,
	2.87072 2.93317,
	2.89999 2.90195,
	2.93707 2.8395,
	2.94683 2.82388,
	2.95269 2.81608,
	2.98391 2.80242,
	2.99952 2.79656,
	3.01514 2.7868,
	3.04636 2.75948,
	3.10881 2.74387,
	3.17126 2.74582,
	3.18687 2.74777,
	3.2181 2.74192,
	3.24932 2.73216,
	3.26493 2.72436,
	3.32738 2.75558,
	3.38398 2.81608,
	3.41325 2.8473,
	3.43277 2.87853,
	3.44252 2.89414,
	3.44643 2.89999,
	3.50888 2.93122,
	3.5401 2.94683,
	3.55571 2.95659,
	3.58499 2.98781,
	3.59474 3.05026,
	3.5967 3.06588,
	3.59279 3.0971,
	3.59084 3.11271,
	3.53034 3.14589,
	3.49912 3.1615,
	3.46789 3.17321,
	3.45228 3.18102,
	3.32738 3.21029,
	3.26493 3.22785,
	3.23371 3.23566,
	3.17126 3.26688,
	3.14003 3.28055,
	3.07758 3.29225,
	3.04636 3.29616,
	3.01514 3.2864,
	2.99952 3.28055,
	2.93707 3.23761,
	2.87462 3.19077,
	2.8434 3.16931,
	2.81218 3.15174,
	2.74973 3.13418,
	2.7185 3.12247,
	2.70484 3.11271,
	2.69703 3.0971,
	2.69313 3.08929,
	2.69118 3.08734,
	"/>
<Contour name="d03" hidden="false" closed="true" simplified="true" border="0 1 0" fill="0 1 0" mode="9"
 points="2.94051 2.47028,
	2.94685 2.38916,
	2.94938 2.3486,
	2.95065 2.32832,
	2.95065 2.31818,
	2.95065 2.31312,
	2.99121 2.27256,
	3.01149 2.25481,
	3.02163 2.24594,
	3.0267 2.24214,
	3.03177 2.24087,
	3.05204 2.2434,
	3.06218 2.24467,
	3.06725 2.24467,
	3.10781 2.27509,
	3.12809 2.2903,
	3.13823 2.29917,
	3.15344 2.31945,
	3.16231 2.32959,
	3.16865 2.33973,
	3.15091 2.42085,
	3.15091 2.42338,
	3.06979 2.48169,
	3.04951 2.4969,
	3.04444 2.5007,
	3.00388 2.50704,
	2.9836 2.51084,
	2.97346 2.5045,
	2.95318 2.48802,
	2.94304 2.48042,
	2.94051 2.47788,
	2.94051 2.47282,
	2.94051 2.47155,
	"/>
<Contour name="D09" hidden="false" closed="true" simplified="true" border="0 1 0" fill="0 1 0" mode="11"
 points="3.54162 1.85986,
	3.55155 1.8104,
	3.58034 1.76579,
	3.62518 1.73039,
	3.68169 1.70765,
	3.74434 1.69982,
	3.80698 1.70765,
	3.86349 1.73039,
	3.90833 1.76579,
	3.93713 1.8104,
	3.94705 1.85986,
	3.93713 1.90931,
	3.90833 1.95392,
	3.86349 1.98933,
	3.80698 2.01206,
	3.74434 2.01989,
	3.68169 2.01206,
	3.62518 1.98933,
	3.58034 1.95392,
	"/>
<Contour name="d01p46" hidden="false" closed="true" simplified="true" border="1 0 0.5" fill="1 0 0.5" mode="-13"
 points="5.06901 2.32433,
	5.07128 2.31195,
	5.07786 2.30079,
	5.08812 2.29193,
	5.10105 2.28624,
	5.11538 2.28428,
	5.12971 2.28624,
	5.14264 2.29193,
	5.1529 2.30079,
	5.15948 2.31195,
	5.16175 2.32433,
	5.15948 2.3367,
	5.1529 2.34787,
	5.14264 2.35673,
	5.12971 2.36241,
	5.11538 2.36437,
	5.10105 2.36241,
	5.08812 2.35673,
	5.07786 2.34787,
	"/>
<Contour name="d06" hidden="false" closed="true" simplified="true" border="0 0 1" fill="0 0 1" mode="9"
 points="1.68318 7.46004,
	1.69432 7.43774,
	1.71104 7.41545,
	1.73612 7.39037,
	1.73334 7.34578,
	1.73334 7.32349,
	1.72776 7.31234,
	1.73055 7.26775,
	1.73612 7.25661,
	1.73612 7.25103,
	1.76399 7.20923,
	1.77792 7.18694,
	1.81973 7.14792,
	1.83087 7.13678,
	1.84759 7.12284,
	1.87267 7.07826,
	1.89497 7.06711,
	1.91726 7.0476,
	1.93119 7.02531,
	1.93955 7.01695,
	1.9507 7.01695,
	1.97299 7.03646,
	1.98693 7.05875,
	1.98693 7.06432,
	2.03152 7.06711,
	2.05381 7.06711,
	2.06496 7.0699,
	2.06774 7.15907,
	2.06496 7.24825,
	2.06496 7.25939,
	2.0761 7.26775,
	2.0984 7.27611,
	2.10954 7.28169,
	2.11512 7.29283,
	2.11512 7.33742,
	2.11512 7.34857,
	2.11512 7.35414,
	2.10676 7.36529,
	2.10954 7.38758,
	2.12626 7.40988,
	2.13462 7.41824,
	2.15692 7.42102,
	2.16806 7.42381,
	2.18478 7.44332,
	2.19593 7.45168,
	2.20987 7.47397,
	2.21265 7.51856,
	2.21544 7.54085,
	2.23216 7.55757,
	2.24331 7.56593,
	2.24609 7.57708,
	2.24331 7.59937,
	2.23495 7.62167,
	2.21544 7.64396,
	2.20708 7.65511,
	2.20429 7.69969,
	2.21823 7.7192,
	2.26281 7.7192,
	2.28511 7.7192,
	2.30461 7.73313,
	2.31576 7.73871,
	2.32412 7.74985,
	2.32133 7.79444,
	2.31297 7.81674,
	2.3074 7.82788,
	2.28789 7.84739,
	2.24331 7.87526,
	2.2238 7.88919,
	2.17921 7.89476,
	2.13462 7.89198,
	2.09004 7.86411,
	2.08446 7.86411,
	2.06496 7.85018,
	2.04545 7.83067,
	2.0343 7.81952,
	1.9925 7.79723,
	1.95349 7.761,
	1.9089 7.73035,
	1.88661 7.72199,
	1.87546 7.7192,
	1.86989 7.71363,
	1.86431 7.71363,
	1.84202 7.69969,
	1.83087 7.69412,
	1.81973 7.69412,
	1.79743 7.6774,
	1.79186 7.6774,
	1.76956 7.65511,
	1.73891 7.61331,
	1.71662 7.59659,
	1.68875 7.552,
	1.68596 7.5297,
	1.68596 7.52413,
	1.70547 7.50741,
	1.70826 7.50184,
	1.68596 7.48233,
	1.68318 7.46282,
	"/>
<Contour name="d06" hidden="false" closed="true" simplified="true" border="0 0 1" fill="0 0 1" mode="9"
 points="2.25445 8.3908,
	2.27117 8.34621,
	2.29347 8.32392,
	2.29904 8.31834,
	2.38821 8.31834,
	2.39379 8.31834,
	2.41608 8.30441,
	2.43838 8.3072,
	2.46067 8.31556,
	2.48296 8.33785,
	2.49132 8.349,
	2.49132 8.39359,
	2.49132 8.41588,
	2.47739 8.46047,
	2.47182 8.48276,
	2.47182 8.50505,
	2.47182 8.5162,
	2.45231 8.53571,
	2.43002 8.54964,
	2.41887 8.558,
	2.39658 8.558,
	2.38543 8.56079,
	2.37149 8.5803,
	2.36035 8.58866,
	2.33805 8.58866,
	2.32691 8.58308,
	2.31855 8.57194,
	2.31576 8.52735,
	2.31019 8.50505,
	2.30183 8.49391,
	2.29904 8.48276,
	2.28511 8.46325,
	2.2656 8.44096,
	2.25445 8.41867,
	2.25445 8.39637,
	2.25445 8.39359,
	"/>
<Contour name="d06" hidden="false" closed="true" simplified="true" border="0 0 1" fill="0 0 1" mode="9"
 points="1.20665 7.92542,
	1.21501 7.88083,
	1.22615 7.85854,
	1.22894 7.83624,
	1.22615 7.81395,
	1.21779 7.8028,
	1.21501 7.78051,
	1.2373 7.761,
	1.24845 7.75264,
	1.27074 7.74707,
	1.35992 7.74707,
	1.38221 7.74707,
	1.38778 7.74707,
	1.40729 7.76936,
	1.41565 7.77772,
	1.4268 7.77772,
	1.43516 7.78608,
	1.44352 7.80838,
	1.44352 7.85296,
	1.42958 7.87526,
	1.42401 7.89755,
	1.42401 7.98673,
	1.42122 7.99787,
	1.42122 8.00345,
	1.40729 8.02574,
	1.40172 8.03689,
	1.39057 8.04803,
	1.385 8.05918,
	1.3627 8.07869,
	1.35156 8.08705,
	1.32926 8.08983,
	1.31812 8.08983,
	1.31254 8.08983,
	1.29304 8.06754,
	1.28468 8.04525,
	1.27632 8.0341,
	1.25402 8.02853,
	1.21222 7.98673,
	1.20665 7.98115,
	1.20665 7.93656,
	1.20665 7.9282,
	"/>
<Contour name="d03" hidden="false" closed="true" simplified="true" border="0 1 0" fill="0 1 0" mode="9"
 points="4.08263 2.31622,
	4.2698 2.30452,
	4.36338 2.29867,
	4.41018 2.30452,
	4.45697 2.33962,
	4.48036 2.36301,
	4.52716 2.38641,
	4.57395 2.4215,
	4.58565 2.4449,
	4.57395 2.53848,
	4.57395 2.56188,
	4.56225 2.58528,
	4.51546 2.59112,
	4.42187 2.57358,
	4.32829 2.57358,
	4.30489 2.57358,
	4.2815 2.56188,
	4.2581 2.53848,
	4.24055 2.4449,
	4.19376 2.40396,
	4.14697 2.39226,
	4.12357 2.39226,
	4.08263 2.35131,
	4.08263 2.32792,
	4.08263 2.32207,
	"/>
<Contour name="d06c07" hidden="false" closed="true" simplified="true" border="0 1 0" fill="0 1 0" mode="9"
 points="2.22685 8.40315,
	2.23492 8.39508,
	2.2672 8.39911,
	2.28333 8.39911,
	2.32367 8.45963,
	2.33578 8.4919,
	2.33578 8.55645,
	2.33578 8.57258,
	2.31561 8.60082,
	2.28333 8.60082,
	2.26316 8.56855,
	2.23492 8.53627,
	2.22685 8.47173,
	2.22685 8.40718,
	"/>
<Contour name="d06cfa07" hidden="false" closed="false" simplified="false" border="0 1 1" fill="0 1 1" mode="9"
 points="2.31266 8.59529,
	2.31266 8.53075,
	2.27635 8.47023,
	2.24812 8.39762,
	"/>
<Contour name="d06c08" hidden="false" closed="true" simplified="true" border="0 1 0" fill="0 1 0" mode="9"
 points="1.18604 7.99166,
	1.21832 7.98763,
	1.23445 7.9957,
	1.24252 7.9957,
	1.27479 8.0199,
	1.28286 8.02797,
	1.299 8.032,
	1.30707 8.04007,
	1.31513 8.04007,
	1.31917 8.10462,
	1.31513 8.12076,
	1.30707 8.12882,
	1.27479 8.12882,
	1.25866 8.12479,
	1.19814 8.06428,
	1.18604 8.04814,
	1.18604 8.01587,
	1.18604 7.99973,
	1.18604 7.9957,
	"/>
<Contour name="d06cfa08" hidden="false" closed="false" simplified="false" border="0 1 1" fill="0 1 1" mode="9"
 points="1.31219 8.10313,
	1.24765 8.03858,
	1.19117 7.99017,
	"/>
<Contour name="d07" hidden="false" closed="true" simplified="true" border="1 0 1" fill="1 0 1" mode="9"
 points="2.80881 7.14139,
	2.84743 7.08521,
	2.86147 7.07117,
	2.91765 7.04659,
	2.97382 7.02904,
	3.08617 6.96584,
	3.10724 6.93775,
	3.11075 6.93073,
	3.1248 6.94126,
	3.13182 6.94828,
	3.12831 6.95179,
	3.13884 6.96584,
	3.16693 6.97637,
	3.17395 6.98339,
	3.17044 7.03957,
	3.17395 7.05361,
	3.18799 7.06766,
	3.20204 7.09574,
	3.21959 7.15192,
	3.24417 7.1765,
	3.27928 7.23267,
	3.27928 7.28885,
	3.27928 7.31694,
	3.27928 7.33098,
	3.2863 7.34503,
	3.31439 7.36609,
	3.32843 7.37663,
	3.32843 7.4328,
	3.33897 7.46089,
	3.36003 7.48898,
	3.38461 7.50653,
	3.39163 7.51355,
	3.39865 7.51355,
	3.4127 7.52409,
	3.41972 7.53813,
	3.41621 7.59431,
	3.41621 7.60835,
	3.40919 7.6224,
	3.30737 7.72421,
	3.27928 7.74177,
	3.26524 7.75581,
	3.26173 7.76986,
	3.25119 7.7839,
	3.24417 7.79092,
	3.24417 7.79795,
	3.23013 7.80848,
	3.21608 7.81199,
	3.20204 7.82603,
	3.18799 7.83306,
	3.17746 7.8471,
	3.17395 7.86114,
	3.14937 7.88572,
	3.14235 7.89274,
	3.11426 7.89977,
	3.10022 7.90328,
	3.08969 7.88923,
	3.08969 7.77688,
	3.08617 7.74879,
	3.08266 7.73475,
	3.07213 7.7207,
	3.06862 7.70666,
	3.06862 7.69964,
	3.0616 7.69262,
	3.0616 7.68559,
	3.03702 7.65751,
	3.03702 7.65048,
	3.03 7.64346,
	3.03 7.53111,
	3.01595 7.50302,
	2.99138 7.47844,
	2.9352 7.44685,
	2.90711 7.43631,
	2.89307 7.4328,
	2.8404 7.38014,
	2.82987 7.32396,
	2.82987 7.26778,
	2.82987 7.2397,
	2.82987 7.22565,
	2.81583 7.19756,
	2.80881 7.1449,
	"/>
<Contour name="d08" hidden="false" closed="true" simplified="true" border="1 0 0" fill="1 0 0" mode="9"
 points="5.43673 4.93804,
	5.45303 4.88589,
	5.46281 4.85981,
	5.46281 4.83374,
	5.45629 4.80766,
	5.45629 4.79463,
	5.46933 4.76855,
	5.47585 4.74247,
	5.49214 4.7164,
	5.50518 4.7164,
	5.51496 4.72944,
	5.51496 4.73596,
	5.56059 4.78485,
	5.57363 4.78485,
	5.57689 4.79137,
	5.57037 4.81744,
	5.56385 4.8207,
	5.56385 4.87285,
	5.55733 4.88589,
	5.55407 4.91196,
	5.54429 4.93804,
	5.54104 4.96412,
	5.54104 4.97715,
	5.51822 4.99997,
	5.50518 5.01301,
	5.49866 5.02604,
	5.47259 5.0456,
	5.45955 5.0456,
	5.45303 5.03908,
	5.44977 5.02604,
	5.44977 5.01953,
	5.44325 5.01301,
	5.43673 4.98693,
	5.43673 4.96086,
	5.43673 4.94782,
	5.43673 4.9413,
	"/>
<Contour name="d08" hidden="false" closed="true" simplified="true" border="1 0 0" fill="1 0 0" mode="9"
 points="5.03908 4.25682,
	5.05864 4.23074,
	5.11079 4.19815,
	5.13687 4.17859,
	5.15968 4.15252,
	5.1662 4.13948,
	5.17924 4.12644,
	5.23139 4.10363,
	5.25746 4.09711,
	5.28354 4.08407,
	5.29658 4.07429,
	5.34873 4.06125,
	5.3748 4.04822,
	5.40088 4.04496,
	5.45303 4.02214,
	5.46607 4.02214,
	5.49214 4.01236,
	5.54429 4.0091,
	5.6486 3.97977,
	5.67467 3.96999,
	5.72682 3.96999,
	5.7529 3.96999,
	5.76594 3.96999,
	5.77245 3.96999,
	5.78223 3.98303,
	5.77897 4.08733,
	5.75942 4.11014,
	5.75942 4.11666,
	5.74964 4.1297,
	5.74312 4.18185,
	5.72682 4.20793,
	5.71704 4.21771,
	5.71378 4.23074,
	5.70075 4.24378,
	5.68771 4.2503,
	5.68119 4.25682,
	5.65512 4.26008,
	5.62904 4.28289,
	5.61926 4.30897,
	5.59319 4.32527,
	5.58341 4.3383,
	5.57689 4.34482,
	5.56385 4.34482,
	5.56059 4.3546,
	5.54104 4.38068,
	5.528 4.40675,
	5.50844 4.43283,
	5.50844 4.43935,
	5.49866 4.45238,
	5.48888 4.47846,
	5.45303 4.52735,
	5.42695 4.54365,
	5.41392 4.55343,
	5.36177 4.55669,
	5.33569 4.55017,
	5.32265 4.54365,
	5.30962 4.53061,
	5.28354 4.52083,
	5.25746 4.50454,
	5.15316 4.50128,
	5.14012 4.49802,
	5.13361 4.49802,
	5.10753 4.47194,
	5.09449 4.4589,
	5.06842 4.44913,
	5.05538 4.43609,
	5.04886 4.42305,
	5.04886 4.3709,
	5.05212 4.34482,
	5.04886 4.31875,
	5.03908 4.29267,
	5.03908 4.2666,
	5.03908 4.26008,
	"/>
<Contour name="d08" hidden="false" closed="true" simplified="true" border="1 0 0" fill="1 0 0" mode="9"
 points="4.90888 3.6811,
	4.91555 3.66331,
	4.92 3.65441,
	4.95559 3.62772,
	4.98895 3.6077,
	5.02454 3.59436,
	5.09571 3.59213,
	5.10461 3.59213,
	5.10906 3.58991,
	5.12685 3.60548,
	5.13797 3.62327,
	5.14465 3.65886,
	5.14465 3.73004,
	5.13797 3.74783,
	5.12018 3.7634,
	5.11351 3.7723,
	5.10461 3.77674,
	5.09794 3.79454,
	5.09571 3.83013,
	5.08014 3.86571,
	5.07792 3.88351,
	5.0668 3.9013,
	5.03121 3.91242,
	4.96003 3.91242,
	4.94224 3.9102,
	4.93334 3.90575,
	4.92445 3.89685,
	4.92222 3.87906,
	4.91555 3.86126,
	4.92 3.79009,
	4.91777 3.7545,
	4.91333 3.73671,
	4.90888 3.72781,
	4.90888 3.69222,
	4.90888 3.68333,
	"/>
<Contour name="D19" hidden="false" closed="true" simplified="true" border="0 1 0" fill="0 1 0" mode="11"
 points="2.28242 7.17991,
	2.28337 7.15667,
	2.28623 7.13359,
	2.29097 7.11083,
	2.29757 7.08854,
	2.30597 7.06687,
	2.31611 7.04598,
	2.32794 7.026,
	2.34137 7.00707,
	2.3563 6.98932,
	2.37264 6.97287,
	2.39027 6.95784,
	2.40908 6.94433,
	2.42893 6.93242,
	2.44969 6.9222,
	2.47121 6.91375,
	2.49336 6.90711,
	2.51597 6.90234,
	2.5389 6.89946,
	2.56199 6.8985,
	2.58507 6.89946,
	2.608 6.90234,
	2.63062 6.90711,
	2.65276 6.91375,
	2.67429 6.9222,
	2.69505 6.93242,
	2.7149 6.94433,
	2.7337 6.95784,
	2.75134 6.97287,
	2.76767 6.98932,
	2.78261 7.00707,
	2.79603 7.026,
	2.80786 7.04598,
	2.81801 7.06687,
	2.82641 7.08854,
	2.833 7.11083,
	2.83774 7.13359,
	2.8406 7.15667,
	2.84156 7.17991,
	2.8406 7.20315,
	2.83774 7.22623,
	2.833 7.24899,
	2.82641 7.27129,
	2.81801 7.29295,
	2.80786 7.31385,
	2.79603 7.33383,
	2.78261 7.35276,
	2.76767 7.3705,
	2.75134 7.38695,
	2.7337 7.40198,
	2.7149 7.4155,
	2.69505 7.4274,
	2.67429 7.43762,
	2.65276 7.44607,
	2.63062 7.45271,
	2.608 7.45748,
	2.58507 7.46036,
	2.56199 7.46132,
	2.5389 7.46036,
	2.51597 7.45748,
	2.49336 7.45271,
	2.47121 7.44607,
	2.44969 7.43762,
	2.42893 7.4274,
	2.40908 7.4155,
	2.39027 7.40198,
	2.37264 7.38695,
	2.3563 7.3705,
	2.34137 7.35276,
	2.32794 7.33383,
	2.31611 7.31385,
	2.30597 7.29295,
	2.29757 7.27129,
	2.29097 7.24899,
	2.28623 7.22623,
	2.28337 7.20315,
	"/>
<Contour name="d08ax17" hidden="false" closed="true" simplified="true" border="0 0 1" fill="0 0 1" mode="-11"
 points="3.07109 4.82524,
	3.08434 4.80669,
	3.08964 4.80139,
	3.09759 4.759,
	3.09759 4.7166,
	3.10024 4.706,
	3.11879 4.68745,
	3.16118 4.66096,
	3.20358 4.64241,
	3.22478 4.63446,
	3.23538 4.62916,
	3.25657 4.62651,
	3.27777 4.61856,
	3.32017 4.61061,
	3.34137 4.61061,
	3.36257 4.61591,
	3.44736 4.60266,
	3.45266 4.60266,
	3.45796 4.60796,
	3.50035 4.61591,
	3.51095 4.61856,
	3.52155 4.62916,
	3.5295 4.65036,
	3.5242 4.69275,
	3.51625 4.70335,
	3.4977 4.7431,
	3.47121 4.78285,
	3.46591 4.7908,
	3.44471 4.80669,
	3.43411 4.80934,
	3.41291 4.82259,
	3.33077 4.85439,
	3.28837 4.86764,
	3.24598 4.87029,
	3.20358 4.86499,
	3.16118 4.87294,
	3.11879 4.87559,
	3.09759 4.87029,
	3.09229 4.87029,
	3.07639 4.85174,
	3.07109 4.84114,
	3.07109 4.83054,
	3.07109 4.82789,
	"/>
<Contour name="d07p08" hidden="false" closed="true" simplified="false" border="1 0 0" fill="1 0 0" mode="-9"
 points="3.34788 7.53791,
	3.33299 7.53791,
	3.33299 7.54536,
	3.34043 7.5528,
	3.36277 7.56025,
	3.34788 7.56769,
	3.34043 7.58258,
	3.32554 7.56769,
	3.3181 7.5528,
	3.3181 7.53791,
	3.30321 7.53791,
	3.32554 7.52302,
	"/>
<Contour name="d03" hidden="false" closed="true" simplified="true" border="0 1 0" fill="0 1 0" mode="9"
 points="3.40326 3.35061,
	3.40853 3.32253,
	3.41028 3.31551,
	3.43837 3.29093,
	3.46645 3.27163,
	3.48049 3.26285,
	3.484 3.2611,
	3.54017 3.27689,
	3.56825 3.28216,
	3.58229 3.29093,
	3.63846 3.28216,
	3.66654 3.2804,
	3.68058 3.2804,
	3.70866 3.28567,
	3.7227 3.28918,
	3.72972 3.28918,
	3.74377 3.29444,
	3.75781 3.30497,
	3.76658 3.31902,
	3.76834 3.33306,
	3.76658 3.3471,
	3.75254 3.37343,
	3.69638 3.39449,
	3.66829 3.39975,
	3.64021 3.39624,
	3.62617 3.39449,
	3.61915 3.39449,
	3.59107 3.38571,
	3.57703 3.3822,
	3.56298 3.37518,
	3.50682 3.36641,
	3.45065 3.38045,
	3.42257 3.37694,
	3.41555 3.37518,
	3.41204 3.37518,
	3.40502 3.36114,
	3.40326 3.35412,
	3.40326 3.35236,
	"/>
</Transform>

<Transform dim="0"
 xcoef=" 0 1 0 0 0 0"
 ycoef=" 0 0 1 0 0 0">
<Contour name="ax05" comment="LK bouton trace named after cfa" hidden="false" closed="true" simplified="true" border="0 1 1" fill="0.502 1 1" mode="9"
 points="2.28656 1.96199,
	2.29451 1.95139,
	2.3051 1.94344,
	2.31438 1.93284,
	2.31703 1.92754,
	2.32233 1.92225,
	2.3316 1.90105,
	2.3316 1.8984,
	2.33557 1.8931,
	2.3369 1.8878,
	2.34485 1.8772,
	2.3475 1.8719,
	2.3475 1.86661,
	2.3475 1.86396,
	2.36737 1.84276,
	2.37399 1.83216,
	2.39519 1.81229,
	2.41639 1.80169,
	2.45878 1.79242,
	2.54356 1.75267,
	2.58596 1.74605,
	2.62835 1.74605,
	2.64955 1.7487,
	2.6522 1.7487,
	2.66147 1.7593,
	2.66544 1.7646,
	2.68664 1.77122,
	2.70784 1.77255,
	2.72903 1.76592,
	2.73433 1.76327,
	2.75553 1.76592,
	2.77672 1.78049,
	2.78732 1.78182,
	2.7913 1.78314,
	2.79395 1.78182,
	2.80454 1.78712,
	2.82574 1.80567,
	2.83501 1.81626,
	2.86018 1.85866,
	2.88006 1.90105,
	2.88668 1.98583,
	2.8933 2.02823,
	2.89065 2.07062,
	2.88138 2.11301,
	2.87873 2.13421,
	2.88006 2.15541,
	2.87873 2.1766,
	2.88536 2.1978,
	2.89463 2.21899,
	2.8986 2.22959,
	2.90125 2.23489,
	2.90258 2.25609,
	2.89993 2.26669,
	2.8933 2.27728,
	2.888 2.28258,
	2.87741 2.28523,
	2.85621 2.28656,
	2.83501 2.29053,
	2.82442 2.29583,
	2.80322 2.31703,
	2.79262 2.32763,
	2.78202 2.33293,
	2.77142 2.33557,
	2.76083 2.32895,
	2.74096 2.3104,
	2.73566 2.3051,
	2.69326 2.27728,
	2.60848 2.23622,
	2.56609 2.22032,
	2.54489 2.2084,
	2.5025 2.16998,
	2.4601 2.14481,
	2.43891 2.13156,
	2.42831 2.12361,
	2.42168 2.11301,
	2.42036 2.10771,
	2.41109 2.09712,
	2.40579 2.09447,
	2.38459 2.09182,
	2.37399 2.09049,
	2.36869 2.08784,
	2.3475 2.07062,
	2.3422 2.06797,
	2.33028 2.04677,
	2.32365 2.03618,
	2.30378 2.01498,
	2.29451 2.00438,
	2.28921 1.99378,
	2.28656 1.97259,
	2.28656 1.96331,
	"/>
</Transform>

<Transform dim="0"
 xcoef=" 0 1 0 0 0 0"
 ycoef=" 0 0 1 0 0 0">
<Contour name="ax06" comment="LK bouton trace named after cfa" hidden="false" closed="true" simplified="true" border="0 1 1" fill="0.502 1 1" mode="9"
 points="4.07415 3.0221,
	4.08709 2.99252,
	4.09264 2.97772,
	4.09541 2.96293,
	4.10281 2.94814,
	4.11297 2.93335,
	4.11852 2.92595,
	4.1213 2.92226,
	4.12222 2.91856,
	4.12684 2.91116,
	4.12962 2.89637,
	4.13054 2.89267,
	4.13331 2.88897,
	4.13331 2.88713,
	4.13701 2.88343,
	4.1518 2.87326,
	4.1592 2.86679,
	4.18878 2.85015,
	4.20357 2.84645,
	4.21097 2.84368,
	4.21467 2.84183,
	4.22206 2.84183,
	4.22946 2.8446,
	4.23501 2.852,
	4.2387 2.85939,
	4.25349 2.87048,
	4.25627 2.87326,
	4.26089 2.90284,
	4.27476 2.93242,
	4.27846 2.93982,
	4.2803 2.94352,
	4.28215 2.95831,
	4.28308 2.96201,
	4.28215 2.9694,
	4.27753 2.9768,
	4.27106 2.98419,
	4.26274 2.99899,
	4.25257 3.01378,
	4.24055 3.02857,
	4.23316 3.03504,
	4.22576 3.03874,
	4.21097 3.05076,
	4.19618 3.06093,
	4.18139 3.06647,
	4.17399 3.0674,
	4.17029 3.06925,
	4.11113 3.07017,
	4.10373 3.0711,
	4.10003 3.07017,
	4.08524 3.05815,
	4.07969 3.05076,
	4.076 3.04336,
	4.07415 3.02857,
	4.07415 3.02487,
	4.07415 3.02302,
	"/>
</Transform>

<Transform dim="0"
 xcoef=" 0 1 0 0 0 0"
 ycoef=" 0 0 1 0 0 0">
<Contour name="ax06" comment="LK bouton trace named after cfa" hidden="false" closed="true" simplified="true" border="0 1 1" fill="0.502 1 1" mode="9"
 points="4.67069 2.09512,
	4.6812 2.07411,
	4.7022 2.05311,
	4.7127 2.04392,
	4.71926 2.03342,
	4.72845 2.02292,
	4.74946 2.0111,
	4.75996 2.00716,
	4.80197 2.0006,
	4.81247 1.99929,
	4.82953 1.9796,
	4.84397 1.95859,
	4.84791 1.94809,
	4.84922 1.94284,
	4.86629 1.92184,
	4.88729 1.90346,
	4.89648 1.89296,
	4.90305 1.88245,
	4.90436 1.8772,
	4.9083 1.87195,
	4.90961 1.8667,
	4.91617 1.8562,
	4.92011 1.8457,
	4.92143 1.84045,
	4.93455 1.81944,
	4.9398 1.81419,
	4.95162 1.79319,
	4.95687 1.78269,
	4.95818 1.77744,
	4.96737 1.76693,
	4.98837 1.75249,
	4.99888 1.74724,
	5.00938 1.73937,
	5.02382 1.71968,
	5.03301 1.70917,
	5.07501 1.68555,
	5.08552 1.66454,
	5.09339 1.65404,
	5.10389 1.64354,
	5.10915 1.63829,
	5.11833 1.61728,
	5.13015 1.59628,
	5.1354 1.58578,
	5.17609 1.54377,
	5.18528 1.53327,
	5.19579 1.52933,
	5.21679 1.52802,
	5.23779 1.53196,
	5.2588 1.53196,
	5.2693 1.53327,
	5.27455 1.53327,
	5.28505 1.53852,
	5.29555 1.54902,
	5.30606 1.55427,
	5.30999 1.5569,
	5.30737 1.5779,
	5.30737 1.59891,
	5.30474 1.60941,
	5.30474 1.61466,
	5.29949 1.62516,
	5.28243 1.64616,
	5.28111 1.65141,
	5.27717 1.65667,
	5.26799 1.67767,
	5.26273 1.68817,
	5.24304 1.70917,
	5.24042 1.70917,
	5.23517 1.71311,
	5.21416 1.71968,
	5.20891 1.72099,
	5.18791 1.73805,
	5.11046 1.82076,
	5.08945 1.84045,
	5.08552 1.8457,
	5.08027 1.8667,
	5.06057 1.90871,
	5.04613 1.92971,
	5.02776 1.95072,
	5.00675 1.97172,
	4.94637 2.05574,
	4.9293 2.07674,
	4.9083 2.0938,
	4.88729 2.10562,
	4.84529 2.11743,
	4.82428 2.12531,
	4.80328 2.13581,
	4.79278 2.13975,
	4.77177 2.14238,
	4.76127 2.14106,
	4.75602 2.14106,
	4.7534 2.13975,
	4.73239 2.14763,
	4.69038 2.15025,
	4.67988 2.14894,
	4.67069 2.12794,
	4.67069 2.10693,
	4.67069 2.09643,
	"/>
</Transform>

<Transform dim="6"
 xcoef=" 0.292824622823652 1.02093517089716 0.0169070662881824 0 0 0"
 ycoef=" -0.324297136671657 0.0342829457524877 1.00139160722455 0 0 0">
<Image mag="0.00217507" contrast="0.917" brightness="0.12" red="true" green="true" blue="true"
 src="FHLTD.68.jpg" />
<Contour name="domain1" hidden="false" closed="true" simplified="false" border="1 0 1" fill="1 0 1" mode="11"
 points="0 0,
	4096 0,
	4096 4096,
	0 4096,
	"/>
</Transform>

<Transform dim="0"
 xcoef=" 0 1 0 0 0 0"
 ycoef=" 0 0 1 0 0 0">
<Contour name="ax25" comment="LK bouton trace named after cfa" hidden="false" closed="true" simplified="true" border="0 1 1" fill="0.502 1 1" mode="9"
 points="3.8744 4.27422,
	3.87695 4.26912,
	3.8795 4.22833,
	3.8795 4.20793,
	3.88332 4.19773,
	3.89097 4.18881,
	3.93177 4.16586,
	3.95217 4.15438,
	3.97129 4.13398,
	3.98021 4.12379,
	3.99041 4.11614,
	3.99551 4.11231,
	4.00061 4.11104,
	4.00571 4.10594,
	4.01719 4.08554,
	4.03121 4.06514,
	4.05033 4.04474,
	4.05161 4.04474,
	4.07201 4.03837,
	4.0924 4.03709,
	4.1026 4.03837,
	4.123 4.04602,
	4.12555 4.04602,
	4.14595 4.06132,
	4.1485 4.06514,
	4.15232 4.07407,
	4.15232 4.09446,
	4.17145 4.13526,
	4.17782 4.14546,
	4.21479 4.18498,
	4.22499 4.1939,
	4.24539 4.20793,
	4.28619 4.2296,
	4.29639 4.23598,
	4.33718 4.25128,
	4.37798 4.26912,
	4.39838 4.28187,
	4.41878 4.29717,
	4.42643 4.30737,
	4.4277 4.31757,
	4.42643 4.32777,
	4.41878 4.34817,
	4.41368 4.35837,
	4.3971 4.37876,
	4.38945 4.38896,
	4.34993 4.42849,
	4.30914 4.45908,
	4.26834 4.48203,
	4.22754 4.49988,
	4.20715 4.5088,
	4.19695 4.51135,
	4.15615 4.51263,
	4.11535 4.5088,
	4.09495 4.50243,
	4.08476 4.49988,
	4.06436 4.48968,
	4.05416 4.48458,
	4.04396 4.48203,
	4.00316 4.48586,
	3.98276 4.48586,
	3.94197 4.47821,
	3.92157 4.47056,
	3.91647 4.46801,
	3.89735 4.44888,
	3.89097 4.43868,
	3.88715 4.41829,
	3.89097 4.37749,
	3.89352 4.35709,
	3.89352 4.34689,
	3.89352 4.34179,
	3.88715 4.32139,
	3.8795 4.3112,
	3.87567 4.301,
	3.8744 4.2806,
	3.8744 4.2755,
	"/>
</Transform>

<Transform dim="0"
 xcoef=" 0 1 0 0 0 0"
 ycoef=" 0 0 1 0 0 0">
<Contour name="ax25" comment="LK bouton trace named after cfa" hidden="false" closed="true" simplified="true" border="0 1 1" fill="0.502 1 1" mode="9"
 points="4.5275 4.55204,
	4.52875 4.547,
	4.53001 4.54449,
	4.53505 4.54008,
	4.54511 4.53693,
	4.55518 4.5363,
	4.56525 4.53442,
	4.58539 4.53442,
	4.59545 4.53505,
	4.61559 4.53882,
	4.62566 4.53945,
	4.63573 4.54134,
	4.65586 4.54134,
	4.69614 4.53882,
	4.71627 4.53505,
	4.72131 4.53379,
	4.76158 4.53253,
	4.77165 4.53379,
	4.77668 4.53505,
	4.77794 4.53505,
	4.78046 4.53693,
	4.78549 4.53882,
	4.79556 4.54511,
	4.80563 4.55015,
	4.81569 4.55833,
	4.82639 4.57847,
	4.82828 4.5835,
	4.82891 4.58602,
	4.82891 4.58727,
	4.8352 4.59734,
	4.83646 4.59986,
	4.83646 4.60112,
	4.83961 4.60615,
	4.84149 4.61119,
	4.84338 4.6137,
	4.84401 4.61622,
	4.84716 4.62125,
	4.85093 4.63132,
	4.85282 4.63636,
	4.85345 4.64642,
	4.85156 4.66656,
	4.84779 4.67663,
	4.84464 4.68166,
	4.83961 4.68544,
	4.82954 4.68796,
	4.81947 4.68796,
	4.79933 4.68292,
	4.79808 4.68166,
	4.78801 4.67915,
	4.77794 4.67411,
	4.77291 4.67097,
	4.76284 4.66782,
	4.75277 4.66341,
	4.7427 4.66153,
	4.72256 4.65964,
	4.71753 4.65712,
	4.71627 4.65586,
	4.676 4.65586,
	4.66593 4.65461,
	4.6609 4.65209,
	4.65083 4.64957,
	4.63069 4.64013,
	4.62566 4.63699,
	4.60552 4.61874,
	4.60049 4.61496,
	4.59923 4.6137,
	4.59671 4.61307,
	4.59168 4.6093,
	4.58665 4.60678,
	4.57658 4.59923,
	4.55644 4.58727,
	4.54637 4.58035,
	4.54134 4.57658,
	4.5319 4.56651,
	4.52875 4.56148,
	4.5275 4.55644,
	4.5275 4.55392,
	4.5275 4.55267,
	"/>
</Transform>

<Transform dim="0"
 xcoef=" 0 1 0 0 0 0"
 ycoef=" 0 0 1 0 0 0">
<Contour name="ax28" comment="LK bouton trace named after cfa" hidden="false" closed="true" simplified="true" border="0 1 1" fill="0.502 1 1" mode="9"
 points="5.61786 2.89607,
	5.62697 2.87784,
	5.63039 2.86873,
	5.6321 2.86418,
	5.63324 2.85506,
	5.63324 2.85051,
	5.63381 2.84823,
	5.63267 2.84367,
	5.6321 2.82545,
	5.6321 2.82317,
	5.63381 2.81861,
	5.63495 2.81633,
	5.63609 2.8152,
	5.63666 2.81292,
	5.64919 2.79469,
	5.66456 2.77647,
	5.66912 2.77191,
	5.67595 2.7628,
	5.67994 2.75824,
	5.68564 2.74913,
	5.69304 2.74002,
	5.69873 2.7309,
	5.70671 2.72179,
	5.71126 2.71781,
	5.71354 2.71667,
	5.74999 2.71325,
	5.7591 2.71439,
	5.76822 2.71781,
	5.77277 2.72065,
	5.77733 2.72236,
	5.77847 2.7235,
	5.77961 2.7235,
	5.79783 2.73831,
	5.80695 2.74571,
	5.8115 2.7497,
	5.81378 2.75141,
	5.81549 2.75596,
	5.81663 2.77419,
	5.81606 2.7833,
	5.81492 2.78558,
	5.81378 2.8038,
	5.81321 2.81292,
	5.81321 2.81747,
	5.8115 2.82659,
	5.8115 2.83114,
	5.80979 2.84025,
	5.80638 2.84937,
	5.80125 2.85848,
	5.79726 2.86304,
	5.79214 2.87215,
	5.78758 2.89037,
	5.78758 2.89949,
	5.78986 2.9086,
	5.79499 2.91771,
	5.79669 2.92227,
	5.80239 2.93138,
	5.81093 2.9496,
	5.8115 2.95872,
	5.81036 2.97694,
	5.81093 2.99517,
	5.81207 3.00428,
	5.81264 3.04073,
	5.81321 3.05895,
	5.81264 3.07718,
	5.81207 3.08629,
	5.80979 3.0954,
	5.80467 3.10452,
	5.79612 3.11078,
	5.78701 3.11192,
	5.78246 3.11078,
	5.7779 3.10793,
	5.77562 3.10623,
	5.77448 3.10623,
	5.77334 3.10509,
	5.77107 3.10452,
	5.76195 3.09939,
	5.7574 3.09711,
	5.75284 3.09597,
	5.74373 3.09142,
	5.74145 3.09028,
	5.72379 3.07319,
	5.71468 3.06579,
	5.70557 3.05725,
	5.70101 3.05383,
	5.69646 3.05155,
	5.69418 3.04984,
	5.69304 3.0487,
	5.69076 3.04813,
	5.68848 3.04643,
	5.6862 3.04586,
	5.68165 3.04301,
	5.66342 3.0356,
	5.65431 3.02991,
	5.64975 3.02706,
	5.64235 3.01852,
	5.6395 3.01396,
	5.63779 3.00485,
	5.63666 3.00029,
	5.63666 2.98207,
	5.63552 2.97296,
	5.63096 2.95473,
	5.63039 2.95017,
	5.62299 2.93195,
	5.62014 2.92284,
	5.62014 2.92056,
	5.619 2.91828,
	5.61786 2.90006,
	5.61786 2.89778,
	5.61786 2.89664,
	"/>
</Transform>

<Transform dim="0"
 xcoef=" 0 1 0 0 0 0"
 ycoef=" 0 0 1 0 0 0">
<Contour name="ax01" comment="LK bouton trace named after cfa" hidden="false" closed="true" simplified="true" border="0 1 1" fill="0.502 1 1" mode="9"
 points="5.82553 1.89185,
	5.83108 1.87495,
	5.83451 1.8665,
	5.83715 1.85804,
	5.83847 1.85382,
	5.839 1.84537,
	5.839 1.83692,
	5.839 1.83481,
	5.83979 1.83058,
	5.84006 1.82847,
	5.84164 1.82424,
	5.8427 1.82002,
	5.84666 1.81157,
	5.84877 1.80761,
	5.85168 1.80338,
	5.85353 1.80127,
	5.85458 1.80021,
	5.86013 1.78331,
	5.87677 1.74951,
	5.88099 1.74106,
	5.88442 1.73261,
	5.88548 1.7305,
	5.89367 1.69669,
	5.89578 1.68824,
	5.89684 1.68402,
	5.89816 1.67557,
	5.89895 1.66712,
	5.9008 1.66289,
	5.90317 1.65867,
	5.90925 1.65022,
	5.9111 1.6481,
	5.91215 1.64599,
	5.92034 1.6378,
	5.92456 1.63358,
	5.92879 1.62988,
	5.93275 1.62566,
	5.93671 1.61721,
	5.93988 1.60876,
	5.94067 1.60664,
	5.94094 1.60453,
	5.9412 1.60347,
	5.9383 1.58657,
	5.93486 1.56967,
	5.93354 1.56122,
	5.93275 1.557,
	5.9383 1.5232,
	5.93909 1.51897,
	5.93935 1.51686,
	5.94094 1.51263,
	5.94516 1.50418,
	5.95467 1.48728,
	5.95916 1.47883,
	5.96127 1.47461,
	5.96259 1.47249,
	5.96602 1.46827,
	5.96734 1.46615,
	5.98424 1.44952,
	6.00115 1.43341,
	6.00537 1.43024,
	6.02227 1.41915,
	6.0265 1.41624,
	6.0434 1.40753,
	6.0603 1.4004,
	6.1279 1.3732,
	6.1448 1.36686,
	6.14692 1.36607,
	6.18072 1.36528,
	6.18917 1.36554,
	6.20607 1.36845,
	6.21029 1.36977,
	6.21241 1.37082,
	6.22086 1.37769,
	6.22508 1.38112,
	6.2272 1.38297,
	6.22825 1.38403,
	6.26205 1.40014,
	6.2705 1.40383,
	6.27262 1.40462,
	6.27473 1.40489,
	6.29163 1.40225,
	6.29374 1.40172,
	6.2948 1.40146,
	6.29876 1.39749,
	6.30299 1.39565,
	6.30721 1.39433,
	6.31144 1.39248,
	6.31355 1.39168,
	6.31777 1.38931,
	6.38538 1.3423,
	6.3896 1.3394,
	6.39172 1.33808,
	6.39383 1.33623,
	6.40228 1.33174,
	6.43608 1.31616,
	6.45298 1.31193,
	6.46143 1.30982,
	6.46566 1.30903,
	6.46777 1.30903,
	6.46883 1.30876,
	6.47305 1.30507,
	6.47516 1.30375,
	6.48361 1.30084,
	6.49206 1.29899,
	6.49629 1.29767,
	6.51319 1.28975,
	6.51742 1.2879,
	6.52164 1.28685,
	6.52375 1.28658,
	6.52481 1.28632,
	6.52534 1.28632,
	6.5293 1.28262,
	6.53036 1.28156,
	6.53881 1.27919,
	6.54726 1.27417,
	6.54937 1.27311,
	6.55782 1.26678,
	6.56205 1.26387,
	6.56469 1.25965,
	6.5668 1.25833,
	6.6006 1.24961,
	6.60483 1.24856,
	6.60694 1.24803,
	6.62384 1.2475,
	6.63229 1.24723,
	6.6344 1.24697,
	6.63863 1.24723,
	6.63968 1.24776,
	6.64391 1.24829,
	6.67771 1.26572,
	6.69461 1.27443,
	6.70306 1.27866,
	6.70729 1.28077,
	6.71574 1.28632,
	6.71996 1.28843,
	6.72419 1.28975,
	6.73264 1.29371,
	6.73686 1.29609,
	6.74109 1.29899,
	6.74954 1.30612,
	6.78334 1.3254,
	6.79179 1.33015,
	6.79602 1.33332,
	6.79945 1.33729,
	6.80394 1.35419,
	6.805 1.35841,
	6.79866 1.39221,
	6.79707 1.40066,
	6.79628 1.40489,
	6.80051 1.43869,
	6.80288 1.45559,
	6.8042 1.46404,
	6.80447 1.46615,
	6.80447 1.46721,
	6.805 1.46827,
	6.79734 1.48517,
	6.79443 1.49362,
	6.79285 1.49784,
	6.79074 1.50207,
	6.78017 1.51897,
	6.77885 1.52108,
	6.77489 1.52531,
	6.77436 1.52584,
	6.77383 1.53006,
	6.77199 1.53429,
	6.76116 1.55119,
	6.75561 1.55964,
	6.75297 1.56386,
	6.74928 1.57231,
	6.74769 1.57654,
	6.74558 1.58076,
	6.74267 1.58499,
	6.74241 1.58921,
	6.7403 1.59766,
	6.73924 1.60189,
	6.73845 1.604,
	6.73396 1.61245,
	6.73158 1.61668,
	6.72868 1.6209,
	6.72128 1.62935,
	6.71732 1.63358,
	6.7131 1.63728,
	6.70887 1.63992,
	6.70042 1.64388,
	6.69831 1.64467,
	6.69725 1.64493,
	6.6888 1.65312,
	6.68458 1.65735,
	6.68352 1.6584,
	6.6793 1.66078,
	6.67507 1.66368,
	6.67084 1.66738,
	6.66952 1.66949,
	6.6653 1.67372,
	6.66345 1.67583,
	6.66107 1.68006,
	6.65975 1.68217,
	6.6513 1.69036,
	6.64285 1.6959,
	6.63863 1.69881,
	6.6344 1.6996,
	6.63229 1.69986,
	6.62384 1.70303,
	6.61961 1.70567,
	6.61856 1.7062,
	6.6146 1.71016,
	6.61116 1.71439,
	6.60984 1.7165,
	6.60931 1.71756,
	6.60086 1.72416,
	6.59664 1.72733,
	6.59241 1.7297,
	6.58819 1.73155,
	6.58713 1.73182,
	6.58291 1.73472,
	6.57446 1.74159,
	6.56601 1.7466,
	6.55756 1.75268,
	6.55412 1.75664,
	6.5499 1.75981,
	6.54594 1.76403,
	6.54409 1.76615,
	6.53986 1.7746,
	6.53801 1.77882,
	6.53537 1.78727,
	6.53458 1.7915,
	6.52719 1.8084,
	6.5227 1.81685,
	6.51134 1.83375,
	6.50474 1.8422,
	6.4881 1.8591,
	6.47199 1.876,
	6.46354 1.88445,
	6.45985 1.88868,
	6.45694 1.8929,
	6.45509 1.89502,
	6.43819 1.90796,
	6.42974 1.91456,
	6.42129 1.92169,
	6.41707 1.92538,
	6.41654 1.9275,
	6.40994 1.93595,
	6.40175 1.9444,
	6.39753 1.94809,
	6.3933 1.951,
	6.38485 1.95575,
	6.38062 1.95787,
	6.3764 1.95945,
	6.37217 1.96024,
	6.36372 1.95866,
	6.3595 1.9576,
	6.35739 1.95734,
	6.35527 1.95655,
	6.34682 1.95813,
	6.3426 1.95919,
	6.33837 1.95971,
	6.33626 1.96024,
	6.30246 1.96315,
	6.29401 1.96394,
	6.28556 1.96526,
	6.28133 1.96605,
	6.26443 1.9716,
	6.26021 1.97318,
	6.25175 1.97529,
	6.2433 1.9782,
	6.2095 1.98691,
	6.20845 1.98691,
	6.2 1.99114,
	6.19788 1.99193,
	6.19577 1.99325,
	6.19155 1.99695,
	6.18309 2.00329,
	6.17887 2.00619,
	6.16197 2.01464,
	6.15352 2.0186,
	6.14929 2.0194,
	6.14718 2.0194,
	6.13873 2.01781,
	6.13028 2.01543,
	6.12183 2.012,
	6.11972 2.01095,
	6.11549 2.00962,
	6.10704 2.0091,
	6.09014 2.00936,
	6.07324 2.01385,
	6.05634 2.01913,
	6.04789 2.02151,
	6.04577 2.0223,
	6.02887 2.02283,
	6.01197 2.02256,
	6.00352 2.02256,
	6.00141 2.02256,
	5.98451 2.01702,
	5.97606 2.01464,
	5.97183 2.01279,
	5.96972 2.012,
	5.96761 2.01068,
	5.96655 2.00962,
	5.96444 2.0091,
	5.95599 2.0083,
	5.94754 2.00698,
	5.94331 2.00646,
	5.92641 2.00223,
	5.92219 2.00117,
	5.92007 2.00065,
	5.91162 1.99642,
	5.90317 1.99272,
	5.89895 1.99088,
	5.89684 1.98929,
	5.87993 1.97265,
	5.87782 1.97054,
	5.86515 1.95364,
	5.853 1.93674,
	5.84666 1.92829,
	5.84085 1.91984,
	5.83795 1.91561,
	5.83636 1.9135,
	5.83583 1.91244,
	5.83372 1.91086,
	5.83055 1.90663,
	5.82923 1.90452,
	5.82897 1.90347,
	5.82738 1.90135,
	5.82633 1.89924,
	5.8258 1.89818,
	5.82553 1.89396,
	5.82553 1.89211,
	"/>
</Transform>

</Section>