<?xml version="1.0"?>
<!DOCTYPE Section SYSTEM "section.dtd">

<Section index="166" thickness="0.045" alignLocked="true">
<Transform dim="6"
 xcoef=" -0.334723931677419 1.00825716264578 -0.0267809606108929 0 0 0"
 ycoef=" -0.26671420803726 0.0178847787628444 1.01373276289052 0 0 0">
<Contour name="D04" hidden="false" closed="true" simplified="true" border="1 0 0" fill="1 0 0" mode="11"
 points="5.46492 7.28996,
	5.46778 7.25096,
	5.47628 7.21281,
	5.49024 7.17634,
	5.50936 7.14235,
	5.53323 7.11158,
	5.56131 7.0847,
	5.59299 7.0623,
	5.6276 7.04487,
	5.66436 7.03278,
	5.70248 7.0263,
	5.74113 7.02558,
	5.77947 7.03063,
	5.81665 7.04133,
	5.85186 7.05746,
	5.88435 7.07866,
	5.91339 7.10447,
	5.93836 7.13432,
	5.95871 7.16758,
	5.97399 7.2035,
	5.98388 7.24131,
	5.98816 7.28018,
	5.98673 7.31926,
	5.97963 7.35771,
	5.96701 7.39467,
	5.94914 7.42936,
	5.92642 7.461,
	5.89934 7.48891,
	5.86849 7.51248,
	5.83455 7.53119,
	5.79825 7.54464,
	5.76039 7.55254,
	5.72179 7.55471,
	5.6833 7.5511,
	5.64576 7.54179,
	5.60998 7.52699,
	5.57674 7.50702,
	5.54678 7.48231,
	5.52073 7.45341,
	5.49918 7.42094,
	5.48259 7.38562,
	5.47133 7.3482,
	"/>
</Transform>

<Transform dim="6"
 xcoef=" 0.175276068322581 1.00825716264578 -0.0267809606108929 0 0 0"
 ycoef=" 0.24328579196274 0.0178847787628444 1.01373276289052 0 0 0">
<Contour name="D05" hidden="false" closed="true" simplified="true" border="1 1 0" fill="1 1 0" mode="11"
 points="2.69299 3.97404,
	2.70475 3.90163,
	2.73888 3.83632,
	2.79205 3.78448,
	2.85904 3.7512,
	2.93329 3.73974,
	3.00755 3.7512,
	3.07454 3.78448,
	3.12771 3.83632,
	3.16184 3.90163,
	3.1736 3.97404,
	3.16184 4.04644,
	3.12771 4.11175,
	3.07454 4.16359,
	3.00755 4.19687,
	2.93329 4.20833,
	2.85904 4.19687,
	2.79205 4.16359,
	2.73888 4.11175,
	"/>
</Transform>

<Transform dim="6"
 xcoef=" 0.0952760683225813 1.00825716264578 -0.0267809606108929 0 0 0"
 ycoef=" -0.17671420803726 0.0178847787628444 1.01373276289052 0 0 0">
<Contour name="d01" hidden="false" closed="true" simplified="true" border="1 0.5 0" fill="1 0.5 0" mode="9"
 points="5.72708 3.21249,
	5.74307 3.19118,
	5.76438 3.18053,
	5.79634 3.14324,
	5.88158 3.08996,
	5.91887 3.05267,
	5.94018 3.04201,
	5.97748 2.99939,
	6.06272 2.94612,
	6.10534 2.93014,
	6.14796 2.89817,
	6.16927 2.89284,
	6.18525 2.90883,
	6.17992 2.95145,
	6.17992 2.97276,
	6.14796 3.058,
	6.14263 3.10062,
	6.14263 3.12193,
	6.15861 3.16455,
	6.15861 3.24979,
	6.10534 3.33503,
	6.07337 3.37232,
	6.06272 3.38298,
	5.97748 3.41494,
	5.95617 3.41494,
	5.94018 3.43625,
	5.94018 3.44691,
	5.91887 3.45223,
	5.87625 3.4256,
	5.86027 3.40961,
	5.84962 3.36699,
	5.84429 3.35634,
	5.83363 3.36699,
	5.79101 3.36167,
	5.78036 3.36167,
	5.75905 3.34568,
	5.74839 3.34036,
	5.76438 3.25511,
	5.72708 3.21782,
	"/>
</Transform>

<Transform dim="6"
 xcoef=" 0.0952760683225813 1.00825716264578 -0.0267809606108929 0 0 0"
 ycoef=" -0.17671420803726 0.0178847787628444 1.01373276289052 0 0 0">
<Contour name="d01" hidden="false" closed="true" simplified="true" border="1 0.5 0" fill="1 0.5 0" mode="9"
 points="4.17145 4.99189,
	4.1821 4.94927,
	4.18743 4.92796,
	4.22472 4.89066,
	4.26202 4.81075,
	4.278 4.76813,
	4.28333 4.72551,
	4.29398 4.7042,
	4.29931 4.69355,
	4.38455 4.67224,
	4.46979 4.66158,
	4.55503 4.66691,
	4.59765 4.66158,
	4.61896 4.65625,
	4.66158 4.62429,
	4.69355 4.58699,
	4.69355 4.54437,
	4.67224 4.50175,
	4.65625 4.48044,
	4.63494 4.46979,
	4.55503 4.38988,
	4.51241 4.35258,
	4.50175 4.34193,
	4.48044 4.34193,
	4.45913 4.32595,
	4.41651 4.30996,
	4.3952 4.29931,
	4.38455 4.28865,
	4.42717 4.25136,
	4.45913 4.21407,
	4.50175 4.18743,
	4.54437 4.17678,
	4.62961 4.17145,
	4.64027 4.16079,
	4.6456 4.13948,
	4.70953 4.05424,
	4.79477 4.01695,
	4.88001 4.01162,
	4.96525 3.99564,
	5.05049 3.969,
	5.0718 3.96367,
	5.09311 3.94236,
	5.11442 3.93171,
	5.12507 3.92105,
	5.13573 3.92105,
	5.17835 3.88376,
	5.22097 3.87311,
	5.26359 3.8518,
	5.30621 3.81983,
	5.31686 3.80918,
	5.3435 3.72394,
	5.35949 3.70263,
	5.40211 3.6973,
	5.41809 3.71861,
	5.41276 3.76123,
	5.39678 3.80385,
	5.39678 3.82516,
	5.46604 3.9104,
	5.48202 3.95302,
	5.48735 3.96367,
	5.52997 3.97433,
	5.55128 3.97433,
	5.5939 4.00097,
	5.60455 4.01162,
	5.58857 4.04892,
	5.58857 4.05957,
	5.57259 4.08088,
	5.56726 4.10219,
	5.55128 4.1235,
	5.54062 4.16612,
	5.54062 4.20874,
	5.51931 4.29398,
	5.50333 4.3366,
	5.49267 4.42184,
	5.48202 4.46446,
	5.47669 4.48577,
	5.46071 4.50175,
	5.41809 4.46979,
	5.40211 4.47512,
	5.3808 4.49643,
	5.37014 4.50708,
	5.34883 4.51241,
	5.32752 4.52839,
	5.30621 4.52839,
	5.26359 4.54437,
	5.24228 4.54437,
	5.22097 4.55503,
	5.21031 4.55503,
	5.19966 4.57634,
	5.12507 4.6456,
	5.10376 4.65625,
	5.08245 4.65625,
	5.03983 4.63494,
	5.01852 4.62961,
	4.98123 4.59232,
	4.97058 4.57101,
	4.95992 4.56036,
	4.95992 4.5497,
	4.93861 4.54437,
	4.85337 4.58167,
	4.81075 4.6083,
	4.77346 4.62429,
	4.73084 4.65092,
	4.72018 4.66158,
	4.70953 4.66158,
	4.66691 4.69887,
	4.65625 4.70953,
	4.65092 4.7042,
	4.61896 4.74682,
	4.57634 4.77346,
	4.55503 4.79477,
	4.50175 4.88001,
	4.48577 4.92263,
	4.47512 4.94394,
	4.4325 4.96525,
	4.41119 4.97058,
	4.40053 4.98123,
	4.35791 4.99189,
	4.31529 5.0132,
	4.23005 5.02918,
	4.18743 5.02918,
	4.17145 5.0132,
	4.17145 4.99721,
	"/>
</Transform>

<Transform dim="6"
 xcoef=" 0.0952760683225813 1.00825716264578 -0.0267809606108929 0 0 0"
 ycoef=" -0.17671420803726 0.0178847787628444 1.01373276289052 0 0 0">
<Contour name="d01" hidden="false" closed="true" simplified="true" border="1 0.5 0" fill="1 0.5 0" mode="9"
 points="5.59922 4.52839,
	5.62053 4.48577,
	5.64184 4.46446,
	5.6525 4.46446,
	5.67381 4.44848,
	5.75905 4.4325,
	5.80167 4.42717,
	5.84429 4.4325,
	5.8656 4.43782,
	5.88691 4.45381,
	5.89224 4.47512,
	5.89224 4.48577,
	5.97748 4.49643,
	5.99879 4.50175,
	6.01477 4.51774,
	5.97215 4.5497,
	5.93486 4.57101,
	5.91355 4.58699,
	5.89224 4.59232,
	5.87093 4.6083,
	5.82831 4.61363,
	5.78569 4.6083,
	5.76438 4.6083,
	5.72176 4.59232,
	5.70045 4.58167,
	5.68979 4.57634,
	5.69512 4.57101,
	5.6525 4.55503,
	5.60988 4.5497,
	5.59922 4.54437,
	5.59922 4.53372,
	"/>
</Transform>

<Transform dim="6"
 xcoef=" 0.0952760683225813 1.00825716264578 -0.0267809606108929 0 0 0"
 ycoef=" -0.17671420803726 0.0178847787628444 1.01373276289052 0 0 0">
<Contour name="d01" hidden="false" closed="true" simplified="true" border="1 0.5 0" fill="1 0.5 0" mode="9"
 points="3.62271 3.4256,
	3.63337 3.40429,
	3.65468 3.38298,
	3.6973 3.37765,
	3.73992 3.39363,
	3.78254 3.42027,
	3.86778 3.44691,
	3.88909 3.45223,
	3.93171 3.47887,
	3.95302 3.50018,
	4.0063 3.58542,
	4.02761 3.59608,
	4.03826 3.59608,
	4.08088 3.62271,
	4.10219 3.63337,
	4.14481 3.63337,
	4.16612 3.64402,
	4.21407 3.72926,
	4.22472 3.75057,
	4.23538 3.76123,
	4.22472 3.84647,
	4.24603 3.93171,
	4.24603 3.95302,
	4.2194 3.99564,
	4.20341 4.01695,
	4.20874 4.10219,
	4.20341 4.1235,
	4.17145 4.16079,
	4.12883 4.19809,
	4.04359 4.22472,
	4.00097 4.22472,
	3.91573 4.25136,
	3.87311 4.27267,
	3.83049 4.278,
	3.80918 4.278,
	3.79852 4.278,
	3.79319 4.23538,
	3.82516 4.19276,
	3.84647 4.17678,
	3.87311 4.09154,
	3.86778 4.0063,
	3.81983 3.92638,
	3.80385 3.91573,
	3.80385 3.87311,
	3.81983 3.83049,
	3.83049 3.74525,
	3.83581 3.70263,
	3.82516 3.69197,
	3.8145 3.60673,
	3.79319 3.52149,
	3.77721 3.50018,
	3.77188 3.48953,
	3.77721 3.47887,
	3.80918 3.52149,
	3.8518 3.54813,
	3.87311 3.56411,
	3.87311 3.55346,
	3.79319 3.4842,
	3.77188 3.46822,
	3.72926 3.45756,
	3.68664 3.45756,
	3.64402 3.44691,
	3.62271 3.43092,
	"/>
</Transform>

<Transform dim="6"
 xcoef=" 0.0952760683225813 1.00825716264578 -0.0267809606108929 0 0 0"
 ycoef=" -0.17671420803726 0.0178847787628444 1.01373276289052 0 0 0">
<Contour name="d01" hidden="false" closed="true" simplified="true" border="1 0.5 0" fill="1 0.5 0" mode="9"
 points="4.91197 5.11975,
	4.94927 5.03451,
	4.97058 5.0132,
	5.0132 4.99189,
	5.05582 4.95459,
	5.08245 4.91197,
	5.11975 4.86935,
	5.14638 4.82673,
	5.15704 4.80542,
	5.15704 4.78411,
	5.20499 4.7042,
	5.23162 4.66158,
	5.27424 4.64027,
	5.29555 4.64027,
	5.3808 4.6083,
	5.42342 4.59765,
	5.44473 4.59232,
	5.48735 4.56036,
	5.57259 4.55503,
	5.61521 4.55503,
	5.65783 4.56568,
	5.70045 4.58699,
	5.74307 4.59765,
	5.75372 4.6083,
	5.75372 4.62961,
	5.74307 4.64027,
	5.74307 4.66158,
	5.65783 4.69355,
	5.63652 4.70953,
	5.63119 4.72018,
	5.67381 4.72018,
	5.69512 4.73617,
	5.70577 4.73617,
	5.72176 4.75748,
	5.71643 4.76813,
	5.69512 4.7628,
	5.6525 4.77346,
	5.63119 4.77879,
	5.62053 4.77879,
	5.59922 4.79477,
	5.59922 4.80542,
	5.62053 4.82673,
	5.63119 4.82673,
	5.6525 4.84272,
	5.69512 4.8587,
	5.71643 4.86935,
	5.70045 4.89066,
	5.61521 4.92263,
	5.57259 4.94394,
	5.52997 4.95459,
	5.50866 4.95992,
	5.498 4.95992,
	5.47669 4.9759,
	5.46604 4.99721,
	5.46071 5.00787,
	5.37547 5.00254,
	5.33285 4.99721,
	5.29023 5.00254,
	5.26892 5.01852,
	5.2263 5.02385,
	5.20499 5.01852,
	5.16237 5.03451,
	5.11975 5.03983,
	5.09844 5.03983,
	5.07713 5.05049,
	4.99189 5.1304,
	4.97058 5.14106,
	4.92796 5.14106,
	4.91197 5.12507,
	"/>
</Transform>

<Transform dim="6"
 xcoef=" 0.0952760683225813 1.00825716264578 -0.0267809606108929 0 0 0"
 ycoef=" -0.17671420803726 0.0178847787628444 1.01373276289052 0 0 0">
<Contour name="d01p26" hidden="false" closed="true" simplified="true" border="1 1 0" fill="1 1 0" mode="9"
 points="4.76127 4.49327,
	4.76385 4.47763,
	4.77133 4.46353,
	4.78299 4.45234,
	4.79768 4.44516,
	4.81397 4.44268,
	4.83025 4.44516,
	4.84494 4.45234,
	4.8566 4.46353,
	4.86408 4.47763,
	4.86666 4.49327,
	4.86408 4.5089,
	4.8566 4.523,
	4.84494 4.53419,
	4.83025 4.54138,
	4.81397 4.54385,
	4.79768 4.54138,
	4.78299 4.53419,
	4.77133 4.523,
	"/>
</Transform>

<Transform dim="6"
 xcoef=" 0.0952760683225813 1.00825716264578 -0.0267809606108929 0 0 0"
 ycoef=" -0.17671420803726 0.0178847787628444 1.01373276289052 0 0 0">
<Contour name="d01" hidden="false" closed="true" simplified="true" border="1 0.5 0" fill="1 0.5 0" mode="9"
 points="5.25688 3.22916,
	5.26952 3.21652,
	5.30325 3.2123,
	5.33697 3.19544,
	5.3707 3.18701,
	5.38756 3.18279,
	5.40864 3.15328,
	5.4255 3.14064,
	5.43393 3.13642,
	5.46766 3.14907,
	5.53511 3.14485,
	5.56883 3.14064,
	5.58569 3.13642,
	5.60256 3.14485,
	5.63628 3.17436,
	5.63207 3.20809,
	5.62785 3.22495,
	5.61099 3.24181,
	5.34119 3.31769,
	5.33276 3.32191,
	5.29903 3.30926,
	5.26531 3.28818,
	5.25688 3.25446,
	5.25688 3.23759,
	5.25688 3.23338,
	"/>
</Transform>

<Transform dim="6"
 xcoef=" 0.0952760683225813 1.00825716264578 -0.0267809606108929 0 0 0"
 ycoef=" -0.17671420803726 0.0178847787628444 1.01373276289052 0 0 0">
<Contour name="d02" hidden="false" closed="true" simplified="true" border="0.5 0 1" fill="0.5 0 1" mode="9"
 points="2.02952 9.20376,
	2.04419 9.1842,
	2.08332 9.16464,
	2.09799 9.14508,
	2.17623 9.10106,
	2.21047 9.07661,
	2.22025 9.11573,
	2.22514 9.13529,
	2.23492 9.14508,
	2.15667 9.22332,
	2.11755 9.23799,
	2.07843 9.26734,
	2.05886 9.26734,
	2.0393 9.25755,
	2.02952 9.21843,
	2.02952 9.20865,
	"/>
</Transform>

<Transform dim="6"
 xcoef=" 0.0952760683225813 1.00825716264578 -0.0267809606108929 0 0 0"
 ycoef=" -0.17671420803726 0.0178847787628444 1.01373276289052 0 0 0">
<Contour name="d02" hidden="false" closed="true" simplified="true" border="0.5 0 1" fill="0.5 0 1" mode="9"
 points="1.94081 8.77248,
	1.96365 8.73594,
	1.97735 8.69941,
	1.98191 8.62634,
	1.98648 8.58981,
	1.99561 8.57155,
	2.03215 8.55785,
	2.05041 8.55328,
	2.12348 8.56698,
	2.16001 8.56241,
	2.19654 8.53045,
	2.23308 8.51218,
	2.23764 8.47565,
	2.23764 8.46651,
	2.16458 8.42541,
	2.14631 8.41171,
	2.13718 8.39345,
	2.13718 8.37518,
	2.20568 8.31581,
	2.21938 8.27928,
	2.21481 8.24275,
	2.24221 8.16968,
	2.24221 8.09662,
	2.24678 8.07835,
	2.31528 8.01442,
	2.32441 8.00528,
	2.36094 7.99615,
	2.43401 7.95962,
	2.47054 7.94592,
	2.50707 7.92309,
	2.52534 7.91852,
	2.53447 7.91395,
	2.54361 7.87742,
	2.54361 7.85915,
	2.58471 7.78609,
	2.60297 7.76782,
	2.63951 7.74499,
	2.67604 7.73129,
	2.69431 7.72672,
	2.71257 7.73585,
	2.72627 7.80892,
	2.72171 7.88199,
	2.75367 7.90482,
	2.7902 7.90025,
	2.80847 7.89569,
	2.8176 7.89569,
	2.83587 7.93222,
	2.84044 7.89569,
	2.845 7.87742,
	2.8587 7.85915,
	2.93177 7.82262,
	2.95004 7.82719,
	2.98657 7.85915,
	3.05964 7.88655,
	3.0779 7.90482,
	3.0916 7.94135,
	3.08703 7.95962,
	3.0505 7.99615,
	2.982 8.05095,
	2.97287 8.08748,
	2.9683 8.10575,
	3.00027 8.13772,
	3.01397 8.15598,
	3.01854 8.17425,
	3.0231 8.18338,
	3.00484 8.21992,
	2.98657 8.23818,
	2.9957 8.24732,
	3.06877 8.25645,
	3.1053 8.27015,
	3.13727 8.30211,
	3.1327 8.32038,
	3.09617 8.35235,
	3.08703 8.35235,
	3.05507 8.38431,
	3.02767 8.45738,
	3.0094 8.46651,
	2.98657 8.53958,
	2.982 8.55785,
	2.9683 8.57611,
	2.82217 8.65831,
	2.8039 8.66288,
	2.7902 8.67658,
	2.7765 8.71311,
	2.77194 8.73138,
	2.73997 8.76791,
	2.66691 8.81358,
	2.63037 8.83184,
	2.59384 8.82728,
	2.52077 8.84098,
	2.48424 8.85468,
	2.44771 8.85011,
	2.39291 8.78161,
	2.35638 8.76791,
	2.31984 8.79531,
	2.24678 8.80901,
	2.17371 8.78618,
	2.13718 8.77704,
	2.10065 8.77704,
	2.08238 8.81358,
	2.05498 8.85011,
	2.03671 8.86838,
	2.02758 8.87751,
	1.99105 8.87751,
	1.97278 8.87751,
	1.94995 8.84098,
	1.94538 8.80444,
	1.94081 8.78618,
	1.94081 8.77704,
	"/>
</Transform>

<Transform dim="6"
 xcoef=" 0.0952760683225813 1.00825716264578 -0.0267809606108929 0 0 0"
 ycoef=" -0.17671420803726 0.0178847787628444 1.01373276289052 0 0 0">
<Contour name="d01c25" hidden="false" closed="true" simplified="true" border="0 1 0" fill="0 1 0" mode="9"
 points="3.80522 3.89678,
	3.81621 3.88213,
	3.84551 3.88213,
	3.86016 3.88213,
	3.87481 3.89312,
	3.88213 3.90777,
	3.88213 3.92242,
	3.89312 3.93707,
	3.89312 3.96637,
	3.88946 3.98102,
	3.89312 3.99567,
	3.91143 4.01398,
	3.91143 4.04328,
	3.91143 4.05793,
	3.8858 4.08723,
	3.87115 4.11287,
	3.86382 4.09822,
	3.86016 4.03962,
	3.84917 3.98102,
	3.83452 3.95172,
	3.80522 3.92975,
	3.80522 3.90045,
	"/>
<Contour name="d01c25" hidden="false" closed="true" simplified="true" border="0 1 0" fill="0 1 0" mode="9"
 points="3.78325 3.47561,
	3.78691 3.47195,
	3.79058 3.47927,
	3.81987 3.47195,
	3.84917 3.47195,
	3.87481 3.49026,
	3.8858 3.50491,
	3.89678 3.62211,
	3.89678 3.6514,
	3.89312 3.66605,
	3.89312 3.67338,
	3.88213 3.68803,
	3.87481 3.71733,
	3.8858 3.83452,
	3.88213 3.84917,
	3.8565 3.87115,
	3.84185 3.88213,
	3.8272 3.8858,
	3.81987 3.8858,
	3.80889 3.87115,
	3.80522 3.84185,
	3.83086 3.60746,
	3.83086 3.59281,
	3.80522 3.53421,
	3.78691 3.50491,
	3.78325 3.47927,
	"/>
</Transform>

<Transform dim="6"
 xcoef=" 0.0952760683225813 1.00825716264578 -0.0267809606108929 0 0 0"
 ycoef=" -0.17671420803726 0.0178847787628444 1.01373276289052 0 0 0">
<Contour name="d01cfa25" hidden="false" closed="false" simplified="false" border="0 1 1" fill="0 1 1" mode="9"
 points="3.81139 3.88934,
	3.82604 3.90766,
	3.84801 3.92597,
	3.87365 3.96259,
	3.88464 3.99189,
	3.89196 4.02485,
	3.8883 4.05781,
	3.86632 4.10543,
	"/>
<Contour name="d01cfa25" hidden="false" closed="false" simplified="false" border="0 1 1" fill="0 1 1" mode="9"
 points="3.79308 3.47916,
	3.81139 3.49381,
	3.82604 3.53043,
	3.84435 3.5817,
	3.85167 3.63298,
	3.84801 3.68059,
	3.84801 3.72087,
	3.84801 3.77947,
	3.84801 3.81976,
	3.83702 3.8747,
	"/>
</Transform>

<Transform dim="6"
 xcoef=" 0.0952760683225813 1.00825716264578 -0.0267809606108929 0 0 0"
 ycoef=" -0.17671420803726 0.0178847787628444 1.01373276289052 0 0 0">
<Contour name="d01" hidden="false" closed="true" simplified="true" border="1 0.5 0" fill="1 0.5 0" mode="9"
 points="4.35258 5.2849,
	4.38455 5.24228,
	4.46446 5.17302,
	4.50175 5.13573,
	4.52306 5.1304,
	4.56568 5.09311,
	4.59765 5.05049,
	4.64027 5.0132,
	4.66158 5.01852,
	4.68289 5.03451,
	4.68822 5.04516,
	4.66158 5.08778,
	4.62429 5.1304,
	4.61363 5.15171,
	4.59232 5.17302,
	4.57101 5.17835,
	4.40053 5.27957,
	4.37922 5.29555,
	4.36857 5.31686,
	4.35791 5.31686,
	4.35258 5.29555,
	4.35258 5.29023,
	"/>
</Transform>

<Transform dim="6"
 xcoef=" 0.0952760683225813 1.00825716264578 -0.0267809606108929 0 0 0"
 ycoef=" -0.17671420803726 0.0178847787628444 1.01373276289052 0 0 0">
<Contour name="d01c26" hidden="false" closed="true" simplified="true" border="0 1 0" fill="0 1 0" mode="9"
 points="4.30186 4.99655,
	4.30767 4.99073,
	4.30476 4.94423,
	4.31058 4.92098,
	4.31639 4.90935,
	4.32802 4.89772,
	4.35127 4.8861,
	4.39778 4.87738,
	4.44428 4.86284,
	4.49079 4.85994,
	4.4966 4.85994,
	4.50532 4.87156,
	4.50532 4.88319,
	4.4966 4.89482,
	4.47626 4.90935,
	4.45882 4.9326,
	4.453 4.94423,
	4.4065 4.97039,
	4.35999 4.99073,
	4.34836 4.99364,
	4.33674 5.00236,
	4.31348 5.00527,
	4.30767 5.00527,
	4.30186 4.99945,
	"/>
</Transform>

<Transform dim="6"
 xcoef=" 0.0952760683225813 1.00825716264578 -0.0267809606108929 0 0 0"
 ycoef=" -0.17671420803726 0.0178847787628444 1.01373276289052 0 0 0">
<Contour name="d01cfa26" hidden="false" closed="true" simplified="true" border="0 1 1" fill="0 1 1" mode="9"
 points="4.29604 5.00527,
	4.30186 4.99364,
	4.30186 4.94713,
	4.29895 4.93551,
	4.29895 4.9297,
	4.3193 4.90644,
	4.3658 4.87738,
	4.45882 4.85994,
	4.47044 4.85703,
	4.4937 4.86284,
	4.50532 4.86866,
	4.50823 4.87447,
	4.4937 4.89772,
	4.47335 4.92098,
	4.46754 4.9326,
	4.44428 4.95295,
	4.39778 4.98201,
	4.35127 5.00236,
	4.32802 5.01108,
	4.30476 5.01108,
	4.29604 5.00817,
	"/>
</Transform>

<Transform dim="6"
 xcoef=" 0.0952760683225813 1.00825716264578 -0.0267809606108929 0 0 0"
 ycoef=" -0.17671420803726 0.0178847787628444 1.01373276289052 0 0 0">
<Contour name="d01c28" hidden="false" closed="true" simplified="true" border="0 1 0" fill="0 1 0" mode="9"
 points="5.4122 4.98783,
	5.45871 4.95876,
	5.55172 4.92098,
	5.56335 4.91516,
	5.5866 4.91226,
	5.60985 4.90354,
	5.63311 4.90063,
	5.63892 4.90063,
	5.64183 4.90644,
	5.63311 4.91807,
	5.60985 4.92679,
	5.5866 4.94423,
	5.49359 4.9762,
	5.44708 4.99073,
	5.42383 4.99655,
	5.41801 4.99945,
	5.4122 4.99364,
	5.4122 4.99073,
	"/>
<Contour name="d01c28" hidden="false" closed="true" simplified="true" border="0 1 0" fill="0 1 0" mode="9"
 points="5.07793 5.05468,
	5.12153 5.01399,
	5.14479 5.00236,
	5.16804 5.00236,
	5.19129 5.00817,
	5.20292 5.01108,
	5.20873 5.01108,
	5.21164 5.01689,
	5.20292 5.02852,
	5.19129 5.03433,
	5.18548 5.03433,
	5.17385 5.04305,
	5.1506 5.05177,
	5.12735 5.05468,
	5.10409 5.06921,
	5.08084 5.06631,
	5.07793 5.05759,
	"/>
</Transform>

<Transform dim="6"
 xcoef=" 0.0952760683225813 1.00825716264578 -0.0267809606108929 0 0 0"
 ycoef=" -0.17671420803726 0.0178847787628444 1.01373276289052 0 0 0">
<Contour name="d01cfa28" hidden="false" closed="false" simplified="false" border="0 1 1" fill="0 1 1" mode="9"
 points="5.21019 5.01544,
	5.19566 5.01835,
	5.13462 5.0387,
	5.08811 5.05904,
	"/>
<Contour name="d01cfa28" hidden="false" closed="false" simplified="false" border="0 1 1" fill="0 1 1" mode="9"
 points="5.64328 4.90208,
	5.41947 4.98928,
	"/>
</Transform>

<Transform dim="6"
 xcoef=" 0.0952760683225813 1.00825716264578 -0.0267809606108929 0 0 0"
 ycoef=" -0.17671420803726 0.0178847787628444 1.01373276289052 0 0 0">
<Contour name="d03" hidden="false" closed="true" simplified="true" border="0 1 0" fill="0 1 0" mode="9"
 points="2.97586 2.73663,
	2.97738 2.72444,
	3.00176 2.70006,
	3.01395 2.68939,
	3.02614 2.68178,
	3.03223 2.68025,
	3.05661 2.6833,
	3.06271 2.6833,
	3.08709 2.69092,
	3.09928 2.69549,
	3.14804 2.66501,
	3.1968 2.64673,
	3.20899 2.64216,
	3.24403 2.5934,
	3.27603 2.54464,
	3.28365 2.53245,
	3.2867 2.52635,
	3.26841 2.47759,
	3.25927 2.45321,
	3.25622 2.44103,
	3.25318 2.43493,
	3.25165 2.43188,
	3.2806 2.38312,
	3.29889 2.35874,
	3.30803 2.34655,
	3.3126 2.34046,
	3.36136 2.31151,
	3.38574 2.29627,
	3.39793 2.2917,
	3.42231 2.29018,
	3.47107 2.29475,
	3.49545 2.29779,
	3.50764 2.29932,
	3.51374 2.29932,
	3.56249 2.28256,
	3.58687 2.27341,
	3.63563 2.26122,
	3.64173 2.2597,
	3.69049 2.26427,
	3.71487 2.26732,
	3.76363 2.26427,
	3.81239 2.25208,
	3.82458 2.24903,
	3.83067 2.24751,
	3.85505 2.23075,
	3.87943 2.21704,
	3.97695 2.17742,
	4.00133 2.16828,
	4.01352 2.16371,
	4.0379 2.15913,
	4.05009 2.16218,
	4.05619 2.16371,
	4.06076 2.16828,
	4.05466 2.18047,
	4.05009 2.18656,
	4.02571 2.19418,
	4.01352 2.19875,
	4.00743 2.20027,
	3.95867 2.23837,
	3.93429 2.25818,
	3.91295 2.28256,
	3.90686 2.28865,
	3.88096 2.38617,
	3.87181 2.43493,
	3.87029 2.44712,
	3.85048 2.49588,
	3.84439 2.50807,
	3.82001 2.53245,
	3.80782 2.54464,
	3.80172 2.55073,
	3.79258 2.57511,
	3.78496 2.5873,
	3.7362 2.63454,
	3.72858 2.64673,
	3.71792 2.67111,
	3.66916 2.67111,
	3.6463 2.68635,
	3.62954 2.71073,
	3.60516 2.70158,
	3.59297 2.69701,
	3.55335 2.64825,
	3.54269 2.64063,
	3.49393 2.62387,
	3.48174 2.6193,
	3.43298 2.61625,
	3.4086 2.61625,
	3.39641 2.61473,
	3.34765 2.62083,
	3.32327 2.6254,
	3.29889 2.64368,
	3.27451 2.66806,
	3.26384 2.68025,
	3.26232 2.72901,
	3.22575 2.77777,
	3.20137 2.78234,
	3.15261 2.78691,
	3.10385 2.78234,
	3.05509 2.77015,
	3.00633 2.76101,
	2.99414 2.75796,
	2.98195 2.75187,
	2.97586 2.7473,
	2.97586 2.7412,
	2.97586 2.73815,
	"/>
</Transform>

<Transform dim="6"
 xcoef=" 0.0952760683225813 1.00825716264578 -0.0267809606108929 0 0 0"
 ycoef=" -0.17671420803726 0.0178847787628444 1.01373276289052 0 0 0">
<Contour name="D10" hidden="false" closed="true" simplified="true" border="0 1 1" fill="0 1 1" mode="11"
 points="5.80345 1.89186,
	5.80998 1.86219,
	5.82892 1.83542,
	5.85843 1.81418,
	5.89561 1.80054,
	5.93682 1.79584,
	5.97803 1.80054,
	6.0152 1.81418,
	6.04471 1.83542,
	6.06365 1.86219,
	6.07018 1.89186,
	6.06365 1.92154,
	6.04471 1.9483,
	6.0152 1.96955,
	5.97803 1.98319,
	5.93682 1.98789,
	5.89561 1.98319,
	5.85843 1.96955,
	5.82892 1.9483,
	"/>
</Transform>

<Transform dim="6"
 xcoef=" 0.0952760683225813 1.00825716264578 -0.0267809606108929 0 0 0"
 ycoef=" -0.17671420803726 0.0178847787628444 1.01373276289052 0 0 0">
<Contour name="d01c29b" hidden="false" closed="true" simplified="true" border="0 1 0" fill="0 1 0" mode="9"
 points="5.42653 3.13368,
	5.42999 3.13023,
	5.48524 3.13541,
	5.51286 3.13541,
	5.54049 3.1216,
	5.56811 3.11987,
	5.59574 3.1216,
	5.59746 3.1285,
	5.59401 3.14231,
	5.59056 3.14922,
	5.57674 3.15785,
	5.56984 3.16131,
	5.45934 3.15958,
	5.43171 3.14749,
	5.42653 3.13541,
	"/>
<Contour name="d01cfa29b" hidden="false" closed="false" simplified="false" border="0 1 1" fill="0 1 1" mode="9"
 points="5.42788 3.13624,
	5.48485 3.15005,
	5.5401 3.1466,
	5.59535 3.13624,
	"/>
</Transform>

<Transform dim="6"
 xcoef=" 0.0952760683225813 1.00825716264578 -0.0267809606108929 0 0 0"
 ycoef=" -0.17671420803726 0.0178847787628444 1.01373276289052 0 0 0">
<Contour name="d01cfa26" hidden="false" closed="false" simplified="false" border="0 1 1" fill="0 1 1" mode="9"
 points="4.49478 4.88902,
	4.4494 4.88077,
	4.38545 4.89934,
	4.32976 4.91997,
	4.30088 4.97154,
	"/>
</Transform>

<Transform dim="6"
 xcoef=" 0.0952760683225813 1.00825716264578 -0.0267809606108929 0 0 0"
 ycoef=" -0.17671420803726 0.0178847787628444 1.01373276289052 0 0 0">
<Contour name="d03" hidden="false" closed="true" simplified="true" border="0 1 0" fill="0 1 0" mode="9"
 points="4.29835 2.07801,
	4.32049 2.05587,
	4.37109 2.03373,
	4.3964 2.0274,
	4.40905 2.02424,
	4.41854 2.01475,
	4.42803 1.98945,
	4.45017 1.97047,
	4.46282 1.96098,
	4.51342 1.95782,
	4.56403 1.94833,
	4.58933 1.93252,
	4.59566 1.93252,
	4.63045 1.98312,
	4.65575 2.00843,
	4.66208 2.03373,
	4.65892 2.13494,
	4.65575 2.14759,
	4.60515 2.19187,
	4.59882 2.19187,
	4.5925 2.1982,
	4.58617 2.1982,
	4.57352 2.20769,
	4.52291 2.22666,
	4.49761 2.22983,
	4.47547 2.21085,
	4.46598 2.1982,
	4.45965 2.19187,
	4.45017 2.16657,
	4.447 2.14127,
	4.43119 2.11596,
	4.32998 2.11596,
	4.30467 2.09699,
	4.29835 2.08434,
	4.29835 2.08117,
	"/>
</Transform>

<Transform dim="6"
 xcoef=" 0.0952760683225813 1.00825716264578 -0.0267809606108929 0 0 0"
 ycoef=" -0.17671420803726 0.0178847787628444 1.01373276289052 0 0 0">
<Contour name="d06" hidden="false" closed="true" simplified="true" border="0 0 1" fill="0 0 1" mode="9"
 points="3.66537 6.49274,
	3.71987 6.46208,
	3.74712 6.44505,
	3.76075 6.43483,
	3.77778 6.41439,
	3.81525 6.35989,
	3.82888 6.33264,
	3.83569 6.31901,
	3.83569 6.21001,
	3.8391 6.1555,
	3.87316 6.101,
	3.8936 6.07715,
	3.92085 6.05671,
	3.97536 6.05331,
	4.00261 6.05671,
	4.00942 6.06353,
	4.03667 6.06693,
	4.0503 6.07034,
	4.07755 6.08737,
	4.08777 6.101,
	4.11502 6.11122,
	4.16953 6.11462,
	4.18997 6.14188,
	4.18656 6.19638,
	4.16953 6.22022,
	4.14568 6.24748,
	4.13206 6.2577,
	4.12524 6.26451,
	4.01623 6.28154,
	3.98898 6.29176,
	3.96173 6.31561,
	3.94129 6.33945,
	3.93448 6.34626,
	3.93107 6.35989,
	3.92085 6.37352,
	3.91404 6.38033,
	3.90723 6.40758,
	3.90723 6.51659,
	3.90723 6.54384,
	3.90723 6.55747,
	3.90723 6.56428,
	3.87998 6.59153,
	3.83229 6.629,
	3.81866 6.63581,
	3.79141 6.63581,
	3.77778 6.63581,
	3.7335 6.58472,
	3.71987 6.5745,
	3.69262 6.56769,
	3.67899 6.56428,
	3.66537 6.55065,
	3.66537 6.49615,
	"/>
<Contour name="d06" hidden="false" closed="true" simplified="true" border="0 0 1" fill="0 0 1" mode="9"
 points="3.00451 7.15701,
	3.03517 7.10591,
	3.0522 7.08547,
	3.06583 7.07866,
	3.08967 7.0514,
	3.1033 7.04119,
	3.11352 7.01393,
	3.11352 6.98668,
	3.12374 6.95943,
	3.17484 6.90833,
	3.22934 6.87086,
	3.28384 6.84361,
	3.39285 6.79933,
	3.44735 6.80273,
	3.46098 6.80955,
	3.48823 6.80955,
	3.51548 6.8368,
	3.54273 6.85383,
	3.54955 6.85383,
	3.55977 6.86746,
	3.58702 6.87427,
	3.60064 6.87427,
	3.60746 6.87767,
	3.60405 6.98668,
	3.60064 7.01393,
	3.60064 7.02756,
	3.56999 7.08206,
	3.55977 7.10931,
	3.5223 7.16382,
	3.50526 7.19107,
	3.45757 7.22854,
	3.44395 7.23876,
	3.43713 7.24557,
	3.43032 7.24557,
	3.38263 7.27964,
	3.36219 7.30008,
	3.34857 7.3137,
	3.34175 7.3137,
	3.28725 7.35799,
	3.2634 7.38183,
	3.23615 7.39205,
	3.2089 7.39546,
	3.19527 7.40227,
	3.14077 7.40227,
	3.12714 7.40227,
	3.09989 7.38524,
	3.06583 7.33074,
	3.02836 7.28645,
	3.01814 7.2592,
	3.01814 7.24557,
	3.00792 7.21832,
	3.00451 7.16382,
	3.00451 7.16041,
	"/>
</Transform>

<Transform dim="6"
 xcoef=" 0.0952760683225813 1.00825716264578 -0.0267809606108929 0 0 0"
 ycoef=" -0.17671420803726 0.0178847787628444 1.01373276289052 0 0 0">
<Contour name="d06c20" hidden="false" closed="true" simplified="true" border="0 1 0" fill="0 1 0" mode="9"
 points="3.97523 6.05524,
	4.04399 6.05094,
	4.07837 6.05094,
	4.09556 6.05094,
	4.12564 6.08102,
	4.12564 6.1154,
	4.12134 6.1326,
	4.08696 6.14549,
	4.0182 6.14549,
	4.00961 6.14549,
	3.98812 6.11111,
	3.97523 6.09392,
	3.97523 6.05954,
	"/>
<Contour name="d06cfa20" hidden="false" closed="false" simplified="false" border="0 1 1" fill="0 1 1" mode="9"
 points="4.13242 6.10963,
	4.07226 6.11822,
	4.03358 6.10533,
	3.96912 6.07095,
	"/>
</Transform>

<Transform dim="6"
 xcoef=" 0.0952760683225813 1.00825716264578 -0.0267809606108929 0 0 0"
 ycoef=" -0.17671420803726 0.0178847787628444 1.01373276289052 0 0 0">
<Contour name="d07" hidden="false" closed="true" simplified="true" border="1 0 1" fill="1 0 1" mode="9"
 points="2.95184 7.57231,
	2.96545 7.55418,
	3.00172 7.53151,
	3.02893 7.49523,
	3.02893 7.42268,
	3.02893 7.38641,
	3.02893 7.37734,
	3.03799 7.36827,
	3.07427 7.36827,
	3.09241 7.38641,
	3.10148 7.40455,
	3.17402 7.40908,
	3.2103 7.40455,
	3.28285 7.3728,
	3.3554 7.35013,
	3.42795 7.31386,
	3.46422 7.29572,
	3.60932 7.29119,
	3.62746 7.29119,
	3.63652 7.29119,
	3.65013 7.30932,
	3.66827 7.30932,
	3.67733 7.31839,
	3.96753 7.31839,
	4.04008 7.31839,
	4.07635 7.30026,
	4.09449 7.29119,
	4.10356 7.28665,
	4.12623 7.31839,
	4.1353 7.32746,
	4.13983 7.36374,
	4.17157 7.40001,
	4.18971 7.41361,
	4.20785 7.44989,
	4.21238 7.46803,
	4.24866 7.5043,
	4.27586 7.54057,
	4.28947 7.55871,
	4.294 7.59499,
	4.294 7.61312,
	4.30307 7.62673,
	4.32121 7.6358,
	4.35748 7.6358,
	4.37562 7.64033,
	4.38922 7.65847,
	4.38922 7.69474,
	4.39829 7.73102,
	4.39829 7.87611,
	4.34388 7.94866,
	4.3076 7.98494,
	4.294 8.00308,
	4.28493 8.03935,
	4.28493 8.07562,
	4.31667 8.1119,
	4.32121 8.13004,
	4.29854 8.16631,
	4.294 8.18445,
	4.28493 8.19352,
	4.28493 8.20259,
	4.25319 8.23433,
	4.24866 8.30687,
	4.24412 8.34315,
	4.22599 8.34315,
	4.15344 8.30234,
	4.1353 8.29781,
	4.11716 8.27967,
	4.10809 8.26153,
	4.10809 8.22526,
	4.10809 8.20712,
	4.14437 8.17538,
	4.15797 8.16178,
	4.16251 8.08923,
	4.15344 8.05295,
	4.15344 8.01668,
	4.15344 7.99854,
	4.14437 7.9804,
	4.10809 7.95773,
	4.04461 7.88972,
	3.97206 7.88518,
	3.93579 7.88518,
	3.89952 7.87158,
	3.82697 7.8081,
	3.79069 7.78089,
	3.77255 7.78089,
	3.75442 7.78996,
	3.74535 7.79903,
	3.6728 7.7945,
	3.65466 7.78996,
	3.64106 7.77182,
	3.63652 7.69928,
	3.63652 7.663,
	3.63652 7.64486,
	3.62292 7.62673,
	3.60478 7.62219,
	3.56851 7.59499,
	3.49596 7.56325,
	3.47782 7.54511,
	3.44155 7.52697,
	3.29645 7.52697,
	3.26018 7.53151,
	3.2239 7.55418,
	3.20576 7.56778,
	3.1967 7.56778,
	3.16496 7.59499,
	3.13322 7.63126,
	3.12415 7.64033,
	3.0516 7.63126,
	2.97905 7.63126,
	2.96998 7.63126,
	2.95638 7.61312,
	2.95184 7.57685,
	"/>
</Transform>

<Transform dim="6"
 xcoef=" 0.0952760683225813 1.00825716264578 -0.0267809606108929 0 0 0"
 ycoef=" -0.17671420803726 0.0178847787628444 1.01373276289052 0 0 0">
<Contour name="d07c40" hidden="false" closed="true" simplified="true" border="1 0 0" fill="0 1 0" mode="9"
 points="4.20037 7.47182,
	4.2128 7.45939,
	4.21901 7.45317,
	4.23144 7.45317,
	4.23765 7.45317,
	4.27493 7.49978,
	4.29047 7.52152,
	4.29668 7.52774,
	4.29668 7.53395,
	4.31532 7.5557,
	4.31843 7.58055,
	4.29979 7.60541,
	4.27493 7.60541,
	4.26251 7.59298,
	4.24697 7.56813,
	4.22523 7.54327,
	4.2128 7.51842,
	4.2128 7.5122,
	4.20037 7.49978,
	4.20037 7.47492,
	"/>
<Contour name="d07cfa40" hidden="false" closed="false" simplified="false" border="0 1 1" fill="0 1 1" mode="9"
 points="4.29968 7.59941,
	4.25308 7.53728,
	4.20648 7.46272,
	"/>
</Transform>

<Transform dim="6"
 xcoef=" 0.0952760683225813 1.00825716264578 -0.0267809606108929 0 0 0"
 ycoef=" -0.17671420803726 0.0178847787628444 1.01373276289052 0 0 0">
<Contour name="d07c29" hidden="false" closed="true" simplified="true" border="1 0 0" fill="0 1 0" mode="9"
 points="2.82717 7.54948,
	2.83494 7.53913,
	2.85565 7.53136,
	2.87636 7.51583,
	2.88672 7.50547,
	2.89966 7.48476,
	2.91002 7.4744,
	2.92038 7.46923,
	2.93073 7.45887,
	3.01358 7.41486,
	3.02394 7.40709,
	3.03429 7.4045,
	3.03947 7.4045,
	3.04465 7.41486,
	3.055 7.42262,
	3.06795 7.44334,
	3.07313 7.4511,
	3.07313 7.46146,
	3.06536 7.48217,
	3.055 7.49253,
	3.04206 7.51065,
	3.03429 7.53136,
	3.02653 7.54172,
	3.00581 7.55207,
	2.99546 7.55725,
	2.9851 7.56761,
	2.97475 7.57279,
	2.96439 7.58314,
	2.95403 7.58832,
	2.93332 7.59091,
	2.92297 7.59609,
	2.84012 7.5935,
	2.82717 7.57279,
	2.82717 7.55207,
	"/>
</Transform>

<Transform dim="6"
 xcoef=" 0.105276068322581 1.00825716264578 -0.0267809606108929 0 0 0"
 ycoef=" -0.18671420803726 0.0178847787628444 1.01373276289052 0 0 0">
<Contour name="d07cfa29" hidden="false" closed="false" simplified="false" border="0 1 1" fill="0 1 1" mode="9"
 points="2.9603 7.57543,
	3.00432 7.54437,
	3.03797 7.51589,
	3.05869 7.48223,
	3.06386 7.46411,
	3.06386 7.43563,
	3.04315 7.40715,
	"/>
</Transform>

<Transform dim="6"
 xcoef=" 0.0952760683225813 1.00825716264578 -0.0267809606108929 0 0 0"
 ycoef=" -0.17671420803726 0.0178847787628444 1.01373276289052 0 0 0">
<Contour name="d08" hidden="false" closed="true" simplified="true" border="1 0 0" fill="1 0 0" mode="9"
 points="4.90858 2.56116,
	4.92669 2.53218,
	4.93756 2.52131,
	4.99552 2.51769,
	5.0245 2.51769,
	5.08246 2.5032,
	5.11145 2.49957,
	5.14043 2.5032,
	5.16578 2.52855,
	5.16216 2.54304,
	5.14043 2.5684,
	5.13318 2.58289,
	5.1042 2.60825,
	5.09696 2.6155,
	5.08971 2.6155,
	5.08246 2.62274,
	4.96654 2.62636,
	4.93756 2.62636,
	4.92307 2.62636,
	4.91583 2.61912,
	4.90858 2.59014,
	4.90858 2.56478,
	"/>
</Transform>

<Transform dim="6"
 xcoef=" 1.09527606832259 1.00825716264578 -0.0267809606108929 0 0 0"
 ycoef=" -0.17671420803726 0.0178847787628444 1.01373276289052 0 0 0">
<Contour name="d07cfa29" hidden="false" closed="true" simplified="true" border="0 1 0" fill="0 1 0" mode="9"
 points="3.81717 7.55948,
	3.82494 7.54913,
	3.84565 7.54136,
	3.86636 7.52583,
	3.87672 7.51547,
	3.88966 7.49476,
	3.90002 7.4844,
	3.91038 7.47923,
	3.92073 7.46887,
	4.00358 7.42486,
	4.01394 7.41709,
	4.02429 7.4145,
	4.02947 7.4145,
	4.03465 7.42486,
	4.045 7.43262,
	4.05795 7.45334,
	4.06313 7.4611,
	4.06313 7.47146,
	4.05536 7.49217,
	4.045 7.50253,
	4.03206 7.52065,
	4.02429 7.54136,
	4.01653 7.55172,
	3.99581 7.56207,
	3.98546 7.56725,
	3.9751 7.57761,
	3.96475 7.58279,
	3.95439 7.59314,
	3.94403 7.59832,
	3.92332 7.60091,
	3.91297 7.60609,
	3.83012 7.6035,
	3.81717 7.58279,
	3.81717 7.56207,
	"/>
</Transform>

<Transform dim="6"
 xcoef=" 0.0952760683225813 1.00825716264578 -0.0267809606108929 0 0 0"
 ycoef=" -0.17671420803726 0.0178847787628444 1.01373276289052 0 0 0">
<Contour name="d01ax28" hidden="false" closed="true" simplified="true" border="0 0 1" fill="0 0 1" mode="-11"
 points="4.395 5.67506,
	4.41522 5.63172,
	4.41811 5.62016,
	4.4499 5.57393,
	4.45568 5.56237,
	4.45568 5.53926,
	4.46146 5.5277,
	4.48168 5.50458,
	4.54236 5.41789,
	4.55392 5.39478,
	4.56259 5.38611,
	4.56548 5.37455,
	4.60015 5.32832,
	4.61749 5.31098,
	4.64061 5.29364,
	4.65217 5.29075,
	4.65505 5.28498,
	4.67817 5.27631,
	4.70129 5.27342,
	4.71285 5.27631,
	4.73596 5.26475,
	4.74752 5.25319,
	4.7533 5.20696,
	4.77642 5.18673,
	4.78797 5.18095,
	4.79375 5.17517,
	4.80531 5.17228,
	4.81687 5.16361,
	4.8631 5.15206,
	4.95557 5.14917,
	5.0018 5.1405,
	5.01047 5.13183,
	5.01625 5.13183,
	5.03936 5.11738,
	5.04803 5.10871,
	5.05381 5.10871,
	5.10004 5.07982,
	5.14628 5.05959,
	5.19251 5.04514,
	5.21563 5.03647,
	5.26186 5.00758,
	5.3052 4.98446,
	5.31098 4.98446,
	5.31676 4.97868,
	5.33988 4.98157,
	5.35143 4.98446,
	5.37455 5.0018,
	5.42078 5.01336,
	5.4439 5.01336,
	5.49013 4.98735,
	5.51325 4.97868,
	5.51903 4.9729,
	5.52481 4.9729,
	5.53637 4.96424,
	5.54792 4.96135,
	5.57104 4.9469,
	5.59416 4.94112,
	5.61727 4.92667,
	5.66351 4.90933,
	5.70974 4.91511,
	5.75597 4.90645,
	5.77909 4.90933,
	5.78487 4.90933,
	5.80509 4.92667,
	5.81954 4.94979,
	5.83399 4.99602,
	5.83977 5.01914,
	5.85133 5.04225,
	5.85133 5.04803,
	5.88311 5.09138,
	5.88311 5.13761,
	5.88311 5.16072,
	5.87155 5.20696,
	5.86288 5.23007,
	5.85711 5.23585,
	5.85422 5.24741,
	5.84555 5.25897,
	5.84266 5.27053,
	5.77909 5.36299,
	5.76175 5.38611,
	5.71841 5.42367,
	5.70685 5.43234,
	5.70107 5.43234,
	5.69529 5.43812,
	5.67217 5.43812,
	5.66062 5.43812,
	5.64906 5.42945,
	5.62594 5.42367,
	5.53348 5.42078,
	5.52192 5.41789,
	5.4988 5.42078,
	5.48724 5.42078,
	5.44101 5.39767,
	5.41789 5.38611,
	5.40634 5.38033,
	5.38322 5.38033,
	5.3601 5.38611,
	5.34855 5.39478,
	5.32543 5.40345,
	5.2792 5.40056,
	5.23296 5.39189,
	5.18673 5.389,
	5.1405 5.40056,
	5.09716 5.43234,
	5.0567 5.47569,
	5.04514 5.49591,
	4.98157 5.5826,
	4.97579 5.59416,
	4.95268 5.61438,
	4.92956 5.62594,
	4.88333 5.63461,
	4.86021 5.64328,
	4.81398 5.67795,
	4.76775 5.70396,
	4.72151 5.71841,
	4.70996 5.72419,
	4.61749 5.72708,
	4.57126 5.72997,
	4.52503 5.74441,
	4.50191 5.75308,
	4.47879 5.75308,
	4.46723 5.7473,
	4.46146 5.74441,
	4.43834 5.7473,
	4.41522 5.73285,
	4.40366 5.72419,
	4.395 5.70107,
	4.395 5.67795,
	"/>
</Transform>

<Transform dim="6"
 xcoef=" 0.0952760683225813 1.00825716264578 -0.0267809606108929 0 0 0"
 ycoef=" -0.17671420803726 0.0178847787628444 1.01373276289052 0 0 0">
<Contour name="d03p23" hidden="false" closed="true" simplified="false" border="1 1 0" fill="1 1 0" mode="-13"
 points="3.83409 2.34886,
	3.83409 2.30184,
	3.78707 2.30184,
	3.78707 2.34298,
	3.78119 2.34886,
	3.78119 2.29596,
	3.83996 2.29596,
	3.83996 2.35474,
	3.78119 2.35474,
	3.78707 2.34886,
	"/>
</Transform>

<Transform dim="6"
 xcoef=" 0.0952760683225813 1.00825716264578 -0.0267809606108929 0 0 0"
 ycoef=" -0.17671420803726 0.0178847787628444 1.01373276289052 0 0 0">
<Contour name="d03p24a" hidden="false" closed="true" simplified="false" border="0 0 1" fill="0 0 1" mode="-13"
 points="3.35508 2.56044,
	3.33451 2.53987,
	3.35508 2.5193,
	3.37565 2.53987,
	"/>
<Contour name="d03p24b" hidden="false" closed="true" simplified="false" border="0 0 1" fill="0 0 1" mode="-13"
 points="3.35508 2.56044,
	3.33451 2.53987,
	3.35508 2.5193,
	3.37565 2.53987,
	"/>
</Transform>

<Transform dim="6"
 xcoef=" 0.0952760683225813 1.00825716264578 -0.0267809606108929 0 0 0"
 ycoef=" -0.17671420803726 0.0178847787628444 1.01373276289052 0 0 0">
<Contour name="d06p20" hidden="false" closed="true" simplified="false" border="0 1 1" fill="0 1 1" mode="9"
 points="3.55136 6.92994,
	3.56129 6.92002,
	3.52158 6.88031,
	3.53151 6.87039,
	3.57121 6.91009,
	3.58114 6.90016,
	3.58114 6.92994,
	"/>
</Transform>

<Transform dim="6"
 xcoef=" 0.0952760683225813 1.00825716264578 -0.0267809606108929 0 0 0"
 ycoef=" -0.17671420803726 0.0178847787628444 1.01373276289052 0 0 0">
<Contour name="d07p40" hidden="false" closed="true" simplified="false" border="0 1 1" fill="0 1 1" mode="9"
 points="4.18911 7.57762,
	4.19903 7.56769,
	4.15933 7.52799,
	4.16926 7.51806,
	4.20896 7.55776,
	4.21889 7.54784,
	4.21889 7.57762,
	"/>
</Transform>

<Transform dim="6"
 xcoef=" 0.0952760683225813 1.00825716264578 -0.0267809606108929 0 0 0"
 ycoef=" -0.17671420803726 0.0178847787628444 1.01373276289052 0 0 0">
<Contour name="d07p29" hidden="false" closed="true" simplified="false" border="0 1 0" fill="0 1 0" mode="-9"
 points="3.53647 7.43369,
	3.53647 7.41384,
	3.55632 7.41384,
	3.55632 7.39398,
	3.57618 7.39398,
	3.57618 7.41384,
	3.59603 7.41384,
	3.59603 7.43369,
	3.57618 7.43369,
	3.57618 7.45354,
	3.55632 7.45354,
	3.55632 7.43369,
	"/>
</Transform>

<Transform dim="6"
 xcoef=" 0.0952760683225813 1.00825716264578 -0.0267809606108929 0 0 0"
 ycoef=" -0.17671420803726 0.0178847787628444 1.01373276289052 0 0 0">
<Contour name="d07p30" hidden="false" closed="true" simplified="false" border="0 1 1" fill="0 1 1" mode="-13"
 points="4.21392 7.92503,
	4.22385 7.9151,
	4.18415 7.8754,
	4.19407 7.86547,
	4.23378 7.90518,
	4.2437 7.89525,
	4.2437 7.92503,
	"/>
</Transform>

<Transform dim="6"
 xcoef=" -0.77698528328911 1.13803440277948 0.0212711840204505 0 0 0"
 ycoef=" -1.34884530686618 0.0568908930962 1.03756492456537 0 0 0">
<Image mag="0.00217507" contrast="0.917" brightness="0.12" red="true" green="true" blue="true"
 src="FHLTD.166.jpg" />
<Contour name="domain1" hidden="false" closed="true" simplified="false" border="1 0 1" fill="1 0 1" mode="11"
 points="0 0,
	4096 0,
	4096 4096,
	0 4096,
	"/>
</Transform>

<Transform dim="0"
 xcoef=" 0 1 0 0 0 0"
 ycoef=" 0 0 1 0 0 0">
<Contour name="d01" hidden="false" closed="true" simplified="true" border="1 0.5 0" fill="1 0.5 0" mode="9"
 points="3.21729 5.32561,
	3.238 5.30948,
	3.24314 5.30413,
	3.25384 5.3092,
	3.33154 5.25002,
	3.37281 5.2125,
	3.38754 5.1702,
	3.3917 5.12808,
	3.3789 5.04422,
	3.38307 5.00211,
	3.3878 4.981,
	3.4185 4.94367,
	3.43991 4.95381,
	3.48314 4.98983,
	3.50454 4.99996,
	3.54665 4.99397,
	3.56778 4.9936,
	3.60947 4.97184,
	3.63018 4.9557,
	3.65116 4.95009,
	3.66743 4.96556,
	3.65798 5.00777,
	3.60741 5.09275,
	3.53555 5.17284,
	3.49442 5.21561,
	3.46913 5.2581,
	3.44856 5.27949,
	3.36545 5.33351,
	3.32362 5.35001,
	3.30277 5.36089,
	3.26052 5.36163,
	3.23898 5.34625,
	3.22828 5.34118,
	3.228 5.33068,
	3.22272 5.33077,
	"/>
</Transform>

<Transform dim="0"
 xcoef=" 0 1 0 0 0 0"
 ycoef=" 0 0 1 0 0 0">
<Contour name="ax04" comment="LK bouton trace named after cfa" hidden="false" closed="true" simplified="true" border="0 1 1" fill="0.502 1 1" mode="9"
 points="3.36569 4.76853,
	3.37358 4.7505,
	3.38372 4.73247,
	3.39611 4.71444,
	3.40287 4.70543,
	3.43555 4.63332,
	3.44456 4.61529,
	3.44907 4.60627,
	3.45133 4.60177,
	3.46034 4.59501,
	3.47837 4.58599,
	3.48738 4.58148,
	3.50541 4.57698,
	3.52344 4.56796,
	3.54147 4.56233,
	3.5595 4.5612,
	3.57752 4.5567,
	3.59443 4.54881,
	3.60344 4.54655,
	3.60795 4.5443,
	3.62598 4.5443,
	3.63048 4.54317,
	3.6395 4.53641,
	3.64851 4.53529,
	3.65302 4.53529,
	3.66203 4.53979,
	3.66654 4.54205,
	3.67105 4.54994,
	3.66541 4.56796,
	3.65753 4.57698,
	3.64851 4.58261,
	3.6395 4.58599,
	3.63499 4.58937,
	3.63386 4.59839,
	3.64175 4.60627,
	3.65077 4.61078,
	3.66879 4.61416,
	3.68682 4.61416,
	3.69133 4.61529,
	3.70936 4.62768,
	3.71725 4.6367,
	3.72175 4.6412,
	3.72401 4.64346,
	3.72513 4.65247,
	3.72288 4.6705,
	3.7195 4.67951,
	3.71386 4.68853,
	3.7071 4.70656,
	3.70485 4.74261,
	3.70598 4.75163,
	3.71274 4.76966,
	3.71274 4.78769,
	3.7071 4.80571,
	3.70598 4.81022,
	3.71048 4.82825,
	3.71161 4.83726,
	3.70936 4.85529,
	3.71274 4.87332,
	3.71048 4.89135,
	3.70485 4.90938,
	3.70147 4.91839,
	3.68682 4.93642,
	3.67781 4.94318,
	3.66879 4.94656,
	3.65978 4.9522,
	3.62372 4.96234,
	3.62147 4.96234,
	3.61696 4.96572,
	3.60795 4.96797,
	3.58992 4.97811,
	3.58541 4.97924,
	3.56738 4.99051,
	3.54936 4.99952,
	3.54034 5.0029,
	3.53583 5.00628,
	3.51781 5.00515,
	3.5133 5.00515,
	3.47724 4.98375,
	3.45921 4.9691,
	3.4502 4.96008,
	3.4378 4.94205,
	3.41865 4.906,
	3.41301 4.89698,
	3.39724 4.87895,
	3.38935 4.86994,
	3.38485 4.86543,
	3.37583 4.8474,
	3.36907 4.81135,
	3.36682 4.80684,
	3.36569 4.77078,
	3.36569 4.76966,
	"/>
</Transform>

<Transform dim="0"
 xcoef=" 0 1 0 0 0 0"
 ycoef=" 0 0 1 0 0 0">
<Contour name="ax20" comment="LK bouton trace named after cfa" hidden="false" closed="true" simplified="true" border="0 1 1" fill="0.502 1 1" mode="9"
 points="6.19925 8.36982,
	6.2033 8.36173,
	6.20633 8.35769,
	6.21442 8.35415,
	6.22251 8.35162,
	6.2306 8.34808,
	6.23869 8.34606,
	6.24678 8.34505,
	6.26296 8.33848,
	6.27105 8.33443,
	6.28723 8.33291,
	6.30341 8.33241,
	6.3115 8.33241,
	6.31352 8.33241,
	6.31908 8.32483,
	6.32565 8.31674,
	6.3297 8.3132,
	6.33374 8.31067,
	6.34992 8.30763,
	6.3661 8.30814,
	6.38228 8.31067,
	6.41464 8.31218,
	6.42273 8.31269,
	6.43082 8.31218,
	6.43891 8.31067,
	6.44295 8.31016,
	6.45913 8.30258,
	6.47531 8.29348,
	6.47936 8.29145,
	6.48745 8.29095,
	6.49554 8.29145,
	6.50363 8.29499,
	6.50767 8.29752,
	6.51425 8.30561,
	6.5193 8.3137,
	6.52183 8.32179,
	6.52537 8.32988,
	6.53042 8.34555,
	6.53194 8.3496,
	6.53295 8.35769,
	6.53396 8.36173,
	6.53498 8.39409,
	6.53245 8.42645,
	6.53144 8.44263,
	6.53093 8.45072,
	6.52992 8.45274,
	6.52891 8.46083,
	6.52436 8.47701,
	6.51273 8.50937,
	6.50616 8.52555,
	6.50413 8.53364,
	6.50059 8.54173,
	6.49149 8.55791,
	6.48441 8.566,
	6.47936 8.57409,
	6.47683 8.57813,
	6.47582 8.58016,
	6.46773 8.58774,
	6.45964 8.5933,
	6.45206 8.60089,
	6.45054 8.60291,
	6.44953 8.60392,
	6.45003 8.6201,
	6.45155 8.63628,
	6.45104 8.64437,
	6.44801 8.65246,
	6.44599 8.6565,
	6.43234 8.67268,
	6.42425 8.67976,
	6.41616 8.68482,
	6.41515 8.68583,
	6.41413 8.68583,
	6.39796 8.69847,
	6.38987 8.70504,
	6.38178 8.70959,
	6.37773 8.71161,
	6.36964 8.71718,
	6.35346 8.72577,
	6.34537 8.72931,
	6.33728 8.73184,
	6.33324 8.73234,
	6.32515 8.73133,
	6.3211 8.73032,
	6.31706 8.7283,
	6.31504 8.72779,
	6.30644 8.71161,
	6.30442 8.70757,
	6.30138 8.70352,
	6.29987 8.7015,
	6.29886 8.70049,
	6.29886 8.69847,
	6.29228 8.69038,
	6.29178 8.68229,
	6.29178 8.67824,
	6.29279 8.67622,
	6.29279 8.66004,
	6.29178 8.65195,
	6.28925 8.64386,
	6.28925 8.64285,
	6.28773 8.64083,
	6.28571 8.63274,
	6.2847 8.63072,
	6.28369 8.62971,
	6.28217 8.62566,
	6.27712 8.61757,
	6.27661 8.61555,
	6.26549 8.59937,
	6.26346 8.59533,
	6.2579 8.58724,
	6.25335 8.57915,
	6.25183 8.57106,
	6.25082 8.55488,
	6.25082 8.54679,
	6.24931 8.54274,
	6.24021 8.52656,
	6.23313 8.51038,
	6.2306 8.50229,
	6.22959 8.48611,
	6.2306 8.45375,
	6.23111 8.44971,
	6.22959 8.44162,
	6.22807 8.43758,
	6.21695 8.4214,
	6.20785 8.40522,
	6.2038 8.39713,
	6.20178 8.38904,
	6.20026 8.38499,
	6.19925 8.3769,
	6.19925 8.37286,
	6.19925 8.37084,
	6.19925 8.37033,
	"/>
</Transform>

<Transform dim="0"
 xcoef=" 0 1 0 0 0 0"
 ycoef=" 0 0 1 0 0 0">
<Contour name="ax23" comment="LK bouton trace named after cfa" hidden="false" closed="true" simplified="true" border="0 1 1" fill="0.502 1 1" mode="9"
 points="4.42218 9.04811,
	4.43216 9.02681,
	4.43483 9.02148,
	4.44348 9.01082,
	4.45414 9.00084,
	4.4568 8.99817,
	4.46746 8.99218,
	4.48876 8.98286,
	4.49942 8.97553,
	4.50475 8.9722,
	4.51007 8.9702,
	4.53138 8.96887,
	4.53405 8.96887,
	4.55535 8.97953,
	4.56601 8.98419,
	4.57134 8.98685,
	4.61395 9.00084,
	4.63526 9.0035,
	4.65657 9.00749,
	4.66722 9.01016,
	4.67255 9.01282,
	4.6832 9.01482,
	4.68853 9.01482,
	4.69919 9.01149,
	4.70984 9.00683,
	4.72049 9.0035,
	4.72582 9.00283,
	4.73115 9.00417,
	4.73648 9.00816,
	4.74114 9.01349,
	4.74447 9.01881,
	4.74913 9.02414,
	4.75512 9.0348,
	4.75845 9.04545,
	4.75845 9.06676,
	4.75579 9.07741,
	4.75512 9.08274,
	4.75579 9.08807,
	4.76311 9.09872,
	4.77177 9.10938,
	4.7751 9.1147,
	4.7771 9.12003,
	4.77776 9.13068,
	4.77576 9.14134,
	4.77044 9.15199,
	4.75113 9.1733,
	4.72982 9.19061,
	4.70851 9.2066,
	4.66589 9.23456,
	4.64458 9.24588,
	4.63393 9.25054,
	4.62327 9.25121,
	4.60197 9.24921,
	4.59664 9.24855,
	4.59131 9.24588,
	4.58931 9.24322,
	4.58931 9.24189,
	4.58399 9.23856,
	4.574 9.2339,
	4.56334 9.22724,
	4.54204 9.21925,
	4.53138 9.21525,
	4.51007 9.20393,
	4.49942 9.19594,
	4.49409 9.19195,
	4.4841 9.18129,
	4.47545 9.17064,
	4.47079 9.16531,
	4.4608 9.144,
	4.45947 9.13867,
	4.4548 9.13468,
	4.44415 9.12935,
	4.43882 9.12669,
	4.43416 9.12203,
	4.4315 9.11936,
	4.43017 9.1167,
	4.42883 9.11537,
	4.42684 9.10471,
	4.42551 9.08341,
	4.42284 9.07275,
	4.42218 9.05144,
	4.42218 9.04878,
	"/>
</Transform>

</Section>