<?xml version="1.0"?>
<!DOCTYPE Section SYSTEM "section.dtd">

<Section index="125" thickness="0.045" alignLocked="true">
<Transform dim="6"
 xcoef=" 1.74304215503322 1.01161358043972 -0.0232860853193382 0 0 0"
 ycoef=" 0.952929176675023 0.0206018529314313 1.00550325163609 0 0 0">
<Contour name="D04" hidden="false" closed="true" simplified="true" border="1 0 0" fill="1 0 0" mode="11"
 points="5.46492 7.32996,
	5.46778 7.29096,
	5.47628 7.25281,
	5.49024 7.21634,
	5.50936 7.18235,
	5.53323 7.15158,
	5.56131 7.1247,
	5.59299 7.1023,
	5.6276 7.08487,
	5.66436 7.07278,
	5.70248 7.0663,
	5.74113 7.06558,
	5.77947 7.07063,
	5.81665 7.08133,
	5.85186 7.09746,
	5.88435 7.11866,
	5.91339 7.14447,
	5.93836 7.17432,
	5.95871 7.20758,
	5.97399 7.2435,
	5.98388 7.28131,
	5.98816 7.32018,
	5.98673 7.35926,
	5.97963 7.39771,
	5.96701 7.43467,
	5.94914 7.46936,
	5.92642 7.501,
	5.89934 7.52891,
	5.86849 7.55248,
	5.83455 7.57119,
	5.79825 7.58464,
	5.76039 7.59254,
	5.72179 7.59471,
	5.6833 7.5911,
	5.64576 7.58179,
	5.60998 7.56699,
	5.57674 7.54702,
	5.54678 7.52231,
	5.52073 7.49341,
	5.49918 7.46094,
	5.48259 7.42562,
	5.47133 7.3882,
	"/>
</Transform>

<Transform dim="6"
 xcoef=" 0.283042155033215 1.01161358043972 -0.0232860853193382 0 0 0"
 ycoef=" -0.397070823324978 0.0206018529314313 1.00550325163609 0 0 0">
<Contour name="D05" hidden="false" closed="true" simplified="true" border="1 1 0" fill="1 1 0" mode="11"
 points="2.69299 3.97404,
	2.70475 3.90163,
	2.73888 3.83632,
	2.79205 3.78448,
	2.85904 3.7512,
	2.93329 3.73974,
	3.00755 3.7512,
	3.07454 3.78448,
	3.12771 3.83632,
	3.16184 3.90163,
	3.1736 3.97404,
	3.16184 4.04644,
	3.12771 4.11175,
	3.07454 4.16359,
	3.00755 4.19687,
	2.93329 4.20833,
	2.85904 4.19687,
	2.79205 4.16359,
	2.73888 4.11175,
	"/>
</Transform>

<Transform dim="6"
 xcoef=" 0.0630421550332155 1.01161358043972 -0.0232860853193382 0 0 0"
 ycoef=" -0.167070823324978 0.0206018529314313 1.00550325163609 0 0 0">
<Contour name="d01" hidden="true" closed="true" simplified="true" border="1 0.5 0" fill="1 0.5 0" mode="9"
 points="4.91198 3.40962,
	4.92263 3.39896,
	4.93329 3.35634,
	4.93329 3.33503,
	4.93861 3.3297,
	4.94394 3.35101,
	4.94394 3.36167,
	4.9546 3.34569,
	4.9546 3.32438,
	4.96525 3.30307,
	5.00787 3.2711,
	5.01853 3.2711,
	5.04517 3.18586,
	5.04517 3.1752,
	5.0132 3.13258,
	4.99189 3.08996,
	4.99189 3.06865,
	4.99722 3.058,
	4.98124 3.04202,
	4.99722 3.02603,
	4.99189 3.00472,
	4.99722 2.98341,
	5.01853 2.98341,
	5.02918 2.98341,
	5.05049 2.9994,
	5.05582 3.01005,
	5.06648 3.01005,
	5.07713 3.02071,
	5.11975 3.03669,
	5.16237 3.06333,
	5.18368 3.07931,
	5.2263 3.08464,
	5.24761 3.08464,
	5.29023 3.06333,
	5.31154 3.04202,
	5.31687 3.03136,
	5.35949 3.02071,
	5.44473 3.02071,
	5.46604 3.02071,
	5.49268 2.98341,
	5.51399 2.96743,
	5.55661 2.97276,
	5.56726 2.97276,
	5.60988 3.01538,
	5.69512 3.058,
	5.78036 3.14324,
	5.81766 3.18053,
	5.82831 3.20184,
	5.83897 3.20717,
	5.82831 3.21782,
	5.85495 3.26044,
	5.88691 3.34569,
	5.89224 3.38831,
	5.9029 3.40962,
	5.98281 3.4842,
	5.98814 3.50551,
	5.97748 3.51617,
	5.96683 3.51617,
	5.92953 3.54813,
	5.90822 3.55346,
	5.89757 3.56411,
	5.89224 3.60673,
	5.89224 3.62804,
	5.87626 3.64935,
	5.85495 3.66001,
	5.83364 3.70263,
	5.82298 3.74525,
	5.807 3.77189,
	5.81233 3.7932,
	5.80167 3.81451,
	5.78036 3.83582,
	5.75905 3.84647,
	5.58857 3.8518,
	5.50333 3.8518,
	5.41809 3.83582,
	5.39678 3.83049,
	5.35416 3.79852,
	5.34351 3.79852,
	5.3222 3.77721,
	5.23696 3.71861,
	5.15172 3.67066,
	5.06648 3.61206,
	5.04517 3.60141,
	5.05049 3.59075,
	4.96525 3.59608,
	4.9546 3.58542,
	4.92796 3.50018,
	4.91198 3.41494,
	"/>
</Transform>

<Transform dim="6"
 xcoef=" 0.0630421550332155 1.01161358043972 -0.0232860853193382 0 0 0"
 ycoef=" -0.167070823324978 0.0206018529314313 1.00550325163609 0 0 0">
<Contour name="d01" hidden="true" closed="true" simplified="true" border="1 0.5 0" fill="1 0.5 0" mode="9"
 points="5.91879 4.34786,
	5.93214 4.27666,
	5.93659 4.24106,
	5.94549 4.22326,
	5.96329 4.20546,
	5.97665 4.19656,
	5.97665 4.16096,
	5.99 4.12535,
	6.02115 4.08975,
	6.03005 4.08085,
	6.04785 4.0764,
	6.05675 4.0764,
	6.07455 4.0942,
	6.079 4.1031,
	6.03895 4.17431,
	6.01225 4.31671,
	5.9989 4.35232,
	5.98555 4.37012,
	5.94994 4.36567,
	5.93214 4.36567,
	5.91879 4.35232,
	"/>
</Transform>

<Transform dim="6"
 xcoef=" 0.0630421550332155 1.01161358043972 -0.0232860853193382 0 0 0"
 ycoef=" -0.167070823324978 0.0206018529314313 1.00550325163609 0 0 0">
<Contour name="d01c12" hidden="false" closed="true" simplified="true" border="0 1 0" fill="0 1 0" mode="9"
 points="6.28902 3.87236,
	6.30171 3.86919,
	6.35245 3.88188,
	6.37783 3.89139,
	6.4032 3.90725,
	6.41588 3.91676,
	6.42223 3.92311,
	6.43491 3.92628,
	6.44125 3.93262,
	6.492 3.92945,
	6.59349 3.89774,
	6.61886 3.88822,
	6.63154 3.88822,
	6.64423 3.88188,
	6.6696 3.88505,
	6.68229 3.88822,
	6.67277 3.89774,
	6.6474 3.90408,
	6.63471 3.91042,
	6.61569 3.93262,
	6.59031 3.94214,
	6.57763 3.94214,
	6.55543 3.95799,
	6.54274 3.96434,
	6.52371 3.98971,
	6.47297 3.98019,
	6.4476 3.96117,
	6.43491 3.95482,
	6.38417 3.95799,
	6.37148 3.95799,
	6.36514 3.95799,
	6.34928 3.93262,
	6.32391 3.92311,
	6.29854 3.90725,
	6.2922 3.89456,
	6.2922 3.88188,
	6.2922 3.87554,
	"/>
<Contour name="d01" hidden="true" closed="true" simplified="true" border="1 0.5 0" fill="1 0.5 0" mode="9"
 points="6.01311 3.86919,
	6.02579 3.85968,
	6.02896 3.83431,
	6.05434 3.81211,
	6.10508 3.78673,
	6.20657 3.80259,
	6.23194 3.80893,
	6.25731 3.82162,
	6.30805 3.86602,
	6.33342 3.89139,
	6.38417 3.91676,
	6.43491 3.92945,
	6.48566 3.93262,
	6.5364 3.92628,
	6.58714 3.91042,
	6.63789 3.88822,
	6.66326 3.87871,
	6.68863 3.87554,
	6.70132 3.87554,
	6.72669 3.88822,
	6.77743 3.92945,
	6.78694 3.94214,
	6.79012 3.95482,
	6.79329 3.96117,
	6.77743 4.01191,
	6.76474 4.03728,
	6.73937 4.05314,
	6.68863 4.069,
	6.63789 4.09437,
	6.58714 4.1134,
	6.5364 4.10705,
	6.51103 4.10388,
	6.46028 4.11022,
	6.3588 4.08485,
	6.25731 4.04997,
	6.20657 4.02777,
	6.15582 3.99922,
	6.13045 3.97702,
	6.11142 3.92628,
	6.11459 3.90091,
	6.12094 3.88822,
	6.11142 3.87871,
	6.10508 3.87554,
	6.05434 3.89774,
	6.02896 3.88505,
	6.01628 3.87236,
	"/>
</Transform>

<Transform dim="6"
 xcoef=" 0.0630421550332155 1.01161358043972 -0.0232860853193382 0 0 0"
 ycoef=" -0.167070823324978 0.0206018529314313 1.00550325163609 0 0 0">
<Contour name="d01cfa12" hidden="false" closed="false" simplified="false" border="0 1 1" fill="0 1 1" mode="9"
 points="6.65738 3.88683,
	6.60664 3.91855,
	6.5337 3.94075,
	6.45124 3.94392,
	6.35292 3.91855,
	6.29901 3.87415,
	"/>
</Transform>

<Transform dim="6"
 xcoef=" 0.0630421550332155 1.01161358043972 -0.0232860853193382 0 0 0"
 ycoef=" -0.167070823324978 0.0206018529314313 1.00550325163609 0 0 0">
<Contour name="d01" hidden="true" closed="true" simplified="true" border="1 0.5 0" fill="1 0.5 0" mode="9"
 points="5.52729 2.72469,
	5.53202 2.71524,
	5.5509 2.70108,
	5.57688 2.6633,
	5.5816 2.65386,
	5.61938 2.64441,
	5.65479 2.61372,
	5.66424 2.59483,
	5.67368 2.55705,
	5.67604 2.53816,
	5.67368 2.51927,
	5.67604 2.50039,
	5.67604 2.49094,
	5.69021 2.45316,
	5.69021 2.41539,
	5.6784 2.37761,
	5.65243 2.33983,
	5.64771 2.33039,
	5.65007 2.3115,
	5.65951 2.30442,
	5.6784 2.29969,
	5.69729 2.29969,
	5.71382 2.30678,
	5.7516 2.33747,
	5.77049 2.34928,
	5.78937 2.35636,
	5.80826 2.35872,
	5.81771 2.36344,
	5.83423 2.38233,
	5.83423 2.40122,
	5.82479 2.42011,
	5.81771 2.42955,
	5.81771 2.439,
	5.83423 2.47678,
	5.8366 2.49566,
	5.83187 2.51455,
	5.82951 2.524,
	5.79882 2.55941,
	5.78229 2.57358,
	5.73271 2.64913,
	5.71618 2.66802,
	5.70674 2.67747,
	5.66896 2.69636,
	5.65951 2.7058,
	5.65243 2.72469,
	5.64063 2.74358,
	5.60285 2.75538,
	5.56507 2.76247,
	5.54618 2.76247,
	5.53674 2.76011,
	5.52729 2.75066,
	5.52729 2.73177,
	5.52729 2.72705,
	"/>
</Transform>

<Transform dim="6"
 xcoef=" 0.0630421550332155 1.01161358043972 -0.0232860853193382 0 0 0"
 ycoef=" -0.167070823324978 0.0206018529314313 1.00550325163609 0 0 0">
<Contour name="d01c47" hidden="false" closed="true" simplified="true" border="0 1 0" fill="0 1 0" mode="9"
 points="5.59577 2.64205,
	5.62174 2.60427,
	5.65243 2.52872,
	5.67368 2.45316,
	5.67604 2.41539,
	5.67604 2.3965,
	5.68076 2.38705,
	5.68785 2.39414,
	5.68549 2.43191,
	5.68549 2.4508,
	5.6784 2.48858,
	5.67604 2.56414,
	5.67132 2.58302,
	5.67132 2.58775,
	5.65951 2.60664,
	5.6241 2.64205,
	5.60521 2.64913,
	5.59813 2.64441,
	"/>
<Contour name="d01cfa47" hidden="false" closed="false" simplified="false" border="0 1 1" fill="0 1 1" mode="9"
 points="5.68073 2.38992,
	5.68073 2.4584,
	5.67601 2.49145,
	5.66421 2.53631,
	5.64768 2.57881,
	5.63351 2.60714,
	5.60282 2.64256,
	"/>
</Transform>

<Transform dim="6"
 xcoef=" 0.0630421550332155 1.01161358043972 -0.0232860853193382 0 0 0"
 ycoef=" -0.167070823324978 0.0206018529314313 1.00550325163609 0 0 0">
<Contour name="d03" hidden="false" closed="true" simplified="true" border="0 1 0" fill="0 1 0" mode="9"
 points="3.87769 3.00789,
	3.89983 2.98575,
	4.10225 2.98259,
	4.12755 2.98259,
	4.15286 2.99208,
	4.16551 3.00157,
	4.18132 3.02687,
	4.19397 3.02687,
	4.21611 3.04269,
	4.22876 3.04269,
	4.23509 3.04585,
	4.23825 3.07115,
	4.24142 3.0838,
	4.18132 3.18185,
	4.16867 3.1945,
	4.14653 3.24511,
	4.1402 3.25776,
	4.13704 3.28307,
	4.13388 3.29572,
	4.12439 3.30837,
	4.11806 3.31469,
	4.11806 3.32102,
	4.09276 3.33683,
	4.08011 3.34,
	4.06746 3.33683,
	4.06113 3.33683,
	4.03583 3.31786,
	4.02318 3.30521,
	3.98839 3.2546,
	3.98206 3.2293,
	3.96625 3.20399,
	3.95992 3.19134,
	3.95359 3.14074,
	3.95043 3.12808,
	3.90615 3.08064,
	3.88401 3.0585,
	3.87769 3.05218,
	3.87769 3.02687,
	3.87769 3.01422,
	3.87769 3.01106,
	"/>
</Transform>

<Transform dim="6"
 xcoef=" 0.0630421550332155 1.01161358043972 -0.0232860853193382 0 0 0"
 ycoef=" -0.167070823324978 0.0206018529314313 1.00550325163609 0 0 0">
<Contour name="d03c15" hidden="false" closed="true" simplified="true" border="1 0 0" fill="1 0 0" mode="9"
 points="4.14762 3.20071,
	4.16719 3.13811,
	4.17501 3.1068,
	4.19066 3.0755,
	4.20632 3.05985,
	4.23762 3.04811,
	4.24544 3.0442,
	4.27283 3.07159,
	4.28457 3.08724,
	4.28457 3.14985,
	4.28066 3.1655,
	4.27283 3.17332,
	4.2611 3.23593,
	4.23762 3.26723,
	4.22588 3.27114,
	4.21023 3.28288,
	4.17893 3.2868,
	4.16327 3.2868,
	4.15545 3.2868,
	4.14762 3.27897,
	4.14762 3.21636,
	4.14762 3.20463,
	"/>
<Contour name="d03cfa15" hidden="false" closed="false" simplified="false" border="0 1 1" fill="0 1 1" mode="9"
 points="4.17803 3.27939,
	4.20151 3.21287,
	4.2289 3.12287,
	4.2289 3.04462,
	"/>
</Transform>

<Transform dim="6"
 xcoef=" 0.0630421550332155 1.01161358043972 -0.0232860853193382 0 0 0"
 ycoef=" -0.167070823324978 0.0206018529314313 1.00550325163609 0 0 0">
<Contour name="d06" hidden="true" closed="true" simplified="true" border="0 0 1" fill="0 0 1" mode="11"
 points="2.24331 6.71598,
	2.25724 6.69369,
	2.27953 6.67418,
	2.32412 6.64632,
	2.34641 6.62681,
	2.37707 6.58222,
	2.4133 6.53763,
	2.43002 6.52091,
	2.43838 6.51534,
	2.44952 6.49305,
	2.46903 6.47354,
	2.48018 6.46518,
	2.52476 6.46239,
	2.54706 6.46518,
	2.56935 6.4819,
	2.61394 6.4819,
	2.61951 6.48747,
	2.61951 6.49862,
	2.61115 6.50698,
	2.58886 6.51534,
	2.5805 6.52649,
	2.57492 6.53206,
	2.57492 6.53763,
	2.5805 6.54321,
	2.62509 6.54321,
	2.64738 6.54599,
	2.66131 6.59058,
	2.65017 6.59894,
	2.63066 6.6073,
	2.60001 6.65189,
	2.60837 6.66025,
	2.61115 6.70484,
	2.56656 6.74106,
	2.54427 6.74106,
	2.53312 6.74385,
	2.53034 6.76614,
	2.51919 6.77172,
	2.51362 6.77172,
	2.49132 6.78565,
	2.44674 6.79401,
	2.35756 6.79401,
	2.31297 6.79122,
	2.29068 6.78844,
	2.26839 6.77729,
	2.25724 6.76893,
	2.25167 6.74664,
	2.24331 6.73549,
	2.24331 6.72434,
	2.24331 6.71877,
	"/>
<Contour name="d06" hidden="true" closed="true" simplified="true" border="0 0 1" fill="0 0 1" mode="11"
 points="2.70033 6.83581,
	2.7059 6.82467,
	2.72819 6.80516,
	2.73934 6.78286,
	2.73934 6.73828,
	2.73934 6.72713,
	2.72541 6.70484,
	2.72262 6.68254,
	2.72262 6.67697,
	2.75885 6.63238,
	2.80344 6.61009,
	2.81458 6.61009,
	2.83688 6.59894,
	2.85638 6.57943,
	2.87032 6.55714,
	2.87032 6.53485,
	2.86753 6.5237,
	2.82294 6.51813,
	2.81737 6.51813,
	2.80622 6.50698,
	2.80065 6.50141,
	2.79786 6.49026,
	2.77557 6.49026,
	2.76442 6.48747,
	2.74213 6.46797,
	2.73098 6.44567,
	2.73098 6.42338,
	2.73098 6.41223,
	2.76999 6.37322,
	2.85917 6.37043,
	2.87032 6.376,
	2.88146 6.376,
	2.92605 6.40387,
	3.01523 6.40387,
	3.03752 6.40387,
	3.04867 6.40387,
	3.05424 6.40944,
	3.07653 6.41502,
	3.08768 6.41502,
	3.09325 6.41502,
	3.09604 6.42059,
	3.09325 6.42617,
	3.13505 6.4401,
	3.1462 6.44289,
	3.15735 6.45125,
	3.17964 6.45125,
	3.19079 6.45403,
	3.21308 6.46797,
	3.23538 6.47075,
	3.25767 6.46518,
	3.34684 6.46797,
	3.36914 6.47075,
	3.38586 6.49305,
	3.38586 6.58222,
	3.38586 6.62681,
	3.38029 6.6714,
	3.38029 6.69369,
	3.38029 6.70484,
	3.37471 6.71598,
	3.36914 6.76057,
	3.36078 6.78286,
	3.29111 6.86647,
	3.28554 6.87761,
	3.20194 6.93335,
	3.19079 6.94171,
	3.1462 6.95564,
	3.05703 6.95843,
	3.01244 6.96121,
	2.97064 6.98629,
	2.95949 6.99466,
	2.95392 7.00023,
	2.86474 7.00023,
	2.84245 7.00023,
	2.82016 6.99466,
	2.80901 6.99466,
	2.79786 6.98908,
	2.79229 6.98908,
	2.78672 6.98351,
	2.77557 6.98351,
	2.75606 6.964,
	2.75049 6.94171,
	2.7477 6.93056,
	2.7059 6.88876,
	2.70033 6.87761,
	2.70033 6.85532,
	2.70033 6.84417,
	2.70033 6.8386,
	"/>
</Transform>

<Transform dim="6"
 xcoef=" 0.0630421550332155 1.01161358043972 -0.0232860853193382 0 0 0"
 ycoef=" -0.167070823324978 0.0206018529314313 1.00550325163609 0 0 0">
<Contour name="d06" hidden="true" closed="true" simplified="true" border="0 0 1" fill="0 0 1" mode="11"
 points="2.21265 6.18651,
	2.22659 6.16421,
	2.24888 6.14471,
	2.25724 6.13913,
	2.27953 6.11963,
	2.29068 6.11405,
	2.37985 6.11684,
	2.38543 6.13913,
	2.38821 6.15028,
	2.38543 6.16143,
	2.3492 6.20323,
	2.34363 6.21437,
	2.33248 6.22274,
	2.24331 6.22831,
	2.23216 6.22552,
	2.21265 6.20601,
	2.21265 6.19487,
	2.21265 6.18929,
	"/>
</Transform>

<Transform dim="6"
 xcoef=" 0.0630421550332155 1.01161358043972 -0.0232860853193382 0 0 0"
 ycoef=" -0.167070823324978 0.0206018529314313 1.00550325163609 0 0 0">
<Contour name="d07" hidden="true" closed="true" simplified="true" border="1 0 1" fill="1 0 1" mode="9"
 points="2.6027 7.46349,
	2.60723 7.42722,
	2.62537 7.39094,
	2.63444 7.3728,
	2.65258 7.35467,
	2.68885 7.34106,
	2.72513 7.34106,
	2.74326 7.35013,
	2.775 7.38641,
	2.82035 7.45896,
	2.83848 7.49523,
	2.85662 7.50883,
	2.86116 7.51337,
	2.82488 7.54511,
	2.80674 7.55871,
	2.7342 7.55418,
	2.69792 7.54057,
	2.68885 7.54057,
	2.67525 7.55871,
	2.67071 7.57685,
	2.67071 7.58592,
	2.65258 7.60406,
	2.63444 7.60859,
	2.6163 7.60406,
	2.60723 7.59499,
	2.6027 7.52244,
	2.6027 7.48616,
	2.6027 7.46803,
	"/>
</Transform>

<Transform dim="6"
 xcoef=" 0.0630421550332155 1.01161358043972 -0.0232860853193382 0 0 0"
 ycoef=" -0.167070823324978 0.0206018529314313 1.00550325163609 0 0 0">
<Contour name="d07c21" hidden="true" closed="true" simplified="true" border="1 0 0" fill="0 1 0" mode="9"
 points="2.58482 7.4096,
	2.60781 7.38661,
	2.61766 7.37347,
	2.6308 7.37019,
	2.64394 7.37347,
	2.64394 7.39975,
	2.65051 7.42602,
	2.65379 7.43916,
	2.65379 7.44573,
	2.64722 7.44901,
	2.64066 7.44573,
	2.63409 7.46872,
	2.63409 7.495,
	2.6308 7.50813,
	2.60781 7.53112,
	2.59467 7.53112,
	2.58482 7.51799,
	2.58482 7.41289,
	"/>
<Contour name="d07cfa21" hidden="false" closed="false" simplified="false" border="0 1 1" fill="0 1 1" mode="9"
 points="2.60596 7.52634,
	2.61581 7.43766,
	2.63224 7.36869,
	"/>
</Transform>

<Transform dim="6"
 xcoef=" 0.0630421550332155 1.01161358043972 -0.0232860853193382 0 0 0"
 ycoef=" -0.167070823324978 0.0206018529314313 1.00550325163609 0 0 0">
<Contour name="d08" hidden="false" closed="true" simplified="true" border="1 0 0" fill="1 0 0" mode="9"
 points="3.85357 2.75373,
	3.87011 2.72066,
	3.89906 2.68758,
	3.93213 2.66691,
	3.95281 2.63383,
	3.95694 2.50152,
	3.95694 2.46844,
	3.96521 2.43536,
	3.97348 2.41882,
	3.97762 2.41055,
	3.94867 2.37747,
	3.93627 2.36093,
	3.928 2.35267,
	3.91146 2.35267,
	3.87838 2.32786,
	3.87425 2.2617,
	3.87838 2.24516,
	3.90733 2.21208,
	3.97348 2.20795,
	4.00656 2.20795,
	4.0231 2.21208,
	4.03964 2.22862,
	4.04377 2.29478,
	4.04377 2.32786,
	4.0355 2.3444,
	4.02723 2.35267,
	4.02723 2.38574,
	4.02723 2.40228,
	4.02723 2.41055,
	4.0355 2.41882,
	4.10166 2.41882,
	4.13474 2.41882,
	4.16781 2.41055,
	4.23397 2.41055,
	4.26705 2.39815,
	4.31253 2.33199,
	4.3332 2.29891,
	4.36628 2.26997,
	4.43244 2.22862,
	4.46552 2.21622,
	4.48205 2.20795,
	4.49032 2.20795,
	4.49859 2.23689,
	4.52754 2.26584,
	4.52754 2.28237,
	4.54408 2.31545,
	4.54821 2.38161,
	4.56061 2.41469,
	4.56061 2.44776,
	4.56061 2.4643,
	4.56888 2.48084,
	4.60196 2.50979,
	4.6185 2.51805,
	4.63091 2.53459,
	4.63091 2.55113,
	4.6061 2.58008,
	4.59783 2.59661,
	4.59783 2.62969,
	4.56888 2.65864,
	4.56475 2.72479,
	4.56061 2.75787,
	4.55235 2.76614,
	4.54821 2.78268,
	4.53167 2.79922,
	4.53167 2.80749,
	4.42417 2.93153,
	4.36215 2.98115,
	4.32907 2.99768,
	4.3208 2.99768,
	4.31253 3.00595,
	4.30426 3.00595,
	4.29186 3.02249,
	4.28772 3.03076,
	4.22157 3.0349,
	4.18849 3.0349,
	4.15541 3.01836,
	4.13887 3.00182,
	4.10579 2.98941,
	4.03964 2.98528,
	4.01069 2.9522,
	3.99829 2.91912,
	3.96521 2.88605,
	3.94867 2.87778,
	3.9156 2.87778,
	3.89906 2.87364,
	3.89079 2.87364,
	3.85771 2.84056,
	3.85357 2.77441,
	3.85357 2.75787,
	"/>
</Transform>

<Transform dim="6"
 xcoef=" 0.0630421550332155 1.01161358043972 -0.0232860853193382 0 0 0"
 ycoef=" -0.167070823324978 0.0206018529314313 1.00550325163609 0 0 0">
<Contour name="D05" hidden="false" closed="true" simplified="true" border="1 1 0" fill="1 1 0" mode="11"
 points="1.48755 3.55891,
	1.48981 3.54915,
	1.49636 3.54034,
	1.50658 3.53336,
	1.51944 3.52887,
	1.53371 3.52733,
	1.54797 3.52887,
	1.56084 3.53336,
	1.57105 3.54034,
	1.57761 3.54915,
	1.57987 3.55891,
	1.57761 3.56867,
	1.57105 3.57747,
	1.56084 3.58446,
	1.54797 3.58894,
	1.53371 3.59049,
	1.51944 3.58894,
	1.50658 3.58446,
	1.49636 3.57747,
	"/>
</Transform>

<Transform dim="6"
 xcoef=" 0.0630421550332155 1.01161358043972 -0.0232860853193382 0 0 0"
 ycoef=" -0.167070823324978 0.0206018529314313 1.00550325163609 0 0 0">
<Contour name="D05" hidden="false" closed="true" simplified="true" border="1 1 0" fill="1 1 0" mode="11"
 points="2.64394 2.89811,
	2.64643 2.87785,
	2.65368 2.85956,
	2.66497 2.84505,
	2.67919 2.83573,
	2.69495 2.83252,
	2.71072 2.83573,
	2.72494 2.84505,
	2.73623 2.85956,
	2.74347 2.87785,
	2.74597 2.89811,
	2.74347 2.91838,
	2.73623 2.93667,
	2.72494 2.95118,
	2.71072 2.9605,
	2.69495 2.96371,
	2.67919 2.9605,
	2.66497 2.95118,
	2.65368 2.93667,
	"/>
</Transform>

<Transform dim="6"
 xcoef=" 0.0630421550332155 1.01161358043972 -0.0232860853193382 0 0 0"
 ycoef=" -0.167070823324978 0.0206018529314313 1.00550325163609 0 0 0">
<Contour name="D11" hidden="false" closed="true" simplified="true" border="1 0.5 0" fill="1 0.5 0" mode="11"
 points="3.98982 4.00349,
	3.99505 3.97496,
	4.01023 3.94922,
	4.03388 3.9288,
	4.06368 3.91569,
	4.09671 3.91117,
	4.12974 3.91569,
	4.15954 3.9288,
	4.18319 3.94922,
	4.19837 3.97496,
	4.2036 4.00349,
	4.19837 4.03201,
	4.18319 4.05775,
	4.15954 4.07817,
	4.12974 4.09128,
	4.09671 4.0958,
	4.06368 4.09128,
	4.03388 4.07817,
	4.01023 4.05775,
	"/>
</Transform>

<Transform dim="6"
 xcoef=" 0.0630421550332155 1.01161358043972 -0.0232860853193382 0 0 0"
 ycoef=" -0.167070823324978 0.0206018529314313 1.00550325163609 0 0 0">
<Contour name="D11" hidden="false" closed="true" simplified="true" border="1 0.5 0" fill="1 0.5 0" mode="11"
 points="5.01016 4.44078,
	5.01111 4.43477,
	5.01387 4.42935,
	5.01817 4.42505,
	5.02359 4.42229,
	5.02959 4.42134,
	5.0356 4.42229,
	5.04102 4.42505,
	5.04532 4.42935,
	5.04808 4.43477,
	5.04903 4.44078,
	5.04808 4.44678,
	5.04532 4.4522,
	5.04102 4.4565,
	5.0356 4.45926,
	5.02959 4.46021,
	5.02359 4.45926,
	5.01817 4.4565,
	5.01387 4.4522,
	"/>
</Transform>

<Transform dim="6"
 xcoef=" 0.0630421550332155 1.01161358043972 -0.0232860853193382 0 0 0"
 ycoef=" -0.167070823324978 0.0206018529314313 1.00550325163609 0 0 0">
<Contour name="D11" hidden="false" closed="true" simplified="true" border="1 0.5 0" fill="1 0.5 0" mode="11"
 points="3.12981 4.58411,
	3.1316 4.57885,
	3.13677 4.57411,
	3.14484 4.57035,
	3.15499 4.56794,
	3.16625 4.5671,
	3.17752 4.56794,
	3.18767 4.57035,
	3.19574 4.57411,
	3.20091 4.57885,
	3.2027 4.58411,
	3.20091 4.58936,
	3.19574 4.5941,
	3.18767 4.59787,
	3.17752 4.60028,
	3.16625 4.60111,
	3.15499 4.60028,
	3.14484 4.59787,
	3.13677 4.5941,
	"/>
</Transform>

<Transform dim="6"
 xcoef=" 0.0630421550332155 1.01161358043972 -0.0232860853193382 0 0 0"
 ycoef=" -0.167070823324978 0.0206018529314313 1.00550325163609 0 0 0">
<Contour name="D11" hidden="false" closed="true" simplified="true" border="1 0.5 0" fill="1 0.5 0" mode="11"
 points="4.14044 5.20603,
	4.14282 5.19177,
	4.14972 5.1789,
	4.16047 5.16869,
	4.17401 5.16213,
	4.18903 5.15987,
	4.20404 5.16213,
	4.21759 5.16869,
	4.22833 5.1789,
	4.23524 5.19177,
	4.23761 5.20603,
	4.23524 5.2203,
	4.22833 5.23316,
	4.21759 5.24337,
	4.20404 5.24993,
	4.18903 5.25219,
	4.17401 5.24993,
	4.16047 5.24337,
	4.14972 5.23316,
	"/>
</Transform>

<Transform dim="6"
 xcoef=" 0.0630421550332155 1.01161358043972 -0.0232860853193382 0 0 0"
 ycoef=" -0.167070823324978 0.0206018529314313 1.00550325163609 0 0 0">
<Contour name="D10" hidden="false" closed="true" simplified="true" border="0 1 1" fill="0 1 1" mode="11"
 points="5.0879 1.88992,
	5.0933 1.85984,
	5.10901 1.83244,
	5.13363 1.81015,
	5.16499 1.79494,
	5.20029 1.78817,
	5.2364 1.79044,
	5.2701 1.80156,
	5.29841 1.82052,
	5.31881 1.84565,
	5.32948 1.87471,
	5.32948 1.90513,
	5.31881 1.93419,
	5.29841 1.95932,
	5.2701 1.97828,
	5.2364 1.9894,
	5.20029 1.99167,
	5.16499 1.9849,
	5.13363 1.96969,
	5.10901 1.9474,
	"/>
</Transform>

<Transform dim="6"
 xcoef=" 0.0630421550332155 1.01161358043972 -0.0232860853193382 0 0 0"
 ycoef=" -0.167070823324978 0.0206018529314313 1.00550325163609 0 0 0">
<Contour name="D14" hidden="false" closed="true" simplified="true" border="1 0 0" fill="1 0 0" mode="11"
 points="5.18507 5.31778,
	5.18686 5.31103,
	5.19203 5.30493,
	5.2001 5.30009,
	5.21025 5.29699,
	5.22152 5.29592,
	5.23278 5.29699,
	5.24293 5.30009,
	5.251 5.30493,
	5.25617 5.31103,
	5.25796 5.31778,
	5.25617 5.32454,
	5.251 5.33064,
	5.24293 5.33547,
	5.23278 5.33858,
	5.22152 5.33965,
	5.21025 5.33858,
	5.2001 5.33547,
	5.19203 5.33064,
	"/>
<Contour name="D14" hidden="false" closed="true" simplified="true" border="1 0 0" fill="1 0 0" mode="11"
 points="5.08304 4.63027,
	5.08637 4.61525,
	5.09603 4.60171,
	5.11108 4.59096,
	5.13004 4.58406,
	5.15106 4.58168,
	5.17208 4.58406,
	5.19105 4.59096,
	5.20609 4.60171,
	5.21576 4.61525,
	5.21909 4.63027,
	5.21576 4.64528,
	5.20609 4.65883,
	5.19105 4.66958,
	5.17208 4.67648,
	5.15106 4.67885,
	5.13004 4.67648,
	5.11108 4.66958,
	5.09603 4.65883,
	"/>
</Transform>

<Transform dim="6"
 xcoef=" 0.0630421550332155 1.01161358043972 -0.0232860853193382 0 0 0"
 ycoef=" -0.167070823324978 0.0206018529314313 1.00550325163609 0 0 0">
<Contour name="D15" hidden="false" closed="true" simplified="true" border="1 1 0" fill="1 1 0" mode="11"
 points="6.20056 5.56801,
	6.20853 5.5379,
	6.2318 5.51022,
	6.26847 5.48723,
	6.31559 5.47078,
	6.36933 5.46221,
	6.42534 5.46221,
	6.47908 5.47078,
	6.5262 5.48723,
	6.56288 5.51022,
	6.58615 5.5379,
	6.59412 5.56801,
	6.58615 5.59813,
	6.56288 5.6258,
	6.5262 5.64879,
	6.47908 5.66524,
	6.42534 5.67382,
	6.36933 5.67382,
	6.31559 5.66524,
	6.26847 5.64879,
	6.2318 5.6258,
	6.20853 5.59813,
	"/>
</Transform>

<Transform dim="6"
 xcoef=" 0.0630421550332155 1.01161358043972 -0.0232860853193382 0 0 0"
 ycoef=" -0.167070823324978 0.0206018529314313 1.00550325163609 0 0 0">
<Contour name="D16" hidden="false" closed="true" simplified="true" border="0 0 1" fill="0 0 1" mode="11"
 points="2.97582 3.56559,
	2.97769 3.5532,
	2.9831 3.54202,
	2.99152 3.53315,
	3.00214 3.52745,
	3.01391 3.52549,
	3.02568 3.52745,
	3.0363 3.53315,
	3.04473 3.54202,
	3.05014 3.5532,
	3.052 3.56559,
	3.05014 3.57798,
	3.04473 3.58916,
	3.0363 3.59803,
	3.02568 3.60372,
	3.01391 3.60568,
	3.00214 3.60372,
	2.99152 3.59803,
	2.9831 3.58916,
	"/>
</Transform>

<Transform dim="6"
 xcoef=" 0.0630421550332155 1.01161358043972 -0.0232860853193382 0 0 0"
 ycoef=" -0.167070823324978 0.0206018529314313 1.00550325163609 0 0 0">
<Contour name="D16" hidden="false" closed="true" simplified="true" border="0 0 1" fill="0 0 1" mode="11"
 points="2.07366 2.08203,
	2.07793 2.05721,
	2.09038 2.0346,
	2.10989 2.0162,
	2.13473 2.00365,
	2.1627 1.99806,
	2.1913 1.99994,
	2.218 2.00911,
	2.24043 2.02476,
	2.25659 2.0455,
	2.26504 2.06948,
	2.26504 2.09458,
	2.25659 2.11856,
	2.24043 2.1393,
	2.218 2.15495,
	2.1913 2.16412,
	2.1627 2.166,
	2.13473 2.16041,
	2.10989 2.14786,
	2.09038 2.12946,
	"/>
</Transform>

<Transform dim="6"
 xcoef=" 0.0630421550332155 1.01161358043972 -0.0232860853193382 0 0 0"
 ycoef=" -0.167070823324978 0.0206018529314313 1.00550325163609 0 0 0">
<Contour name="D14" hidden="false" closed="true" simplified="true" border="1 0 0" fill="1 0 0" mode="11"
 points="3.82185 3.45332,
	3.82362 3.44465,
	3.82874 3.43682,
	3.83673 3.43061,
	3.84679 3.42663,
	3.85794 3.42525,
	3.86909 3.42663,
	3.87915 3.43061,
	3.88713 3.43682,
	3.89226 3.44465,
	3.89402 3.45332,
	3.89226 3.46199,
	3.88713 3.46982,
	3.87915 3.47603,
	3.86909 3.48001,
	3.85794 3.48139,
	3.84679 3.48001,
	3.83673 3.47603,
	3.82874 3.46982,
	"/>
</Transform>

<Transform dim="6"
 xcoef=" 0.0630421550332155 1.01161358043972 -0.0232860853193382 0 0 0"
 ycoef=" -0.167070823324978 0.0206018529314313 1.00550325163609 0 0 0">
<Contour name="D14" hidden="false" closed="true" simplified="true" border="1 0 0" fill="1 0 0" mode="11"
 points="4.19475 3.5275,
	4.19622 3.51696,
	4.20049 3.50746,
	4.20714 3.49992,
	4.21552 3.49508,
	4.22482 3.49341,
	4.23411 3.49508,
	4.24249 3.49992,
	4.24915 3.50746,
	4.25342 3.51696,
	4.25489 3.5275,
	4.25342 3.53803,
	4.24915 3.54753,
	4.24249 3.55507,
	4.23411 3.55991,
	4.22482 3.56158,
	4.21552 3.55991,
	4.20714 3.55507,
	4.20049 3.54753,
	"/>
</Transform>

<Transform dim="6"
 xcoef=" 0.0630421550332155 1.01161358043972 -0.0232860853193382 0 0 0"
 ycoef=" -0.167070823324978 0.0206018529314313 1.00550325163609 0 0 0">
<Contour name="D14" hidden="false" closed="true" simplified="true" border="1 0 0" fill="1 0 0" mode="11"
 points="4.94856 4.11892,
	4.95013 4.10281,
	4.95468 4.08828,
	4.96178 4.07675,
	4.97072 4.06934,
	4.98063 4.06679,
	4.99055 4.06934,
	4.99949 4.07675,
	5.00658 4.08828,
	5.01114 4.10281,
	5.01271 4.11892,
	5.01114 4.13503,
	5.00658 4.14956,
	4.99949 4.16109,
	4.99055 4.16849,
	4.98063 4.17104,
	4.97072 4.16849,
	4.96178 4.16109,
	4.95468 4.14956,
	"/>
</Transform>

<Transform dim="6"
 xcoef=" 0.0630421550332155 1.01161358043972 -0.0232860853193382 0 0 0"
 ycoef=" -0.167070823324978 0.0206018529314313 1.00550325163609 0 0 0">
<Contour name="d06c30" hidden="false" closed="true" simplified="true" border="0 1 0" fill="0 1 0" mode="11"
 points="2.93954 6.97741,
	2.94805 6.97102,
	2.98211 6.95825,
	2.99914 6.95399,
	3.01616 6.94548,
	3.02468 6.94335,
	3.03319 6.93697,
	3.05022 6.93271,
	3.08428 6.93271,
	3.11834 6.92845,
	3.13536 6.92845,
	3.15239 6.93271,
	3.16091 6.9391,
	3.16091 6.94761,
	3.15026 6.96251,
	3.13324 6.96889,
	3.06512 6.97528,
	3.03106 6.97741,
	3.02255 6.97741,
	3.00552 6.98379,
	2.99701 6.98805,
	2.99275 6.98805,
	2.98849 6.99231,
	2.97147 6.99869,
	2.95444 6.99657,
	2.94592 6.99444,
	2.93954 6.98805,
	2.93954 6.97954,
	"/>
<Contour name="d06cfa30" hidden="false" closed="false" simplified="false" border="0 1 1" fill="0 1 1" mode="11"
 points="3.16622 6.94771,
	3.1343 6.94132,
	3.09598 6.94132,
	3.03638 6.94984,
	2.99168 6.96687,
	2.94698 6.99028,
	"/>
</Transform>

<Transform dim="6"
 xcoef=" 0.0630421550332155 1.01161358043972 -0.0232860853193382 0 0 0"
 ycoef=" -0.167070823324978 0.0206018529314313 1.00550325163609 0 0 0">
<Contour name="d03p16" hidden="false" closed="true" simplified="false" border="0 0 1" fill="0 0 1" mode="-13"
 points="3.26692 2.50461,
	3.24635 2.48404,
	3.26692 2.46347,
	3.28749 2.48404,
	"/>
</Transform>

<Transform dim="6"
 xcoef=" 0.0630421550332155 1.01161358043972 -0.0232860853193382 0 0 0"
 ycoef=" -0.167070823324978 0.0206018529314313 1.00550325163609 0 0 0">
<Contour name="d03p37" hidden="false" closed="true" simplified="false" border="1 0 1" fill="1 0 1" mode="-9"
 points="3.53434 2.4282,
	3.53434 2.41645,
	3.5461 2.40469,
	3.55785 2.40469,
	3.56961 2.41645,
	3.56961 2.4282,
	3.55785 2.43996,
	3.5461 2.43996,
	"/>
</Transform>

<Transform dim="6"
 xcoef=" 0.0630421550332155 1.01161358043972 -0.0232860853193382 0 0 0"
 ycoef=" -0.167070823324978 0.0206018529314313 1.00550325163609 0 0 0">
<Contour name="d06p14" hidden="false" closed="true" simplified="false" border="1 0 0" fill="1 0 0" mode="-13"
 points="2.9955 6.54283,
	3.00791 6.52546,
	2.9955 6.50809,
	3.00295 6.50809,
	3.01287 6.52297,
	3.0228 6.50809,
	3.03024 6.50809,
	3.01784 6.52546,
	3.03024 6.54283,
	3.0228 6.54283,
	3.01287 6.52794,
	3.00295 6.54283,
	"/>
</Transform>

<Transform dim="6"
 xcoef=" 0.0630421550332155 1.01161358043972 -0.0232860853193382 0 0 0"
 ycoef=" -0.167070823324978 0.0206018529314313 1.00550325163609 0 0 0">
<Contour name="d06p16" hidden="false" closed="true" simplified="false" border="0 0 1" fill="0 0 1" mode="-13"
 points="2.78706 6.71405,
	2.76968 6.69668,
	2.78706 6.67931,
	2.80443 6.69668,
	"/>
</Transform>

<Transform dim="6"
 xcoef=" 0.0630421550332155 1.01161358043972 -0.0232860853193382 0 0 0"
 ycoef=" -0.167070823324978 0.0206018529314313 1.00550325163609 0 0 0">
<Contour name="d06p30" hidden="false" closed="true" simplified="false" border="0 1 1" fill="0 1 1" mode="-13"
 points="3.02776 6.91257,
	3.03769 6.90265,
	2.99798 6.86294,
	3.00791 6.85302,
	3.04761 6.89272,
	3.05754 6.88279,
	3.05754 6.91257,
	"/>
</Transform>

<Transform dim="6"
 xcoef=" 0.0630421550332155 1.01161358043972 -0.0232860853193382 0 0 0"
 ycoef=" -0.167070823324978 0.0206018529314313 1.00550325163609 0 0 0">
<Contour name="d07p22" hidden="false" closed="true" simplified="false" border="0.251 0 0.502" fill="0.251 0 0.502" mode="-13"
 points="4.28092 7.10613,
	4.26355 7.08876,
	4.28092 7.07139,
	4.29829 7.08876,
	"/>
</Transform>

<Transform dim="6"
 xcoef=" 0.0630421550332155 1.01161358043972 -0.0232860853193382 0 0 0"
 ycoef=" -0.167070823324978 0.0206018529314313 1.00550325163609 0 0 0">
<Contour name="d07p23" hidden="false" closed="true" simplified="false" border="1 1 0" fill="1 1 0" mode="-13"
 points="3.70521 7.55528,
	3.70521 7.51558,
	3.66551 7.51558,
	3.66551 7.55032,
	3.66055 7.55528,
	3.66055 7.51062,
	3.71018 7.51062,
	3.71018 7.56025,
	3.66055 7.56025,
	3.66551 7.55528,
	"/>
</Transform>

<Transform dim="6"
 xcoef=" 0.0630421550332155 1.01161358043972 -0.0232860853193382 0 0 0"
 ycoef=" -0.167070823324978 0.0206018529314313 1.00550325163609 0 0 0">
<Contour name="d08p19" hidden="false" closed="true" simplified="false" border="0 1 0" fill="0 1 0" mode="9"
 points="4.36488 2.41607,
	4.36488 2.39906,
	4.38189 2.39906,
	4.38189 2.38205,
	4.3989 2.38205,
	4.3989 2.39906,
	4.41591 2.39906,
	4.41591 2.41607,
	4.3989 2.41607,
	4.3989 2.43308,
	4.38189 2.43308,
	4.38189 2.41607,
	"/>
</Transform>

<Transform dim="6"
 xcoef=" 0.0630421550332155 1.01161358043972 -0.0232860853193382 0 0 0"
 ycoef=" -0.167070823324978 0.0206018529314313 1.00550325163609 0 0 0">
<Contour name="d08p20" hidden="false" closed="true" simplified="false" border="0 1 1" fill="0 1 1" mode="9"
 points="4.02255 2.52876,
	4.03105 2.52026,
	3.99703 2.48623,
	4.00554 2.47773,
	4.03956 2.51175,
	4.04806 2.50325,
	4.04806 2.52876,
	"/>
</Transform>

<Transform dim="0"
 xcoef=" 0 1 0 0 0 0"
 ycoef=" 0 0 1 0 0 0">
<Contour name="ax08" comment="LK bouton trace named after cfa" hidden="false" closed="true" simplified="true" border="0 1 1" fill="0.502 1 1" mode="9"
 points="4.83675 3.16389,
	4.84167 3.15603,
	4.84462 3.1521,
	4.85248 3.14816,
	4.8682 3.14522,
	4.88393 3.14423,
	4.89966 3.14522,
	4.90359 3.14718,
	4.91931 3.15013,
	4.93504 3.15504,
	4.95077 3.16389,
	4.95765 3.16684,
	4.96158 3.1688,
	4.96354 3.1688,
	4.96551 3.17077,
	4.96944 3.17175,
	4.9773 3.17667,
	4.98124 3.17962,
	4.98615 3.1865,
	4.98615 3.18846,
	4.99106 3.19633,
	4.99205 3.20026,
	4.99401 3.20124,
	4.99401 3.20321,
	4.99893 3.21107,
	5.00384 3.22679,
	5.00384 3.24252,
	5.00286 3.25038,
	4.99598 3.26513,
	4.99205 3.27299,
	4.98025 3.28773,
	4.9773 3.29166,
	4.97042 3.29658,
	4.96649 3.29953,
	4.93504 3.30444,
	4.92718 3.30444,
	4.92325 3.30444,
	4.91538 3.30149,
	4.9085 3.29658,
	4.90555 3.29265,
	4.90457 3.28872,
	4.90162 3.28478,
	4.89867 3.27692,
	4.89769 3.27299,
	4.88196 3.26414,
	4.87508 3.25628,
	4.87312 3.25333,
	4.86919 3.2494,
	4.86427 3.24154,
	4.85936 3.22581,
	4.85641 3.21795,
	4.85543 3.21402,
	4.85051 3.20615,
	4.84756 3.19829,
	4.84462 3.19436,
	4.83872 3.17863,
	4.83675 3.1747,
	4.83675 3.16684,
	4.83675 3.16487,
	"/>
</Transform>

<Transform dim="0"
 xcoef=" 0 1 0 0 0 0"
 ycoef=" 0 0 1 0 0 0">
<Contour name="ax10" comment="LK bouton trace named after cfa" hidden="false" closed="true" simplified="true" border="0 1 1" fill="0.502 1 1" mode="9"
 points="1.76184 4.44698,
	1.76581 4.43639,
	1.77177 4.42579,
	1.77442 4.42049,
	1.79562 4.40989,
	1.80621 4.40592,
	1.81681 4.39996,
	1.82211 4.39665,
	1.82741 4.39201,
	1.83867 4.37081,
	1.84794 4.34962,
	1.85324 4.32842,
	1.85655 4.30723,
	1.85722 4.29663,
	1.85655 4.27544,
	1.85722 4.27279,
	1.85589 4.26219,
	1.85192 4.25159,
	1.85324 4.24099,
	1.85854 4.2304,
	1.86583 4.2198,
	1.86914 4.2092,
	1.87046 4.2039,
	1.86914 4.18271,
	1.8645 4.16151,
	1.86119 4.14032,
	1.86119 4.13767,
	1.86318 4.13237,
	1.86318 4.12707,
	1.86781 4.11647,
	1.8698 4.11382,
	1.8751 4.11184,
	1.8857 4.11118,
	1.89629 4.11184,
	1.90689 4.11515,
	1.90954 4.11581,
	1.91484 4.11979,
	1.92014 4.12244,
	1.92279 4.12442,
	1.92411 4.12442,
	1.92941 4.12906,
	1.93471 4.13237,
	1.93868 4.13767,
	1.93935 4.15886,
	1.94398 4.18006,
	1.94796 4.19066,
	1.94862 4.19331,
	1.95922 4.20324,
	1.96187 4.20854,
	1.96584 4.21384,
	1.96716 4.21914,
	1.96915 4.22179,
	1.96981 4.22444,
	1.9718 4.22709,
	1.97246 4.23768,
	1.97114 4.24828,
	1.96981 4.25093,
	1.96915 4.25623,
	1.96783 4.25888,
	1.96716 4.26948,
	1.96716 4.27477,
	1.96518 4.28007,
	1.96054 4.28537,
	1.9559 4.29597,
	1.95458 4.30127,
	1.95326 4.30392,
	1.95259 4.30922,
	1.95657 4.33041,
	1.95723 4.34101,
	1.95723 4.34631,
	1.95127 4.3675,
	1.94994 4.3728,
	1.94994 4.3834,
	1.95061 4.3887,
	1.95259 4.394,
	1.9612 4.40459,
	1.96584 4.40989,
	1.96716 4.41254,
	1.96584 4.42314,
	1.95723 4.44433,
	1.94994 4.45493,
	1.94398 4.46553,
	1.942 4.47613,
	1.93868 4.48672,
	1.92809 4.49666,
	1.91749 4.50395,
	1.91219 4.50792,
	1.8698 4.52779,
	1.86715 4.52912,
	1.85655 4.53044,
	1.83536 4.52978,
	1.82476 4.52912,
	1.80357 4.52448,
	1.78237 4.51322,
	1.77972 4.51189,
	1.76979 4.5013,
	1.7678 4.49865,
	1.76581 4.49335,
	1.76449 4.4907,
	1.7625 4.4695,
	1.76184 4.44831,
	1.76184 4.44765,
	"/>
</Transform>

<Transform dim="0"
 xcoef=" 0 1 0 0 0 0"
 ycoef=" 0 0 1 0 0 0">
<Contour name="d03" hidden="false" closed="true" simplified="true" border="0 1 0" fill="0 1 0" mode="9"
 points="3.01074 2.97825,
	3.01393 2.94682,
	3.03856 2.91692,
	3.04617 2.90892,
	3.07684 2.88673,
	3.08454 2.88265,
	3.11569 2.88201,
	3.12349 2.88185,
	3.15216 2.85774,
	3.17286 2.82595,
	3.18224 2.81008,
	3.1879 2.80212,
	3.20203 2.7391,
	3.20716 2.70763,
	3.17722 2.67688,
	3.16323 2.66149,
	3.15721 2.65376,
	3.1549 2.63814,
	3.15277 2.63033,
	3.16568 2.5987,
	3.16691 2.56732,
	3.16673 2.55947,
	3.17963 2.52785,
	3.19291 2.5119,
	3.19857 2.50393,
	3.20238 2.49994,
	3.23389 2.51498,
	3.26519 2.52021,
	3.28082 2.52185,
	3.34291 2.51078,
	3.37407 2.51014,
	3.38979 2.5157,
	3.39767 2.51946,
	3.42639 2.49731,
	3.43541 2.46576,
	3.44089 2.44997,
	3.44265 2.44209,
	3.41394 2.37995,
	3.35068 2.25579,
	3.33366 2.1934,
	3.33135 2.17776,
	3.32922 2.16997,
	3.32719 2.16609,
	3.35568 2.13414,
	3.37089 2.11815,
	3.37855 2.11211,
	3.44046 2.0932,
	3.47136 2.0808,
	3.4868 2.07461,
	3.51783 2.0681,
	3.52566 2.06989,
	3.52833 2.1012,
	3.53489 2.13243,
	3.53915 2.14803,
	3.55935 2.17898,
	3.56944 2.19446,
	3.58185 2.22556,
	3.58611 2.24116,
	3.58683 2.27251,
	3.58701 2.28034,
	3.52609 2.34237,
	3.51848 2.35036,
	3.51467 2.35436,
	3.52196 2.41694,
	3.53242 2.44809,
	3.53455 2.45589,
	3.5466 2.47132,
	3.55067 2.47908,
	3.61308 2.48173,
	3.67563 2.49024,
	3.70747 2.519,
	3.71403 2.55022,
	3.71634 2.56586,
	3.71317 2.59729,
	3.70963 2.61305,
	3.71583 2.6286,
	3.71991 2.63636,
	3.7339 2.65175,
	3.73657 2.68306,
	3.73693 2.69874,
	3.74544 2.72992,
	3.7598 2.761,
	3.78928 2.77216,
	3.79526 2.77791,
	3.79793 2.80923,
	3.79245 2.82502,
	3.78307 2.84089,
	3.77867 2.90371,
	3.77745 2.93511,
	3.74678 2.9573,
	3.68518 2.98992,
	3.66983 3.00004,
	3.6393 3.02811,
	3.57806 3.07641,
	3.51691 3.12863,
	3.48601 3.14103,
	3.45491 3.14362,
	3.3919 3.11551,
	3.36039 3.10047,
	3.329 3.09131,
	3.2977 3.08607,
	3.28987 3.08427,
	3.22827 3.1169,
	3.16631 3.13385,
	3.13533 3.14232,
	3.11993 3.15049,
	3.11223 3.15456,
	3.10838 3.1566,
	3.05436 3.09498,
	3.0322 3.06407,
	3.01786 3.033,
	3.01323 3.00172,
	3.01092 2.9861,
	3.01079 2.98021,
	"/>
<Contour name="d03" hidden="false" closed="true" simplified="true" border="0 1 0" fill="0 1 0" mode="9"
 points="2.583 1.91249,
	2.61644 1.87092,
	2.66253 1.83538,
	2.76245 1.83018,
	2.78781 1.84539,
	2.81027 1.87009,
	2.8458 1.9197,
	2.87139 1.94433,
	2.90066 1.99407,
	2.9237 2.04392,
	2.93423 2.09404,
	2.95727 2.14389,
	2.96367 2.15005,
	2.96381 2.15633,
	2.98001 2.18117,
	3.00246 2.20588,
	3.0186 2.22756,
	3.03139 2.23988,
	3.05675 2.2551,
	3.06939 2.26112,
	3.09498 2.28577,
	3.10456 2.295,
	2.90464 2.30225,
	2.85456 2.30012,
	2.84199 2.29724,
	2.79127 2.26682,
	2.77862 2.26079,
	2.75311 2.2393,
	2.70232 2.20574,
	2.66677 2.15613,
	2.65683 2.13118,
	2.65029 2.11872,
	2.64389 2.11257,
	2.62711 2.06258,
	2.59782 2.01285,
	2.59441 2.00034,
	2.59426 1.99405,
	2.58787 1.98789,
	2.58358 1.93765,
	2.58308 1.91564,
	"/>
</Transform>

<Transform dim="0"
 xcoef=" 0 1 0 0 0 0"
 ycoef=" 0 0 1 0 0 0">
<Contour name="ax15" comment="LK bouton trace named after cfa" hidden="false" closed="true" simplified="true" border="0 1 1" fill="0.502 1 1" mode="9"
 points="2.97924 1.89775,
	2.98764 1.8828,
	2.99138 1.87533,
	2.99418 1.86039,
	2.99324 1.85292,
	2.99324 1.84918,
	2.98484 1.83424,
	2.98391 1.8193,
	2.98391 1.81182,
	2.98858 1.79688,
	2.99698 1.78194,
	3.00258 1.77447,
	3.01753 1.76513,
	3.025 1.76139,
	3.03247 1.75952,
	3.03621 1.75859,
	3.03901 1.74365,
	3.04088 1.73618,
	3.04461 1.7287,
	3.05769 1.71376,
	3.06516 1.70816,
	3.07263 1.70069,
	3.09037 1.6708,
	3.09504 1.66333,
	3.09691 1.65959,
	3.10905 1.64465,
	3.11559 1.63718,
	3.11839 1.63344,
	3.12306 1.6185,
	3.12586 1.61103,
	3.14361 1.58114,
	3.14828 1.57367,
	3.16229 1.55873,
	3.16976 1.55313,
	3.19964 1.54565,
	3.22953 1.54285,
	3.25941 1.54285,
	3.27436 1.54285,
	3.30424 1.53818,
	3.31919 1.53725,
	3.34907 1.53912,
	3.36402 1.53631,
	3.37896 1.53538,
	3.3939 1.54005,
	3.40884 1.54659,
	3.42379 1.54752,
	3.43126 1.54752,
	3.43873 1.55032,
	3.4462 1.55686,
	3.4518 1.56433,
	3.45647 1.57928,
	3.45741 1.58301,
	3.46301 1.59048,
	3.47795 1.60169,
	3.48543 1.60823,
	3.49103 1.6157,
	3.49196 1.61943,
	3.49477 1.62317,
	3.49757 1.63064,
	3.4985 1.63438,
	3.51344 1.64278,
	3.52839 1.65306,
	3.54333 1.65959,
	3.55827 1.66426,
	3.56574 1.66706,
	3.57975 1.67921,
	3.58162 1.68668,
	3.58255 1.69041,
	3.57975 1.7203,
	3.58069 1.72777,
	3.58536 1.74271,
	3.58629 1.75018,
	3.58349 1.76513,
	3.57882 1.78007,
	3.57135 1.79501,
	3.56014 1.80996,
	3.55454 1.81743,
	3.54707 1.83237,
	3.5452 1.83611,
	3.5424 1.86599,
	3.53866 1.88093,
	3.53212 1.89588,
	3.50504 1.92576,
	3.4901 1.93977,
	3.48356 1.94631,
	3.47515 1.96125,
	3.47048 1.96872,
	3.45741 1.98367,
	3.42752 2.00328,
	3.42379 2.00515,
	3.41632 2.01168,
	3.41071 2.01916,
	3.40884 2.02289,
	3.40137 2.02943,
	3.37149 2.04717,
	3.35654 2.05651,
	3.34907 2.06305,
	3.31919 2.08173,
	3.31171 2.08547,
	3.30798 2.08827,
	3.29304 2.092,
	3.27809 2.09294,
	3.26315 2.092,
	3.24821 2.08547,
	3.23326 2.07613,
	3.22579 2.07146,
	3.21832 2.06959,
	3.18844 2.06865,
	3.17349 2.06865,
	3.15855 2.06679,
	3.15108 2.06585,
	3.14734 2.06398,
	3.1324 2.04998,
	3.12493 2.0425,
	3.10999 2.03223,
	3.10251 2.02663,
	3.07263 2.01262,
	3.04274 2.00048,
	3.03527 1.99581,
	3.02873 1.98834,
	3.02033 1.97339,
	2.99791 1.94351,
	2.98577 1.92856,
	2.98204 1.92109,
	2.98017 1.90615,
	2.97924 1.89868,
	"/>
</Transform>

<Transform dim="3"
 xcoef=" -0.138425695436832 1.08269794762254 -7.54447042967017e-05 0 0 0"
 ycoef=" -0.813816983086918 0.0254080204740846 0.989815335028963 0 0 0">
<Image mag="0.00217507" contrast="1.07355" brightness="0.135" red="true" green="true" blue="true"
 src="FHLTD.125.jpg" />
<Contour name="domain1" hidden="false" closed="true" simplified="false" border="1 0 1" fill="1 0 1" mode="11"
 points="0 0,
	4096 0,
	4096 4096,
	0 4096,
	"/>
</Transform>

<Transform dim="0"
 xcoef=" 0 1 0 0 0 0"
 ycoef=" 0 0 1 0 0 0">
<Contour name="d07" hidden="true" closed="true" simplified="true" border="1 0 1" fill="1 0 1" mode="9"
 points="4.90938 6.65847,
	4.94471 6.63519,
	4.98024 6.62093,
	5.05192 6.61946,
	5.06984 6.6191,
	5.0788 6.61891,
	5.11402 6.59114,
	5.13111 6.55471,
	5.19718 6.50375,
	5.26854 6.48876,
	5.34022 6.48729,
	5.37617 6.49107,
	5.39441 6.50422,
	5.3993 6.52216,
	5.38752 6.59455,
	5.38345 6.61267,
	5.37043 6.63098,
	5.335 6.64974,
	5.29926 6.65498,
	5.26852 6.68267,
	5.25102 6.70106,
	5.22017 6.72425,
	5.20715 6.74255,
	5.19829 6.74724,
	5.1985 6.75626,
	5.18975 6.76545,
	5.17714 6.80179,
	5.17307 6.81991,
	5.16432 6.8291,
	5.15171 6.86544,
	5.11587 6.86618,
	5.09795 6.86655,
	5.06596 6.84014,
	4.99418 6.83711,
	4.97605 6.82846,
	4.96219 6.8107,
	4.96136 6.77464,
	4.9695 6.7384,
	4.96908 6.72037,
	4.95085 6.70721,
	4.94188 6.7074,
	4.9098 6.67649,
	4.90949 6.66297,
	"/>
</Transform>

<Transform dim="0"
 xcoef=" 0 1 0 0 0 0"
 ycoef=" 0 0 1 0 0 0">
<Contour name="ax18" comment="LK bouton trace named after cfa" hidden="false" closed="true" simplified="true" border="0 1 1" fill="0.502 1 1" mode="9"
 points="4.74636 6.24665,
	4.75283 6.22597,
	4.758 6.21563,
	4.76058 6.21046,
	4.78126 6.19108,
	4.78642 6.18979,
	4.78772 6.1872,
	4.82907 6.18591,
	4.87042 6.18849,
	4.89109 6.19108,
	4.90143 6.19366,
	4.91177 6.19883,
	4.92211 6.20659,
	4.92728 6.21176,
	4.94795 6.22339,
	4.9893 6.2376,
	5.00998 6.24665,
	5.03066 6.26086,
	5.04099 6.26732,
	5.05133 6.27766,
	5.05779 6.288,
	5.06167 6.29833,
	5.06425 6.31901,
	5.06684 6.32935,
	5.06684 6.33452,
	5.07588 6.35519,
	5.08235 6.36553,
	5.08493 6.3707,
	5.12499 6.40817,
	5.15213 6.44823,
	5.16376 6.46891,
	5.16763 6.47925,
	5.16892 6.49992,
	5.16634 6.5206,
	5.16376 6.53094,
	5.15342 6.55161,
	5.13791 6.57229,
	5.12499 6.59296,
	5.11982 6.6033,
	5.11982 6.61364,
	5.1392 6.63431,
	5.14954 6.64336,
	5.15729 6.6537,
	5.17797 6.6705,
	5.19865 6.68213,
	5.20381 6.68342,
	5.20898 6.6873,
	5.25034 6.68859,
	5.26067 6.69117,
	5.27101 6.68988,
	5.29169 6.68213,
	5.31236 6.68213,
	5.3227 6.68342,
	5.32787 6.68471,
	5.33433 6.69505,
	5.33562 6.70539,
	5.33175 6.72606,
	5.32528 6.7364,
	5.32141 6.74157,
	5.32012 6.76225,
	5.32141 6.78292,
	5.32141 6.79326,
	5.32012 6.79843,
	5.31624 6.8036,
	5.30978 6.82427,
	5.3059 6.83461,
	5.29169 6.85529,
	5.28264 6.86433,
	5.2723 6.87079,
	5.26197 6.87338,
	5.22061 6.87338,
	5.21544 6.87467,
	5.19477 6.8695,
	5.17409 6.85529,
	5.16376 6.84882,
	5.15471 6.83849,
	5.15083 6.82815,
	5.14954 6.81781,
	5.15213 6.79714,
	5.15213 6.77646,
	5.14825 6.77129,
	5.14696 6.76612,
	5.14308 6.76095,
	5.14179 6.75578,
	5.12757 6.73511,
	5.08881 6.69376,
	5.06813 6.67437,
	5.05779 6.66533,
	5.05521 6.66533,
	5.05262 6.66274,
	5.04745 6.66145,
	5.02678 6.64594,
	5.01644 6.63948,
	5.0061 6.63561,
	5.00352 6.63302,
	4.98284 6.62785,
	4.90014 6.62527,
	4.87946 6.62398,
	4.85879 6.61752,
	4.84845 6.60847,
	4.84587 6.6033,
	4.84457 6.58263,
	4.85104 6.56195,
	4.8575 6.5206,
	4.85491 6.49992,
	4.85362 6.48958,
	4.84974 6.47925,
	4.84845 6.47408,
	4.83811 6.46374,
	4.80581 6.42239,
	4.79547 6.40171,
	4.77867 6.36036,
	4.75153 6.27766,
	4.74895 6.27249,
	4.74636 6.25181,
	4.74636 6.24794,
	"/>
</Transform>

<Transform dim="0"
 xcoef=" 0 1 0 0 0 0"
 ycoef=" 0 0 1 0 0 0">
<Contour name="d07" hidden="true" closed="true" simplified="true" border="1 0 1" fill="1 0 1" mode="9"
 points="3.38915 7.79443,
	3.45304 7.64883,
	3.47013 7.6124,
	3.48773 7.59851,
	3.55942 7.59704,
	3.59526 7.59631,
	3.63058 7.57304,
	3.66121 7.54084,
	3.66686 7.39642,
	3.69739 7.35972,
	3.71896 7.3232,
	3.71813 7.28715,
	3.73074 7.25081,
	3.74824 7.23241,
	3.88984 7.15285,
	3.92528 7.13408,
	3.96049 7.10631,
	3.9781 7.09241,
	4.12137 7.08497,
	4.1572 7.08424,
	4.19273 7.06998,
	4.26431 7.064,
	4.30015 7.06327,
	4.44238 7.01075,
	4.51396 7.00478,
	4.58574 7.00781,
	4.60366 7.00744,
	4.62689 7.04305,
	4.63626 7.0609,
	4.67242 7.07368,
	4.69044 7.07782,
	4.72691 7.10413,
	4.74483 7.10376,
	4.7814 7.13458,
	4.78223 7.17064,
	4.78264 7.18867,
	4.77389 7.19787,
	4.75596 7.19824,
	4.74701 7.19842,
	4.73826 7.20762,
	4.7293 7.2078,
	4.71179 7.2262,
	4.64041 7.24119,
	4.56873 7.24266,
	4.49643 7.21708,
	4.42453 7.20953,
	4.40662 7.2099,
	4.38891 7.21928,
	4.36734 7.25581,
	4.369 7.32792,
	4.36983 7.36398,
	4.36576 7.3821,
	4.34815 7.39599,
	4.3394 7.40519,
	4.32158 7.41006,
	4.25552 7.46102,
	4.22479 7.48871,
	4.18612 7.56166,
	4.18205 7.57977,
	4.18226 7.58879,
	4.16476 7.60718,
	4.14767 7.64362,
	4.11255 7.6759,
	4.09495 7.68979,
	4.07713 7.69466,
	3.93355 7.68858,
	3.79039 7.70053,
	3.71923 7.72454,
	3.64858 7.77109,
	3.61326 7.79436,
	3.54293 7.85443,
	3.5124 7.89112,
	3.49479 7.90501,
	3.45895 7.90574,
	3.44103 7.90611,
	3.40894 7.8752,
	3.39509 7.85745,
	3.38977 7.82148,
	3.38936 7.80345,
	3.38925 7.79895,
	"/>
<Contour name="d07cfa23ax19" hidden="false" closed="false" simplified="false" border="0 1 1" fill="0 1 1" mode="9"
 points="3.39287 7.82755,
	3.39446 7.80074,
	3.40483 7.76928,
	3.42587 7.71975,
	3.45351 7.66785,
	"/>
</Transform>

<Transform dim="0"
 xcoef=" 0 1 0 0 0 0"
 ycoef=" 0 0 1 0 0 0">
<Contour name="ax19" comment="LK bouton trace named after cfa" hidden="false" closed="true" simplified="true" border="0 1 1" fill="0.502 1 1" mode="-9"
 points="3.14539 7.86598,
	3.1504 7.85708,
	3.1682 7.84818,
	3.17265 7.84595,
	3.17655 7.8415,
	3.181 7.8326,
	3.18378 7.81479,
	3.18434 7.80589,
	3.18434 7.80144,
	3.18657 7.79253,
	3.19046 7.78363,
	3.19157 7.78141,
	3.19936 7.7725,
	3.20827 7.76583,
	3.21272 7.76138,
	3.21661 7.75247,
	3.21939 7.74357,
	3.22106 7.73467,
	3.22106 7.73356,
	3.2244 7.7291,
	3.22551 7.72688,
	3.22774 7.72465,
	3.23219 7.72298,
	3.23664 7.72243,
	3.24109 7.72298,
	3.24332 7.72354,
	3.24777 7.72632,
	3.25222 7.72743,
	3.25667 7.72743,
	3.26112 7.72632,
	3.26558 7.7241,
	3.27392 7.71519,
	3.27615 7.71074,
	3.27837 7.70184,
	3.28004 7.69739,
	3.2806 7.69294,
	3.27949 7.68403,
	3.27837 7.67958,
	3.27503 7.67513,
	3.26613 7.67068,
	3.26168 7.6679,
	3.26001 7.66567,
	3.25834 7.65677,
	3.25779 7.65232,
	3.25612 7.64787,
	3.24833 7.63897,
	3.24666 7.63674,
	3.24554 7.63563,
	3.24332 7.63507,
	3.23887 7.63118,
	3.23664 7.62895,
	3.23553 7.62672,
	3.23442 7.62561,
	3.23386 7.62339,
	3.23275 7.62227,
	3.23052 7.61337,
	3.23052 7.60447,
	3.23052 7.60224,
	3.23163 7.60002,
	3.23163 7.5989,
	3.23776 7.59,
	3.24109 7.58555,
	3.24554 7.57665,
	3.24721 7.5722,
	3.24833 7.56329,
	3.24833 7.55439,
	3.24221 7.53659,
	3.23942 7.52768,
	3.24054 7.51878,
	3.24165 7.51433,
	3.24777 7.50598,
	3.25667 7.49708,
	3.26057 7.49263,
	3.26168 7.48818,
	3.26168 7.48595,
	3.26446 7.47705,
	3.26613 7.4726,
	3.27337 7.4637,
	3.2767 7.45924,
	3.2806 7.45034,
	3.28004 7.44144,
	3.27337 7.42363,
	3.27225 7.40583,
	3.27281 7.39693,
	3.27559 7.37912,
	3.27893 7.37022,
	3.28505 7.36132,
	3.2934 7.35241,
	3.29673 7.34796,
	3.31454 7.3335,
	3.32344 7.32738,
	3.33234 7.32459,
	3.3368 7.32348,
	3.33902 7.32237,
	3.34792 7.32181,
	3.35683 7.32237,
	3.36573 7.32515,
	3.37463 7.33127,
	3.37908 7.33461,
	3.38131 7.33572,
	3.39021 7.34407,
	3.39633 7.35297,
	3.39967 7.36187,
	3.40023 7.37968,
	3.40023 7.38413,
	3.398 7.39303,
	3.3891 7.41084,
	3.3852 7.41529,
	3.38242 7.41974,
	3.36517 7.43754,
	3.35683 7.44645,
	3.35126 7.45535,
	3.34792 7.46425,
	3.34737 7.46648,
	3.34904 7.47093,
	3.35015 7.48873,
	3.35071 7.49319,
	3.35516 7.50209,
	3.36239 7.51099,
	3.3802 7.52768,
	3.38799 7.53659,
	3.39188 7.54104,
	3.39411 7.54326,
	3.40301 7.54827,
	3.41191 7.55105,
	3.42972 7.55495,
	3.43862 7.55606,
	3.44752 7.55606,
	3.46533 7.56051,
	3.48313 7.5683,
	3.48703 7.57275,
	3.4887 7.5772,
	3.48758 7.58611,
	3.48647 7.59056,
	3.47812 7.5989,
	3.47367 7.60335,
	3.47145 7.60558,
	3.47033 7.61448,
	3.46644 7.62339,
	3.46421 7.62784,
	3.4631 7.63006,
	3.46199 7.63118,
	3.46199 7.63229,
	3.45809 7.63674,
	3.45364 7.64564,
	3.45142 7.65009,
	3.4503 7.659,
	3.44641 7.6679,
	3.43639 7.6857,
	3.42415 7.70351,
	3.41581 7.72131,
	3.41024 7.73912,
	3.39299 7.77473,
	3.39132 7.77918,
	3.39021 7.78808,
	3.38743 7.79699,
	3.38242 7.80589,
	3.37853 7.81034,
	3.36907 7.82814,
	3.36462 7.8326,
	3.34681 7.84484,
	3.34236 7.84818,
	3.33568 7.85708,
	3.32678 7.87488,
	3.32122 7.88379,
	3.31677 7.88824,
	3.31231 7.88991,
	3.29451 7.89158,
	3.2767 7.89046,
	3.27225 7.89102,
	3.27003 7.89158,
	3.26112 7.88991,
	3.25222 7.89046,
	3.24332 7.89436,
	3.23942 7.89881,
	3.23776 7.90103,
	3.22885 7.90493,
	3.2244 7.90549,
	3.21995 7.90771,
	3.2155 7.91216,
	3.21327 7.91439,
	3.20437 7.9155,
	3.19992 7.91494,
	3.19102 7.91105,
	3.18657 7.90827,
	3.17766 7.89937,
	3.17544 7.89714,
	3.15763 7.88768,
	3.15318 7.8849,
	3.14929 7.88045,
	3.14706 7.876,
	3.14539 7.86709,
	3.14539 7.86654,
	"/>
</Transform>

<Transform dim="0"
 xcoef=" 0 1 0 0 0 0"
 ycoef=" 0 0 1 0 0 0">
<Contour name="ax29" comment="LK bouton trace named after cfa" hidden="false" closed="true" simplified="true" border="0 1 1" fill="0.502 1 1" mode="9"
 points="0.364019 2.84604,
	0.36922 2.84009,
	0.392992 2.82152,
	0.398935 2.81706,
	0.410822 2.80703,
	0.422708 2.79626,
	0.434594 2.78475,
	0.440166 2.7788,
	0.459853 2.75503,
	0.478797 2.73126,
	0.488083 2.71937,
	0.49254 2.71343,
	0.513713 2.68966,
	0.524856 2.67777,
	0.536743 2.66774,
	0.538229 2.66626,
	0.550115 2.65808,
	0.553086 2.6566,
	0.55903 2.65511,
	0.570916 2.65437,
	0.594689 2.65734,
	0.606575 2.65808,
	0.630348 2.6566,
	0.65412 2.65325,
	0.666007 2.65214,
	0.677893 2.65177,
	0.680865 2.65214,
	0.686808 2.65437,
	0.689779 2.65548,
	0.701666 2.65623,
	0.707609 2.65585,
	0.71058 2.65585,
	0.722467 2.65177,
	0.725438 2.65065,
	0.726924 2.64991,
	0.750697 2.64657,
	0.75664 2.64583,
	0.758126 2.64583,
	0.764069 2.6436,
	0.775955 2.64174,
	0.778927 2.641,
	0.8027 2.62725,
	0.804185 2.62651,
	0.809386 2.62057,
	0.811614 2.6176,
	0.812729 2.61611,
	0.836501 2.6046,
	0.848388 2.59754,
	0.87216 2.58082,
	0.878104 2.57674,
	0.881075 2.57488,
	0.892962 2.56336,
	0.895562 2.56039,
	0.899276 2.55445,
	0.902248 2.54851,
	0.905219 2.53662,
	0.906705 2.53068,
	0.912277 2.51879,
	0.91302 2.5173,
	0.923792 2.50542,
	0.926763 2.50282,
	0.950536 2.48907,
	0.962422 2.48276,
	0.974309 2.48053,
	0.980252 2.47979,
	0.983224 2.47905,
	0.989167 2.47979,
	0.990652 2.48016,
	0.996596 2.47867,
	0.999567 2.47793,
	1.00254 2.47645,
	1.01443 2.4757,
	1.0382 2.47645,
	1.05008 2.47682,
	1.05306 2.47756,
	1.06494 2.4835,
	1.07089 2.48685,
	1.07386 2.48833,
	1.0798 2.49242,
	1.09169 2.4965,
	1.10357 2.49985,
	1.10654 2.50096,
	1.11843 2.50282,
	1.12437 2.50393,
	1.14815 2.50616,
	1.16003 2.50653,
	1.18381 2.50542,
	1.19569 2.50468,
	1.20164 2.5043,
	1.20461 2.5043,
	1.20609 2.50393,
	1.22987 2.50728,
	1.23581 2.50765,
	1.24769 2.5121,
	1.25067 2.51285,
	1.25364 2.51285,
	1.26552 2.51693,
	1.27741 2.52176,
	1.2893 2.52845,
	1.29524 2.53179,
	1.29821 2.53328,
	1.2997 2.53439,
	1.32347 2.54145,
	1.33536 2.54405,
	1.34724 2.54516,
	1.37102 2.54628,
	1.3829 2.54665,
	1.38884 2.54628,
	1.39182 2.54591,
	1.4037 2.54182,
	1.40667 2.54108,
	1.41856 2.53551,
	1.43045 2.52882,
	1.44233 2.52102,
	1.44828 2.51693,
	1.45125 2.51433,
	1.45719 2.51099,
	1.46313 2.50839,
	1.46611 2.50728,
	1.47205 2.50653,
	1.47502 2.50579,
	1.48691 2.50913,
	1.49879 2.51136,
	1.50474 2.5121,
	1.52851 2.51062,
	1.5404 2.50876,
	1.54337 2.50802,
	1.55525 2.50728,
	1.55823 2.50728,
	1.582 2.50208,
	1.58794 2.50059,
	1.59091 2.50022,
	1.6028 2.50282,
	1.61469 2.50913,
	1.62063 2.51322,
	1.6236 2.51545,
	1.64737 2.52733,
	1.65332 2.53031,
	1.65629 2.53142,
	1.66817 2.53328,
	1.68006 2.53736,
	1.69195 2.54071,
	1.69789 2.54256,
	1.70978 2.54776,
	1.71572 2.55036,
	1.72166 2.55222,
	1.72463 2.55334,
	1.73652 2.55556,
	1.74841 2.55705,
	1.75435 2.55742,
	1.76624 2.55965,
	1.77218 2.56076,
	1.78407 2.56448,
	1.79001 2.56782,
	1.79298 2.56968,
	1.80487 2.57934,
	1.80561 2.58008,
	1.8175 2.58231,
	1.82938 2.58379,
	1.83533 2.58454,
	1.83681 2.58454,
	1.83978 2.58602,
	1.86356 2.58751,
	1.87544 2.58825,
	1.88733 2.58825,
	1.9111 2.58974,
	1.92299 2.59197,
	1.94676 2.59791,
	1.9527 2.59977,
	1.95865 2.60088,
	1.96459 2.60125,
	1.96756 2.60162,
	1.97053 2.60274,
	1.98242 2.60534,
	1.98836 2.6072,
	2.00025 2.60831,
	2.00619 2.60831,
	2.01808 2.60645,
	2.02996 2.60237,
	2.04185 2.59977,
	2.04779 2.59791,
	2.05968 2.59234,
	2.07157 2.58565,
	2.07751 2.58157,
	2.10128 2.56856,
	2.11317 2.56188,
	2.11911 2.55854,
	2.12208 2.55668,
	2.13397 2.55334,
	2.13991 2.55185,
	2.16369 2.54776,
	2.18746 2.54665,
	2.19935 2.54665,
	2.20232 2.54628,
	2.20826 2.54405,
	2.2142 2.54256,
	2.21717 2.54145,
	2.24095 2.53811,
	2.24689 2.53773,
	2.25283 2.53811,
	2.25432 2.53811,
	2.26026 2.54108,
	2.26175 2.54182,
	2.26695 2.54776,
	2.26769 2.55965,
	2.26732 2.56262,
	2.26509 2.56856,
	2.26063 2.57451,
	2.24875 2.58454,
	2.24578 2.58677,
	2.23983 2.58862,
	2.21606 2.59308,
	2.20417 2.59531,
	2.19823 2.59717,
	2.18634 2.60274,
	2.18337 2.60422,
	2.17149 2.61611,
	2.16851 2.61908,
	2.15663 2.62837,
	2.13286 2.641,
	2.12097 2.64694,
	2.11503 2.64991,
	2.10908 2.65363,
	2.10314 2.6566,
	2.0972 2.65883,
	2.09571 2.65957,
	2.08382 2.66068,
	2.07194 2.6592,
	2.06897 2.65883,
	2.05708 2.66068,
	2.05114 2.66254,
	2.04817 2.66366,
	2.03628 2.67071,
	2.03479 2.67146,
	2.02365 2.68334,
	2.02068 2.68631,
	1.99691 2.706,
	1.99393 2.7086,
	1.98205 2.71566,
	1.95828 2.72457,
	1.95679 2.72494,
	1.9449 2.73423,
	1.9241 2.75763,
	1.91407 2.76952,
	1.91184 2.77249,
	1.89996 2.784,
	1.89699 2.7866,
	1.87321 2.79886,
	1.77812 2.84492,
	1.73058 2.86907,
	1.71869 2.87501,
	1.67115 2.8947,
	1.65926 2.89915,
	1.61171 2.90955,
	1.58794 2.91513,
	1.58497 2.91624,
	1.58348 2.91661,
	1.55971 2.93333,
	1.54782 2.9415,
	1.54188 2.94596,
	1.51811 2.96044,
	1.51217 2.96379,
	1.50919 2.96527,
	1.49731 2.96861,
	1.49136 2.96973,
	1.46759 2.97159,
	1.45571 2.97196,
	1.40816 2.96861,
	1.38439 2.96676,
	1.36061 2.96416,
	1.34873 2.9623,
	1.32496 2.96044,
	1.30118 2.95933,
	1.2893 2.95859,
	1.26552 2.95561,
	1.25364 2.95301,
	1.24175 2.94967,
	1.23581 2.94818,
	1.22392 2.9441,
	1.21798 2.94224,
	1.19421 2.93816,
	1.18232 2.93667,
	1.15855 2.93518,
	1.06346 2.9311,
	1.03968 2.92998,
	1.0278 2.92961,
	0.932707 2.92107,
	0.908934 2.91884,
	0.885161 2.91587,
	0.879218 2.91475,
	0.867332 2.91438,
	0.86436 2.9129,
	0.858417 2.91178,
	0.856931 2.91178,
	0.845045 2.90733,
	0.843559 2.90658,
	0.819786 2.90361,
	0.8079 2.90287,
	0.796014 2.90287,
	0.79007 2.9025,
	0.69498 2.9077,
	0.647434 2.9103,
	0.599889 2.91215,
	0.593946 2.91253,
	0.582059 2.91698,
	0.576116 2.91884,
	0.570173 2.91995,
	0.567201 2.9207,
	0.543429 2.92181,
	0.531542 2.92255,
	0.519656 2.92033,
	0.51817 2.92033,
	0.515199 2.91884,
	0.503312 2.91067,
	0.497369 2.90955,
	0.485483 2.91104,
	0.47954 2.91215,
	0.473597 2.91438,
	0.46171 2.92033,
	0.458739 2.92181,
	0.452795 2.92293,
	0.440909 2.92367,
	0.434966 2.92367,
	0.429023 2.92293,
	0.427537 2.92293,
	0.415651 2.91847,
	0.409707 2.91587,
	0.406736 2.91438,
	0.39745 2.9025,
	0.388906 2.89061,
	0.384449 2.88467,
	0.381849 2.8817,
	0.375906 2.86981,
	0.37442 2.86684,
	0.374048 2.86535,
	0.368477 2.85941,
	0.366619 2.85644,
	0.364762 2.85049,
	0.364391 2.84752,
	0.364019 2.84641,
	"/>
</Transform>

<Transform dim="0"
 xcoef=" 0 1 0 0 0 0"
 ycoef=" 0 0 1 0 0 0">
<Contour name="ddh_d06ax14a" comment="traced by ddh" hidden="false" closed="true" simplified="true" border="0 1 0" fill="0 1 0" mode="11"
 points="3.72846 5.63285,
	3.73057 5.63004,
	3.73127 5.62864,
	3.73618 5.62303,
	3.73828 5.62022,
	3.74951 5.61146,
	3.75477 5.60585,
	3.75722 5.60304,
	3.76844 5.59532,
	3.77125 5.59392,
	3.77686 5.58866,
	3.78247 5.58691,
	3.80492 5.58235,
	3.81614 5.58024,
	3.82736 5.57989,
	3.83298 5.57814,
	3.83578 5.57744,
	3.83718 5.57709,
	3.83999 5.57533,
	3.85121 5.57218,
	3.85682 5.57042,
	3.85823 5.56972,
	3.86384 5.56937,
	3.87506 5.57007,
	3.87646 5.57007,
	3.88769 5.57568,
	3.8933 5.57954,
	3.90452 5.58866,
	3.91539 5.59988,
	3.91925 5.60549,
	3.92136 5.6083,
	3.92662 5.61952,
	3.92732 5.62093,
	3.92837 5.63215,
	3.92767 5.64337,
	3.92592 5.64898,
	3.92241 5.6546,
	3.91119 5.66512,
	3.90557 5.67003,
	3.89435 5.67809,
	3.88874 5.6802,
	3.88313 5.68406,
	3.87191 5.69002,
	3.8691 5.69142,
	3.85788 5.69352,
	3.84665 5.69388,
	3.84104 5.69212,
	3.83543 5.69107,
	3.83263 5.69072,
	3.82982 5.68967,
	3.8186 5.68967,
	3.81299 5.68967,
	3.81018 5.68967,
	3.79896 5.69317,
	3.79334 5.69493,
	3.79194 5.69493,
	3.79054 5.69563,
	3.78493 5.69528,
	3.78212 5.69493,
	3.78072 5.69493,
	3.77511 5.69317,
	3.7695 5.69037,
	3.76388 5.68686,
	3.76108 5.68511,
	3.74986 5.67494,
	3.74424 5.66933,
	3.74144 5.66652,
	3.74004 5.66512,
	3.73618 5.65951,
	3.73478 5.6581,
	3.73372 5.6553,
	3.73057 5.64969,
	3.72881 5.64407,
	3.72846 5.6332,
	"/>
</Transform>

<Transform dim="0"
 xcoef=" 0 1 0 0 0 0"
 ycoef=" 0 0 1 0 0 0">
<Contour name="ddh_d06ax14b" comment="traced by ddh" hidden="false" closed="true" simplified="true" border="0 1 1" fill="0 1 1" mode="11"
 points="2.24658 6.46705,
	2.2484 6.46219,
	2.25326 6.45733,
	2.2727 6.45065,
	2.27756 6.45065,
	2.28727 6.44579,
	2.29213 6.44275,
	2.29456 6.44154,
	2.30428 6.43182,
	2.314 6.42332,
	2.32007 6.4136,
	2.32189 6.40874,
	2.32432 6.38931,
	2.32554 6.38445,
	2.32797 6.37959,
	2.32918 6.37716,
	2.33161 6.37473,
	2.33222 6.3723,
	2.33586 6.36744,
	2.33708 6.36501,
	2.3468 6.35955,
	2.35651 6.3553,
	2.36137 6.35347,
	2.36623 6.35287,
	2.36805 6.35044,
	2.37291 6.34922,
	2.38263 6.34011,
	2.39113 6.33039,
	2.39538 6.32554,
	2.39842 6.32068,
	2.4051 6.28181,
	2.40692 6.27209,
	2.40996 6.26237,
	2.41421 6.25265,
	2.41664 6.2478,
	2.42454 6.23808,
	2.42939 6.23383,
	2.44883 6.22046,
	2.45855 6.21135,
	2.46401 6.20164,
	2.46644 6.19678,
	2.47009 6.19192,
	2.47495 6.18706,
	2.47616 6.18463,
	2.48588 6.18038,
	2.49074 6.17856,
	2.49317 6.17734,
	2.5126 6.17431,
	2.52232 6.17248,
	2.52718 6.17188,
	2.5369 6.16763,
	2.54661 6.16094,
	2.56605 6.14515,
	2.57091 6.1409,
	2.58062 6.13483,
	2.60006 6.1245,
	2.60492 6.12207,
	2.62435 6.116,
	2.62921 6.11479,
	2.63893 6.11053,
	2.64804 6.10264,
	2.65472 6.09292,
	2.65715 6.08806,
	2.65776 6.06863,
	2.65836 6.05891,
	2.66201 6.03947,
	2.66748 6.02004,
	2.67173 6.01032,
	2.68084 6.00121,
	2.69055 5.99392,
	2.70999 5.98299,
	2.74886 5.96538,
	2.75372 5.96295,
	2.76344 5.95505,
	2.76769 5.95019,
	2.77376 5.94048,
	2.77619 5.93562,
	2.78469 5.9259,
	2.79441 5.918,
	2.81385 5.90707,
	2.8187 5.90464,
	2.82113 5.90282,
	2.82174 5.90161,
	2.82417 5.901,
	2.8266 5.89918,
	2.83632 5.89553,
	2.85575 5.89128,
	2.86547 5.89128,
	2.88491 5.89371,
	2.90434 5.89493,
	2.94321 5.89432,
	2.95293 5.89371,
	2.95779 5.89371,
	2.96265 5.89493,
	2.96386 5.89493,
	2.96508 5.89614,
	2.96751 5.89614,
	2.97236 5.89796,
	2.97479 5.89978,
	2.97601 5.89978,
	2.98087 5.90464,
	2.98208 5.91436,
	2.98208 5.91922,
	2.97844 5.92894,
	2.97054 5.93865,
	2.96143 5.94837,
	2.95961 5.9508,
	2.95718 5.95202,
	2.9505 5.96173,
	2.94686 5.96659,
	2.942 5.97084,
	2.92256 5.97935,
	2.9177 5.98238,
	2.91527 5.98421,
	2.91041 5.99392,
	2.90677 5.99878,
	2.89705 6.00789,
	2.88794 6.02733,
	2.88551 6.03219,
	2.88248 6.0419,
	2.87944 6.04676,
	2.87519 6.05101,
	2.86547 6.05709,
	2.86061 6.06012,
	2.8515 6.06984,
	2.84421 6.07956,
	2.83875 6.08928,
	2.82721 6.12815,
	2.82174 6.14758,
	2.81931 6.1573,
	2.8181 6.19617,
	2.81688 6.21561,
	2.81567 6.22532,
	2.81506 6.23018,
	2.81081 6.2399,
	2.79806 6.25933,
	2.78409 6.27877,
	2.77801 6.28849,
	2.77194 6.30792,
	2.7683 6.31764,
	2.7683 6.31886,
	2.75979 6.32857,
	2.75554 6.33343,
	2.74582 6.33829,
	2.74096 6.34133,
	2.72153 6.3474,
	2.71181 6.35044,
	2.70209 6.3553,
	2.69238 6.36137,
	2.68752 6.36441,
	2.67962 6.37352,
	2.67051 6.38263,
	2.66079 6.39052,
	2.64136 6.39903,
	2.60249 6.42028,
	2.58305 6.43061,
	2.57334 6.43547,
	2.5539 6.44336,
	2.54418 6.44761,
	2.53447 6.44944,
	2.45673 6.45308,
	2.43729 6.45369,
	2.41785 6.45308,
	2.40814 6.45186,
	2.40328 6.45126,
	2.38384 6.45429,
	2.37413 6.45551,
	2.36441 6.46219,
	2.35469 6.47069,
	2.34497 6.48041,
	2.32554 6.49316,
	2.31582 6.49802,
	2.31096 6.49984,
	2.3061 6.50045,
	2.29639 6.5041,
	2.27695 6.50227,
	2.26723 6.50045,
	2.26237 6.49802,
	2.25751 6.49438,
	2.25509 6.49256,
	2.24962 6.48284,
	2.2478 6.47798,
	2.24658 6.47555,
	2.24658 6.47069,
	2.24658 6.46826,
	2.24658 6.46766,
	"/>
</Transform>

<Transform dim="0"
 xcoef=" 0 1 0 0 0 0"
 ycoef=" 0 0 1 0 0 0">
<Contour name="ddh_d06ax15" comment="traced by ddh" hidden="false" closed="true" simplified="true" border="1 0.5 0" fill="1 0.5 0" mode="11"
 points="1.60222 8.52307,
	1.60441 8.5143,
	1.60606 8.50991,
	1.60715 8.50772,
	1.61538 8.50169,
	1.61976 8.49895,
	1.62141 8.4973,
	1.6225 8.4973,
	1.63127 8.49073,
	1.6373 8.4825,
	1.6384 8.48031,
	1.63949 8.47976,
	1.64004 8.47757,
	1.64662 8.46935,
	1.64881 8.4677,
	1.64991 8.4677,
	1.65429 8.46496,
	1.66306 8.46222,
	1.67183 8.46058,
	1.67403 8.46003,
	1.67512 8.46003,
	1.67622 8.45893,
	1.67841 8.45893,
	1.67951 8.45839,
	1.6817 8.45893,
	1.68389 8.45729,
	1.68828 8.45564,
	1.69266 8.45236,
	1.69595 8.44907,
	1.70472 8.44249,
	1.71349 8.43975,
	1.72226 8.43865,
	1.7398 8.4392,
	1.74857 8.44084,
	1.75734 8.44139,
	1.76611 8.43865,
	1.7705 8.43701,
	1.77269 8.43646,
	1.77379 8.43646,
	1.77489 8.43536,
	1.79243 8.43043,
	1.79462 8.43043,
	1.79681 8.42933,
	1.81435 8.42879,
	1.82312 8.42879,
	1.83189 8.42988,
	1.83408 8.42988,
	1.83847 8.43153,
	1.83957 8.43262,
	1.84395 8.43427,
	1.85272 8.43975,
	1.86094 8.44797,
	1.86314 8.45236,
	1.86478 8.45455,
	1.86752 8.46332,
	1.86807 8.47209,
	1.86752 8.48086,
	1.86752 8.48305,
	1.86588 8.48744,
	1.85437 8.50498,
	1.84724 8.5121,
	1.84285 8.5143,
	1.83847 8.51758,
	1.83408 8.51978,
	1.83299 8.51978,
	1.8286 8.52252,
	1.82641 8.52307,
	1.82531 8.52416,
	1.82093 8.52581,
	1.81216 8.53074,
	1.80832 8.53238,
	1.79955 8.53732,
	1.79517 8.54061,
	1.79407 8.54061,
	1.79188 8.54225,
	1.79078 8.54225,
	1.7864 8.54499,
	1.7842 8.54609,
	1.78311 8.54609,
	1.78091 8.54773,
	1.77982 8.54773,
	1.77817 8.54938,
	1.77708 8.54938,
	1.77543 8.55102,
	1.77434 8.55102,
	1.75734 8.56034,
	1.74857 8.56527,
	1.74638 8.56637,
	1.74529 8.56747,
	1.73652 8.57021,
	1.73213 8.5713,
	1.72774 8.5713,
	1.72555 8.5724,
	1.71678 8.57295,
	1.69924 8.5713,
	1.69486 8.5713,
	1.69047 8.57021,
	1.68609 8.57021,
	1.66855 8.56637,
	1.66635 8.56637,
	1.66526 8.56527,
	1.66087 8.56472,
	1.65868 8.56418,
	1.65758 8.56418,
	1.65649 8.56308,
	1.64772 8.56144,
	1.63018 8.55541,
	1.62141 8.55102,
	1.61263 8.54554,
	1.60935 8.5428,
	1.60386 8.53513,
	1.60222 8.52635,
	1.60222 8.52416,
	1.60222 8.52361,
	"/>
</Transform>

<Transform dim="0"
 xcoef=" 0 1 0 0 0 0"
 ycoef=" 0 0 1 0 0 0">
<Contour name="ddh_d06ax18" comment="traced by ddh" hidden="false" closed="true" simplified="true" border="1 0 0.5" fill="1 0 0.5" mode="11"
 points="3.56577 8.14599,
	3.56965 8.13977,
	3.57354 8.13589,
	3.58598 8.13122,
	3.5922 8.12734,
	3.59531 8.12656,
	3.6194 8.10479,
	3.62485 8.10013,
	3.62796 8.0978,
	3.64039 8.09857,
	3.6435 8.10091,
	3.64506 8.10091,
	3.65361 8.11257,
	3.65439 8.13744,
	3.65439 8.14988,
	3.65439 8.1561,
	3.65283 8.16232,
	3.64894 8.16854,
	3.64273 8.17476,
	3.63184 8.18253,
	3.62873 8.18408,
	3.62796 8.18564,
	3.62174 8.18719,
	3.62018 8.18875,
	3.61396 8.1903,
	3.60153 8.1903,
	3.59531 8.18953,
	3.5922 8.18953,
	3.58598 8.18642,
	3.58287 8.18408,
	3.57976 8.17787,
	3.57976 8.17165,
	3.57743 8.16543,
	3.57199 8.16076,
	3.56965 8.15921,
	3.56577 8.15299,
	3.56577 8.14677,
	"/>
</Transform>

<Transform dim="0"
 xcoef=" 0 1 0 0 0 0"
 ycoef=" 0 0 1 0 0 0">
<Contour name="ddh_d07ax19" comment="traced by ddh" hidden="false" closed="true" simplified="true" border="0.5 0 1" fill="0.5 0 1" mode="11"
 points="3.20085 7.43785,
	3.21138 7.4072,
	3.21569 7.39188,
	3.21665 7.38805,
	3.21761 7.35741,
	3.22288 7.32676,
	3.22431 7.3191,
	3.22671 7.31144,
	3.22814 7.30378,
	3.24107 7.27314,
	3.24729 7.25781,
	3.25208 7.24249,
	3.26022 7.21185,
	3.26405 7.20419,
	3.26932 7.197,
	3.2765 7.19078,
	3.28033 7.18839,
	3.29565 7.17402,
	3.30332 7.16636,
	3.30762 7.1587,
	3.30858 7.15487,
	3.3105 7.15104,
	3.31146 7.14912,
	3.31241 7.14146,
	3.31289 7.13763,
	3.31146 7.12231,
	3.3105 7.11465,
	3.3081 7.10699,
	3.30715 7.10316,
	3.29135 7.07251,
	3.29039 7.05719,
	3.29039 7.04187,
	3.28991 7.03421,
	3.28704 7.02655,
	3.28273 7.01889,
	3.28081 7.01506,
	3.28033 7.01123,
	3.28081 7.00357,
	3.28081 7.00165,
	3.28512 6.99399,
	3.28751 6.99016,
	3.29518 6.9825,
	3.29853 6.97867,
	3.30044 6.97484,
	3.30379 6.97244,
	3.333 6.9418,
	3.34785 6.92648,
	3.35072 6.92265,
	3.35215 6.91882,
	3.35455 6.91499,
	3.35598 6.91355,
	3.35646 6.91163,
	3.3579 6.90972,
	3.36269 6.8944,
	3.36508 6.88674,
	3.37322 6.87141,
	3.37753 6.86375,
	3.3895 6.84843,
	3.40243 6.83311,
	3.40818 6.82545,
	3.41296 6.81779,
	3.42829 6.78714,
	3.43307 6.77948,
	3.4369 6.77565,
	3.43882 6.77374,
	3.44648 6.76943,
	3.45031 6.76703,
	3.45414 6.7656,
	3.46946 6.7565,
	3.47329 6.75458,
	3.48862 6.75123,
	3.49628 6.75075,
	3.52692 6.75315,
	3.53075 6.75363,
	3.53841 6.75698,
	3.54607 6.76272,
	3.55373 6.76991,
	3.56666 6.78523,
	3.57145 6.79289,
	3.57241 6.79672,
	3.57241 6.80438,
	3.57193 6.80821,
	3.5681 6.81587,
	3.5657 6.82353,
	3.56187 6.83119,
	3.55996 6.83502,
	3.559 6.83598,
	3.559 6.83694,
	3.55804 6.8379,
	3.55756 6.83981,
	3.55613 6.84173,
	3.5523 6.85705,
	3.55038 6.87237,
	3.54751 6.88769,
	3.54033 6.91834,
	3.53698 6.93366,
	3.53554 6.94132,
	3.53506 6.94515,
	3.53267 6.95281,
	3.53171 6.96047,
	3.53123 6.99112,
	3.52884 7.02176,
	3.52644 7.03708,
	3.52548 7.04091,
	3.52501 7.04283,
	3.52022 7.05049,
	3.51974 7.0524,
	3.51351 7.06007,
	3.51016 7.0639,
	3.50202 7.07922,
	3.49532 7.09454,
	3.49245 7.1022,
	3.49053 7.10986,
	3.47569 7.14051,
	3.47329 7.14434,
	3.46563 7.15152,
	3.45797 7.15726,
	3.45414 7.16014,
	3.45223 7.16109,
	3.44504 7.16876,
	3.44121 7.17259,
	3.43547 7.18025,
	3.43259 7.18408,
	3.42924 7.19174,
	3.42733 7.19557,
	3.42302 7.21089,
	3.42015 7.21855,
	3.41105 7.23387,
	3.39908 7.2492,
	3.39142 7.25686,
	3.38759 7.26021,
	3.38567 7.26212,
	3.38328 7.26595,
	3.37562 7.27314,
	3.37179 7.27697,
	3.34114 7.29947,
	3.32582 7.31096,
	3.31816 7.31671,
	3.31433 7.3191,
	3.30667 7.32533,
	3.29996 7.33251,
	3.28991 7.34783,
	3.28368 7.35549,
	3.27459 7.37081,
	3.25879 7.40146,
	3.2449 7.4321,
	3.24155 7.43976,
	3.23915 7.44359,
	3.23149 7.4503,
	3.22766 7.45269,
	3.22383 7.45604,
	3.21617 7.45987,
	3.21234 7.46131,
	3.21043 7.46131,
	3.2066 7.45939,
	3.20468 7.45796,
	3.20277 7.45413,
	3.20133 7.44647,
	3.20085 7.4388,
	3.20085 7.43833,
	"/>
</Transform>

<Transform dim="0"
 xcoef=" 0 1 0 0 0 0"
 ycoef=" 0 0 1 0 0 0">
<Contour name="ddh_d07ax17" comment="traced by ddh" hidden="false" closed="true" simplified="true" border="1 0 0" fill="1 0 0" mode="11"
 points="4.80765 7.48823,
	4.81185 7.47603,
	4.81528 7.46382,
	4.81643 7.45772,
	4.81871 7.45161,
	4.83207 7.4272,
	4.83779 7.41499,
	4.84008 7.40889,
	4.84122 7.40584,
	4.84313 7.40278,
	4.8458 7.40011,
	4.85801 7.39439,
	4.86411 7.3921,
	4.87021 7.39058,
	4.87632 7.38981,
	4.88852 7.39248,
	4.89463 7.39363,
	4.90683 7.39935,
	4.91294 7.40317,
	4.91446 7.40393,
	4.924 7.41614,
	4.92705 7.41919,
	4.93125 7.42529,
	4.94536 7.44971,
	4.95414 7.46191,
	4.95986 7.46763,
	4.97206 7.47641,
	4.97817 7.47717,
	4.98122 7.47717,
	5.00563 7.4703,
	5.01784 7.46649,
	5.03005 7.46,
	5.03615 7.45543,
	5.04836 7.44513,
	5.05141 7.44284,
	5.05713 7.43674,
	5.06209 7.43063,
	5.06514 7.42758,
	5.06705 7.42453,
	5.0682 7.42148,
	5.07239 7.41537,
	5.07888 7.40317,
	5.08231 7.39706,
	5.0846 7.39401,
	5.09681 7.3818,
	5.09795 7.38028,
	5.10405 7.37761,
	5.11626 7.37456,
	5.12236 7.37341,
	5.12542 7.37303,
	5.13114 7.36922,
	5.13419 7.36807,
	5.13724 7.36616,
	5.14945 7.36197,
	5.15097 7.36082,
	5.1525 7.36044,
	5.15403 7.3593,
	5.15479 7.3593,
	5.15555 7.35853,
	5.15631 7.35853,
	5.15708 7.35777,
	5.1586 7.35739,
	5.16013 7.35625,
	5.16089 7.35548,
	5.16242 7.3551,
	5.16394 7.35396,
	5.16547 7.35357,
	5.17157 7.34938,
	5.17462 7.34709,
	5.18073 7.34442,
	5.18378 7.34366,
	5.18531 7.34289,
	5.19751 7.33183,
	5.20056 7.32878,
	5.20209 7.32725,
	5.204 7.32115,
	5.20362 7.29674,
	5.204 7.29368,
	5.20629 7.28758,
	5.21048 7.28148,
	5.21659 7.27728,
	5.22269 7.27385,
	5.2349 7.2708,
	5.241 7.26965,
	5.25321 7.26965,
	5.25931 7.26927,
	5.27152 7.26507,
	5.29593 7.2521,
	5.29898 7.25058,
	5.31119 7.24142,
	5.31424 7.24028,
	5.32645 7.23227,
	5.33866 7.2254,
	5.34476 7.22273,
	5.35086 7.2193,
	5.35392 7.21777,
	5.35697 7.21701,
	5.36002 7.2151,
	5.36612 7.21319,
	5.37223 7.21205,
	5.37833 7.21167,
	5.38138 7.21358,
	5.38405 7.21663,
	5.3852 7.22883,
	5.38443 7.23494,
	5.37947 7.24715,
	5.37261 7.25935,
	5.36879 7.26546,
	5.35926 7.27766,
	5.3543 7.28377,
	5.34247 7.29559,
	5.33637 7.30131,
	5.33332 7.30398,
	5.3234 7.31619,
	5.31958 7.32229,
	5.31844 7.32535,
	5.30966 7.33755,
	5.30776 7.3406,
	5.29669 7.35281,
	5.29097 7.35892,
	5.28487 7.36387,
	5.27266 7.37227,
	5.26046 7.37951,
	5.24825 7.38753,
	5.24214 7.39325,
	5.23909 7.3963,
	5.23757 7.39744,
	5.23566 7.40355,
	5.23452 7.4066,
	5.23299 7.43101,
	5.23146 7.43712,
	5.22917 7.44322,
	5.22574 7.44932,
	5.21468 7.46115,
	5.20247 7.46573,
	5.19637 7.46802,
	5.18416 7.47069,
	5.18111 7.47107,
	5.17806 7.47259,
	5.16585 7.47374,
	5.15975 7.4745,
	5.14754 7.4745,
	5.14144 7.4745,
	5.11702 7.48594,
	5.11397 7.48747,
	5.10787 7.49243,
	5.10176 7.49853,
	5.09375 7.51074,
	5.08994 7.51684,
	5.08498 7.52295,
	5.07888 7.52905,
	5.07735 7.53058,
	5.06514 7.53859,
	5.05294 7.54355,
	5.04073 7.54698,
	5.02852 7.54965,
	5.00411 7.55346,
	4.998 7.55385,
	4.9919 7.55499,
	4.98885 7.55537,
	4.97664 7.55957,
	4.96444 7.56491,
	4.96138 7.56643,
	4.95986 7.5672,
	4.94841 7.5794,
	4.94269 7.58551,
	4.93964 7.58856,
	4.93354 7.59314,
	4.92133 7.5981,
	4.91828 7.59924,
	4.91523 7.59962,
	4.90302 7.59886,
	4.89692 7.5981,
	4.89081 7.59657,
	4.87861 7.59047,
	4.87555 7.58856,
	4.86945 7.58322,
	4.86373 7.57712,
	4.85877 7.57101,
	4.85305 7.56491,
	4.84809 7.55881,
	4.83664 7.5466,
	4.82444 7.5363,
	4.82215 7.53325,
	4.8107 7.50883,
	4.8088 7.50273,
	4.80765 7.49663,
	4.80765 7.49052,
	4.80765 7.489,
	4.80765 7.48861,
	"/>
</Transform>

<Transform dim="0"
 xcoef=" 0 1 0 0 0 0"
 ycoef=" 0 0 1 0 0 0">
<Contour name="ddh_d07ax21" comment="traced by ddh" hidden="false" closed="true" simplified="true" border="0 1 0" fill="0 1 0" mode="11"
 points="2.3874 7.65878,
	2.39178 7.64318,
	2.39666 7.63539,
	2.40007 7.63149,
	2.40202 7.63003,
	2.40982 7.62808,
	2.41761 7.62856,
	2.42541 7.6271,
	2.43321 7.62661,
	2.441 7.62467,
	2.4449 7.62369,
	2.4605 7.61541,
	2.46829 7.61005,
	2.47609 7.60566,
	2.48389 7.59981,
	2.50728 7.56862,
	2.51849 7.55303,
	2.52775 7.53743,
	2.53165 7.52964,
	2.53701 7.52184,
	2.53944 7.51794,
	2.54968 7.48675,
	2.5565 7.45556,
	2.56137 7.43997,
	2.56235 7.43607,
	2.56576 7.43217,
	2.5682 7.42827,
	2.57161 7.42438,
	2.5794 7.42048,
	2.5872 7.41755,
	2.595 7.41609,
	2.61059 7.41658,
	2.61839 7.41755,
	2.62619 7.4195,
	2.64178 7.41999,
	2.65738 7.4195,
	2.66517 7.42145,
	2.66907 7.42194,
	2.67687 7.42535,
	2.68467 7.43022,
	2.69246 7.43802,
	2.69587 7.44192,
	2.69929 7.44972,
	2.70026 7.45751,
	2.69685 7.47311,
	2.691 7.4887,
	2.68905 7.4926,
	2.68759 7.5004,
	2.68613 7.5043,
	2.68613 7.50625,
	2.68467 7.51014,
	2.68272 7.52574,
	2.68077 7.53354,
	2.68028 7.53743,
	2.67784 7.54523,
	2.67053 7.56083,
	2.66663 7.56862,
	2.66371 7.57642,
	2.66176 7.58422,
	2.66127 7.58812,
	2.66274 7.60371,
	2.66274 7.60761,
	2.66274 7.60956,
	2.6603 7.61736,
	2.6525 7.63295,
	2.64763 7.64075,
	2.64129 7.64854,
	2.63934 7.65049,
	2.62862 7.66609,
	2.62424 7.67388,
	2.61888 7.68168,
	2.61498 7.68509,
	2.59938 7.69338,
	2.59159 7.69679,
	2.58379 7.69825,
	2.57989 7.69971,
	2.57794 7.69971,
	2.56235 7.70654,
	2.53116 7.71336,
	2.52336 7.71433,
	2.51946 7.71482,
	2.50387 7.72164,
	2.49607 7.72457,
	2.48827 7.72554,
	2.47268 7.72359,
	2.45709 7.72505,
	2.45319 7.72554,
	2.44539 7.72457,
	2.44344 7.72457,
	2.43564 7.72116,
	2.43174 7.71872,
	2.41615 7.7041,
	2.40299 7.6885,
	2.39812 7.68071,
	2.39081 7.6734,
	2.38789 7.6656,
	2.3874 7.6617,
	2.3874 7.65975,
	2.3874 7.65927,
	"/>
</Transform>

<Transform dim="0"
 xcoef=" 0 1 0 0 0 0"
 ycoef=" 0 0 1 0 0 0">
<Contour name="ddh_d07ax24" comment="traced by ddh" hidden="false" closed="true" simplified="true" border="1 0.5 0" fill="1 0.5 0" mode="11"
 points="3.70613 8.3999,
	3.71672 8.38107,
	3.7226 8.37166,
	3.73084 8.36224,
	3.74967 8.34813,
	3.76849 8.33636,
	3.7732 8.33401,
	3.77908 8.32459,
	3.78143 8.31989,
	3.79085 8.31047,
	3.80026 8.30459,
	3.80497 8.30106,
	3.82379 8.29518,
	3.83321 8.294,
	3.83791 8.294,
	3.84733 8.28929,
	3.85203 8.28694,
	3.8838 8.24929,
	3.90733 8.21164,
	3.92616 8.17399,
	3.94145 8.15634,
	3.96028 8.14104,
	3.99793 8.12104,
	4.00735 8.11751,
	4.01205 8.11633,
	4.04264 8.07986,
	4.06147 8.07044,
	4.07088 8.06456,
	4.07912 8.05515,
	4.08971 8.03632,
	4.10736 8.0175,
	4.11677 8.00926,
	4.12736 7.99043,
	4.12971 7.98573,
	4.12971 7.9669,
	4.12736 7.95749,
	4.11442 7.93866,
	4.10618 7.92925,
	4.09677 7.92219,
	4.08736 7.91278,
	4.08265 7.90807,
	4.07324 7.88924,
	4.07088 7.87983,
	4.06853 7.87513,
	4.06853 7.86571,
	4.06735 7.86101,
	4.08265 7.82335,
	4.08618 7.80453,
	4.08618 7.7857,
	4.08736 7.77629,
	4.09794 7.73864,
	4.1003 7.72922,
	4.11677 7.69157,
	4.12148 7.68216,
	4.12736 7.66333,
	4.12971 7.66216,
	4.12971 7.65745,
	4.13795 7.63863,
	4.1403 7.63392,
	4.15678 7.61509,
	4.16501 7.60568,
	4.16972 7.60097,
	4.18737 7.56332,
	4.1956 7.5445,
	4.20619 7.52567,
	4.21914 7.50684,
	4.22149 7.50214,
	4.2309 7.49272,
	4.24973 7.47861,
	4.25443 7.4739,
	4.27326 7.46331,
	4.28267 7.4586,
	4.3015 7.4539,
	4.31091 7.44801,
	4.32386 7.42919,
	4.32856 7.41977,
	4.34386 7.40095,
	4.36268 7.38683,
	4.38151 7.37742,
	4.39092 7.37153,
	4.39563 7.36918,
	4.41093 7.35035,
	4.42269 7.33153,
	4.43916 7.31859,
	4.44034 7.31741,
	4.44622 7.31976,
	4.48035 7.35153,
	4.48505 7.35506,
	4.49094 7.36212,
	4.49799 7.37153,
	4.5027 7.37624,
	4.51564 7.39271,
	4.52506 7.40095,
	4.52859 7.40683,
	4.49094 7.43978,
	4.48152 7.44684,
	4.46387 7.46566,
	4.43681 7.50331,
	4.42034 7.52214,
	4.38386 7.55626,
	4.36504 7.57156,
	4.34856 7.59038,
	4.34033 7.5998,
	4.32974 7.61862,
	4.3168 7.63745,
	4.28032 7.6751,
	4.26149 7.69275,
	4.25326 7.70216,
	4.25091 7.71158,
	4.25091 7.71628,
	4.24385 7.72569,
	4.24032 7.73511,
	4.24267 7.74452,
	4.24149 7.75393,
	4.24149 7.75864,
	4.23208 7.77747,
	4.21443 7.79512,
	4.20502 7.801,
	4.20031 7.8057,
	4.1909 7.82453,
	4.18737 7.83394,
	4.18619 7.83512,
	4.18972 7.84453,
	4.18854 7.86336,
	4.18972 7.88218,
	4.1956 7.90101,
	4.20031 7.91042,
	4.20855 7.94808,
	4.21208 7.9669,
	4.20855 8.00455,
	4.20737 8.01397,
	4.20031 8.03279,
	4.19325 8.07044,
	4.1909 8.1081,
	4.1909 8.1128,
	4.16854 8.15045,
	4.15913 8.16928,
	4.1556 8.17869,
	4.15442 8.1834,
	4.15913 8.20222,
	4.16148 8.21164,
	4.16619 8.22105,
	4.16501 8.23046,
	4.16148 8.23988,
	4.1556 8.24929,
	4.15325 8.2587,
	4.1556 8.27753,
	4.15678 8.28694,
	4.1556 8.29635,
	4.14854 8.31518,
	4.14972 8.32459,
	4.14972 8.3293,
	4.15795 8.34813,
	4.16031 8.36695,
	4.15913 8.38578,
	4.15678 8.39519,
	4.16031 8.41402,
	4.16384 8.42343,
	4.17795 8.44225,
	4.18384 8.45167,
	4.18854 8.45637,
	4.19913 8.4752,
	4.20502 8.49403,
	4.20737 8.50344,
	4.20502 8.52226,
	4.20502 8.52697,
	4.18384 8.60227,
	4.16148 8.63993,
	4.15678 8.64934,
	4.15207 8.66817,
	4.13207 8.70582,
	4.11559 8.72464,
	4.09559 8.76229,
	4.08971 8.77171,
	4.08147 8.77994,
	4.06265 8.78818,
	4.02499 8.79053,
	3.98734 8.78936,
	3.94969 8.78465,
	3.87439 8.74582,
	3.83791 8.71523,
	3.81556 8.67758,
	3.80497 8.65875,
	3.79791 8.64934,
	3.78849 8.64228,
	3.76967 8.63287,
	3.76026 8.62816,
	3.72378 8.59874,
	3.71554 8.57992,
	3.7179 8.57051,
	3.72731 8.55168,
	3.73672 8.54344,
	3.74614 8.53874,
	3.76496 8.52344,
	3.7732 8.51403,
	3.78379 8.4952,
	3.79085 8.47638,
	3.78967 8.46696,
	3.78849 8.46226,
	3.77908 8.4552,
	3.76967 8.45167,
	3.75084 8.45402,
	3.74143 8.45637,
	3.73202 8.4552,
	3.72731 8.45402,
	3.71201 8.4352,
	3.70731 8.41637,
	3.70613 8.40696,
	3.70495 8.40225,
	3.70495 8.40107,
	"/>
</Transform>

<Transform dim="0"
 xcoef=" 0 1 0 0 0 0"
 ycoef=" 0 0 1 0 0 0">
<Contour name="ddh_d08ax14a" comment="traced by ddh" hidden="false" closed="true" simplified="true" border="1 0.5 0" fill="1 0.5 0" mode="11"
 points="4.26498 3.85385,
	4.26642 3.85001,
	4.26738 3.84233,
	4.26786 3.83848,
	4.26546 3.82312,
	4.26642 3.81543,
	4.26738 3.81159,
	4.27411 3.79622,
	4.27795 3.78853,
	4.28419 3.78085,
	4.28756 3.77701,
	4.29524 3.77076,
	4.31061 3.7602,
	4.31974 3.72946,
	4.32502 3.72177,
	4.32742 3.71793,
	4.33078 3.71025,
	4.34855 3.67951,
	4.35768 3.66414,
	4.36584 3.64877,
	4.37593 3.6334,
	4.39082 3.61851,
	4.3985 3.61275,
	4.40043 3.61131,
	4.40811 3.60891,
	4.43885 3.60314,
	4.44077 3.60266,
	4.44269 3.60122,
	4.44653 3.60074,
	4.45422 3.59402,
	4.46959 3.57913,
	4.47343 3.57625,
	4.4888 3.56808,
	4.50417 3.56088,
	4.51185 3.55848,
	4.51954 3.55127,
	4.52146 3.54983,
	4.52242 3.54887,
	4.5229 3.54695,
	4.52674 3.54407,
	4.52866 3.54263,
	4.54403 3.54215,
	4.55172 3.54263,
	4.56709 3.54551,
	4.58246 3.55079,
	4.59782 3.55848,
	4.60551 3.56376,
	4.60935 3.56712,
	4.61127 3.56856,
	4.61512 3.57625,
	4.62232 3.58345,
	4.62328 3.58345,
	4.62712 3.58681,
	4.63481 3.58921,
	4.65018 3.59065,
	4.6521 3.59065,
	4.65594 3.5921,
	4.65978 3.5921,
	4.66362 3.59306,
	4.66555 3.59402,
	4.66939 3.59402,
	4.67707 3.59546,
	4.67803 3.59498,
	4.68572 3.5969,
	4.68668 3.5969,
	4.68764 3.59786,
	4.6886 3.59786,
	4.69196 3.60122,
	4.6958 3.60266,
	4.69676 3.60266,
	4.70013 3.60602,
	4.70781 3.60939,
	4.73855 3.62572,
	4.75392 3.63388,
	4.75776 3.63532,
	4.76545 3.6406,
	4.76929 3.64349,
	4.78466 3.64973,
	4.79234 3.65309,
	4.79618 3.65501,
	4.80387 3.66126,
	4.81155 3.66846,
	4.81396 3.6723,
	4.81492 3.67423,
	4.83029 3.68959,
	4.83365 3.69344,
	4.83749 3.70112,
	4.83893 3.70496,
	4.84133 3.72033,
	4.83989 3.72802,
	4.83941 3.73186,
	4.83605 3.73954,
	4.82836 3.74579,
	4.82068 3.75107,
	4.80531 3.75924,
	4.78994 3.76596,
	4.7861 3.76788,
	4.78274 3.77076,
	4.77889 3.77845,
	4.77745 3.78229,
	4.77649 3.78998,
	4.77601 3.79382,
	4.77697 3.8015,
	4.77745 3.80534,
	4.78322 3.82071,
	4.78466 3.82456,
	4.78706 3.83993,
	4.78994 3.84761,
	4.7909 3.84953,
	4.79186 3.85722,
	4.79378 3.86106,
	4.79666 3.87643,
	4.79763 3.88411,
	4.80291 3.89948,
	4.80579 3.90717,
	4.80915 3.92254,
	4.80819 3.93022,
	4.80771 3.93406,
	4.80099 3.94943,
	4.79715 3.95712,
	4.7909 3.97249,
	4.78754 3.98017,
	4.78514 3.99554,
	4.78466 4.00322,
	4.78418 4.00707,
	4.78514 4.01091,
	4.78466 4.01475,
	4.77985 4.03012,
	4.77505 4.03781,
	4.77265 4.04165,
	4.76641 4.04933,
	4.76352 4.05317,
	4.75584 4.0599,
	4.74047 4.07095,
	4.73279 4.07575,
	4.71742 4.09112,
	4.7155 4.09304,
	4.70013 4.10024,
	4.68476 4.1012,
	4.66939 4.10072,
	4.65402 4.0988,
	4.63865 4.09784,
	4.63096 4.09592,
	4.62904 4.09544,
	4.6252 4.09736,
	4.61752 4.0988,
	4.60983 4.09928,
	4.60215 4.09832,
	4.59446 4.0988,
	4.59062 4.09928,
	4.58294 4.09832,
	4.5522 4.09016,
	4.53683 4.08728,
	4.53491 4.0868,
	4.53299 4.08535,
	4.51762 4.08487,
	4.51377 4.08487,
	4.50609 4.08247,
	4.50225 4.08151,
	4.48688 4.07335,
	4.48304 4.07143,
	4.47535 4.06566,
	4.47199 4.0623,
	4.46334 4.04693,
	4.45902 4.03925,
	4.45134 4.033,
	4.44749 4.02964,
	4.43981 4.02628,
	4.43212 4.02388,
	4.40139 4.021,
	4.38602 4.02051,
	4.37833 4.02003,
	4.37449 4.02003,
	4.3668 4.01667,
	4.35144 4.00851,
	4.34375 4.00226,
	4.31541 3.97153,
	4.30341 3.95616,
	4.28179 3.92542,
	4.27651 3.91773,
	4.26835 3.90236,
	4.2669 3.89468,
	4.26498 3.86394,
	4.26498 3.85626,
	4.26498 3.85433,
	"/>
</Transform>

<Transform dim="0"
 xcoef=" 0 1 0 0 0 0"
 ycoef=" 0 0 1 0 0 0">
<Contour name="ddh_d08ax14b" comment="traced by ddh" hidden="false" closed="true" simplified="true" border="0.5 0 1" fill="0.5 0 1" mode="11"
 points="5.62223 3.94198,
	5.62312 3.9411,
	5.62312 3.94021,
	5.62932 3.93402,
	5.6364 3.92826,
	5.64303 3.92162,
	5.64436 3.91985,
	5.6448 3.91897,
	5.64569 3.91897,
	5.64923 3.91587,
	5.65631 3.91277,
	5.65808 3.91189,
	5.65896 3.911,
	5.66073 3.91056,
	5.66162 3.90968,
	5.66516 3.90879,
	5.66693 3.90746,
	5.67401 3.90525,
	5.67489 3.90437,
	5.67578 3.90437,
	5.67622 3.90348,
	5.67799 3.90304,
	5.67976 3.90171,
	5.68065 3.90171,
	5.68109 3.90083,
	5.68198 3.90083,
	5.68286 3.89994,
	5.68463 3.8995,
	5.6864 3.89817,
	5.68729 3.89729,
	5.68906 3.89684,
	5.6895 3.89596,
	5.69127 3.89552,
	5.69835 3.89065,
	5.69968 3.88888,
	5.70322 3.88667,
	5.70676 3.88313,
	5.7103 3.88091,
	5.71207 3.87959,
	5.71384 3.87914,
	5.71561 3.87737,
	5.71649 3.87649,
	5.71826 3.87605,
	5.71915 3.87516,
	5.72003 3.87516,
	5.72047 3.87428,
	5.72224 3.87383,
	5.72932 3.86896,
	5.74349 3.861,
	5.74703 3.85834,
	5.7488 3.85746,
	5.75101 3.85392,
	5.75234 3.85215,
	5.75278 3.85038,
	5.75499 3.84684,
	5.75543 3.84507,
	5.75765 3.84153,
	5.75897 3.83799,
	5.7634 3.83091,
	5.76959 3.82383,
	5.77667 3.81763,
	5.78907 3.80347,
	5.79526 3.79639,
	5.7988 3.79329,
	5.80986 3.77913,
	5.81517 3.77205,
	5.81517 3.77117,
	5.81606 3.77073,
	5.81606 3.76984,
	5.81739 3.76807,
	5.81739 3.76718,
	5.81871 3.76541,
	5.81916 3.76364,
	5.82137 3.7601,
	5.82933 3.73178,
	5.83597 3.71762,
	5.8404 3.71054,
	5.84438 3.69638,
	5.84571 3.6893,
	5.84659 3.67514,
	5.84792 3.66806,
	5.85013 3.66098,
	5.85058 3.65921,
	5.85943 3.64505,
	5.86341 3.63797,
	5.86651 3.63089,
	5.86651 3.63,
	5.86916 3.62646,
	5.87049 3.61938,
	5.87005 3.6123,
	5.86739 3.59814,
	5.86695 3.5946,
	5.86739 3.59106,
	5.87137 3.58398,
	5.87359 3.58044,
	5.87713 3.57734,
	5.89129 3.57248,
	5.89837 3.57115,
	5.90191 3.56982,
	5.91607 3.56717,
	5.93023 3.56628,
	5.93731 3.56672,
	5.94439 3.56982,
	5.94793 3.57115,
	5.95147 3.57469,
	5.95634 3.58177,
	5.95988 3.58531,
	5.96165 3.58708,
	5.97581 3.59416,
	5.98289 3.59991,
	5.98687 3.60699,
	5.9913 3.62115,
	5.99395 3.62469,
	5.99749 3.62735,
	6.00457 3.63443,
	6.01431 3.64859,
	6.02581 3.67691,
	6.02847 3.68399,
	6.02891 3.68753,
	6.03112 3.69461,
	6.03245 3.70169,
	6.03643 3.71585,
	6.03732 3.72293,
	6.03688 3.73001,
	6.03511 3.73709,
	6.03245 3.74417,
	6.03157 3.74771,
	6.02404 3.76187,
	6.02006 3.76895,
	6.01873 3.77073,
	6.0121 3.79905,
	6.00723 3.81321,
	6.00502 3.82029,
	6.00103 3.82737,
	5.99572 3.83445,
	5.99218 3.83755,
	5.99041 3.83887,
	5.98953 3.83976,
	5.98953 3.84064,
	5.98776 3.84241,
	5.97979 3.85657,
	5.97891 3.85746,
	5.97891 3.85834,
	5.97183 3.86542,
	5.96829 3.86719,
	5.95413 3.87826,
	5.94705 3.8818,
	5.94351 3.88313,
	5.93642 3.88401,
	5.92934 3.88357,
	5.9258 3.88313,
	5.92403 3.88224,
	5.91695 3.8818,
	5.91518 3.88136,
	5.90102 3.88976,
	5.89748 3.89198,
	5.89616 3.89375,
	5.88199 3.8995,
	5.87491 3.90127,
	5.87314 3.90127,
	5.86606 3.90481,
	5.86252 3.90614,
	5.86075 3.90702,
	5.85721 3.91012,
	5.84305 3.91853,
	5.83597 3.92295,
	5.83243 3.92428,
	5.83155 3.92428,
	5.82978 3.92561,
	5.82624 3.92649,
	5.81208 3.92694,
	5.805 3.92826,
	5.80323 3.92826,
	5.80146 3.92915,
	5.79792 3.92915,
	5.79438 3.93003,
	5.79084 3.93003,
	5.78376 3.9318,
	5.78198 3.9318,
	5.77844 3.93402,
	5.77667 3.9349,
	5.77579 3.9349,
	5.76871 3.94065,
	5.76782 3.94065,
	5.76074 3.94685,
	5.75366 3.95039,
	5.74658 3.95304,
	5.7395 3.95703,
	5.73596 3.95835,
	5.7218 3.96809,
	5.71826 3.97074,
	5.71649 3.97119,
	5.70941 3.97561,
	5.70587 3.97783,
	5.69879 3.98004,
	5.69171 3.98048,
	5.67755 3.97915,
	5.67047 3.97827,
	5.66693 3.97827,
	5.65985 3.9765,
	5.65277 3.9734,
	5.64569 3.96942,
	5.64215 3.96765,
	5.63551 3.96189,
	5.62843 3.95703,
	5.6271 3.95526,
	5.62622 3.95526,
	5.624 3.95172,
	5.62268 3.94818,
	5.62223 3.94464,
	5.62223 3.94287,
	5.62223 3.94242,
	"/>
</Transform>

<Transform dim="0"
 xcoef=" 0 1 0 0 0 0"
 ycoef=" 0 0 1 0 0 0">
<Contour name="ddh_d08ax18" comment="traced by ddh" hidden="false" closed="true" simplified="true" border="0 1 1" fill="0 1 1" mode="11"
 points="4.99462 2.56784,
	4.99661 2.56387,
	4.99711 2.55989,
	5.00108 2.55195,
	5.00108 2.55095,
	5.00257 2.54897,
	5.00257 2.54797,
	5.00356 2.54698,
	5.00356 2.54599,
	5.00704 2.54201,
	5.01499 2.53705,
	5.01797 2.53307,
	5.02194 2.53009,
	5.02343 2.5286,
	5.02442 2.5286,
	5.03237 2.52066,
	5.03634 2.51718,
	5.04081 2.50923,
	5.0428 2.50526,
	5.04926 2.49731,
	5.05323 2.49433,
	5.05522 2.49284,
	5.05919 2.49135,
	5.06316 2.49085,
	5.06714 2.49135,
	5.06912 2.49135,
	5.07111 2.49234,
	5.07906 2.49284,
	5.08303 2.49334,
	5.08502 2.49433,
	5.08701 2.49433,
	5.09098 2.49582,
	5.09297 2.49632,
	5.09694 2.4988,
	5.10091 2.50029,
	5.1029 2.50079,
	5.10389 2.50178,
	5.10489 2.50178,
	5.11283 2.50774,
	5.11929 2.51519,
	5.12575 2.53059,
	5.13071 2.54648,
	5.1332 2.55443,
	5.13469 2.5584,
	5.13618 2.5743,
	5.13667 2.59019,
	5.13618 2.59814,
	5.13369 2.60608,
	5.12922 2.61403,
	5.12674 2.618,
	5.12475 2.61999,
	5.12078 2.62198,
	5.11979 2.62198,
	5.1178 2.62347,
	5.10985 2.62546,
	5.10191 2.62496,
	5.09793 2.62496,
	5.09396 2.62397,
	5.09197 2.62347,
	5.09098 2.62247,
	5.08701 2.62098,
	5.07906 2.61552,
	5.07111 2.61105,
	5.06714 2.60857,
	5.05919 2.60708,
	5.0274 2.60608,
	5.01946 2.6036,
	5.01151 2.59913,
	5.00754 2.59665,
	5.00555 2.59516,
	5.00456 2.59416,
	5.00406 2.59218,
	4.9986 2.58423,
	4.99611 2.58026,
	4.99462 2.57628,
	4.99462 2.56834,
	"/>
</Transform>

<Transform dim="0"
 xcoef=" 0 1 0 0 0 0"
 ycoef=" 0 0 1 0 0 0">
<Contour name="ddh_d08ax19" comment="traced by ddh" hidden="false" closed="true" simplified="true" border="1 0 1" fill="1 0 1" mode="11"
 points="4.12459 1.42194,
	4.12676 1.40456,
	4.12894 1.40021,
	4.13328 1.39695,
	4.15066 1.39695,
	4.15501 1.39695,
	4.1637 1.40021,
	4.17239 1.4013,
	4.18977 1.41107,
	4.21801 1.43497,
	4.23322 1.44801,
	4.2506 1.45778,
	4.25929 1.46213,
	4.26146 1.4643,
	4.26581 1.46539,
	4.27015 1.46865,
	4.27884 1.47082,
	4.28319 1.47408,
	4.28753 1.47516,
	4.32229 1.49689,
	4.33859 1.50775,
	4.34402 1.51644,
	4.35597 1.53056,
	4.36031 1.53491,
	4.38856 1.55555,
	4.39725 1.56315,
	4.40594 1.56858,
	4.41137 1.57619,
	4.41463 1.57945,
	4.4168 1.58814,
	4.4168 1.60552,
	4.41463 1.6229,
	4.41246 1.63159,
	4.41028 1.63267,
	4.41028 1.63485,
	4.40702 1.63919,
	4.40594 1.64354,
	4.39833 1.65114,
	4.39399 1.6544,
	4.3929 1.65657,
	4.39073 1.65657,
	4.37444 1.66852,
	4.37226 1.67069,
	4.36792 1.67069,
	4.35923 1.67612,
	4.35706 1.6783,
	4.33968 1.67938,
	4.33098 1.6783,
	4.3136 1.67069,
	4.29622 1.65874,
	4.28319 1.6468,
	4.26907 1.6305,
	4.25277 1.61747,
	4.22018 1.59683,
	4.21801 1.59465,
	4.21584 1.59465,
	4.21367 1.59248,
	4.21149 1.59248,
	4.2028 1.58705,
	4.19846 1.58488,
	4.19411 1.58053,
	4.18542 1.5751,
	4.18108 1.57184,
	4.1713 1.55555,
	4.16696 1.54686,
	4.16261 1.52948,
	4.16044 1.52079,
	4.16044 1.51644,
	4.15827 1.5121,
	4.15718 1.50341,
	4.15609 1.49906,
	4.15284 1.49472,
	4.14523 1.47734,
	4.13437 1.45996,
	4.13437 1.45778,
	4.12894 1.44909,
	4.12568 1.44475,
	4.12459 1.42737,
	4.12459 1.42302,
	"/>
</Transform>

</Section>