<?xml version="1.0"?>
<!DOCTYPE Section SYSTEM "section.dtd">

<Section index="192" thickness="0.045" alignLocked="true">
<Transform dim="6"
 xcoef=" -0.902125353568185 1.0081619887597 -0.021891705946757 0 0 0"
 ycoef=" -0.419707541914752 0.0132164509415794 0.986712221313614 0 0 0">
<Contour name="D04" hidden="false" closed="true" simplified="true" border="1 0 0" fill="1 0 0" mode="11"
 points="5.46492 7.28996,
	5.46778 7.25096,
	5.47628 7.21281,
	5.49024 7.17634,
	5.50936 7.14235,
	5.53323 7.11158,
	5.56131 7.0847,
	5.59299 7.0623,
	5.6276 7.04487,
	5.66436 7.03278,
	5.70248 7.0263,
	5.74113 7.02558,
	5.77947 7.03063,
	5.81665 7.04133,
	5.85186 7.05746,
	5.88435 7.07866,
	5.91339 7.10447,
	5.93836 7.13432,
	5.95871 7.16758,
	5.97399 7.2035,
	5.98388 7.24131,
	5.98816 7.28018,
	5.98673 7.31926,
	5.97963 7.35771,
	5.96701 7.39467,
	5.94914 7.42936,
	5.92642 7.461,
	5.89934 7.48891,
	5.86849 7.51248,
	5.83455 7.53119,
	5.79825 7.54464,
	5.76039 7.55254,
	5.72179 7.55471,
	5.6833 7.5511,
	5.64576 7.54179,
	5.60998 7.52699,
	5.57674 7.50702,
	5.54678 7.48231,
	5.52073 7.45341,
	5.49918 7.42094,
	5.48259 7.38562,
	5.47133 7.3482,
	"/>
</Transform>

<Transform dim="6"
 xcoef=" 0.637874646431816 1.0081619887597 -0.021891705946757 0 0 0"
 ycoef=" 0.420292458085248 0.0132164509415794 0.986712221313614 0 0 0">
<Contour name="D05" hidden="false" closed="true" simplified="true" border="1 1 0" fill="1 1 0" mode="11"
 points="2.69299 3.97404,
	2.70475 3.90163,
	2.73888 3.83632,
	2.79205 3.78448,
	2.85904 3.7512,
	2.93329 3.73974,
	3.00755 3.7512,
	3.07454 3.78448,
	3.12771 3.83632,
	3.16184 3.90163,
	3.1736 3.97404,
	3.16184 4.04644,
	3.12771 4.11175,
	3.07454 4.16359,
	3.00755 4.19687,
	2.93329 4.20833,
	2.85904 4.19687,
	2.79205 4.16359,
	2.73888 4.11175,
	"/>
</Transform>

<Transform dim="6"
 xcoef=" 0.0378746464318156 1.0081619887597 -0.021891705946757 0 0 0"
 ycoef=" 0.000292458085248304 0.0132164509415794 0.986712221313614 0 0 0">
<Contour name="d01" hidden="false" closed="true" simplified="true" border="1 0.5 0" fill="1 0.5 0" mode="9"
 points="5.19433 4.16079,
	5.23695 4.13416,
	5.25826 4.1235,
	5.29555 4.08088,
	5.30621 4.07023,
	5.31686 4.07023,
	5.32752 4.08088,
	5.41276 4.10752,
	5.42342 4.11285,
	5.41809 4.15547,
	5.39678 4.19809,
	5.3808 4.21407,
	5.29555 4.22472,
	5.27424 4.21407,
	5.27424 4.20341,
	5.23162 4.19276,
	5.21031 4.18743,
	5.19433 4.17145,
	5.19433 4.16612,
	"/>
</Transform>

<Transform dim="6"
 xcoef=" 0.0378746464318156 1.0081619887597 -0.021891705946757 0 0 0"
 ycoef=" 0.000292458085248304 0.0132164509415794 0.986712221313614 0 0 0">
<Contour name="d01" hidden="false" closed="true" simplified="true" border="1 0.5 0" fill="1 0.5 0" mode="9"
 points="3.78254 5.13573,
	3.79852 5.11442,
	3.84114 5.11442,
	3.88376 5.12507,
	3.92638 5.14638,
	3.93171 5.16769,
	3.92105 5.21031,
	3.89974 5.25293,
	3.88909 5.26359,
	3.84647 5.23695,
	3.83581 5.2263,
	3.8145 5.22097,
	3.82516 5.21031,
	3.78254 5.18368,
	3.78254 5.14106,
	"/>
</Transform>

<Transform dim="6"
 xcoef=" 0.0378746464318156 1.0081619887597 -0.021891705946757 0 0 0"
 ycoef=" 0.000292458085248304 0.0132164509415794 0.986712221313614 0 0 0">
<Contour name="d02" hidden="false" closed="true" simplified="true" border="0.5 0 1" fill="0.5 0 1" mode="9"
 points="1.74771 9.20761,
	1.78553 9.08655,
	1.79688 9.05629,
	1.8158 9.02603,
	1.82336 9.0109,
	1.83471 8.95037,
	1.83849 8.92011,
	1.83849 8.91254,
	1.86498 8.88228,
	1.88389 8.82175,
	1.88767 8.79149,
	1.88767 8.77635,
	1.91037 8.74609,
	1.96711 8.68935,
	2.02764 8.6553,
	2.08817 8.60991,
	2.1033 8.59477,
	2.13356 8.57586,
	2.18652 8.52668,
	2.30758 8.49642,
	2.32271 8.48885,
	2.38323 8.48507,
	2.4135 8.48129,
	2.44376 8.46994,
	2.50429 8.46237,
	2.56481 8.44346,
	2.62534 8.43589,
	2.68587 8.41698,
	2.71613 8.40563,
	2.73126 8.40185,
	2.79179 8.36023,
	2.80692 8.35267,
	2.85988 8.29592,
	2.87123 8.26566,
	2.87501 8.2354,
	2.87501 8.22027,
	2.89014 8.20892,
	2.92041 8.20892,
	2.93554 8.20892,
	2.9658 8.22405,
	2.99607 8.25053,
	2.99985 8.28079,
	2.99607 8.31106,
	2.99228 8.32619,
	2.93554 8.37537,
	2.90528 8.3905,
	2.89014 8.39806,
	2.86366 8.42833,
	2.80314 8.46237,
	2.79557 8.46237,
	2.78422 8.4775,
	2.78044 8.50777,
	2.78044 8.5229,
	2.78044 8.53047,
	2.79557 8.5456,
	2.82583 8.56451,
	2.8561 8.56451,
	2.88636 8.55695,
	2.91662 8.55695,
	2.92419 8.55695,
	2.95445 8.53803,
	2.96959 8.5229,
	2.97337 8.51533,
	3.00363 8.51533,
	3.03389 8.50398,
	3.04903 8.5002,
	3.16251 8.59477,
	3.17765 8.60234,
	3.19278 8.61747,
	3.20791 8.62504,
	3.20791 8.6326,
	3.14738 8.66665,
	3.11712 8.68935,
	3.05659 8.71583,
	3.03768 8.74231,
	3.03011 8.75744,
	3.03768 8.81797,
	3.03011 8.8331,
	2.96959 8.85201,
	2.93932 8.85201,
	2.90906 8.85958,
	2.8788 8.85958,
	2.84853 8.86714,
	2.81827 8.86714,
	2.78801 8.87471,
	2.72748 8.90119,
	2.701 8.92389,
	2.65182 8.98441,
	2.64047 9.01468,
	2.62534 9.02981,
	2.61399 9.06007,
	2.61021 9.09034,
	2.59886 9.1206,
	2.57616 9.15086,
	2.57616 9.15843,
	2.54968 9.18869,
	2.53077 9.21896,
	2.51942 9.24922,
	2.5005 9.2757,
	2.47024 9.29461,
	2.46268 9.30218,
	2.45511 9.33244,
	2.41728 9.39297,
	2.37567 9.51402,
	2.37189 9.54429,
	2.37567 9.57455,
	2.38323 9.58211,
	2.38323 9.64264,
	2.37945 9.65777,
	2.37945 9.66534,
	2.35297 9.69182,
	2.32271 9.70317,
	2.29244 9.69938,
	2.23192 9.6729,
	2.20165 9.65021,
	2.18274 9.61994,
	2.17896 9.60481,
	2.18274 9.57455,
	2.18652 9.55942,
	2.21679 9.53672,
	2.27731 9.51024,
	2.31892 9.4535,
	2.33027 9.39297,
	2.33027 9.37784,
	2.29623 9.31731,
	2.28866 9.28705,
	2.28488 9.27192,
	2.26596 9.253,
	2.20544 9.26435,
	2.17517 9.28326,
	2.15248 9.30596,
	2.12221 9.33244,
	2.0806 9.39297,
	2.06925 9.42323,
	2.06925 9.43836,
	2.05034 9.46863,
	2.02007 9.48754,
	2.00494 9.49889,
	1.97468 9.50267,
	1.94442 9.48376,
	1.92928 9.47619,
	1.9028 9.44593,
	1.9028 9.41567,
	1.91415 9.3854,
	1.96711 9.32866,
	2.03142 9.20761,
	2.04277 9.17734,
	2.06169 9.14708,
	2.07304 9.13195,
	2.07682 9.10168,
	2.07682 9.08655,
	2.07682 9.07899,
	2.05034 9.05251,
	2.02007 9.03359,
	2.00494 9.02224,
	1.98981 9.02224,
	1.97468 9.02981,
	1.96711 9.02981,
	1.95955 9.03738,
	1.92928 9.04872,
	1.89902 9.06764,
	1.83849 9.1206,
	1.80823 9.14708,
	1.76662 9.20761,
	1.75149 9.21896,
	1.74771 9.21139,
	"/>
</Transform>

<Transform dim="6"
 xcoef=" 0.0378746464318156 1.0081619887597 -0.021891705946757 0 0 0"
 ycoef=" 0.000292458085248304 0.0132164509415794 0.986712221313614 0 0 0">
<Contour name="d01c32" hidden="false" closed="true" simplified="true" border="0 1 0" fill="0 1 0" mode="9"
 points="4.0164 4.27877,
	4.03594 4.25923,
	4.12526 4.25644,
	4.16992 4.24528,
	4.19224 4.23132,
	4.20899 4.21457,
	4.23132 4.19504,
	4.24248 4.18945,
	4.26202 4.16992,
	4.2676 4.16433,
	4.27319 4.16433,
	4.2704 4.15875,
	4.27877 4.1448,
	4.28993 4.1448,
	4.29272 4.15596,
	4.27319 4.20062,
	4.2676 4.21178,
	4.24528 4.23411,
	4.2369 4.24528,
	4.2369 4.25644,
	4.23132 4.2676,
	4.22574 4.27319,
	4.20341 4.27877,
	4.19224 4.28156,
	4.17271 4.29831,
	4.12805 4.31226,
	4.08339 4.32064,
	4.06106 4.31784,
	4.0499 4.31784,
	4.03036 4.30389,
	4.02478 4.30668,
	4.0164 4.29552,
	4.0164 4.28435,
	4.0164 4.28156,
	"/>
</Transform>

<Transform dim="6"
 xcoef=" 0.0378746464318156 1.0081619887597 -0.021891705946757 0 0 0"
 ycoef=" 0.000292458085248304 0.0132164509415794 0.986712221313614 0 0 0">
<Contour name="d01" hidden="false" closed="true" simplified="true" border="1 0.5 0" fill="1 0.5 0" mode="9"
 points="3.65635 4.81187,
	3.70101 4.77279,
	3.74567 4.74488,
	3.768 4.73651,
	3.81265 4.69464,
	3.83498 4.67511,
	3.9243 4.65836,
	3.94663 4.65278,
	3.96896 4.64161,
	3.99128 4.62207,
	4.0192 4.58021,
	4.03036 4.55788,
	4.03594 4.51322,
	4.03873 4.49089,
	4.03315 4.44623,
	4.02757 4.42391,
	4.02478 4.41274,
	4.02199 4.40716,
	4.02757 4.38483,
	4.02199 4.3625,
	3.99128 4.31784,
	3.97454 4.29552,
	3.95221 4.3011,
	3.94663 4.3011,
	3.93546 4.29272,
	3.92988 4.28714,
	3.95221 4.24248,
	3.97454 4.22853,
	4.0192 4.23969,
	4.04152 4.25086,
	4.08618 4.25923,
	4.10851 4.25923,
	4.19783 4.22574,
	4.24248 4.2062,
	4.26202 4.18945,
	4.28156 4.1448,
	4.28435 4.13921,
	4.30668 4.13642,
	4.32901 4.15038,
	4.34017 4.15875,
	4.3318 4.16712,
	4.37646 4.18666,
	4.38762 4.19224,
	4.43228 4.18387,
	4.47694 4.18108,
	4.52159 4.18387,
	4.54392 4.18387,
	4.56625 4.18945,
	4.58858 4.18666,
	4.59975 4.18387,
	4.6444 4.19224,
	4.68906 4.17271,
	4.71139 4.16433,
	4.71976 4.17271,
	4.76442 4.15875,
	4.78675 4.15317,
	4.83141 4.15875,
	4.92072 4.14759,
	4.94305 4.15038,
	4.98771 4.16712,
	5.03237 4.19224,
	5.03795 4.19783,
	5.04353 4.24248,
	5.04632 4.26481,
	5.04911 4.27598,
	5.04911 4.28156,
	5.09377 4.29831,
	5.1161 4.30668,
	5.13843 4.30947,
	5.16076 4.31784,
	5.17192 4.32343,
	5.19146 4.36808,
	5.22495 4.40995,
	5.24728 4.42391,
	5.25845 4.42949,
	5.28636 4.47415,
	5.28915 4.56346,
	5.29194 4.60812,
	5.29194 4.63045,
	5.29194 4.64161,
	5.2724 4.66115,
	5.22775 4.66952,
	5.18309 4.63882,
	5.1468 4.59695,
	5.05749 4.53555,
	5.04632 4.52997,
	5.00167 4.52718,
	4.97934 4.52997,
	4.96817 4.52997,
	4.87886 4.58858,
	4.78954 4.62487,
	4.76721 4.63882,
	4.75605 4.6444,
	4.7393 4.66673,
	4.64999 4.69743,
	4.63882 4.7086,
	4.63324 4.75326,
	4.62487 4.77559,
	4.60254 4.79791,
	4.59137 4.80908,
	4.58579 4.81466,
	4.54113 4.82024,
	4.45182 4.80071,
	4.44065 4.79512,
	4.43507 4.79233,
	4.25644 4.84815,
	4.23411 4.85095,
	4.22295 4.85095,
	4.17829 4.87048,
	4.15596 4.88165,
	4.1113 4.91793,
	4.02199 4.94305,
	4.01082 4.94584,
	3.96616 4.97375,
	3.92151 4.98492,
	3.87685 4.98492,
	3.85452 4.98492,
	3.84336 4.98492,
	3.82103 4.97375,
	3.77916 4.9291,
	3.7345 4.89002,
	3.72334 4.88165,
	3.67868 4.8649,
	3.66752 4.85374,
	3.66193 4.84815,
	3.65635 4.82583,
	3.65635 4.81466,
	"/>
</Transform>

<Transform dim="6"
 xcoef=" 0.0378746464318156 1.0081619887597 -0.021891705946757 0 0 0"
 ycoef=" 0.000292458085248304 0.0132164509415794 0.986712221313614 0 0 0">
<Contour name="d01" hidden="false" closed="true" simplified="true" border="1 0.5 0" fill="1 0.5 0" mode="9"
 points="4.34515 5.00344,
	4.35601 4.96868,
	4.35818 4.9513,
	4.35818 4.94695,
	4.35384 4.94478,
	4.36253 4.9274,
	4.37556 4.91002,
	4.37991 4.90133,
	4.37991 4.88395,
	4.37556 4.86657,
	4.36687 4.84918,
	4.36253 4.84049,
	4.3647 4.82311,
	4.36905 4.81442,
	4.38643 4.80573,
	4.40381 4.80139,
	4.43857 4.80139,
	4.47333 4.80573,
	4.49071 4.81008,
	4.50809 4.81008,
	4.51678 4.81008,
	4.53416 4.82094,
	4.54285 4.82746,
	4.55154 4.82963,
	4.55589 4.83398,
	4.55371 4.83832,
	4.5711 4.87308,
	4.57761 4.89046,
	4.57761 4.92522,
	4.56892 4.95999,
	4.56675 4.97737,
	4.5624 4.98606,
	4.5624 4.9904,
	4.5472 5.00344,
	4.53851 5.00778,
	4.5233 5.02516,
	4.48854 5.0382,
	4.47116 5.04254,
	4.4364 5.04037,
	4.40163 5.02734,
	4.36687 5.02516,
	4.35818 5.02299,
	4.34949 5.0143,
	4.34949 5.00996,
	4.34515 5.00561,
	"/>
</Transform>

<Transform dim="6"
 xcoef=" 0.0378746464318156 1.0081619887597 -0.021891705946757 0 0 0"
 ycoef=" 0.000292458085248304 0.0132164509415794 0.986712221313614 0 0 0">
<Contour name="d01cfa44" hidden="false" closed="false" simplified="false" border="0 1 1" fill="0 1 1" mode="9"
 points="4.36061 4.82114,
	4.37365 4.83418,
	4.38017 4.86677,
	4.37148 4.90153,
	4.35627 4.94281,
	4.35627 4.98843,
	"/>
</Transform>

<Transform dim="6"
 xcoef=" 0.0378746464318156 1.0081619887597 -0.021891705946757 0 0 0"
 ycoef=" 0.000292458085248304 0.0132164509415794 0.986712221313614 0 0 0">
<Contour name="d01cfa32" hidden="false" closed="false" simplified="false" border="0 1 1" fill="0 1 1" mode="9"
 points="4.28291 4.1549,
	4.27264 4.18057,
	4.24185 4.21907,
	4.17512 4.25756,
	4.08786 4.2781,
	4.02626 4.25756,
	"/>
</Transform>

<Transform dim="6"
 xcoef=" 0.0378746464318156 1.0081619887597 -0.021891705946757 0 0 0"
 ycoef=" 0.000292458085248304 0.0132164509415794 0.986712221313614 0 0 0">
<Contour name="d03" hidden="false" closed="true" simplified="true" border="0 1 0" fill="0 1 0" mode="9"
 points="3.32554 2.36288,
	3.32978 2.35159,
	3.3326 2.34595,
	3.35518 2.34595,
	3.37777 2.35018,
	3.38341 2.35159,
	3.42858 2.33324,
	3.47375 2.3036,
	3.48504 2.29513,
	3.53021 2.27678,
	3.5528 2.2669,
	3.57538 2.24855,
	3.59796 2.22738,
	3.60785 2.2175,
	3.63325 2.17233,
	3.65443 2.12716,
	3.66007 2.11587,
	3.67136 2.0707,
	3.67701 2.04812,
	3.66431 2.00295,
	3.66007 1.99165,
	3.65866 1.98036,
	3.66431 1.95778,
	3.67278 1.93519,
	3.67419 1.92955,
	3.69677 1.91826,
	3.70242 1.91684,
	3.74759 1.9239,
	3.75888 1.92673,
	3.76452 1.92814,
	3.80969 1.9606,
	3.83228 1.97754,
	3.87745 2.00577,
	3.90003 2.01989,
	3.99037 2.08764,
	4.03554 2.12151,
	4.05671 2.13986,
	4.06518 2.16245,
	4.06941 2.17374,
	4.08353 2.19633,
	4.092 2.20762,
	4.09623 2.21326,
	4.09764 2.25843,
	4.09764 2.26972,
	4.09764 2.27255,
	4.06094 2.31772,
	4.04401 2.3403,
	4.03554 2.35159,
	4.00872 2.39676,
	3.96355 2.41652,
	3.94096 2.4264,
	3.93673 2.43064,
	3.9212 2.47581,
	3.89297 2.52098,
	3.87886 2.54356,
	3.8718 2.55485,
	3.82663 2.58308,
	3.80405 2.5972,
	3.7617 2.64095,
	3.75747 2.6466,
	3.75464 2.66918,
	3.75747 2.69177,
	3.7744 2.71435,
	3.81957 2.72282,
	3.82522 2.72423,
	3.83651 2.73553,
	3.84216 2.74117,
	3.84357 2.744,
	3.84075 2.75529,
	3.83933 2.76093,
	3.81675 2.77505,
	3.77158 2.77646,
	3.72641 2.78916,
	3.72077 2.79058,
	3.71794 2.79199,
	3.69536 2.78493,
	3.68971 2.78211,
	3.6883 2.75952,
	3.69395 2.74823,
	3.69677 2.74258,
	3.70806 2.73976,
	3.71371 2.73835,
	3.72359 2.72847,
	3.7123 2.72141,
	3.70242 2.71153,
	3.69395 2.68895,
	3.67983 2.66636,
	3.63608 2.6593,
	3.62478 2.65789,
	3.57962 2.68471,
	3.55703 2.69459,
	3.54574 2.70024,
	3.53445 2.70871,
	3.5288 2.71435,
	3.52457 2.72565,
	3.52315 2.74823,
	3.52315 2.75952,
	3.52315 2.76517,
	3.5048 2.78775,
	3.50198 2.78916,
	3.4794 2.78352,
	3.47375 2.78211,
	3.46952 2.77787,
	3.46811 2.75529,
	3.4794 2.7327,
	3.48504 2.72141,
	3.49492 2.71012,
	3.49916 2.70447,
	3.49916 2.68189,
	3.49634 2.6593,
	3.49492 2.64801,
	3.49351 2.64237,
	3.48222 2.63107,
	3.4794 2.62825,
	3.48504 2.58308,
	3.48504 2.57179,
	3.48645 2.56614,
	3.47093 2.52098,
	3.46811 2.51533,
	3.42435 2.47016,
	3.37918 2.42923,
	3.33401 2.39112,
	3.32978 2.38547,
	3.32554 2.3643,
	"/>
</Transform>

<Transform dim="6"
 xcoef=" 0.0378746464318156 1.0081619887597 -0.021891705946757 0 0 0"
 ycoef=" 0.000292458085248304 0.0132164509415794 0.986712221313614 0 0 0">
<Contour name="D10" hidden="false" closed="true" simplified="true" border="0 1 1" fill="0 1 1" mode="11"
 points="5.79278 1.66248,
	5.80114 1.62127,
	5.82539 1.58409,
	5.86315 1.55459,
	5.91074 1.53565,
	5.96349 1.52912,
	6.01624 1.53565,
	6.06383 1.55459,
	6.10159 1.58409,
	6.12584 1.62127,
	6.13419 1.66248,
	6.12584 1.70369,
	6.10159 1.74087,
	6.06383 1.77037,
	6.01624 1.78932,
	5.96349 1.79584,
	5.91074 1.78932,
	5.86315 1.77037,
	5.82539 1.74087,
	"/>
</Transform>

<Transform dim="6"
 xcoef=" 0.0378746464318156 1.0081619887597 -0.021891705946757 0 0 0"
 ycoef=" 0.000292458085248304 0.0132164509415794 0.986712221313614 0 0 0">
<Contour name="d01c44" hidden="false" closed="true" simplified="true" border="0 1 0" fill="0 1 0" mode="9"
 points="4.26735 4.87557,
	4.28697 4.85268,
	4.33929 4.82652,
	4.35237 4.81671,
	4.36545 4.81671,
	4.37199 4.81671,
	4.38507 4.82652,
	4.39161 4.83306,
	4.39161 4.9377,
	4.38834 4.96386,
	4.38507 4.97694,
	4.35891 4.99656,
	4.33275 5.00637,
	4.30659 5.00637,
	4.29351 5.00637,
	4.28043 4.99983,
	4.26735 4.98675,
	4.26735 4.88211,
	4.26735 4.87884,
	"/>
</Transform>

<Transform dim="6"
 xcoef=" 0.0478746464318153 1.0081619887597 -0.021891705946757 0 0 0"
 ycoef=" -0.00970754191475171 0.0132164509415794 0.986712221313614 0 0 0">
<Contour name="d01cfa44" hidden="false" closed="true" simplified="true" border="0 1 0" fill="0 1 0" mode="9"
 points="4.26735 4.87557,
	4.28697 4.85268,
	4.33929 4.82652,
	4.35237 4.81671,
	4.36545 4.81671,
	4.37199 4.81671,
	4.38507 4.82652,
	4.39161 4.83306,
	4.39161 4.9377,
	4.38834 4.96386,
	4.38507 4.97694,
	4.35891 4.99656,
	4.33275 5.00637,
	4.30659 5.00637,
	4.29351 5.00637,
	4.28043 4.99983,
	4.26735 4.98675,
	4.26735 4.88211,
	4.26735 4.87884,
	"/>
</Transform>

<Transform dim="6"
 xcoef=" 0.0378746464318156 1.0081619887597 -0.021891705946757 0 0 0"
 ycoef=" 0.000292458085248304 0.0132164509415794 0.986712221313614 0 0 0">
<Contour name="d03" hidden="false" closed="true" simplified="true" border="0 1 0" fill="0 1 0" mode="9"
 points="2.99841 3.36214,
	3.02055 3.33683,
	3.07115 3.30837,
	3.09013 3.29572,
	3.13125 3.25776,
	3.14074 3.24827,
	3.15022 3.19767,
	3.15655 3.17236,
	3.15655 3.14706,
	3.14706 3.12176,
	3.14706 3.07115,
	3.14706 3.04585,
	3.14706 3.0332,
	3.15022 3.02687,
	3.16288 3.02687,
	3.17553 3.0332,
	3.18818 3.0332,
	3.23246 3.07748,
	3.26725 3.12808,
	3.26725 3.13441,
	3.30837 3.18502,
	3.31786 3.21032,
	3.31786 3.23562,
	3.30837 3.26092,
	3.29255 3.28623,
	3.26725 3.29255,
	3.2546 3.29255,
	3.24195 3.29888,
	3.21664 3.30204,
	3.1945 3.31786,
	3.18818 3.31786,
	3.13757 3.34632,
	3.11227 3.35265,
	3.08697 3.36846,
	3.03636 3.38428,
	3.01106 3.38428,
	2.99841 3.37479,
	2.99841 3.3653,
	"/>
</Transform>

<Transform dim="6"
 xcoef=" 0.0378746464318156 1.0081619887597 -0.021891705946757 0 0 0"
 ycoef=" 0.000292458085248304 0.0132164509415794 0.986712221313614 0 0 0">
<Contour name="d03" hidden="false" closed="true" simplified="true" border="0 1 0" fill="0 1 0" mode="9"
 points="4.41854 2.23299,
	4.43119 2.2235,
	4.48179 2.2235,
	4.49445 2.2235,
	4.53873 2.26462,
	4.54822 2.27727,
	4.54822 2.32788,
	4.55454 2.35318,
	4.57668 2.37532,
	4.58301 2.38481,
	4.59566 2.39746,
	4.60831 2.42276,
	4.61464 2.43541,
	4.61464 2.53663,
	4.60515 2.56193,
	4.58301 2.58407,
	4.57036 2.58723,
	4.5577 2.59672,
	4.5324 2.59672,
	4.51975 2.59672,
	4.49445 2.57774,
	4.48179 2.56826,
	4.47231 2.54295,
	4.46598 2.5303,
	4.46598 2.505,
	4.45649 2.47969,
	4.45333 2.37848,
	4.45333 2.32788,
	4.45333 2.30257,
	4.45333 2.28992,
	4.43119 2.26778,
	4.4217 2.25513,
	4.41854 2.24248,
	4.41854 2.23615,
	"/>
</Transform>

<Transform dim="6"
 xcoef=" 0.0378746464318156 1.0081619887597 -0.021891705946757 0 0 0"
 ycoef=" 0.000292458085248304 0.0132164509415794 0.986712221313614 0 0 0">
<Contour name="d03" hidden="false" closed="true" simplified="true" border="0 1 0" fill="0 1 0" mode="9"
 points="3.02687 1.79019,
	3.0332 1.77754,
	3.0585 1.75856,
	3.0838 1.74907,
	3.13441 1.74907,
	3.13757 1.74274,
	3.15022 1.74907,
	3.15655 1.75223,
	3.15339 1.75856,
	3.15971 1.77121,
	3.21032 1.81549,
	3.22297 1.84079,
	3.22613 1.8661,
	3.22297 1.8914,
	3.21348 1.9167,
	3.20716 1.92935,
	3.18185 1.94833,
	3.13125 1.95149,
	3.08064 1.94833,
	3.05534 1.93252,
	3.04901 1.92619,
	3.04901 1.91354,
	3.02687 1.88824,
	3.02687 1.83763,
	3.02687 1.81233,
	3.02687 1.79968,
	3.02687 1.79335,
	"/>
</Transform>

<Transform dim="6"
 xcoef=" 0.0378746464318156 1.0081619887597 -0.021891705946757 0 0 0"
 ycoef=" 0.000292458085248304 0.0132164509415794 0.986712221313614 0 0 0">
<Contour name="d03p31" hidden="false" closed="true" simplified="false" border="1 0.5 0" fill="1 0.5 0" mode="13"
 points="3.60485 2.61911,
	3.60485 2.60913,
	3.61483 2.59916,
	3.6248 2.59916,
	3.63478 2.60913,
	3.63478 2.61911,
	3.6248 2.62908,
	3.61483 2.62908,
	"/>
</Transform>

<Transform dim="6"
 xcoef=" 0.0378746464318156 1.0081619887597 -0.021891705946757 0 0 0"
 ycoef=" 0.000292458085248304 0.0132164509415794 0.986712221313614 0 0 0">
<Contour name="d03c24b" hidden="false" closed="true" simplified="true" border="1 0 0" fill="1 0 0" mode="9"
 points="3.05553 3.30548,
	3.08081 3.26055,
	3.09204 3.23808,
	3.10608 3.22123,
	3.11732 3.19876,
	3.12013 3.15383,
	3.12013 3.13136,
	3.12294 3.12013,
	3.1454 3.10047,
	3.15664 3.10047,
	3.16225 3.10047,
	3.17349 3.1117,
	3.1791 3.11732,
	3.18472 3.16225,
	3.18753 3.18472,
	3.19034 3.19595,
	3.18753 3.19876,
	3.18472 3.19595,
	3.18472 3.24089,
	3.18472 3.25212,
	3.17068 3.27459,
	3.17068 3.28021,
	3.15102 3.30267,
	3.1454 3.31391,
	3.12574 3.32795,
	3.08081 3.3448,
	3.06958 3.3448,
	3.05834 3.33637,
	3.05553 3.31391,
	3.05553 3.30829,
	"/>
<Contour name="d03cfa24b" hidden="false" closed="false" simplified="false" border="0 1 1" fill="0 1 1" mode="9"
 points="3.07205 3.33388,
	3.10575 3.3086,
	3.13945 3.26647,
	3.16192 3.19346,
	3.16192 3.15133,
	3.14788 3.09797,
	"/>
</Transform>

<Transform dim="6"
 xcoef=" 0.0378746464318156 1.0081619887597 -0.021891705946757 0 0 0"
 ycoef=" 0.000292458085248304 0.0132164509415794 0.986712221313614 0 0 0">
<Contour name="d03c35" hidden="false" closed="true" simplified="true" border="1 0 0" fill="1 0 0" mode="9"
 points="3.08923 1.75244,
	3.09766 1.7412,
	3.12013 1.73278,
	3.16506 1.72997,
	3.18753 1.7384,
	3.19876 1.74963,
	3.21 1.7721,
	3.22965 1.79456,
	3.23808 1.8058,
	3.23808 1.82827,
	3.23808 1.8395,
	3.23808 1.84512,
	3.22965 1.85635,
	3.20719 1.86197,
	3.19595 1.86197,
	3.17349 1.84231,
	3.15102 1.82827,
	3.10608 1.78895,
	3.09485 1.78333,
	3.08923 1.7721,
	3.08923 1.76086,
	3.08923 1.75525,
	"/>
<Contour name="d03cfa35" hidden="false" closed="false" simplified="false" border="0 1 1" fill="0 1 1" mode="9"
 points="3.09171 1.74994,
	3.14788 1.77522,
	3.18439 1.80611,
	3.21809 1.85385,
	"/>
</Transform>

<Transform dim="6"
 xcoef=" 0.0378746464318156 1.0081619887597 -0.021891705946757 0 0 0"
 ycoef=" 0.000292458085248304 0.0132164509415794 0.986712221313614 0 0 0">
<Contour name="d06" hidden="false" closed="true" simplified="true" border="0 0 1" fill="0 0 1" mode="9"
 points="2.61617 7.05481,
	2.63661 7.00031,
	2.69452 6.89471,
	2.72518 6.84361,
	2.73881 6.81976,
	2.7899 6.77548,
	2.84441 6.74482,
	2.87166 6.72779,
	2.88188 6.71757,
	2.90913 6.71416,
	2.93638 6.72438,
	2.96363 6.75163,
	2.97726 6.76185,
	3.00451 6.76867,
	3.05902 6.76867,
	3.08627 6.76867,
	3.10671 6.79592,
	3.13396 6.79933,
	3.16121 6.80955,
	3.21571 6.80955,
	3.24296 6.80955,
	3.25659 6.80955,
	3.26 6.82317,
	3.3145 6.82998,
	3.33153 6.88449,
	3.33835 6.91174,
	3.33835 7.02075,
	3.33835 7.07525,
	3.31791 7.0991,
	3.3145 7.11272,
	3.27022 7.15701,
	3.24296 7.17404,
	3.19527 7.22173,
	3.18846 7.23535,
	3.17484 7.24557,
	3.16802 7.25239,
	2.95001 7.25239,
	2.8955 7.25239,
	2.86825 7.23535,
	2.84441 7.21151,
	2.81716 7.19448,
	2.7899 7.17063,
	2.7354 7.16723,
	2.70815 7.15019,
	2.6809 7.13997,
	2.62639 7.09569,
	2.61617 7.06844,
	2.61617 7.05822,
	"/>
</Transform>

<Transform dim="6"
 xcoef=" 0.0378746464318156 1.0081619887597 -0.021891705946757 0 0 0"
 ycoef=" 0.000292458085248304 0.0132164509415794 0.986712221313614 0 0 0">
<Contour name="d07" hidden="false" closed="true" simplified="true" border="1 0 1" fill="1 0 1" mode="9"
 points="3.60932 8.04842,
	3.63199 7.97587,
	3.64559 7.95773,
	3.6728 7.93506,
	3.74081 7.86705,
	3.75895 7.84891,
	3.77709 7.84437,
	3.78616 7.84437,
	3.80429 7.85798,
	3.81336 7.85798,
	3.8315 7.87158,
	3.8315 7.88065,
	3.8451 7.89879,
	3.8451 7.93506,
	3.85417 7.94413,
	3.85871 7.9804,
	3.86324 7.99854,
	3.86324 8.00761,
	3.8451 8.02575,
	3.80883 8.04388,
	3.77709 8.07109,
	3.75895 8.08016,
	3.74081 8.08016,
	3.70454 8.09376,
	3.66827 8.0983,
	3.63199 8.09376,
	3.61385 8.08016,
	3.60932 8.06202,
	3.60932 8.05295,
	"/>
</Transform>

<Transform dim="6"
 xcoef=" 0.0378746464318156 1.0081619887597 -0.021891705946757 0 0 0"
 ycoef=" 0.000292458085248304 0.0132164509415794 0.986712221313614 0 0 0">
<Contour name="d07c33" hidden="false" closed="true" simplified="true" border="1 0 0" fill="0 1 0" mode="9"
 points="3.5765 8.01476,
	3.60609 7.95559,
	3.64677 7.89641,
	3.70595 7.84833,
	3.71704 7.83353,
	3.74293 7.81874,
	3.75773 7.81874,
	3.77252 7.82984,
	3.76143 7.88901,
	3.75403 7.9186,
	3.75033 7.93339,
	3.74663 7.94079,
	3.73924 7.9297,
	3.72074 7.95928,
	3.69485 7.98887,
	3.69116 8.00367,
	3.68006 8.01846,
	3.66896 8.04805,
	3.65417 8.06284,
	3.64677 8.07024,
	3.63198 8.07024,
	3.62088 8.08134,
	3.60609 8.08504,
	3.59129 8.08134,
	3.5802 8.07024,
	3.5765 8.04065,
	3.5765 8.02586,
	3.5765 8.01846,
	"/>
<Contour name="d07cfa33" hidden="false" closed="false" simplified="false" border="0 1 1" fill="0 1 1" mode="9"
 points="3.60643 8.08437,
	3.61752 8.003,
	3.65821 7.94382,
	3.72108 7.86246,
	3.76177 7.84026,
	"/>
</Transform>

<Transform dim="6"
 xcoef=" 0.0378746464318156 1.0081619887597 -0.021891705946757 0 0 0"
 ycoef=" 0.000292458085248304 0.0132164509415794 0.986712221313614 0 0 0">
<Contour name="d06c31" hidden="false" closed="true" simplified="true" border="0 1 0" fill="0 1 0" mode="9"
 points="2.66485 6.92933,
	2.6739 6.91483,
	2.67934 6.90034,
	2.6884 6.88766,
	2.69383 6.88222,
	2.69745 6.88222,
	2.70108 6.88585,
	2.70832 6.88766,
	2.71014 6.89128,
	2.7047 6.90577,
	2.70289 6.92027,
	2.70289 6.92389,
	2.69383 6.93295,
	2.69021 6.93295,
	2.68296 6.94019,
	2.67572 6.94382,
	2.67209 6.94382,
	2.66485 6.93657,
	2.66485 6.93114,
	"/>
<Contour name="d06cfa31" hidden="false" closed="false" simplified="false" border="0 1 1" fill="0 1 1" mode="9"
 points="2.70526 6.88417,
	2.69077 6.91315,
	2.67446 6.94214,
	"/>
</Transform>

<Transform dim="6"
 xcoef=" 0.0378746464318156 1.0081619887597 -0.021891705946757 0 0 0"
 ycoef=" 0.000292458085248304 0.0132164509415794 0.986712221313614 0 0 0">
<Contour name="d01p32" hidden="false" closed="true" simplified="false" border="0.5 0 1" fill="0.5 0 1" mode="9"
 points="4.23678 4.34349,
	4.22699 4.34023,
	4.23678 4.33697,
	4.23025 4.32717,
	4.24004 4.3337,
	4.24331 4.32391,
	4.24657 4.3337,
	4.25636 4.32717,
	4.24984 4.33697,
	4.25963 4.34023,
	4.24984 4.34349,
	4.25636 4.35329,
	4.24657 4.34676,
	4.24331 4.35655,
	4.24004 4.34676,
	4.23025 4.35329,
	"/>
</Transform>

<Transform dim="6"
 xcoef=" 0.0378746464318156 1.0081619887597 -0.021891705946757 0 0 0"
 ycoef=" 0.000292458085248304 0.0132164509415794 0.986712221313614 0 0 0">
<Contour name="d01p33" hidden="false" closed="true" simplified="false" border="1 0 0.5" fill="1 0 0.5" mode="-13"
 points="5.01693 4.41204,
	5.0561 4.41204,
	5.03651 4.44795,
	"/>
</Transform>

<Transform dim="6"
 xcoef=" 0.0378746464318156 1.0081619887597 -0.021891705946757 0 0 0"
 ycoef=" 0.000292458085248304 0.0132164509415794 0.986712221313614 0 0 0">
<Contour name="d06p31" hidden="false" closed="true" simplified="false" border="1 0.5 0" fill="1 0.5 0" mode="-13"
 points="2.74487 6.9225,
	2.74487 6.91753,
	2.74983 6.91257,
	2.7548 6.91257,
	2.75976 6.91753,
	2.75976 6.9225,
	2.7548 6.92746,
	2.74983 6.92746,
	"/>
</Transform>

<Transform dim="6"
 xcoef=" 0.0378746464318156 1.0081619887597 -0.021891705946757 0 0 0"
 ycoef=" 0.000292458085248304 0.0132164509415794 0.986712221313614 0 0 0">
<Contour name="d07p33" hidden="false" closed="true" simplified="false" border="1 0 0.5" fill="1 0 0.5" mode="-13"
 points="4.04766 7.85555,
	4.07744 7.85555,
	4.06255 7.88284,
	"/>
<Contour name="d07p34" hidden="false" closed="true" simplified="false" border="1 0 0" fill="1 0 0" mode="-13"
 points="4.78467 8.0367,
	4.79708 8.01932,
	4.78467 8.00195,
	4.79211 8.00195,
	4.80204 8.01684,
	4.81197 8.00195,
	4.81941 8.00195,
	4.807 8.01932,
	4.81941 8.0367,
	4.81197 8.0367,
	4.80204 8.02181,
	4.79211 8.0367,
	"/>
</Transform>

<Transform dim="0"
 xcoef=" 0 1 0 0 0 0"
 ycoef=" 0 0 1 0 0 0">
<Contour name="ax04" comment="LK bouton trace named after cfa" hidden="false" closed="true" simplified="true" border="0 1 1" fill="0.502 1 1" mode="9"
 points="3.23172 4.65904,
	3.25728 4.62495,
	3.26154 4.62069,
	3.26367 4.61856,
	3.27006 4.58448,
	3.27006 4.51631,
	3.269 4.48222,
	3.26687 4.46518,
	3.2658 4.43109,
	3.26474 4.41405,
	3.26474 4.40553,
	3.269 4.39701,
	3.29669 4.36292,
	3.31373 4.32884,
	3.32226 4.3118,
	3.33291 4.29475,
	3.36593 4.26067,
	3.36806 4.25854,
	3.36699 4.25428,
	3.37019 4.24576,
	3.37232 4.24149,
	3.3883 4.22445,
	3.40534 4.21274,
	3.41386 4.20954,
	3.4309 4.20847,
	3.43942 4.20634,
	3.44368 4.20634,
	3.47777 4.1893,
	3.49481 4.18185,
	3.51186 4.17652,
	3.5289 4.17439,
	3.54594 4.17439,
	3.58003 4.18398,
	3.61411 4.1893,
	3.6482 4.19037,
	3.66524 4.19889,
	3.69613 4.23297,
	3.71211 4.25002,
	3.72169 4.26706,
	3.72915 4.2841,
	3.73341 4.30114,
	3.73767 4.30967,
	3.73874 4.32671,
	3.73767 4.33523,
	3.73661 4.33949,
	3.74087 4.35653,
	3.76537 4.39062,
	3.76856 4.39488,
	3.77069 4.42896,
	3.77069 4.44601,
	3.77282 4.46305,
	3.77708 4.47157,
	3.7856 4.48009,
	3.80797 4.51418,
	3.82075 4.53122,
	3.82608 4.53974,
	3.83247 4.55678,
	3.83354 4.56531,
	3.83141 4.58235,
	3.82608 4.59939,
	3.82288 4.60791,
	3.81649 4.61643,
	3.79945 4.63241,
	3.78241 4.64306,
	3.77389 4.65158,
	3.7643 4.66863,
	3.75791 4.68567,
	3.75578 4.69419,
	3.75152 4.70271,
	3.73874 4.71975,
	3.73128 4.72721,
	3.72702 4.73147,
	3.70998 4.73893,
	3.69293 4.74319,
	3.65885 4.74638,
	3.64181 4.75277,
	3.60772 4.77088,
	3.57364 4.78686,
	3.55659 4.79538,
	3.53955 4.80071,
	3.52251 4.80071,
	3.50546 4.79858,
	3.48842 4.79964,
	3.47138 4.79858,
	3.45434 4.79964,
	3.44581 4.79858,
	3.42877 4.79219,
	3.41173 4.78899,
	3.39469 4.79538,
	3.37764 4.80603,
	3.3606 4.81136,
	3.34356 4.81349,
	3.32652 4.8071,
	3.30947 4.79751,
	3.29243 4.78366,
	3.26474 4.74958,
	3.25302 4.73254,
	3.24663 4.72402,
	3.23491 4.68993,
	3.23172 4.67289,
	3.23172 4.66437,
	3.23172 4.66011,
	"/>
</Transform>

<Transform dim="0"
 xcoef=" 0 1 0 0 0 0"
 ycoef=" 0 0 1 0 0 0">
<Contour name="ax12" comment="LK bouton trace named after cfa" hidden="false" closed="true" simplified="true" border="0 1 1" fill="0.502 1 1" mode="9"
 points="1.81962 1.99715,
	1.8242 1.98901,
	1.82979 1.98087,
	1.83335 1.97731,
	1.84963 1.96714,
	1.86591 1.959,
	1.87405 1.95391,
	1.87812 1.95035,
	1.88626 1.94577,
	1.8944 1.94018,
	1.91067 1.92644,
	1.91881 1.92085,
	1.92695 1.91678,
	1.93102 1.91474,
	1.93916 1.91322,
	1.9412 1.91169,
	1.94527 1.91017,
	1.94934 1.90762,
	1.96511 1.89287,
	1.97782 1.87659,
	1.98545 1.86845,
	1.98952 1.86489,
	1.99766 1.86031,
	2.0058 1.85675,
	2.00987 1.85421,
	2.01191 1.85319,
	2.04446 1.85065,
	2.06074 1.85116,
	2.06481 1.85116,
	2.08109 1.85879,
	2.08923 1.86286,
	2.12178 1.88219,
	2.12992 1.88778,
	2.13806 1.8888,
	2.1462 1.88829,
	2.15434 1.88626,
	2.1869 1.86743,
	2.20318 1.86031,
	2.20725 1.85879,
	2.22352 1.85624,
	2.23166 1.85573,
	2.26422 1.85828,
	2.26626 1.85828,
	2.26829 1.8593,
	2.3334 1.86235,
	2.34968 1.86286,
	2.35782 1.86235,
	2.36596 1.86286,
	2.37003 1.86438,
	2.3741 1.86693,
	2.37766 1.87049,
	2.38275 1.87863,
	2.3858 1.88677,
	2.38834 1.89084,
	2.3919 1.89897,
	2.39648 1.90711,
	2.4036 1.91525,
	2.40767 1.9183,
	2.41581 1.92136,
	2.41988 1.92237,
	2.42802 1.9295,
	2.43158 1.93357,
	2.44023 1.94984,
	2.44328 1.95798,
	2.44532 1.96205,
	2.46007 1.97782,
	2.46414 1.98138,
	2.4738 1.99766,
	2.48143 2.00224,
	2.4855 2.00326,
	2.49364 2.00071,
	2.50992 1.99919,
	2.51806 1.9997,
	2.5262 2.00173,
	2.54248 2.00428,
	2.55062 2.0058,
	2.55876 2.00834,
	2.56283 2.0114,
	2.57097 2.01954,
	2.57504 2.02361,
	2.57911 2.02666,
	2.59538 2.04192,
	2.59945 2.04548,
	2.602 2.04955,
	2.60403 2.05769,
	2.60505 2.07397,
	2.60454 2.09025,
	2.60454 2.09838,
	2.60454 2.10245,
	2.60251 2.11059,
	2.60047 2.11466,
	2.57249 2.14722,
	2.55927 2.1635,
	2.55265 2.17164,
	2.55011 2.17571,
	2.54909 2.17774,
	2.51806 2.2103,
	2.50331 2.22658,
	2.49568 2.23472,
	2.49161 2.23879,
	2.48347 2.24489,
	2.4794 2.24794,
	2.47533 2.25201,
	2.45905 2.26524,
	2.45091 2.27032,
	2.43463 2.27796,
	2.41836 2.28457,
	2.41022 2.28864,
	2.40208 2.29118,
	2.3858 2.29372,
	2.38376 2.29372,
	2.37563 2.29678,
	2.35935 2.30034,
	2.35121 2.30186,
	2.34307 2.30441,
	2.339 2.30644,
	2.33086 2.31255,
	2.31458 2.32018,
	2.30644 2.32272,
	2.30237 2.32374,
	2.28609 2.32323,
	2.28202 2.32374,
	2.27389 2.33137,
	2.27185 2.3334,
	2.27083 2.3334,
	2.26676 2.33696,
	2.25049 2.3451,
	2.24235 2.34765,
	2.23828 2.34917,
	2.23014 2.34968,
	2.22607 2.35019,
	2.22403 2.35019,
	2.21589 2.35426,
	2.20775 2.35986,
	2.19962 2.3624,
	2.19555 2.36443,
	2.19351 2.36494,
	2.19148 2.36647,
	2.18944 2.36698,
	2.18741 2.3685,
	2.18334 2.36952,
	2.18232 2.36952,
	2.1813 2.37054,
	2.17316 2.37105,
	2.16502 2.37308,
	2.16095 2.37359,
	2.15688 2.37563,
	2.15485 2.37664,
	2.15078 2.37715,
	2.14671 2.37868,
	2.13043 2.37919,
	2.12229 2.37868,
	2.11415 2.37715,
	2.10601 2.37461,
	2.08974 2.36749,
	2.08567 2.36545,
	2.07753 2.35986,
	2.06939 2.35273,
	2.03836 2.32018,
	2.03022 2.31204,
	2.0231 2.3039,
	2.0114 2.28762,
	1.99868 2.27134,
	1.98342 2.25506,
	1.9707 2.23879,
	1.96511 2.23065,
	1.96205 2.22658,
	1.94577 2.19402,
	1.93611 2.17774,
	1.91424 2.14518,
	1.90864 2.13705,
	1.89541 2.12077,
	1.89185 2.1167,
	1.88219 2.10042,
	1.8771 2.08414,
	1.87405 2.076,
	1.86591 2.05972,
	1.8598 2.05158,
	1.85624 2.04904,
	1.85217 2.04751,
	1.8359 2.03581,
	1.82928 2.02768,
	1.82572 2.02361,
	1.82216 2.01547,
	1.81962 1.99919,
	1.81962 1.99766,
	"/>
</Transform>

<Transform dim="0"
 xcoef=" 0 1 0 0 0 0"
 ycoef=" 0 0 1 0 0 0">
<Contour name="ax13" comment="LK bouton trace named after cfa" hidden="false" closed="true" simplified="true" border="0 1 1" fill="0.502 1 1" mode="9"
 points="4.15706 2.97442,
	4.16255 2.96345,
	4.16529 2.95796,
	4.16666 2.95247,
	4.16666 2.9415,
	4.16666 2.93601,
	4.16529 2.93327,
	4.16392 2.91131,
	4.16392 2.90583,
	4.16392 2.90308,
	4.16666 2.89759,
	4.16735 2.89485,
	4.16941 2.89211,
	4.17009 2.88936,
	4.17421 2.88387,
	4.19616 2.86261,
	4.21811 2.85369,
	4.2236 2.85095,
	4.22634 2.84889,
	4.22977 2.8434,
	4.24075 2.83311,
	4.24624 2.82968,
	4.25721 2.82557,
	4.25996 2.82488,
	4.27093 2.81596,
	4.28191 2.80842,
	4.28465 2.80704,
	4.3066 2.78509,
	4.31209 2.78029,
	4.32307 2.77412,
	4.33404 2.77206,
	4.33953 2.77,
	4.35051 2.76794,
	4.36148 2.76383,
	4.38343 2.75148,
	4.39441 2.74599,
	4.41636 2.74256,
	4.42734 2.74188,
	4.43283 2.7405,
	4.47673 2.74119,
	4.48222 2.74188,
	4.52612 2.76314,
	4.53709 2.77206,
	4.53915 2.7748,
	4.5419 2.77618,
	4.54533 2.78166,
	4.55493 2.79264,
	4.55905 2.79813,
	4.56042 2.80087,
	4.56042 2.81185,
	4.55836 2.82282,
	4.55493 2.8338,
	4.55356 2.83929,
	4.55356 2.84203,
	4.54395 2.86398,
	4.522 2.88387,
	4.50005 2.89965,
	4.48908 2.90788,
	4.4829 2.91886,
	4.48084 2.92984,
	4.47604 2.94081,
	4.47398 2.9463,
	4.46507 2.95727,
	4.45409 2.96825,
	4.44312 2.97785,
	4.39921 3.00324,
	4.37726 3.01421,
	4.36628 3.0197,
	4.36354 3.02176,
	4.35668 3.03273,
	4.34776 3.04371,
	4.33679 3.05263,
	4.32581 3.05811,
	4.32032 3.06086,
	4.29837 3.06497,
	4.2874 3.06703,
	4.28191 3.0684,
	4.27093 3.0684,
	4.25996 3.06703,
	4.25447 3.06566,
	4.24349 3.0588,
	4.24075 3.05606,
	4.23526 3.054,
	4.23252 3.05194,
	4.22977 3.05125,
	4.20782 3.03479,
	4.19685 3.02656,
	4.18587 3.0197,
	4.18176 3.01421,
	4.18107 3.00872,
	4.18107 3.00598,
	4.1797 3.00324,
	4.17421 2.99843,
	4.16872 2.99569,
	4.15843 2.98677,
	4.15706 2.98128,
	4.15706 2.9758,
	4.15706 2.97511,
	"/>
</Transform>

<Transform dim="0"
 xcoef=" 0 1 0 0 0 0"
 ycoef=" 0 0 1 0 0 0">
<Contour name="ax16" comment="LK bouton trace named after cfa" hidden="false" closed="true" simplified="true" border="0 1 1" fill="0.502 1 1" mode="9"
 points="2.62198 7.65703,
	2.63324 7.63702,
	2.63949 7.617,
	2.64074 7.612,
	2.64074 7.60699,
	2.64325 7.59698,
	2.647 7.58698,
	2.65325 7.57697,
	2.66076 7.56696,
	2.66701 7.55695,
	2.6764 7.53694,
	2.6814 7.52693,
	2.6839 7.52193,
	2.69391 7.51505,
	2.71392 7.50942,
	2.71893 7.50817,
	2.72393 7.50442,
	2.72894 7.50254,
	2.73394 7.49941,
	2.75395 7.49503,
	2.75896 7.49378,
	2.76771 7.48377,
	2.77835 7.46376,
	2.78398 7.45375,
	2.79211 7.44374,
	2.79711 7.43937,
	2.80712 7.43499,
	2.82713 7.4181,
	2.84715 7.39934,
	2.85716 7.39308,
	2.86716 7.38495,
	2.87717 7.37807,
	2.9172 7.36619,
	2.92721 7.36493,
	2.93221 7.36368,
	2.95223 7.36306,
	2.97224 7.36118,
	3.01227 7.36118,
	3.02228 7.36368,
	3.0423 7.36619,
	3.0523 7.36681,
	3.05731 7.36744,
	3.06732 7.37056,
	3.06982 7.37056,
	3.08983 7.3787,
	3.10985 7.3912,
	3.11986 7.39934,
	3.12986 7.40622,
	3.13987 7.41435,
	3.14988 7.42373,
	3.15989 7.43186,
	3.16989 7.43812,
	3.17239 7.43937,
	3.17365 7.43937,
	3.17615 7.44124,
	3.17865 7.44187,
	3.18365 7.44562,
	3.1849 7.44562,
	3.18616 7.44687,
	3.18741 7.44687,
	3.19241 7.45062,
	3.19491 7.4525,
	3.19741 7.45313,
	3.20742 7.46001,
	3.21243 7.46251,
	3.21743 7.46626,
	3.21993 7.46876,
	3.22118 7.47127,
	3.23119 7.48002,
	3.27122 7.50817,
	3.27622 7.51192,
	3.28123 7.51442,
	3.28623 7.51818,
	3.30625 7.52818,
	3.31625 7.53319,
	3.32626 7.53694,
	3.32751 7.53694,
	3.33001 7.53882,
	3.34002 7.54069,
	3.36004 7.54132,
	3.37004 7.54069,
	3.37505 7.54069,
	3.37755 7.53944,
	3.39756 7.53757,
	3.40757 7.53631,
	3.41258 7.53694,
	3.43259 7.53319,
	3.4426 7.52818,
	3.45261 7.52193,
	3.45761 7.51818,
	3.46011 7.51692,
	3.47012 7.51692,
	3.48013 7.52193,
	3.49013 7.52881,
	3.49389 7.53381,
	3.49764 7.54382,
	3.49827 7.56383,
	3.49827 7.57384,
	3.49639 7.58385,
	3.49576 7.58885,
	3.50139 7.60887,
	3.5089 7.62888,
	3.51453 7.63889,
	3.51515 7.6439,
	3.51453 7.6489,
	3.51265 7.6539,
	3.50452 7.66391,
	3.49764 7.67392,
	3.49326 7.68393,
	3.49201 7.68893,
	3.49139 7.69143,
	3.48951 7.69393,
	3.48763 7.70394,
	3.48451 7.71395,
	3.482 7.71895,
	3.477 7.72333,
	3.46699 7.72771,
	3.46199 7.72896,
	3.45698 7.73334,
	3.45323 7.73834,
	3.4476 7.74835,
	3.44072 7.75836,
	3.43071 7.76524,
	3.42571 7.76962,
	3.42133 7.77962,
	3.41883 7.78463,
	3.41383 7.78775,
	3.40882 7.79276,
	3.40132 7.80277,
	3.39131 7.80965,
	3.3813 7.80902,
	3.37129 7.8109,
	3.36692 7.81527,
	3.36379 7.8553,
	3.36254 7.86531,
	3.35941 7.87532,
	3.35941 7.87782,
	3.35503 7.88783,
	3.34127 7.90784,
	3.32313 7.92723,
	3.31313 7.93599,
	3.30437 7.946,
	3.29937 7.95038,
	3.29686 7.95288,
	3.29561 7.95413,
	3.29311 7.95476,
	3.28373 7.96289,
	3.27873 7.96476,
	3.27622 7.96664,
	3.27372 7.96726,
	3.27122 7.96977,
	3.26997 7.96977,
	3.24995 7.98165,
	3.23995 7.98853,
	3.23744 7.99041,
	3.23619 7.99041,
	3.21618 8.00104,
	3.20617 8.00729,
	3.20117 8.0098,
	3.19116 8.01167,
	3.18115 8.01167,
	3.17114 8.0098,
	3.16864 8.00917,
	3.16739 8.00792,
	3.16489 8.00729,
	3.15488 8.00104,
	3.13612 7.98165,
	3.12548 7.96164,
	3.12048 7.95163,
	3.11235 7.94287,
	3.11047 7.94037,
	3.10985 7.93787,
	3.10234 7.92786,
	3.09609 7.91785,
	3.09171 7.91285,
	3.09046 7.91035,
	3.07044 7.89346,
	3.06544 7.89033,
	3.06294 7.88908,
	3.05793 7.88408,
	3.04793 7.87782,
	3.03792 7.87282,
	3.03291 7.87032,
	3.02291 7.86719,
	3.00289 7.86406,
	2.99789 7.86219,
	2.99288 7.85906,
	2.98788 7.85468,
	2.98288 7.85155,
	2.97787 7.84968,
	2.97537 7.8478,
	2.95536 7.84217,
	2.93534 7.83967,
	2.92533 7.83717,
	2.92033 7.83592,
	2.91783 7.83529,
	2.91533 7.83341,
	2.91407 7.83216,
	2.91407 7.83091,
	2.89406 7.81277,
	2.88906 7.80839,
	2.86904 7.79839,
	2.84903 7.79213,
	2.83902 7.78275,
	2.82588 7.76274,
	2.8165 7.75335,
	2.79649 7.74272,
	2.78648 7.74084,
	2.78147 7.74084,
	2.76146 7.73521,
	2.75646 7.73396,
	2.74645 7.73459,
	2.72643 7.74022,
	2.71643 7.74209,
	2.71142 7.74335,
	2.70892 7.74397,
	2.70767 7.74397,
	2.69829 7.75398,
	2.69453 7.75898,
	2.68953 7.76336,
	2.67952 7.76962,
	2.66952 7.77837,
	2.65951 7.784,
	2.6495 7.78713,
	2.6445 7.78775,
	2.63949 7.78525,
	2.63074 7.77524,
	2.62636 7.76524,
	2.62511 7.76274,
	2.62448 7.74272,
	2.62448 7.73271,
	2.62886 7.7227,
	2.63199 7.7127,
	2.63199 7.70269,
	2.62761 7.68267,
	2.62511 7.67767,
	2.6226 7.66766,
	2.62198 7.65766,
	"/>
</Transform>

<Transform dim="6"
 xcoef=" -0.862475394667712 1.15437191018609 0.0649116104952464 0 0 0"
 ycoef=" -1.46399403788436 0.0720629146348719 1.03625268669132 0 0 0">
<Image mag="0.00217507" contrast="0.917" brightness="0.12" red="true" green="true" blue="true"
 src="FHLTD.192.jpg" />
<Contour name="domain1" hidden="false" closed="true" simplified="false" border="1 0 1" fill="1 0 1" mode="11"
 points="0 0,
	4096 0,
	4096 4096,
	0 4096,
	"/>
</Transform>

<Transform dim="0"
 xcoef=" 0 1 0 0 0 0"
 ycoef=" 0 0 1 0 0 0">
<Contour name="ax22" comment="LK bouton trace named after cfa" hidden="false" closed="true" simplified="true" border="0 1 1" fill="0.502 1 1" mode="9"
 points="5.35121 8.19223,
	5.36887 8.16653,
	5.37369 8.16011,
	5.38493 8.15208,
	5.40902 8.12959,
	5.42187 8.11835,
	5.42829 8.11193,
	5.42829 8.10871,
	5.44275 8.08302,
	5.44917 8.07017,
	5.46684 8.04769,
	5.47647 8.03484,
	5.49414 8.01396,
	5.51181 7.98987,
	5.51662 7.98345,
	5.52947 7.97863,
	5.54232 7.9706,
	5.54874 7.96578,
	5.57444 7.95775,
	5.58729 7.95133,
	5.60014 7.94169,
	5.60656 7.93687,
	5.61941 7.93366,
	5.63226 7.93366,
	5.63868 7.93366,
	5.6435 7.93848,
	5.64671 7.94008,
	5.64832 7.95293,
	5.64671 7.96578,
	5.64189 7.97863,
	5.63868 7.98184,
	5.63547 7.99469,
	5.63226 8.00111,
	5.63386 8.0525,
	5.63065 8.06535,
	5.62423 8.0782,
	5.62262 8.08462,
	5.61941 8.08784,
	5.6162 8.11353,
	5.6162 8.13923,
	5.61298 8.15208,
	5.58889 8.17617,
	5.5648 8.19383,
	5.55196 8.20186,
	5.52787 8.22435,
	5.52144 8.22756,
	5.51502 8.23398,
	5.51181 8.23398,
	5.50538 8.2388,
	5.49253 8.24201,
	5.48932 8.24522,
	5.46363 8.25165,
	5.45078 8.25486,
	5.42508 8.25486,
	5.41223 8.25325,
	5.36405 8.21953,
	5.35281 8.20829,
	5.35121 8.19544,
	5.35121 8.19383,
	"/>
<Contour name="d07" hidden="false" closed="true" simplified="true" border="1 0 1" fill="1 0 1" mode="9"
 points="4.02542 7.73956,
	4.04321 7.73013,
	4.0608 7.71151,
	4.06938 7.69301,
	4.0633 7.61956,
	4.12955 7.56353,
	4.16052 7.54014,
	4.19649 7.53966,
	4.23305 7.56675,
	4.25144 7.58487,
	4.28772 7.59818,
	4.30579 7.60253,
	4.31519 7.62079,
	4.32438 7.62986,
	4.32598 7.70336,
	4.33517 7.71243,
	4.40711 7.71147,
	4.4252 7.71582,
	4.49873 7.78836,
	4.51701 7.8019,
	4.55299 7.80142,
	4.62443 7.77748,
	4.69637 7.77652,
	4.76471 7.81697,
	4.7829 7.82591,
	4.84734 7.89398,
	4.86542 7.89834,
	4.91199 7.97124,
	4.91219 7.98042,
	4.92138 7.98949,
	4.95705 7.97523,
	5.02799 7.92833,
	5.09404 7.86311,
	5.12951 7.83966,
	5.2734 7.83773,
	5.29138 7.83749,
	5.30037 7.83737,
	5.30567 7.87405,
	5.24402 7.93462,
	5.21324 7.9672,
	5.19555 7.98122,
	5.18676 7.99053,
	5.11511 8.00528,
	5.07945 8.01954,
	5.04407 8.04759,
	5.02689 8.08458,
	4.96074 8.14521,
	4.95645 8.15446,
	4.94745 8.15458,
	4.91207 8.18262,
	4.8944 8.19665,
	4.85862 8.20632,
	4.82305 8.22517,
	4.79677 8.25769,
	4.7616 8.29493,
	4.74381 8.30436,
	4.70775 8.30024,
	4.67117 8.27316,
	4.65299 8.26421,
	4.5091 8.26614,
	4.49112 8.26638,
	4.45465 8.2439,
	4.39021 8.17582,
	4.35344 8.13956,
	4.33515 8.12601,
	4.29899 8.11731,
	4.26301 8.11779,
	4.22675 8.10449,
	4.20836 8.08636,
	4.19408 8.04978,
	4.18918 8.03146,
	4.18898 8.02228,
	4.11994 7.94968,
	4.10605 7.93148,
	4.10076 7.89478,
	4.09586 7.87648,
	4.03581 7.80375,
	4.02602 7.76712,
	4.02562 7.74875,
	4.02552 7.74415,
	"/>
<Contour name="d07" hidden="false" closed="true" simplified="true" border="1 0 1" fill="1 0 1" mode="9"
 points="4.04258 8.73652,
	4.08155 8.66707,
	4.08075 8.63032,
	4.08055 8.62113,
	4.09813 8.60251,
	4.11991 8.57005,
	4.15539 8.5466,
	4.22713 8.53645,
	4.29917 8.54008,
	4.37211 8.58506,
	4.39029 8.59401,
	4.39559 8.6307,
	4.36011 8.65415,
	4.32934 8.68673,
	4.26299 8.73817,
	4.22752 8.76162,
	4.20554 8.78489,
	4.19654 8.78501,
	4.17886 8.79904,
	4.17007 8.80834,
	4.16107 8.80846,
	4.14349 8.82708,
	4.1257 8.83651,
	4.08973 8.83699,
	4.05317 8.8099,
	4.04377 8.79165,
	4.04298 8.7549,
	4.04268 8.74112,
	"/>
</Transform>

<Transform dim="0"
 xcoef=" 0 1 0 0 0 0"
 ycoef=" 0 0 1 0 0 0">
<Contour name="ax22" comment="LK bouton trace named after cfa" hidden="false" closed="true" simplified="true" border="0 1 1" fill="0.502 1 1" mode="9"
 points="3.62569 9.31617,
	3.63268 9.30019,
	3.64767 9.2872,
	3.65566 9.2812,
	3.66366 9.27721,
	3.67864 9.26122,
	3.69463 9.25123,
	3.70262 9.24723,
	3.71062 9.24124,
	3.71861 9.23724,
	3.73459 9.23424,
	3.74259 9.23325,
	3.75058 9.22925,
	3.75458 9.22725,
	3.75757 9.21926,
	3.75857 9.21126,
	3.76557 9.19528,
	3.78055 9.18029,
	3.81253 9.16131,
	3.8445 9.13433,
	3.87647 9.11735,
	3.90844 9.09836,
	3.91544 9.09137,
	3.92443 9.07538,
	3.92843 9.06739,
	3.93642 9.06039,
	3.96839 9.04341,
	3.97638 9.03642,
	3.99437 9.00444,
	4.00436 8.98846,
	4.00936 8.98046,
	4.01135 8.97647,
	4.04333 8.94549,
	4.05632 8.93051,
	4.06031 8.92651,
	4.0763 8.91752,
	4.08329 8.91252,
	4.09828 8.89854,
	4.13025 8.87655,
	4.14624 8.86656,
	4.14924 8.85857,
	4.14524 8.8266,
	4.14824 8.79463,
	4.15023 8.77864,
	4.15223 8.77065,
	4.21618 8.73568,
	4.23216 8.72469,
	4.24815 8.7107,
	4.26414 8.69971,
	4.27213 8.69671,
	4.28812 8.69371,
	4.3041 8.68772,
	4.32009 8.67972,
	4.33607 8.66773,
	4.34407 8.66174,
	4.34806 8.65974,
	4.35506 8.65275,
	4.38703 8.63476,
	4.39302 8.62677,
	4.39702 8.61878,
	4.40002 8.60279,
	4.40002 8.60079,
	4.40701 8.5928,
	4.41501 8.57681,
	4.44598 8.54784,
	4.46196 8.53385,
	4.46596 8.52985,
	4.49793 8.50887,
	4.50593 8.50687,
	4.52191 8.50587,
	4.52991 8.50488,
	4.54589 8.50687,
	4.55389 8.50887,
	4.55788 8.50887,
	4.56587 8.51387,
	4.57387 8.52086,
	4.57786 8.52386,
	4.58186 8.53185,
	4.58086 8.54784,
	4.57986 8.55583,
	4.57287 8.57182,
	4.55588 8.60379,
	4.54789 8.61978,
	4.5369 8.63576,
	4.52791 8.65175,
	4.52291 8.65974,
	4.49494 8.69171,
	4.48195 8.7077,
	4.43898 8.77164,
	4.42799 8.78763,
	4.41501 8.80262,
	4.35106 8.84059,
	4.34307 8.84658,
	4.32808 8.86257,
	4.32109 8.87056,
	4.28911 8.88854,
	4.25714 8.91252,
	4.24215 8.92751,
	4.22617 8.9405,
	4.21818 8.94549,
	4.20219 8.95249,
	4.1862 8.96148,
	4.15423 8.98846,
	4.14624 8.99445,
	4.13325 9.01044,
	4.11826 9.02642,
	4.10228 9.04041,
	4.08929 9.0564,
	4.08629 9.06039,
	4.08529 9.06139,
	4.0803 9.06539,
	4.06431 9.07338,
	4.06331 9.07538,
	4.05532 9.07838,
	4.04033 9.08937,
	4.03334 9.09437,
	4.02734 9.10136,
	3.99737 9.12634,
	3.98138 9.13933,
	3.97339 9.14632,
	3.96939 9.14832,
	3.9544 9.16331,
	3.93942 9.1743,
	3.93742 9.17629,
	3.93542 9.17629,
	3.91943 9.18629,
	3.90345 9.19128,
	3.89546 9.19228,
	3.89146 9.19328,
	3.88946 9.19328,
	3.88746 9.19528,
	3.87148 9.20027,
	3.86748 9.20027,
	3.85149 9.20927,
	3.83651 9.22026,
	3.82951 9.22825,
	3.82452 9.23524,
	3.82152 9.23924,
	3.82052 9.24324,
	3.81852 9.24424,
	3.81253 9.26022,
	3.80154 9.27421,
	3.79354 9.27921,
	3.77956 9.29519,
	3.76657 9.30818,
	3.75258 9.31917,
	3.74558 9.32517,
	3.7316 9.34015,
	3.7266 9.34715,
	3.7256 9.34914,
	3.72161 9.35314,
	3.71361 9.35314,
	3.71161 9.35214,
	3.70762 9.35614,
	3.69163 9.35814,
	3.68364 9.35814,
	3.65167 9.34515,
	3.64367 9.34115,
	3.62869 9.32616,
	3.62569 9.32217,
	3.62569 9.31817,
	3.62569 9.31717,
	"/>
</Transform>

<Transform dim="0"
 xcoef=" 0 1 0 0 0 0"
 ycoef=" 0 0 1 0 0 0">
<Contour name="ax23" comment="LK bouton trace named after cfa" hidden="false" closed="true" simplified="true" border="0 1 1" fill="0.502 1 1" mode="9"
 points="3.7601 9.33263,
	3.76319 9.32275,
	3.76998 9.31349,
	3.76998 9.31226,
	3.77739 9.30299,
	3.77863 9.30052,
	3.79406 9.28261,
	3.81321 9.26594,
	3.83297 9.25544,
	3.8342 9.25421,
	3.83544 9.25421,
	3.84408 9.24803,
	3.84841 9.24495,
	3.85273 9.24062,
	3.86137 9.23445,
	3.8657 9.23136,
	3.86817 9.22889,
	3.87311 9.22642,
	3.87558 9.22457,
	3.88546 9.22024,
	3.89534 9.21469,
	3.89781 9.21407,
	3.91695 9.2011,
	3.92621 9.19493,
	3.92869 9.19369,
	3.94659 9.1764,
	3.95586 9.16776,
	3.96018 9.16281,
	3.96821 9.15479,
	3.97129 9.15046,
	3.97623 9.14552,
	3.98488 9.13873,
	3.99476 9.13194,
	3.99908 9.12885,
	4.00835 9.12082,
	4.00958 9.11897,
	4.0139 9.11588,
	4.03181 9.10045,
	4.04169 9.0918,
	4.0454 9.08809,
	4.06392 9.0708,
	4.06763 9.0671,
	4.07257 9.06401,
	4.07689 9.05969,
	4.08677 9.05351,
	4.09665 9.05413,
	4.10159 9.05537,
	4.10283 9.0566,
	4.1053 9.05722,
	4.10591 9.05969,
	4.10283 9.06463,
	4.09789 9.06957,
	4.08121 9.08501,
	4.06578 9.10045,
	4.06084 9.10539,
	4.05157 9.11341,
	4.04663 9.11774,
	4.03119 9.13317,
	4.02996 9.13441,
	4.02872 9.13441,
	4.0207 9.14367,
	4.00464 9.15973,
	3.98673 9.17578,
	3.98303 9.18011,
	3.97809 9.18381,
	3.97006 9.19369,
	3.95709 9.21345,
	3.95462 9.21777,
	3.95092 9.22271,
	3.94536 9.23198,
	3.94165 9.23692,
	3.93671 9.24556,
	3.93548 9.24803,
	3.93424 9.24927,
	3.93424 9.2505,
	3.93301 9.25174,
	3.93301 9.25297,
	3.92683 9.26285,
	3.92621 9.26532,
	3.92436 9.26779,
	3.92436 9.26903,
	3.92313 9.27026,
	3.92313 9.2715,
	3.92189 9.27212,
	3.92189 9.27335,
	3.91572 9.28323,
	3.91016 9.29188,
	3.90769 9.2962,
	3.89287 9.31411,
	3.88793 9.31905,
	3.88114 9.32708,
	3.87311 9.33696,
	3.8694 9.34128,
	3.86014 9.34931,
	3.85829 9.35054,
	3.84902 9.35857,
	3.84408 9.36351,
	3.8342 9.37092,
	3.82494 9.3771,
	3.82062 9.3808,
	3.81074 9.38512,
	3.80827 9.38636,
	3.78851 9.38698,
	3.78357 9.38698,
	3.77863 9.38574,
	3.77369 9.38142,
	3.77122 9.37895,
	3.76875 9.37401,
	3.76751 9.37277,
	3.76689 9.3703,
	3.76504 9.36783,
	3.76134 9.35795,
	3.7601 9.35548,
	3.7601 9.33572,
	3.7601 9.33325,
	"/>
</Transform>

</Section>