<?xml version="1.0"?>
<!DOCTYPE Section SYSTEM "section.dtd">

<Section index="225" thickness="0.045" alignLocked="true">
<Transform dim="6"
 xcoef=" 0.637874646431816 1.0081619887597 -0.021891705946757 0 0 0"
 ycoef=" 0.150292458085249 0.0132164509415794 0.986712221313614 0 0 0">
<Contour name="D05" hidden="false" closed="true" simplified="true" border="1 1 0" fill="1 1 0" mode="11"
 points="2.69299 3.97404,
	2.70475 3.90163,
	2.73888 3.83632,
	2.79205 3.78448,
	2.85904 3.7512,
	2.93329 3.73974,
	3.00755 3.7512,
	3.07454 3.78448,
	3.12771 3.83632,
	3.16184 3.90163,
	3.1736 3.97404,
	3.16184 4.04644,
	3.12771 4.11175,
	3.07454 4.16359,
	3.00755 4.19687,
	2.93329 4.20833,
	2.85904 4.19687,
	2.79205 4.16359,
	2.73888 4.11175,
	"/>
</Transform>

<Transform dim="6"
 xcoef=" 0.0378746464318156 1.0081619887597 -0.021891705946757 0 0 0"
 ycoef=" 0.000292458085248304 0.0132164509415794 0.986712221313614 0 0 0">
<Contour name="d01" hidden="true" closed="true" simplified="true" border="1 0.5 0" fill="1 0.5 0" mode="9"
 points="4.50175 4.95459,
	4.51241 4.91197,
	4.52306 4.89066,
	4.54437 4.87468,
	4.56036 4.83206,
	4.56036 4.82141,
	4.60298 4.79477,
	4.62961 4.75748,
	4.63494 4.73617,
	4.60298 4.65092,
	4.59232 4.62961,
	4.65092 4.54437,
	4.6456 4.52306,
	4.6083 4.4911,
	4.60298 4.48577,
	4.62429 4.47512,
	4.66691 4.48044,
	4.70953 4.50708,
	4.79477 4.51241,
	4.81075 4.53372,
	4.81075 4.55503,
	4.78411 4.59765,
	4.76813 4.61363,
	4.7628 4.63494,
	4.74682 4.65625,
	4.74149 4.69887,
	4.75215 4.74149,
	4.75748 4.75215,
	4.73084 4.79477,
	4.71486 4.83739,
	4.71486 4.88001,
	4.72018 4.90132,
	4.7628 4.93328,
	4.77879 4.95459,
	4.76813 4.99721,
	4.74682 5.01852,
	4.74149 5.02918,
	4.74682 5.0718,
	4.72018 5.11442,
	4.70953 5.11975,
	4.66691 5.09844,
	4.63494 5.06114,
	4.61363 5.03983,
	4.6083 5.01852,
	4.60298 5.00787,
	4.51774 4.99721,
	4.50175 4.95992,
	"/>
<Contour name="d01" hidden="true" closed="true" simplified="true" border="1 0.5 0" fill="1 0.5 0" mode="9"
 points="3.81983 5.54062,
	3.84647 5.45538,
	3.86245 5.41276,
	3.88909 5.37014,
	3.90507 5.35416,
	3.94769 5.35416,
	3.969 5.34883,
	3.97966 5.33818,
	3.98498 5.31686,
	4.01695 5.27424,
	4.02228 5.26892,
	4.01162 5.25826,
	4.03293 5.25293,
	4.0649 5.21031,
	4.08088 5.189,
	4.16612 5.14638,
	4.3366 5.13573,
	4.42184 5.14106,
	4.50708 5.15704,
	4.59232 5.19433,
	4.61363 5.20499,
	4.6456 5.24228,
	4.68822 5.27424,
	4.70953 5.27957,
	4.72018 5.2849,
	4.72018 5.30621,
	4.69887 5.34883,
	4.69887 5.39145,
	4.68289 5.43407,
	4.67224 5.45538,
	4.65092 5.47136,
	4.62961 5.46604,
	4.61896 5.46604,
	4.59232 5.50866,
	4.51774 5.57791,
	4.49643 5.59922,
	4.47512 5.60988,
	4.45381 5.60988,
	4.4325 5.6525,
	4.35791 5.7111,
	4.32595 5.75372,
	4.25669 5.81232,
	4.24603 5.82298,
	4.20341 5.82831,
	4.12883 5.91355,
	4.08621 5.93486,
	4.04359 5.92953,
	4.02228 5.93486,
	4.0063 5.91887,
	3.98498 5.92953,
	3.97433 5.93486,
	3.93171 5.90289,
	3.92105 5.89224,
	3.92638 5.88691,
	3.89974 5.84429,
	3.89442 5.83363,
	3.91573 5.79101,
	3.92105 5.78036,
	3.90507 5.73774,
	3.89442 5.71643,
	3.89974 5.69512,
	3.89442 5.6525,
	3.82516 5.57259,
	3.81983 5.55128,
	3.81983 5.54595,
	"/>
</Transform>

<Transform dim="6"
 xcoef=" 0.0378746464318156 1.0081619887597 -0.021891705946757 0 0 0"
 ycoef=" 0.000292458085248304 0.0132164509415794 0.986712221313614 0 0 0">
<Contour name="d01" hidden="true" closed="true" simplified="true" border="1 0.5 0" fill="1 0.5 0" mode="9"
 points="4.81002 5.26952,
	4.81424 5.25266,
	4.84796 5.22737,
	4.88169 5.22315,
	4.89855 5.22315,
	4.91541 5.23158,
	4.93227 5.24844,
	4.93649 5.26531,
	4.95757 5.29903,
	4.95757 5.33276,
	4.97021 5.36648,
	4.95335 5.37913,
	4.91963 5.38334,
	4.90698 5.36648,
	4.87325 5.34962,
	4.85639 5.3454,
	4.83953 5.35383,
	4.82267 5.34962,
	4.81002 5.28217,
	4.81002 5.27374,
	"/>
</Transform>

<Transform dim="6"
 xcoef=" 0.0378746464318156 1.0081619887597 -0.021891705946757 0 0 0"
 ycoef=" 0.000292458085248304 0.0132164509415794 0.986712221313614 0 0 0">
<Contour name="d01cfa43" hidden="false" closed="false" simplified="false" border="0 1 1" fill="0 1 1" mode="9"
 points="4.90973 5.23609,
	4.9138 5.24219,
	4.93007 5.25846,
	4.94227 5.27879,
	4.9504 5.29709,
	4.95447 5.31742,
	4.95447 5.33572,
	"/>
<Contour name="d01c43" hidden="false" closed="true" simplified="true" border="0 1 0" fill="0 1 0" mode="9"
 points="4.90231 5.23781,
	4.90841 5.23171,
	4.91655 5.23171,
	4.92468 5.23781,
	4.93281 5.25408,
	4.95518 5.28661,
	4.96331 5.30288,
	4.96535 5.31914,
	4.96738 5.32728,
	4.95925 5.34354,
	4.95518 5.34558,
	4.94501 5.32931,
	4.92875 5.31914,
	4.92061 5.31101,
	4.91451 5.27848,
	4.91248 5.26221,
	4.90638 5.25408,
	4.90231 5.23984,
	"/>
</Transform>

<Transform dim="6"
 xcoef=" 0.0378746464318156 1.0081619887597 -0.021891705946757 0 0 0"
 ycoef=" 0.000292458085248304 0.0132164509415794 0.986712221313614 0 0 0">
<Contour name="d06" hidden="true" closed="true" simplified="true" border="0 0 1" fill="0 0 1" mode="11"
 points="3.84591 7.0514,
	3.85272 7.02415,
	3.87657 6.9969,
	3.90382 6.98668,
	3.95832 6.98668,
	3.97195 6.98668,
	3.97876 6.99349,
	4.00602 7.00031,
	4.01964 7.00371,
	4.02645 7.00712,
	4.01964 7.03437,
	4.00261 7.05822,
	3.97876 7.07866,
	3.95151 7.08888,
	3.93789 7.09569,
	3.91063 7.11953,
	3.89701 7.12975,
	3.8902 7.13657,
	3.86294 7.13997,
	3.84591 7.11613,
	3.84591 7.06162,
	3.84591 7.05481,
	"/>
</Transform>

<Transform dim="6"
 xcoef=" 0.0378746464318156 1.0081619887597 -0.021891705946757 0 0 0"
 ycoef=" 0.000292458085248304 0.0132164509415794 0.986712221313614 0 0 0">
<Contour name="d07" hidden="true" closed="true" simplified="true" border="1 0 1" fill="1 0 1" mode="9"
 points="4.95148 7.31386,
	4.96962 7.30026,
	5.04216 7.29572,
	5.07844 7.31386,
	5.11471 7.31839,
	5.12832 7.33653,
	5.13738 7.3456,
	5.17366 7.3592,
	5.1918 7.36374,
	5.2054 7.37734,
	5.2054 7.41361,
	5.20087 7.43175,
	5.1918 7.43175,
	5.17366 7.44535,
	5.15099 7.47709,
	5.13738 7.51337,
	5.12832 7.52244,
	5.11925 7.55871,
	5.08297 7.58138,
	5.0467 7.58592,
	5.02856 7.58138,
	4.99229 7.54511,
	4.98322 7.52697,
	4.98322 7.45442,
	4.98322 7.41815,
	4.95148 7.3456,
	4.95148 7.32746,
	4.95148 7.31839,
	"/>
<Contour name="d07" hidden="true" closed="true" simplified="true" border="1 0 1" fill="1 0 1" mode="9"
 points="4.34841 8.06656,
	4.38015 7.99401,
	4.38922 7.95773,
	4.38922 7.88518,
	4.38922 7.84891,
	4.40736 7.81263,
	4.51618 7.67207,
	4.56153 7.60406,
	4.5978 7.56778,
	4.61594 7.55871,
	4.68849 7.55871,
	4.72476 7.56325,
	4.79731 7.63126,
	4.86986 7.63126,
	4.90613 7.6358,
	4.9152 7.6358,
	4.92427 7.64486,
	4.92881 7.663,
	4.94694 7.6766,
	5.01949 7.6766,
	5.02856 7.68114,
	5.0331 7.75369,
	5.00589 7.82624,
	5.00589 7.97134,
	5.00136 8.00761,
	4.97868 8.03935,
	4.90613 8.09376,
	4.86986 8.12097,
	4.80185 8.19352,
	4.77917 8.21619,
	4.7701 8.21619,
	4.7429 8.25246,
	4.71116 8.27967,
	4.67488 8.29327,
	4.52979 8.29327,
	4.45724 8.29327,
	4.42096 8.27967,
	4.40282 8.2706,
	4.39376 8.2706,
	4.36202 8.23433,
	4.34841 8.19805,
	4.34841 8.1255,
	4.34841 8.08923,
	4.34841 8.07109,
	"/>
</Transform>

<Transform dim="6"
 xcoef=" 0.0378746464318156 1.0081619887597 -0.021891705946757 0 0 0"
 ycoef=" 0.000292458085248304 0.0132164509415794 0.986712221313614 0 0 0">
<Contour name="d07c38" hidden="false" closed="true" simplified="true" border="1 0 0" fill="0 1 0" mode="9"
 points="4.98935 7.27135,
	5.00414 7.26396,
	5.06332 7.26766,
	5.09291 7.26766,
	5.1003 7.26766,
	5.1151 7.28245,
	5.13729 7.30094,
	5.15948 7.36012,
	5.15948 7.36752,
	5.1003 7.37121,
	5.04113 7.32313,
	5.02633 7.31574,
	5.01154 7.31574,
	5.00414 7.31574,
	4.99305 7.30094,
	4.98935 7.27505,
	"/>
<Contour name="d07cfa38" hidden="false" closed="false" simplified="false" border="0 1 1" fill="0 1 1" mode="9"
 points="5.16352 7.36315,
	5.11913 7.32986,
	5.05626 7.29658,
	4.98969 7.29658,
	"/>
</Transform>

<Transform dim="6"
 xcoef=" 0.0378746464318156 1.0081619887597 -0.021891705946757 0 0 0"
 ycoef=" 0.000292458085248304 0.0132164509415794 0.986712221313614 0 0 0">
<Contour name="d07p38" hidden="false" closed="true" simplified="false" border="1 0 0" fill="1 0 0" mode="-13"
 points="4.96334 7.71906,
	4.94845 7.71906,
	4.94845 7.72651,
	4.95589 7.73395,
	4.97823 7.7414,
	4.96334 7.74884,
	4.95589 7.76373,
	4.94101 7.74884,
	4.93356 7.73395,
	4.93356 7.71906,
	4.91867 7.71906,
	4.94101 7.70417,
	"/>
</Transform>

<Transform dim="6"
 xcoef=" -1.55606586641301 1.15700895582105 0.116349883362782 0 0 0"
 ycoef=" -2.35800440794073 0.0983826232120963 1.03414740889564 0 0 0">
<Image mag="0.00217507" contrast="0.9367" brightness="0.075" red="true" green="true" blue="true"
 src="FHLTD.225.jpg" />
<Contour name="domain1" hidden="false" closed="true" simplified="false" border="1 0 1" fill="1 0 1" mode="11"
 points="0 0,
	4096 0,
	4096 4096,
	0 4096,
	"/>
</Transform>

<Transform dim="0"
 xcoef=" 0 1 0 0 0 0"
 ycoef=" 0 0 1 0 0 0">
<Contour name="ax14" comment="LK bouton trace named after cfa" hidden="false" closed="true" simplified="true" border="0 1 1" fill="0.502 1 1" mode="9"
 points="3.40078 2.82343,
	3.40554 2.81253,
	3.41167 2.80164,
	3.41643 2.79619,
	3.42188 2.79279,
	3.43277 2.7887,
	3.44367 2.78598,
	3.45456 2.78462,
	3.46001 2.78394,
	3.46273 2.78394,
	3.47362 2.77985,
	3.47907 2.77781,
	3.48452 2.77441,
	3.49541 2.76487,
	3.50086 2.76079,
	3.51107 2.7499,
	3.51992 2.739,
	3.52673 2.72811,
	3.53082 2.72266,
	3.53626 2.71177,
	3.54579 2.6682,
	3.54716 2.6573,
	3.54647 2.65186,
	3.54716 2.64641,
	3.55124 2.63552,
	3.55396 2.62462,
	3.55464 2.61918,
	3.55873 2.60828,
	3.56077 2.60284,
	3.56486 2.59739,
	3.56622 2.59467,
	3.57711 2.5899,
	3.58801 2.58922,
	3.59345 2.59262,
	3.59618 2.59398,
	3.60707 2.60352,
	3.61796 2.60964,
	3.62341 2.60896,
	3.6452 2.59875,
	3.65609 2.59535,
	3.66698 2.59943,
	3.67243 2.60352,
	3.67447 2.60624,
	3.67583 2.61713,
	3.68264 2.63892,
	3.68809 2.66071,
	3.69149 2.6716,
	3.69353 2.67705,
	3.69694 2.68249,
	3.70239 2.68726,
	3.70783 2.69066,
	3.71873 2.69543,
	3.72417 2.69815,
	3.74596 2.7002,
	3.75685 2.70224,
	3.75821 2.70224,
	3.76775 2.71313,
	3.76979 2.71858,
	3.76911 2.72947,
	3.7657 2.74036,
	3.76366 2.75126,
	3.76298 2.7567,
	3.76502 2.7676,
	3.77115 2.77849,
	3.77932 2.78938,
	3.79021 2.79892,
	3.79566 2.80096,
	3.80111 2.80164,
	3.84468 2.8207,
	3.86647 2.82206,
	3.88825 2.82138,
	3.93183 2.82411,
	3.94272 2.82547,
	3.95361 2.82547,
	3.9754 2.82887,
	3.98629 2.83092,
	4.00808 2.84181,
	4.01353 2.84521,
	4.01829 2.85066,
	4.01897 2.85202,
	4.00808 2.87381,
	4.00468 2.87926,
	3.99515 2.89015,
	3.97336 2.90581,
	3.96791 2.90921,
	3.94749 2.931,
	3.93659 2.93985,
	3.9257 2.94734,
	3.90391 2.95823,
	3.89302 2.96436,
	3.88757 2.96572,
	3.88485 2.9664,
	3.87396 2.96436,
	3.86851 2.96368,
	3.85762 2.95891,
	3.85217 2.95619,
	3.84128 2.95483,
	3.83038 2.95619,
	3.81949 2.95891,
	3.7977 2.96981,
	3.78681 2.97525,
	3.78136 2.97798,
	3.75958 2.98478,
	3.74868 2.98683,
	3.73779 2.98751,
	3.7269 2.98615,
	3.72145 2.98478,
	3.69966 2.97525,
	3.68877 2.97185,
	3.67788 2.97049,
	3.65609 2.97389,
	3.6452 2.97593,
	3.60162 2.99159,
	3.59073 2.995,
	3.56894 2.99704,
	3.54716 2.99636,
	3.53626 2.99364,
	3.53082 2.99091,
	3.52809 2.98955,
	3.50631 2.99023,
	3.49541 2.98955,
	3.48452 2.98615,
	3.47907 2.9841,
	3.47635 2.98274,
	3.46545 2.97321,
	3.46001 2.96913,
	3.44911 2.96368,
	3.44639 2.96232,
	3.43754 2.95142,
	3.43141 2.94053,
	3.42256 2.91874,
	3.42052 2.90785,
	3.41984 2.9024,
	3.41575 2.89151,
	3.41507 2.88606,
	3.41031 2.87517,
	3.4069 2.86972,
	3.4035 2.85883,
	3.40214 2.85338,
	3.40078 2.8316,
	3.40078 2.82615,
	3.40078 2.82411,
	"/>
</Transform>

<Transform dim="0"
 xcoef=" 0 1 0 0 0 0"
 ycoef=" 0 0 1 0 0 0">
<Contour name="d06" hidden="true" closed="true" simplified="true" border="0 0 1" fill="0 0 1" mode="11"
 points="2.87912 7.34571,
	2.88558 7.33182,
	2.89886 7.32129,
	2.92806 7.26565,
	2.9376 7.23791,
	2.9641 7.21339,
	2.97746 7.2063,
	3.00441 7.2025,
	3.02746 7.17456,
	3.04066 7.16058,
	3.0571 7.13964,
	3.07032 7.12565,
	3.08331 7.10132,
	3.08946 7.07362,
	3.11874 7.02144,
	3.13841 6.99356,
	3.15829 6.97603,
	3.20447 6.92363,
	3.23119 6.90945,
	3.2447 6.90927,
	3.27142 6.89511,
	3.28479 6.88802,
	3.31181 6.88766,
	3.36564 6.87658,
	3.41968 6.87586,
	3.47335 6.85788,
	3.58137 6.85299,
	3.63549 6.85571,
	3.66252 6.85534,
	3.76918 6.78832,
	3.81873 6.73587,
	3.83164 6.70808,
	3.88569 6.70736,
	3.89928 6.71063,
	3.90618 6.71744,
	3.90648 6.73124,
	3.91691 6.74491,
	3.92088 6.77248,
	3.92103 6.77939,
	3.88508 6.8351,
	3.87554 6.86285,
	3.83621 6.91861,
	3.80978 6.94659,
	3.76002 6.98868,
	3.7333 7.00285,
	3.72001 7.01338,
	3.71047 7.04113,
	3.70769 7.06878,
	3.70462 7.08264,
	3.66521 7.13495,
	3.64216 7.16288,
	3.62587 7.19072,
	3.60283 7.21864,
	3.59621 7.22563,
	3.59314 7.23949,
	3.57993 7.25348,
	3.56702 7.28127,
	3.56822 7.33648,
	3.55252 7.39194,
	3.54299 7.41968,
	3.5198 7.44071,
	3.50651 7.45124,
	3.47971 7.46195,
	3.45269 7.46231,
	3.42582 7.46958,
	3.20977 7.47938,
	3.15573 7.4801,
	3.10191 7.49118,
	3.04786 7.49191,
	2.99367 7.48573,
	2.96649 7.47918,
	2.9529 7.47592,
	2.92536 7.45212,
	2.91492 7.43845,
	2.89097 7.42496,
	2.88024 7.39749,
	2.87964 7.36988,
	2.87934 7.35607,
	2.87919 7.34917,
	"/>
</Transform>

<Transform dim="0"
 xcoef=" 0 1 0 0 0 0"
 ycoef=" 0 0 1 0 0 0">
<Contour name="ax17" comment="LK bouton trace named after cfa" hidden="false" closed="true" simplified="true" border="0 1 1" fill="0.502 1 1" mode="9"
 points="2.659 7.36214,
	2.67002 7.34141,
	2.67261 7.33623,
	2.68297 7.32716,
	2.70371 7.31225,
	2.72444 7.30189,
	2.74517 7.28504,
	2.7523 7.27468,
	2.76396 7.25394,
	2.77044 7.24358,
	2.78081 7.23645,
	2.79117 7.23191,
	2.81191 7.22803,
	2.83264 7.21766,
	2.84301 7.21183,
	2.84819 7.20794,
	2.85078 7.20665,
	2.87087 7.18591,
	2.88123 7.17684,
	2.88642 7.17295,
	2.90715 7.16583,
	2.91233 7.16388,
	2.91492 7.16324,
	2.92399 7.15287,
	2.92659 7.15157,
	2.92983 7.14639,
	2.93501 7.14121,
	2.9376 7.13862,
	2.94797 7.13278,
	2.98943 7.11529,
	3.01017 7.10557,
	3.02053 7.10104,
	3.04127 7.08938,
	3.05034 7.07901,
	3.05358 7.07383,
	3.05487 7.07123,
	3.06394 7.06152,
	3.07042 7.05115,
	3.08014 7.04078,
	3.09051 7.03366,
	3.0931 7.03301,
	3.09439 7.03171,
	3.09958 7.03042,
	3.10994 7.02588,
	3.11513 7.02329,
	3.12549 7.01487,
	3.12808 7.01227,
	3.13132 7.00191,
	3.13521 6.99672,
	3.14039 6.99219,
	3.14299 6.9896,
	3.15335 6.98765,
	3.15854 6.98765,
	3.16113 6.9883,
	3.16242 6.99349,
	3.16242 6.99867,
	3.16178 7.00126,
	3.16178 7.00256,
	3.15983 7.00515,
	3.15659 7.01551,
	3.15206 7.02588,
	3.15011 7.03106,
	3.14428 7.04143,
	3.14234 7.04402,
	3.14039 7.0492,
	3.13845 7.0518,
	3.13651 7.05698,
	3.13327 7.06216,
	3.12938 7.07253,
	3.12744 7.07771,
	3.11513 7.09845,
	3.10152 7.11918,
	3.09763 7.12436,
	3.08727 7.13343,
	3.0769 7.14056,
	3.06653 7.14898,
	3.0458 7.15935,
	3.03543 7.16777,
	3.01924 7.1885,
	3.00887 7.19563,
	2.9985 7.19887,
	2.97777 7.20276,
	2.97259 7.20341,
	2.96222 7.20794,
	2.95185 7.21507,
	2.94149 7.22349,
	2.93695 7.22867,
	2.93177 7.23904,
	2.92788 7.24941,
	2.92335 7.27014,
	2.92011 7.29087,
	2.91557 7.30124,
	2.90974 7.31161,
	2.90132 7.32197,
	2.89095 7.33234,
	2.88577 7.33752,
	2.8754 7.34271,
	2.86504 7.34918,
	2.85985 7.35242,
	2.85467 7.35696,
	2.84365 7.37769,
	2.83394 7.39843,
	2.82746 7.40879,
	2.82227 7.41268,
	2.81968 7.41527,
	2.79895 7.42564,
	2.78858 7.43082,
	2.76785 7.44443,
	2.76526 7.44572,
	2.74453 7.44637,
	2.73416 7.44443,
	2.72898 7.44443,
	2.71861 7.44054,
	2.67714 7.41657,
	2.66678 7.40944,
	2.66418 7.40685,
	2.66095 7.39648,
	2.65965 7.3913,
	2.659 7.37057,
	2.659 7.36538,
	2.659 7.36279,
	"/>
</Transform>

</Section>