<?xml version="1.0"?>
<!DOCTYPE Section SYSTEM "section.dtd">

<Section index="121" thickness="0.045" alignLocked="true">
<Transform dim="6"
 xcoef=" 1.72608454827879 0.996086308759986 -0.000964851020997429 0 0 0"
 ycoef=" 0.946237389316816 0.0222136107421414 1.00417679313991 0 0 0">
<Contour name="D04" hidden="false" closed="true" simplified="true" border="1 0 0" fill="1 0 0" mode="11"
 points="5.46492 7.32996,
	5.46778 7.29096,
	5.47628 7.25281,
	5.49024 7.21634,
	5.50936 7.18235,
	5.53323 7.15158,
	5.56131 7.1247,
	5.59299 7.1023,
	5.6276 7.08487,
	5.66436 7.07278,
	5.70248 7.0663,
	5.74113 7.06558,
	5.77947 7.07063,
	5.81665 7.08133,
	5.85186 7.09746,
	5.88435 7.11866,
	5.91339 7.14447,
	5.93836 7.17432,
	5.95871 7.20758,
	5.97399 7.2435,
	5.98388 7.28131,
	5.98816 7.32018,
	5.98673 7.35926,
	5.97963 7.39771,
	5.96701 7.43467,
	5.94914 7.46936,
	5.92642 7.501,
	5.89934 7.52891,
	5.86849 7.55248,
	5.83455 7.57119,
	5.79825 7.58464,
	5.76039 7.59254,
	5.72179 7.59471,
	5.6833 7.5911,
	5.64576 7.58179,
	5.60998 7.56699,
	5.57674 7.54702,
	5.54678 7.52231,
	5.52073 7.49341,
	5.49918 7.46094,
	5.48259 7.42562,
	5.47133 7.3882,
	"/>
</Transform>

<Transform dim="6"
 xcoef=" 0.266084548278782 0.996086308759986 -0.000964851020997429 0 0 0"
 ycoef=" -0.403762610683185 0.0222136107421414 1.00417679313991 0 0 0">
<Contour name="D05" hidden="false" closed="true" simplified="true" border="1 1 0" fill="1 1 0" mode="11"
 points="2.69299 3.97404,
	2.70475 3.90163,
	2.73888 3.83632,
	2.79205 3.78448,
	2.85904 3.7512,
	2.93329 3.73974,
	3.00755 3.7512,
	3.07454 3.78448,
	3.12771 3.83632,
	3.16184 3.90163,
	3.1736 3.97404,
	3.16184 4.04644,
	3.12771 4.11175,
	3.07454 4.16359,
	3.00755 4.19687,
	2.93329 4.20833,
	2.85904 4.19687,
	2.79205 4.16359,
	2.73888 4.11175,
	"/>
</Transform>

<Transform dim="6"
 xcoef=" 0.0460845482787822 0.996086308759986 -0.000964851020997429 0 0 0"
 ycoef=" -0.173762610683185 0.0222136107421414 1.00417679313991 0 0 0">
<Contour name="d01p12" hidden="false" closed="true" simplified="true" border="0 1 1" fill="0 1 1" mode="9"
 points="5.6865 3.76444,
	5.68901 3.75276,
	5.69628 3.74221,
	5.7076 3.73384,
	5.72186 3.72847,
	5.73768 3.72662,
	5.75349 3.72847,
	5.76776 3.73384,
	5.77908 3.74221,
	5.78635 3.75276,
	5.78886 3.76444,
	5.78635 3.77613,
	5.77908 3.78668,
	5.76776 3.79505,
	5.75349 3.80042,
	5.73768 3.80227,
	5.72186 3.80042,
	5.7076 3.79505,
	5.69628 3.78668,
	"/>
</Transform>

<Transform dim="6"
 xcoef=" 0.0460845482787822 0.996086308759986 -0.000964851020997429 0 0 0"
 ycoef=" -0.173762610683185 0.0222136107421414 1.00417679313991 0 0 0">
<Contour name="d01" hidden="true" closed="true" simplified="true" border="1 0.5 0" fill="1 0.5 0" mode="9"
 points="5.343 2.72462,
	5.34627 2.71154,
	5.35117 2.71318,
	5.37732 2.69847,
	5.40348 2.67559,
	5.41655 2.66741,
	5.42309 2.65434,
	5.42309 2.65107,
	5.43453 2.63799,
	5.4378 2.63473,
	5.45087 2.62982,
	5.46395 2.62165,
	5.49827 2.56935,
	5.50481 2.55627,
	5.50645 2.5432,
	5.50645 2.53666,
	5.51462 2.51051,
	5.51952 2.49743,
	5.52116 2.47128,
	5.51952 2.44513,
	5.51952 2.43205,
	5.51625 2.42552,
	5.51135 2.39937,
	5.50808 2.39283,
	5.50481 2.36668,
	5.50481 2.3536,
	5.50481 2.34706,
	5.50481 2.34379,
	5.50154 2.34053,
	5.49664 2.32745,
	5.47049 2.31601,
	5.45741 2.31111,
	5.45414 2.31111,
	5.45087 2.30784,
	5.42472 2.29803,
	5.41819 2.29313,
	5.40511 2.28822,
	5.40184 2.28822,
	5.3904 2.27678,
	5.3904 2.27351,
	5.39694 2.27024,
	5.44924 2.26534,
	5.47539 2.26207,
	5.50154 2.26207,
	5.60615 2.28332,
	5.6323 2.28495,
	5.65845 2.29149,
	5.67152 2.29476,
	5.6846 2.3013,
	5.71075 2.32255,
	5.71729 2.32745,
	5.71892 2.32582,
	5.72219 2.32908,
	5.732 2.35524,
	5.73854 2.36831,
	5.74507 2.39446,
	5.75161 2.40754,
	5.75325 2.41408,
	5.76142 2.42388,
	5.76632 2.43042,
	5.76632 2.43369,
	5.78103 2.45821,
	5.7843 2.48436,
	5.78757 2.49743,
	5.78757 2.5007,
	5.79084 2.50397,
	5.79084 2.51051,
	5.79411 2.51705,
	5.79411 2.52358,
	5.79738 2.53012,
	5.79738 2.53666,
	5.80065 2.5432,
	5.80065 2.55627,
	5.80065 2.56281,
	5.79411 2.57589,
	5.76796 2.5906,
	5.75488 2.5955,
	5.74834 2.59713,
	5.72219 2.61675,
	5.70912 2.62819,
	5.6895 2.65434,
	5.67316 2.68049,
	5.66989 2.68703,
	5.64374 2.71154,
	5.63066 2.72462,
	5.62249 2.7377,
	5.61105 2.75077,
	5.58653 2.77038,
	5.56038 2.77856,
	5.54731 2.77856,
	5.52116 2.78673,
	5.495 2.78509,
	5.46885 2.77856,
	5.4427 2.77692,
	5.42963 2.77692,
	5.42309 2.78019,
	5.39694 2.78019,
	5.38386 2.78019,
	5.38059 2.78019,
	5.36752 2.77038,
	5.34627 2.74587,
	5.343 2.73279,
	5.343 2.72625,
	"/>
</Transform>

<Transform dim="6"
 xcoef=" 0.0460845482787822 0.996086308759986 -0.000964851020997429 0 0 0"
 ycoef=" -0.173762610683185 0.0222136107421414 1.00417679313991 0 0 0">
<Contour name="d01c47" hidden="false" closed="true" simplified="true" border="0 1 0" fill="0 1 0" mode="9"
 points="5.34077 2.71288,
	5.34785 2.694,
	5.35257 2.68455,
	5.39035 2.64913,
	5.40688 2.63025,
	5.42105 2.59247,
	5.42341 2.58302,
	5.43049 2.57358,
	5.44702 2.5358,
	5.46354 2.46025,
	5.46827 2.44136,
	5.46827 2.40358,
	5.46118 2.3658,
	5.44702 2.32803,
	5.4423 2.31858,
	5.42341 2.30442,
	5.40452 2.29969,
	5.39507 2.29733,
	5.38799 2.29025,
	5.39271 2.28789,
	5.39743 2.29261,
	5.41632 2.29497,
	5.42577 2.29497,
	5.43049 2.28789,
	5.43993 2.28789,
	5.45646 2.30206,
	5.46591 2.30678,
	5.48243 2.32567,
	5.49424 2.34455,
	5.50841 2.42011,
	5.51785 2.45789,
	5.51785 2.49566,
	5.51785 2.50039,
	5.50604 2.51927,
	5.49424 2.55705,
	5.48479 2.5665,
	5.46827 2.60427,
	5.45646 2.61844,
	5.45174 2.61844,
	5.41868 2.65386,
	5.3998 2.67275,
	5.38563 2.69163,
	5.3691 2.7058,
	5.35966 2.71288,
	5.34313 2.71997,
	5.34077 2.71524,
	"/>
</Transform>

<Transform dim="6"
 xcoef=" 0.0460845482787822 0.996086308759986 -0.000964851020997429 0 0 0"
 ycoef=" -0.173762610683185 0.0222136107421414 1.00417679313991 0 0 0">
<Contour name="d01cfa47" hidden="false" closed="false" simplified="false" border="0 1 1" fill="0 1 1" mode="9"
 points="5.39977 2.2884,
	5.44226 2.30729,
	5.45879 2.3309,
	5.47768 2.36395,
	5.48004 2.42298,
	5.46824 2.47492,
	5.45171 2.52923,
	5.44226 2.56701,
	5.43046 2.61423,
	5.39032 2.65909,
	5.34782 2.70631,
	"/>
</Transform>

<Transform dim="6"
 xcoef=" 0.0460845482787822 0.996086308759986 -0.000964851020997429 0 0 0"
 ycoef=" -0.173762610683185 0.0222136107421414 1.00417679313991 0 0 0">
<Contour name="d03" hidden="false" closed="true" simplified="true" border="0 1 0" fill="0 1 0" mode="9"
 points="2.86989 3.08671,
	2.90143 3.05714,
	2.90734 3.04926,
	2.91917 3.01772,
	2.93494 2.98618,
	2.94479 2.97042,
	3.00787 2.9172,
	3.0394 2.89157,
	3.05517 2.8896,
	3.06306 2.8896,
	3.09065 2.86004,
	3.10248 2.84427,
	3.11036 2.81273,
	3.11233 2.74965,
	3.1143 2.74177,
	3.13402 2.71023,
	3.14387 2.6787,
	3.14781 2.66293,
	3.14781 2.63139,
	3.14781 2.61562,
	3.10642 2.55255,
	3.0808 2.48947,
	3.07291 2.4737,
	3.06897 2.41063,
	3.07094 2.40275,
	3.10248 2.39683,
	3.22863 2.39486,
	3.26016 2.39092,
	3.26805 2.38895,
	3.29959 2.36924,
	3.3055 2.36529,
	3.31141 2.34953,
	3.31338 2.31799,
	3.3193 2.30222,
	3.32127 2.29828,
	3.35281 2.29039,
	3.38434 2.29828,
	3.38828 2.29828,
	3.41391 2.36135,
	3.47698 2.39289,
	3.54006 2.40866,
	3.60313 2.3988,
	3.63467 2.38106,
	3.65044 2.37121,
	3.66621 2.35741,
	3.67409 2.3515,
	3.68395 2.28842,
	3.69577 2.25689,
	3.70169 2.24112,
	3.7076 2.2352,
	3.71548 2.23323,
	3.71943 2.23126,
	3.74505 2.2628,
	3.76279 2.32587,
	3.76476 2.34164,
	3.76279 2.37318,
	3.76082 2.38895,
	3.76082 2.39683,
	3.73519 2.42837,
	3.71943 2.44414,
	3.7076 2.45991,
	3.69774 2.49144,
	3.6938 2.50721,
	3.70366 2.57029,
	3.71351 2.60182,
	3.72928 2.63336,
	3.73914 2.64913,
	3.77067 2.67673,
	3.78644 2.68855,
	3.79433 2.69446,
	3.7963 2.70235,
	3.78644 2.76542,
	3.7825 2.78119,
	3.7825 2.78908,
	3.76673 2.82061,
	3.75885 2.83638,
	3.75688 2.84032,
	3.80221 2.9034,
	3.8574 2.96647,
	3.88303 2.99801,
	3.88894 3.0059,
	3.92048 3.01378,
	3.98355 3.02166,
	3.99932 3.02758,
	4.02889 3.04729,
	4.04268 3.07883,
	4.05057 3.09459,
	4.0821 3.12613,
	4.08802 3.13402,
	4.07225 3.16555,
	4.00917 3.19512,
	3.99341 3.20103,
	3.98552 3.203,
	3.95398 3.19512,
	3.90274 3.13402,
	3.77659 3.07488,
	3.74505 3.06109,
	3.68198 3.07094,
	3.65044 3.07685,
	3.63467 3.07883,
	3.57159 3.11628,
	3.50852 3.15767,
	3.47698 3.18132,
	3.41391 3.23848,
	3.38237 3.26805,
	3.37843 3.27199,
	3.34689 3.26411,
	3.33112 3.25819,
	3.31535 3.2444,
	3.28382 3.22666,
	3.26805 3.21877,
	3.1419 3.20892,
	3.11036 3.20497,
	3.04729 3.16555,
	2.92114 3.12416,
	2.8896 3.1143,
	2.8758 3.10445,
	2.86989 3.08868,
	"/>
</Transform>

<Transform dim="6"
 xcoef=" 0.0460845482787822 0.996086308759986 -0.000964851020997429 0 0 0"
 ycoef=" -0.173762610683185 0.0222136107421414 1.00417679313991 0 0 0">
<Contour name="d03" hidden="false" closed="true" simplified="true" border="0 1 0" fill="0 1 0" mode="9"
 points="4.07378 2.24564,
	4.09909 2.22034,
	4.12439 2.20452,
	4.2256 2.20452,
	4.23825 2.20136,
	4.24458 2.20136,
	4.25723 2.19187,
	4.30784 2.18871,
	4.31416 2.18871,
	4.3363 2.21085,
	4.34579 2.23615,
	4.34579 2.28676,
	4.34579 2.29941,
	4.31416 2.34685,
	4.30784 2.35951,
	4.30784 2.38481,
	4.2857 2.40695,
	4.26039 2.41011,
	4.23509 2.4196,
	4.18765 2.45755,
	4.16234 2.47021,
	4.11174 2.47021,
	4.09909 2.46072,
	4.09276 2.45439,
	4.0896 2.35318,
	4.08644 2.30257,
	4.08011 2.27727,
	4.07378 2.26462,
	4.07378 2.25197,
	4.07378 2.2488,
	"/>
</Transform>

<Transform dim="6"
 xcoef=" 0.0460845482787822 0.996086308759986 -0.000964851020997429 0 0 0"
 ycoef=" -0.173762610683185 0.0222136107421414 1.00417679313991 0 0 0">
<Contour name="d06" hidden="true" closed="true" simplified="true" border="0 0 1" fill="0 0 1" mode="11"
 points="2.39936 6.62402,
	2.41051 6.61566,
	2.4551 6.61009,
	2.47739 6.6296,
	2.48296 6.65189,
	2.49132 6.66025,
	2.53591 6.66582,
	2.62509 6.65746,
	2.71426 6.65468,
	2.80344 6.63517,
	2.84802 6.61845,
	2.87032 6.61009,
	2.95949 6.6073,
	2.98179 6.60173,
	2.979 6.55714,
	2.97064 6.53485,
	2.94834 6.51813,
	2.92605 6.51255,
	2.90376 6.50141,
	2.85917 6.49862,
	2.83688 6.50141,
	2.81458 6.52091,
	2.79229 6.52927,
	2.78114 6.52927,
	2.77557 6.52927,
	2.75606 6.50698,
	2.75049 6.49583,
	2.75049 6.45125,
	2.75885 6.40666,
	2.79786 6.31748,
	2.81737 6.29798,
	2.90654 6.29519,
	2.92884 6.30076,
	2.93998 6.30634,
	2.9567 6.32863,
	2.95949 6.33978,
	2.98179 6.34535,
	3.00408 6.35928,
	3.01523 6.36207,
	3.03473 6.37879,
	3.04588 6.38158,
	3.05145 6.38158,
	3.07375 6.40108,
	3.09604 6.41223,
	3.18522 6.43174,
	3.27439 6.44567,
	3.29668 6.44567,
	3.31898 6.45125,
	3.33012 6.45403,
	3.34963 6.47633,
	3.35242 6.49862,
	3.36914 6.54321,
	3.34684 6.56271,
	3.33848 6.57386,
	3.34406 6.58501,
	3.34684 6.59058,
	3.34127 6.60173,
	3.34127 6.62402,
	3.36078 6.64632,
	3.37471 6.66861,
	3.38307 6.67976,
	3.38586 6.70205,
	3.38586 6.7132,
	3.36914 6.73549,
	3.34684 6.75221,
	3.33848 6.76336,
	3.33291 6.76893,
	3.33012 6.79122,
	3.32455 6.80237,
	3.32455 6.84696,
	3.32455 6.86925,
	3.32176 6.8804,
	3.29947 6.90269,
	3.28832 6.91105,
	3.27718 6.91105,
	3.23259 6.93613,
	3.22144 6.93892,
	3.21587 6.94449,
	3.20472 6.94728,
	3.16014 6.98072,
	3.13784 6.99187,
	3.09325 7.00023,
	3.00408 7.0281,
	2.98179 7.03646,
	2.97064 7.04203,
	2.94834 7.06432,
	2.92605 7.08104,
	2.9149 7.0894,
	2.90376 7.09219,
	2.89261 7.10055,
	2.88704 7.10055,
	2.88146 7.10612,
	2.87032 7.10334,
	2.85081 7.08104,
	2.82852 7.0699,
	2.81737 7.06432,
	2.77278 7.06432,
	2.76163 7.06711,
	2.73934 7.08104,
	2.69475 7.08383,
	2.68361 7.07826,
	2.67246 7.06711,
	2.66967 7.04482,
	2.67246 7.02252,
	2.68082 7.00023,
	2.68082 6.97793,
	2.69197 6.95564,
	2.71147 6.93335,
	2.71426 6.92777,
	2.67246 6.89155,
	2.63066 6.84975,
	2.54148 6.79959,
	2.51919 6.78844,
	2.50804 6.78286,
	2.46346 6.74106,
	2.43838 6.69648,
	2.40494 6.65189,
	2.39936 6.64074,
	2.39936 6.6296,
	2.39936 6.62681,
	"/>
</Transform>

<Transform dim="6"
 xcoef=" 0.0460845482787822 0.996086308759986 -0.000964851020997429 0 0 0"
 ycoef=" -0.173762610683185 0.0222136107421414 1.00417679313991 0 0 0">
<Contour name="d06p16" hidden="false" closed="true" simplified="false" border="0 0 1" fill="0 0 1" mode="9"
 points="2.66938 6.77685,
	2.63863 6.7461,
	2.66938 6.71534,
	2.70014 6.7461,
	"/>
</Transform>

<Transform dim="6"
 xcoef=" 0.0460845482787822 0.996086308759986 -0.000964851020997429 0 0 0"
 ycoef=" -0.173762610683185 0.0222136107421414 1.00417679313991 0 0 0">
<Contour name="d06c14b" hidden="true" closed="true" simplified="true" border="0 1 0" fill="0 1 0" mode="11"
 points="2.72193 6.39012,
	2.75209 6.3298,
	2.77471 6.30341,
	2.78979 6.28833,
	2.80487 6.2921,
	2.81995 6.30341,
	2.82749 6.31095,
	2.81995 6.37127,
	2.81618 6.40143,
	2.80487 6.43159,
	2.79733 6.44667,
	2.76717 6.47306,
	2.75586 6.48814,
	2.74078 6.49191,
	2.73324 6.49191,
	2.72193 6.47683,
	2.72193 6.41651,
	2.72193 6.40143,
	2.72193 6.39389,
	"/>
<Contour name="d06cfa14b" hidden="true" closed="false" simplified="false" border="0 1 1" fill="0 1 1" mode="11"
 points="2.74347 6.49255,
	2.74347 6.45108,
	2.77363 6.37568,
	2.80756 6.28897,
	"/>
</Transform>

<Transform dim="6"
 xcoef=" 0.0460845482787822 0.996086308759986 -0.000964851020997429 0 0 0"
 ycoef=" -0.173762610683185 0.0222136107421414 1.00417679313991 0 0 0">
<Contour name="d07" hidden="true" closed="true" simplified="true" border="1 0 1" fill="1 0 1" mode="9"
 points="2.71606 7.48616,
	2.72059 7.46803,
	2.7614 7.39548,
	2.775 7.37734,
	2.81128 7.37734,
	2.84755 7.39548,
	2.9201 7.40908,
	2.93824 7.42722,
	2.94277 7.49977,
	2.94277 7.5179,
	2.92917 7.55418,
	2.8929 7.58138,
	2.88383 7.59045,
	2.81128 7.59045,
	2.775 7.59045,
	2.73873 7.58138,
	2.72059 7.56325,
	2.71606 7.4907,
	"/>
</Transform>

<Transform dim="6"
 xcoef=" 0.0460845482787822 0.996086308759986 -0.000964851020997429 0 0 0"
 ycoef=" -0.173762610683185 0.0222136107421414 1.00417679313991 0 0 0">
<Contour name="d07" hidden="true" closed="true" simplified="true" border="1 0 1" fill="1 0 1" mode="9"
 points="3.21871 7.3472,
	3.23185 7.32092,
	3.2417 7.30778,
	3.26798 7.29465,
	3.32053 7.29465,
	3.3468 7.29793,
	3.37308 7.29465,
	3.38621 7.29136,
	3.39935 7.29465,
	3.4519 7.33078,
	3.47818 7.34063,
	3.53073 7.33734,
	3.58328 7.32749,
	3.60955 7.32749,
	3.6621 7.31107,
	3.68838 7.28479,
	3.69495 7.25852,
	3.70152 7.24538,
	3.72451 7.21911,
	3.75407 7.16656,
	3.79348 7.11401,
	3.84603 7.07459,
	3.8723 7.06474,
	3.97741 7.05817,
	4.02996 7.05817,
	4.13506 7.04503,
	4.16133 7.04175,
	4.17447 7.04175,
	4.27957 6.9892,
	4.32884 6.96292,
	4.34197 6.97278,
	4.34854 6.97934,
	4.34854 6.98591,
	4.37482 6.99905,
	4.39781 7.02204,
	4.40766 7.04832,
	4.41095 7.06145,
	4.4208 7.07459,
	4.47335 7.08445,
	4.49962 7.08445,
	4.51276 7.08445,
	4.51933 7.08445,
	4.54561 7.10744,
	4.55218 7.11729,
	4.49962 7.15013,
	4.47335 7.15999,
	4.44707 7.16327,
	4.43394 7.16327,
	4.44379 7.26837,
	4.44379 7.37347,
	4.44051 7.38661,
	4.39124 7.43259,
	4.33869 7.472,
	4.32555 7.48186,
	4.32227 7.495,
	4.3157 7.49828,
	4.3157 7.51142,
	4.3157 7.51799,
	4.26315 7.56068,
	4.23687 7.58367,
	4.13177 7.64608,
	4.07922 7.67564,
	4.02667 7.66578,
	4.0004 7.6625,
	3.97412 7.65265,
	3.94785 7.63294,
	3.8953 7.58367,
	3.86902 7.57054,
	3.76392 7.56397,
	3.73764 7.54755,
	3.68838 7.49828,
	3.66539 7.472,
	3.63583 7.41945,
	3.61284 7.39975,
	3.56029 7.37676,
	3.45519 7.40632,
	3.40264 7.42931,
	3.37636 7.42931,
	3.36322 7.42931,
	3.33695 7.44244,
	3.23185 7.42274,
	3.22528 7.41945,
	3.21871 7.39318,
	3.21871 7.3669,
	3.21871 7.35377,
	3.21871 7.35048,
	"/>
<Contour name="d07cfa21" hidden="false" closed="false" simplified="false" border="0 1 1" fill="0 1 1" mode="9"
 points="2.71106 7.4935,
	2.76033 7.39168,
	"/>
</Transform>

<Transform dim="6"
 xcoef=" 0.0460845482787822 0.996086308759986 -0.000964851020997429 0 0 0"
 ycoef=" -0.173762610683185 0.0222136107421414 1.00417679313991 0 0 0">
<Contour name="d08" hidden="false" closed="true" simplified="true" border="1 0 0" fill="1 0 0" mode="9"
 points="3.78905 2.78809,
	3.79715 2.75567,
	3.79715 2.69083,
	3.79715 2.65841,
	3.80931 2.62599,
	3.83768 2.59762,
	3.90251 2.5652,
	3.91872 2.55305,
	3.98356 2.54494,
	4.01598 2.53684,
	4.14566 2.46795,
	4.2105 2.46389,
	4.24292 2.44363,
	4.27534 2.43147,
	4.30371 2.40716,
	4.33613 2.39095,
	4.36855 2.395,
	4.36855 2.45984,
	4.36855 2.47605,
	4.37665 2.48416,
	4.40907 2.48416,
	4.44149 2.47605,
	4.47391 2.47605,
	4.49012 2.47605,
	4.51849 2.50442,
	4.53065 2.53684,
	4.53065 2.56926,
	4.53065 2.58547,
	4.51444 2.60168,
	4.50228 2.6341,
	4.49012 2.65031,
	4.48202 2.68273,
	4.46175 2.71515,
	4.43339 2.74351,
	4.42123 2.77593,
	4.42123 2.78404,
	4.41312 2.79214,
	4.39286 2.85698,
	4.38881 2.87319,
	4.36855 2.90561,
	4.35639 2.92182,
	4.34018 2.92993,
	4.32397 2.94614,
	4.2956 2.96235,
	4.23076 3.01097,
	4.21455 3.01908,
	4.16187 3.07176,
	4.12945 3.08392,
	4.09703 3.08797,
	4.08082 3.08797,
	4.0484 3.07176,
	4.01598 3.04339,
	3.99977 3.02718,
	3.98356 3.01908,
	3.91872 3.01503,
	3.90251 3.01097,
	3.87415 2.98261,
	3.85389 2.95019,
	3.84578 2.93398,
	3.81336 2.90156,
	3.79715 2.88535,
	3.78905 2.86914,
	3.78905 2.8043,
	3.78905 2.79214,
	"/>
</Transform>

<Transform dim="6"
 xcoef=" 0.0460845482787822 0.996086308759986 -0.000964851020997429 0 0 0"
 ycoef=" -0.173762610683185 0.0222136107421414 1.00417679313991 0 0 0">
<Contour name="d08" hidden="false" closed="true" simplified="true" border="1 0 0" fill="1 0 0" mode="9"
 points="4.31253 1.91852,
	4.35801 1.85236,
	4.39109 1.82755,
	4.45725 1.81928,
	4.49032 1.81515,
	4.5234 1.79861,
	4.53994 1.79448,
	4.58129 1.8565,
	4.58542 1.87304,
	4.60196 1.88957,
	4.61023 1.90611,
	4.61023 1.97227,
	4.6061 2.00535,
	4.6061 2.02189,
	4.58542 2.05496,
	4.58129 2.0715,
	4.57302 2.07977,
	4.57302 2.08804,
	4.54821 2.12112,
	4.51513 2.15006,
	4.48205 2.15833,
	4.4159 2.15833,
	4.38282 2.14179,
	4.34974 2.11285,
	4.34561 2.07977,
	4.34147 2.06323,
	4.32493 2.04669,
	4.31667 2.01362,
	4.31253 1.94746,
	4.31253 1.93092,
	4.31253 1.92265,
	"/>
</Transform>

<Transform dim="6"
 xcoef=" 0.0460845482787822 0.996086308759986 -0.000964851020997429 0 0 0"
 ycoef=" -0.173762610683185 0.0222136107421414 1.00417679313991 0 0 0">
<Contour name="d08" hidden="false" closed="true" simplified="true" border="1 0 0" fill="1 0 0" mode="9"
 points="3.61376 2.20381,
	3.63443 2.17074,
	3.66338 2.15006,
	3.69645 2.15006,
	3.70472 2.1542,
	3.70472 2.22035,
	3.70472 2.23689,
	3.70472 2.24516,
	3.68405 2.27824,
	3.67992 2.31132,
	3.66751 2.3444,
	3.65924 2.35267,
	3.62616 2.34853,
	3.61376 2.33199,
	3.61376 2.26584,
	3.61376 2.23276,
	3.61376 2.21622,
	3.61376 2.20795,
	"/>
</Transform>

<Transform dim="6"
 xcoef=" 0.0460845482787822 0.996086308759986 -0.000964851020997429 0 0 0"
 ycoef=" -0.173762610683185 0.0222136107421414 1.00417679313991 0 0 0">
<Contour name="d08c19" hidden="true" closed="true" simplified="true" border="1 0 0" fill="0 1 0" mode="9"
 points="4.34923 1.8136,
	4.40398 1.78281,
	4.43135 1.77254,
	4.4861 1.76912,
	4.49979 1.76912,
	4.50321 1.79649,
	4.50321 1.81018,
	4.49294 1.82387,
	4.46557 1.83756,
	4.45873 1.83756,
	4.43135 1.85467,
	4.40398 1.86151,
	4.3766 1.85809,
	4.34923 1.83756,
	4.34923 1.82387,
	4.34923 1.81702,
	"/>
</Transform>

<Transform dim="6"
 xcoef=" 0.0460845482787822 0.996086308759986 -0.000964851020997429 0 0 0"
 ycoef=" -0.173762610683185 0.0222136107421414 1.00417679313991 0 0 0">
<Contour name="D05" hidden="false" closed="true" simplified="true" border="1 1 0" fill="1 1 0" mode="11"
 points="2.41317 5.04341,
	2.41524 5.03396,
	2.42126 5.02543,
	2.43063 5.01866,
	2.44244 5.01431,
	2.45553 5.01281,
	2.46862 5.01431,
	2.48043 5.01866,
	2.4898 5.02543,
	2.49582 5.03396,
	2.49789 5.04341,
	2.49582 5.05286,
	2.4898 5.06139,
	2.48043 5.06816,
	2.46862 5.07251,
	2.45553 5.07401,
	2.44244 5.07251,
	2.43063 5.06816,
	2.42126 5.06139,
	"/>
<Contour name="D05" hidden="false" closed="true" simplified="true" border="1 1 0" fill="1 1 0" mode="11"
 points="2.38492 4.17731,
	2.38769 4.13737,
	2.39589 4.09884,
	2.40923 4.06306,
	2.42726 4.03128,
	2.44933 4.00463,
	2.47467 3.98404,
	2.50239 3.97022,
	2.53153 3.96366,
	2.56105 3.96461,
	2.58993 3.97301,
	2.61715 3.98857,
	2.64175 4.01076,
	2.66288 4.03879,
	2.67978 4.07167,
	2.69188 4.10827,
	2.69874 4.14728,
	2.70012 4.18735,
	2.69598 4.22706,
	2.68646 4.26503,
	2.6719 4.29992,
	2.6528 4.33051,
	2.62983 4.35573,
	2.60381 4.37469,
	2.57564 4.38673,
	2.54631 4.39142,
	2.51685 4.3886,
	2.48829 4.37837,
	2.46164 4.36109,
	2.43783 4.33736,
	2.4177 4.30802,
	2.40194 4.27409,
	2.39112 4.23677,
	"/>
</Transform>

<Transform dim="6"
 xcoef=" 0.0460845482787822 0.996086308759986 -0.000964851020997429 0 0 0"
 ycoef=" -0.173762610683185 0.0222136107421414 1.00417679313991 0 0 0">
<Contour name="D05" hidden="false" closed="true" simplified="true" border="1 1 0" fill="1 1 0" mode="11"
 points="2.72654 2.85924,
	2.72749 2.84798,
	2.73025 2.83783,
	2.73455 2.82976,
	2.73996 2.82459,
	2.74597 2.8228,
	2.75198 2.82459,
	2.75739 2.82976,
	2.76169 2.83783,
	2.76445 2.84798,
	2.76541 2.85924,
	2.76445 2.87051,
	2.76169 2.88066,
	2.75739 2.88873,
	2.75198 2.8939,
	2.74597 2.89569,
	2.73996 2.8939,
	2.73455 2.88873,
	2.73025 2.88066,
	"/>
</Transform>

<Transform dim="6"
 xcoef=" 0.0460845482787822 0.996086308759986 -0.000964851020997429 0 0 0"
 ycoef=" -0.173762610683185 0.0222136107421414 1.00417679313991 0 0 0">
<Contour name="D05" hidden="false" closed="true" simplified="true" border="1 1 0" fill="1 1 0" mode="11"
 points="1.36608 3.401,
	1.3681 3.39199,
	1.37397 3.38386,
	1.3831 3.37741,
	1.39462 3.37327,
	1.40738 3.37185,
	1.42014 3.37327,
	1.43165 3.37741,
	1.44079 3.38386,
	1.44666 3.39199,
	1.44868 3.401,
	1.44666 3.41001,
	1.44079 3.41813,
	1.43165 3.42458,
	1.42014 3.42872,
	1.40738 3.43015,
	1.39462 3.42872,
	1.3831 3.42458,
	1.37397 3.41813,
	"/>
</Transform>

<Transform dim="6"
 xcoef=" 0.0460845482787822 0.996086308759986 -0.000964851020997429 0 0 0"
 ycoef=" -0.173762610683185 0.0222136107421414 1.00417679313991 0 0 0">
<Contour name="D11" hidden="false" closed="true" simplified="true" border="1 0.5 0" fill="1 0.5 0" mode="11"
 points="4.11614 4.08123,
	4.12221 4.0587,
	4.13981 4.03839,
	4.16722 4.02226,
	4.20176 4.01191,
	4.24004 4.00834,
	4.27833 4.01191,
	4.31287 4.02226,
	4.34028 4.03839,
	4.35788 4.0587,
	4.36394 4.08123,
	4.35788 4.10375,
	4.34028 4.12406,
	4.31287 4.14019,
	4.27833 4.15054,
	4.24004 4.15411,
	4.20176 4.15054,
	4.16722 4.14019,
	4.13981 4.12406,
	"/>
</Transform>

<Transform dim="6"
 xcoef=" 0.0460845482787822 0.996086308759986 -0.000964851020997429 0 0 0"
 ycoef=" -0.173762610683185 0.0222136107421414 1.00417679313991 0 0 0">
<Contour name="D11" hidden="false" closed="true" simplified="true" border="1 0.5 0" fill="1 0.5 0" mode="11"
 points="2.96462 4.70072,
	2.96711 4.68345,
	2.97436 4.66788,
	2.98565 4.65551,
	2.99987 4.64758,
	3.01563 4.64484,
	3.0314 4.64758,
	3.04562 4.65551,
	3.05691 4.66788,
	3.06415 4.68345,
	3.06665 4.70072,
	3.06415 4.71799,
	3.05691 4.73356,
	3.04562 4.74592,
	3.0314 4.75386,
	3.01563 4.7566,
	2.99987 4.75386,
	2.98565 4.74592,
	2.97436 4.73356,
	"/>
</Transform>

<Transform dim="6"
 xcoef=" 0.0460845482787822 0.996086308759986 -0.000964851020997429 0 0 0"
 ycoef=" -0.173762610683185 0.0222136107421414 1.00417679313991 0 0 0">
<Contour name="D10" hidden="false" closed="true" simplified="true" border="0 1 1" fill="0 1 1" mode="11"
 points="4.88869 2.57987,
	4.89035 2.56485,
	4.89518 2.55131,
	4.90271 2.54056,
	4.91219 2.53366,
	4.9227 2.53128,
	4.93321 2.53366,
	4.94269 2.54056,
	4.95022 2.55131,
	4.95505 2.56485,
	4.95671 2.57987,
	4.95505 2.59488,
	4.95022 2.60842,
	4.94269 2.61917,
	4.93321 2.62607,
	4.9227 2.62845,
	4.91219 2.62607,
	4.90271 2.61917,
	4.89518 2.60842,
	"/>
<Contour name="D10" hidden="false" closed="true" simplified="true" border="0 1 1" fill="0 1 1" mode="11"
 points="4.93242 1.92393,
	4.93824 1.90141,
	4.95515 1.88109,
	4.98149 1.86497,
	5.01467 1.85462,
	5.05146 1.85105,
	5.08824 1.85462,
	5.12143 1.86497,
	5.14776 1.88109,
	5.16467 1.90141,
	5.1705 1.92393,
	5.16467 1.94645,
	5.14776 1.96677,
	5.12143 1.98289,
	5.08824 1.99325,
	5.05146 1.99681,
	5.01467 1.99325,
	4.98149 1.98289,
	4.95515 1.96677,
	"/>
</Transform>

<Transform dim="6"
 xcoef=" 0.0460845482787822 0.996086308759986 -0.000964851020997429 0 0 0"
 ycoef=" -0.173762610683185 0.0222136107421414 1.00417679313991 0 0 0">
<Contour name="D14" hidden="false" closed="true" simplified="true" border="1 0 0" fill="1 0 0" mode="11"
 points="5.18993 5.26677,
	5.19148 5.25926,
	5.19596 5.25249,
	5.20295 5.24711,
	5.21176 5.24366,
	5.22152 5.24247,
	5.23127 5.24366,
	5.24008 5.24711,
	5.24707 5.25249,
	5.25155 5.25926,
	5.2531 5.26677,
	5.25155 5.27427,
	5.24707 5.28105,
	5.24008 5.28642,
	5.23127 5.28987,
	5.22152 5.29106,
	5.21176 5.28987,
	5.20295 5.28642,
	5.19596 5.28105,
	"/>
<Contour name="D14" hidden="false" closed="true" simplified="true" border="1 0 0" fill="1 0 0" mode="11"
 points="5.22394 4.72015,
	5.22751 4.69989,
	5.23786 4.6816,
	5.25399 4.66709,
	5.2743 4.65777,
	5.29683 4.65456,
	5.31935 4.65777,
	5.33966 4.66709,
	5.35579 4.6816,
	5.36614 4.69989,
	5.36971 4.72015,
	5.36614 4.74042,
	5.35579 4.75871,
	5.33966 4.77322,
	5.31935 4.78254,
	5.29683 4.78575,
	5.2743 4.78254,
	5.25399 4.77322,
	5.23786 4.75871,
	"/>
</Transform>

<Transform dim="6"
 xcoef=" 0.0460845482787822 0.996086308759986 -0.000964851020997429 0 0 0"
 ycoef=" -0.173762610683185 0.0222136107421414 1.00417679313991 0 0 0">
<Contour name="D15" hidden="false" closed="true" simplified="true" border="1 1 0" fill="1 1 0" mode="11"
 points="6.04994 5.56315,
	6.05267 5.53018,
	6.06078 5.49828,
	6.07401 5.46845,
	6.09193 5.44167,
	6.11396 5.4188,
	6.13941 5.40056,
	6.16744 5.38755,
	6.19717 5.38019,
	6.22762 5.3787,
	6.25783 5.38315,
	6.28683 5.39338,
	6.31368 5.40906,
	6.33751 5.4297,
	6.35757 5.45463,
	6.37321 5.48304,
	6.38392 5.51403,
	6.38937 5.5466,
	6.38937 5.5797,
	6.38392 5.61227,
	6.37321 5.64326,
	6.35757 5.67168,
	6.33751 5.6966,
	6.31368 5.71724,
	6.28683 5.73293,
	6.25783 5.74316,
	6.22762 5.7476,
	6.19717 5.74611,
	6.16744 5.73875,
	6.13941 5.72574,
	6.11396 5.7075,
	6.09193 5.68463,
	6.07401 5.65785,
	6.06078 5.62803,
	"/>
</Transform>

<Transform dim="6"
 xcoef=" 0.0460845482787822 0.996086308759986 -0.000964851020997429 0 0 0"
 ycoef=" -0.173762610683185 0.0222136107421414 1.00417679313991 0 0 0">
<Contour name="D16" hidden="false" closed="true" simplified="true" border="0 0 1" fill="0 0 1" mode="11"
 points="2.86355 3.40921,
	2.86561 3.39682,
	2.87159 3.38564,
	2.88091 3.37677,
	2.89264 3.37108,
	2.90565 3.36912,
	2.91866 3.37108,
	2.9304 3.37677,
	2.93971 3.38564,
	2.94569 3.39682,
	2.94775 3.40921,
	2.94569 3.4216,
	2.93971 3.43278,
	2.9304 3.44165,
	2.91866 3.44735,
	2.90565 3.44931,
	2.89264 3.44735,
	2.88091 3.44165,
	2.87159 3.43278,
	"/>
</Transform>

<Transform dim="6"
 xcoef=" 0.0460845482787822 0.996086308759986 -0.000964851020997429 0 0 0"
 ycoef=" -0.173762610683185 0.0222136107421414 1.00417679313991 0 0 0">
<Contour name="D16" hidden="false" closed="true" simplified="true" border="0 0 1" fill="0 0 1" mode="11"
 points="3.12017 2.20232,
	3.12272 2.18993,
	3.13012 2.17875,
	3.14165 2.16988,
	3.15619 2.16418,
	3.17229 2.16222,
	3.1884 2.16418,
	3.20293 2.16988,
	3.21446 2.17875,
	3.22187 2.18993,
	3.22442 2.20232,
	3.22187 2.21471,
	3.21446 2.22589,
	3.20293 2.23476,
	3.1884 2.24045,
	3.17229 2.24241,
	3.15619 2.24045,
	3.14165 2.23476,
	3.13012 2.22589,
	"/>
</Transform>

<Transform dim="6"
 xcoef=" 0.0460845482787822 0.996086308759986 -0.000964851020997429 0 0 0"
 ycoef=" -0.173762610683185 0.0222136107421414 1.00417679313991 0 0 0">
<Contour name="D14" hidden="false" closed="true" simplified="true" border="1 0 0" fill="1 0 0" mode="11"
 points="3.78175 3.43127,
	3.78303 3.42445,
	3.78673 3.4183,
	3.7925 3.41342,
	3.79976 3.41029,
	3.80782 3.40921,
	3.81587 3.41029,
	3.82314 3.41342,
	3.8289 3.4183,
	3.8326 3.42445,
	3.83388 3.43127,
	3.8326 3.43808,
	3.8289 3.44423,
	3.82314 3.44911,
	3.81587 3.45224,
	3.80782 3.45332,
	3.79976 3.45224,
	3.7925 3.44911,
	3.78673 3.44423,
	"/>
</Transform>

<Transform dim="6"
 xcoef=" 0.0460845482787822 0.996086308759986 -0.000964851020997429 0 0 0"
 ycoef=" -0.173762610683185 0.0222136107421414 1.00417679313991 0 0 0">
<Contour name="D14" hidden="false" closed="true" simplified="true" border="1 0 0" fill="1 0 0" mode="11"
 points="3.86195 3.45332,
	3.86303 3.44217,
	3.86616 3.43211,
	3.87104 3.42412,
	3.87719 3.419,
	3.884 3.41723,
	3.89081 3.419,
	3.89696 3.42412,
	3.90184 3.43211,
	3.90497 3.44217,
	3.90605 3.45332,
	3.90497 3.46447,
	3.90184 3.47453,
	3.89696 3.48251,
	3.89081 3.48764,
	3.884 3.48941,
	3.87719 3.48764,
	3.87104 3.48251,
	3.86616 3.47453,
	"/>
</Transform>

<Transform dim="6"
 xcoef=" 0.0460845482787822 0.996086308759986 -0.000964851020997429 0 0 0"
 ycoef=" -0.173762610683185 0.0222136107421414 1.00417679313991 0 0 0">
<Contour name="D14" hidden="false" closed="true" simplified="true" border="1 0 0" fill="1 0 0" mode="11"
 points="4.84431 5.16944,
	4.84568 5.15829,
	4.84967 5.14823,
	4.85588 5.14024,
	4.8637 5.13512,
	4.87237 5.13335,
	4.88105 5.13512,
	4.88887 5.14024,
	4.89508 5.14823,
	4.89907 5.15829,
	4.90044 5.16944,
	4.89907 5.18059,
	4.89508 5.19065,
	4.88887 5.19863,
	4.88105 5.20376,
	4.87237 5.20552,
	4.8637 5.20376,
	4.85588 5.19863,
	4.84967 5.19065,
	"/>
</Transform>

<Transform dim="6"
 xcoef=" 0.0460845482787822 0.996086308759986 -0.000964851020997429 0 0 0"
 ycoef=" -0.173762610683185 0.0222136107421414 1.00417679313991 0 0 0">
<Contour name="D14" hidden="false" closed="true" simplified="true" border="1 0 0" fill="1 0 0" mode="11"
 points="4.97662 4.14097,
	4.97947 4.1292,
	4.98773 4.11858,
	5.00059 4.11015,
	5.0168 4.10474,
	5.03476 4.10288,
	5.05273 4.10474,
	5.06894 4.11015,
	5.0818 4.11858,
	5.09006 4.1292,
	5.0929 4.14097,
	5.09006 4.15274,
	5.0818 4.16336,
	5.06894 4.17179,
	5.05273 4.1772,
	5.03476 4.17906,
	5.0168 4.1772,
	5.00059 4.17179,
	4.98773 4.16336,
	"/>
</Transform>

<Transform dim="6"
 xcoef=" 0.0460845482787822 0.996086308759986 -0.000964851020997429 0 0 0"
 ycoef=" -0.173762610683185 0.0222136107421414 1.00417679313991 0 0 0">
<Contour name="d01p11" hidden="false" closed="true" simplified="false" border="1 0.5 0" fill="1 0.5 0" mode="-13"
 points="5.54573 3.0835,
	5.54573 3.07697,
	5.55226 3.07045,
	5.55879 3.07045,
	5.56532 3.07697,
	5.56532 3.0835,
	5.55879 3.09003,
	5.55226 3.09003,
	"/>
</Transform>

<Transform dim="6"
 xcoef=" 0.0460845482787822 0.996086308759986 -0.000964851020997429 0 0 0"
 ycoef=" -0.173762610683185 0.0222136107421414 1.00417679313991 0 0 0">
<Contour name="d03p13" hidden="false" closed="true" simplified="false" border="1 0 0.5" fill="1 0 0.5" mode="-13"
 points="2.96424 3.04827,
	2.9995 3.04827,
	2.98187 3.08059,
	"/>
</Transform>

<Transform dim="6"
 xcoef=" 0.0460845482787822 0.996086308759986 -0.000964851020997429 0 0 0"
 ycoef=" -0.173762610683185 0.0222136107421414 1.00417679313991 0 0 0">
<Contour name="d03p14a" hidden="false" closed="true" simplified="false" border="1 0 0" fill="1 0 0" mode="-13"
 points="3.61369 2.46935,
	3.62838 2.44877,
	3.61369 2.4282,
	3.6225 2.4282,
	3.63426 2.44584,
	3.64601 2.4282,
	3.65483 2.4282,
	3.64013 2.44877,
	3.65483 2.46935,
	3.64601 2.46935,
	3.63426 2.45171,
	3.6225 2.46935,
	"/>
<Contour name="d03p14b" hidden="false" closed="true" simplified="false" border="1 0 0" fill="1 0 0" mode="-13"
 points="3.61369 2.46935,
	3.62838 2.44877,
	3.61369 2.4282,
	3.6225 2.4282,
	3.63426 2.44584,
	3.64601 2.4282,
	3.65483 2.4282,
	3.64013 2.44877,
	3.65483 2.46935,
	3.64601 2.46935,
	3.63426 2.45171,
	3.6225 2.46935,
	"/>
</Transform>

<Transform dim="6"
 xcoef=" 0.0460845482787822 0.996086308759986 -0.000964851020997429 0 0 0"
 ycoef=" -0.173762610683185 0.0222136107421414 1.00417679313991 0 0 0">
<Contour name="d03p15" hidden="false" closed="true" simplified="false" border="1 1 0" fill="1 1 0" mode="-13"
 points="3.69891 2.96304,
	3.69891 2.91602,
	3.65189 2.91602,
	3.65189 2.95717,
	3.64601 2.96304,
	3.64601 2.91015,
	3.70479 2.91015,
	3.70479 2.96892,
	3.64601 2.96892,
	3.65189 2.96304,
	"/>
</Transform>

<Transform dim="6"
 xcoef=" 0.0460845482787822 0.996086308759986 -0.000964851020997429 0 0 0"
 ycoef=" -0.173762610683185 0.0222136107421414 1.00417679313991 0 0 0">
<Contour name="d06p15" hidden="false" closed="true" simplified="false" border="1 1 0" fill="1 1 0" mode="-13"
 points="2.90865 7.03168,
	2.90865 6.99198,
	2.86895 6.99198,
	2.86895 7.02672,
	2.86398 7.03168,
	2.86398 6.98702,
	2.91361 6.98702,
	2.91361 7.03665,
	2.86398 7.03665,
	2.86895 7.03168,
	"/>
</Transform>

<Transform dim="6"
 xcoef=" 0.0460845482787822 0.996086308759986 -0.000964851020997429 0 0 0"
 ycoef=" -0.173762610683185 0.0222136107421414 1.00417679313991 0 0 0">
<Contour name="d06p14" hidden="false" closed="true" simplified="false" border="1 0 0" fill="1 0 0" mode="-13"
 points="3.1295 6.63464,
	3.14191 6.61727,
	3.1295 6.5999,
	3.13695 6.5999,
	3.14687 6.61479,
	3.1568 6.5999,
	3.16424 6.5999,
	3.15184 6.61727,
	3.16424 6.63464,
	3.1568 6.63464,
	3.14687 6.61975,
	3.13695 6.63464,
	"/>
</Transform>

<Transform dim="6"
 xcoef=" 0.0460845482787822 0.996086308759986 -0.000964851020997429 0 0 0"
 ycoef=" -0.173762610683185 0.0222136107421414 1.00417679313991 0 0 0">
<Contour name="d07p21" hidden="false" closed="true" simplified="false" border="1 0 0" fill="1 0 0" mode="-9"
 points="3.65807 7.36421,
	3.65807 7.35924,
	3.66303 7.35428,
	3.66799 7.35428,
	3.67295 7.35924,
	3.67295 7.36421,
	3.66799 7.36917,
	3.66303 7.36917,
	"/>
</Transform>

<Transform dim="0"
 xcoef=" 0 1 0 0 0 0"
 ycoef=" 0 0 1 0 0 0">
<Contour name="d01" hidden="true" closed="true" simplified="true" border="1 0.5 0" fill="1 0.5 0" mode="9"
 points="4.89897 3.36991,
	4.92032 3.327,
	4.92559 3.242,
	4.96835 3.20921,
	4.98437 3.18764,
	4.97366 3.16665,
	4.95753 3.08212,
	4.94681 3.06114,
	4.94677 3.0187,
	4.94676 3.00809,
	5.03225 2.92661,
	5.05364 2.92084,
	5.06434 2.92061,
	5.09646 2.95703,
	5.11787 2.97247,
	5.16066 2.97152,
	5.18205 2.97105,
	5.22486 2.99133,
	5.26765 2.99569,
	5.28905 2.99521,
	5.37465 3.02515,
	5.38535 3.02491,
	5.40676 3.04036,
	5.42815 3.03989,
	5.44954 3.0288,
	5.48694 2.99084,
	5.51364 2.9478,
	5.52964 2.90501,
	5.53497 2.88367,
	5.54566 2.87812,
	5.56707 2.89887,
	5.58855 2.98328,
	5.62072 3.06745,
	5.64751 3.1093,
	5.72781 3.18711,
	5.76528 3.22872,
	5.78135 3.24959,
	5.79748 3.33412,
	5.80818 3.34449,
	5.80819 3.35511,
	5.82961 3.37586,
	5.82962 3.38646,
	5.85103 3.40721,
	5.85642 3.44953,
	5.84573 3.46038,
	5.80296 3.47194,
	5.81374 3.55658,
	5.79778 3.64182,
	5.79786 3.72671,
	5.81934 3.81112,
	5.83005 3.8321,
	5.87286 3.85768,
	5.89428 3.87843,
	5.89967 3.92075,
	5.87829 3.93714,
	5.83552 3.95401,
	5.81412 3.94918,
	5.7285 3.89801,
	5.64288 3.85746,
	5.55731 3.85935,
	5.47173 3.85064,
	5.42893 3.84628,
	5.34333 3.81634,
	5.25771 3.77049,
	5.21489 3.7396,
	5.12928 3.70436,
	5.1079 3.71014,
	5.0651 3.70047,
	5.02228 3.66428,
	5.0062 3.64342,
	5.00084 3.62232,
	5.00614 3.57976,
	4.97937 3.54321,
	4.94184 3.45916,
	4.94183 3.44854,
	4.90436 3.41224,
	4.89898 3.37522,
	"/>
</Transform>

<Transform dim="0"
 xcoef=" 0 1 0 0 0 0"
 ycoef=" 0 0 1 0 0 0">
<Contour name="ax08" comment="LK bouton trace named after cfa" hidden="false" closed="true" simplified="true" border="0 1 1" fill="0.502 1 1" mode="9"
 points="4.72243 3.03041,
	4.72492 3.02473,
	4.72812 3.01904,
	4.73203 3.01335,
	4.73381 3.01051,
	4.73949 3.00588,
	4.75087 3.0002,
	4.77362 2.99273,
	4.785 2.99202,
	4.79637 2.99202,
	4.80206 2.99202,
	4.80775 2.99273,
	4.81912 2.99593,
	4.82445 2.99771,
	4.8273 2.99949,
	4.82943 3.00197,
	4.83227 3.00375,
	4.83796 3.00553,
	4.84934 3.00731,
	4.86071 3.00731,
	4.8664 3.00624,
	4.86925 3.00553,
	4.87067 3.00517,
	4.87387 3.00446,
	4.87529 3.00446,
	4.89804 3.01228,
	4.90941 3.01477,
	4.9151 3.01655,
	4.91795 3.01762,
	4.92363 3.01833,
	4.92648 3.01868,
	4.9279 3.01904,
	4.93074 3.02082,
	4.93608 3.02615,
	4.9375 3.02899,
	4.93892 3.03041,
	4.94212 3.04179,
	4.94425 3.05316,
	4.94532 3.05885,
	4.94603 3.06027,
	4.95634 3.07165,
	4.95989 3.07734,
	4.96274 3.08302,
	4.96594 3.0944,
	4.96807 3.10009,
	4.96914 3.12284,
	4.96949 3.13421,
	4.9702 3.1399,
	4.97518 3.16265,
	4.97696 3.17403,
	4.97731 3.17972,
	4.97696 3.1854,
	4.97482 3.19678,
	4.97234 3.20247,
	4.96843 3.20816,
	4.96594 3.211,
	4.96416 3.21384,
	4.95385 3.22522,
	4.94247 3.23411,
	4.9311 3.24086,
	4.92541 3.24264,
	4.92257 3.24406,
	4.91688 3.24513,
	4.91546 3.24584,
	4.90408 3.2469,
	4.89839 3.24761,
	4.88702 3.24726,
	4.87564 3.24548,
	4.86996 3.2437,
	4.84721 3.23375,
	4.82445 3.22451,
	4.82161 3.22309,
	4.81592 3.22166,
	4.81308 3.21989,
	4.81023 3.21918,
	4.80952 3.21918,
	4.8081 3.21811,
	4.80526 3.2174,
	4.79388 3.21135,
	4.78819 3.20709,
	4.78535 3.2046,
	4.77682 3.19322,
	4.77291 3.18185,
	4.76971 3.17616,
	4.76864 3.17332,
	4.76296 3.16763,
	4.76011 3.16479,
	4.75869 3.16372,
	4.7562 3.15803,
	4.75478 3.14666,
	4.753 3.14097,
	4.74767 3.12959,
	4.74163 3.11822,
	4.73985 3.11537,
	4.73807 3.10969,
	4.73665 3.10684,
	4.73381 3.09547,
	4.73309 3.09404,
	4.73238 3.08836,
	4.73167 3.08551,
	4.73167 3.08267,
	4.73096 3.07983,
	4.72847 3.07414,
	4.72492 3.06276,
	4.72314 3.05139,
	4.72243 3.04854,
	4.72243 3.03717,
	4.72243 3.03148,
	4.72243 3.03077,
	"/>
</Transform>

<Transform dim="0"
 xcoef=" 0 1 0 0 0 0"
 ycoef=" 0 0 1 0 0 0">
<Contour name="d03" hidden="false" closed="true" simplified="true" border="0 1 0" fill="0 1 0" mode="9"
 points="3.68348 2.00344,
	3.70566 1.95255,
	3.72468 1.92694,
	3.75004 1.87598,
	3.76272 1.8505,
	3.77541 1.84077,
	3.77536 1.79037,
	3.77533 1.76518,
	3.79118 1.74278,
	3.81658 1.72962,
	3.86738 1.72849,
	3.88008 1.72821,
	3.88643 1.72807,
	3.88965 1.77839,
	3.93733 1.82143,
	3.96275 1.84292,
	3.98503 1.89282,
	3.98825 1.94315,
	3.97556 1.95603,
	3.87397 1.97402,
	3.82318 1.9909,
	3.79779 2.00091,
	3.74698 2.00518,
	3.72478 2.02772,
	3.71209 2.0406,
	3.6867 2.04431,
	3.6835 2.01919,
	3.68349 2.00659,
	"/>
<Contour name="d03" hidden="false" closed="true" simplified="true" border="0 1 0" fill="0 1 0" mode="9"
 points="3.3597 2.10824,
	3.36604 2.0955,
	3.41681 2.06288,
	3.46761 2.05861,
	3.48031 2.05833,
	3.5311 2.03515,
	3.55649 2.02514,
	3.56919 2.02486,
	3.58509 2.04656,
	3.59145 2.05901,
	3.59155 2.15981,
	3.58839 2.17248,
	3.58839 2.17877,
	3.54716 2.22694,
	3.54082 2.23337,
	3.51541 2.23393,
	3.49002 2.2408,
	3.43921 2.23877,
	3.41696 2.22351,
	3.39471 2.19881,
	3.37244 2.1489,
	3.36609 2.14275,
	3.35971 2.11769,
	3.3597 2.11139,
	"/>
<Contour name="d03c14b" hidden="false" closed="true" simplified="true" border="1 0 0" fill="1 0 0" mode="9"
 points="3.84835 1.7985,
	3.86796 1.7669,
	3.89938 1.76231,
	3.90724 1.76603,
	3.90725 1.77382,
	3.93868 1.78482,
	3.95441 1.80005,
	3.98586 1.81885,
	3.99765 1.83417,
	4.00162 1.86525,
	4.00162 1.87305,
	3.9702 1.88543,
	3.95449 1.88578,
	3.92305 1.86699,
	3.90734 1.86734,
	3.8759 1.84855,
	3.84837 1.81799,
	3.84836 1.8024,
	"/>
<Contour name="d03cfa14b" hidden="false" closed="false" simplified="false" border="0 1 1" fill="0 1 1" mode="9"
 points="3.98501 1.87773,
	3.98107 1.85833,
	3.94569 1.83963,
	3.8946 1.81738,
	3.87886 1.78266,
	3.87884 1.76318,
	"/>
<Contour name="d03cfa37ax15" hidden="false" closed="false" simplified="false" border="0 1 1" fill="0 1 1" mode="9"
 points="3.36085 2.09268,
	3.43817 2.0971,
	3.48147 2.07774,
	3.54021 2.05189,
	3.57422 2.03579,
	"/>
</Transform>

<Transform dim="0"
 xcoef=" 0 1 0 0 0 0"
 ycoef=" 0 0 1 0 0 0">
<Contour name="ax15" comment="LK bouton trace named after cfa" hidden="false" closed="true" simplified="true" border="0 1 1" fill="0.502 1 1" mode="9"
 points="2.92598 1.77918,
	2.93182 1.76049,
	2.94 1.74181,
	2.94934 1.72312,
	2.95459 1.71378,
	2.9581 1.70911,
	2.96277 1.69977,
	2.97678 1.68108,
	2.99547 1.66882,
	3.00481 1.66473,
	3.00948 1.66298,
	3.01882 1.65656,
	3.027 1.64722,
	3.03342 1.63787,
	3.04393 1.61919,
	3.05795 1.6005,
	3.06554 1.59116,
	3.06904 1.58707,
	3.07838 1.58007,
	3.08773 1.57423,
	3.09006 1.57364,
	3.10875 1.56313,
	3.11809 1.55963,
	3.13677 1.54737,
	3.14612 1.54094,
	3.1648 1.52576,
	3.17414 1.51817,
	3.17882 1.51467,
	3.18816 1.51,
	3.19049 1.50883,
	3.20918 1.50941,
	3.22786 1.51233,
	3.23721 1.51525,
	3.25589 1.5281,
	3.26056 1.53102,
	3.26524 1.5316,
	3.27458 1.52868,
	3.28334 1.51992,
	3.28801 1.51584,
	3.29443 1.50649,
	3.2991 1.50182,
	3.30844 1.49657,
	3.31779 1.49365,
	3.33647 1.49189,
	3.34581 1.49189,
	3.35516 1.49365,
	3.37384 1.49365,
	3.39253 1.49773,
	3.41121 1.50299,
	3.4299 1.51058,
	3.44858 1.51934,
	3.45793 1.52401,
	3.46727 1.52635,
	3.47194 1.52693,
	3.48128 1.52518,
	3.48595 1.52343,
	3.49063 1.52459,
	3.4953 1.52401,
	3.50464 1.52576,
	3.51398 1.53043,
	3.51865 1.53335,
	3.528 1.54211,
	3.53559 1.55145,
	3.54551 1.57014,
	3.54843 1.57481,
	3.55777 1.58415,
	3.56712 1.58999,
	3.56945 1.59116,
	3.5788 1.59291,
	3.58113 1.59408,
	3.59047 1.59525,
	3.59515 1.59525,
	3.59982 1.59642,
	3.60916 1.60109,
	3.61383 1.60342,
	3.61733 1.60751,
	3.61967 1.60984,
	3.62668 1.62853,
	3.63193 1.64722,
	3.63368 1.65656,
	3.63427 1.66123,
	3.63252 1.67991,
	3.63193 1.6986,
	3.63368 1.71728,
	3.63427 1.72196,
	3.63835 1.7313,
	3.64186 1.74998,
	3.64186 1.76867,
	3.64127 1.77801,
	3.63135 1.81538,
	3.63018 1.82005,
	3.62901 1.82239,
	3.62843 1.82706,
	3.6296 1.8364,
	3.63719 1.85509,
	3.63894 1.86443,
	3.63952 1.87377,
	3.63777 1.89246,
	3.63602 1.9018,
	3.63135 1.91114,
	3.61617 1.92983,
	3.61091 1.93917,
	3.60916 1.94851,
	3.60858 1.95319,
	3.59047 1.99056,
	3.58172 2.00924,
	3.58055 2.01158,
	3.57237 2.02092,
	3.5677 2.02501,
	3.54902 2.03493,
	3.54434 2.03727,
	3.52566 2.03902,
	3.51632 2.03902,
	3.49763 2.04311,
	3.47895 2.05187,
	3.47428 2.0542,
	3.43691 2.06646,
	3.41822 2.07289,
	3.41355 2.07522,
	3.40888 2.07581,
	3.39953 2.07989,
	3.39019 2.08165,
	3.37151 2.08165,
	3.36684 2.08165,
	3.35749 2.07931,
	3.35282 2.07756,
	3.33414 2.07814,
	3.32947 2.07873,
	3.32479 2.08106,
	3.32246 2.08223,
	3.31779 2.08281,
	3.31545 2.0834,
	3.30611 2.08165,
	3.30144 2.07873,
	3.29677 2.07464,
	3.2956 2.07347,
	3.28626 2.07055,
	3.28158 2.0688,
	3.27925 2.06705,
	3.26056 2.06179,
	3.24188 2.05887,
	3.22319 2.05362,
	3.21385 2.05011,
	3.20918 2.04895,
	3.20684 2.04836,
	3.20568 2.04836,
	3.20451 2.04719,
	3.20217 2.04719,
	3.19283 2.04252,
	3.18816 2.0396,
	3.16947 2.03201,
	3.16013 2.02909,
	3.15079 2.02734,
	3.14845 2.02559,
	3.13911 2.02209,
	3.13444 2.01975,
	3.13327 2.01858,
	3.1286 2.01742,
	3.12626 2.01625,
	3.12393 2.01625,
	3.11926 2.01333,
	3.11692 2.01274,
	3.10758 2.00632,
	3.09824 2.00107,
	3.08889 1.99348,
	3.08656 1.99114,
	3.08189 1.9888,
	3.07722 1.98822,
	3.06787 1.98413,
	3.04919 1.96837,
	3.04101 1.95902,
	3.03167 1.95143,
	3.01299 1.93275,
	2.99605 1.91465,
	2.99138 1.91173,
	2.98904 1.91056,
	2.98671 1.90822,
	2.98437 1.90706,
	2.97561 1.89771,
	2.97036 1.88837,
	2.96802 1.8837,
	2.9651 1.87436,
	2.95576 1.86618,
	2.95109 1.86151,
	2.94759 1.85684,
	2.9289 1.81947,
	2.92715 1.81013,
	2.92598 1.79144,
	2.92598 1.7821,
	2.92598 1.77976,
	"/>
</Transform>

<Transform dim="0"
 xcoef=" 0 1 0 0 0 0"
 ycoef=" 0 0 1 0 0 0">
<Contour name="ax18" comment="LK bouton trace named after cfa" hidden="false" closed="true" simplified="true" border="0 1 1" fill="0.502 1 1" mode="9"
 points="4.66113 6.14902,
	4.66204 6.14538,
	4.66386 6.14356,
	4.66659 6.13628,
	4.67569 6.12354,
	4.68206 6.11626,
	4.68388 6.11262,
	4.69025 6.10716,
	4.69298 6.10352,
	4.69662 6.1017,
	4.70936 6.08987,
	4.72028 6.07622,
	4.73939 6.0471,
	4.74121 6.04346,
	4.74303 6.04164,
	4.74394 6.038,
	4.75577 6.02526,
	4.76305 6.02071,
	4.77033 6.01797,
	4.77398 6.02071,
	4.77853 6.03527,
	4.78126 6.04255,
	4.78217 6.07167,
	4.78399 6.07531,
	4.79218 6.0835,
	4.79946 6.08987,
	4.8031 6.09715,
	4.80492 6.10079,
	4.80492 6.10443,
	4.80492 6.10625,
	4.8031 6.10807,
	4.80128 6.11535,
	4.79946 6.11899,
	4.79673 6.14811,
	4.79673 6.17723,
	4.79673 6.19179,
	4.79491 6.20635,
	4.78672 6.23547,
	4.78217 6.25003,
	4.77944 6.25367,
	4.77853 6.25731,
	4.77398 6.26459,
	4.76669 6.27005,
	4.76487 6.27005,
	4.76123 6.27278,
	4.75395 6.27187,
	4.75031 6.27187,
	4.73666 6.26368,
	4.72938 6.25822,
	4.72392 6.25185,
	4.72028 6.24457,
	4.71755 6.24184,
	4.71664 6.2382,
	4.71391 6.23547,
	4.713 6.23183,
	4.68479 6.20544,
	4.67842 6.19998,
	4.66659 6.18542,
	4.66568 6.18178,
	4.66295 6.17814,
	4.66113 6.17086,
	4.66113 6.1563,
	4.66113 6.14993,
	"/>
</Transform>

<Transform dim="0"
 xcoef=" 0 1 0 0 0 0"
 ycoef=" 0 0 1 0 0 0">
<Contour name="ax19" comment="LK bouton trace named after cfa" hidden="false" closed="true" simplified="true" border="0 1 1" fill="0.502 1 1" mode="-9"
 points="3.29216 7.24076,
	3.2965 7.23085,
	3.29836 7.22589,
	3.2996 7.21597,
	3.30146 7.21101,
	3.30146 7.20977,
	3.30951 7.19985,
	3.31137 7.19799,
	3.31261 7.19799,
	3.31385 7.19675,
	3.31509 7.19675,
	3.31633 7.19551,
	3.32625 7.19241,
	3.33617 7.19055,
	3.34113 7.18993,
	3.34609 7.18808,
	3.35601 7.18746,
	3.36096 7.18746,
	3.37026 7.19489,
	3.3746 7.20481,
	3.37584 7.20977,
	3.37584 7.21969,
	3.37398 7.23952,
	3.37584 7.24944,
	3.37398 7.26928,
	3.3715 7.2792,
	3.37026 7.28416,
	3.37026 7.28911,
	3.3715 7.29035,
	3.3715 7.29159,
	3.37584 7.29531,
	3.37894 7.30027,
	3.37832 7.31019,
	3.37646 7.31515,
	3.37522 7.31639,
	3.3746 7.31887,
	3.3684 7.32879,
	3.36468 7.33313,
	3.35477 7.33994,
	3.34981 7.3418,
	3.34857 7.34304,
	3.34361 7.34428,
	3.33369 7.34428,
	3.32377 7.34304,
	3.31385 7.33932,
	3.31137 7.33685,
	3.31013 7.33437,
	3.30518 7.33003,
	3.29774 7.32073,
	3.29464 7.31577,
	3.2934 7.31081,
	3.2934 7.30089,
	3.29402 7.29841,
	3.29526 7.29717,
	3.29712 7.29221,
	3.30022 7.28726,
	3.30146 7.2823,
	3.3027 7.27982,
	3.3027 7.2699,
	3.30146 7.26742,
	3.30146 7.26618,
	3.29464 7.25688,
	3.29278 7.24696,
	3.29216 7.242,
	3.29216 7.24138,
	"/>
</Transform>

<Transform dim="0"
 xcoef=" 0 1 0 0 0 0"
 ycoef=" 0 0 1 0 0 0">
<Contour name="D16" hidden="false" closed="true" simplified="true" border="0 0 1" fill="0 0 1" mode="11"
 points="2.03767 2.19335,
	2.04089 2.16489,
	2.05029 2.13908,
	2.06497 2.11844,
	2.08347 2.10499,
	2.104 2.10004,
	2.12452 2.10408,
	2.14304 2.11672,
	2.15776 2.13671,
	2.16722 2.1621,
	2.1705 2.19041,
	2.16728 2.21886,
	2.15787 2.24467,
	2.14319 2.26531,
	2.12469 2.27877,
	2.10417 2.28371,
	2.08364 2.27968,
	2.06512 2.26704,
	2.0504 2.24705,
	"/>
</Transform>

<Transform dim="0"
 xcoef=" 0 1 0 0 0 0"
 ycoef=" 0 0 1 0 0 0">
<Contour name="ax29" comment="LK bouton trace named after cfa" hidden="false" closed="true" simplified="true" border="0 1 1" fill="0.502 1 1" mode="9"
 points="0.515764 2.74052,
	0.529704 2.71822,
	0.529704 2.70706,
	0.538067 2.68476,
	0.552007 2.66246,
	0.557583 2.65131,
	0.579886 2.629,
	0.602189 2.62064,
	0.613341 2.61506,
	0.657948 2.61227,
	0.702554 2.59834,
	0.791767 2.55652,
	0.836374 2.54536,
	0.925587 2.537,
	0.970194 2.53421,
	1.0148 2.537,
	1.05941 2.53143,
	1.14862 2.50633,
	1.19323 2.50912,
	1.23783 2.50633,
	1.32705 2.5147,
	1.37165 2.52306,
	1.41626 2.537,
	1.42741 2.537,
	1.4302 2.53979,
	1.4525 2.52585,
	1.49711 2.51191,
	1.51941 2.50912,
	1.56402 2.5147,
	1.58632 2.50912,
	1.63093 2.51749,
	1.65323 2.52027,
	1.69784 2.537,
	1.72014 2.54258,
	1.73129 2.55094,
	1.7759 2.53979,
	1.7982 2.53143,
	1.84281 2.52306,
	1.88742 2.50633,
	1.90972 2.49518,
	1.92087 2.49239,
	1.9376 2.47009,
	1.9599 2.44779,
	2.00451 2.41991,
	2.02681 2.40597,
	2.03796 2.39761,
	2.08257 2.38367,
	2.10487 2.38367,
	2.11603 2.38367,
	2.13833 2.37251,
	2.16063 2.36694,
	2.20524 2.37251,
	2.24985 2.36694,
	2.27215 2.36973,
	2.29445 2.353,
	2.31676 2.34185,
	2.32791 2.33906,
	2.35021 2.34742,
	2.353 2.353,
	2.33348 2.39761,
	2.32512 2.44221,
	2.30839 2.48682,
	2.30003 2.50912,
	2.29724 2.52027,
	2.261 2.56209,
	2.21639 2.58718,
	2.19409 2.59276,
	2.18294 2.59276,
	2.16063 2.60391,
	2.14948 2.61506,
	2.12718 2.629,
	2.10487 2.63737,
	2.08257 2.64015,
	2.06027 2.63737,
	2.01566 2.65131,
	1.92645 2.65409,
	1.88184 2.65688,
	1.85954 2.66246,
	1.84839 2.66246,
	1.80378 2.68476,
	1.78705 2.70706,
	1.7759 2.72937,
	1.73966 2.77397,
	1.69784 2.81858,
	1.67554 2.83531,
	1.65323 2.85761,
	1.63093 2.86876,
	1.60863 2.87434,
	1.59747 2.87434,
	1.58632 2.87991,
	1.57517 2.89107,
	1.55287 2.89943,
	1.53056 2.89943,
	1.50826 2.90501,
	1.41905 2.90779,
	1.37444 2.91337,
	1.32983 2.91337,
	1.31868 2.91616,
	1.22947 2.87991,
	1.20717 2.87713,
	1.11795 2.89107,
	1.02874 2.88828,
	0.984133 2.8827,
	0.939527 2.86597,
	0.850314 2.86319,
	0.82801 2.86319,
	0.783404 2.85204,
	0.7611 2.84088,
	0.738797 2.81858,
	0.727645 2.80743,
	0.705342 2.79907,
	0.616129 2.79628,
	0.571522 2.7907,
	0.526916 2.77676,
	0.515764 2.75446,
	0.515764 2.74331,
	"/>
</Transform>

<Transform dim="0"
 xcoef=" 0 1 0 0 0 0"
 ycoef=" 0 0 1 0 0 0">
<Contour name="ax29" comment="LK bouton trace named after cfa" hidden="false" closed="true" simplified="true" border="0 1 1" fill="0.502 1 1" mode="9"
 points="2.56117 2.23826,
	2.56318 2.23021,
	2.56419 2.22619,
	2.56721 2.22216,
	2.56821 2.21814,
	2.57928 2.20506,
	2.58129 2.20305,
	2.58934 2.20003,
	2.60443 2.18796,
	2.61147 2.18293,
	2.61449 2.18092,
	2.61549 2.17689,
	2.63058 2.16583,
	2.66277 2.14672,
	2.67887 2.13967,
	2.69496 2.13867,
	2.70301 2.13867,
	2.71911 2.13565,
	2.72715 2.13464,
	2.73118 2.13364,
	2.73319 2.13163,
	2.74928 2.13062,
	2.75331 2.12961,
	2.75532 2.12961,
	2.75733 2.1276,
	2.77343 2.12559,
	2.80562 2.12559,
	2.82171 2.1276,
	2.82272 2.12861,
	2.82674 2.1276,
	2.84284 2.13163,
	2.84686 2.13364,
	2.85089 2.13364,
	2.85893 2.13867,
	2.86296 2.14068,
	2.86899 2.14873,
	2.87302 2.15678,
	2.87402 2.1608,
	2.87604 2.16281,
	2.87905 2.16985,
	2.88207 2.17287,
	2.88408 2.18092,
	2.89615 2.195,
	2.89917 2.19802,
	2.89917 2.21411,
	2.90018 2.21613,
	2.89615 2.22417,
	2.88408 2.23826,
	2.87704 2.2453,
	2.86899 2.24832,
	2.8368 2.25033,
	2.80461 2.24932,
	2.80059 2.24731,
	2.7684 2.24429,
	2.7523 2.24128,
	2.74828 2.23926,
	2.6839 2.24027,
	2.67987 2.23926,
	2.67183 2.24228,
	2.6678 2.2453,
	2.66378 2.2453,
	2.65573 2.24932,
	2.65171 2.25134,
	2.64366 2.25134,
	2.63964 2.25335,
	2.63762 2.25536,
	2.62153 2.25737,
	2.62052 2.25938,
	2.58833 2.26039,
	2.58431 2.25737,
	2.56821 2.25134,
	2.56218 2.24429,
	2.56117 2.24027,
	2.56117 2.23926,
	"/>
</Transform>

<Transform dim="0"
 xcoef=" 0 1 0 0 0 0"
 ycoef=" 0 0 1 0 0 0">
<Contour name="d03c37ax15" hidden="false" closed="true" simplified="true" border="0 1 0" fill="0 1 0" mode="9"
 points="3.34191 2.03757,
	3.35481 2.03354,
	3.56131 1.98514,
	3.56776 1.98353,
	3.56938 1.98272,
	3.57099 1.98353,
	3.5718 2.03515,
	3.5726 2.06096,
	3.5726 2.07387,
	3.5726 2.08032,
	3.5726 2.08355,
	3.57018 2.08597,
	3.46693 2.11904,
	3.41531 2.13517,
	3.3895 2.14405,
	3.38627 2.14485,
	3.38466 2.14566,
	3.38224 2.14324,
	3.34271 2.03999,
	3.34191 2.03838,
	"/>
</Transform>

<Transform dim="0"
 xcoef=" 0 1 0 0 0 0"
 ycoef=" 0 0 1 0 0 0">
<Contour name="ddh_d06ax11" comment="traced by ddh" hidden="false" closed="true" simplified="true" border="0 0 1" fill="0 0 1" mode="11"
 points="2.43425 6.72189,
	2.43616 6.71424,
	2.43711 6.71329,
	2.43759 6.71138,
	2.44189 6.70373,
	2.4438 6.69991,
	2.44523 6.698,
	2.44523 6.69705,
	2.44667 6.69514,
	2.44762 6.69418,
	2.44762 6.69322,
	2.4524 6.68606,
	2.45383 6.68224,
	2.45527 6.68033,
	2.45574 6.67842,
	2.45718 6.67698,
	2.45813 6.67316,
	2.45861 6.67125,
	2.45956 6.6703,
	2.45956 6.66839,
	2.46243 6.66074,
	2.46339 6.65883,
	2.46339 6.65788,
	2.46816 6.65071,
	2.46864 6.6488,
	2.47103 6.64498,
	2.47437 6.64164,
	2.48201 6.63829,
	2.48297 6.63734,
	2.48679 6.63638,
	2.4887 6.63543,
	2.49635 6.63399,
	2.50399 6.63351,
	2.50781 6.63304,
	2.51545 6.62874,
	2.51927 6.62635,
	2.52023 6.62539,
	2.52118 6.62539,
	2.52835 6.61966,
	2.53456 6.61441,
	2.54172 6.61011,
	2.54555 6.60868,
	2.5465 6.60772,
	2.57707 6.60103,
	2.58472 6.60008,
	2.6 6.60055,
	2.60764 6.60247,
	2.61147 6.6039,
	2.61338 6.60485,
	2.61433 6.60485,
	2.61529 6.60581,
	2.6172 6.60629,
	2.62484 6.61106,
	2.62675 6.61297,
	2.62771 6.61297,
	2.63344 6.62014,
	2.63822 6.62778,
	2.64108 6.63543,
	2.64299 6.64307,
	2.64347 6.65071,
	2.64299 6.65835,
	2.64251 6.66218,
	2.64156 6.66409,
	2.64108 6.66791,
	2.64013 6.66886,
	2.63917 6.67268,
	2.63917 6.67364,
	2.63822 6.67459,
	2.63774 6.67651,
	2.63678 6.67746,
	2.6363 6.67937,
	2.63153 6.68701,
	2.62962 6.69084,
	2.61911 6.70612,
	2.61768 6.70803,
	2.61768 6.70899,
	2.61529 6.71281,
	2.6129 6.71568,
	2.60764 6.72284,
	2.60478 6.72618,
	2.59714 6.73287,
	2.59331 6.7343,
	2.5914 6.73526,
	2.59045 6.73526,
	2.58663 6.73765,
	2.58472 6.7386,
	2.58376 6.73956,
	2.56847 6.74529,
	2.56656 6.74529,
	2.56561 6.74625,
	2.55032 6.74959,
	2.53504 6.75055,
	2.52739 6.75055,
	2.51211 6.75198,
	2.50829 6.75198,
	2.50064 6.75389,
	2.493 6.75676,
	2.48536 6.75867,
	2.4844 6.75962,
	2.47676 6.76201,
	2.46147 6.76249,
	2.45383 6.76105,
	2.45049 6.7601,
	2.44667 6.75771,
	2.44571 6.75771,
	2.44189 6.75437,
	2.43902 6.75055,
	2.43664 6.7429,
	2.4352 6.73908,
	2.43425 6.73144,
	2.43425 6.7238,
	2.43425 6.72236,
	"/>
</Transform>

<Transform dim="0"
 xcoef=" 0 1 0 0 0 0"
 ycoef=" 0 0 1 0 0 0">
<Contour name="ddh_d06ax14a" comment="traced by ddh" hidden="false" closed="true" simplified="true" border="0 1 0" fill="0 1 0" mode="11"
 points="3.80053 5.64557,
	3.80322 5.6348,
	3.80793 5.62403,
	3.8113 5.61864,
	3.81669 5.61325,
	3.81938 5.61056,
	3.82477 5.60787,
	3.84632 5.6045,
	3.85709 5.60383,
	3.86248 5.60181,
	3.87325 5.59979,
	3.88403 5.59507,
	3.88941 5.59305,
	3.8948 5.58968,
	3.9049 5.57891,
	3.91029 5.57487,
	3.91298 5.57218,
	3.91567 5.57083,
	3.92645 5.57083,
	3.93722 5.57285,
	3.948 5.57622,
	3.95338 5.57689,
	3.97493 5.58564,
	3.98032 5.58834,
	3.98301 5.58968,
	3.99379 5.59911,
	3.99917 5.6045,
	4.00523 5.61527,
	4.00927 5.62066,
	4.02005 5.62941,
	4.02543 5.63413,
	4.0288 5.63951,
	4.03015 5.65029,
	4.02948 5.65568,
	4.02611 5.66106,
	4.02139 5.66578,
	4.0187 5.66712,
	3.99715 5.66847,
	3.98638 5.66712,
	3.98099 5.66645,
	3.97561 5.66443,
	3.95406 5.65972,
	3.94328 5.6577,
	3.93251 5.65433,
	3.92174 5.65366,
	3.91096 5.65433,
	3.90019 5.65635,
	3.88941 5.66174,
	3.87864 5.67049,
	3.87325 5.6752,
	3.85507 5.69608,
	3.84968 5.70012,
	3.84699 5.70146,
	3.83622 5.70146,
	3.83083 5.70012,
	3.82544 5.69675,
	3.81534 5.68665,
	3.8113 5.68126,
	3.80524 5.67049,
	3.80053 5.65972,
	3.80053 5.64894,
	3.80053 5.64625,
	"/>
</Transform>

<Transform dim="0"
 xcoef=" 0 1 0 0 0 0"
 ycoef=" 0 0 1 0 0 0">
<Contour name="ddh_d06ax14b" comment="traced by ddh" hidden="false" closed="true" simplified="true" border="0 1 1" fill="0 1 1" mode="11"
 points="1.14915 7.10081,
	1.15296 7.09064,
	1.15868 7.08047,
	1.16567 7.0703,
	1.17584 7.06141,
	1.18093 7.05759,
	1.18347 7.05505,
	1.18792 7.05251,
	1.193 7.04869,
	1.20317 7.04361,
	1.20826 7.04234,
	1.2108 7.04234,
	1.21588 7.04043,
	1.22097 7.0398,
	1.22605 7.03789,
	1.22732 7.03789,
	1.23749 7.02963,
	1.25593 7.00929,
	1.26546 6.99975,
	1.27881 6.98005,
	1.28389 6.97624,
	1.29406 6.97115,
	1.29915 6.96861,
	1.30932 6.96607,
	1.3144 6.96543,
	1.31948 6.96289,
	1.32457 6.96289,
	1.32965 6.96162,
	1.3322 6.96035,
	1.37287 6.9578,
	1.39321 6.9559,
	1.40338 6.9559,
	1.42372 6.95399,
	1.43389 6.95335,
	1.44406 6.95145,
	1.44915 6.95018,
	1.46948 6.9381,
	1.47965 6.93111,
	1.48982 6.92285,
	1.49491 6.91903,
	1.53559 6.88026,
	1.55592 6.8631,
	1.56609 6.85675,
	1.57118 6.85293,
	1.58135 6.84785,
	1.58643 6.8453,
	1.58898 6.84403,
	1.59025 6.84276,
	1.60042 6.84086,
	1.61059 6.83704,
	1.61567 6.83641,
	1.61821 6.83641,
	1.62075 6.83514,
	1.63092 6.8345,
	1.63601 6.83386,
	1.63855 6.83386,
	1.65889 6.8256,
	1.66397 6.82306,
	1.68431 6.81734,
	1.70465 6.81289,
	1.72499 6.8148,
	1.73516 6.81734,
	1.7377 6.81734,
	1.74279 6.81988,
	1.76313 6.81925,
	1.7733 6.81925,
	1.78347 6.81734,
	1.78855 6.81543,
	1.79872 6.81353,
	1.79999 6.81353,
	1.80508 6.81035,
	1.81525 6.80844,
	1.82033 6.8059,
	1.8305 6.79891,
	1.83876 6.78937,
	1.84321 6.78429,
	1.85147 6.76395,
	1.85529 6.75378,
	1.86037 6.73344,
	1.86228 6.72327,
	1.86355 6.71819,
	1.86927 6.70802,
	1.8788 6.70103,
	1.88897 6.69594,
	1.89406 6.6934,
	1.89851 6.68895,
	1.90105 6.68386,
	1.90232 6.67878,
	1.90232 6.6737,
	1.90296 6.67115,
	1.89851 6.66098,
	1.89152 6.65081,
	1.88834 6.64573,
	1.88643 6.64064,
	1.88834 6.63048,
	1.88834 6.62793,
	1.89469 6.60759,
	1.89787 6.59742,
	1.89978 6.59234,
	1.9055 6.55166,
	1.90677 6.54658,
	1.90804 6.52624,
	1.90931 6.51607,
	1.91249 6.5059,
	1.91694 6.49573,
	1.91948 6.49065,
	1.93982 6.47857,
	1.9805 6.44933,
	1.99067 6.43916,
	1.99575 6.43408,
	2.00147 6.42391,
	2.00846 6.41374,
	2.01228 6.40865,
	2.01736 6.40484,
	2.02753 6.40039,
	2.03262 6.39785,
	2.05296 6.39467,
	2.06313 6.39276,
	2.06821 6.39213,
	2.08855 6.38514,
	2.09363 6.38323,
	2.09618 6.38196,
	2.10507 6.37179,
	2.1127 6.36162,
	2.11842 6.35145,
	2.12541 6.34128,
	2.1305 6.33747,
	2.15084 6.32539,
	2.16101 6.3184,
	2.18134 6.30188,
	2.20105 6.28217,
	2.2055 6.27709,
	2.2163 6.25675,
	2.22457 6.23641,
	2.22647 6.23132,
	2.22711 6.22624,
	2.23664 6.2059,
	2.24872 6.18556,
	2.25062 6.18302,
	2.25126 6.18175,
	2.25062 6.18048,
	2.25762 6.17031,
	2.26143 6.16522,
	2.26651 6.16077,
	2.27668 6.15442,
	2.28685 6.14997,
	2.29194 6.14806,
	2.29448 6.14679,
	2.31482 6.14488,
	2.33516 6.14425,
	2.34533 6.14425,
	2.386 6.14044,
	2.39617 6.13853,
	2.41651 6.12899,
	2.4216 6.12582,
	2.42923 6.11565,
	2.43558 6.10548,
	2.43812 6.10039,
	2.44766 6.09149,
	2.45274 6.08705,
	2.46291 6.08069,
	2.47308 6.07561,
	2.49342 6.06988,
	2.51376 6.06289,
	2.5341 6.04955,
	2.53918 6.047,
	2.54427 6.04573,
	2.54681 6.04446,
	2.55698 6.04319,
	2.56715 6.04383,
	2.57732 6.047,
	2.59766 6.0559,
	2.60783 6.06035,
	2.61291 6.06162,
	2.61545 6.06289,
	2.62562 6.06353,
	2.63579 6.06798,
	2.64596 6.0737,
	2.6485 6.07497,
	2.65677 6.08514,
	2.65931 6.08768,
	2.66249 6.09277,
	2.66376 6.10294,
	2.66312 6.1131,
	2.65867 6.12327,
	2.63833 6.14171,
	2.62816 6.14997,
	2.61355 6.17031,
	2.60274 6.19065,
	2.60083 6.20082,
	2.6002 6.20336,
	2.60401 6.21353,
	2.60592 6.21861,
	2.61736 6.23895,
	2.61927 6.24404,
	2.6199 6.25421,
	2.62181 6.26438,
	2.62244 6.26946,
	2.62753 6.27963,
	2.63261 6.28471,
	2.65295 6.29488,
	2.65804 6.29743,
	2.66821 6.3006,
	2.67329 6.30188,
	2.67838 6.30505,
	2.68855 6.31332,
	2.69872 6.31776,
	2.70888 6.32031,
	2.72922 6.33048,
	2.73431 6.33302,
	2.74448 6.34001,
	2.74956 6.34382,
	2.7591 6.36416,
	2.76037 6.36925,
	2.76037 6.37433,
	2.75147 6.39467,
	2.74638 6.40484,
	2.74066 6.42518,
	2.73749 6.43535,
	2.73558 6.44043,
	2.73431 6.4506,
	2.7324 6.45569,
	2.73113 6.45823,
	2.72986 6.4684,
	2.72922 6.47348,
	2.72541 6.48365,
	2.72223 6.50399,
	2.72033 6.51416,
	2.71905 6.51925,
	2.71461 6.52942,
	2.71016 6.54976,
	2.70888 6.55992,
	2.69872 6.58026,
	2.69681 6.58535,
	2.69554 6.58789,
	2.68537 6.59806,
	2.68028 6.60187,
	2.67774 6.60378,
	2.66757 6.60442,
	2.64723 6.60314,
	2.64215 6.60251,
	2.63198 6.59742,
	2.62689 6.59615,
	2.60655 6.59425,
	2.60147 6.59298,
	2.59893 6.59234,
	2.57859 6.59615,
	2.53791 6.59997,
	2.53283 6.6006,
	2.52266 6.60505,
	2.51249 6.61077,
	2.50232 6.61776,
	2.49215 6.62348,
	2.48706 6.62666,
	2.46672 6.63238,
	2.45656 6.63747,
	2.44639 6.64382,
	2.42732 6.66416,
	2.41715 6.67306,
	2.41206 6.67751,
	2.39173 6.69149,
	2.38156 6.69848,
	2.37139 6.7042,
	2.33071 6.71692,
	2.31037 6.72327,
	2.3002 6.72581,
	2.29512 6.72772,
	2.25444 6.75251,
	2.23728 6.77221,
	2.19723 6.80971,
	2.19215 6.81416,
	2.17181 6.82624,
	2.16164 6.83386,
	2.15656 6.83895,
	2.14702 6.85929,
	2.14575 6.86946,
	2.14321 6.87963,
	2.13368 6.89997,
	2.12351 6.90505,
	2.11842 6.90823,
	2.10825 6.91141,
	2.09808 6.91586,
	2.08791 6.91713,
	2.07774 6.92094,
	2.06757 6.92666,
	2.06249 6.92857,
	2.05995 6.93047,
	2.03961 6.93619,
	2.02944 6.9381,
	2.01927 6.93874,
	1.99893 6.93747,
	1.97859 6.93365,
	1.97351 6.93302,
	1.96842 6.93111,
	1.94808 6.93937,
	1.93791 6.94128,
	1.89724 6.95526,
	1.88707 6.95908,
	1.84639 6.96543,
	1.83622 6.96734,
	1.82605 6.97179,
	1.81588 6.97751,
	1.80571 6.9845,
	1.79554 6.98958,
	1.793 6.99149,
	1.77266 6.9953,
	1.76758 6.99594,
	1.74724 6.99276,
	1.73707 6.99149,
	1.73198 6.99022,
	1.71164 6.99467,
	1.70147 6.99721,
	1.69131 7.00102,
	1.68114 7.00357,
	1.67859 7.0042,
	1.67351 7.00738,
	1.66334 7.01119,
	1.65317 7.01628,
	1.64808 7.01819,
	1.63792 7.02772,
	1.63537 7.03026,
	1.62457 7.0506,
	1.61503 7.07094,
	1.60931 7.08111,
	1.60232 7.09128,
	1.59215 7.09954,
	1.58198 7.1059,
	1.5769 7.10971,
	1.56673 7.11416,
	1.52605 7.12369,
	1.50571 7.13005,
	1.49554 7.13196,
	1.4752 7.13768,
	1.46504 7.14022,
	1.45995 7.14149,
	1.43961 7.14276,
	1.41927 7.14085,
	1.41419 7.14022,
	1.41165 7.14022,
	1.37097 7.12242,
	1.35063 7.11543,
	1.33029 7.11098,
	1.32012 7.10844,
	1.29978 7.10907,
	1.27944 7.11225,
	1.2591 7.12179,
	1.24893 7.13005,
	1.23876 7.13704,
	1.23368 7.14085,
	1.22987 7.14594,
	1.22415 7.15611,
	1.21588 7.17645,
	1.21016 7.18662,
	1.20571 7.1917,
	1.20317 7.19297,
	1.193 7.19234,
	1.18792 7.1917,
	1.18283 7.18852,
	1.18029 7.18662,
	1.16949 7.16628,
	1.16122 7.14594,
	1.15169 7.1256,
	1.14978 7.12052,
	1.14915 7.11035,
	1.14915 7.10526,
	1.14915 7.10272,
	1.14915 7.10145,
	"/>
</Transform>

<Transform dim="0"
 xcoef=" 0 1 0 0 0 0"
 ycoef=" 0 0 1 0 0 0">
<Contour name="ddh_d06ax15" comment="traced by ddh" hidden="false" closed="true" simplified="true" border="1 0.5 0" fill="1 0.5 0" mode="11"
 points="1.66301 8.5826,
	1.666 8.57577,
	1.67069 8.56894,
	1.67283 8.56552,
	1.67837 8.55869,
	1.68478 8.55186,
	1.69203 8.5382,
	1.69289 8.53138,
	1.69246 8.52455,
	1.69246 8.52113,
	1.69203 8.51942,
	1.69075 8.51772,
	1.68819 8.51089,
	1.68392 8.50406,
	1.68136 8.50064,
	1.68051 8.49979,
	1.68008 8.49808,
	1.67752 8.49467,
	1.67453 8.48784,
	1.67368 8.48613,
	1.67368 8.4793,
	1.67496 8.47247,
	1.67837 8.46564,
	1.68051 8.46223,
	1.68392 8.45924,
	1.69075 8.45582,
	1.70441 8.45326,
	1.71807 8.45411,
	1.7249 8.4554,
	1.75222 8.45454,
	1.76588 8.45369,
	1.76929 8.45369,
	1.77612 8.45155,
	1.77954 8.45113,
	1.7932 8.44472,
	1.79661 8.44344,
	1.79832 8.44216,
	1.80003 8.44174,
	1.80045 8.44088,
	1.80387 8.4396,
	1.80728 8.43704,
	1.80814 8.43704,
	1.81155 8.43448,
	1.81838 8.43192,
	1.8218 8.43106,
	1.8235 8.42978,
	1.83716 8.42594,
	1.85082 8.42466,
	1.85765 8.42509,
	1.86448 8.42637,
	1.87814 8.43106,
	1.88156 8.43363,
	1.88326 8.43448,
	1.88668 8.43747,
	1.88839 8.43875,
	1.88924 8.44046,
	1.89223 8.44387,
	1.8965 8.4507,
	1.89863 8.45411,
	1.89906 8.45582,
	1.90034 8.45753,
	1.90418 8.47119,
	1.90631 8.47802,
	1.91015 8.48485,
	1.91229 8.48826,
	1.91869 8.49381,
	1.92211 8.49595,
	1.92296 8.4968,
	1.92381 8.4968,
	1.93064 8.50235,
	1.93747 8.50704,
	1.94089 8.50961,
	1.9426 8.51046,
	1.94345 8.51131,
	1.9443 8.51131,
	1.95796 8.52198,
	1.96479 8.52753,
	1.97845 8.53735,
	1.98485 8.54162,
	1.98613 8.54247,
	1.98784 8.54461,
	1.98955 8.54802,
	1.98998 8.55144,
	1.99083 8.55314,
	1.99083 8.55997,
	1.9904 8.56339,
	1.9904 8.5651,
	1.98955 8.5668,
	1.98955 8.56766,
	1.9887 8.56851,
	1.98742 8.57193,
	1.98528 8.57534,
	1.98443 8.57705,
	1.97845 8.58345,
	1.97333 8.58857,
	1.96693 8.59498,
	1.96266 8.60181,
	1.9601 8.60479,
	1.95796 8.6065,
	1.95455 8.60864,
	1.94772 8.61461,
	1.93406 8.62229,
	1.92723 8.62614,
	1.91485 8.6398,
	1.90802 8.64534,
	1.90162 8.64919,
	1.89479 8.65217,
	1.89137 8.65345,
	1.88967 8.65431,
	1.88881 8.65431,
	1.8871 8.65559,
	1.88028 8.6573,
	1.87345 8.65986,
	1.87003 8.66156,
	1.86662 8.66242,
	1.86491 8.6637,
	1.8632 8.66413,
	1.85979 8.66669,
	1.85637 8.66839,
	1.84954 8.67394,
	1.84783 8.67565,
	1.83418 8.68205,
	1.82052 8.68675,
	1.81369 8.68888,
	1.80003 8.69102,
	1.78637 8.68974,
	1.77954 8.68632,
	1.77612 8.68504,
	1.77271 8.68248,
	1.76716 8.67565,
	1.76503 8.67224,
	1.75948 8.66541,
	1.75734 8.66199,
	1.75606 8.65858,
	1.75393 8.65516,
	1.75222 8.65345,
	1.74838 8.64663,
	1.74283 8.6398,
	1.736 8.63297,
	1.73258 8.62998,
	1.73173 8.62998,
	1.7249 8.62528,
	1.71807 8.62187,
	1.70441 8.61717,
	1.69758 8.61589,
	1.69417 8.61461,
	1.68734 8.61376,
	1.68051 8.61205,
	1.67709 8.61162,
	1.67368 8.61034,
	1.67197 8.60949,
	1.66898 8.60607,
	1.66813 8.60437,
	1.66642 8.60266,
	1.66386 8.59583,
	1.66301 8.59241,
	1.66301 8.58559,
	1.66301 8.58388,
	1.66301 8.58302,
	"/>
</Transform>

<Transform dim="0"
 xcoef=" 0 1 0 0 0 0"
 ycoef=" 0 0 1 0 0 0">
<Contour name="ddh_d07ax20" comment="traced by ddh" hidden="false" closed="true" simplified="true" border="1 0.5 0" fill="1 0.5 0" mode="11"
 points="4.65841 7.01471,
	4.66453 7.00072,
	4.66802 6.99373,
	4.6689 6.99023,
	4.67327 6.98324,
	4.67414 6.97975,
	4.69249 6.95178,
	4.69686 6.94479,
	4.70386 6.93867,
	4.71085 6.9343,
	4.71434 6.93255,
	4.72745 6.91857,
	4.7327 6.91157,
	4.76067 6.88535,
	4.77465 6.87312,
	4.78164 6.867,
	4.78601 6.86001,
	4.78776 6.85826,
	4.78863 6.85476,
	4.79825 6.84078,
	4.79825 6.83903,
	4.80087 6.83554,
	4.80437 6.82155,
	4.80611 6.80757,
	4.80961 6.79358,
	4.8201 6.76562,
	4.82359 6.75862,
	4.82884 6.75163,
	4.82884 6.74988,
	4.83408 6.74289,
	4.83496 6.7394,
	4.84894 6.72629,
	4.85244 6.72279,
	4.86642 6.7158,
	4.8804 6.71143,
	4.93634 6.70968,
	4.94333 6.70881,
	4.95732 6.70269,
	4.96955 6.68958,
	4.97829 6.67559,
	4.98266 6.6686,
	4.98878 6.65462,
	4.99752 6.64064,
	5.0115 6.62753,
	5.02549 6.61791,
	5.05258 6.60568,
	5.05957 6.60305,
	5.07356 6.60218,
	5.08055 6.60393,
	5.08754 6.60393,
	5.10152 6.6083,
	5.10502 6.6083,
	5.13299 6.62578,
	5.13648 6.6319,
	5.13823 6.63539,
	5.13736 6.64938,
	5.13474 6.66336,
	5.13124 6.67035,
	5.12163 6.69832,
	5.11813 6.70531,
	5.11726 6.70881,
	5.11463 6.7123,
	5.11026 6.72629,
	5.10764 6.73328,
	5.10589 6.73503,
	5.10502 6.74202,
	5.10327 6.74377,
	5.10065 6.75775,
	5.10152 6.78572,
	5.10415 6.7997,
	5.10852 6.81369,
	5.10939 6.81718,
	5.126 6.84515,
	5.13124 6.85913,
	5.13386 6.86613,
	5.13386 6.86962,
	5.13648 6.87661,
	5.13736 6.90458,
	5.13474 6.91157,
	5.13474 6.91507,
	5.12949 6.92905,
	5.12163 6.94304,
	5.11201 6.95702,
	5.10589 6.96314,
	5.09104 6.99111,
	5.08929 6.9946,
	5.06569 7.02257,
	5.05258 7.03656,
	5.04209 7.05054,
	5.02724 7.07851,
	5.01413 7.10648,
	5.00801 7.12046,
	5.00364 7.12745,
	5.00189 7.13095,
	4.9949 7.13707,
	4.98791 7.14144,
	4.97392 7.14668,
	4.96693 7.15018,
	4.95994 7.15192,
	4.95295 7.15542,
	4.94945 7.15629,
	4.94595 7.15892,
	4.93197 7.16329,
	4.904 7.1764,
	4.89701 7.17989,
	4.89351 7.18164,
	4.87953 7.18251,
	4.86555 7.18164,
	4.85156 7.1764,
	4.83758 7.1694,
	4.83408 7.16766,
	4.8201 7.15629,
	4.80611 7.14231,
	4.79912 7.13619,
	4.79213 7.13182,
	4.79126 7.13007,
	4.78776 7.1292,
	4.78601 7.12745,
	4.77902 7.1257,
	4.77552 7.12308,
	4.74756 7.11522,
	4.74406 7.11434,
	4.74056 7.11172,
	4.73707 7.11085,
	4.73357 7.10822,
	4.73008 7.10735,
	4.71609 7.09774,
	4.7091 7.09074,
	4.70735 7.089,
	4.7056 7.089,
	4.69162 7.07589,
	4.67764 7.0654,
	4.67064 7.05928,
	4.66715 7.05578,
	4.66278 7.04879,
	4.66103 7.0418,
	4.65928 7.0383,
	4.65841 7.02432,
	4.65841 7.01733,
	4.65841 7.01558,
	"/>
</Transform>

<Transform dim="0"
 xcoef=" 0 1 0 0 0 0"
 ycoef=" 0 0 1 0 0 0">
<Contour name="ddh_d07ax19" comment="traced by ddh" hidden="false" closed="true" simplified="true" border="0.5 0 1" fill="0.5 0 1" mode="11"
 points="3.2634 6.99821,
	3.27243 6.97193,
	3.28023 6.94565,
	3.28434 6.93251,
	3.28762 6.91937,
	3.28886 6.91608,
	3.29132 6.90294,
	3.29871 6.87666,
	3.30159 6.86352,
	3.30282 6.85038,
	3.30323 6.84709,
	3.30446 6.84381,
	3.30487 6.84217,
	3.3176 6.82902,
	3.3213 6.82245,
	3.32705 6.80931,
	3.32992 6.80274,
	3.33156 6.79946,
	3.33608 6.79289,
	3.34799 6.77975,
	3.34963 6.7781,
	3.35292 6.77153,
	3.35702 6.75839,
	3.35825 6.75182,
	3.36072 6.74525,
	3.36441 6.73868,
	3.37098 6.73211,
	3.37755 6.7276,
	3.38084 6.72513,
	3.38371 6.72185,
	3.38782 6.71528,
	3.39398 6.70214,
	3.39562 6.69885,
	3.39603 6.69721,
	3.40507 6.68407,
	3.41164 6.6775,
	3.41492 6.67421,
	3.41821 6.67216,
	3.42478 6.66928,
	3.43792 6.66189,
	3.44449 6.65738,
	3.45763 6.64423,
	3.46338 6.63766,
	3.46666 6.63438,
	3.46831 6.63274,
	3.47406 6.6196,
	3.47652 6.61303,
	3.4798 6.60646,
	3.48473 6.59988,
	3.49048 6.59331,
	3.49705 6.58798,
	3.50362 6.58428,
	3.51019 6.58182,
	3.52333 6.57935,
	3.53647 6.57812,
	3.54961 6.57935,
	3.55618 6.57976,
	3.55947 6.57976,
	3.56604 6.581,
	3.57918 6.58469,
	3.59232 6.58674,
	3.6186 6.59373,
	3.63174 6.59578,
	3.65802 6.59783,
	3.68431 6.60112,
	3.69088 6.60194,
	3.69745 6.60194,
	3.72373 6.60563,
	3.7303 6.60769,
	3.73358 6.60851,
	3.73523 6.60974,
	3.73687 6.60974,
	3.73851 6.61097,
	3.74508 6.61344,
	3.74672 6.61467,
	3.75329 6.61754,
	3.76644 6.62534,
	3.77301 6.62945,
	3.77629 6.63192,
	3.77793 6.63233,
	3.78409 6.63766,
	3.78738 6.64423,
	3.78943 6.64752,
	3.79313 6.66066,
	3.79477 6.66723,
	3.79477 6.68037,
	3.79313 6.69351,
	3.78697 6.71979,
	3.78532 6.72636,
	3.78368 6.72965,
	3.78204 6.73622,
	3.78122 6.7395,
	3.78081 6.74115,
	3.78081 6.74197,
	3.77917 6.74361,
	3.77752 6.75018,
	3.77506 6.75675,
	3.77342 6.76004,
	3.77259 6.76332,
	3.76849 6.76989,
	3.76561 6.77646,
	3.76356 6.77975,
	3.75781 6.79289,
	3.75617 6.79617,
	3.75576 6.79782,
	3.75494 6.79823,
	3.75206 6.8048,
	3.75165 6.80644,
	3.75083 6.80726,
	3.75083 6.80808,
	3.74878 6.81096,
	3.74755 6.81424,
	3.73974 6.82738,
	3.73399 6.84052,
	3.73071 6.84709,
	3.72907 6.85038,
	3.72455 6.85695,
	3.72126 6.86352,
	3.71264 6.87666,
	3.70196 6.8898,
	3.69704 6.89637,
	3.6724 6.94893,
	3.65885 6.97521,
	3.65556 6.98178,
	3.65145 6.98836,
	3.64529 6.99451,
	3.63544 7.00766,
	3.62887 7.01382,
	3.61573 7.02408,
	3.603 7.03599,
	3.59109 7.04913,
	3.56974 7.07541,
	3.56522 7.08198,
	3.55988 7.08855,
	3.54715 7.09964,
	3.53401 7.10826,
	3.52744 7.11196,
	3.50116 7.1214,
	3.49459 7.12428,
	3.46831 7.13044,
	3.45517 7.13454,
	3.4486 7.13701,
	3.43546 7.14358,
	3.42231 7.15302,
	3.41574 7.15836,
	3.40301 7.17109,
	3.39973 7.17397,
	3.38659 7.18095,
	3.3833 7.18259,
	3.37016 7.18546,
	3.36359 7.18588,
	3.35045 7.18505,
	3.34717 7.18464,
	3.33403 7.1793,
	3.32746 7.17848,
	3.32417 7.17807,
	3.32253 7.17725,
	3.31924 7.17684,
	3.31596 7.17561,
	3.31062 7.16945,
	3.30857 7.16616,
	3.30733 7.16452,
	3.30487 7.15795,
	3.30323 7.15138,
	3.30035 7.14481,
	3.29584 7.13824,
	3.28927 7.13167,
	3.28639 7.12838,
	3.28475 7.12674,
	3.28105 7.12017,
	3.27736 7.10703,
	3.27695 7.10375,
	3.27777 7.09061,
	3.27571 7.06432,
	3.27489 7.05775,
	3.27202 7.04461,
	3.2675 7.03147,
	3.26463 7.01833,
	3.2634 7.00519,
	3.2634 6.99862,
	"/>
</Transform>

<Transform dim="0"
 xcoef=" 0 1 0 0 0 0"
 ycoef=" 0 0 1 0 0 0">
<Contour name="ddh_d07ax17" comment="traced by ddh" hidden="false" closed="true" simplified="true" border="1 0 0" fill="1 0 0" mode="11"
 points="4.82217 7.53529,
	4.82414 7.51956,
	4.82512 7.5117,
	4.82807 7.50383,
	4.82905 7.4999,
	4.83692 7.48417,
	4.8379 7.48221,
	4.85363 7.46746,
	4.85756 7.46402,
	4.86149 7.46156,
	4.87378 7.44583,
	4.87968 7.43797,
	4.88803 7.42224,
	4.89049 7.41831,
	4.89786 7.41094,
	4.90573 7.40651,
	4.92146 7.4016,
	4.93718 7.40012,
	4.94505 7.39914,
	4.94898 7.39865,
	4.95684 7.39521,
	4.96471 7.38882,
	4.96864 7.38538,
	4.9765 7.38096,
	4.98437 7.3785,
	5.01583 7.37309,
	5.02369 7.37113,
	5.02762 7.37014,
	5.02959 7.37014,
	5.03745 7.36768,
	5.05318 7.36621,
	5.06104 7.36621,
	5.06891 7.36523,
	5.07677 7.3608,
	5.08464 7.35441,
	5.08857 7.35097,
	5.1043 7.34114,
	5.10823 7.33918,
	5.11609 7.33918,
	5.13182 7.34163,
	5.14755 7.34114,
	5.15541 7.33819,
	5.15935 7.33623,
	5.16721 7.33475,
	5.17507 7.33623,
	5.18294 7.33967,
	5.1849 7.34016,
	5.18589 7.34065,
	5.18982 7.33918,
	5.19178 7.33819,
	5.19523 7.33426,
	5.20014 7.3264,
	5.20112 7.32247,
	5.20014 7.3146,
	5.19867 7.31067,
	5.18736 7.29494,
	5.18441 7.29101,
	5.18097 7.28315,
	5.17999 7.27528,
	5.18097 7.26742,
	5.18195 7.26349,
	5.18589 7.25562,
	5.19916 7.23989,
	5.20604 7.23203,
	5.21194 7.22416,
	5.22177 7.20893,
	5.22816 7.20106,
	5.23602 7.19566,
	5.24388 7.19517,
	5.24782 7.19418,
	5.25568 7.19418,
	5.26354 7.1932,
	5.26748 7.1932,
	5.27141 7.19222,
	5.27534 7.19025,
	5.27731 7.18976,
	5.27927 7.18828,
	5.28026 7.1873,
	5.28124 7.1873,
	5.28714 7.17944,
	5.29156 7.17157,
	5.29303 7.16764,
	5.30385 7.15191,
	5.30925 7.14405,
	5.31171 7.14012,
	5.32744 7.12488,
	5.33481 7.11702,
	5.33776 7.11308,
	5.33924 7.10915,
	5.34464 7.10129,
	5.3471 7.09736,
	5.35496 7.08949,
	5.36283 7.0831,
	5.37856 7.07376,
	5.38642 7.06836,
	5.39035 7.06541,
	5.40608 7.05017,
	5.41345 7.04231,
	5.41739 7.03887,
	5.42525 7.03493,
	5.42918 7.03346,
	5.43705 7.03297,
	5.44491 7.03395,
	5.44884 7.03592,
	5.45081 7.03641,
	5.45474 7.03985,
	5.46064 7.04771,
	5.46801 7.06344,
	5.4685 7.0949,
	5.4685 7.10276,
	5.46801 7.10669,
	5.4685 7.11063,
	5.4685 7.11259,
	5.47047 7.11652,
	5.4862 7.12635,
	5.49406 7.13029,
	5.50193 7.13274,
	5.51765 7.1352,
	5.53338 7.13373,
	5.53731 7.13373,
	5.54518 7.13668,
	5.54911 7.13913,
	5.55697 7.14602,
	5.56238 7.15388,
	5.57123 7.16961,
	5.57319 7.17354,
	5.58745 7.18927,
	5.59138 7.19271,
	5.59335 7.19467,
	5.60121 7.19861,
	5.60514 7.20008,
	5.62087 7.20254,
	5.62873 7.20303,
	5.63267 7.20303,
	5.64053 7.20106,
	5.64839 7.19762,
	5.65233 7.19517,
	5.65577 7.19123,
	5.65773 7.18927,
	5.66068 7.1814,
	5.66265 7.17354,
	5.6656 7.16568,
	5.67395 7.14995,
	5.67788 7.14208,
	5.68329 7.13422,
	5.69017 7.12635,
	5.6941 7.1239,
	5.70197 7.12193,
	5.70983 7.12193,
	5.7177 7.12291,
	5.72163 7.12341,
	5.72949 7.12635,
	5.73736 7.13078,
	5.74522 7.13717,
	5.75161 7.14503,
	5.75947 7.15093,
	5.76734 7.15535,
	5.78307 7.16125,
	5.7988 7.16862,
	5.80666 7.17354,
	5.81403 7.18042,
	5.816 7.18828,
	5.81698 7.19615,
	5.81649 7.21188,
	5.81649 7.21974,
	5.83074 7.2512,
	5.83271 7.25906,
	5.8332 7.27479,
	5.8332 7.27872,
	5.82485 7.31018,
	5.82239 7.31804,
	5.8214 7.32197,
	5.81403 7.3377,
	5.80912 7.34557,
	5.80764 7.3495,
	5.80273 7.35736,
	5.79535 7.36523,
	5.77963 7.37604,
	5.7639 7.38538,
	5.75603 7.3898,
	5.74817 7.39324,
	5.74424 7.39472,
	5.74031 7.39521,
	5.73244 7.39373,
	5.72458 7.39128,
	5.70885 7.3844,
	5.70099 7.38341,
	5.69705 7.38243,
	5.68133 7.38882,
	5.67346 7.39226,
	5.6656 7.39373,
	5.64987 7.39226,
	5.64594 7.39226,
	5.63021 7.39816,
	5.62234 7.4016,
	5.62136 7.4016,
	5.6194 7.40307,
	5.61841 7.40307,
	5.61743 7.40406,
	5.61546 7.40455,
	5.60809 7.41045,
	5.60318 7.41831,
	5.60121 7.42617,
	5.60072 7.43404,
	5.6017 7.4419,
	5.60318 7.44583,
	5.60416 7.44682,
	5.60416 7.4478,
	5.60563 7.44977,
	5.60563 7.45075,
	5.60711 7.45272,
	5.6076 7.45468,
	5.60907 7.45665,
	5.60907 7.45763,
	5.61055 7.4596,
	5.61202 7.46746,
	5.61251 7.47139,
	5.61055 7.47926,
	5.6076 7.48712,
	5.60318 7.49498,
	5.60023 7.49892,
	5.59629 7.50236,
	5.58843 7.50727,
	5.5727 7.51464,
	5.55697 7.51759,
	5.55304 7.51858,
	5.52159 7.52202,
	5.51765 7.52251,
	5.50979 7.52546,
	5.50586 7.52644,
	5.50389 7.52644,
	5.49603 7.52988,
	5.4921 7.53136,
	5.48423 7.53627,
	5.4803 7.53873,
	5.47833 7.54069,
	5.47637 7.54168,
	5.47489 7.54364,
	5.47096 7.54561,
	5.46703 7.54856,
	5.45916 7.55102,
	5.45818 7.552,
	5.45425 7.55249,
	5.45327 7.55347,
	5.44933 7.55397,
	5.4454 7.55544,
	5.44344 7.55593,
	5.4395 7.55839,
	5.43164 7.56085,
	5.42771 7.56232,
	5.41984 7.5633,
	5.41591 7.5638,
	5.41395 7.5638,
	5.41198 7.56281,
	5.40412 7.56232,
	5.39625 7.56281,
	5.39232 7.5638,
	5.37659 7.57215,
	5.37266 7.57363,
	5.37069 7.57461,
	5.36283 7.5751,
	5.35496 7.57461,
	5.3471 7.57215,
	5.33924 7.57068,
	5.3353 7.5692,
	5.33137 7.56871,
	5.32744 7.56724,
	5.31958 7.56625,
	5.30385 7.56625,
	5.29598 7.56822,
	5.28812 7.57215,
	5.28419 7.57412,
	5.26895 7.58935,
	5.26109 7.59722,
	5.25961 7.59918,
	5.25765 7.60017,
	5.25421 7.6041,
	5.24634 7.61,
	5.24241 7.61344,
	5.22668 7.62179,
	5.22472 7.62228,
	5.22078 7.62474,
	5.21685 7.62622,
	5.20899 7.63064,
	5.19326 7.63654,
	5.17753 7.64096,
	5.16967 7.64145,
	5.1618 7.64096,
	5.15787 7.64047,
	5.14214 7.64195,
	5.13428 7.6444,
	5.13035 7.64637,
	5.11462 7.65866,
	5.10675 7.66455,
	5.10282 7.66701,
	5.09496 7.66947,
	5.08709 7.66996,
	5.07923 7.66947,
	5.07137 7.668,
	5.0635 7.6675,
	5.04777 7.66898,
	5.04384 7.67045,
	5.03598 7.67537,
	5.02811 7.68127,
	5.02418 7.68421,
	5.02025 7.68569,
	5.01632 7.68815,
	5.00059 7.69159,
	4.99272 7.69306,
	4.977 7.69355,
	4.96913 7.69355,
	4.9652 7.69355,
	4.93374 7.6852,
	4.92981 7.68372,
	4.91408 7.67144,
	4.90622 7.66554,
	4.90229 7.66308,
	4.89442 7.66062,
	4.88656 7.6562,
	4.87869 7.64981,
	4.86739 7.63408,
	4.85314 7.61835,
	4.83987 7.60262,
	4.83397 7.59476,
	4.83004 7.5869,
	4.82561 7.57117,
	4.82217 7.55544,
	4.82217 7.53971,
	4.82217 7.53578,
	"/>
</Transform>

<Transform dim="0"
 xcoef=" 0 1 0 0 0 0"
 ycoef=" 0 0 1 0 0 0">
<Contour name="d07c21" hidden="true" closed="true" simplified="true" border="1 0 0" fill="0 1 0" mode="9"
 points="2.66151 7.51912,
	2.66809 7.50588,
	2.69445 7.48567,
	2.71091 7.45915,
	2.72411 7.46212,
	2.7307 7.46525,
	2.73071 7.47833,
	2.74062 7.48793,
	2.74392 7.4944,
	2.73075 7.52085,
	2.72747 7.53401,
	2.71428 7.53757,
	2.70442 7.56395,
	2.68795 7.58067,
	2.67476 7.58096,
	2.66486 7.5681,
	2.66153 7.54201,
	2.66152 7.52892,
	2.66151 7.52238,
	"/>
</Transform>

<Transform dim="0"
 xcoef=" 0 1 0 0 0 0"
 ycoef=" 0 0 1 0 0 0">
<Contour name="ddh_d07ax21" comment="traced by ddh" hidden="false" closed="true" simplified="true" border="0 1 0" fill="0 1 0" mode="11"
 points="2.47735 7.44598,
	2.47934 7.43006,
	2.47984 7.42608,
	2.47934 7.42409,
	2.48382 7.40817,
	2.48531 7.40021,
	2.48929 7.39225,
	2.49625 7.3843,
	2.49974 7.38032,
	2.50372 7.37783,
	2.51963 7.36241,
	2.52759 7.35544,
	2.53157 7.35296,
	2.53953 7.34549,
	2.54351 7.34201,
	2.54998 7.33405,
	2.55744 7.32659,
	2.57336 7.31664,
	2.58132 7.31266,
	2.58928 7.31017,
	2.59724 7.30918,
	2.60122 7.30868,
	2.60321 7.30818,
	2.61117 7.31117,
	2.61913 7.31515,
	2.62112 7.31614,
	2.62908 7.32361,
	2.63256 7.32758,
	2.63505 7.33156,
	2.643 7.33803,
	2.65892 7.3445,
	2.66688 7.34649,
	2.67086 7.34699,
	2.68678 7.35395,
	2.69474 7.35892,
	2.7027 7.36589,
	2.71016 7.37385,
	2.71364 7.37783,
	2.7216 7.39375,
	2.72359 7.40171,
	2.72459 7.40967,
	2.7221 7.42558,
	2.72111 7.43354,
	2.71464 7.44946,
	2.70917 7.4813,
	2.70568 7.48926,
	2.7032 7.49722,
	2.69822 7.50518,
	2.6838 7.5211,
	2.67385 7.53702,
	2.66838 7.54497,
	2.64151 7.57681,
	2.63405 7.58477,
	2.62112 7.60069,
	2.61316 7.60666,
	2.6052 7.60964,
	2.59724 7.61064,
	2.58928 7.61014,
	2.57336 7.60567,
	2.5654 7.60318,
	2.55744 7.5997,
	2.55346 7.59721,
	2.54699 7.58975,
	2.54302 7.58179,
	2.53953 7.56587,
	2.53804 7.55791,
	2.53257 7.54199,
	2.53008 7.53403,
	2.52909 7.53005,
	2.52909 7.52806,
	2.52909 7.52707,
	2.51963 7.51115,
	2.51864 7.50916,
	2.50521 7.49324,
	2.48979 7.47732,
	2.48233 7.46936,
	2.48034 7.46538,
	2.47735 7.44946,
	2.47735 7.44747,
	2.47735 7.44648,
	"/>
</Transform>

<Transform dim="6"
 xcoef=" -0.149416523736362 1.09433783869143 0.00799862371782812 0 0 0"
 ycoef=" -0.72325373362779 0.0168078322479026 0.985804388766366 0 0 0">
<Image mag="0.00217507" contrast="0.917" brightness="0.12" red="true" green="true" blue="true"
 src="FHLTD.121.jpg" />
<Contour name="domain1" hidden="false" closed="true" simplified="false" border="1 0 1" fill="1 0 1" mode="11"
 points="0 0,
	4096 0,
	4096 4096,
	0 4096,
	"/>
</Transform>

<Transform dim="0"
 xcoef=" 0 1 0 0 0 0"
 ycoef=" 0 0 1 0 0 0">
<Contour name="ddh_d07ax24" comment="traced by ddh" hidden="false" closed="true" simplified="true" border="1 0.5 0" fill="1 0.5 0" mode="11"
 points="3.78435 8.43257,
	3.79953 8.38842,
	3.8085 8.36634,
	3.81367 8.3553,
	3.81953 8.34427,
	3.8216 8.33875,
	3.82436 8.33323,
	3.82574 8.33047,
	3.82988 8.32495,
	3.83092 8.32219,
	3.83092 8.3215,
	3.83333 8.31874,
	3.83506 8.3077,
	3.83713 8.30218,
	3.83782 8.30081,
	3.83782 8.29943,
	3.83954 8.29667,
	3.84161 8.28563,
	3.84299 8.28011,
	3.84747 8.26907,
	3.8492 8.26355,
	3.85161 8.25803,
	3.85472 8.25252,
	3.86989 8.23044,
	3.87438 8.22492,
	3.8799 8.2194,
	3.88542 8.2163,
	3.89645 8.20699,
	3.91853 8.19112,
	3.92957 8.18319,
	3.93508 8.17939,
	3.95716 8.16008,
	3.97923 8.14283,
	3.98475 8.13904,
	3.98751 8.13731,
	3.99303 8.13248,
	4.01097 8.11041,
	4.01545 8.10489,
	4.01752 8.10213,
	4.02856 8.09247,
	4.03132 8.09006,
	4.04236 8.08247,
	4.05339 8.0766,
	4.06443 8.07281,
	4.07547 8.07247,
	4.07823 8.07281,
	4.08926 8.07902,
	4.09478 8.08316,
	4.09754 8.08488,
	4.09892 8.08592,
	4.10479 8.09696,
	4.10824 8.10247,
	4.10927 8.10385,
	4.11065 8.10937,
	4.11272 8.11213,
	4.11686 8.12317,
	4.12031 8.12869,
	4.12445 8.13973,
	4.1279 8.14524,
	4.12859 8.148,
	4.12997 8.15076,
	4.14445 8.17284,
	4.14618 8.1756,
	4.14687 8.17698,
	4.14756 8.17767,
	4.14756 8.17905,
	4.15101 8.18457,
	4.15135 8.18595,
	4.15135 8.18664,
	4.15549 8.19215,
	4.15859 8.19767,
	4.16032 8.20043,
	4.16239 8.20595,
	4.16342 8.20871,
	4.16411 8.21009,
	4.16549 8.22113,
	4.1686 8.23217,
	4.17032 8.23768,
	4.17101 8.24044,
	4.17101 8.24596,
	4.17205 8.25148,
	4.17239 8.25424,
	4.17239 8.25528,
	4.17239 8.26252,
	4.17101 8.26804,
	4.17032 8.2708,
	4.16963 8.27149,
	4.16929 8.27425,
	4.16722 8.27976,
	4.16653 8.28114,
	4.16653 8.28183,
	4.16584 8.28218,
	4.16377 8.2877,
	4.16101 8.29322,
	4.15963 8.29598,
	4.15894 8.29667,
	4.15653 8.30218,
	4.15273 8.31322,
	4.15204 8.3146,
	4.15101 8.32012,
	4.15066 8.32288,
	4.14963 8.32564,
	4.14756 8.33668,
	4.14652 8.3422,
	4.14652 8.35323,
	4.14342 8.37531,
	4.14273 8.38635,
	4.14273 8.40842,
	4.14376 8.41394,
	4.14445 8.41532,
	4.14445 8.4167,
	4.14514 8.41808,
	4.14514 8.41877,
	4.14583 8.41946,
	4.14583 8.42015,
	4.14652 8.42084,
	4.14756 8.4236,
	4.14756 8.42429,
	4.1479 8.4267,
	4.14135 8.47085,
	4.141 8.47361,
	4.141 8.47499,
	4.12686 8.51914,
	4.1241 8.53018,
	4.12238 8.5357,
	4.11617 8.54674,
	4.11479 8.54812,
	4.11375 8.55087,
	4.10927 8.55639,
	4.10651 8.55915,
	4.10513 8.56053,
	4.08306 8.57226,
	4.07202 8.57778,
	4.04994 8.58571,
	4.03891 8.58916,
	4.03339 8.59123,
	4.03063 8.59261,
	4.00855 8.59744,
	4.00579 8.59813,
	4.00027 8.60054,
	3.99752 8.60158,
	3.992 8.60468,
	3.96992 8.61262,
	3.9644 8.61365,
	3.95337 8.61434,
	3.94785 8.61469,
	3.94509 8.61503,
	3.93957 8.61434,
	3.93405 8.61296,
	3.93129 8.61262,
	3.90921 8.60503,
	3.9037 8.60296,
	3.90094 8.60192,
	3.89542 8.59847,
	3.8899 8.59606,
	3.88714 8.59537,
	3.88576 8.59502,
	3.88438 8.59399,
	3.88369 8.5933,
	3.88093 8.59261,
	3.86989 8.58606,
	3.85886 8.5764,
	3.83678 8.55881,
	3.83161 8.55432,
	3.82229 8.54329,
	3.81988 8.54053,
	3.81402 8.52949,
	3.80781 8.50741,
	3.80505 8.49638,
	3.80332 8.49086,
	3.79815 8.47982,
	3.79229 8.46878,
	3.78953 8.46326,
	3.78642 8.45223,
	3.78504 8.44671,
	3.78435 8.44395,
	3.78435 8.43291,
	"/>
</Transform>

<Transform dim="0"
 xcoef=" 0 1 0 0 0 0"
 ycoef=" 0 0 1 0 0 0">
<Contour name="ddh_d08ax14a" comment="traced by ddh" hidden="false" closed="true" simplified="true" border="1 0.5 0" fill="1 0.5 0" mode="11"
 points="4.29714 3.92954,
	4.29997 3.91821,
	4.30918 3.89555,
	4.30989 3.88988,
	4.30493 3.86722,
	4.30422 3.86438,
	4.30564 3.85872,
	4.31202 3.84738,
	4.31627 3.84172,
	4.32831 3.81905,
	4.33185 3.80772,
	4.33397 3.79639,
	4.33185 3.78505,
	4.32689 3.77372,
	4.32547 3.76239,
	4.32689 3.75672,
	4.33256 3.74539,
	4.3361 3.73972,
	4.34743 3.7291,
	4.37009 3.71139,
	4.38143 3.70289,
	4.38709 3.70006,
	4.43242 3.68802,
	4.47775 3.6774,
	4.50042 3.67456,
	4.52308 3.67952,
	4.52875 3.68023,
	4.53442 3.68306,
	4.55708 3.68731,
	4.57975 3.68873,
	4.60241 3.68519,
	4.61374 3.68306,
	4.62508 3.67952,
	4.63074 3.67881,
	4.65341 3.68306,
	4.66474 3.68802,
	4.6874 3.70289,
	4.69307 3.70714,
	4.7044 3.71281,
	4.72707 3.72627,
	4.7384 3.73406,
	4.74973 3.74327,
	4.76107 3.74964,
	4.7724 3.75177,
	4.78373 3.75106,
	4.79506 3.74681,
	4.80073 3.74468,
	4.81206 3.73547,
	4.83473 3.7206,
	4.84606 3.71848,
	4.85739 3.71989,
	4.86872 3.72343,
	4.88006 3.7291,
	4.88572 3.73264,
	4.89635 3.74397,
	4.90131 3.74964,
	4.90839 3.76097,
	4.91193 3.76664,
	4.91335 3.76947,
	4.91405 3.7808,
	4.91193 3.78647,
	4.90556 3.7978,
	4.9006 3.80347,
	4.89706 3.80914,
	4.88572 3.81834,
	4.87439 3.82543,
	4.86518 3.83676,
	4.86023 3.84243,
	4.85385 3.85376,
	4.84889 3.86509,
	4.84393 3.91042,
	4.84181 3.93309,
	4.84181 3.95575,
	4.84535 3.97842,
	4.84677 3.98975,
	4.84818 3.99258,
	4.84889 3.99825,
	4.85102 4.00391,
	4.85173 4.00958,
	4.85598 4.02091,
	4.8581 4.03224,
	4.85668 4.04358,
	4.85456 4.04924,
	4.84748 4.06058,
	4.83614 4.06837,
	4.82481 4.07403,
	4.81914 4.07687,
	4.8149 4.08253,
	4.80994 4.09387,
	4.80781 4.09953,
	4.80781 4.11086,
	4.8064 4.1222,
	4.80073 4.14486,
	4.80498 4.16753,
	4.80498 4.17036,
	4.80781 4.17603,
	4.80781 4.17886,
	4.81631 4.20152,
	4.82694 4.22419,
	4.83119 4.23552,
	4.83331 4.24685,
	4.8326 4.25819,
	4.83119 4.26385,
	4.82623 4.27519,
	4.82339 4.28085,
	4.82198 4.28368,
	4.80285 4.30635,
	4.79436 4.31768,
	4.78798 4.32901,
	4.78373 4.34035,
	4.78161 4.35168,
	4.78373 4.36301,
	4.78798 4.37434,
	4.79011 4.38001,
	4.79152 4.39134,
	4.79365 4.39701,
	4.80215 4.40834,
	4.81419 4.43101,
	4.83473 4.45296,
	4.85173 4.47563,
	4.86164 4.48696,
	4.86589 4.49263,
	4.87156 4.49617,
	4.89422 4.51388,
	4.91689 4.533,
	4.91972 4.53442,
	4.93035 4.54575,
	4.93601 4.55071,
	4.94947 4.57337,
	4.95584 4.5847,
	4.9608 4.59604,
	4.96363 4.6017,
	4.96647 4.61304,
	4.96788 4.62437,
	4.97143 4.6357,
	4.97213 4.63853,
	4.97638 4.6442,
	4.97709 4.64703,
	4.97709 4.64845,
	4.97922 4.65128,
	4.97992 4.65412,
	4.98205 4.65695,
	4.98276 4.65978,
	4.98701 4.66545,
	4.99267 4.67041,
	5.00401 4.67749,
	5.01534 4.68245,
	5.02667 4.68882,
	5.03234 4.69165,
	5.05429 4.71007,
	5.05996 4.71432,
	5.06279 4.71644,
	5.06563 4.71715,
	5.07696 4.72424,
	5.08829 4.7299,
	5.09962 4.73698,
	5.10246 4.73982,
	5.10529 4.74123,
	5.11379 4.75186,
	5.12016 4.76319,
	5.12016 4.77452,
	5.11875 4.78586,
	5.1145 4.79719,
	5.11308 4.7986,
	5.11308 4.80002,
	5.11167 4.80144,
	5.11096 4.80427,
	5.10317 4.8156,
	5.09254 4.82694,
	5.08758 4.8326,
	5.07625 4.84039,
	5.07058 4.84464,
	5.04792 4.85456,
	5.02525 4.8581,
	5.01959 4.86023,
	5.00826 4.86164,
	4.98559 4.86093,
	4.98276 4.86023,
	4.98134 4.86023,
	4.97001 4.85102,
	4.96434 4.84606,
	4.96009 4.84039,
	4.95938 4.83756,
	4.9523 4.82623,
	4.94876 4.82056,
	4.93814 4.80994,
	4.93247 4.80498,
	4.92964 4.80215,
	4.92397 4.7986,
	4.91264 4.78798,
	4.90697 4.78373,
	4.90556 4.78231,
	4.90414 4.78231,
	4.90343 4.7809,
	4.9006 4.78019,
	4.89493 4.77594,
	4.89351 4.77594,
	4.87085 4.76177,
	4.86802 4.76036,
	4.86306 4.75469,
	4.85739 4.75115,
	4.84606 4.74123,
	4.83827 4.73061,
	4.83402 4.71928,
	4.83189 4.71361,
	4.83189 4.70794,
	4.83048 4.70228,
	4.83048 4.69661,
	4.82906 4.69378,
	4.82906 4.69095,
	4.82694 4.68528,
	4.82623 4.67395,
	4.8241 4.66828,
	4.82198 4.64562,
	4.82269 4.63428,
	4.82198 4.61162,
	4.8241 4.56629,
	4.82481 4.54362,
	4.82552 4.53229,
	4.82339 4.50963,
	4.81844 4.49829,
	4.81135 4.48696,
	4.78869 4.46571,
	4.78019 4.45438,
	4.76602 4.43172,
	4.75327 4.40905,
	4.74832 4.39772,
	4.74478 4.38639,
	4.73982 4.37505,
	4.73698 4.35239,
	4.73486 4.34106,
	4.73273 4.31839,
	4.73061 4.30706,
	4.7299 4.30139,
	4.71857 4.27873,
	4.71219 4.26739,
	4.7037 4.25606,
	4.69945 4.2504,
	4.68811 4.23977,
	4.68245 4.23552,
	4.67111 4.23198,
	4.66545 4.22986,
	4.65978 4.22631,
	4.64845 4.22277,
	4.63712 4.22065,
	4.62578 4.21356,
	4.61445 4.20294,
	4.61162 4.20011,
	4.60879 4.19869,
	4.59745 4.18736,
	4.58045 4.16469,
	4.56983 4.15336,
	4.5585 4.14557,
	4.53583 4.13424,
	4.51317 4.12574,
	4.4905 4.11582,
	4.47917 4.11086,
	4.46784 4.10732,
	4.45651 4.10095,
	4.45084 4.09741,
	4.43951 4.0882,
	4.42817 4.08324,
	4.41684 4.08041,
	4.40551 4.07545,
	4.39984 4.07191,
	4.39205 4.06058,
	4.38639 4.04924,
	4.38355 4.04358,
	4.37293 4.03224,
	4.35026 4.01737,
	4.3446 4.01454,
	4.33893 4.00958,
	4.33326 4.00604,
	4.32264 3.99471,
	4.31768 3.98904,
	4.30422 3.96637,
	4.29927 3.95504,
	4.29785 3.95221,
	4.29714 3.93025,
	"/>
</Transform>

<Transform dim="0"
 xcoef=" 0 1 0 0 0 0"
 ycoef=" 0 0 1 0 0 0">
<Contour name="d01" hidden="true" closed="true" simplified="true" border="1 0.5 0" fill="1 0.5 0" mode="9"
 points="6.50948 4.01337,
	6.52551 3.99179,
	6.60568 3.93697,
	6.62706 3.92588,
	6.64845 3.92541,
	6.65915 3.92517,
	6.68594 3.96702,
	6.72341 3.99803,
	6.72878 4.01914,
	6.72345 4.04047,
	6.70742 4.05674,
	6.62185 4.06394,
	6.57906 4.07019,
	6.53626 4.06053,
	6.53091 4.05003,
	6.50951 4.04521,
	6.50949 4.02399,
	6.50949 4.01868,
	"/>
</Transform>

<Transform dim="0"
 xcoef=" 0 1 0 0 0 0"
 ycoef=" 0 0 1 0 0 0">
<Contour name="ddh_d08ax14b" comment="traced by ddh" hidden="false" closed="true" simplified="true" border="0.5 0 1" fill="0.5 0 1" mode="11"
 points="5.79275 3.71619,
	5.79387 3.71393,
	5.79387 3.70943,
	5.79781 3.70042,
	5.79894 3.69141,
	5.80007 3.68691,
	5.80119 3.68466,
	5.80176 3.67565,
	5.80119 3.66664,
	5.80007 3.66213,
	5.80007 3.65312,
	5.80626 3.63511,
	5.80739 3.6306,
	5.81527 3.61258,
	5.81752 3.60357,
	5.81808 3.58556,
	5.81527 3.56754,
	5.81527 3.56529,
	5.80626 3.54727,
	5.79838 3.52925,
	5.79612 3.52024,
	5.795 3.51123,
	5.795 3.50222,
	5.795 3.49772,
	5.79838 3.48871,
	5.80119 3.48421,
	5.80344 3.48195,
	5.81245 3.47632,
	5.81696 3.47351,
	5.82597 3.47069,
	5.82822 3.469,
	5.83272 3.46788,
	5.84173 3.46337,
	5.85074 3.45999,
	5.85525 3.45831,
	5.8575 3.45831,
	5.862 3.45605,
	5.86425 3.45549,
	5.86651 3.4538,
	5.87552 3.45155,
	5.88452 3.45042,
	5.88678 3.44986,
	5.89128 3.45099,
	5.89353 3.45099,
	5.89579 3.45267,
	5.90479 3.45493,
	5.9138 3.45831,
	5.92281 3.46563,
	5.92732 3.47013,
	5.93182 3.47295,
	5.93407 3.47407,
	5.93633 3.47407,
	5.94083 3.47576,
	5.95885 3.47858,
	5.96786 3.48026,
	5.97236 3.48083,
	5.97687 3.48252,
	5.98137 3.48252,
	5.99038 3.48533,
	6.0084 3.4949,
	6.01065 3.49603,
	6.01966 3.50391,
	6.02416 3.50842,
	6.02642 3.51292,
	6.02979 3.51743,
	6.02979 3.51855,
	6.03374 3.52306,
	6.04443 3.54108,
	6.05006 3.55008,
	6.05401 3.55909,
	6.05682 3.5681,
	6.05907 3.57261,
	6.05907 3.57373,
	6.0602 3.57486,
	6.0602 3.57598,
	6.06189 3.57824,
	6.06358 3.58274,
	6.06864 3.59175,
	6.06977 3.594,
	6.07371 3.59794,
	6.08272 3.60357,
	6.09117 3.61033,
	6.09792 3.61934,
	6.09905 3.62159,
	6.10018 3.62272,
	6.10018 3.62384,
	6.10187 3.6261,
	6.10468 3.63511,
	6.10581 3.64411,
	6.10581 3.64862,
	6.10355 3.65763,
	6.10187 3.65988,
	6.10018 3.66438,
	6.08835 3.6824,
	6.07033 3.69817,
	6.05288 3.71619,
	6.04105 3.7342,
	6.0281 3.75222,
	6.01347 3.77024,
	6.01009 3.77474,
	5.99263 3.79276,
	5.98813 3.7967,
	5.97912 3.8029,
	5.9611 3.81923,
	5.95209 3.82598,
	5.94308 3.83443,
	5.93858 3.83893,
	5.93126 3.84794,
	5.92281 3.85695,
	5.91887 3.86146,
	5.91662 3.86314,
	5.91437 3.86371,
	5.90986 3.86652,
	5.90085 3.86821,
	5.89184 3.86709,
	5.88734 3.86596,
	5.87833 3.86089,
	5.86932 3.85414,
	5.86031 3.84625,
	5.8423 3.82823,
	5.82428 3.81416,
	5.81583 3.80515,
	5.80626 3.78713,
	5.80288 3.77812,
	5.80063 3.76911,
	5.79838 3.7511,
	5.79444 3.73308,
	5.79275 3.72857,
	5.79275 3.71956,
	5.79275 3.71731,
	5.79275 3.71675,
	"/>
</Transform>

<Transform dim="0"
 xcoef=" 0 1 0 0 0 0"
 ycoef=" 0 0 1 0 0 0">
<Contour name="ddh_d08ax13" comment="traced by ddh" hidden="false" closed="true" simplified="true" border="1 0 0.5" fill="1 0 0.5" mode="11"
 points="5.48278 4.01055,
	5.48354 4.0075,
	5.48354 4.00444,
	5.48431 4.00139,
	5.48431 3.99986,
	5.48507 3.99834,
	5.48545 3.99223,
	5.48621 3.99147,
	5.48621 3.98841,
	5.48698 3.98689,
	5.48774 3.98078,
	5.48812 3.97772,
	5.48774 3.97467,
	5.49003 3.96246,
	5.49118 3.95635,
	5.49232 3.95482,
	5.49232 3.9533,
	5.49347 3.95024,
	5.49461 3.94413,
	5.49461 3.94337,
	5.49537 3.94299,
	5.49537 3.94146,
	5.49728 3.93536,
	5.49881 3.9323,
	5.49881 3.93077,
	5.50148 3.92467,
	5.50186 3.92314,
	5.50377 3.92009,
	5.50415 3.91856,
	5.5053 3.91703,
	5.5053 3.91627,
	5.50606 3.91589,
	5.50606 3.91513,
	5.51064 3.90978,
	5.51637 3.9052,
	5.52057 3.901,
	5.52515 3.89566,
	5.52858 3.88955,
	5.53278 3.88421,
	5.53431 3.88268,
	5.53507 3.88115,
	5.53583 3.88077,
	5.53583 3.88001,
	5.5408 3.87466,
	5.54652 3.87008,
	5.54958 3.86818,
	5.5511 3.86703,
	5.55263 3.86665,
	5.55568 3.86474,
	5.55645 3.86436,
	5.55645 3.8636,
	5.55797 3.86245,
	5.55874 3.86169,
	5.5595 3.86169,
	5.56255 3.85978,
	5.56866 3.85749,
	5.57019 3.85749,
	5.57171 3.85672,
	5.57324 3.85672,
	5.58546 3.85214,
	5.59156 3.851,
	5.59462 3.84985,
	5.60072 3.84947,
	5.62515 3.85176,
	5.63737 3.85214,
	5.64348 3.85253,
	5.64653 3.85329,
	5.65874 3.85367,
	5.66485 3.8552,
	5.6679 3.85558,
	5.67096 3.85672,
	5.67248 3.85711,
	5.67325 3.85711,
	5.67401 3.85787,
	5.67668 3.85901,
	5.67745 3.85901,
	5.67821 3.85978,
	5.69042 3.86474,
	5.69653 3.86665,
	5.69806 3.86665,
	5.69882 3.86741,
	5.70493 3.86932,
	5.71104 3.87047,
	5.71714 3.87237,
	5.71867 3.87314,
	5.71943 3.87314,
	5.72096 3.87428,
	5.72401 3.87543,
	5.72478 3.87543,
	5.7263 3.87657,
	5.72936 3.87734,
	5.73089 3.87848,
	5.73165 3.87848,
	5.73737 3.88268,
	5.74157 3.88841,
	5.74348 3.89451,
	5.74424 3.89604,
	5.74463 3.90215,
	5.74348 3.91436,
	5.74348 3.92047,
	5.74348 3.92352,
	5.74463 3.92658,
	5.74501 3.9281,
	5.74615 3.92963,
	5.74883 3.93574,
	5.74997 3.93879,
	5.75073 3.94032,
	5.75073 3.94108,
	5.7515 3.94184,
	5.7515 3.94261,
	5.75226 3.94337,
	5.75302 3.94948,
	5.75302 3.95253,
	5.75302 3.95406,
	5.75302 3.95482,
	5.75226 3.95559,
	5.75226 3.95635,
	5.75035 3.9594,
	5.74959 3.96017,
	5.74959 3.96093,
	5.74463 3.96665,
	5.7389 3.97124,
	5.73585 3.97353,
	5.73508 3.97353,
	5.72936 3.97734,
	5.72783 3.97811,
	5.72707 3.97811,
	5.72401 3.9804,
	5.72325 3.9804,
	5.72172 3.98154,
	5.72096 3.9823,
	5.7202 3.9823,
	5.71982 3.98307,
	5.71829 3.98345,
	5.71218 3.98727,
	5.70607 3.99032,
	5.70531 3.99032,
	5.70378 3.99147,
	5.7034 3.99223,
	5.6973 3.99376,
	5.69577 3.99452,
	5.68966 3.9949,
	5.68661 3.9949,
	5.68508 3.9949,
	5.67897 3.99261,
	5.67592 3.99261,
	5.67516 3.99261,
	5.67439 3.99185,
	5.66829 3.99108,
	5.66523 3.9907,
	5.65302 3.99223,
	5.64691 3.99452,
	5.64424 3.9949,
	5.64271 3.99528,
	5.6366 3.99872,
	5.63355 4.00063,
	5.63202 4.00215,
	5.63126 4.0033,
	5.62973 4.00444,
	5.62554 4.01017,
	5.62363 4.01284,
	5.62286 4.01437,
	5.6221 4.01513,
	5.6221 4.01589,
	5.62134 4.01666,
	5.62134 4.01742,
	5.6179 4.02353,
	5.6137 4.02925,
	5.61294 4.03078,
	5.61218 4.03116,
	5.61218 4.03193,
	5.60798 4.03765,
	5.60492 4.04071,
	5.60301 4.04338,
	5.59691 4.04872,
	5.59195 4.05292,
	5.58889 4.05483,
	5.58584 4.05597,
	5.58507 4.05674,
	5.58431 4.05674,
	5.58278 4.05788,
	5.58202 4.05865,
	5.58126 4.05865,
	5.58049 4.05941,
	5.57744 4.06017,
	5.57591 4.06132,
	5.57515 4.06132,
	5.57439 4.06208,
	5.56217 4.06323,
	5.54996 4.06284,
	5.54385 4.06246,
	5.5408 4.06246,
	5.53774 4.0617,
	5.53622 4.06094,
	5.53011 4.06055,
	5.52706 4.05979,
	5.52553 4.05979,
	5.52248 4.05826,
	5.51637 4.05636,
	5.51331 4.05559,
	5.51293 4.05483,
	5.51217 4.05483,
	5.50912 4.05292,
	5.50606 4.05177,
	5.50339 4.04987,
	5.50072 4.04719,
	5.49805 4.04529,
	5.49728 4.04376,
	5.49614 4.043,
	5.49461 4.04147,
	5.49385 4.03994,
	5.4927 4.03918,
	5.49232 4.03765,
	5.48965 4.03498,
	5.4885 4.03383,
	5.4885 4.03307,
	5.4866 4.0304,
	5.48392 4.02429,
	5.48278 4.01818,
	5.48278 4.01208,
	5.48278 4.01093,
	"/>
</Transform>

<Transform dim="0"
 xcoef=" 0 1 0 0 0 0"
 ycoef=" 0 0 1 0 0 0">
<Contour name="ddh_d08ax18" comment="traced by ddh" hidden="false" closed="true" simplified="true" border="0 1 1" fill="0 1 1" mode="11"
 points="5.04876 2.57529,
	5.05224 2.56734,
	5.05671 2.5594,
	5.05671 2.5584,
	5.05919 2.55443,
	5.06068 2.55294,
	5.06068 2.55195,
	5.06416 2.54797,
	5.06416 2.54698,
	5.0726 2.53109,
	5.07459 2.52711,
	5.07558 2.52314,
	5.07558 2.51519,
	5.07558 2.51122,
	5.07558 2.50923,
	5.07459 2.50824,
	5.07409 2.50625,
	5.07409 2.50526,
	5.0731 2.50426,
	5.0726 2.48837,
	5.0736 2.4844,
	5.07608 2.48042,
	5.07707 2.47844,
	5.09148 2.46552,
	5.09942 2.46056,
	5.1034 2.45857,
	5.11134 2.45907,
	5.11532 2.46056,
	5.1178 2.46354,
	5.12028 2.46751,
	5.12128 2.47148,
	5.12227 2.47347,
	5.12475 2.48936,
	5.12624 2.50526,
	5.12724 2.51321,
	5.12823 2.51718,
	5.1322 2.52513,
	5.13767 2.53307,
	5.13866 2.53407,
	5.13866 2.53506,
	5.14214 2.53804,
	5.14512 2.54201,
	5.14661 2.544,
	5.14661 2.54499,
	5.14909 2.54897,
	5.15157 2.55691,
	5.15306 2.56486,
	5.15306 2.58075,
	5.15207 2.5887,
	5.15108 2.59267,
	5.15108 2.59665,
	5.15008 2.60062,
	5.14959 2.60857,
	5.1481 2.61651,
	5.1481 2.62049,
	5.14661 2.62446,
	5.14611 2.62645,
	5.14363 2.63042,
	5.14015 2.6344,
	5.13667 2.63738,
	5.1327 2.63837,
	5.12475 2.63787,
	5.12078 2.63688,
	5.11681 2.63489,
	5.11482 2.6334,
	5.11383 2.6334,
	5.10985 2.63042,
	5.10886 2.63042,
	5.1034 2.62397,
	5.09694 2.618,
	5.09297 2.61552,
	5.09098 2.61403,
	5.08999 2.61403,
	5.0885 2.61254,
	5.08055 2.61006,
	5.07856 2.61006,
	5.07459 2.60857,
	5.0726 2.60757,
	5.07161 2.60757,
	5.07061 2.60658,
	5.06267 2.6036,
	5.06068 2.60261,
	5.0577 2.59913,
	5.05571 2.59714,
	5.05472 2.59665,
	5.05472 2.59565,
	5.05075 2.59218,
	5.04926 2.59019,
	5.04876 2.58224,
	5.04876 2.57827,
	5.04876 2.57628,
	5.04876 2.57579,
	"/>
</Transform>

<Transform dim="0"
 xcoef=" 0 1 0 0 0 0"
 ycoef=" 0 0 1 0 0 0">
<Contour name="ddh_d08ax19" comment="traced by ddh" hidden="false" closed="true" simplified="true" border="1 0 1" fill="1 0 1" mode="11"
 points="3.90842 1.52079,
	3.91603 1.50341,
	3.92254 1.49472,
	3.93993 1.45996,
	3.94753 1.44258,
	3.9497 1.43389,
	3.94862 1.39912,
	3.94427 1.38174,
	3.93775 1.36436,
	3.93449 1.35567,
	3.93449 1.34698,
	3.93449 1.34264,
	3.93667 1.33829,
	3.93667 1.33612,
	3.96925 1.30136,
	3.98338 1.28507,
	3.99533 1.26877,
	4.01162 1.25248,
	4.02031 1.24596,
	4.05507 1.22858,
	4.06376 1.22532,
	4.06702 1.22315,
	4.0844 1.22097,
	4.11916 1.21989,
	4.13654 1.21337,
	4.14523 1.2112,
	4.14958 1.20903,
	4.16696 1.21011,
	4.20172 1.21554,
	4.21041 1.21772,
	4.21475 1.21989,
	4.23213 1.22206,
	4.23648 1.22423,
	4.306 1.22749,
	4.34076 1.23075,
	4.35814 1.23292,
	4.36683 1.23401,
	4.37118 1.23618,
	4.37987 1.23618,
	4.39725 1.24161,
	4.40594 1.2427,
	4.4407 1.25899,
	4.44939 1.26443,
	4.45808 1.27203,
	4.46677 1.27746,
	4.48089 1.29484,
	4.48089 1.29701,
	4.48415 1.30136,
	4.48415 1.30353,
	4.48741 1.30788,
	4.49284 1.32526,
	4.49501 1.3296,
	4.49501 1.33395,
	4.49827 1.34264,
	4.49936 1.34698,
	4.49936 1.34916,
	4.50262 1.3535,
	4.5037 1.35785,
	4.5037 1.36002,
	4.50696 1.36436,
	4.51239 1.38174,
	4.51782 1.39043,
	4.52108 1.39912,
	4.53086 1.4165,
	4.5352 1.42519,
	4.53738 1.43389,
	4.55584 1.46865,
	4.56888 1.48603,
	4.57757 1.49472,
	4.58626 1.49906,
	4.60364 1.5121,
	4.62102 1.52079,
	4.65578 1.54469,
	4.66013 1.54794,
	4.6623 1.55229,
	4.67642 1.56967,
	4.68185 1.57836,
	4.68402 1.58271,
	4.6862 1.58488,
	4.6862 1.58705,
	4.68837 1.58922,
	4.68837 1.6066,
	4.68728 1.61095,
	4.67316 1.62833,
	4.66447 1.63485,
	4.64709 1.64245,
	4.6384 1.64354,
	4.63406 1.64571,
	4.62971 1.64571,
	4.61233 1.65223,
	4.61016 1.6544,
	4.60799 1.6544,
	4.60038 1.66309,
	4.59712 1.67178,
	4.59712 1.68047,
	4.59386 1.68916,
	4.58843 1.69785,
	4.58083 1.70437,
	4.56345 1.71089,
	4.54607 1.72175,
	4.52977 1.73913,
	4.51348 1.75434,
	4.50913 1.76303,
	4.50805 1.79779,
	4.50696 1.81517,
	4.50588 1.82386,
	4.50044 1.83255,
	4.49284 1.84124,
	4.48415 1.84667,
	4.48198 1.84667,
	4.47329 1.8521,
	4.40377 1.87817,
	4.38639 1.8836,
	4.35162 1.88469,
	4.33424 1.88252,
	4.31686 1.876,
	4.31252 1.876,
	4.30817 1.87274,
	4.27341 1.85862,
	4.26472 1.85645,
	4.22996 1.85427,
	4.1952 1.84341,
	4.18651 1.84015,
	4.18217 1.83689,
	4.16478 1.83038,
	4.13002 1.80974,
	4.11264 1.79996,
	4.09526 1.79344,
	4.08657 1.7891,
	4.07897 1.78041,
	4.07462 1.77172,
	4.07136 1.75434,
	4.06159 1.73696,
	4.04529 1.71958,
	4.03878 1.71089,
	4.03552 1.7022,
	4.03443 1.69785,
	4.03769 1.68047,
	4.04095 1.67178,
	4.04421 1.66743,
	4.04638 1.65874,
	4.04421 1.64136,
	4.03878 1.62398,
	4.029 1.6066,
	4.01271 1.59248,
	3.99533 1.58488,
	3.98664 1.58162,
	3.98446 1.57945,
	3.97577 1.57836,
	3.97143 1.57619,
	3.96708 1.57619,
	3.96274 1.57401,
	3.94536 1.57293,
	3.93667 1.57184,
	3.93232 1.57184,
	3.92798 1.56858,
	3.92363 1.5675,
	3.91603 1.55989,
	3.9106 1.5512,
	3.90842 1.53382,
	3.90842 1.52513,
	3.90842 1.52187,
	"/>
</Transform>

</Section>