<?xml version="1.0"?>
<!DOCTYPE Section SYSTEM "section.dtd">

<Section index="78" thickness="0.045" alignLocked="true">
<Transform dim="0"
 xcoef=" 0 1 0 0 0 0"
 ycoef=" 0 0 1 0 0 0">
<Contour name="D04" hidden="false" closed="true" simplified="true" border="1 0 0" fill="1 0 0" mode="11"
 points="1.26492 4.84996,
	1.26778 4.81096,
	1.27628 4.77281,
	1.29024 4.73634,
	1.30936 4.70235,
	1.33323 4.67158,
	1.36131 4.6447,
	1.39299 4.6223,
	1.4276 4.60487,
	1.46436 4.59278,
	1.50248 4.5863,
	1.54113 4.58558,
	1.57947 4.59063,
	1.61665 4.60133,
	1.65186 4.61746,
	1.68435 4.63866,
	1.71339 4.66447,
	1.73836 4.69432,
	1.75871 4.72758,
	1.77399 4.7635,
	1.78388 4.80131,
	1.78816 4.84018,
	1.78673 4.87926,
	1.77963 4.91771,
	1.76701 4.95467,
	1.74914 4.98936,
	1.72642 5.021,
	1.69934 5.04891,
	1.66849 5.07248,
	1.63455 5.09119,
	1.59825 5.10464,
	1.56039 5.11254,
	1.52179 5.11471,
	1.4833 5.1111,
	1.44576 5.10179,
	1.40998 5.08699,
	1.37674 5.06702,
	1.34678 5.04231,
	1.32073 5.01341,
	1.29918 4.98094,
	1.28259 4.94562,
	1.27133 4.9082,
	"/>
<Contour name="D05" hidden="false" closed="true" simplified="true" border="1 1 0" fill="1 1 0" mode="11"
 points="2.45299 4.16404,
	2.46475 4.09163,
	2.49888 4.02632,
	2.55205 3.97448,
	2.61904 3.9412,
	2.69329 3.92974,
	2.76755 3.9412,
	2.83454 3.97448,
	2.88771 4.02632,
	2.92184 4.09163,
	2.9336 4.16404,
	2.92184 4.23644,
	2.88771 4.30175,
	2.83454 4.35359,
	2.76755 4.38687,
	2.69329 4.39833,
	2.61904 4.38687,
	2.55205 4.35359,
	2.49888 4.30175,
	"/>
<Contour name="d01" hidden="true" closed="true" simplified="true" border="1 0.5 0" fill="1 0.5 0" mode="9"
 points="6.36559 1.90968,
	6.39931 1.90546,
	6.46676 1.90968,
	6.50049 1.90968,
	6.56794 1.88017,
	6.5848 1.87595,
	6.61852 1.88017,
	6.63539 1.88438,
	6.64382 1.91811,
	6.64382 1.93497,
	6.64382 1.9434,
	6.61009 1.97713,
	6.59323 1.99399,
	6.52578 1.9982,
	6.45833 2.01085,
	6.4246 2.00664,
	6.38245 1.93919,
	6.37402 1.92232,
	6.37402 1.91389,
	6.3698 1.91389,
	"/>
<Contour name="d01c04" hidden="false" closed="true" simplified="true" border="0 1 0" fill="0 1 0" mode="9"
 points="5.40021 1.91389,
	5.41707 1.90124,
	5.4508 1.90546,
	5.51825 1.93075,
	5.55197 1.9434,
	5.56883 1.94762,
	5.5857 1.96026,
	5.59413 1.96869,
	5.5857 1.98556,
	5.56883 2.00242,
	5.55197 2.01085,
	5.54354 2.01507,
	5.47609 1.98134,
	5.44237 1.96026,
	5.4255 1.95183,
	5.40021 1.91811,
	"/>
<Contour name="d01cfa04" hidden="false" closed="false" simplified="false" border="0 1 1" fill="0 1 1" mode="9"
 points="5.58753 1.9934,
	5.58753 1.9934,
	5.58331 1.98919,
	5.55802 1.98497,
	5.50322 1.96389,
	5.45263 1.95125,
	5.40626 1.93017,
	"/>
<Contour name="d01c45" hidden="false" closed="true" simplified="true" border="0 1 0" fill="0 1 0" mode="9"
 points="6.39423 1.90375,
	6.40499 1.89568,
	6.4265 1.89031,
	6.43726 1.89031,
	6.48028 1.87417,
	6.50179 1.87148,
	6.5233 1.86342,
	6.56632 1.86073,
	6.58783 1.86073,
	6.60935 1.86879,
	6.60935 1.87955,
	6.59052 1.89299,
	6.50448 1.91988,
	6.48297 1.92257,
	6.43994 1.91451,
	6.41843 1.91451,
	6.39692 1.90644,
	"/>
<Contour name="d01cfa45" hidden="false" closed="false" simplified="false" border="0 1 1" fill="0 1 1" mode="9"
 points="6.60797 1.87323,
	6.54881 1.88129,
	6.50848 1.89205,
	6.44394 1.89743,
	6.40092 1.89743,
	"/>
<Contour name="d03c04b" hidden="false" closed="true" simplified="true" border="1 0 0" fill="1 0 0" mode="9"
 points="3.16454 2.2853,
	3.17181 2.27077,
	3.22994 2.23443,
	3.259 2.21627,
	3.27354 2.20537,
	3.3026 2.1981,
	3.31713 2.19447,
	3.3244 2.19447,
	3.32803 2.22353,
	3.32077 2.2526,
	3.3026 2.28167,
	3.28807 2.28893,
	3.2808 2.30346,
	3.22267 2.34343,
	3.1936 2.34343,
	3.16454 2.318,
	3.16454 2.28893,
	"/>
<Contour name="d03cfa04b" hidden="false" closed="false" simplified="false" border="0 1 1" fill="0 1 1" mode="9"
 points="3.19205 2.33636,
	3.25381 2.26369,
	3.32284 2.19466,
	"/>
<Contour name="d06" hidden="true" closed="true" simplified="true" border="0 0 1" fill="0 0 1" mode="11"
 points="1.73334 7.49905,
	1.75284 7.45446,
	1.75842 7.40988,
	1.75842 7.38758,
	1.76399 7.36529,
	1.79464 7.3207,
	1.83087 7.28447,
	1.84759 7.26497,
	1.86989 7.24825,
	1.88103 7.23989,
	1.88661 7.23989,
	1.9089 7.22595,
	1.99807 7.22317,
	2.04266 7.22317,
	2.06496 7.23153,
	2.0761 7.23431,
	2.09561 7.25661,
	2.27396 7.25661,
	2.29625 7.25661,
	2.30461 7.25939,
	2.30183 7.26218,
	2.32412 7.26218,
	2.33527 7.26775,
	2.34084 7.2789,
	2.34641 7.28169,
	2.34641 7.30398,
	2.34363 7.31513,
	2.32412 7.33463,
	2.30183 7.34299,
	2.27953 7.34578,
	2.25724 7.35693,
	2.24609 7.36807,
	2.25167 7.41266,
	2.25167 7.42381,
	2.26003 7.4461,
	2.2656 7.45725,
	2.2656 7.46282,
	2.29347 7.50462,
	2.31576 7.54921,
	2.32412 7.56036,
	2.32412 7.56593,
	2.35477 7.61052,
	2.36592 7.63003,
	2.39936 7.67461,
	2.40215 7.69691,
	2.39379 7.7192,
	2.391 7.72477,
	2.38543 7.72477,
	2.34641 7.75543,
	2.32412 7.76936,
	2.31297 7.77772,
	2.26839 7.79166,
	2.24609 7.79723,
	2.22659 7.81116,
	2.21823 7.82231,
	2.22101 7.83346,
	2.24052 7.85575,
	2.26281 7.87247,
	2.3074 7.87804,
	2.31855 7.88362,
	2.32691 7.89476,
	2.33805 7.90034,
	2.34084 7.92263,
	2.32969 7.93099,
	2.32412 7.93099,
	2.31855 7.93656,
	2.29625 7.93656,
	2.27396 7.94492,
	2.18478 7.94771,
	2.1402 7.93378,
	2.1179 7.91984,
	2.02873 7.88362,
	1.98414 7.86411,
	1.96185 7.8446,
	1.91726 7.81674,
	1.87267 7.77772,
	1.78907 7.71363,
	1.77235 7.69412,
	1.76399 7.68297,
	1.75563 7.66068,
	1.75006 7.64953,
	1.74448 7.64396,
	1.74448 7.62167,
	1.73612 7.59937,
	1.73334 7.5102,
	1.73334 7.50184,
	"/>
<Contour name="d07" hidden="true" closed="true" simplified="true" border="1 0 1" fill="1 0 1" mode="9"
 points="4.19918 7.46034,
	4.21671 7.42528,
	4.22548 7.40774,
	4.29561 7.36829,
	4.33068 7.36391,
	4.34821 7.36829,
	4.36575 7.38583,
	4.36575 7.45596,
	4.3789 7.52609,
	4.3789 7.66636,
	4.37451 7.68389,
	4.37451 7.69266,
	4.35698 7.70581,
	4.32191 7.71019,
	4.28685 7.68827,
	4.26931 7.68827,
	4.23425 7.67074,
	4.20356 7.64006,
	4.19918 7.49979,
	4.19918 7.46472,
	"/>
<Contour name="d07" hidden="true" closed="true" simplified="true" border="1 0 1" fill="1 0 1" mode="9"
 points="2.76147 7.12721,
	2.77462 7.10968,
	2.84475 7.06585,
	2.86228 7.05708,
	2.89735 7.05708,
	2.90611 7.05708,
	2.91488 7.06585,
	2.94995 7.07461,
	2.96748 7.08338,
	2.98501 7.10091,
	3.02008 7.11406,
	3.05515 7.14036,
	3.12528 7.17981,
	3.12966 7.18858,
	3.16473 7.18858,
	3.18226 7.19296,
	3.19541 7.20611,
	3.19979 7.21488,
	3.20856 7.21488,
	3.22609 7.23241,
	3.29623 7.25871,
	3.31376 7.27186,
	3.32253 7.28063,
	3.34006 7.28501,
	3.34883 7.28501,
	3.36198 7.29816,
	3.39704 7.30693,
	3.46717 7.35953,
	3.53731 7.38583,
	3.59429 7.44719,
	3.62936 7.47787,
	3.65127 7.49979,
	3.67757 7.53047,
	3.68634 7.54801,
	3.71702 7.58307,
	3.73455 7.59184,
	3.73894 7.60061,
	3.7477 7.60061,
	3.76085 7.61814,
	3.76085 7.68827,
	3.76085 7.69704,
	3.77839 7.71019,
	3.91865 7.71895,
	3.98878 7.72334,
	4.02385 7.74087,
	4.02823 7.811,
	4.02823 7.82854,
	4.0107 7.8636,
	3.94495 7.92935,
	3.91865 7.95127,
	3.8792 8.0214,
	3.8792 8.05647,
	3.87482 8.074,
	3.83975 8.06962,
	3.80907 8.03455,
	3.76962 7.96442,
	3.75209 7.92935,
	3.74332 7.89429,
	3.72579 7.88552,
	3.65565 7.88552,
	3.62059 7.89429,
	3.60306 7.90305,
	3.57237 7.93812,
	3.53731 7.95127,
	3.51977 7.96442,
	3.44964 7.98633,
	3.37951 7.98633,
	3.30938 7.9688,
	3.24363 7.92059,
	3.21733 7.8899,
	3.19979 7.85484,
	3.19979 7.81977,
	3.18664 7.74964,
	3.15158 7.72334,
	3.13404 7.71457,
	3.11651 7.69704,
	3.10775 7.66197,
	3.09898 7.64444,
	3.09898 7.60937,
	3.08583 7.57431,
	3.05953 7.53924,
	3.042 7.52171,
	3.00255 7.45157,
	2.87105 7.31569,
	2.84913 7.28063,
	2.779 7.21488,
	2.76585 7.19734,
	2.76147 7.1316,
	"/>
<Contour name="d07c10" hidden="true" closed="true" simplified="true" border="1 0 0" fill="0 1 0" mode="9"
 points="4.34669 7.48945,
	4.35451 7.45817,
	4.38578 7.45427,
	4.3936 7.45817,
	4.42096 7.52072,
	4.43269 7.55199,
	4.42878 7.61453,
	4.42487 7.6458,
	4.40142 7.67707,
	4.37015 7.68098,
	4.36233 7.68098,
	4.3506 7.66535,
	4.34669 7.54026,
	4.34669 7.50899,
	4.34669 7.49335,
	"/>
<Contour name="d07cfa10" hidden="false" closed="false" simplified="false" border="0 1 1" fill="0 1 1" mode="9"
 points="4.38338 7.66685,
	4.38338 7.61994,
	4.38338 7.52222,
	4.36774 7.45577,
	"/>
<Contour name="d07c12" hidden="true" closed="true" simplified="true" border="1 0 0" fill="0 1 0" mode="9"
 points="3.83606 7.99244,
	3.87038 7.93143,
	3.89326 7.90092,
	3.92377 7.87423,
	3.98478 7.84372,
	4.01528 7.83991,
	4.03435 7.8666,
	4.03816 7.87423,
	4.02672 7.90473,
	4.0191 7.91999,
	4.0191 7.93524,
	3.98097 7.99625,
	3.95427 8.05726,
	3.93902 8.08777,
	3.91614 8.11065,
	3.88564 8.11446,
	3.87038 8.11065,
	3.85894 8.09539,
	3.85513 8.06489,
	3.85513 8.04963,
	3.83988 8.01913,
	3.83606 8.00388,
	3.83606 7.99625,
	"/>
<Contour name="d07cfa12" hidden="false" closed="false" simplified="false" border="0 1 1" fill="0 1 1" mode="9"
 points="3.90491 8.10312,
	3.90491 8.04211,
	3.90491 7.98872,
	3.92398 7.93915,
	3.96974 7.88195,
	4.0155 7.84382,
	"/>
<Contour name="d08" hidden="false" closed="true" simplified="true" border="1 0 0" fill="1 0 0" mode="9"
 points="5.64267 5.00481,
	5.64968 4.99079,
	5.6637 4.97677,
	5.67422 4.96976,
	5.68824 4.95574,
	5.74431 4.9277,
	5.77235 4.91368,
	5.80039 4.89265,
	5.83894 4.83658,
	5.85646 4.81204,
	5.86347 4.80503,
	5.91955 4.80503,
	5.94759 4.80503,
	5.9546 4.80503,
	5.96862 4.81555,
	5.99665 4.82256,
	6.02469 4.82256,
	6.03871 4.82256,
	6.06675 4.83307,
	6.11932 4.88214,
	6.11582 4.93822,
	6.1053 4.99429,
	6.1018 5.02233,
	6.08778 5.05037,
	6.06675 5.0749,
	6.03871 5.08542,
	5.98264 5.08542,
	5.97563 5.08542,
	5.94759 5.06088,
	5.93357 5.04686,
	5.92656 5.01882,
	5.87048 5.01882,
	5.85646 5.01882,
	5.84244 5.02583,
	5.82492 5.05387,
	5.81441 5.08191,
	5.81441 5.08892,
	5.78637 5.11345,
	5.77235 5.12046,
	5.71627 5.12397,
	5.68824 5.12397,
	5.67422 5.12046,
	5.64618 5.09242,
	5.64267 5.03635,
	5.64267 5.00831,
	"/>
<Contour name="d08" hidden="false" closed="true" simplified="true" border="1 0 0" fill="1 0 0" mode="9"
 points="4.777 4.44054,
	4.79802 4.4125,
	4.82957 4.35993,
	4.88564 4.32138,
	4.94172 4.28983,
	4.95574 4.28282,
	4.96976 4.28633,
	4.97326 4.31437,
	4.97326 4.32839,
	4.98027 4.34241,
	4.98027 4.37044,
	4.98027 4.38446,
	4.9978 4.4125,
	5.00831 4.42652,
	5.00831 4.45456,
	5.00481 4.46858,
	4.98027 4.49311,
	4.86812 4.49311,
	4.81204 4.49311,
	4.79802 4.48961,
	4.78401 4.47559,
	4.777 4.46157,
	4.777 4.44755,
	4.777 4.44404,
	"/>
<Contour name="d08" hidden="false" closed="true" simplified="true" border="1 0 0" fill="1 0 0" mode="9"
 points="4.86331 2.86311,
	4.88543 2.82771,
	4.89871 2.81001,
	4.96951 2.80558,
	5.00491 2.81443,
	5.01819 2.83213,
	5.02261 2.84983,
	5.04031 2.86754,
	5.04916 2.87639,
	5.11997 2.87639,
	5.15537 2.88081,
	5.15979 2.88966,
	5.1952 2.88966,
	5.2306 2.91179,
	5.24387 2.94719,
	5.24387 3.0888,
	5.23945 3.1065,
	5.23945 3.11535,
	5.22175 3.12862,
	5.2129 3.13747,
	5.1775 3.13747,
	5.15979 3.13747,
	5.15094 3.13747,
	5.13324 3.11977,
	4.99164 3.11977,
	4.95623 3.11535,
	4.93411 3.07995,
	4.92083 3.04454,
	4.88543 3.00914,
	4.86773 2.97374,
	4.86331 2.90294,
	4.86331 2.86754,
	"/>
<Contour name="d08cfa07" hidden="false" closed="true" simplified="true" border="0 1 0" fill="0 1 0" mode="9"
 points="5.79869 5.08336,
	5.82193 5.04955,
	5.82827 5.03265,
	5.83039 5.01574,
	5.84518 5.00095,
	5.86208 4.99039,
	5.87898 4.98405,
	5.88744 4.97982,
	5.92125 4.98193,
	5.93815 4.99673,
	5.94238 5.00095,
	5.94449 5.03265,
	5.9783 5.03476,
	5.9783 5.05166,
	5.96984 5.06012,
	5.96562 5.06857,
	5.95717 5.07702,
	5.95294 5.08547,
	5.93815 5.09815,
	5.93181 5.10238,
	5.92336 5.11083,
	5.91913 5.11083,
	5.91491 5.11505,
	5.91068 5.11505,
	5.90223 5.12139,
	5.88532 5.12562,
	5.85152 5.12562,
	5.81771 5.11928,
	5.8008 5.10238,
	5.79869 5.08547,
	"/>
<Contour name="d08cfa07" hidden="false" closed="false" simplified="false" border="0 1 1" fill="0 1 1" mode="9"
 points="5.93863 5.02428,
	5.93229 4.99893,
	5.92384 4.98414,
	5.9006 4.98202,
	5.86679 4.98836,
	5.83932 5.00949,
	5.82664 5.04542,
	"/>
<Contour name="d08c08" hidden="true" closed="true" simplified="true" border="1 0 0" fill="0 1 0" mode="9"
 points="4.75318 4.4796,
	4.75985 4.4707,
	4.7643 4.46626,
	4.90665 4.4707,
	4.94224 4.46403,
	4.97783 4.46403,
	4.98673 4.46403,
	5.0023 4.4796,
	5.01119 4.48627,
	5.01119 4.50407,
	5.01119 4.51296,
	4.99562 4.52409,
	4.98005 4.53966,
	4.9111 4.57969,
	4.90665 4.58414,
	4.89776 4.58636,
	4.89331 4.59081,
	4.88886 4.59081,
	4.87996 4.59749,
	4.86217 4.60416,
	4.82658 4.60638,
	4.79322 4.58636,
	4.77542 4.57079,
	4.77098 4.5619,
	4.76208 4.553,
	4.75541 4.53521,
	4.75318 4.49962,
	4.75318 4.48183,
	"/>
<Contour name="d08cfa08" hidden="false" closed="true" simplified="true" border="0 1 0" fill="0 1 0" mode="9"
 points="4.74318 4.4896,
	4.74985 4.4807,
	4.7543 4.47626,
	4.89665 4.4807,
	4.93224 4.47403,
	4.96783 4.47403,
	4.97673 4.47403,
	4.9923 4.4896,
	5.00119 4.49627,
	5.00119 4.51407,
	5.00119 4.52296,
	4.98562 4.53409,
	4.97005 4.54966,
	4.9011 4.58969,
	4.89665 4.59414,
	4.88776 4.59636,
	4.88331 4.60081,
	4.87886 4.60081,
	4.86996 4.60749,
	4.85217 4.61416,
	4.81658 4.61638,
	4.78322 4.59636,
	4.76542 4.58079,
	4.76098 4.5719,
	4.75208 4.563,
	4.74541 4.54521,
	4.74318 4.50962,
	4.74318 4.49183,
	"/>
<Contour name="d08cfa08" hidden="false" closed="false" simplified="false" border="0 1 1" fill="0 1 1" mode="9"
 points="4.99077 4.48791,
	4.93294 4.49681,
	4.84397 4.49681,
	4.7728 4.47901,
	"/>
<Contour name="D11" hidden="false" closed="true" simplified="true" border="1 0.5 0" fill="1 0.5 0" mode="11"
 points="5.06361 4.78818,
	5.06766 4.75544,
	5.07954 4.72504,
	5.09841 4.69912,
	5.12291 4.67952,
	5.15132 4.66765,
	5.1816 4.66435,
	5.21162 4.66984,
	5.23923 4.68374,
	5.26247 4.70507,
	5.2797 4.7323,
	5.28968 4.7635,
	5.29171 4.79645,
	5.28565 4.82882,
	5.27192 4.8583,
	5.2515 4.88279,
	5.22585 4.90056,
	5.19678 4.91035,
	5.16636 4.91145,
	5.13675 4.9038,
	5.11006 4.88792,
	5.08818 4.86496,
	5.07267 4.83655,
	"/>
<Contour name="D11" hidden="false" closed="true" simplified="true" border="1 0.5 0" fill="1 0.5 0" mode="11"
 points="5.61265 4.25857,
	5.61639 4.22717,
	5.62739 4.19766,
	5.64498 4.17183,
	5.66811 4.15124,
	5.69537 4.13713,
	5.72511 4.13036,
	5.75555 4.13134,
	5.78484 4.14,
	5.81121 4.15582,
	5.83307 4.17785,
	5.8491 4.20476,
	5.85833 4.23491,
	5.86021 4.2665,
	5.85461 4.2976,
	5.84189 4.32635,
	5.8228 4.35101,
	5.79849 4.37008,
	5.77045 4.38241,
	5.74036 4.38727,
	5.71004 4.38435,
	5.68132 4.37383,
	5.65593 4.35635,
	5.63542 4.33296,
	5.62101 4.30508,
	"/>
<Contour name="D11" hidden="false" closed="true" simplified="true" border="1 0.5 0" fill="1 0.5 0" mode="11"
 points="5.0053 4.21241,
	5.00637 4.2034,
	5.00948 4.19528,
	5.01431 4.18883,
	5.02041 4.18469,
	5.02716 4.18326,
	5.03392 4.18469,
	5.04002 4.18883,
	5.04485 4.19528,
	5.04796 4.2034,
	5.04903 4.21241,
	5.04796 4.22142,
	5.04485 4.22955,
	5.04002 4.236,
	5.03392 4.24014,
	5.02716 4.24157,
	5.02041 4.24014,
	5.01431 4.236,
	5.00948 4.22955,
	"/>
<Contour name="D05" hidden="false" closed="true" simplified="true" border="1 1 0" fill="1 1 0" mode="11"
 points="2.77646 4.04666,
	2.77834 4.02959,
	2.78392 4.0129,
	2.79308 3.99694,
	2.80563 3.98206,
	2.82129 3.9686,
	2.83972 3.95684,
	2.86052 3.94704,
	2.88323 3.93941,
	2.90735 3.93412,
	2.93237 3.93129,
	2.95774 3.93097,
	2.9829 3.93318,
	3.0073 3.93786,
	3.03041 3.94492,
	3.05173 3.95419,
	3.07079 3.96549,
	3.08718 3.97855,
	3.10053 3.99311,
	3.11057 4.00882,
	3.11706 4.02537,
	3.11987 4.04238,
	3.11893 4.05948,
	3.11427 4.07631,
	3.10598 4.09248,
	3.09426 4.10766,
	3.07934 4.1215,
	3.06157 4.13372,
	3.04133 4.14403,
	3.01905 4.15222,
	2.99523 4.15811,
	2.97038 4.16156,
	2.94505 4.16251,
	2.91979 4.16093,
	2.89515 4.15686,
	2.87166 4.15038,
	2.84985 4.14164,
	2.83018 4.13083,
	2.81309 4.11818,
	2.79895 4.10398,
	2.78806 4.08852,
	2.78067 4.07215,
	"/>
<Contour name="D19" hidden="false" closed="true" simplified="true" border="0 1 0" fill="0 1 0" mode="11"
 points="2.68706 7.74457,
	2.68892 7.71093,
	2.69444 7.67817,
	2.70349 7.64713,
	2.71583 7.61861,
	2.73114 7.59335,
	2.74903 7.57201,
	2.76902 7.55514,
	2.79061 7.54317,
	2.81323 7.53642,
	2.8363 7.53506,
	2.85922 7.53913,
	2.8814 7.54852,
	2.90225 7.56298,
	2.92125 7.58215,
	2.93791 7.60553,
	2.95178 7.6325,
	2.96251 7.66238,
	2.96982 7.69439,
	2.97352 7.7277,
	2.97352 7.76144,
	2.96982 7.79475,
	2.96251 7.82676,
	2.95178 7.85663,
	2.93791 7.88361,
	2.92125 7.90699,
	2.90225 7.92616,
	2.8814 7.94062,
	2.85922 7.95001,
	2.8363 7.95408,
	2.81323 7.95272,
	2.79061 7.94597,
	2.76902 7.934,
	2.74903 7.91713,
	2.73114 7.89579,
	2.71583 7.87053,
	2.70349 7.84201,
	2.69444 7.81097,
	"/>
<Contour name="D19" hidden="false" closed="true" simplified="true" border="0 1 0" fill="0 1 0" mode="11"
 points="2.35599 6.18486,
	2.35905 6.16895,
	2.36793 6.15459,
	2.38177 6.1432,
	2.3992 6.13588,
	2.41852 6.13336,
	2.43785 6.13588,
	2.45528 6.1432,
	2.46912 6.15459,
	2.478 6.16895,
	2.48106 6.18486,
	2.478 6.20078,
	2.46912 6.21513,
	2.45528 6.22653,
	2.43785 6.23384,
	2.41852 6.23636,
	2.3992 6.23384,
	2.38177 6.22653,
	2.36793 6.21513,
	"/>
<Contour name="d01p04" hidden="false" closed="true" simplified="false" border="0 0 1" fill="0 0 1" mode="-13"
 points="5.46739 2.07812,
	5.44454 2.05527,
	5.46739 2.03242,
	5.49024 2.05527,
	"/>
<Contour name="d03p05" hidden="false" closed="true" simplified="false" border="1 1 0" fill="1 1 0" mode="-9"
 points="2.91134 2.95717,
	2.91134 2.91015,
	2.86432 2.91015,
	2.86432 2.95129,
	2.85844 2.95717,
	2.85844 2.90427,
	2.91722 2.90427,
	2.91722 2.96304,
	2.85844 2.96304,
	2.86432 2.95717,
	"/>
<Contour name="d07p12" hidden="false" closed="true" simplified="false" border="0.5 0 1" fill="0.5 0 1" mode="9"
 points="3.70025 7.76869,
	3.69281 7.76621,
	3.70025 7.76373,
	3.69529 7.75628,
	3.70273 7.76125,
	3.70521 7.7538,
	3.7077 7.76125,
	3.71514 7.75628,
	3.71018 7.76373,
	3.71762 7.76621,
	3.71018 7.76869,
	3.71514 7.77614,
	3.7077 7.77117,
	3.70521 7.77862,
	3.70273 7.77117,
	3.69529 7.77614,
	"/>
<Contour name="d08p09a" hidden="false" closed="true" simplified="false" border="0 1 0" fill="0 1 0" mode="-9"
 points="5.06442 4.09369,
	5.06442 4.07668,
	5.08143 4.07668,
	5.08143 4.05967,
	5.09844 4.05967,
	5.09844 4.07668,
	5.11545 4.07668,
	5.11545 4.09369,
	5.09844 4.09369,
	5.09844 4.1107,
	5.08143 4.1107,
	5.08143 4.09369,
	"/>
<Contour name="d08p09b" hidden="false" closed="true" simplified="false" border="0 1 0" fill="0 1 0" mode="-9"
 points="5.06442 4.09369,
	5.06442 4.07668,
	5.08143 4.07668,
	5.08143 4.05967,
	5.09844 4.05967,
	5.09844 4.07668,
	5.11545 4.07668,
	5.11545 4.09369,
	5.09844 4.09369,
	5.09844 4.1107,
	5.08143 4.1107,
	5.08143 4.09369,
	"/>
<Contour name="d01" hidden="true" closed="true" simplified="true" border="1 0.5 0" fill="1 0.5 0" mode="-11"
 points="4.90073 2.6397,
	4.90534 2.62493,
	4.90719 2.62123,
	4.92197 2.60645,
	4.92936 2.59907,
	4.95337 2.56951,
	4.95891 2.56212,
	4.97092 2.53256,
	4.97646 2.51779,
	4.97831 2.51409,
	4.97369 2.45498,
	4.97277 2.44759,
	4.94136 2.38848,
	4.93398 2.3737,
	4.94229 2.34415,
	4.94598 2.32937,
	4.94691 2.32567,
	4.94783 2.32383,
	4.93952 2.30905,
	4.9349 2.30166,
	4.94414 2.2721,
	4.94783 2.26472,
	4.96261 2.25086,
	4.97 2.2444,
	4.97369 2.24162,
	4.98108 2.24532,
	4.98478 2.24717,
	4.99955 2.24809,
	5.00694 2.24809,
	5.01064 2.24809,
	5.04019 2.23516,
	5.06975 2.21299,
	5.11223 2.15388,
	5.12147 2.1391,
	5.12517 2.13171,
	5.12609 2.11694,
	5.12701 2.10955,
	5.13348 2.09477,
	5.13533 2.08738,
	5.13625 2.0726,
	5.13625 2.06521,
	5.14733 2.03566,
	5.1501 2.02827,
	5.15195 2.02457,
	5.13348 1.96546,
	5.12978 1.95068,
	5.12701 1.9433,
	5.12609 1.91374,
	5.12609 1.89896,
	5.12886 1.88418,
	5.13348 1.86941,
	5.14641 1.85463,
	5.15287 1.84816,
	5.18243 1.83246,
	5.19721 1.82415,
	5.21199 1.81214,
	5.21937 1.8066,
	5.22676 1.80383,
	5.24154 1.80198,
	5.25632 1.79829,
	5.26371 1.80013,
	5.27849 1.80845,
	5.28588 1.81307,
	5.29603 1.82784,
	5.30435 1.84262,
	5.32467 1.87218,
	5.33575 1.88695,
	5.35053 1.89896,
	5.35792 1.9045,
	5.36161 1.9082,
	5.37639 1.91466,
	5.4355 1.93591,
	5.49461 1.959,
	5.52417 1.97193,
	5.53895 1.97747,
	5.54634 1.98116,
	5.57589 1.98948,
	5.59067 1.99409,
	5.59806 1.99594,
	5.60175 1.99779,
	5.60637 2.01257,
	5.60822 2.02735,
	5.60914 2.03104,
	5.59436 2.09015,
	5.58975 2.10493,
	5.59806 2.13448,
	5.59898 2.13818,
	5.62854 2.16496,
	5.63685 2.17974,
	5.6387 2.18344,
	5.63962 2.18436,
	5.61191 2.21392,
	5.60545 2.22131,
	5.59067 2.25086,
	5.58698 2.25825,
	5.58513 2.26194,
	5.59806 2.2915,
	5.60637 2.30628,
	5.66548 2.35892,
	5.67195 2.36539,
	5.68488 2.39495,
	5.69134 2.40972,
	5.69411 2.41711,
	5.68396 2.47622,
	5.67934 2.50578,
	5.67841 2.51317,
	5.67749 2.51686,
	5.7015 2.57598,
	5.70797 2.59075,
	5.71074 2.59814,
	5.69966 2.65725,
	5.69873 2.66464,
	5.69781 2.66834,
	5.68857 2.68311,
	5.68303 2.6905,
	5.66825 2.69143,
	5.65348 2.69697,
	5.64609 2.69974,
	5.64239 2.70159,
	5.62854 2.71637,
	5.61099 2.74592,
	5.6036 2.75054,
	5.57404 2.757,
	5.56666 2.75793,
	5.50754 2.79764,
	5.49277 2.8078,
	5.48353 2.82166,
	5.47614 2.83644,
	5.46598 2.85121,
	5.4512 2.86045,
	5.39209 2.86322,
	5.3847 2.86322,
	5.38101 2.86322,
	5.35145 2.88446,
	5.3219 2.89832,
	5.30712 2.90017,
	5.29973 2.90201,
	5.29234 2.90201,
	5.23323 2.87708,
	5.21845 2.86969,
	5.21106 2.86692,
	5.15195 2.85953,
	5.12239 2.85676,
	5.06328 2.84013,
	5.05589 2.83828,
	5.02634 2.82166,
	5.01156 2.8115,
	4.982 2.7958,
	4.96723 2.78841,
	4.93767 2.77825,
	4.93028 2.77548,
	4.92659 2.77455,
	4.92289 2.77178,
	4.9192 2.77086,
	4.90442 2.75885,
	4.91181 2.7293,
	4.91366 2.72191,
	4.91458 2.71821,
	4.90165 2.6591,
	4.90073 2.64432,
	4.90073 2.64063,
	"/>
<Contour name="ax01" comment="LK bouton trace named after cfa" hidden="false" closed="true" simplified="true" border="0 1 1" fill="0.502 1 1" mode="9"
 points="5.74435 1.78166,
	5.75024 1.7682,
	5.75276 1.76148,
	5.7536 1.73457,
	5.75276 1.70767,
	5.75276 1.7043,
	5.75612 1.69758,
	5.76705 1.68412,
	5.78051 1.67067,
	5.78723 1.66395,
	5.80489 1.63704,
	5.81246 1.62359,
	5.81582 1.61686,
	5.81834 1.6135,
	5.82423 1.60004,
	5.8318 1.58659,
	5.836 1.57987,
	5.83768 1.5765,
	5.83768 1.57482,
	5.84861 1.56137,
	5.87552 1.53783,
	5.88813 1.52437,
	5.89402 1.51765,
	5.90663 1.5084,
	5.90999 1.50756,
	5.91672 1.50251,
	5.92008 1.49999,
	5.94699 1.49494,
	5.96044 1.49242,
	5.98734 1.48401,
	6.0008 1.48065,
	6.00752 1.47813,
	6.02098 1.47645,
	6.0277 1.47729,
	6.05461 1.4899,
	6.06133 1.49242,
	6.06806 1.49242,
	6.07142 1.49242,
	6.07815 1.49494,
	6.08151 1.49579,
	6.08824 1.49999,
	6.09497 1.50672,
	6.10842 1.51344,
	6.12187 1.52269,
	6.1286 1.52689,
	6.14205 1.53951,
	6.15382 1.55296,
	6.16307 1.56641,
	6.16559 1.57314,
	6.18073 1.60004,
	6.18073 1.60173,
	6.18325 1.60509,
	6.18746 1.61854,
	6.19334 1.64545,
	6.19502 1.67235,
	6.19586 1.68581,
	6.19418 1.71271,
	6.19334 1.71944,
	6.1925 1.7228,
	6.1925 1.72448,
	6.19082 1.72616,
	6.19082 1.72953,
	6.18493 1.74298,
	6.18325 1.74634,
	6.18157 1.74803,
	6.18157 1.74971,
	6.16896 1.76316,
	6.1555 1.77493,
	6.15214 1.77661,
	6.14878 1.77998,
	6.13533 1.7867,
	6.12187 1.79511,
	6.11515 1.79931,
	6.11178 1.80016,
	6.10506 1.8052,
	6.0916 1.80856,
	6.08824 1.80856,
	6.07479 1.81529,
	6.06806 1.81613,
	6.05461 1.82033,
	6.0277 1.83211,
	6.01425 1.83967,
	6.01089 1.84135,
	5.99743 1.84304,
	5.97053 1.8422,
	5.95708 1.84388,
	5.95035 1.8464,
	5.92344 1.85228,
	5.89654 1.86153,
	5.88981 1.86237,
	5.88309 1.8649,
	5.85618 1.87078,
	5.82927 1.87835,
	5.80237 1.88087,
	5.78892 1.88171,
	5.78219 1.88171,
	5.77546 1.87919,
	5.7721 1.87751,
	5.75949 1.86406,
	5.75192 1.8506,
	5.74856 1.83715,
	5.74519 1.81024,
	5.74435 1.78334,
	5.74435 1.7825,
	"/>
</Transform>

<Transform dim="0"
 xcoef=" 0 1 0 0 0 0"
 ycoef=" 0 0 1 0 0 0">
<Contour name="ax02" comment="LK bouton trace named after cfa" hidden="false" closed="true" simplified="true" border="0 1 1" fill="0.502 1 1" mode="9"
 points="3.25103 1.56348,
	3.25443 1.55669,
	3.26122 1.54989,
	3.26802 1.54479,
	3.27482 1.54224,
	3.28842 1.53969,
	3.31561 1.5312,
	3.36999 1.5227,
	3.37339 1.52185,
	3.38698 1.5091,
	3.39378 1.50485,
	3.40738 1.49381,
	3.41417 1.48956,
	3.42777 1.48531,
	3.43457 1.48446,
	3.43797 1.48446,
	3.45156 1.47851,
	3.45836 1.47596,
	3.48555 1.47341,
	3.49915 1.47511,
	3.51274 1.47851,
	3.51614 1.47851,
	3.54333 1.49041,
	3.55693 1.49551,
	3.56033 1.49721,
	3.56712 1.49806,
	3.57052 1.49976,
	3.57732 1.50061,
	3.60451 1.5125,
	3.61811 1.52185,
	3.6317 1.53374,
	3.6351 1.53714,
	3.66229 1.55329,
	3.66909 1.55839,
	3.67589 1.56518,
	3.69118 1.59237,
	3.69968 1.61957,
	3.70138 1.62636,
	3.70903 1.63996,
	3.72177 1.65101,
	3.73537 1.65865,
	3.74217 1.6629,
	3.75576 1.66715,
	3.76936 1.6697,
	3.78295 1.67395,
	3.81014 1.6799,
	3.82374 1.68245,
	3.85093 1.68499,
	3.85773 1.68584,
	3.87132 1.69264,
	3.87727 1.69689,
	3.88067 1.70369,
	3.87897 1.71049,
	3.87727 1.71388,
	3.86368 1.72663,
	3.85008 1.73173,
	3.84328 1.73343,
	3.83648 1.73683,
	3.82289 1.73683,
	3.81949 1.73683,
	3.81609 1.73428,
	3.81439 1.73258,
	3.81269 1.73258,
	3.7991 1.72238,
	3.7923 1.71643,
	3.7855 1.71304,
	3.7838 1.71134,
	3.777 1.70879,
	3.76341 1.70114,
	3.75661 1.69774,
	3.72942 1.69349,
	3.72262 1.69349,
	3.71922 1.69434,
	3.70648 1.70709,
	3.70138 1.71388,
	3.69373 1.72748,
	3.68863 1.74108,
	3.68778 1.75467,
	3.68863 1.76147,
	3.71582 1.77676,
	3.72942 1.78441,
	3.73622 1.78951,
	3.73962 1.79121,
	3.75236 1.80396,
	3.75576 1.80735,
	3.77021 1.83455,
	3.77276 1.84814,
	3.7787 1.86174,
	3.78295 1.87533,
	3.78465 1.87873,
	3.78465 1.89233,
	3.78295 1.89912,
	3.78295 1.90252,
	3.77615 1.91612,
	3.77191 1.92292,
	3.75831 1.93226,
	3.74472 1.93821,
	3.73112 1.94076,
	3.70393 1.94246,
	3.69033 1.94161,
	3.68354 1.93991,
	3.68014 1.93906,
	3.67334 1.94076,
	3.64615 1.93991,
	3.63255 1.93736,
	3.61896 1.93311,
	3.60536 1.92462,
	3.57817 1.90252,
	3.56457 1.88893,
	3.55098 1.87703,
	3.52379 1.86089,
	3.4966 1.84304,
	3.483 1.83624,
	3.4762 1.83285,
	3.4728 1.8303,
	3.41842 1.81245,
	3.40483 1.8065,
	3.39803 1.80396,
	3.37084 1.78271,
	3.35724 1.76997,
	3.33345 1.74447,
	3.30881 1.71728,
	3.29606 1.70369,
	3.28502 1.69009,
	3.27652 1.6765,
	3.27312 1.6697,
	3.27227 1.6561,
	3.26972 1.64251,
	3.26802 1.63571,
	3.26037 1.62212,
	3.25613 1.60852,
	3.25273 1.58133,
	3.25103 1.56773,
	3.25103 1.56433,
	"/>
</Transform>

<Transform dim="0"
 xcoef=" 0 1 0 0 0 0"
 ycoef=" 0 0 1 0 0 0">
<Contour name="ax05" comment="LK bouton trace named after cfa" hidden="false" closed="true" simplified="true" border="0 1 1" fill="0.502 1 1" mode="9"
 points="2.2031 1.91695,
	2.2084 1.90635,
	2.21899 1.8984,
	2.24019 1.8878,
	2.25079 1.88383,
	2.26139 1.87323,
	2.27199 1.86661,
	2.29318 1.85866,
	2.31438 1.85866,
	2.33557 1.86131,
	2.35677 1.86131,
	2.37797 1.85733,
	2.39916 1.85601,
	2.40976 1.85601,
	2.43096 1.86661,
	2.44023 1.8772,
	2.44553 1.8825,
	2.45215 1.8931,
	2.45745 1.8984,
	2.47865 1.909,
	2.48925 1.9143,
	2.49985 1.91562,
	2.54224 1.90237,
	2.56344 1.90237,
	2.57403 1.91032,
	2.57668 1.91297,
	2.57668 1.92357,
	2.57271 1.93417,
	2.55681 1.95536,
	2.53562 1.96994,
	2.51442 1.98054,
	2.50382 1.98319,
	2.41904 1.98583,
	2.37664 1.98981,
	2.35545 1.98981,
	2.31305 1.98583,
	2.29186 1.98451,
	2.27066 1.98054,
	2.26536 1.97921,
	2.26006 1.97524,
	2.24946 1.97126,
	2.24417 1.96729,
	2.24152 1.96729,
	2.22032 1.95007,
	2.20972 1.94212,
	2.20442 1.93814,
	2.2031 1.91827,
	"/>
</Transform>

<Transform dim="0"
 xcoef=" 0 1 0 0 0 0"
 ycoef=" 0 0 1 0 0 0">
<Contour name="d03p04a" hidden="false" closed="true" simplified="false" border="0 0 1" fill="0 0 1" mode="-13"
 points="3.52259 2.71326,
	3.50202 2.69269,
	3.52259 2.67211,
	3.54316 2.69269,
	"/>
<Contour name="d03p04b" hidden="false" closed="true" simplified="false" border="0 0 1" fill="0 0 1" mode="-13"
 points="3.52259 2.71326,
	3.50202 2.69269,
	3.52259 2.67211,
	3.54316 2.69269,
	"/>
<Contour name="d03" hidden="false" closed="true" simplified="true" border="0 1 0" fill="0 1 0" mode="9"
 points="3.35229 3.34715,
	3.38482 3.23758,
	3.38824 3.22388,
	3.38996 3.21703,
	3.37797 3.16225,
	3.40365 3.13485,
	3.4105 3.12801,
	3.4379 3.12629,
	3.44132 3.12629,
	3.49439 3.07151,
	3.54918 3.02528,
	3.60397 2.97563,
	3.60739 2.9722,
	3.63479 2.96707,
	3.64163 2.96536,
	3.67759 2.91228,
	3.69471 2.85749,
	3.70498 2.80271,
	3.70841 2.77531,
	3.71183 2.76162,
	3.69642 2.65204,
	3.69129 2.62465,
	3.68957 2.61095,
	3.68786 2.6041,
	3.68615 2.60068,
	3.69813 2.58869,
	3.70498 2.58356,
	3.70841 2.58185,
	3.76319 2.59725,
	3.77689 2.60239,
	3.80428 2.60239,
	3.83168 2.61438,
	3.84537 2.62122,
	3.85736 2.63321,
	3.87448 2.6606,
	3.8779 2.66745,
	3.9053 2.688,
	3.91899 2.69656,
	3.93269 2.71025,
	3.94296 2.72395,
	3.94296 2.75134,
	3.94125 2.76504,
	3.92413 2.79243,
	3.91557 2.80613,
	3.86078 2.85578,
	3.81284 2.91057,
	3.80428 2.92427,
	3.78203 2.97905,
	3.77175 3.00645,
	3.75977 3.06123,
	3.74436 3.11602,
	3.7358 3.14341,
	3.73238 3.1982,
	3.73409 3.25299,
	3.73409 3.28038,
	3.73922 3.30778,
	3.73922 3.31462,
	3.74265 3.31976,
	3.77004 3.34031,
	3.78374 3.35058,
	3.79744 3.35571,
	3.80257 3.36085,
	3.80428 3.37455,
	3.80257 3.3814,
	3.76662 3.43618,
	3.75635 3.44988,
	3.70156 3.49097,
	3.64677 3.52692,
	3.61938 3.54233,
	3.61253 3.54576,
	3.58514 3.54062,
	3.57829 3.53891,
	3.55603 3.51152,
	3.53035 3.48583,
	3.51665 3.47385,
	3.48926 3.467,
	3.47556 3.46529,
	3.46871 3.46358,
	3.44132 3.47214,
	3.42762 3.47556,
	3.41393 3.47556,
	3.40708 3.47556,
	3.3814 3.44988,
	3.37455 3.44303,
	3.36085 3.41564,
	3.354 3.40194,
	3.35229 3.34887,
	"/>
<Contour name="d03" hidden="false" closed="true" simplified="true" border="0 1 0" fill="0 1 0" mode="9"
 points="2.63046 2.89519,
	2.64971 2.87834,
	2.68822 2.86149,
	2.69784 2.85668,
	2.85187 2.85909,
	2.92888 2.8639,
	3.00589 2.8639,
	3.02515 2.8639,
	3.03477 2.8639,
	3.07328 2.84465,
	3.09253 2.83502,
	3.16954 2.81577,
	3.1888 2.81096,
	3.26581 2.75801,
	3.28506 2.74357,
	3.36208 2.72191,
	3.38133 2.7171,
	3.40058 2.70266,
	3.41983 2.6834,
	3.42946 2.67618,
	3.43668 2.63768,
	3.43909 2.61842,
	3.42465 2.54141,
	3.42465 2.53178,
	3.41983 2.52216,
	3.38374 2.48365,
	3.37652 2.47403,
	3.3717 2.46921,
	3.29469 2.4644,
	3.27544 2.46199,
	3.23693 2.43311,
	3.22008 2.41867,
	3.20564 2.38017,
	3.20083 2.36091,
	3.20083 2.34166,
	3.20083 2.33203,
	3.27544 2.26705,
	3.29469 2.25021,
	3.32357 2.2117,
	3.33079 2.20208,
	3.36689 2.23577,
	3.38855 2.31278,
	3.39336 2.32241,
	3.43187 2.3561,
	3.45112 2.37535,
	3.47037 2.38979,
	3.50888 2.39942,
	3.51851 2.39701,
	3.55701 2.37295,
	3.57627 2.36091,
	3.58589 2.35369,
	3.60515 2.35369,
	3.62921 2.3922,
	3.64125 2.41145,
	3.64847 2.43071,
	3.65569 2.50772,
	3.65809 2.52697,
	3.65087 2.56548,
	3.62681 2.64249,
	3.6244 2.681,
	3.62921 2.75801,
	3.62921 2.79652,
	3.64365 2.87353,
	3.64847 2.91203,
	3.64365 2.93129,
	3.48963 3.05162,
	3.45112 3.08291,
	3.37892 3.15992,
	3.3693 3.16954,
	3.36448 3.17436,
	3.37652 3.25137,
	3.37892 3.25618,
	3.3332 3.3332,
	3.32598 3.34282,
	3.30672 3.35004,
	3.22971 3.36689,
	3.21046 3.37411,
	3.17195 3.39577,
	3.16232 3.40058,
	3.12382 3.40058,
	3.11419 3.39818,
	3.07569 3.3693,
	3.06847 3.35967,
	3.03959 3.28266,
	3.02274 3.24415,
	3.02033 3.23452,
	2.98423 3.19842,
	2.96498 3.18639,
	2.88797 3.15992,
	2.84946 3.14307,
	2.83021 3.13104,
	2.82058 3.12622,
	2.7917 3.08772,
	2.7893 3.07809,
	2.79411 3.03959,
	2.79652 3.02033,
	2.79892 3.01071,
	2.76282 2.97942,
	2.72432 2.96498,
	2.6473 2.96498,
	2.63527 2.94573,
	2.63046 2.9361,
	2.63046 2.89759,
	"/>
<Contour name="d03cfa03ax06" hidden="false" closed="false" simplified="false" border="0 1 1" fill="0 1 1" mode="9"
 points="3.76973 3.33549,
	3.7552 3.24103,
	3.76246 3.1393,
	3.79153 3.03757,
	3.81333 2.94311,
	3.8533 2.87407,
	"/>
</Transform>

<Transform dim="0"
 xcoef=" 0 1 0 0 0 0"
 ycoef=" 0 0 1 0 0 0">
<Contour name="ax06" comment="LK bouton trace named after cfa" hidden="false" closed="true" simplified="true" border="0 1 1" fill="0.502 1 1" mode="9"
 points="3.75803 3.18383,
	3.77089 3.14955,
	3.7741 3.14098,
	3.77839 3.1067,
	3.78053 3.08956,
	3.79017 3.05528,
	3.79338 3.04671,
	3.79874 3.01243,
	3.80195 2.99528,
	3.80303 2.97814,
	3.80517 2.96957,
	3.80517 2.961,
	3.81053 2.94386,
	3.81374 2.93529,
	3.81695 2.93101,
	3.8191 2.92887,
	3.81802 2.9203,
	3.82338 2.90316,
	3.83195 2.88601,
	3.8598 2.85173,
	3.87694 2.83995,
	3.91123 2.82067,
	3.9198 2.81638,
	3.93694 2.80353,
	3.96372 2.76925,
	3.97015 2.76068,
	3.97764 2.75425,
	3.99478 2.74996,
	4.00335 2.74889,
	4.0205 2.75103,
	4.03764 2.75532,
	4.07192 2.76925,
	4.08906 2.77782,
	4.1062 2.79174,
	4.11048 2.80031,
	4.11262 2.81745,
	4.11048 2.83459,
	4.11155 2.85173,
	4.11155 2.8603,
	4.11691 2.87744,
	4.12548 2.89459,
	4.13084 2.90316,
	4.14798 2.91708,
	4.16512 2.92351,
	4.17369 2.92779,
	4.20797 2.92994,
	4.21654 2.92994,
	4.23368 2.92351,
	4.25082 2.91922,
	4.25296 2.91815,
	4.26153 2.92137,
	4.26689 2.92994,
	4.26796 2.93851,
	4.27546 2.95565,
	4.28081 2.97279,
	4.28296 2.98136,
	4.29153 2.9985,
	4.29581 3.00707,
	4.29796 3.01135,
	4.30545 3.01992,
	4.30974 3.02421,
	4.31188 3.02635,
	4.32902 3.02314,
	4.33759 3.02528,
	4.34188 3.02528,
	4.35902 3.03385,
	4.36759 3.03814,
	4.38366 3.05528,
	4.40723 3.08956,
	4.41151 3.09813,
	4.41258 3.1067,
	4.41151 3.11527,
	4.40508 3.13241,
	4.40401 3.14098,
	4.40723 3.15812,
	4.4158 3.17526,
	4.43186 3.1924,
	4.44043 3.20954,
	4.44686 3.22668,
	4.44793 3.24382,
	4.44686 3.26096,
	4.44365 3.2781,
	4.43294 3.31238,
	4.42437 3.32952,
	4.41258 3.34666,
	4.40508 3.35523,
	4.38794 3.36702,
	4.35366 3.38202,
	4.33652 3.38737,
	4.30224 3.3938,
	4.2851 3.39487,
	4.25082 3.38951,
	4.24225 3.38737,
	4.22511 3.3863,
	4.20797 3.38737,
	4.19083 3.3938,
	4.15655 3.41308,
	4.13941 3.42487,
	4.10513 3.44201,
	4.08799 3.44629,
	4.07942 3.44951,
	4.04513 3.45272,
	3.97657 3.44951,
	3.95943 3.44201,
	3.94229 3.43022,
	3.90908 3.39701,
	3.89194 3.39059,
	3.88337 3.38844,
	3.8748 3.38309,
	3.87052 3.3788,
	3.86195 3.37773,
	3.85338 3.37023,
	3.83624 3.36059,
	3.82767 3.35738,
	3.81053 3.3563,
	3.79338 3.34988,
	3.78481 3.34452,
	3.77303 3.32738,
	3.76875 3.31024,
	3.76767 3.27596,
	3.76553 3.27167,
	3.76553 3.25453,
	3.76232 3.23739,
	3.76125 3.20311,
	3.7591 3.20097,
	3.75803 3.1849,
	"/>
</Transform>

<Transform dim="0"
 xcoef=" 0 1 0 0 0 0"
 ycoef=" 0 0 1 0 0 0">
<Contour name="ax09" comment="LK bouton trace named after cfa" hidden="false" closed="true" simplified="true" border="0 1 1" fill="0.502 1 1" mode="9"
 points="4.27262 1.92141,
	4.27426 1.91814,
	4.27426 1.9165,
	4.2759 1.91486,
	4.2759 1.91322,
	4.27753 1.91159,
	4.27753 1.90995,
	4.27917 1.90831,
	4.28081 1.90176,
	4.28081 1.89849,
	4.28326 1.89194,
	4.28736 1.88539,
	4.29391 1.87966,
	4.30046 1.87557,
	4.30373 1.87475,
	4.30537 1.87311,
	4.35776 1.86574,
	4.36431 1.8641,
	4.36759 1.86247,
	4.39378 1.85919,
	4.41998 1.85755,
	4.42653 1.85674,
	4.43963 1.85919,
	4.44618 1.86247,
	4.45273 1.86738,
	4.45846 1.88048,
	4.45846 1.88703,
	4.456 1.89358,
	4.45191 1.90013,
	4.44536 1.90586,
	4.43226 1.91322,
	4.41916 1.91814,
	4.41261 1.92141,
	4.40606 1.92305,
	4.39951 1.92305,
	4.39296 1.9255,
	4.38642 1.92632,
	4.37332 1.93533,
	4.36104 1.94843,
	4.34794 1.95743,
	4.3463 1.95907,
	4.34303 1.95989,
	4.34139 1.96153,
	4.33484 1.96234,
	4.30864 1.95989,
	4.29554 1.96398,
	4.28899 1.96398,
	4.28736 1.96398,
	4.27671 1.95334,
	4.27508 1.9517,
	4.27508 1.9386,
	4.27262 1.9255,
	4.27262 1.92223,
	"/>
</Transform>

<Transform dim="0"
 xcoef=" 0 1 0 0 0 0"
 ycoef=" 0 0 1 0 0 0">
<Contour name="d08" hidden="false" closed="true" simplified="true" border="1 0 0" fill="1 0 0" mode="9"
 points="5.32724 5.06088,
	5.34126 5.03284,
	5.3693 5.00481,
	5.39734 4.99079,
	5.42538 4.99079,
	5.43239 4.9978,
	5.4394 4.9978,
	5.44641 5.00481,
	5.46043 4.9978,
	5.47444 5.01182,
	5.48145 5.01532,
	5.48496 5.04336,
	5.50599 5.0714,
	5.53403 5.08892,
	5.55856 5.11345,
	5.57258 5.12397,
	5.60062 5.13098,
	5.61464 5.13448,
	5.63917 5.15902,
	5.64267 5.21509,
	5.62865 5.22561,
	5.57258 5.2221,
	5.54454 5.2186,
	5.53052 5.21159,
	5.41837 5.20808,
	5.36229 5.20808,
	5.34827 5.20458,
	5.33425 5.19056,
	5.32724 5.17654,
	5.32724 5.06439,
	"/>
<Contour name="d08cfa06ax24" hidden="false" closed="false" simplified="false" border="0 1 1" fill="0 1 1" mode="9"
 points="5.53716 5.21446,
	5.49701 5.21234,
	5.36811 5.21234,
	"/>
</Transform>

<Transform dim="0"
 xcoef=" 0 1 0 0 0 0"
 ycoef=" 0 0 1 0 0 0">
<Contour name="ax24" comment="LK bouton trace named after cfa" hidden="false" closed="true" simplified="true" border="0 1 1" fill="0.502 1 1" mode="9"
 points="5.09879 5.55551,
	5.1063 5.54693,
	5.11005 5.54264,
	5.11434 5.53942,
	5.11649 5.53781,
	5.12024 5.52923,
	5.12239 5.52494,
	5.12507 5.51636,
	5.124 5.51421,
	5.124 5.51207,
	5.12561 5.50992,
	5.12668 5.50885,
	5.12775 5.50456,
	5.13419 5.49598,
	5.13955 5.4874,
	5.14116 5.4831,
	5.14384 5.47881,
	5.14438 5.46165,
	5.14438 5.4595,
	5.14599 5.45521,
	5.14706 5.45307,
	5.14706 5.44449,
	5.14706 5.4402,
	5.15189 5.43161,
	5.15404 5.42732,
	5.16154 5.41874,
	5.16476 5.41445,
	5.18193 5.39836,
	5.19909 5.38549,
	5.20338 5.38227,
	5.22054 5.37261,
	5.2243 5.36993,
	5.23234 5.35277,
	5.23664 5.34419,
	5.23932 5.32702,
	5.24522 5.30986,
	5.25058 5.30128,
	5.2538 5.29752,
	5.27096 5.28519,
	5.27954 5.27929,
	5.28813 5.27231,
	5.29242 5.2691,
	5.30797 5.25193,
	5.32245 5.23477,
	5.32674 5.23155,
	5.32889 5.22994,
	5.34605 5.22404,
	5.35463 5.22243,
	5.36322 5.2219,
	5.38038 5.22297,
	5.38896 5.2235,
	5.39325 5.22404,
	5.40183 5.22672,
	5.40613 5.22833,
	5.44045 5.23316,
	5.47478 5.2396,
	5.49194 5.2412,
	5.50911 5.2412,
	5.52627 5.24013,
	5.53485 5.23906,
	5.54343 5.23906,
	5.54558 5.23745,
	5.55416 5.2337,
	5.55631 5.23262,
	5.55738 5.23155,
	5.56596 5.22994,
	5.57025 5.22887,
	5.57883 5.2294,
	5.58313 5.22994,
	5.59171 5.23477,
	5.596 5.23745,
	5.59922 5.24174,
	5.60136 5.24603,
	5.60404 5.25461,
	5.61155 5.27178,
	5.61263 5.27607,
	5.61477 5.28036,
	5.61584 5.29752,
	5.61638 5.3061,
	5.61799 5.31469,
	5.61852 5.33185,
	5.61906 5.34043,
	5.62067 5.34901,
	5.62067 5.3533,
	5.62013 5.35545,
	5.6196 5.35652,
	5.62764 5.37369,
	5.62872 5.37583,
	5.62925 5.38441,
	5.62979 5.3887,
	5.62389 5.42303,
	5.60833 5.45736,
	5.60565 5.46594,
	5.60512 5.47023,
	5.60619 5.4874,
	5.60673 5.49598,
	5.60565 5.50456,
	5.60565 5.50885,
	5.60297 5.51314,
	5.60029 5.52172,
	5.58742 5.53889,
	5.58044 5.54747,
	5.56328 5.56302,
	5.5606 5.56731,
	5.55899 5.5716,
	5.55738 5.58019,
	5.55953 5.58877,
	5.56382 5.59735,
	5.56543 5.60164,
	5.56596 5.61022,
	5.5665 5.61451,
	5.56543 5.62309,
	5.56167 5.63168,
	5.55953 5.63597,
	5.55255 5.64455,
	5.5488 5.64884,
	5.54022 5.65367,
	5.52305 5.66171,
	5.50589 5.66332,
	5.48873 5.66225,
	5.48014 5.66171,
	5.46298 5.66332,
	5.4544 5.66386,
	5.43723 5.66118,
	5.42865 5.6601,
	5.41149 5.6542,
	5.40291 5.65152,
	5.39433 5.65099,
	5.37716 5.65206,
	5.36858 5.65259,
	5.35142 5.65152,
	5.34283 5.65045,
	5.33425 5.64669,
	5.32996 5.64455,
	5.3128 5.63329,
	5.30422 5.62792,
	5.29564 5.6247,
	5.26131 5.62041,
	5.24414 5.6188,
	5.23985 5.61827,
	5.23127 5.61505,
	5.22269 5.61022,
	5.22054 5.60861,
	5.2184 5.60808,
	5.21786 5.60808,
	5.21304 5.60539,
	5.21089 5.60432,
	5.20982 5.60432,
	5.20767 5.60271,
	5.20338 5.60164,
	5.20124 5.60057,
	5.19694 5.60057,
	5.18836 5.59896,
	5.18407 5.59896,
	5.17978 5.60003,
	5.17549 5.60003,
	5.16691 5.60164,
	5.16262 5.60271,
	5.15404 5.60271,
	5.13687 5.59896,
	5.11971 5.59091,
	5.11113 5.58555,
	5.10684 5.58233,
	5.10362 5.57804,
	5.10201 5.57589,
	5.10094 5.57482,
	5.09933 5.56624,
	5.09879 5.55766,
	5.09879 5.55605,
	"/>
</Transform>

<Transform dim="0"
 xcoef=" 0 1 0 0 0 0"
 ycoef=" 0 0 1 0 0 0">
<Contour name="d08" hidden="false" closed="true" simplified="true" border="1 0 0" fill="1 0 0" mode="9"
 points="4.51764 4.22324,
	4.52465 4.1952,
	4.52465 4.08305,
	4.52465 4.02698,
	4.52465 4.01296,
	4.52465 4.00595,
	4.54919 3.97791,
	4.58073 3.92534,
	4.61928 3.86926,
	4.64732 3.84473,
	4.67536 3.8272,
	4.7034 3.83071,
	4.75597 3.88328,
	4.75597 3.89029,
	4.76298 3.8973,
	4.76298 3.91132,
	4.77349 3.92183,
	4.88564 3.92534,
	4.89966 3.92534,
	4.9277 3.95338,
	4.98378 3.97791,
	5.00831 4.00244,
	5.02233 4.01646,
	5.02934 4.02347,
	5.08542 4.01296,
	5.11345 3.99894,
	5.14149 3.9744,
	5.15551 3.9674,
	5.18004 3.93936,
	5.23612 3.8938,
	5.26416 3.87627,
	5.32023 3.85174,
	5.37631 3.81669,
	5.40435 3.80267,
	5.41486 3.79566,
	5.43239 3.76762,
	5.4429 3.7536,
	5.44991 3.72557,
	5.45342 3.71155,
	5.47444 3.68351,
	5.50248 3.66248,
	5.53052 3.64846,
	5.5866 3.64496,
	5.61464 3.64496,
	5.64267 3.65547,
	5.65669 3.65898,
	5.6637 3.66599,
	5.69174 3.66949,
	5.70576 3.66949,
	5.71978 3.6765,
	5.74782 3.70454,
	5.75483 3.73258,
	5.75483 3.84473,
	5.75483 3.9008,
	5.75483 3.91482,
	5.76184 3.92884,
	5.76184 3.95688,
	5.76184 3.9709,
	5.74782 3.98492,
	5.74081 3.99894,
	5.68473 4.01997,
	5.65669 4.03399,
	5.64267 4.0445,
	5.63566 4.05151,
	5.60763 4.05501,
	5.59361 4.05501,
	5.5901 4.06903,
	5.57258 4.09707,
	5.57258 4.10408,
	5.56557 4.10759,
	5.56206 4.13562,
	5.56206 4.14964,
	5.55505 4.16366,
	5.53052 4.18119,
	5.50949 4.20572,
	5.50248 4.21273,
	5.49898 4.22675,
	5.46043 4.28282,
	5.4394 4.30385,
	5.43239 4.31787,
	5.42538 4.32488,
	5.31323 4.32138,
	5.30622 4.32138,
	5.25014 4.27231,
	5.23612 4.25829,
	5.2221 4.25128,
	5.21509 4.24427,
	5.18705 4.23726,
	5.17303 4.22675,
	5.145 4.21623,
	5.13098 4.20922,
	5.0749 4.20572,
	5.04686 4.20221,
	4.99079 4.14964,
	4.96275 4.12511,
	4.96275 4.1181,
	4.90667 4.1181,
	4.87863 4.1216,
	4.86462 4.1216,
	4.80854 4.15665,
	4.75947 4.20572,
	4.73844 4.22675,
	4.73143 4.25479,
	4.73143 4.2688,
	4.71041 4.29684,
	4.7069 4.31086,
	4.68587 4.3354,
	4.67886 4.34241,
	4.67886 4.34941,
	4.66484 4.36343,
	4.65783 4.37044,
	4.6298 4.37745,
	4.61578 4.38446,
	4.60877 4.38446,
	4.59475 4.39498,
	4.53867 4.39848,
	4.52465 4.38446,
	4.51764 4.37044,
	4.51764 4.25829,
	4.51764 4.23025,
	4.51764 4.22675,
	"/>
<Contour name="d08cfa09Aax25" hidden="false" closed="false" simplified="false" border="0 1 1" fill="0 1 1" mode="9"
 points="4.52369 4.19876,
	4.53036 4.13871,
	4.53036 4.08755,
	4.53926 4.01193,
	"/>
<Contour name="D05" hidden="false" closed="true" simplified="true" border="1 1 0" fill="1 1 0" mode="11"
 points="4.04967 4.44607,
	4.05307 4.4368,
	4.06295 4.42844,
	4.07833 4.42181,
	4.09771 4.41755,
	4.11919 4.41608,
	4.14067 4.41755,
	4.16005 4.42181,
	4.17543 4.42844,
	4.18531 4.4368,
	4.18871 4.44607,
	4.18531 4.45534,
	4.17543 4.4637,
	4.16005 4.47033,
	4.14067 4.47459,
	4.11919 4.47606,
	4.09771 4.47459,
	4.07833 4.47033,
	4.06295 4.4637,
	"/>
</Transform>

<Transform dim="0"
 xcoef=" 0 1 0 0 0 0"
 ycoef=" 0 0 1 0 0 0">
<Contour name="ax25" comment="LK bouton trace named after cfa" hidden="false" closed="true" simplified="true" border="0 1 1" fill="0.502 1 1" mode="9"
 points="3.56969 3.97127,
	3.57368 3.96596,
	3.5843 3.95932,
	3.5916 3.9487,
	3.59492 3.93808,
	3.5989 3.93343,
	3.60952 3.92746,
	3.61483 3.92414,
	3.61749 3.92215,
	3.62479 3.91153,
	3.6301 3.90688,
	3.63474 3.90357,
	3.63939 3.88233,
	3.6447 3.8717,
	3.64868 3.86639,
	3.6593 3.85909,
	3.68054 3.85246,
	3.68585 3.8498,
	3.69116 3.84582,
	3.70178 3.8425,
	3.72302 3.83918,
	3.72568 3.83918,
	3.74692 3.82989,
	3.75223 3.82856,
	3.77347 3.8279,
	3.77878 3.8279,
	3.80002 3.81661,
	3.82126 3.80666,
	3.82657 3.80467,
	3.84781 3.804,
	3.89029 3.80798,
	3.90091 3.80798,
	3.92215 3.8113,
	3.96463 3.81329,
	3.98587 3.81529,
	3.99649 3.81661,
	4.00711 3.81927,
	4.01773 3.82325,
	4.03897 3.8279,
	4.04428 3.82856,
	4.0549 3.83321,
	4.07614 3.83653,
	4.08676 3.83653,
	4.09207 3.8352,
	4.10269 3.82989,
	4.11331 3.82723,
	4.12393 3.82325,
	4.12924 3.82325,
	4.13455 3.82657,
	4.1392 3.83122,
	4.14982 3.83653,
	4.15513 3.83852,
	4.16575 3.83852,
	4.18699 3.83586,
	4.19761 3.83453,
	4.20292 3.83254,
	4.21354 3.83188,
	4.22416 3.83653,
	4.22682 3.83785,
	4.23146 3.84316,
	4.24208 3.8498,
	4.24739 3.85246,
	4.26863 3.8571,
	4.27925 3.85843,
	4.32173 3.86905,
	4.34297 3.8737,
	4.34828 3.87303,
	4.35094 3.87303,
	4.36156 3.86706,
	4.36687 3.86308,
	4.37417 3.85246,
	4.37948 3.84847,
	4.38479 3.84648,
	4.39541 3.84648,
	4.40603 3.84781,
	4.44851 3.84648,
	4.45382 3.84781,
	4.45648 3.84781,
	4.4671 3.85378,
	4.46975 3.85577,
	4.47639 3.86639,
	4.48701 3.88764,
	4.49099 3.89826,
	4.49298 3.90357,
	4.49431 3.92481,
	4.49431 3.93012,
	4.49365 3.93078,
	4.49697 3.93609,
	4.50028 3.94671,
	4.50294 3.95202,
	4.5036 3.95467,
	4.50559 3.95733,
	4.50559 3.95866,
	4.51356 3.96928,
	4.5202 3.9799,
	4.52352 3.98521,
	4.52484 3.99583,
	4.52352 4.01707,
	4.52219 4.02769,
	4.5202 4.033,
	4.51953 4.03831,
	4.51887 4.04096,
	4.51887 4.04229,
	4.5202 4.04362,
	4.51953 4.05424,
	4.51887 4.05955,
	4.51754 4.0622,
	4.51688 4.08344,
	4.51688 4.08875,
	4.51489 4.09406,
	4.50759 4.13654,
	4.50493 4.15778,
	4.50493 4.17903,
	4.50427 4.18965,
	4.50427 4.19496,
	4.50161 4.20558,
	4.50095 4.21089,
	4.49896 4.2162,
	4.49232 4.22682,
	4.48834 4.23213,
	4.47772 4.24208,
	4.4671 4.25071,
	4.45847 4.26133,
	4.44387 4.28257,
	4.43988 4.28788,
	4.42926 4.29784,
	4.42661 4.29983,
	4.42395 4.30049,
	4.42262 4.30182,
	4.4213 4.30182,
	4.41599 4.30514,
	4.41068 4.30713,
	4.40006 4.3131,
	4.3974 4.31377,
	4.37616 4.32771,
	4.36554 4.33567,
	4.36023 4.33899,
	4.35492 4.34098,
	4.33368 4.35293,
	4.32306 4.3589,
	4.30182 4.3682,
	4.28058 4.37616,
	4.25934 4.38214,
	4.2381 4.38678,
	4.21686 4.38877,
	4.19562 4.38877,
	4.15314 4.38014,
	4.1319 4.37483,
	4.08942 4.35957,
	4.04694 4.34231,
	4.03632 4.33634,
	4.03101 4.33567,
	4.02039 4.33235,
	4.01508 4.33103,
	4.01309 4.32903,
	3.99185 4.32372,
	3.97061 4.31642,
	3.96529 4.31377,
	3.95998 4.31244,
	3.94936 4.3058,
	3.93874 4.30116,
	3.93609 4.30049,
	3.93476 4.29917,
	3.92945 4.29784,
	3.88697 4.29784,
	3.87635 4.2985,
	3.87104 4.29784,
	3.86573 4.29585,
	3.85511 4.28855,
	3.8498 4.28324,
	3.84582 4.27793,
	3.8352 4.27062,
	3.82458 4.26465,
	3.82192 4.26266,
	3.80068 4.25536,
	3.79006 4.25137,
	3.78475 4.24938,
	3.77944 4.2454,
	3.76882 4.24009,
	3.75887 4.23146,
	3.75024 4.22084,
	3.7363 4.1996,
	3.72435 4.17903,
	3.71904 4.17438,
	3.70842 4.16841,
	3.70311 4.16509,
	3.69249 4.15579,
	3.67125 4.14385,
	3.62877 4.12194,
	3.61815 4.11663,
	3.61549 4.1153,
	3.61018 4.10999,
	3.60288 4.09937,
	3.59359 4.07813,
	3.59093 4.06751,
	3.59027 4.0622,
	3.58894 4.05955,
	3.58562 4.03831,
	3.58562 4.02769,
	3.5843 4.01707,
	3.58098 4.00645,
	3.57633 3.99583,
	3.57036 3.98521,
	3.56969 3.9799,
	3.57036 3.97459,
	3.56969 3.97193,
	"/>
</Transform>

<Transform dim="0"
 xcoef=" 0 1 0 0 0 0"
 ycoef=" 0 0 1 0 0 0">
<Contour name="ax27" hidden="false" closed="true" simplified="true" border="0 0 1" fill="0 0 1" mode="11"
 points="3.45266 4.131,
	3.47121 4.11245,
	3.4924 4.1098,
	3.5348 4.1257,
	3.5772 4.12835,
	3.5984 4.1257,
	3.6037 4.1257,
	3.60899 4.1204,
	3.61429 4.1204,
	3.62224 4.131,
	3.62754 4.131,
	3.65139 4.1681,
	3.65139 4.1787,
	3.62754 4.22109,
	3.61164 4.23964,
	3.60105 4.24759,
	3.59045 4.25024,
	3.54805 4.23699,
	3.50565 4.23434,
	3.48446 4.22639,
	3.46591 4.20784,
	3.45796 4.19725,
	3.45266 4.15485,
	3.45266 4.13365,
	"/>
</Transform>

<Transform dim="0"
 xcoef=" 0 1 0 0 0 0"
 ycoef=" 0 0 1 0 0 0">
<Contour name="d03c03ax06" hidden="false" closed="true" simplified="true" border="0 1 0" fill="0 1 0" mode="9"
 points="3.68976 3.18319,
	3.69941 3.04582,
	3.70156 3.01148,
	3.70263 2.9943,
	3.70371 2.98572,
	3.70478 2.98143,
	3.75415 2.91274,
	3.77776 2.8784,
	3.79064 2.86122,
	3.79601 2.85264,
	3.79815 2.85049,
	3.86684 2.87625,
	3.88401 2.88269,
	3.8883 2.88484,
	3.88938 2.89342,
	3.88723 2.92776,
	3.85825 3.20251,
	3.85074 3.2712,
	3.84967 3.28837,
	3.84645 3.30554,
	3.70907 3.36027,
	3.70585 3.3431,
	3.6919 3.20573,
	3.68976 3.18856,
	3.68976 3.18427,
	"/>
</Transform>

<Transform dim="0"
 xcoef=" 0 1 0 0 0 0"
 ycoef=" 0 0 1 0 0 0">
<Contour name="d08c06ax24" hidden="false" closed="true" simplified="true" border="0 1 0" fill="0 1 0" mode="9"
 points="5.36499 5.17852,
	5.37315 5.1775,
	5.50358 5.18565,
	5.53619 5.18769,
	5.54026 5.18769,
	5.5423 5.18769,
	5.54332 5.19177,
	5.5372 5.25698,
	5.53619 5.26513,
	5.53619 5.26921,
	5.53517 5.27125,
	5.40474 5.25902,
	5.37213 5.25596,
	5.37009 5.25494,
	5.36601 5.18973,
	5.36499 5.18158,
	5.36499 5.17954,
	"/>
</Transform>

<Transform dim="0"
 xcoef=" 0 1 0 0 0 0"
 ycoef=" 0 0 1 0 0 0">
<Contour name="d08c09Aax25" hidden="false" closed="true" simplified="true" border="0 1 0" fill="0 1 0" mode="9"
 points="4.46132 4.19315,
	4.47353 4.08537,
	4.47985 4.03148,
	4.48111 4.01801,
	4.48195 4.01127,
	4.48237 4.01043,
	4.53626 4.0117,
	4.54973 4.0117,
	4.55647 4.01212,
	4.55984 4.01212,
	4.56068 4.01254,
	4.55394 4.12031,
	4.55015 4.1742,
	4.54847 4.20115,
	4.54805 4.20283,
	4.49416 4.1982,
	4.46722 4.19567,
	4.46385 4.19525,
	4.46216 4.19525,
	4.46132 4.19483,
	4.46132 4.19357,
	"/>
</Transform>

<Transform dim="0"
 xcoef=" 0 1 0 0 0 0"
 ycoef=" 0 0 1 0 0 0">
<Contour name="ddh_d06ax07" comment="traced by ddh 12/20/18" hidden="false" closed="true" simplified="true" border="0.5 0 1" fill="0.5 0 1" mode="11"
 points="1.72196 8.42907,
	1.72246 8.42512,
	1.72344 8.42314,
	1.72394 8.41919,
	1.72591 8.41524,
	1.7269 8.41425,
	1.7269 8.41327,
	1.73085 8.40981,
	1.7348 8.40783,
	1.73678 8.40734,
	1.73776 8.40734,
	1.73875 8.40635,
	1.74665 8.40635,
	1.7506 8.40635,
	1.75455 8.40536,
	1.77036 8.40536,
	1.77826 8.40685,
	1.78221 8.40833,
	1.78616 8.4108,
	1.78912 8.41327,
	1.79653 8.41919,
	1.7985 8.42117,
	1.80196 8.42364,
	1.80394 8.42413,
	1.80591 8.42561,
	1.82171 8.43006,
	1.82961 8.43203,
	1.83357 8.43302,
	1.83554 8.43351,
	1.83949 8.43697,
	1.84048 8.43697,
	1.84097 8.43796,
	1.84295 8.43845,
	1.84394 8.43944,
	1.84492 8.43944,
	1.85282 8.44487,
	1.85924 8.45228,
	1.86319 8.46018,
	1.86517 8.46413,
	1.87208 8.47006,
	1.87603 8.47401,
	1.87752 8.47549,
	1.8785 8.47549,
	1.88147 8.47944,
	1.88196 8.48339,
	1.88147 8.48536,
	1.8785 8.48931,
	1.87455 8.49228,
	1.86665 8.49573,
	1.85134 8.50018,
	1.84344 8.50166,
	1.82764 8.50166,
	1.82369 8.50166,
	1.81579 8.49969,
	1.81184 8.49969,
	1.79604 8.49573,
	1.79208 8.49573,
	1.78418 8.49376,
	1.78023 8.49228,
	1.77826 8.49228,
	1.77628 8.49129,
	1.77431 8.49129,
	1.76641 8.48882,
	1.7585 8.48536,
	1.75455 8.4829,
	1.74813 8.47648,
	1.74517 8.47252,
	1.73678 8.45672,
	1.73036 8.4503,
	1.72739 8.44685,
	1.72542 8.44487,
	1.72344 8.44092,
	1.72295 8.43894,
	1.72196 8.43796,
	1.72196 8.43006,
	1.72196 8.42956,
	"/>
</Transform>

<Transform dim="0"
 xcoef=" 0 1 0 0 0 0"
 ycoef=" 0 0 1 0 0 0">
<Contour name="ddh_d06ax08" comment="traced by ddh" hidden="false" closed="true" simplified="true" border="1 0 0.5" fill="1 0 0.5" mode="11"
 points="0.468826 8.26167,
	0.473403 8.2512,
	0.480595 8.24336,
	0.485173 8.24074,
	0.485826 8.23943,
	0.491057 8.23747,
	0.501519 8.23093,
	0.50675 8.22897,
	0.509366 8.22701,
	0.514597 8.2257,
	0.517212 8.2257,
	0.538136 8.2172,
	0.547944 8.21066,
	0.55056 8.20936,
	0.555791 8.20478,
	0.566253 8.2002,
	0.587177 8.19562,
	0.597638 8.19562,
	0.618562 8.19889,
	0.639486 8.20478,
	0.644717 8.20674,
	0.647333 8.20739,
	0.652564 8.21132,
	0.655179 8.21328,
	0.657141 8.21786,
	0.659102 8.22047,
	0.659756 8.2257,
	0.665641 8.23616,
	0.669564 8.24074,
	0.673488 8.24401,
	0.693758 8.25905,
	0.702912 8.26755,
	0.706835 8.27147,
	0.707489 8.2767,
	0.706835 8.28194,
	0.70422 8.28717,
	0.700296 8.29109,
	0.695065 8.29501,
	0.693758 8.29632,
	0.672834 8.30286,
	0.65191 8.30417,
	0.630986 8.30417,
	0.610062 8.30286,
	0.604831 8.30286,
	0.583907 8.29697,
	0.578676 8.29567,
	0.576061 8.29567,
	0.574753 8.29436,
	0.553829 8.2924,
	0.532905 8.2924,
	0.522443 8.2924,
	0.511981 8.29109,
	0.50675 8.29109,
	0.504135 8.29109,
	0.493673 8.28717,
	0.488442 8.2852,
	0.478634 8.27932,
	0.476672 8.27736,
	0.474057 8.2767,
	0.46948 8.27213,
	0.468826 8.26232,
	"/>
</Transform>

<Transform dim="0"
 xcoef=" 0 1 0 0 0 0"
 ycoef=" 0 0 1 0 0 0">
<Contour name="ddh_d06ax10" comment="traced by ddh" hidden="false" closed="true" simplified="true" border="1 1 0" fill="1 1 0" mode="11"
 points="3.76808 7.67991,
	3.77309 7.66847,
	3.77953 7.65703,
	3.78739 7.64558,
	3.79097 7.63986,
	3.79812 7.61698,
	3.8017 7.60554,
	3.80313 7.59981,
	3.80456 7.59695,
	3.80527 7.59123,
	3.80956 7.57979,
	3.81171 7.56835,
	3.81385 7.56263,
	3.81457 7.55119,
	3.81743 7.53974,
	3.81886 7.5283,
	3.81886 7.50542,
	3.81671 7.48253,
	3.80885 7.45965,
	3.80599 7.4482,
	3.80456 7.43676,
	3.8067 7.41388,
	3.80742 7.40816,
	3.81171 7.39671,
	3.81171 7.39099,
	3.81671 7.36811,
	3.81957 7.35667,
	3.821 7.35095,
	3.821 7.34808,
	3.82243 7.34665,
	3.82744 7.32377,
	3.82816 7.30089,
	3.82458 7.28944,
	3.82458 7.28801,
	3.82243 7.28515,
	3.82029 7.27943,
	3.80527 7.25655,
	3.79955 7.2451,
	3.79669 7.23938,
	3.79311 7.22794,
	3.7924 7.20506,
	3.79883 7.15929,
	3.79955 7.15357,
	3.79883 7.1078,
	3.80313 7.08491,
	3.81385 7.06203,
	3.82673 7.03914,
	3.83459 7.0277,
	3.84389 7.01626,
	3.84889 7.01054,
	3.86034 7.00267,
	3.87178 6.99695,
	3.88322 6.9948,
	3.90611 6.99552,
	3.92899 6.9991,
	3.94043 7.00124,
	3.94615 7.00196,
	3.94901 7.00267,
	3.96046 6.99981,
	3.9719 6.99552,
	3.97762 6.99194,
	3.98334 6.9898,
	3.99478 6.98265,
	4.01767 6.96548,
	4.02339 6.96048,
	4.03483 6.95261,
	4.04627 6.94617,
	4.05199 6.94403,
	4.05486 6.94188,
	4.07774 6.93545,
	4.08918 6.93402,
	4.11207 6.93759,
	4.12351 6.94117,
	4.13495 6.94689,
	4.14639 6.95762,
	4.14925 6.96048,
	4.15569 6.97192,
	4.1607 6.98336,
	4.16785 6.9948,
	4.16928 6.99767,
	4.175 7.00339,
	4.18644 7.01268,
	4.20718 7.03557,
	4.22077 7.05845,
	4.25223 7.10422,
	4.26225 7.11566,
	4.26654 7.12138,
	4.27297 7.13283,
	4.27512 7.13855,
	4.27583 7.14427,
	4.2744 7.15571,
	4.27083 7.16715,
	4.26439 7.1786,
	4.25581 7.19004,
	4.25223 7.19576,
	4.24294 7.2072,
	4.23722 7.21292,
	4.22291 7.23581,
	4.22077 7.23867,
	4.21934 7.2401,
	4.21934 7.24153,
	4.21719 7.24439,
	4.21505 7.25011,
	4.2129 7.25297,
	4.21076 7.25869,
	4.20861 7.26155,
	4.20146 7.28444,
	4.19931 7.29588,
	4.19788 7.3016,
	4.20003 7.31304,
	4.20074 7.3159,
	4.20432 7.32091,
	4.20504 7.32377,
	4.20933 7.32949,
	4.21147 7.33235,
	4.21719 7.33521,
	4.22864 7.33736,
	4.23436 7.3395,
	4.23722 7.34093,
	4.24222 7.35238,
	4.24151 7.37526,
	4.24151 7.38098,
	4.23364 7.40387,
	4.22935 7.41531,
	4.22577 7.42103,
	4.22077 7.43247,
	4.20718 7.45536,
	4.19931 7.4668,
	4.19502 7.47252,
	4.19288 7.47538,
	4.19073 7.4811,
	4.18716 7.48682,
	4.18215 7.50971,
	4.18287 7.52115,
	4.18644 7.53259,
	4.19288 7.54403,
	4.19574 7.54975,
	4.20504 7.5612,
	4.21076 7.57264,
	4.21147 7.57836,
	4.21076 7.5898,
	4.20718 7.60125,
	4.19502 7.62413,
	4.1893 7.63557,
	4.18716 7.64129,
	4.17929 7.65274,
	4.16856 7.66203,
	4.16284 7.66632,
	4.1514 7.67204,
	4.12852 7.67991,
	4.12279 7.68063,
	4.09991 7.68921,
	4.09419 7.69135,
	4.0713 7.70637,
	4.05986 7.71281,
	4.04842 7.71638,
	4.03698 7.72139,
	4.02553 7.72282,
	4.01409 7.7221,
	3.99121 7.71638,
	3.97977 7.71209,
	3.95688 7.70923,
	3.934 7.71066,
	3.92255 7.71281,
	3.91683 7.71495,
	3.91397 7.71495,
	3.91111 7.71638,
	3.88823 7.71638,
	3.87679 7.71424,
	3.8539 7.70709,
	3.84317 7.70351,
	3.83173 7.70136,
	3.80885 7.7028,
	3.80313 7.70423,
	3.78024 7.70351,
	3.77738 7.70208,
	3.77309 7.69636,
	3.77023 7.69064,
	3.7688 7.68921,
	3.76808 7.68349,
	3.76808 7.68063,
	"/>
</Transform>

<Transform dim="0"
 xcoef=" 0 1 0 0 0 0"
 ycoef=" 0 0 1 0 0 0">
<Contour name="ddh_d07ax14a" comment="traced by ddh" hidden="false" closed="true" simplified="true" border="1 0 1" fill="1 0 1" mode="11"
 points="1.34097 8.04423,
	1.34415 8.03151,
	1.34495 8.02515,
	1.34972 8.01242,
	1.35767 7.99969,
	1.36722 7.98697,
	1.3704 7.98061,
	1.37994 7.96788,
	1.38551 7.95515,
	1.3879 7.94879,
	1.39028 7.92334,
	1.38551 7.89789,
	1.38312 7.88516,
	1.38392 7.8788,
	1.38392 7.87562,
	1.38551 7.87244,
	1.38551 7.86607,
	1.3871 7.85971,
	1.40221 7.83426,
	1.41255 7.82153,
	1.41414 7.81835,
	1.42687 7.80563,
	1.4388 7.79449,
	1.44675 7.78177,
	1.45232 7.76904,
	1.44834 7.75632,
	1.44675 7.74995,
	1.44755 7.73723,
	1.44993 7.73086,
	1.45391 7.7245,
	1.45948 7.71814,
	1.4722 7.71018,
	1.49766 7.69984,
	1.51038 7.69428,
	1.51674 7.69189,
	1.52947 7.69269,
	1.5422 7.69587,
	1.54856 7.69746,
	1.55413 7.69666,
	1.56049 7.69746,
	1.57321 7.69587,
	1.59867 7.6903,
	1.62412 7.69189,
	1.64957 7.69746,
	1.67502 7.70621,
	1.68775 7.71018,
	1.69411 7.71337,
	1.6957 7.71337,
	1.70206 7.71734,
	1.70843 7.71973,
	1.73388 7.73643,
	1.7466 7.74598,
	1.75853 7.75711,
	1.7641 7.76347,
	1.77683 7.77063,
	1.78955 7.77461,
	1.80228 7.78336,
	1.81103 7.79529,
	1.81818 7.80801,
	1.83011 7.82074,
	1.8325 7.82313,
	1.84523 7.82392,
	1.85159 7.82472,
	1.85795 7.8271,
	1.86113 7.82869,
	1.86988 7.84142,
	1.87306 7.84778,
	1.87465 7.85096,
	1.87465 7.85255,
	1.87704 7.85573,
	1.88499 7.88119,
	1.89692 7.93209,
	1.89931 7.95754,
	1.89931 7.9639,
	1.9009 7.97027,
	1.9017 7.98299,
	1.90488 7.99572,
	1.90567 8.00844,
	1.90806 8.02117,
	1.90886 8.02753,
	1.90488 8.05298,
	1.90249 8.06571,
	1.9009 8.07207,
	1.90011 8.07525,
	1.89772 8.07843,
	1.89533 8.0848,
	1.88818 8.09752,
	1.8842 8.11025,
	1.88261 8.11661,
	1.8842 8.12934,
	1.8842 8.13093,
	1.89533 8.14365,
	1.89852 8.14524,
	1.90567 8.15797,
	1.91045 8.1707,
	1.91204 8.18342,
	1.91045 8.1866,
	1.90408 8.19217,
	1.89772 8.19535,
	1.89454 8.19694,
	1.89295 8.19774,
	1.88977 8.19694,
	1.86432 8.19933,
	1.86113 8.20012,
	1.85477 8.19933,
	1.84205 8.20092,
	1.82932 8.2049,
	1.81659 8.21365,
	1.81341 8.21683,
	1.80069 8.22478,
	1.78796 8.22955,
	1.77524 8.23194,
	1.76251 8.23194,
	1.74978 8.22955,
	1.73706 8.22558,
	1.7307 8.22478,
	1.71797 8.2208,
	1.69252 8.21842,
	1.67979 8.2208,
	1.67343 8.22319,
	1.67025 8.22398,
	1.6448 8.23751,
	1.63843 8.23989,
	1.62571 8.24148,
	1.61298 8.23989,
	1.56208 8.22398,
	1.55015 8.2216,
	1.54856 8.22239,
	1.52311 8.21444,
	1.49766 8.19933,
	1.48493 8.19058,
	1.473 8.17785,
	1.46505 8.16513,
	1.46027 8.1524,
	1.45232 8.13968,
	1.44596 8.1349,
	1.44278 8.13252,
	1.43959 8.13172,
	1.438 8.13013,
	1.43641 8.13013,
	1.43482 8.12854,
	1.40937 8.12616,
	1.39665 8.12536,
	1.38392 8.12695,
	1.37119 8.12457,
	1.36483 8.12297,
	1.35529 8.11104,
	1.35131 8.10468,
	1.34813 8.09196,
	1.34495 8.08559,
	1.34097 8.06014,
	1.34097 8.04742,
	1.34097 8.04503,
	"/>
</Transform>

<Transform dim="0"
 xcoef=" 0 1 0 0 0 0"
 ycoef=" 0 0 1 0 0 0">
<Contour name="ddh_d07ax12" comment="traced by ddh" hidden="false" closed="true" simplified="true" border="1 0 0" fill="1 0 0" mode="11"
 points="3.86137 8.10344,
	3.8713 8.07898,
	3.87589 8.07286,
	3.87742 8.07133,
	3.88048 8.04687,
	3.88048 8.04075,
	3.87971 8.0377,
	3.88124 8.02547,
	3.8843 8.01323,
	3.88812 8.00712,
	3.89042 8.001,
	3.90876 7.97654,
	3.91106 7.97348,
	3.91106 7.97195,
	3.91564 7.96584,
	3.91641 7.96278,
	3.921 7.95666,
	3.92711 7.94443,
	3.93246 7.93832,
	3.94775 7.91385,
	3.9661 7.88939,
	3.99056 7.87028,
	4.00279 7.86416,
	4.01503 7.85193,
	4.02114 7.84734,
	4.03337 7.83511,
	4.03949 7.829,
	4.04331 7.82288,
	4.04561 7.81676,
	4.04943 7.81065,
	4.05172 7.80759,
	4.06395 7.79918,
	4.07618 7.78848,
	4.10065 7.77548,
	4.11288 7.76937,
	4.12511 7.76554,
	4.13734 7.76325,
	4.14957 7.76478,
	4.15263 7.76478,
	4.17709 7.77242,
	4.18933 7.77472,
	4.21379 7.77472,
	4.22602 7.77625,
	4.23214 7.77625,
	4.2566 7.78542,
	4.26272 7.78695,
	4.28718 7.79842,
	4.29941 7.80377,
	4.31164 7.81141,
	4.31776 7.81447,
	4.32999 7.82364,
	4.33611 7.82747,
	4.34222 7.82976,
	4.35445 7.82747,
	4.36668 7.8267,
	4.36974 7.82747,
	4.37586 7.82441,
	4.40032 7.82211,
	4.41255 7.81982,
	4.41867 7.81906,
	4.42479 7.81676,
	4.43702 7.81523,
	4.44925 7.816,
	4.45536 7.81906,
	4.46148 7.82364,
	4.46836 7.83588,
	4.47142 7.84811,
	4.47218 7.85422,
	4.47065 7.86645,
	4.47065 7.86951,
	4.45919 7.89398,
	4.45536 7.90009,
	4.44543 7.91232,
	4.44007 7.92455,
	4.42555 7.94902,
	4.40185 7.97348,
	4.38962 7.98571,
	4.37204 8.01018,
	4.36439 8.02241,
	4.35445 8.03464,
	4.34222 8.04458,
	4.32999 8.05222,
	4.30553 8.0614,
	4.2933 8.06598,
	4.28718 8.06904,
	4.27495 8.07821,
	4.25048 8.10191,
	4.24131 8.11414,
	4.23825 8.12026,
	4.22831 8.13249,
	4.21608 8.14243,
	4.20385 8.14855,
	4.19162 8.15237,
	4.16716 8.15619,
	4.15493 8.16078,
	4.14269 8.16766,
	4.13352 8.17912,
	4.12893 8.18524,
	4.12588 8.19747,
	4.12664 8.22194,
	4.12435 8.2464,
	4.12052 8.25863,
	4.11211 8.27086,
	4.10676 8.27621,
	4.10065 8.28004,
	4.07618 8.28844,
	4.06395 8.2938,
	4.05172 8.29762,
	4.02726 8.29915,
	4.01503 8.29838,
	4.00279 8.29915,
	3.99056 8.30221,
	3.98445 8.30373,
	3.97222 8.3045,
	3.95998 8.30297,
	3.94775 8.29991,
	3.94164 8.29762,
	3.9294 8.28921,
	3.908 8.26551,
	3.89883 8.25328,
	3.89424 8.24716,
	3.88812 8.2227,
	3.89042 8.19824,
	3.88659 8.17377,
	3.88354 8.16154,
	3.87054 8.13708,
	3.86519 8.12485,
	3.86213 8.11262,
	3.86137 8.1065,
	3.86137 8.10421,
	"/>
</Transform>

<Transform dim="0"
 xcoef=" 0 1 0 0 0 0"
 ycoef=" 0 0 1 0 0 0">
<Contour name="ddh_d08ax12" comment="traced by ddh" hidden="false" closed="true" simplified="true" border="0 1 1" fill="0 1 1" mode="11"
 points="4.37756 3.02845,
	4.37953 3.02057,
	4.38101 3.01662,
	4.3815 3.01465,
	4.3884 3.00775,
	4.39136 3.0043,
	4.39234 3.00381,
	4.39234 3.00282,
	4.39629 2.99888,
	4.39974 2.99592,
	4.40023 2.99494,
	4.40122 2.99494,
	4.40664 2.98902,
	4.40762 2.98902,
	4.41157 2.98606,
	4.41945 2.9836,
	4.43523 2.98163,
	4.4372 2.98064,
	4.44509 2.98015,
	4.44903 2.98015,
	4.45692 2.9767,
	4.45889 2.9767,
	4.46283 2.97522,
	4.47072 2.97473,
	4.4786 2.97325,
	4.51015 2.97276,
	4.52592 2.97226,
	4.53381 2.9698,
	4.53775 2.96881,
	4.5417 2.96684,
	4.54268 2.96684,
	4.54317 2.96585,
	4.54416 2.96585,
	4.55944 2.956,
	4.56683 2.95107,
	4.56881 2.94959,
	4.56979 2.94959,
	4.57029 2.9486,
	4.57817 2.94614,
	4.58212 2.94515,
	4.59789 2.94565,
	4.59986 2.94614,
	4.60085 2.94614,
	4.60183 2.94712,
	4.60282 2.94712,
	4.6107 2.95255,
	4.61268 2.95452,
	4.61415 2.9555,
	4.62056 2.96339,
	4.62549 2.97128,
	4.62894 2.97867,
	4.62993 2.97966,
	4.62993 2.98163,
	4.63289 2.98951,
	4.63436 2.99346,
	4.63486 3.00923,
	4.63436 3.01712,
	4.63289 3.025,
	4.63042 3.03289,
	4.63042 3.03486,
	4.62943 3.03683,
	4.62943 3.03881,
	4.62845 3.03979,
	4.62549 3.04768,
	4.62401 3.06345,
	4.62451 3.07134,
	4.62451 3.07528,
	4.62451 3.07725,
	4.62697 3.08514,
	4.62746 3.08711,
	4.62993 3.08958,
	4.62993 3.09056,
	4.63289 3.09401,
	4.63486 3.09549,
	4.63732 3.09845,
	4.63831 3.10042,
	4.64225 3.10436,
	4.64521 3.10732,
	4.65014 3.11521,
	4.6526 3.12309,
	4.65211 3.13887,
	4.65112 3.14675,
	4.65063 3.14873,
	4.65063 3.14971,
	4.64817 3.15365,
	4.64471 3.16154,
	4.64176 3.16548,
	4.64077 3.16696,
	4.63683 3.16992,
	4.63584 3.17091,
	4.63486 3.17091,
	4.62697 3.17633,
	4.625 3.17682,
	4.61711 3.18175,
	4.61317 3.18323,
	4.60923 3.18569,
	4.60725 3.18668,
	4.60627 3.18668,
	4.60232 3.18964,
	4.60035 3.18964,
	4.59247 3.19259,
	4.56092 3.19506,
	4.55303 3.19555,
	4.54909 3.19604,
	4.5481 3.19703,
	4.54613 3.19703,
	4.54219 3.19851,
	4.54022 3.1995,
	4.53923 3.20048,
	4.53825 3.20048,
	4.5348 3.20295,
	4.53282 3.20393,
	4.53085 3.2059,
	4.51508 3.21231,
	4.51114 3.21379,
	4.50325 3.2128,
	4.49931 3.2128,
	4.49142 3.21083,
	4.48748 3.20935,
	4.48649 3.20935,
	4.4855 3.20837,
	4.48353 3.20837,
	4.48255 3.20738,
	4.47466 3.20393,
	4.47072 3.20196,
	4.46973 3.20196,
	4.46875 3.20097,
	4.46086 3.19752,
	4.45346 3.19309,
	4.45149 3.19161,
	4.45051 3.19161,
	4.44854 3.19013,
	4.44755 3.18914,
	4.44656 3.18914,
	4.44459 3.18717,
	4.44361 3.18717,
	4.43966 3.18422,
	4.43769 3.18274,
	4.4372 3.18175,
	4.43621 3.18175,
	4.43375 3.17879,
	4.43227 3.17781,
	4.42635 3.17041,
	4.4229 3.16696,
	4.4229 3.16598,
	4.42143 3.16499,
	4.41896 3.16105,
	4.41699 3.15908,
	4.41452 3.15612,
	4.41403 3.15415,
	4.41305 3.15316,
	4.41255 3.14527,
	4.416 3.1295,
	4.41798 3.12162,
	4.41896 3.11373,
	4.41896 3.11176,
	4.41995 3.10979,
	4.41945 3.1019,
	4.41945 3.09796,
	4.41945 3.09598,
	4.41748 3.09204,
	4.41748 3.09105,
	4.4165 3.09007,
	4.4165 3.08908,
	4.41157 3.0812,
	4.4091 3.07725,
	4.4022 3.06986,
	4.3953 3.06345,
	4.39333 3.06197,
	4.39284 3.06099,
	4.39185 3.06099,
	4.38889 3.05754,
	4.38495 3.05359,
	4.38002 3.0462,
	4.38002 3.04521,
	4.37904 3.04423,
	4.37904 3.04226,
	4.37756 3.04028,
	4.37756 3.0324,
	4.37756 3.02895,
	"/>
</Transform>

<Transform dim="0"
 xcoef=" 0 1 0 0 0 0"
 ycoef=" 0 0 1 0 0 0">
<Contour name="ddh_d08ax11" comment="traced by ddh" hidden="false" closed="true" simplified="true" border="1 0 1" fill="1 0 1" mode="11"
 points="3.85559 2.62325,
	3.85616 2.61864,
	3.85732 2.61633,
	3.85732 2.61403,
	3.85962 2.60941,
	3.86308 2.6048,
	3.86712 2.60192,
	3.8677 2.60076,
	3.87231 2.59903,
	3.87289 2.59788,
	3.87404 2.59788,
	3.87635 2.59615,
	3.88096 2.595,
	3.88154 2.59384,
	3.89999 2.59038,
	3.90922 2.58923,
	3.94612 2.59096,
	3.95074 2.59269,
	3.95535 2.59327,
	3.96458 2.5973,
	3.96688 2.59846,
	3.96746 2.59961,
	3.96977 2.60019,
	3.9715 2.60192,
	3.97265 2.60192,
	3.97611 2.60538,
	3.99456 2.60999,
	3.99687 2.61057,
	3.99918 2.6123,
	4.00321 2.61345,
	4.00437 2.6146,
	4.00552 2.6146,
	4.00783 2.61633,
	4.0084 2.61749,
	4.01763 2.62152,
	4.02224 2.62383,
	4.02455 2.62498,
	4.0257 2.62498,
	4.02974 2.62844,
	4.03089 2.62844,
	4.03839 2.63594,
	4.04243 2.6394,
	4.04358 2.63998,
	4.04358 2.64113,
	4.04531 2.64228,
	4.04646 2.64459,
	4.05108 2.64863,
	4.05165 2.65093,
	4.05338 2.65324,
	4.05511 2.66246,
	4.05338 2.67169,
	4.0505 2.6763,
	4.04646 2.68092,
	4.04358 2.68553,
	4.04012 2.68899,
	4.03089 2.69764,
	4.02224 2.70341,
	4.01302 2.70629,
	4.01071 2.70629,
	4.0084 2.70744,
	4.00379 2.70744,
	3.99918 2.70917,
	3.98995 2.71033,
	3.98534 2.71148,
	3.98072 2.71148,
	3.97842 2.71148,
	3.97611 2.71263,
	3.96688 2.71321,
	3.96227 2.71206,
	3.95304 2.71148,
	3.94382 2.70975,
	3.94266 2.7086,
	3.93344 2.70571,
	3.93228 2.70571,
	3.93113 2.70456,
	3.92998 2.70456,
	3.92882 2.70341,
	3.92421 2.70168,
	3.9219 2.7011,
	3.91268 2.69533,
	3.90864 2.6913,
	3.90633 2.68899,
	3.90518 2.68726,
	3.90057 2.68322,
	3.89884 2.68092,
	3.89711 2.67976,
	3.89595 2.67746,
	3.8873 2.66938,
	3.87808 2.66419,
	3.87577 2.66246,
	3.87462 2.66246,
	3.86597 2.65497,
	3.85847 2.64632,
	3.85616 2.63709,
	3.85559 2.62787,
	3.85559 2.62383,
	"/>
</Transform>

<Transform dim="0"
 xcoef=" 0 1 0 0 0 0"
 ycoef=" 0 0 1 0 0 0">
<Contour name="ddh_d08ax10" comment="traced by ddh" hidden="false" closed="true" simplified="true" border="1 0.5 0" fill="1 0.5 0" mode="11"
 points="6.328 3.16155,
	6.32984 3.14195,
	6.33106 3.13216,
	6.33228 3.12971,
	6.33228 3.12726,
	6.33351 3.12481,
	6.33351 3.12358,
	6.33535 3.12175,
	6.33535 3.12052,
	6.33657 3.1193,
	6.33841 3.1144,
	6.35004 3.09603,
	6.35372 3.09113,
	6.35923 3.08256,
	6.36474 3.07276,
	6.36719 3.06786,
	6.37209 3.06357,
	6.37392 3.06112,
	6.37637 3.0599,
	6.3776 3.05868,
	6.37882 3.05868,
	6.38005 3.05745,
	6.38985 3.05623,
	6.39964 3.05623,
	6.40209 3.05623,
	6.40699 3.05806,
	6.40822 3.05929,
	6.41067 3.0599,
	6.41311 3.06174,
	6.41434 3.06174,
	6.41924 3.0648,
	6.42169 3.06664,
	6.42414 3.06725,
	6.42475 3.06847,
	6.43455 3.07031,
	6.44434 3.07031,
	6.44924 3.0697,
	6.45047 3.06909,
	6.45537 3.07276,
	6.46455 3.08194,
	6.46578 3.08439,
	6.46578 3.09419,
	6.46455 3.10399,
	6.46333 3.10889,
	6.46333 3.11011,
	6.4621 3.11134,
	6.4621 3.11379,
	6.45965 3.11869,
	6.4572 3.12848,
	6.4572 3.14808,
	6.45598 3.15788,
	6.45414 3.16277,
	6.44802 3.17257,
	6.44679 3.17441,
	6.44251 3.17747,
	6.44006 3.17931,
	6.43883 3.18114,
	6.42965 3.18666,
	6.42475 3.18972,
	6.42352 3.18972,
	6.4223 3.19094,
	6.41985 3.19094,
	6.41005 3.194,
	6.40026 3.19523,
	6.39046 3.19523,
	6.38801 3.19523,
	6.38556 3.194,
	6.38311 3.194,
	6.36351 3.18727,
	6.35372 3.18727,
	6.34392 3.18604,
	6.34147 3.18604,
	6.33902 3.18482,
	6.33412 3.18053,
	6.32861 3.17135,
	6.328 3.16216,
	"/>
</Transform>

<Transform dim="6"
 xcoef=" 0.355057907012521 1.01256321743681 0.0197332890065826 0 0 0"
 ycoef=" -0.425696026843097 0.0193967744087112 1.01897100365328 0 0 0">
<Image mag="0.00217507" contrast="0.953257" brightness="0.105" red="true" green="true" blue="true"
 src="FHLTD.78.jpg" />
<Contour name="domain1" hidden="false" closed="true" simplified="false" border="1 0 1" fill="1 0 1" mode="11"
 points="0 0,
	4096 0,
	4096 4096,
	0 4096,
	"/>
</Transform>

<Transform dim="0"
 xcoef=" 0 1 0 0 0 0"
 ycoef=" 0 0 1 0 0 0">
<Contour name="ddh_d08ax08" comment="traced by ddh" hidden="false" closed="true" simplified="true" border="1 0 1" fill="1 0 1" mode="11"
 points="4.52713 4.66302,
	4.52906 4.65531,
	4.52954 4.65146,
	4.53533 4.64375,
	4.53677 4.64182,
	4.55219 4.63363,
	4.58303 4.62062,
	4.59845 4.61339,
	4.60616 4.60905,
	4.61002 4.60664,
	4.61339 4.60279,
	4.6211 4.59845,
	4.62495 4.59604,
	4.62881 4.59267,
	4.64423 4.5864,
	4.65965 4.5811,
	4.6635 4.57869,
	4.67892 4.56568,
	4.68181 4.56183,
	4.68615 4.55412,
	4.68952 4.55026,
	4.69193 4.54641,
	4.6982 4.5387,
	4.69916 4.53677,
	4.70687 4.53244,
	4.72229 4.52521,
	4.73771 4.51412,
	4.74542 4.50882,
	4.75313 4.50449,
	4.76855 4.49726,
	4.77626 4.49485,
	4.78011 4.4934,
	4.78782 4.49292,
	4.79168 4.49292,
	4.79939 4.49533,
	4.8071 4.49678,
	4.82252 4.50208,
	4.83023 4.50401,
	4.83794 4.50738,
	4.85336 4.50979,
	4.8842 4.51027,
	4.89962 4.51027,
	4.91504 4.50882,
	4.92275 4.50882,
	4.95359 4.50256,
	4.96901 4.49822,
	4.98443 4.49485,
	4.99214 4.49437,
	5.00756 4.49533,
	5.01141 4.49581,
	5.01334 4.49581,
	5.0143 4.49581,
	5.01816 4.4987,
	5.02008 4.49919,
	5.02201 4.50063,
	5.02972 4.50304,
	5.03358 4.50593,
	5.0355 4.50738,
	5.03743 4.50786,
	5.04514 4.51509,
	5.05141 4.5228,
	5.05381 4.52665,
	5.05526 4.52858,
	5.05574 4.53051,
	5.05767 4.53147,
	5.05912 4.53533,
	5.06442 4.54304,
	5.06731 4.54689,
	5.06779 4.54882,
	5.06972 4.54978,
	5.07213 4.55749,
	5.07598 4.5652,
	5.07502 4.58062,
	5.07357 4.58448,
	5.07213 4.59219,
	5.06923 4.5999,
	5.06779 4.60375,
	5.0649 4.60761,
	5.06345 4.60953,
	5.06297 4.61146,
	5.05671 4.61917,
	5.05478 4.6211,
	5.05285 4.62158,
	5.049 4.62544,
	5.03358 4.63748,
	5.01816 4.65146,
	5.00274 4.66206,
	4.9719 4.67989,
	4.96997 4.68085,
	4.96804 4.68278,
	4.96033 4.68567,
	4.95841 4.68567,
	4.94299 4.69579,
	4.93528 4.70061,
	4.91986 4.70591,
	4.91215 4.70928,
	4.90829 4.71265,
	4.90058 4.71554,
	4.88516 4.71892,
	4.87745 4.72085,
	4.86203 4.72181,
	4.83119 4.72085,
	4.82734 4.72085,
	4.81963 4.7194,
	4.81192 4.7194,
	4.7965 4.71699,
	4.79264 4.71651,
	4.79072 4.71651,
	4.78975 4.71651,
	4.78782 4.71458,
	4.78011 4.7141,
	4.7724 4.71169,
	4.7647 4.71024,
	4.76277 4.70928,
	4.75891 4.70928,
	4.7512 4.70639,
	4.74349 4.70494,
	4.73964 4.70446,
	4.72422 4.69916,
	4.72229 4.69868,
	4.72036 4.69723,
	4.68952 4.69049,
	4.68567 4.69001,
	4.68181 4.68808,
	4.66639 4.68663,
	4.65097 4.68711,
	4.64326 4.68952,
	4.62784 4.6929,
	4.62592 4.6929,
	4.62206 4.69482,
	4.61435 4.69627,
	4.60664 4.69964,
	4.59122 4.70109,
	4.58351 4.70205,
	4.56809 4.69964,
	4.56038 4.69772,
	4.55267 4.69482,
	4.54882 4.69338,
	4.54689 4.6929,
	4.53147 4.67844,
	4.5281 4.67073,
	4.52713 4.66688,
	4.52713 4.6635,
	"/>
</Transform>

<Transform dim="0"
 xcoef=" 0 1 0 0 0 0"
 ycoef=" 0 0 1 0 0 0">
<Contour name="d08c07" hidden="true" closed="true" simplified="true" border="1 0 0" fill="0 1 0" mode="9"
 points="5.80869 5.07336,
	5.83193 5.03955,
	5.83827 5.02265,
	5.84039 5.00574,
	5.85518 4.99095,
	5.87208 4.98039,
	5.88898 4.97405,
	5.89744 4.96982,
	5.93125 4.97193,
	5.94815 4.98673,
	5.95238 4.99095,
	5.95449 5.02265,
	5.9883 5.02476,
	5.9883 5.04166,
	5.97984 5.05012,
	5.97562 5.05857,
	5.96717 5.06702,
	5.96294 5.07547,
	5.94815 5.08815,
	5.94181 5.09238,
	5.93336 5.10083,
	5.92913 5.10083,
	5.92491 5.10505,
	5.92068 5.10505,
	5.91223 5.11139,
	5.89532 5.11562,
	5.86152 5.11562,
	5.82771 5.10928,
	5.8108 5.09238,
	5.80869 5.07547,
	"/>
</Transform>

<Transform dim="0"
 xcoef=" 0 1 0 0 0 0"
 ycoef=" 0 0 1 0 0 0">
<Contour name="ddh_d08ax07" comment="traced by ddh" hidden="false" closed="true" simplified="true" border="1 0.5 0" fill="1 0.5 0" mode="11"
 points="5.63556 4.89127,
	5.63963 4.87824,
	5.65185 4.85217,
	5.65551 4.84566,
	5.66081 4.83914,
	5.66406 4.83588,
	5.69013 4.82285,
	5.69339 4.82122,
	5.70642 4.80941,
	5.70805 4.80778,
	5.71579 4.79475,
	5.72067 4.78823,
	5.72271 4.78498,
	5.72393 4.78172,
	5.72597 4.76868,
	5.72678 4.76217,
	5.72719 4.75891,
	5.72841 4.75565,
	5.73289 4.74914,
	5.74593 4.73692,
	5.74918 4.73447,
	5.75 4.73366,
	5.77606 4.73122,
	5.77932 4.73081,
	5.79235 4.73244,
	5.80539 4.73285,
	5.80864 4.73285,
	5.83471 4.74018,
	5.84774 4.74343,
	5.86077 4.74547,
	5.86729 4.74588,
	5.88032 4.74099,
	5.88684 4.73733,
	5.88888 4.73407,
	5.89132 4.72103,
	5.89254 4.708,
	5.89295 4.69497,
	5.89336 4.69171,
	5.89336 4.69008,
	5.89946 4.67705,
	5.90354 4.67053,
	5.90639 4.67013,
	5.91942 4.67135,
	5.93245 4.67664,
	5.95852 4.68031,
	5.96178 4.68112,
	5.97481 4.68112,
	5.97807 4.68072,
	6.00413 4.6685,
	6.01716 4.66198,
	6.02368 4.65872,
	6.02531 4.65791,
	6.03264 4.64488,
	6.04527 4.63184,
	6.05178 4.62533,
	6.05463 4.62207,
	6.05789 4.61963,
	6.08396 4.60415,
	6.11002 4.59234,
	6.11328 4.59071,
	6.11979 4.5903,
	6.12305 4.5899,
	6.13609 4.58379,
	6.1426 4.57971,
	6.14586 4.57808,
	6.14749 4.57727,
	6.15808 4.56424,
	6.16704 4.5512,
	6.17722 4.53817,
	6.18292 4.53206,
	6.19595 4.52433,
	6.20899 4.51781,
	6.2155 4.51496,
	6.22202 4.51129,
	6.22853 4.50681,
	6.23179 4.50437,
	6.23342 4.50315,
	6.23749 4.49663,
	6.23994 4.4836,
	6.24197 4.45753,
	6.24523 4.43147,
	6.24645 4.41844,
	6.24686 4.41192,
	6.24686 4.40866,
	6.24768 4.4054,
	6.25949 4.39237,
	6.26275 4.39034,
	6.266 4.38952,
	6.26763 4.38871,
	6.28066 4.38708,
	6.2937 4.38667,
	6.34583 4.39034,
	6.37189 4.39319,
	6.37841 4.394,
	6.38167 4.39481,
	6.40773 4.38952,
	6.42076 4.38667,
	6.4338 4.38219,
	6.45986 4.37119,
	6.46638 4.36916,
	6.47289 4.36631,
	6.48593 4.3545,
	6.49244 4.34798,
	6.4957 4.34513,
	6.49774 4.34187,
	6.50018 4.33535,
	6.50181 4.3321,
	6.50344 4.32558,
	6.50385 4.32232,
	6.49896 4.30929,
	6.49529 4.30277,
	6.48226 4.29015,
	6.479 4.28689,
	6.47737 4.28526,
	6.46434 4.27712,
	6.45783 4.27304,
	6.4562 4.27223,
	6.45049 4.2592,
	6.44724 4.25268,
	6.44561 4.24942,
	6.44398 4.2429,
	6.44927 4.22987,
	6.45253 4.22336,
	6.45416 4.2201,
	6.46393 4.20707,
	6.46516 4.20544,
	6.49122 4.19077,
	6.50425 4.18507,
	6.51077 4.18222,
	6.53683 4.16715,
	6.54783 4.15453,
	6.55272 4.14801,
	6.55516 4.14475,
	6.56819 4.13254,
	6.57145 4.12968,
	6.58449 4.12154,
	6.59752 4.11462,
	6.62358 4.1024,
	6.62521 4.10158,
	6.64435 4.07552,
	6.65413 4.06249,
	6.65901 4.05597,
	6.66309 4.04945,
	6.66553 4.04294,
	6.66716 4.03642,
	6.69119 4.01036,
	6.6973 4.00384,
	6.70015 4.00058,
	6.72621 3.98022,
	6.73925 3.97085,
	6.75228 3.96596,
	6.75554 3.96719,
	6.75717 3.968,
	6.7702 3.96026,
	6.78323 3.94927,
	6.78649 3.94642,
	6.79138 3.9399,
	6.79871 3.92687,
	6.81703 3.9008,
	6.82681 3.88777,
	6.8317 3.88125,
	6.85735 3.85519,
	6.86061 3.85193,
	6.86387 3.84949,
	6.86713 3.84867,
	6.87039 3.84664,
	6.87364 3.84541,
	6.92048 3.79328,
	6.93229 3.78025,
	6.93799 3.77373,
	6.94451 3.76722,
	6.94777 3.76396,
	6.9608 3.75419,
	6.96406 3.75134,
	6.96569 3.74971,
	6.9722 3.74726,
	6.97872 3.74604,
	6.98523 3.74115,
	6.99175 3.73912,
	6.99501 3.7379,
	7.00804 3.73056,
	7.01456 3.72812,
	7.01782 3.72649,
	7.01944 3.72568,
	7.02107 3.72568,
	7.03329 3.71264,
	7.03777 3.70654,
	7.0394 3.70654,
	7.05243 3.69595,
	7.05406 3.69473,
	7.05732 3.6935,
	7.06058 3.69147,
	7.07361 3.68699,
	7.07524 3.68658,
	7.07687 3.68536,
	7.07728 3.68454,
	7.07891 3.68454,
	7.08053 3.68291,
	7.08379 3.68169,
	7.08461 3.68169,
	7.09723 3.66866,
	7.10823 3.65563,
	7.12085 3.64341,
	7.13307 3.63038,
	7.13877 3.62386,
	7.14733 3.61083,
	7.15099 3.60431,
	7.15344 3.5978,
	7.15792 3.59128,
	7.1628 3.57825,
	7.16606 3.57173,
	7.17054 3.56521,
	7.17298 3.56196,
	7.1738 3.5587,
	7.17828 3.55218,
	7.18439 3.54689,
	7.1909 3.54282,
	7.20394 3.53956,
	7.21045 3.53915,
	7.21208 3.53915,
	7.22511 3.53182,
	7.22837 3.52978,
	7.23163 3.52693,
	7.23326 3.52571,
	7.2357 3.51268,
	7.23733 3.49964,
	7.24059 3.48661,
	7.24303 3.47358,
	7.24385 3.46706,
	7.2414 3.45403,
	7.24059 3.44751,
	7.24059 3.441,
	7.24018 3.43774,
	7.24059 3.43448,
	7.24711 3.43082,
	7.26014 3.4296,
	7.2862 3.43122,
	7.28783 3.43122,
	7.3139 3.44426,
	7.32693 3.45118,
	7.33345 3.45607,
	7.3367 3.4581,
	7.36277 3.48173,
	7.36725 3.49476,
	7.36806 3.49639,
	7.36806 3.5029,
	7.36521 3.51594,
	7.3644 3.51919,
	7.35177 3.54526,
	7.34811 3.55177,
	7.34363 3.55829,
	7.34118 3.56155,
	7.32815 3.58761,
	7.32489 3.59413,
	7.31716 3.60716,
	7.31227 3.61368,
	7.30983 3.61694,
	7.3086 3.61816,
	7.30697 3.61857,
	7.29476 3.6316,
	7.28457 3.64463,
	7.27969 3.65115,
	7.27806 3.65278,
	7.27684 3.65604,
	7.27684 3.65685,
	7.27195 3.66337,
	7.26421 3.6764,
	7.26258 3.67966,
	7.25322 3.69269,
	7.24874 3.69921,
	7.22511 3.72527,
	7.22226 3.72853,
	7.1962 3.74767,
	7.18317 3.75744,
	7.17665 3.76274,
	7.16443 3.77577,
	7.16117 3.78229,
	7.15873 3.78555,
	7.1571 3.7888,
	7.15629 3.79206,
	7.15344 3.79858,
	7.15344 3.79939,
	7.1514 3.80265,
	7.15018 3.80591,
	7.14529 3.81243,
	7.14529 3.81405,
	7.13959 3.82057,
	7.12656 3.82912,
	7.11352 3.83605,
	7.10701 3.84256,
	7.10049 3.84623,
	7.08746 3.85152,
	7.08094 3.85437,
	7.07768 3.8556,
	7.06465 3.86415,
	7.06139 3.86659,
	7.05569 3.87311,
	7.05569 3.87351,
	7.05325 3.87514,
	7.04714 3.87922,
	7.04429 3.88247,
	7.04022 3.88858,
	7.03899 3.89184,
	7.03777 3.89347,
	7.03736 3.8951,
	7.03655 3.89591,
	7.03614 3.89754,
	7.03533 3.89836,
	7.03533 3.89917,
	7.03451 3.89999,
	7.03451 3.9008,
	7.0337 3.90162,
	7.0337 3.90243,
	7.03288 3.90284,
	7.03288 3.90365,
	7.02881 3.90935,
	7.028 3.91098,
	7.02759 3.91139,
	7.02596 3.91302,
	6.9999 3.92605,
	6.98686 3.93257,
	6.98035 3.93583,
	6.97709 3.93746,
	6.96894 3.95008,
	6.96243 3.96311,
	6.95673 3.97615,
	6.95347 3.98266,
	6.95184 3.98592,
	6.95102 3.99244,
	6.92414 4.04457,
	6.92089 4.05108,
	6.91233 4.06412,
	6.90989 4.06737,
	6.89686 4.07837,
	6.88383 4.08733,
	6.8822 4.08814,
	6.87568 4.09385,
	6.87405 4.09547,
	6.87079 4.09751,
	6.86387 4.11054,
	6.86305 4.11217,
	6.85002 4.12521,
	6.84351 4.13172,
	6.84025 4.13498,
	6.82722 4.14394,
	6.82559 4.14516,
	6.79219 4.19729,
	6.77509 4.22336,
	6.74658 4.27549,
	6.73925 4.28852,
	6.73762 4.29178,
	6.71888 4.31784,
	6.71685 4.3211,
	6.70463 4.33413,
	6.6916 4.34635,
	6.68508 4.35164,
	6.67856 4.35612,
	6.62643 4.38382,
	6.60037 4.39767,
	6.59385 4.40092,
	6.56779 4.42047,
	6.55475 4.43106,
	6.54824 4.43676,
	6.54498 4.44002,
	6.53154 4.46609,
	6.52869 4.4726,
	6.52462 4.48564,
	6.5181 4.49867,
	6.51444 4.50518,
	6.50466 4.51822,
	6.49366 4.53125,
	6.49122 4.53451,
	6.4847 4.54102,
	6.48145 4.54387,
	6.47493 4.54795,
	6.47167 4.54958,
	6.44561 4.57523,
	6.43298 4.58827,
	6.43013 4.59152,
	6.40244 4.64365,
	6.3947 4.65669,
	6.39307 4.65994,
	6.36701 4.67868,
	6.36049 4.68316,
	6.35723 4.6856,
	6.35397 4.68723,
	6.35234 4.68805,
	6.33768 4.71411,
	6.33565 4.71737,
	6.31406 4.74343,
	6.30795 4.74995,
	6.30469 4.75321,
	6.29696 4.76624,
	6.26967 4.81837,
	6.25623 4.84444,
	6.24931 4.85747,
	6.24035 4.8705,
	6.23912 4.87213,
	6.21306 4.88924,
	6.20654 4.8929,
	6.19351 4.89453,
	6.18699 4.89534,
	6.18374 4.89575,
	6.15767 4.89331,
	6.15115 4.8929,
	6.1479 4.8929,
	6.13486 4.88924,
	6.12835 4.88679,
	6.12509 4.88557,
	6.11857 4.88476,
	6.10554 4.8872,
	6.10228 4.88801,
	6.09577 4.89127,
	6.08925 4.89616,
	6.07866 4.90878,
	6.07744 4.91041,
	6.07662 4.91123,
	6.07662 4.91286,
	6.07377 4.9153,
	6.07296 4.91612,
	6.07296 4.91937,
	6.06359 4.93241,
	6.05911 4.93892,
	6.05708 4.94218,
	6.04567 4.95521,
	6.04282 4.95847,
	6.0416 4.9601,
	6.04079 4.96336,
	6.02897 4.97639,
	6.01594 4.9882,
	6.01268 4.99105,
	5.99965 5.00001,
	5.99802 5.00083,
	5.97196 5.00286,
	5.95892 5.00408,
	5.95241 5.00449,
	5.90028 5.00001,
	5.87421 4.99879,
	5.86118 5.00408,
	5.85466 5.00694,
	5.85141 5.00816,
	5.8396 5.02078,
	5.8286 5.03381,
	5.82005 5.04685,
	5.8176 5.05336,
	5.8172 5.05499,
	5.81272 5.06151,
	5.81109 5.06477,
	5.81027 5.0664,
	5.80701 5.06965,
	5.80253 5.08269,
	5.80131 5.08594,
	5.79317 5.09898,
	5.79154 5.10224,
	5.77851 5.10997,
	5.77199 5.11364,
	5.76547 5.11568,
	5.76222 5.11853,
	5.7557 5.12016,
	5.75244 5.12178,
	5.74593 5.12219,
	5.71986 5.12097,
	5.70683 5.11934,
	5.70357 5.11893,
	5.69054 5.11079,
	5.68402 5.10672,
	5.68076 5.10468,
	5.66895 5.09165,
	5.66162 5.07861,
	5.65999 5.07536,
	5.65633 5.06232,
	5.6551 5.04929,
	5.65348 4.99716,
	5.65307 4.9711,
	5.65307 4.96784,
	5.65307 4.96621,
	5.65103 4.96295,
	5.64818 4.95643,
	5.64696 4.95481,
	5.64411 4.94829,
	5.64207 4.94503,
	5.63841 4.932,
	5.63556 4.91897,
	5.63556 4.8929,
	5.63556 4.89168,
	"/>
</Transform>

<Transform dim="0"
 xcoef=" 0 1 0 0 0 0"
 ycoef=" 0 0 1 0 0 0">
<Contour name="ddh_d07ax11" comment="traced by ddh" hidden="false" closed="true" simplified="true" border="1 0.5 0" fill="1 0.5 0" mode="11"
 points="2.58217 8.51147,
	2.59143 8.49499,
	2.60276 8.47852,
	2.60893 8.47028,
	2.61717 8.46308,
	2.62129 8.45896,
	2.62335 8.4569,
	2.62541 8.4569,
	2.64085 8.44249,
	2.65732 8.43425,
	2.66556 8.43116,
	2.68203 8.43322,
	2.69851 8.44146,
	2.71498 8.45381,
	2.74793 8.46823,
	2.78087 8.50117,
	2.79735 8.51044,
	2.80558 8.51456,
	2.82206 8.51764,
	2.855 8.51867,
	2.87147 8.52073,
	2.87559 8.52073,
	2.89207 8.52897,
	2.90854 8.53515,
	2.91678 8.53721,
	2.94972 8.53721,
	2.9662 8.53824,
	2.99914 8.54956,
	3.00326 8.54956,
	3.03621 8.56603,
	3.05268 8.57633,
	3.08563 8.59177,
	3.11857 8.60001,
	3.13505 8.6031,
	3.15152 8.60413,
	3.18446 8.61339,
	3.21741 8.62884,
	3.22153 8.62884,
	3.25448 8.64428,
	3.27095 8.65458,
	3.28742 8.66796,
	3.29566 8.67517,
	3.30389 8.68032,
	3.31213 8.68238,
	3.31419 8.68444,
	3.33066 8.68752,
	3.34714 8.69576,
	3.35537 8.69885,
	3.35949 8.70091,
	3.37596 8.71635,
	3.38935 8.73283,
	3.39553 8.74106,
	3.41097 8.77401,
	3.41509 8.78224,
	3.41612 8.79872,
	3.41921 8.80284,
	3.41921 8.8049,
	3.4223 8.80901,
	3.4223 8.81107,
	3.42538 8.81519,
	3.43362 8.84814,
	3.43774 8.86461,
	3.4398 8.87285,
	3.4398 8.87697,
	3.44495 8.8852,
	3.44598 8.88932,
	3.46039 8.90476,
	3.49334 8.92124,
	3.50157 8.92741,
	3.51496 8.94389,
	3.51599 8.94801,
	3.51599 8.95006,
	3.52319 8.95727,
	3.53452 8.97374,
	3.53967 8.98198,
	3.55511 8.99743,
	3.56232 9.00463,
	3.56747 9.01287,
	3.57261 9.04581,
	3.57158 9.06229,
	3.57055 9.06641,
	3.55511 9.06847,
	3.29154 9.0767,
	3.25859 9.07876,
	3.24212 9.07464,
	3.22565 9.06744,
	3.21741 9.06435,
	3.20917 9.0592,
	3.19476 9.04273,
	3.16181 9.02522,
	3.15975 9.02522,
	3.15873 9.02316,
	3.15461 9.02213,
	3.15049 9.01905,
	3.14843 9.01905,
	3.14431 9.01596,
	3.13607 9.0139,
	3.1196 9.0036,
	3.11136 8.9964,
	3.07842 8.97889,
	3.06195 8.97169,
	3.05371 8.96551,
	3.04959 8.96345,
	3.04135 8.95624,
	3.03518 8.94801,
	3.03106 8.94492,
	3.029 8.9408,
	3.01253 8.92741,
	3.00429 8.9233,
	2.98782 8.90991,
	2.98061 8.90167,
	2.97546 8.89344,
	2.96722 8.8852,
	2.93531 8.86152,
	2.91884 8.85329,
	2.9106 8.84814,
	2.89515 8.83166,
	2.88898 8.82343,
	2.87045 8.79048,
	2.85912 8.77401,
	2.85191 8.76577,
	2.83544 8.75445,
	2.8272 8.75033,
	2.82308 8.74724,
	2.81897 8.74621,
	2.81485 8.74312,
	2.80661 8.74003,
	2.77367 8.7215,
	2.74072 8.70606,
	2.70777 8.69473,
	2.69954 8.69267,
	2.66659 8.67826,
	2.65835 8.67414,
	2.64188 8.66178,
	2.62953 8.64531,
	2.62541 8.62884,
	2.63056 8.61237,
	2.63364 8.59589,
	2.63467 8.58766,
	2.63158 8.57118,
	2.62129 8.55471,
	2.60482 8.54132,
	2.59658 8.53515,
	2.59246 8.53309,
	2.58422 8.52588,
	2.58217 8.51764,
	2.58217 8.51353,
	2.58217 8.5125,
	"/>
</Transform>

<Transform dim="0"
 xcoef=" 0 1 0 0 0 0"
 ycoef=" 0 0 1 0 0 0">
<Contour name="ddh_d07ax10" comment="traced by ddh" hidden="false" closed="true" simplified="true" border="1 0 0.5" fill="1 0 0.5" mode="11"
 points="4.36009 7.41424,
	4.37623 7.38842,
	4.40206 7.33676,
	4.41658 7.31093,
	4.42466 7.29802,
	4.43757 7.28995,
	4.44403 7.28672,
	4.46985 7.2851,
	4.48277 7.2851,
	4.5086 7.28026,
	4.52151 7.27703,
	4.5312 7.26412,
	4.53604 7.23829,
	4.54088 7.22538,
	4.54572 7.21892,
	4.59738 7.18825,
	4.62321 7.17695,
	4.64904 7.16081,
	4.67486 7.15112,
	4.70069 7.15112,
	4.70715 7.15112,
	4.71038 7.15112,
	4.71199 7.14789,
	4.72491 7.14628,
	4.73136 7.14628,
	4.75719 7.13659,
	4.78302 7.11561,
	4.79593 7.10431,
	4.80885 7.10108,
	4.8153 7.09947,
	4.86696 7.10592,
	4.89279 7.10754,
	4.9057 7.11077,
	4.93153 7.12207,
	4.98319 7.12691,
	5.00901 7.12852,
	5.01224 7.12529,
	5.01547 7.12529,
	5.0187 7.12207,
	5.04453 7.11561,
	5.05744 7.11238,
	5.1091 7.11238,
	5.16075 7.10915,
	5.18658 7.10915,
	5.19142 7.11561,
	5.19304 7.12852,
	5.19142 7.14144,
	5.18012 7.15435,
	5.16721 7.16404,
	5.13008 7.21569,
	5.10748 7.24152,
	5.08165 7.25928,
	5.05583 7.2738,
	5.04291 7.2851,
	5.03 7.31093,
	5.01386 7.33676,
	5.00094 7.36259,
	4.9961 7.3755,
	4.99287 7.38196,
	4.9961 7.40779,
	4.99933 7.41424,
	5.00094 7.42716,
	4.99771 7.45299,
	4.9848 7.47881,
	4.96381 7.50464,
	4.95736 7.50948,
	4.94929 7.5224,
	4.95413 7.54823,
	4.95413 7.57405,
	4.95413 7.58697,
	4.9509 7.59988,
	4.94283 7.6128,
	4.92184 7.63862,
	4.917 7.64508,
	4.91054 7.67091,
	4.89924 7.69674,
	4.88472 7.72257,
	4.85889 7.74032,
	4.83306 7.76131,
	4.81208 7.78714,
	4.77818 7.83879,
	4.7701 7.85171,
	4.74428 7.87269,
	4.71845 7.88883,
	4.70715 7.90013,
	4.69908 7.91305,
	4.69424 7.93887,
	4.69424 7.94533,
	4.67971 7.97116,
	4.66034 8.02282,
	4.65549 8.04864,
	4.65388 8.1003,
	4.65388 8.12613,
	4.64419 8.15196,
	4.63935 8.16487,
	4.61998 8.1907,
	4.61029 8.20361,
	4.60384 8.21653,
	4.60061 8.22944,
	4.60061 8.25527,
	4.60545 8.30692,
	4.60545 8.33275,
	4.60384 8.34567,
	4.60061 8.35212,
	4.59899 8.36504,
	4.58769 8.39086,
	4.57801 8.40216,
	4.5651 8.41024,
	4.53927 8.43445,
	4.52635 8.44252,
	4.47954 8.39086,
	4.46663 8.37795,
	4.45694 8.36665,
	4.46985 8.35535,
	4.47631 8.34889,
	4.50214 8.33759,
	4.51344 8.32629,
	4.51828 8.31984,
	4.52151 8.30692,
	4.51828 8.2811,
	4.51344 8.26818,
	4.5086 8.21653,
	4.51344 8.19231,
	4.52797 8.16648,
	4.53442 8.15357,
	4.52474 8.10191,
	4.52312 8.089,
	4.52635 8.07609,
	4.52958 8.07286,
	4.52958 8.06963,
	4.54895 8.0438,
	4.55541 8.03089,
	4.55702 8.00506,
	4.55218 7.99215,
	4.53281 7.96632,
	4.52312 7.94049,
	4.52151 7.92758,
	4.51183 7.90175,
	4.47954 7.85009,
	4.46824 7.82426,
	4.46663 7.81135,
	4.46501 7.80812,
	4.47308 7.78229,
	4.47793 7.76938,
	4.47954 7.75646,
	4.47631 7.74355,
	4.47308 7.73709,
	4.44726 7.71772,
	4.42466 7.69351,
	4.41336 7.66768,
	4.40528 7.64185,
	4.40206 7.61603,
	4.40044 7.56437,
	4.39883 7.53854,
	4.39076 7.48689,
	4.38753 7.47397,
	4.3617 7.42232,
	4.36009 7.41586,
	"/>
</Transform>

<Transform dim="0"
 xcoef=" 0 1 0 0 0 0"
 ycoef=" 0 0 1 0 0 0">
<Contour name="ddh_d07ax10" comment="traced by ddh" hidden="false" closed="true" simplified="true" border="1 0 0.5" fill="1 0 0.5" mode="11"
 points="5.48199 6.90253,
	5.49329 6.8767,
	5.49975 6.86379,
	5.50297 6.85087,
	5.5062 6.84441,
	5.5062 6.83796,
	5.50943 6.83473,
	5.51427 6.82181,
	5.52234 6.81374,
	5.53364 6.80406,
	5.53526 6.80083,
	5.53849 6.80083,
	5.54979 6.79276,
	5.55624 6.78953,
	5.58207 6.79114,
	5.63211 6.83311,
	5.65633 6.85571,
	5.64826 6.86863,
	5.6418 6.87186,
	5.63857 6.87509,
	5.63534 6.87509,
	5.63211 6.87831,
	5.62889 6.87831,
	5.61597 6.88638,
	5.61274 6.88961,
	5.60951 6.88961,
	5.6079 6.89284,
	5.60467 6.89284,
	5.60144 6.89607,
	5.59499 6.89768,
	5.56916 6.91544,
	5.5627 6.92028,
	5.55947 6.92351,
	5.54656 6.92836,
	5.52073 6.92997,
	5.4949 6.92674,
	5.4836 6.91544,
	5.48199 6.90414,
	"/>
</Transform>

<Transform dim="0"
 xcoef=" 0 1 0 0 0 0"
 ycoef=" 0 0 1 0 0 0">
<Contour name="ddh_d07ax09" comment="traced by ddh" hidden="false" closed="true" simplified="true" border="1 0 0.5" fill="1 0 0.5" mode="11"
 points="2.42358 5.89947,
	2.43638 5.88085,
	2.4422 5.87153,
	2.4748 5.83428,
	2.5039 5.79703,
	2.51438 5.77841,
	2.51787 5.7691,
	2.51554 5.75047,
	2.50506 5.73185,
	2.49808 5.72253,
	2.48993 5.70391,
	2.48062 5.66666,
	2.47829 5.64803,
	2.47829 5.63872,
	2.47829 5.63407,
	2.48644 5.62592,
	2.50506 5.61544,
	2.50972 5.61311,
	2.52835 5.60962,
	2.54697 5.6038,
	2.5656 5.59449,
	2.58422 5.58285,
	2.58888 5.58052,
	2.6075 5.56306,
	2.61216 5.5584,
	2.64941 5.53861,
	2.66803 5.53279,
	2.67735 5.53163,
	2.682 5.5293,
	2.70063 5.52814,
	2.73788 5.53046,
	2.77513 5.53046,
	2.79375 5.52697,
	2.80306 5.52697,
	2.81238 5.52464,
	2.88688 5.52348,
	2.9055 5.52232,
	2.94275 5.52348,
	2.95206 5.52581,
	2.95672 5.52581,
	2.99397 5.53978,
	3.0126 5.54792,
	3.01725 5.55025,
	3.0254 5.55957,
	3.02889 5.56888,
	3.03006 5.5875,
	3.03006 5.59682,
	3.03588 5.61544,
	3.0382 5.6201,
	3.05683 5.63872,
	3.05916 5.64105,
	3.06149 5.64105,
	3.08011 5.65502,
	3.09874 5.66433,
	3.13599 5.66782,
	3.15461 5.66782,
	3.17324 5.67015,
	3.18255 5.66899,
	3.19186 5.6655,
	3.21049 5.6655,
	3.2198 5.66666,
	3.22911 5.67015,
	3.23842 5.67597,
	3.25705 5.6911,
	3.26636 5.69693,
	3.26869 5.69925,
	3.27335 5.70042,
	3.28266 5.70624,
	3.30128 5.71322,
	3.31991 5.72835,
	3.33853 5.74582,
	3.35716 5.75978,
	3.37578 5.77725,
	3.39441 5.79121,
	3.41303 5.80751,
	3.43166 5.81799,
	3.45028 5.83079,
	3.4596 5.83545,
	3.46425 5.8401,
	3.48288 5.84942,
	3.5015 5.86106,
	3.52013 5.87735,
	3.53875 5.89016,
	3.54806 5.89714,
	3.58531 5.91344,
	3.60394 5.91926,
	3.62256 5.92275,
	3.63188 5.92625,
	3.63653 5.92625,
	3.65516 5.93323,
	3.67378 5.93672,
	3.6831 5.94021,
	3.70172 5.95302,
	3.70987 5.96233,
	3.71453 5.97164,
	3.72733 5.99027,
	3.73315 5.99958,
	3.73664 6.00889,
	3.73781 6.01821,
	3.73315 6.05546,
	3.73199 6.07408,
	3.73664 6.11133,
	3.73548 6.12996,
	3.73548 6.13461,
	3.72733 6.15324,
	3.70871 6.17186,
	3.67146 6.19631,
	3.65283 6.20678,
	3.63421 6.21493,
	3.62489 6.21843,
	3.60627 6.23007,
	3.60161 6.23356,
	3.59696 6.23472,
	3.5923 6.23821,
	3.58299 6.24054,
	3.57833 6.24403,
	3.55971 6.24986,
	3.54108 6.24869,
	3.52246 6.23821,
	3.5178 6.23356,
	3.50849 6.23007,
	3.48986 6.22774,
	3.47124 6.23007,
	3.45261 6.23589,
	3.41536 6.25218,
	3.39674 6.2615,
	3.37811 6.27314,
	3.3688 6.28012,
	3.35949 6.28478,
	3.34086 6.28594,
	3.32224 6.28361,
	3.31292 6.28128,
	3.27567 6.25917,
	3.26636 6.25218,
	3.24774 6.24403,
	3.23842 6.24171,
	3.2198 6.23239,
	3.20117 6.21377,
	3.19186 6.20446,
	3.1872 6.1998,
	3.16858 6.18816,
	3.16392 6.18583,
	3.1616 6.18118,
	3.14297 6.16371,
	3.13831 6.16022,
	3.13366 6.15906,
	3.129 6.15557,
	3.11038 6.14858,
	3.09175 6.14858,
	3.08244 6.14858,
	3.07313 6.14625,
	3.0545 6.14509,
	3.04519 6.14393,
	3.04053 6.14393,
	3.03588 6.1416,
	3.02656 6.14043,
	3.02191 6.13927,
	3.01958 6.13694,
	3.01492 6.13578,
	3.0126 6.13345,
	3.01027 6.13345,
	3.00794 6.13112,
	3.00561 6.13112,
	3.00328 6.12879,
	2.99397 6.12646,
	2.98931 6.12297,
	2.97069 6.11715,
	2.95206 6.11366,
	2.93344 6.10668,
	2.92878 6.10551,
	2.91016 6.09503,
	2.87291 6.0799,
	2.8636 6.07641,
	2.84497 6.07292,
	2.80772 6.05778,
	2.7891 6.05196,
	2.77047 6.04847,
	2.73322 6.04731,
	2.7146 6.04847,
	2.67735 6.04498,
	2.66803 6.04265,
	2.65057 6.02403,
	2.64126 6.01588,
	2.60401 6.00424,
	2.5947 6.00424,
	2.58538 6.00191,
	2.54813 6.00191,
	2.51088 5.99376,
	2.49226 5.98561,
	2.47363 5.97281,
	2.43988 5.93672,
	2.43173 5.92741,
	2.42824 5.92275,
	2.42591 5.92043,
	2.42591 5.9181,
	2.42358 5.91577,
	2.42358 5.90646,
	2.42358 5.9018,
	2.42358 5.90064,
	"/>
</Transform>

</Section>