<?xml version="1.0"?>
<!DOCTYPE Section SYSTEM "section.dtd">

<Section index="212" thickness="0.045" alignLocked="true">
<Transform dim="6"
 xcoef=" -1.23664916788363 1.15466730937698 0.118732185610428 0 0 0"
 ycoef=" -1.83693645649472 0.0577191301754466 1.03818193299851 0 0 0">
<Image mag="0.00217507" contrast="1.27264" brightness="-0.09" red="true" green="true" blue="true"
 src="FHLTD.212.jpg" />
<Contour name="domain1" hidden="false" closed="true" simplified="false" border="1 0 1" fill="1 0 1" mode="11"
 points="0 0,
	4096 0,
	4096 4096,
	0 4096,
	"/>
</Transform>

<Transform dim="0"
 xcoef=" 0 1 0 0 0 0"
 ycoef=" 0 0 1 0 0 0">
<Contour name="D04" hidden="true" closed="true" simplified="true" border="1 0 0" fill="1 0 0" mode="11"
 points="6.97093 7.8012,
	6.97291 7.76165,
	6.9805 7.72288,
	6.99354 7.68574,
	7.01175 7.65105,
	7.03474 7.61956,
	7.062 7.59195,
	7.09292 7.56884,
	7.12685 7.55072,
	7.16304 7.53798,
	7.2007 7.53091,
	7.23901 7.52967,
	7.27714 7.53427,
	7.31424 7.54462,
	7.34951 7.5605,
	7.38219 7.58154,
	7.41156 7.60731,
	7.43698 7.63722,
	7.45789 7.67065,
	7.47383 7.70684,
	7.48447 7.74501,
	7.48957 7.78434,
	7.48901 7.82395,
	7.48282 7.863,
	7.47111 7.90062,
	7.45416 7.936,
	7.43232 7.96836,
	7.40608 7.997,
	7.37601 8.02129,
	7.34277 8.0407,
	7.30707 8.0548,
	7.2697 8.06331,
	7.23147 8.06602,
	7.19322 8.06288,
	7.15579 8.05394,
	7.11999 8.03942,
	7.08659 8.01963,
	7.05634 7.99499,
	7.02987 7.96606,
	7.00778 7.93345,
	6.99056 7.89788,
	6.97857 7.86012,
	"/>
<Contour name="D05" hidden="true" closed="true" simplified="true" border="1 1 0" fill="1 1 0" mode="11"
 points="2.11607 3.57326,
	2.12614 3.49974,
	2.15854 3.43312,
	2.21013 3.37989,
	2.27582 3.34528,
	2.3492 3.33268,
	2.42309 3.34331,
	2.49025 3.37614,
	2.54411 3.42795,
	2.57939 3.49367,
	2.59265 3.56688,
	2.58258 3.64039,
	2.55017 3.70701,
	2.49859 3.76024,
	2.43289 3.79485,
	2.35951 3.80745,
	2.28563 3.79682,
	2.21847 3.76399,
	2.1646 3.71218,
	"/>
<Contour name="d01" hidden="true" closed="true" simplified="true" border="1 0.5 0" fill="1 0.5 0" mode="9"
 points="3.78904 5.14304,
	3.80923 5.09958,
	3.81932 5.07784,
	3.82966 5.06691,
	3.83928 5.02359,
	3.84939 5.00186,
	3.85971 4.99091,
	3.87028 4.99077,
	3.9426 4.91422,
	4.02654 4.8861,
	4.06294 4.85861,
	4.07303 4.83688,
	4.07209 4.7937,
	4.06106 4.77225,
	4.06083 4.76146,
	4.08184 4.75577,
	4.12446 4.7714,
	4.20886 4.76488,
	4.25101 4.75891,
	4.41877 4.69727,
	4.46092 4.69131,
	4.54579 4.70637,
	4.56716 4.71688,
	4.5945 4.75971,
	4.6161 4.78102,
	4.70087 4.79068,
	4.74314 4.79011,
	4.82813 4.81057,
	4.91266 4.80944,
	4.95492 4.80887,
	4.97605 4.80859,
	4.99753 4.82449,
	4.99318 4.86775,
	4.97828 4.91114,
	4.96794 4.92208,
	4.95832 4.96541,
	4.9535 4.98707,
	4.93284 5.00894,
	4.89645 5.03643,
	4.86568 5.08003,
	4.85559 5.10176,
	4.83481 5.11824,
	4.7929 5.135,
	4.78233 5.13514,
	4.69909 5.19564,
	4.65718 5.21241,
	4.61551 5.23995,
	4.53157 5.26808,
	4.44692 5.26381,
	4.27869 5.30386,
	4.19475 5.33198,
	4.11035 5.33851,
	4.09438 5.33332,
	4.09954 5.32786,
	4.01466 5.31279,
	3.9717 5.28098,
	3.92897 5.25995,
	3.90737 5.23865,
	3.86463 5.21762,
	3.82225 5.21279,
	3.78974 5.17543,
	3.78927 5.15384,
	3.78916 5.14844,
	"/>
<Contour name="d03" hidden="true" closed="true" simplified="true" border="0 1 0" fill="0 1 0" mode="9"
 points="4.48364 2.61942,
	4.48964 2.60652,
	4.50191 2.59353,
	4.52665 2.57718,
	4.62701 2.57583,
	4.67726 2.57836,
	4.70263 2.59084,
	4.70891 2.59076,
	4.71532 2.59709,
	4.72159 2.597,
	4.73121 2.60649,
	4.83164 2.60835,
	4.88183 2.60768,
	4.90719 2.62016,
	4.91988 2.6264,
	4.94503 2.62927,
	4.96742 2.6482,
	4.97709 2.6609,
	4.98135 2.71212,
	4.98163 2.72494,
	4.98177 2.73135,
	4.93221 2.76087,
	4.9106 2.77718,
	4.89827 2.78696,
	4.89199 2.78705,
	4.86725 2.8034,
	4.76703 2.81116,
	4.75448 2.81133,
	4.7418 2.80508,
	4.69991 2.75436,
	4.6737 2.70342,
	4.65126 2.68128,
	4.60053 2.65632,
	4.57523 2.64704,
	4.52498 2.64451,
	4.49982 2.64164,
	4.49354 2.64172,
	4.48385 2.62903,
	4.48371 2.62263,
	"/>
<Contour name="d03" hidden="true" closed="true" simplified="true" border="0 1 0" fill="0 1 0" mode="9"
 points="2.81924 1.82112,
	2.82496 1.79539,
	2.84949 1.76942,
	2.86176 1.75643,
	2.88658 1.74328,
	2.89898 1.7367,
	2.94916 1.73603,
	2.97426 1.73569,
	2.99921 1.72895,
	3.04939 1.72828,
	3.07448 1.72794,
	3.1754 1.75223,
	3.18794 1.75207,
	3.21324 1.76134,
	3.23841 1.76421,
	3.24467 1.76413,
	3.27026 1.78622,
	3.2704 1.79263,
	3.28008 1.80533,
	3.28378 1.83092,
	3.28391 1.83733,
	3.27778 1.84382,
	3.2276 1.84449,
	3.20236 1.83842,
	3.17728 1.83876,
	3.12674 1.8234,
	3.07636 1.81447,
	3.0261 1.81193,
	3.00101 1.81227,
	2.98854 1.81565,
	2.98226 1.81573,
	2.93285 1.85165,
	2.90796 1.8616,
	2.85793 1.86868,
	2.83276 1.86581,
	2.82001 1.85636,
	2.81945 1.83073,
	2.81931 1.82432,
	"/>
<Contour name="d03" hidden="true" closed="true" simplified="true" border="0 1 0" fill="0 1 0" mode="9"
 points="3.57497 1.80458,
	3.59009 1.77873,
	3.61483 1.76237,
	3.62724 1.7558,
	3.67742 1.75513,
	3.70258 1.75799,
	3.71512 1.75782,
	3.7214 1.75774,
	3.73109 1.77043,
	3.70962 1.79316,
	3.71018 1.8188,
	3.68864 1.83831,
	3.6386 1.8454,
	3.58835 1.84287,
	3.58207 1.84295,
	3.57567 1.83662,
	3.57511 1.81099,
	3.57504 1.80779,
	"/>
<Contour name="d03p35" hidden="true" closed="true" simplified="false" border="1 1 0" fill="1 1 0" mode="-13"
 points="3.86759 1.96036,
	3.86584 1.87952,
	3.78671 1.88058,
	3.78824 1.95132,
	3.77858 1.96155,
	3.7766 1.8706,
	3.87551 1.86928,
	3.8777 1.97034,
	3.7788 1.97166,
	3.78846 1.96142,
	"/>
<Contour name="d03c34" hidden="true" closed="true" simplified="true" border="1 0 0" fill="1 0 0" mode="9"
 points="4.73142 2.81954,
	4.75048 2.79937,
	4.77251 2.78768,
	4.81689 2.77856,
	4.83892 2.76687,
	4.88341 2.76343,
	4.89461 2.76612,
	4.89839 2.81162,
	4.89863 2.823,
	4.89053 2.83449,
	4.86837 2.84048,
	4.85736 2.84632,
	4.8128 2.84692,
	4.80166 2.84707,
	4.79064 2.8529,
	4.76831 2.85036,
	4.74584 2.84212,
	4.73446 2.83089,
	4.73148 2.82239,
	"/>
<Contour name="d06" hidden="true" closed="true" simplified="true" border="0 0 1" fill="0 0 1" mode="9"
 points="2.57729 7.13917,
	2.59299 7.08371,
	2.59059 6.97328,
	2.59029 6.95947,
	2.6134 6.93499,
	2.66663 6.8963,
	2.67647 6.88237,
	2.67924 6.85471,
	2.68877 6.82696,
	2.7119 6.80249,
	2.76512 6.7638,
	2.81811 6.71476,
	2.87149 6.68297,
	2.89814 6.66535,
	2.95225 6.66807,
	2.9798 6.69188,
	3.00706 6.70187,
	3.0611 6.70114,
	3.08827 6.70768,
	3.10179 6.7075,
	3.1532 6.74133,
	3.16701 6.75496,
	3.19186 6.80986,
	3.2026 6.83734,
	3.20965 6.85105,
	3.22346 6.86468,
	3.33163 6.86668,
	3.34514 6.8665,
	3.40001 6.90375,
	3.41742 6.92767,
	3.41862 6.98289,
	3.41585 7.01056,
	3.3934 7.06609,
	3.37036 7.09402,
	3.36045 7.10451,
	3.35151 7.15986,
	3.35181 7.17367,
	3.37328 7.22862,
	3.38371 7.24229,
	3.38386 7.24919,
	3.39077 7.25601,
	3.39197 7.31123,
	3.38888 7.32508,
	3.37897 7.33557,
	3.3759 7.34942,
	3.32282 7.39501,
	3.29362 7.45064,
	3.27043 7.47167,
	3.24363 7.48238,
	3.23019 7.48601,
	3.20302 7.47947,
	3.18943 7.4762,
	3.16203 7.4593,
	3.10792 7.45658,
	3.08089 7.45695,
	3.02609 7.42315,
	2.99885 7.41316,
	2.89067 7.41115,
	2.86365 7.41151,
	2.80924 7.39498,
	2.75458 7.3681,
	2.69957 7.32396,
	2.6444 7.27291,
	2.61685 7.24911,
	2.60304 7.23549,
	2.58562 7.21155,
	2.57856 7.19784,
	2.57736 7.14261,
	"/>
<Contour name="d06" hidden="true" closed="true" simplified="true" border="0 0 1" fill="0 0 1" mode="9"
 points="2.62724 6.48255,
	2.64352 6.45471,
	2.64998 6.44082,
	2.66319 6.42683,
	2.77121 6.42194,
	2.82601 6.45572,
	2.83291 6.46253,
	2.83531 6.57298,
	2.83254 6.60063,
	2.80333 6.65626,
	2.78006 6.67384,
	2.7667 6.68092,
	2.73974 6.68473,
	2.73292 6.68137,
	2.72496 6.62624,
	2.71423 6.59877,
	2.68998 6.57147,
	2.67249 6.54408,
	2.64495 6.52029,
	2.63113 6.50666,
	2.62746 6.49291,
	2.62731 6.486,
	"/>
<Contour name="d06" hidden="true" closed="true" simplified="true" border="0 0 1" fill="0 0 1" mode="9"
 points="3.38695 6.92463,
	3.40661 6.89675,
	3.43327 6.87913,
	3.48731 6.87841,
	3.49189 6.93358,
	3.47064 7.04434,
	3.46073 7.05483,
	3.43371 7.05519,
	3.41997 7.04502,
	3.41292 7.03131,
	3.41232 7.00369,
	3.39483 6.97631,
	3.38778 6.9626,
	3.38718 6.93498,
	3.38703 6.92808,
	"/>
<Contour name="d06p27" hidden="true" closed="true" simplified="false" border="1 0 1" fill="1 0 1" mode="9"
 points="2.84198 6.77137,
	2.84155 6.75159,
	2.86047 6.73155,
	2.87984 6.73129,
	2.89963 6.75081,
	2.90006 6.7706,
	2.88113 6.79063,
	2.86176 6.79089,
	"/>
<Contour name="d06c27" hidden="true" closed="true" simplified="true" border="0 1 0" fill="0 1 0" mode="9"
 points="2.61485 6.52394,
	2.623 6.50641,
	2.63977 6.49312,
	2.65691 6.49725,
	2.71798 6.56176,
	2.75283 6.59613,
	2.7586 6.66574,
	2.75472 6.68322,
	2.73786 6.69216,
	2.70377 6.69261,
	2.65112 6.62362,
	2.62054 6.58919,
	2.61551 6.55441,
	2.61514 6.537,
	2.61495 6.52829,
	"/>
<Contour name="d06cfa27" hidden="true" closed="false" simplified="false" border="0 1 1" fill="0 1 1" mode="9"
 points="2.74428 6.6775,
	2.72155 6.61247,
	2.66492 6.55661,
	2.6295 6.49611,
	"/>
<Contour name="d07" hidden="true" closed="true" simplified="true" border="1 0 1" fill="1 0 1" mode="9"
 points="4.77658 8.36365,
	4.81095 8.28967,
	4.82814 8.25268,
	4.84573 8.23406,
	4.91757 8.2285,
	4.93586 8.24204,
	4.94524 8.2603,
	5.01429 8.3329,
	5.03837 8.40611,
	5.04776 8.42436,
	5.04856 8.46111,
	5.04896 8.47949,
	5.01798 8.50288,
	5.00479 8.51684,
	4.86091 8.51877,
	4.82474 8.51006,
	4.80646 8.49652,
	4.80626 8.48733,
	4.79707 8.47826,
	4.78277 8.4417,
	4.77668 8.36825,
	"/>
<Contour name="d07" hidden="true" closed="true" simplified="true" border="1 0 1" fill="1 0 1" mode="9"
 points="3.79598 8.77199,
	3.82665 8.73482,
	3.84434 8.7208,
	3.88011 8.71113,
	3.90629 8.67401,
	4.05007 8.66749,
	4.12201 8.66653,
	4.14019 8.67548,
	4.15818 8.67524,
	4.19455 8.69313,
	4.21273 8.70207,
	4.22183 8.70655,
	4.21754 8.7158,
	4.22283 8.75249,
	4.21913 8.78931,
	4.20603 8.80786,
	4.17047 8.82672,
	4.02658 8.82864,
	3.95454 8.82502,
	3.93636 8.81607,
	3.89969 8.78439,
	3.8817 8.78463,
	3.84614 8.80349,
	3.81026 8.80857,
	3.79648 8.79497,
	3.79608 8.77659,
	"/>
<Contour name="d07" hidden="true" closed="true" simplified="true" border="1 0 1" fill="1 0 1" mode="9"
 points="4.17868 8.37626,
	4.18687 8.33938,
	4.20856 8.30233,
	4.23393 8.22847,
	4.30717 8.08043,
	4.35514 8.01086,
	4.34905 7.93742,
	4.34415 7.9191,
	4.33027 7.9009,
	4.32047 7.86427,
	4.31968 7.82752,
	4.33237 7.79059,
	4.37134 7.72113,
	4.39303 7.68408,
	4.42849 7.66063,
	4.50044 7.65967,
	4.51842 7.65943,
	4.5366 7.66838,
	4.55459 7.66813,
	4.59086 7.68143,
	4.62743 7.70852,
	4.66339 7.70804,
	4.68138 7.7078,
	4.69048 7.71226,
	4.69538 7.73058,
	4.68268 7.76751,
	4.66499 7.78153,
	4.64701 7.78177,
	4.61604 7.80517,
	4.62093 7.82348,
	4.64421 7.85994,
	4.66259 7.87808,
	4.67688 7.91464,
	4.70466 7.95103,
	4.71894 7.98761,
	4.72504 8.06105,
	4.72584 8.0978,
	4.70815 8.11183,
	4.69096 8.14882,
	4.69116 8.15801,
	4.65589 8.19065,
	4.58455 8.21918,
	4.51261 8.22014,
	4.47673 8.22522,
	4.46775 8.22534,
	4.46795 8.23453,
	4.41089 8.29962,
	4.38011 8.3322,
	4.36702 8.35076,
	4.37311 8.42421,
	4.37351 8.44258,
	4.37371 8.45177,
	4.35612 8.47039,
	4.34734 8.4797,
	4.32945 8.48453,
	4.32065 8.49384,
	4.24871 8.4948,
	4.21275 8.49528,
	4.19476 8.49552,
	4.18097 8.48193,
	4.17938 8.40842,
	4.17898 8.39004,
	4.17878 8.38085,
	"/>
<Contour name="d07p37" hidden="true" closed="true" simplified="false" border="1 0 1" fill="1 0 1" mode="-13"
 points="4.36197 8.19183,
	4.36175 8.18177,
	4.37137 8.17159,
	4.38121 8.17145,
	4.39128 8.18137,
	4.3915 8.19143,
	4.38187 8.20162,
	4.37202 8.20175,
	"/>
<Contour name="d03cfa34" hidden="true" closed="false" simplified="false" border="0 1 1" fill="0 1 1" mode="9"
 points="4.73945 2.81975,
	4.77553 2.81358,
	4.81452 2.81306,
	4.86978 2.79239,
	4.90321 2.79194,
	"/>
<Contour name="ax12" comment="LK bouton trace named after cfa" hidden="true" closed="true" simplified="true" border="0 1 1" fill="0.502 1 1" mode="9"
 points="0.87366 2.26049,
	0.874808 2.24213,
	0.874808 2.23294,
	0.874808 2.22835,
	0.877104 2.22376,
	0.877104 2.21457,
	0.874808 2.20539,
	0.875956 2.18702,
	0.8794 2.18243,
	0.888584 2.17669,
	0.893176 2.17554,
	0.897769 2.17209,
	0.916137 2.16635,
	0.925322 2.16291,
	0.94369 2.16176,
	0.952875 2.16176,
	0.957467 2.16176,
	0.965503 2.16635,
	0.974687 2.17324,
	0.983872 2.17669,
	1.00224 2.17898,
	1.00683 2.17898,
	1.01142 2.18128,
	1.01372 2.18358,
	1.01602 2.18358,
	1.0252 2.19046,
	1.02979 2.19506,
	1.03553 2.21342,
	1.03553 2.23179,
	1.03324 2.25016,
	1.03209 2.25935,
	1.02061 2.29608,
	0.999944 2.33282,
	0.99076 2.33856,
	0.986168 2.342,
	0.967799 2.34775,
	0.931062 2.34889,
	0.912693 2.34889,
	0.894324 2.33741,
	0.8794 2.32134,
	0.874808 2.31216,
	0.87366 2.27542,
	0.87366 2.26623,
	0.87366 2.26164,
	"/>
<Contour name="ax13" comment="LK bouton trace named after cfa" hidden="true" closed="true" simplified="true" border="0 1 1" fill="0.502 1 1" mode="9"
 points="4.7993 3.12762,
	4.80253 3.11728,
	4.80705 3.10695,
	4.82126 3.08692,
	4.82126 3.08563,
	4.83418 3.06496,
	4.83676 3.06238,
	4.83805 3.05979,
	4.84257 3.05527,
	4.85291 3.04946,
	4.8542 3.04946,
	4.85549 3.04817,
	4.86066 3.04687,
	4.86324 3.04558,
	4.87358 3.04558,
	4.87616 3.04687,
	4.88133 3.04752,
	4.8865 3.0501,
	4.89166 3.05527,
	4.89489 3.05979,
	4.89748 3.06238,
	4.91104 3.08305,
	4.91686 3.09274,
	4.9259 3.10307,
	4.93946 3.12309,
	4.94657 3.13278,
	4.94851 3.13537,
	4.94851 3.13666,
	4.9582 3.14376,
	4.96853 3.14958,
	4.9737 3.15152,
	4.97628 3.15345,
	4.97887 3.1541,
	4.9892 3.15991,
	4.99954 3.16702,
	5.0047 3.17154,
	5.00858 3.17606,
	5.01052 3.18123,
	5.01052 3.1864,
	5.01052 3.18898,
	5.0047 3.19867,
	4.99566 3.20707,
	4.97499 3.2103,
	4.96466 3.21094,
	4.95949 3.21223,
	4.9569 3.21288,
	4.95561 3.21417,
	4.93494 3.21999,
	4.91427 3.22128,
	4.90394 3.22128,
	4.8936 3.21805,
	4.89102 3.21676,
	4.88843 3.21417,
	4.88585 3.21353,
	4.88327 3.21159,
	4.88198 3.21159,
	4.87229 3.20513,
	4.86195 3.19738,
	4.85808 3.1935,
	4.84774 3.1864,
	4.84257 3.18317,
	4.83999 3.18123,
	4.8387 3.18123,
	4.81867 3.16831,
	4.80963 3.16121,
	4.80576 3.15668,
	4.80317 3.1541,
	4.79994 3.14376,
	4.7993 3.13343,
	4.7993 3.12826,
	"/>
<Contour name="d03" hidden="true" closed="true" simplified="true" border="0 1 0" fill="0 1 0" mode="9"
 points="3.68755 1.98791,
	3.7055 1.94927,
	3.72111 1.91066,
	3.73436 1.87208,
	3.7394 1.83361,
	3.74955 1.81428,
	3.75297 1.80943,
	3.7908 1.82092,
	3.80972 1.82667,
	3.88512 1.83766,
	3.96035 1.84025,
	3.99831 1.85775,
	4.01727 1.86589,
	4.02203 1.86823,
	4.04005 1.88719,
	4.04965 1.89666,
	4.06106 1.93491,
	4.06734 1.95402,
	4.07107 1.96357,
	4.0844 1.98259,
	4.09463 2.02085,
	4.09718 2.03042,
	4.09568 2.06884,
	4.0946 2.07366,
	4.07195 2.11236,
	4.06298 2.13167,
	4.04855 2.17027,
	4.04821 2.20867,
	4.04745 2.22789,
	4.05181 2.26623,
	4.05851 2.30454,
	4.06873 2.3428,
	4.08484 2.38099,
	4.08974 2.39052,
	4.09219 2.39528,
	4.12904 2.41519,
	4.16712 2.43868,
	4.1719 2.44222,
	4.18406 2.46125,
	4.20015 2.49944,
	4.20144 2.50423,
	4.16415 2.51792,
	4.14549 2.52417,
	4.13618 2.52789,
	4.06121 2.5373,
	3.98599 2.53471,
	3.94837 2.53281,
	3.93895 2.53174,
	3.86313 2.50155,
	3.84403 2.48741,
	3.80604 2.46872,
	3.79654 2.46404,
	3.7918 2.46171,
	3.77262 2.44396,
	3.76782 2.43923,
	3.75323 2.36263,
	3.74922 2.28588,
	3.74763 2.2667,
	3.72718 2.19018,
	3.71226 2.15198,
	3.70479 2.13287,
	3.70106 2.12333,
	3.69861 2.11856,
	3.70012 2.08014,
	3.70088 2.06093,
	3.70185 2.05132,
	3.69396 2.01303,
	3.68886 1.99389,
	3.68757 1.9891,
	"/>
<Contour name="d03" hidden="true" closed="true" simplified="true" border="0 1 0" fill="0 1 0" mode="9"
 points="3.72498 2.9341,
	3.74903 2.88569,
	3.7675 2.86942,
	3.7827 2.84678,
	3.80723 2.82081,
	3.82557 2.79813,
	3.83762 2.77553,
	3.84361 2.76262,
	3.86815 2.73665,
	3.88969 2.71712,
	3.92628 2.66856,
	3.94768 2.64263,
	4.04658 2.57399,
	4.09683 2.57652,
	4.12213 2.5858,
	4.17028 2.63644,
	4.18339 2.66191,
	4.18562 2.76445,
	4.1859 2.77727,
	4.16443 2.79999,
	4.15202 2.80658,
	4.10191 2.81045,
	4.07689 2.81399,
	4.05214 2.83035,
	4.04016 2.85615,
	4.03445 2.88187,
	4.01931 2.90772,
	3.99771 2.92404,
	3.97269 2.92757,
	3.92292 2.94748,
	3.87337 2.97699,
	3.84848 2.98694,
	3.74826 2.99469,
	3.74198 2.99478,
	3.72916 2.98213,
	3.72547 2.95654,
	3.72519 2.94372,
	3.72505 2.93731,
	"/>
<Contour name="d03p34" hidden="true" closed="true" simplified="false" border="1 0 0" fill="1 0 0" mode="-13"
 points="4.02759 2.49399,
	4.05154 2.45829,
	4.02605 2.42325,
	4.04089 2.42305,
	4.06133 2.45311,
	4.08045 2.42252,
	4.09529 2.42232,
	4.07133 2.45802,
	4.09682 2.49306,
	4.08199 2.49326,
	4.06155 2.46321,
	4.04242 2.49379,
	"/>
<Contour name="d03cfa33ax14" hidden="true" closed="false" simplified="false" border="0 1 1" fill="0 1 1" mode="9"
 points="3.75758 2.88698,
	3.80641 2.82656,
	3.85016 2.78897,
	3.90159 2.71997,
	3.95834 2.63952,
	"/>
<Contour name="ax14" comment="LK bouton trace named after cfa" hidden="true" closed="true" simplified="true" border="0 1 1" fill="0.502 1 1" mode="9"
 points="2.77136 2.65412,
	2.77256 2.64455,
	2.77315 2.6254,
	2.77375 2.61583,
	2.77615 2.60626,
	2.77674 2.60148,
	2.78452 2.58234,
	2.79409 2.56319,
	2.79888 2.55362,
	2.80546 2.54405,
	2.80964 2.53448,
	2.82161 2.4962,
	2.82998 2.47706,
	2.83477 2.46749,
	2.84852 2.44834,
	2.85152 2.44356,
	2.8557 2.43877,
	2.85869 2.43459,
	2.86707 2.42501,
	2.86886 2.42262,
	2.87365 2.41963,
	2.87604 2.41724,
	2.87724 2.41604,
	2.87963 2.41544,
	2.88023 2.41425,
	2.88142 2.41425,
	2.88262 2.41305,
	2.88382 2.41305,
	2.88501 2.41185,
	2.88741 2.41126,
	2.89219 2.40827,
	2.91133 2.40288,
	2.93048 2.40228,
	2.94962 2.40288,
	2.96876 2.40468,
	2.97833 2.40468,
	2.9879 2.40288,
	2.99269 2.40169,
	2.99747 2.39929,
	3.01661 2.39271,
	3.02618 2.39032,
	3.03575 2.38972,
	3.04054 2.38853,
	3.07882 2.38972,
	3.08839 2.39271,
	3.10754 2.40288,
	3.10993 2.40408,
	3.12907 2.42143,
	3.13386 2.42561,
	3.14343 2.43159,
	3.14821 2.43578,
	3.16735 2.44715,
	3.17214 2.45074,
	3.18171 2.45552,
	3.20085 2.46091,
	3.21042 2.4639,
	3.24871 2.48244,
	3.25349 2.48423,
	3.26306 2.48603,
	3.27263 2.48603,
	3.2822 2.48423,
	3.28699 2.48244,
	3.29177 2.48184,
	3.31092 2.47287,
	3.33006 2.46509,
	3.33963 2.4615,
	3.3492 2.45612,
	3.35159 2.45492,
	3.37073 2.43638,
	3.38031 2.42801,
	3.38509 2.42501,
	3.40423 2.42143,
	3.40902 2.42083,
	3.41141 2.42023,
	3.43055 2.42681,
	3.43534 2.4286,
	3.45448 2.43219,
	3.47362 2.43399,
	3.5119 2.43518,
	3.53105 2.43578,
	3.55019 2.43758,
	3.58847 2.44655,
	3.60761 2.45253,
	3.6124 2.45492,
	3.61718 2.45851,
	3.63633 2.46928,
	3.6459 2.47466,
	3.65547 2.47765,
	3.67461 2.48722,
	3.69375 2.49979,
	3.69854 2.50397,
	3.70571 2.51354,
	3.7093 2.51833,
	3.71887 2.52371,
	3.73742 2.54046,
	3.7422 2.55003,
	3.7446 2.55482,
	3.74878 2.57396,
	3.75297 2.58353,
	3.76134 2.5925,
	3.77092 2.60148,
	3.78049 2.60806,
	3.78527 2.61165,
	3.79006 2.61404,
	3.8092 2.61942,
	3.81877 2.62241,
	3.83791 2.6254,
	3.84748 2.626,
	3.85705 2.6278,
	3.86184 2.62899,
	3.86423 2.62899,
	3.8738 2.63378,
	3.87859 2.63617,
	3.88816 2.64455,
	3.89653 2.65412,
	3.89893 2.6589,
	3.90012 2.66129,
	3.90072 2.67087,
	3.90012 2.68044,
	3.88995 2.71872,
	3.88816 2.72351,
	3.88218 2.73308,
	3.87919 2.73786,
	3.86004 2.75641,
	3.85047 2.76538,
	3.8427 2.77495,
	3.83313 2.78392,
	3.81398 2.79947,
	3.79604 2.81862,
	3.78168 2.83776,
	3.77391 2.84733,
	3.76493 2.8557,
	3.72665 2.88442,
	3.70751 2.89877,
	3.69794 2.90535,
	3.69315 2.90834,
	3.68837 2.91253,
	3.66923 2.92031,
	3.66444 2.9227,
	3.65965 2.9239,
	3.65008 2.92449,
	3.6453 2.92509,
	3.62616 2.9233,
	3.62137 2.9215,
	3.61659 2.91732,
	3.60701 2.91193,
	3.59744 2.90774,
	3.59266 2.90595,
	3.55437 2.90057,
	3.54959 2.90057,
	3.54002 2.90236,
	3.53763 2.90236,
	3.51848 2.91313,
	3.49934 2.92629,
	3.48977 2.93167,
	3.48499 2.93347,
	3.47542 2.93526,
	3.47063 2.93586,
	3.46584 2.93765,
	3.4467 2.93945,
	3.43713 2.94005,
	3.42756 2.93885,
	3.42278 2.93885,
	3.40363 2.93526,
	3.39406 2.93227,
	3.38449 2.92808,
	3.37492 2.9215,
	3.36535 2.91373,
	3.348 2.89518,
	3.33245 2.87604,
	3.32467 2.86647,
	3.31989 2.86168,
	3.31032 2.8551,
	3.30075 2.85032,
	3.28161 2.84852,
	3.27203 2.84793,
	3.25289 2.84852,
	3.23375 2.84733,
	3.22418 2.84673,
	3.2194 2.84673,
	3.20025 2.84194,
	3.19547 2.84075,
	3.17633 2.84015,
	3.16676 2.83955,
	3.16436 2.83955,
	3.15479 2.84494,
	3.13565 2.86168,
	3.11651 2.87185,
	3.10694 2.87843,
	3.09737 2.88382,
	3.0878 2.88621,
	3.08301 2.88741,
	3.08062 2.88741,
	3.07583 2.8892,
	3.03755 2.89219,
	3.01841 2.89578,
	2.99927 2.89698,
	2.99448 2.89817,
	2.97534 2.89877,
	2.97055 2.89817,
	2.93227 2.87784,
	2.9227 2.87245,
	2.90356 2.85929,
	2.88442 2.84793,
	2.86527 2.83895,
	2.84613 2.83237,
	2.83656 2.82878,
	2.83178 2.82699,
	2.82938 2.82579,
	2.82041 2.81682,
	2.81084 2.79768,
	2.80845 2.79289,
	2.80366 2.7905,
	2.79529 2.78153,
	2.7899 2.77196,
	2.78213 2.75282,
	2.77555 2.73367,
	2.77495 2.72889,
	2.77315 2.7241,
	2.77136 2.70496,
	2.77136 2.66668,
	2.77136 2.65711,
	2.77136 2.65471,
	"/>
<Contour name="ax17" comment="LK bouton trace named after cfa" hidden="true" closed="true" simplified="true" border="0 1 1" fill="0.502 1 1" mode="9"
 points="2.11125 8.14192,
	2.11381 8.13165,
	2.1151 8.11112,
	2.11381 8.07006,
	2.11381 8.04952,
	2.11253 8.02899,
	2.1151 8.02386,
	2.11638 8.01359,
	2.12151 7.99306,
	2.12344 7.98279,
	2.12408 7.97253,
	2.12472 7.96739,
	2.12151 7.94686,
	2.11895 7.9366,
	2.11702 7.91606,
	2.1183 7.9058,
	2.12215 7.89553,
	2.1228 7.8904,
	2.12472 7.88527,
	2.12536 7.88013,
	2.12921 7.86987,
	2.13948 7.84934,
	2.14525 7.83907,
	2.14846 7.83394,
	2.14974 7.83137,
	2.16001 7.82239,
	2.17028 7.81533,
	2.17541 7.81212,
	2.18632 7.79159,
	2.18952 7.78132,
	2.19145 7.77106,
	2.19209 7.76079,
	2.19145 7.75566,
	2.18568 7.74539,
	2.1491 7.70433,
	2.14461 7.69919,
	2.13434 7.67866,
	2.1305 7.6684,
	2.1305 7.64786,
	2.13178 7.64273,
	2.13434 7.6376,
	2.15424 7.61707,
	2.1645 7.60744,
	2.16643 7.60487,
	2.16771 7.59974,
	2.17284 7.58948,
	2.1799 7.57921,
	2.18888 7.56894,
	2.19915 7.56253,
	2.20942 7.55804,
	2.22995 7.55226,
	2.24021 7.54905,
	2.26075 7.53943,
	2.28128 7.52852,
	2.32234 7.5035,
	2.36341 7.47719,
	2.36854 7.47334,
	2.37881 7.46757,
	2.38394 7.465,
	2.40447 7.45987,
	2.40575 7.45923,
	2.41089 7.46051,
	2.42115 7.45794,
	2.43142 7.45666,
	2.43655 7.45666,
	2.43912 7.45602,
	2.44938 7.46179,
	2.48467 7.50286,
	2.50136 7.52339,
	2.51162 7.52852,
	2.53215 7.53558,
	2.53729 7.53622,
	2.55782 7.54585,
	2.56295 7.54841,
	2.56744 7.5529,
	2.57643 7.57344,
	2.57899 7.5837,
	2.58028 7.59397,
	2.58028 7.5991,
	2.58156 7.60423,
	2.59183 7.62477,
	2.59696 7.63503,
	2.60017 7.64016,
	2.60979 7.65043,
	2.61172 7.653,
	2.613 7.65813,
	2.61621 7.69919,
	2.61685 7.70946,
	2.61877 7.71973,
	2.62391 7.72999,
	2.63417 7.73962,
	2.64444 7.74603,
	2.6515 7.7563,
	2.65535 7.76657,
	2.66112 7.80763,
	2.66305 7.82816,
	2.66369 7.83843,
	2.66754 7.84869,
	2.67267 7.85896,
	2.68935 7.87949,
	2.6932 7.88462,
	2.70154 7.90516,
	2.70668 7.91542,
	2.70924 7.92056,
	2.71438 7.92569,
	2.73491 7.96675,
	2.73876 7.97702,
	2.74133 7.98729,
	2.75159 8.00782,
	2.75993 8.02835,
	2.7625 8.03862,
	2.76314 8.04888,
	2.76122 8.05915,
	2.75159 8.07968,
	2.74004 8.10021,
	2.72657 8.12074,
	2.71951 8.13101,
	2.7086 8.15154,
	2.70604 8.15668,
	2.69898 8.16694,
	2.69513 8.17207,
	2.65406 8.21314,
	2.64508 8.2234,
	2.63481 8.23367,
	2.60338 8.27473,
	2.58798 8.29527,
	2.57129 8.3158,
	2.55076 8.33441,
	2.5405 8.34146,
	2.49943 8.36456,
	2.45837 8.38253,
	2.43784 8.39215,
	2.42757 8.39729,
	2.40704 8.40434,
	2.39677 8.40755,
	2.39164 8.40884,
	2.37111 8.4191,
	2.36084 8.42359,
	2.34031 8.42937,
	2.33004 8.43129,
	2.30951 8.43193,
	2.28898 8.43001,
	2.27871 8.42873,
	2.27358 8.42873,
	2.25305 8.42167,
	2.24278 8.41589,
	2.22225 8.40691,
	2.21711 8.40627,
	2.21455 8.40563,
	2.21006 8.4037,
	2.19979 8.39664,
	2.19466 8.39344,
	2.19017 8.38894,
	2.1876 8.38702,
	2.18696 8.38638,
	2.18503 8.38381,
	2.18439 8.37868,
	2.18311 8.3774,
	2.18183 8.37226,
	2.1799 8.3697,
	2.17798 8.36456,
	2.17477 8.35943,
	2.17092 8.34916,
	2.16899 8.34403,
	2.16578 8.3389,
	2.16322 8.32863,
	2.16001 8.3081,
	2.15488 8.28757,
	2.15359 8.28243,
	2.1491 8.27217,
	2.14589 8.2619,
	2.1414 8.25164,
	2.12921 8.2311,
	2.12087 8.21057,
	2.1151 8.19004,
	2.11189 8.17977,
	2.11125 8.16951,
	2.11189 8.14898,
	2.11125 8.14384,
	2.11125 8.14256,
	"/>
<Contour name="ax22" comment="LK bouton trace named after cfa" hidden="true" closed="true" simplified="true" border="0 1 1" fill="0.502 1 1" mode="9"
 points="4.67388 8.53236,
	4.67966 8.52802,
	4.70282 8.52802,
	4.71439 8.52874,
	4.72018 8.52874,
	4.74333 8.52367,
	4.75491 8.52367,
	4.7578 8.5244,
	4.76359 8.52223,
	4.77517 8.52006,
	4.78096 8.52006,
	4.78674 8.51861,
	4.8099 8.51789,
	4.82147 8.51861,
	4.82726 8.51933,
	4.83305 8.51861,
	4.84462 8.51355,
	4.85041 8.51137,
	4.85331 8.50993,
	4.85475 8.50848,
	4.86633 8.50776,
	4.87791 8.5092,
	4.88948 8.51282,
	4.89527 8.51644,
	4.89889 8.52223,
	4.90033 8.52802,
	4.90033 8.5338,
	4.89672 8.53959,
	4.89093 8.54538,
	4.86778 8.55913,
	4.86199 8.56347,
	4.85909 8.56636,
	4.85692 8.57215,
	4.85692 8.57794,
	4.86127 8.58951,
	4.86344 8.59241,
	4.86416 8.5953,
	4.8685 8.60109,
	4.87067 8.60688,
	4.87429 8.61267,
	4.87574 8.61845,
	4.87356 8.63003,
	4.86995 8.63582,
	4.86416 8.64161,
	4.85258 8.64884,
	4.82943 8.64667,
	4.81785 8.64305,
	4.81207 8.64088,
	4.80917 8.64088,
	4.7976 8.63727,
	4.78602 8.63582,
	4.78023 8.63365,
	4.75708 8.63003,
	4.75129 8.62858,
	4.7484 8.62641,
	4.74261 8.62569,
	4.73972 8.62497,
	4.72814 8.61484,
	4.72235 8.60905,
	4.71295 8.59747,
	4.70788 8.59168,
	4.70065 8.58011,
	4.68328 8.55696,
	4.67966 8.55117,
	4.67822 8.54827,
	4.67677 8.54683,
	4.67532 8.54104,
	4.67388 8.53814,
	4.67388 8.53308,
	"/>
<Contour name="d03c33ax14" hidden="true" closed="true" simplified="true" border="0 1 0" fill="0 1 0" mode="9"
 points="3.69453 2.85723,
	3.7855 2.73841,
	3.83099 2.679,
	3.84213 2.66415,
	3.84584 2.66136,
	3.96466 2.63723,
	3.99436 2.63073,
	3.99622 2.63166,
	3.95166 2.75048,
	3.94609 2.76533,
	3.82728 2.88136,
	3.79757 2.91014,
	3.79664 2.91107,
	3.73723 2.88044,
	3.70753 2.86465,
	3.7001 2.86094,
	3.69639 2.85908,
	3.69546 2.85816,
	"/>
</Transform>

</Section>