<?xml version="1.0"?>
<!DOCTYPE Section SYSTEM "section.dtd">

<Section index="89" thickness="0.045" alignLocked="true">
<Transform dim="1"
 xcoef=" 2.96999999999998 1 0 0 0 0"
 ycoef=" 1.97 0 1 0 0 0">
<Contour name="D04" hidden="false" closed="true" simplified="true" border="1 0 0" fill="1 0 0" mode="11"
 points="5.46492 7.32996,
	5.46778 7.29096,
	5.47628 7.25281,
	5.49024 7.21634,
	5.50936 7.18235,
	5.53323 7.15158,
	5.56131 7.1247,
	5.59299 7.1023,
	5.6276 7.08487,
	5.66436 7.07278,
	5.70248 7.0663,
	5.74113 7.06558,
	5.77947 7.07063,
	5.81665 7.08133,
	5.85186 7.09746,
	5.88435 7.11866,
	5.91339 7.14447,
	5.93836 7.17432,
	5.95871 7.20758,
	5.97399 7.2435,
	5.98388 7.28131,
	5.98816 7.32018,
	5.98673 7.35926,
	5.97963 7.39771,
	5.96701 7.43467,
	5.94914 7.46936,
	5.92642 7.501,
	5.89934 7.52891,
	5.86849 7.55248,
	5.83455 7.57119,
	5.79825 7.58464,
	5.76039 7.59254,
	5.72179 7.59471,
	5.6833 7.5911,
	5.64576 7.58179,
	5.60998 7.56699,
	5.57674 7.54702,
	5.54678 7.52231,
	5.52073 7.49341,
	5.49918 7.46094,
	5.48259 7.42562,
	5.47133 7.3882,
	"/>
</Transform>

<Transform dim="1"
 xcoef=" 0.54 1 0 0 0 0"
 ycoef=" -0.13 0 1 0 0 0">
<Contour name="D05" hidden="false" closed="true" simplified="true" border="1 1 0" fill="1 1 0" mode="11"
 points="2.69299 3.97404,
	2.70475 3.90163,
	2.73888 3.83632,
	2.79205 3.78448,
	2.85904 3.7512,
	2.93329 3.73974,
	3.00755 3.7512,
	3.07454 3.78448,
	3.12771 3.83632,
	3.16184 3.90163,
	3.1736 3.97404,
	3.16184 4.04644,
	3.12771 4.11175,
	3.07454 4.16359,
	3.00755 4.19687,
	2.93329 4.20833,
	2.85904 4.19687,
	2.79205 4.16359,
	2.73888 4.11175,
	"/>
</Transform>

<Transform dim="0"
 xcoef=" 0 1 0 0 0 0"
 ycoef=" 0 0 1 0 0 0">
<Contour name="d01c08" hidden="false" closed="true" simplified="true" border="0 1 0" fill="0 1 0" mode="9"
 points="6.14216 3.4821,
	6.18853 3.41887,
	6.24755 3.28397,
	6.27706 3.25446,
	6.28971 3.24181,
	6.29814 3.24181,
	6.315 3.25446,
	6.33608 3.28818,
	6.34451 3.35563,
	6.33608 3.42308,
	6.32765 3.45681,
	6.29392 3.52426,
	6.26863 3.54955,
	6.25176 3.55798,
	6.21804 3.55798,
	6.20118 3.55377,
	6.19275 3.54955,
	6.1801 3.5622,
	6.17167 3.5622,
	6.14216 3.52847,
	6.14216 3.49475,
	6.14216 3.48632,
	"/>
</Transform>

<Transform dim="1"
 xcoef=" -0.01 1 0 0 0 0"
 ycoef=" 0 0 1 0 0 0">
<Contour name="d01c08" hidden="false" closed="true" simplified="true" border="0 1 0" fill="0 1 0" mode="9"
 points="6.14216 3.4821,
	6.18853 3.41887,
	6.24755 3.28397,
	6.27706 3.25446,
	6.28971 3.24181,
	6.29814 3.24181,
	6.315 3.25446,
	6.33608 3.28818,
	6.34451 3.35563,
	6.33608 3.42308,
	6.32765 3.45681,
	6.29392 3.52426,
	6.26863 3.54955,
	6.25176 3.55798,
	6.21804 3.55798,
	6.20118 3.55377,
	6.19275 3.54955,
	6.1801 3.5622,
	6.17167 3.5622,
	6.14216 3.52847,
	6.14216 3.49475,
	6.14216 3.48632,
	"/>
</Transform>

<Transform dim="0"
 xcoef=" 0 1 0 0 0 0"
 ycoef=" 0 0 1 0 0 0">
<Contour name="d03" hidden="false" closed="true" simplified="true" border="0 1 0" fill="0 1 0" mode="9"
 points="2.23568 2.63635,
	2.23724 2.62388,
	2.23724 2.61764,
	2.26218 2.61453,
	2.27465 2.61609,
	2.32454 2.63947,
	2.37443 2.64571,
	2.42432 2.64727,
	2.44927 2.64727,
	2.49916 2.65194,
	2.51163 2.65662,
	2.5241 2.66442,
	2.54593 2.6878,
	2.55061 2.69404,
	2.55372 2.70651,
	2.55528 2.73146,
	2.53034 2.75172,
	2.50539 2.75484,
	2.48045 2.75484,
	2.46798 2.7564,
	2.44303 2.75328,
	2.43056 2.75172,
	2.42432 2.75016,
	2.37443 2.76575,
	2.36196 2.76887,
	2.33702 2.76575,
	2.33078 2.7642,
	2.31051 2.73925,
	2.26218 2.69248,
	2.24659 2.66753,
	2.23724 2.65506,
	2.23568 2.64259,
	2.23568 2.63791,
	"/>
</Transform>

<Transform dim="0"
 xcoef=" 0 1 0 0 0 0"
 ycoef=" 0 0 1 0 0 0">
<Contour name="d01cfa08" hidden="false" closed="false" simplified="false" border="0 1 1" fill="0 1 1" mode="9"
 points="6.23766 3.55748,
	6.28552 3.49898,
	6.32275 3.42453,
	6.33073 3.36337,
	6.33073 3.31285,
	6.31211 3.26764,
	"/>
</Transform>

<Transform dim="0"
 xcoef=" 0 1 0 0 0 0"
 ycoef=" 0 0 1 0 0 0">
<Contour name="d06" hidden="true" closed="true" simplified="true" border="0 0 1" fill="0 0 1" mode="11"
 points="2.46624 7.8028,
	2.48018 7.7833,
	2.48575 7.77772,
	2.4969 7.78051,
	2.50247 7.78051,
	2.52198 7.79723,
	2.54427 7.81952,
	2.58886 7.84739,
	2.60837 7.85575,
	2.65295 7.85575,
	2.67525 7.87526,
	2.66689 7.91984,
	2.6641 7.93099,
	2.62509 7.97558,
	2.60279 7.9923,
	2.59165 7.99787,
	2.56935 7.99787,
	2.54706 7.9923,
	2.50526 7.94771,
	2.49411 7.94492,
	2.47182 7.92542,
	2.46624 7.91427,
	2.46624 7.8251,
	2.46624 7.80559,
	"/>
<Contour name="d06" hidden="true" closed="true" simplified="true" border="0 0 1" fill="0 0 1" mode="11"
 points="2.27396 7.46282,
	2.27953 7.45168,
	2.29904 7.43217,
	2.31019 7.4266,
	2.35477 7.42381,
	2.36035 7.42381,
	2.36592 7.41824,
	2.38821 7.40988,
	2.41051 7.39594,
	2.4328 7.37644,
	2.44952 7.35693,
	2.45788 7.35135,
	2.47739 7.32906,
	2.4969 7.31234,
	2.51919 7.31234,
	2.53034 7.31791,
	2.61951 7.31791,
	2.64181 7.31791,
	2.6641 7.30955,
	2.70869 7.26775,
	2.75327 7.25661,
	2.79786 7.25382,
	2.82016 7.25382,
	2.8313 7.25661,
	2.85081 7.27611,
	2.8731 7.27611,
	2.91769 7.26497,
	2.93998 7.25939,
	2.96228 7.24825,
	2.98457 7.24267,
	3.02916 7.24267,
	3.04031 7.24267,
	3.0626 7.25382,
	3.06817 7.26218,
	3.07375 7.26497,
	3.07375 7.27611,
	3.05981 7.29562,
	3.01523 7.33185,
	2.99293 7.35135,
	2.95949 7.38758,
	2.95113 7.39873,
	2.9372 7.44332,
	2.9372 7.4879,
	2.94556 7.53249,
	2.96506 7.54642,
	2.98736 7.552,
	2.99851 7.552,
	3.01801 7.57151,
	3.01801 7.61609,
	3.01801 7.63839,
	3.00965 7.66068,
	2.99851 7.67183,
	2.95392 7.67461,
	2.94277 7.67461,
	2.9372 7.67461,
	2.9149 7.69133,
	2.90654 7.71363,
	2.88425 7.73313,
	2.8731 7.74149,
	2.86753 7.74149,
	2.85917 7.75264,
	2.8536 7.75822,
	2.8313 7.76379,
	2.74213 7.76379,
	2.71983 7.75822,
	2.69754 7.74707,
	2.65574 7.71641,
	2.63345 7.70527,
	2.58886 7.69412,
	2.56656 7.68576,
	2.55542 7.68019,
	2.46624 7.68019,
	2.42166 7.6774,
	2.41051 7.6774,
	2.39936 7.67183,
	2.39379 7.67183,
	2.37985 7.64953,
	2.34363 7.60773,
	2.31855 7.56315,
	2.31576 7.552,
	2.30183 7.5297,
	2.29625 7.51856,
	2.29625 7.51298,
	2.27396 7.49069,
	2.27396 7.4684,
	2.27396 7.46561,
	"/>
</Transform>

<Transform dim="0"
 xcoef=" 0 1 0 0 0 0"
 ycoef=" 0 0 1 0 0 0">
<Contour name="d06" hidden="true" closed="true" simplified="true" border="0 0 1" fill="0 0 1" mode="11"
 points="3.59765 7.23431,
	3.61158 7.21202,
	3.6283 7.16743,
	3.64224 7.14792,
	3.64781 7.13956,
	3.65896 7.12842,
	3.68125 7.12563,
	3.70354 7.13399,
	3.70912 7.13956,
	3.7119 7.22874,
	3.72305 7.25103,
	3.74256 7.27333,
	3.75371 7.28447,
	3.776 7.29841,
	3.78157 7.30398,
	3.79272 7.30677,
	3.82616 7.34299,
	3.82616 7.35414,
	3.87075 7.37365,
	3.91533 7.38201,
	3.93763 7.38201,
	3.98222 7.4043,
	4.00451 7.41266,
	4.0268 7.4266,
	4.11598 7.42938,
	4.13827 7.42938,
	4.18286 7.41824,
	4.20515 7.4043,
	4.22745 7.39594,
	4.26925 7.35693,
	4.28039 7.34857,
	4.30269 7.36807,
	4.30547 7.41266,
	4.30547 7.43496,
	4.30547 7.4461,
	4.2999 7.45725,
	4.28875 7.4684,
	4.24695 7.49348,
	4.22466 7.50462,
	4.13549 7.50462,
	4.11319 7.5102,
	4.0686 7.5102,
	3.97943 7.47676,
	3.95714 7.46282,
	3.93484 7.45446,
	3.84567 7.45168,
	3.82337 7.45168,
	3.7342 7.42381,
	3.7119 7.41545,
	3.6701 7.3848,
	3.64781 7.36529,
	3.63388 7.34299,
	3.63109 7.29841,
	3.6283 7.28726,
	3.61716 7.28169,
	3.59765 7.25939,
	3.59765 7.2371,
	"/>
</Transform>

<Transform dim="0"
 xcoef=" 0 1 0 0 0 0"
 ycoef=" 0 0 1 0 0 0">
<Contour name="d07" hidden="true" closed="true" simplified="true" border="1 0 1" fill="1 0 1" mode="9"
 points="4.19918 8.51671,
	4.21233 8.49918,
	4.22986 8.50356,
	4.24301 8.52109,
	4.27808 8.53863,
	4.41835 8.54301,
	4.43588 8.53424,
	4.47094 8.52986,
	4.47971 8.52986,
	4.51039 8.56493,
	4.51478 8.58246,
	4.51039 8.61753,
	4.49724 8.65259,
	4.48848 8.66136,
	4.47094 8.66136,
	4.43588 8.63944,
	4.41835 8.62629,
	4.38328 8.61753,
	4.36575 8.60876,
	4.29561 8.60876,
	4.26055 8.60438,
	4.22548 8.58246,
	4.20795 8.56493,
	4.19918 8.52986,
	4.19918 8.52109,
	"/>
<Contour name="d07" hidden="true" closed="true" simplified="true" border="1 0 1" fill="1 0 1" mode="9"
 points="2.9894 8.34138,
	2.99816 8.32385,
	3.0157 8.31508,
	3.08583 8.31946,
	3.0946 8.337,
	3.0946 8.37206,
	3.0946 8.3896,
	3.08145 8.40713,
	3.04638 8.40713,
	3.02885 8.40713,
	2.99378 8.37645,
	2.9894 8.34576,
	"/>
</Transform>

<Transform dim="0"
 xcoef=" 0 1 0 0 0 0"
 ycoef=" 0 0 1 0 0 0">
<Contour name="d07" hidden="true" closed="true" simplified="true" border="1 0 1" fill="1 0 1" mode="9"
 points="2.9894 6.74148,
	3.02008 6.67135,
	3.042 6.60122,
	3.05953 6.58369,
	3.0946 6.57054,
	3.16473 6.57054,
	3.18226 6.57492,
	3.21294 6.6056,
	3.22171 6.6056,
	3.22609 6.67573,
	3.21294 6.70642,
	3.19541 6.72395,
	3.17788 6.75902,
	3.17788 6.89928,
	3.17349 6.91681,
	3.17349 6.92558,
	3.13843 6.95188,
	3.0683 6.9475,
	3.03323 6.9212,
	3.00693 6.85107,
	2.9894 6.816,
	2.9894 6.74587,
	"/>
<Contour name="d07" hidden="true" closed="true" simplified="true" border="1 0 1" fill="1 0 1" mode="9"
 points="3.16911 7.60499,
	3.19103 7.56992,
	3.26116 7.52609,
	3.30938 7.46034,
	3.30938 7.39021,
	3.31376 7.35514,
	3.33129 7.32008,
	3.35759 7.28501,
	3.37513 7.27186,
	3.41019 7.26748,
	3.44526 7.27186,
	3.51539 7.32008,
	3.58552 7.32446,
	3.62059 7.32446,
	3.62936 7.32446,
	3.6951 7.38144,
	3.71264 7.39898,
	3.7214 7.41651,
	3.75647 7.43404,
	3.89674 7.43842,
	3.91427 7.43842,
	3.94933 7.46034,
	3.9581 7.46911,
	4.02823 7.49541,
	4.04577 7.50417,
	4.18603 7.50856,
	4.25616 7.50856,
	4.29123 7.50856,
	4.30876 7.50856,
	4.3263 7.51732,
	4.33506 7.51732,
	4.3526 7.53486,
	4.38766 7.55677,
	4.4052 7.59184,
	4.4052 7.66197,
	4.38766 7.69704,
	4.3789 7.71457,
	4.36136 7.7321,
	4.3263 7.7321,
	4.29123 7.74525,
	4.26055 7.77594,
	4.19042 7.78032,
	4.17288 7.77594,
	4.16412 7.77594,
	4.15535 7.76717,
	4.08522 7.77155,
	4.06768 7.77594,
	3.92742 7.86799,
	3.90989 7.88114,
	3.87482 7.89429,
	3.59429 7.90305,
	3.52416 7.89867,
	3.50662 7.89429,
	3.44087 7.82854,
	3.40581 7.79347,
	3.39266 7.7584,
	3.37074 7.72334,
	3.34006 7.68827,
	3.30499 7.66197,
	3.23486 7.66197,
	3.19979 7.66197,
	3.18226 7.65759,
	3.16911 7.64006,
	3.16911 7.60937,
	"/>
</Transform>

<Transform dim="0"
 xcoef=" 0 1 0 0 0 0"
 ycoef=" 0 0 1 0 0 0">
<Contour name="d08" hidden="false" closed="true" simplified="true" border="1 0 0" fill="1 0 0" mode="9"
 points="4.8102 3.52689,
	4.88986 3.38529,
	4.90756 3.34988,
	4.94296 3.31448,
	4.97836 3.29236,
	5.01376 3.27908,
	5.04916 3.27908,
	5.11997 3.29236,
	5.13767 3.29236,
	5.14652 3.29236,
	5.18192 3.32333,
	5.19077 3.33218,
	5.22617 3.33661,
	5.26157 3.32333,
	5.27928 3.31891,
	5.28813 3.31891,
	5.29255 3.33661,
	5.28813 3.34546,
	5.30583 3.38086,
	5.34123 3.41184,
	5.41203 3.42954,
	5.44743 3.43839,
	5.46513 3.44724,
	5.50054 3.48264,
	5.52266 3.51362,
	5.53151 3.58442,
	5.57134 3.65522,
	5.58019 3.69062,
	5.58019 3.76143,
	5.56249 3.79683,
	5.55364 3.81453,
	5.48283 3.85878,
	5.46513 3.86763,
	5.46071 4.00924,
	5.45628 4.02694,
	5.42088 4.05349,
	5.35008 4.05792,
	5.31468 4.05349,
	5.2483 3.98711,
	5.2129 3.98269,
	5.14209 3.99154,
	5.10669 3.98269,
	5.03589 3.98711,
	5.01819 3.98711,
	5.00049 3.97826,
	4.96509 3.94286,
	4.95181 3.92516,
	4.94296 3.78355,
	4.87658 3.71275,
	4.81905 3.64195,
	4.8102 3.62425,
	4.8102 3.55344,
	4.8102 3.53574,
	4.8102 3.53132,
	"/>
</Transform>

<Transform dim="0"
 xcoef=" 0 1 0 0 0 0"
 ycoef=" 0 0 1 0 0 0">
<Contour name="D05" hidden="false" closed="true" simplified="true" border="1 1 0" fill="1 1 0" mode="11"
 points="2.14957 4.17731,
	2.15196 4.14783,
	2.15908 4.11894,
	2.17079 4.09121,
	2.18685 4.0652,
	2.20695 4.04141,
	2.23068 4.02033,
	2.25758 4.00238,
	2.28711 3.9879,
	2.31868 3.9772,
	2.35166 3.97048,
	2.38539 3.96788,
	2.41921 3.96944,
	2.45244 3.97514,
	2.48442 3.98487,
	2.51452 3.99842,
	2.54213 4.01554,
	2.5667 4.03587,
	2.58775 4.05902,
	2.60486 4.08453,
	2.61768 4.11188,
	2.62596 4.14053,
	2.62954 4.16992,
	2.62835 4.19945,
	2.6224 4.22854,
	2.61182 4.25661,
	2.59682 4.28311,
	2.57769 4.30749,
	2.55483 4.32929,
	2.52867 4.34806,
	2.49975 4.36344,
	2.46863 4.37511,
	2.43594 4.38284,
	2.40233 4.38648,
	2.36847 4.38596,
	2.33503 4.38128,
	2.30268 4.37255,
	2.27205 4.35993,
	2.24377 4.34367,
	2.21839 4.32411,
	2.19642 4.30162,
	2.17829 4.27666,
	2.16437 4.24972,
	2.15493 4.22134,
	"/>
</Transform>

<Transform dim="0"
 xcoef=" 0 1 0 0 0 0"
 ycoef=" 0 0 1 0 0 0">
<Contour name="D11" hidden="false" closed="true" simplified="true" border="1 0.5 0" fill="1 0.5 0" mode="11"
 points="5.20451 4.15654,
	5.21093 4.14227,
	5.22956 4.12941,
	5.25859 4.11919,
	5.29516 4.11264,
	5.3357 4.11038,
	5.37624 4.11264,
	5.41281 4.11919,
	5.44183 4.12941,
	5.46046 4.14227,
	5.46688 4.15654,
	5.46046 4.1708,
	5.44183 4.18367,
	5.41281 4.19388,
	5.37624 4.20044,
	5.3357 4.2027,
	5.29516 4.20044,
	5.25859 4.19388,
	5.22956 4.18367,
	"/>
</Transform>

<Transform dim="0"
 xcoef=" 0 1 0 0 0 0"
 ycoef=" 0 0 1 0 0 0">
<Contour name="D05" hidden="false" closed="true" simplified="true" border="1 1 0" fill="1 1 0" mode="11"
 points="3.22699 4.56467,
	3.22972 4.55491,
	3.23766 4.54611,
	3.25002 4.53912,
	3.2656 4.53464,
	3.28286 4.53309,
	3.30013 4.53464,
	3.31571 4.53912,
	3.32807 4.54611,
	3.33601 4.55491,
	3.33874 4.56467,
	3.33601 4.57443,
	3.32807 4.58324,
	3.31571 4.59022,
	3.30013 4.59471,
	3.28286 4.59626,
	3.2656 4.59471,
	3.25002 4.59022,
	3.23766 4.58324,
	"/>
</Transform>

<Transform dim="0"
 xcoef=" 0 1 0 0 0 0"
 ycoef=" 0 0 1 0 0 0">
<Contour name="D13" hidden="false" closed="true" simplified="true" border="1 0 0.5" fill="1 0 0.5" mode="11"
 points="5.26281 4.51366,
	5.26579 4.49864,
	5.27441 4.4851,
	5.28785 4.47435,
	5.30478 4.46745,
	5.32355 4.46507,
	5.34232 4.46745,
	5.35925 4.47435,
	5.37268 4.4851,
	5.38131 4.49864,
	5.38428 4.51366,
	5.38131 4.52867,
	5.37268 4.54222,
	5.35925 4.55296,
	5.34232 4.55987,
	5.32355 4.56224,
	5.30478 4.55987,
	5.28785 4.55296,
	5.27441 4.54222,
	"/>
</Transform>

<Transform dim="0"
 xcoef=" 0 1 0 0 0 0"
 ycoef=" 0 0 1 0 0 0">
<Contour name="D16" hidden="false" closed="true" simplified="true" border="0 0 1" fill="0 0 1" mode="11"
 points="2.36636 2.82982,
	2.36734 2.82177,
	2.37019 2.8145,
	2.37462 2.80874,
	2.38021 2.80504,
	2.38641 2.80376,
	2.3926 2.80504,
	2.39819 2.80874,
	2.40263 2.8145,
	2.40547 2.82177,
	2.40646 2.82982,
	2.40547 2.83788,
	2.40263 2.84514,
	2.39819 2.85091,
	2.3926 2.85461,
	2.38641 2.85589,
	2.38021 2.85461,
	2.37462 2.85091,
	2.37019 2.84514,
	"/>
</Transform>

<Transform dim="0"
 xcoef=" 0 1 0 0 0 0"
 ycoef=" 0 0 1 0 0 0">
<Contour name="D16" hidden="false" closed="true" simplified="true" border="0 0 1" fill="0 0 1" mode="11"
 points="2.0897 2.13415,
	2.09558 2.10937,
	2.11267 2.08702,
	2.13928 2.06928,
	2.17281 2.05789,
	2.20998 2.05396,
	2.24716 2.05789,
	2.28069 2.06928,
	2.3073 2.08702,
	2.32439 2.10937,
	2.33027 2.13415,
	2.32439 2.15894,
	2.3073 2.18129,
	2.28069 2.19903,
	2.24716 2.21042,
	2.20998 2.21435,
	2.17281 2.21042,
	2.13928 2.19903,
	2.11267 2.18129,
	"/>
<Contour name="D16" hidden="false" closed="true" simplified="true" border="0 0 1" fill="0 0 1" mode="11"
 points="2.64703 2.60929,
	2.64811 2.60248,
	2.65124 2.59633,
	2.65612 2.59145,
	2.66227 2.58832,
	2.66909 2.58724,
	2.6759 2.58832,
	2.68205 2.59145,
	2.68693 2.59633,
	2.69006 2.60248,
	2.69114 2.60929,
	2.69006 2.61611,
	2.68693 2.62226,
	2.68205 2.62714,
	2.6759 2.63027,
	2.66909 2.63135,
	2.66227 2.63027,
	2.65612 2.62714,
	2.65124 2.62226,
	"/>
</Transform>

<Transform dim="0"
 xcoef=" 0 1 0 0 0 0"
 ycoef=" 0 0 1 0 0 0">
<Contour name="D19" hidden="false" closed="true" simplified="true" border="0 1 0" fill="0 1 0" mode="11"
 points="2.21988 5.98254,
	2.22303 5.94958,
	2.23218 5.91984,
	2.24642 5.89624,
	2.26436 5.88109,
	2.28426 5.87587,
	2.30415 5.88109,
	2.3221 5.89624,
	2.33634 5.91984,
	2.34548 5.94958,
	2.34863 5.98254,
	2.34548 6.01551,
	2.33634 6.04525,
	2.3221 6.06885,
	2.30415 6.084,
	2.28426 6.08922,
	2.26436 6.084,
	2.24642 6.06885,
	2.23218 6.04525,
	"/>
</Transform>

<Transform dim="0"
 xcoef=" 0 1 0 0 0 0"
 ycoef=" 0 0 1 0 0 0">
<Contour name="D14" hidden="false" closed="true" simplified="true" border="1 0 0" fill="1 0 0" mode="11"
 points="6.31043 6.31177,
	6.31403 6.28051,
	6.32448 6.25231,
	6.34076 6.22993,
	6.36127 6.21556,
	6.384 6.21061,
	6.40674 6.21556,
	6.42725 6.22993,
	6.44352 6.25231,
	6.45397 6.28051,
	6.45757 6.31177,
	6.45397 6.34303,
	6.44352 6.37123,
	6.42725 6.39361,
	6.40674 6.40798,
	6.384 6.41293,
	6.36127 6.40798,
	6.34076 6.39361,
	6.32448 6.37123,
	"/>
</Transform>

<Transform dim="0"
 xcoef=" 0 1 0 0 0 0"
 ycoef=" 0 0 1 0 0 0">
<Contour name="d01" hidden="true" closed="true" simplified="true" border="1 0.5 0" fill="1 0.5 0" mode="9"
 points="6.11819 3.61879,
	6.13024 3.57058,
	6.14229 3.54647,
	6.20256 3.45005,
	6.23118 3.40184,
	6.27035 3.30542,
	6.27337 3.29337,
	6.27337 3.28131,
	6.29596 3.2331,
	6.30802 3.209,
	6.31404 3.19695,
	6.32007 3.17284,
	6.32308 3.16681,
	6.34719 3.14874,
	6.35924 3.1412,
	6.38334 3.13216,
	6.3954 3.12764,
	6.40142 3.12463,
	6.44963 3.12463,
	6.49784 3.16681,
	6.52195 3.18791,
	6.54605 3.19845,
	6.57016 3.21502,
	6.58221 3.22557,
	6.59426 3.24968,
	6.6018 3.27378,
	6.60632 3.29789,
	6.62741 3.32199,
	6.63344 3.32802,
	6.63645 3.34007,
	6.63946 3.3461,
	6.66357 3.3476,
	6.67562 3.3476,
	6.68165 3.3476,
	6.70575 3.35966,
	6.7178 3.36568,
	6.72383 3.36869,
	6.82025 3.37623,
	6.85038 3.42444,
	6.8534 3.43649,
	6.8549 3.44252,
	6.83381 3.49073,
	6.81573 3.51483,
	6.80669 3.52688,
	6.78259 3.55099,
	6.73438 3.57208,
	6.71027 3.58263,
	6.69822 3.58865,
	6.63796 3.68507,
	6.60782 3.73328,
	6.59276 3.75739,
	6.57317 3.77999,
	6.52496 3.79505,
	6.50086 3.80259,
	6.4888 3.80711,
	6.29596 3.783,
	6.28391 3.77999,
	6.27788 3.77999,
	6.22967 3.75438,
	6.20557 3.74082,
	6.15736 3.70617,
	6.14531 3.69713,
	6.12271 3.64892,
	6.11819 3.62481,
	6.11819 3.62029,
	"/>
</Transform>

<Transform dim="0"
 xcoef=" 0 1 0 0 0 0"
 ycoef=" 0 0 1 0 0 0">
<Contour name="d01p05" hidden="false" closed="true" simplified="false" border="1 1 0" fill="1 1 0" mode="-9"
 points="5.04304 3.04433,
	5.04304 2.9921,
	4.99082 2.9921,
	4.99082 3.0378,
	4.98429 3.04433,
	4.98429 2.98558,
	5.04957 2.98558,
	5.04957 3.05086,
	4.98429 3.05086,
	4.99082 3.04433,
	"/>
</Transform>

<Transform dim="0"
 xcoef=" 0 1 0 0 0 0"
 ycoef=" 0 0 1 0 0 0">
<Contour name="d03p06" hidden="false" closed="true" simplified="false" border="0 0 1" fill="0 0 1" mode="-9"
 points="3.17876 3.12467,
	3.15819 3.1041,
	3.17876 3.08353,
	3.19933 3.1041,
	"/>
</Transform>

<Transform dim="0"
 xcoef=" 0 1 0 0 0 0"
 ycoef=" 0 0 1 0 0 0">
<Contour name="d08cfa12" hidden="false" closed="false" simplified="false" border="0 1 1" fill="0 1 1" mode="9"
 points="4.62378 3.14876,
	4.58614 3.13849,
	4.53139 3.11112,
	4.46979 3.02215,
	4.44926 2.9674,
	4.44584 2.90922,
	"/>
</Transform>

<Transform dim="0"
 xcoef=" 0 1 0 0 0 0"
 ycoef=" 0 0 1 0 0 0">
<Contour name="d03" hidden="false" closed="true" simplified="true" border="0 1 0" fill="0 1 0" mode="9"
 points="2.76199 3.06839,
	2.80824 3.04238,
	2.83136 3.02648,
	2.84292 3.01925,
	2.88917 3.03226,
	2.93542 3.04816,
	2.94699 3.05394,
	2.94265 3.05683,
	2.9889 3.0655,
	3.01203 3.06406,
	3.03515 3.0655,
	3.04671 3.06695,
	3.05249 3.06839,
	3.05828 3.07995,
	3.07417 3.1262,
	3.07706 3.13199,
	3.07273 3.13632,
	3.0496 3.14499,
	3.03804 3.14788,
	3.02792 3.15367,
	2.99613 3.19992,
	2.98601 3.21148,
	2.98167 3.21726,
	2.97878 3.2187,
	2.93253 3.2057,
	2.92097 3.20281,
	2.82847 3.15367,
	2.80535 3.14066,
	2.79378 3.13343,
	2.77789 3.11031,
	2.77066 3.09874,
	2.76343 3.07562,
	2.76199 3.06984,
	"/>
<Contour name="d03cfa07ax07" hidden="false" closed="false" simplified="false" border="0 1 1" fill="0 1 1" mode="9"
 points="2.98132 3.2374,
	2.91956 3.2156,
	2.81783 3.15747,
	2.75969 3.1066,
	"/>
<Contour name="d03" hidden="false" closed="true" simplified="true" border="0 1 0" fill="0 1 0" mode="9"
 points="2.8278 2.95991,
	2.83565 2.93898,
	2.83957 2.92851,
	2.8435 2.92328,
	2.88404 2.89582,
	2.89843 2.87489,
	2.94029 2.8605,
	2.94552 2.85919,
	2.98737 2.87096,
	3.0083 2.87881,
	3.01876 2.88274,
	3.03969 2.90105,
	3.05015 2.91151,
	3.06062 2.93244,
	3.06585 2.9429,
	3.06847 2.94813,
	3.06193 2.98999,
	3.05931 3.00045,
	3.05931 3.00568,
	3.058 3.0083,
	3.09855 3.04623,
	3.11948 3.05669,
	3.12994 3.06193,
	3.13256 3.06323,
	3.15348 3.058,
	3.16395 3.05408,
	3.16787 3.05146,
	3.18749 3.00961,
	3.19665 2.96775,
	3.20188 2.94683,
	3.20449 2.93636,
	3.20711 2.93113,
	3.24896 2.8932,
	3.33267 2.83173,
	3.3536 2.81603,
	3.39546 2.79118,
	3.41638 2.77941,
	3.45824 2.75063,
	3.50009 2.73101,
	3.52102 2.72317,
	3.54195 2.7127,
	3.62566 2.65646,
	3.64658 2.64207,
	3.65181 2.64076,
	3.67274 2.64338,
	3.68321 2.64469,
	3.72506 2.67085,
	3.73552 2.67739,
	3.74076 2.68,
	3.7813 2.72186,
	3.80223 2.74278,
	3.87286 2.82649,
	3.89117 2.84742,
	3.87548 2.93113,
	3.87286 2.94159,
	3.87286 2.94683,
	3.82708 3.03054,
	3.81662 3.05146,
	3.814 3.05669,
	3.77215 3.09463,
	3.75122 3.1077,
	3.73029 3.11817,
	3.68844 3.14433,
	3.66751 3.1561,
	3.65705 3.16264,
	3.63612 3.16656,
	3.62566 3.16787,
	3.5838 3.16002,
	3.56287 3.15479,
	3.52102 3.16264,
	3.50009 3.16787,
	3.48963 3.17049,
	3.40592 3.2058,
	3.40069 3.20842,
	3.35883 3.21234,
	3.33791 3.21365,
	3.2542 3.19403,
	3.17049 3.17179,
	3.16002 3.16918,
	3.1391 3.15479,
	3.12863 3.14694,
	3.1077 3.12602,
	3.09724 3.11555,
	3.06977 3.0737,
	3.06193 3.06323,
	3.041 3.06062,
	2.99914 3.05931,
	2.95729 3.041,
	2.93636 3.03315,
	2.89451 3.02138,
	2.87358 3.01353,
	2.85265 3.00307,
	2.84219 2.99914,
	2.83827 2.99522,
	2.83173 2.97429,
	2.82911 2.96383,
	2.8278 2.96121,
	"/>
</Transform>

<Transform dim="0"
 xcoef=" 0 1 0 0 0 0"
 ycoef=" 0 0 1 0 0 0">
<Contour name="ax07" comment="LK bouton trace named after cfa" hidden="false" closed="true" simplified="true" border="0 1 1" fill="0.502 1 1" mode="9"
 points="1.43588 3.10782,
	1.44706 3.09664,
	1.45823 3.09106,
	1.46382 3.08826,
	1.48616 3.06731,
	1.49734 3.06033,
	1.51969 3.06312,
	1.53086 3.0701,
	1.54204 3.07988,
	1.57276 3.12458,
	1.58394 3.13436,
	1.58953 3.13855,
	1.6007 3.14274,
	1.62305 3.14413,
	1.6454 3.13994,
	1.66775 3.13855,
	1.67892 3.13994,
	1.69009 3.14413,
	1.69568 3.14693,
	1.69847 3.14972,
	1.70406 3.15112,
	1.72641 3.14832,
	1.74876 3.14832,
	1.77111 3.1567,
	1.78228 3.16089,
	1.82698 3.16648,
	1.84933 3.16508,
	1.87167 3.15251,
	1.89402 3.14553,
	1.91637 3.14274,
	1.93872 3.14274,
	1.94989 3.14274,
	1.97224 3.14832,
	1.97783 3.15251,
	1.98062 3.15391,
	1.9918 3.14972,
	2.03649 3.14553,
	2.04767 3.14413,
	2.09236 3.12039,
	2.11471 3.10502,
	2.13706 3.09245,
	2.14823 3.08686,
	2.23763 3.0729,
	2.28232 3.0701,
	2.32702 3.0729,
	2.34937 3.07569,
	2.39407 3.07569,
	2.40524 3.07848,
	2.41641 3.08826,
	2.422 3.09385,
	2.43318 3.1162,
	2.43737 3.12178,
	2.44295 3.12458,
	2.44575 3.12597,
	2.49044 3.10223,
	2.50162 3.10083,
	2.52397 3.10502,
	2.53514 3.10642,
	2.55749 3.1148,
	2.60219 3.12597,
	2.61336 3.12737,
	2.62453 3.12597,
	2.63012 3.12597,
	2.65247 3.1148,
	2.66364 3.10921,
	2.67482 3.10083,
	2.69717 3.08966,
	2.70834 3.08826,
	2.73069 3.09944,
	2.74186 3.10782,
	2.76421 3.12877,
	2.78656 3.14553,
	2.83126 3.18883,
	2.84243 3.19861,
	2.86478 3.21257,
	2.90947 3.23632,
	2.99887 3.29498,
	3.02122 3.31035,
	3.04356 3.3299,
	3.06452 3.35225,
	3.0715 3.36343,
	3.07569 3.36901,
	3.07709 3.39136,
	3.07569 3.40254,
	3.06731 3.42488,
	3.05474 3.44723,
	3.04915 3.45841,
	3.01004 3.5031,
	2.99049 3.52545,
	2.97931 3.53663,
	2.93462 3.55758,
	2.91227 3.56596,
	2.86757 3.57573,
	2.84522 3.57993,
	2.82288 3.58132,
	2.77818 3.5911,
	2.73348 3.60926,
	2.68878 3.62462,
	2.59939 3.63999,
	2.57704 3.64557,
	2.53235 3.65256,
	2.51 3.65675,
	2.49882 3.65954,
	2.45413 3.65535,
	2.40943 3.64557,
	2.36473 3.633,
	2.34239 3.62323,
	2.33121 3.61764,
	2.30886 3.61484,
	2.28651 3.61484,
	2.26417 3.61065,
	2.24182 3.60227,
	2.21947 3.5897,
	2.2083 3.58132,
	2.19852 3.57015,
	2.19293 3.56735,
	2.17617 3.54501,
	2.16919 3.53383,
	2.17477 3.51148,
	2.17896 3.50031,
	2.18036 3.48913,
	2.17617 3.47796,
	2.16779 3.46818,
	2.15662 3.4626,
	2.15103 3.4598,
	2.10633 3.45701,
	2.09516 3.45561,
	2.05046 3.42768,
	2.03929 3.4165,
	1.99459 3.38158,
	1.97224 3.36482,
	1.92754 3.33968,
	1.91637 3.33549,
	1.91078 3.3299,
	1.90799 3.32711,
	1.89682 3.32571,
	1.88564 3.32152,
	1.84094 3.28521,
	1.8186 3.26565,
	1.79625 3.25029,
	1.7739 3.23073,
	1.76273 3.22375,
	1.75155 3.21956,
	1.70685 3.21956,
	1.69568 3.21956,
	1.67333 3.21257,
	1.62864 3.20978,
	1.60629 3.20978,
	1.59511 3.20978,
	1.55042 3.2014,
	1.50572 3.18324,
	1.48337 3.17067,
	1.46102 3.15251,
	1.44147 3.13016,
	1.43728 3.11899,
	1.43588 3.10921,
	"/>
</Transform>

<Transform dim="0"
 xcoef=" 0 1 0 0 0 0"
 ycoef=" 0 0 1 0 0 0">
<Contour name="D10" hidden="false" closed="true" simplified="true" border="0 1 1" fill="0 1 1" mode="11"
 points="4.22444 2.25994,
	4.23045 2.21544,
	4.24787 2.17529,
	4.27502 2.14342,
	4.30922 2.12296,
	4.34713 2.11591,
	4.38505 2.12296,
	4.41925 2.14342,
	4.4464 2.17529,
	4.46382 2.21544,
	4.46983 2.25994,
	4.46382 2.30445,
	4.4464 2.3446,
	4.41925 2.37647,
	4.38505 2.39693,
	4.34713 2.40398,
	4.30922 2.39693,
	4.27502 2.37647,
	4.24787 2.3446,
	"/>
<Contour name="ax02" comment="LK bouton trace named after cfa" hidden="false" closed="true" simplified="true" border="0 1 1" fill="0.502 1 1" mode="9"
 points="3.76222 2.42311,
	3.77159 2.40169,
	3.77628 2.39097,
	3.77896 2.38026,
	3.78029 2.36955,
	3.78029 2.36419,
	3.789 2.32134,
	3.79034 2.29991,
	3.78967 2.27849,
	3.78431 2.25706,
	3.78498 2.21421,
	3.78431 2.2035,
	3.78565 2.18207,
	3.78967 2.17136,
	3.79168 2.166,
	3.79235 2.16065,
	3.80306 2.13922,
	3.80909 2.12851,
	3.81243 2.12315,
	3.82181 2.11244,
	3.83252 2.1024,
	3.85395 2.08767,
	3.86466 2.08231,
	3.87001 2.07963,
	3.88073 2.07829,
	3.88608 2.07695,
	3.8968 2.07695,
	3.90751 2.08231,
	3.91287 2.08499,
	3.92157 2.0957,
	3.93697 2.11713,
	3.94567 2.12784,
	3.95572 2.13855,
	3.96107 2.14391,
	3.97179 2.15127,
	3.9825 2.15462,
	4.00392 2.15395,
	4.00928 2.15328,
	4.01464 2.15462,
	4.02535 2.16065,
	4.04343 2.18207,
	4.06017 2.2035,
	4.06485 2.20885,
	4.07557 2.21689,
	4.08427 2.2276,
	4.10369 2.27045,
	4.10704 2.28117,
	4.10503 2.29188,
	4.10436 2.29724,
	4.10971 2.31866,
	4.12846 2.36151,
	4.13717 2.38294,
	4.14721 2.40436,
	4.15524 2.42579,
	4.15792 2.4365,
	4.15725 2.44722,
	4.16127 2.45793,
	4.16261 2.47935,
	4.1673 2.49007,
	4.17332 2.50078,
	4.18337 2.51082,
	4.18872 2.51618,
	4.19943 2.52421,
	4.20412 2.52957,
	4.20613 2.53493,
	4.2068 2.54028,
	4.20546 2.551,
	4.19475 2.55702,
	4.18939 2.55836,
	4.18671 2.5597,
	4.176 2.56171,
	4.16529 2.56573,
	4.15457 2.57443,
	4.14855 2.58514,
	4.13984 2.59586,
	4.13449 2.5992,
	4.12913 2.59987,
	4.12779 2.59987,
	4.12645 2.59853,
	4.10503 2.59519,
	4.09431 2.59251,
	4.08896 2.59117,
	4.08628 2.58983,
	4.07557 2.58983,
	4.06485 2.59184,
	4.0595 2.59653,
	4.05414 2.59987,
	4.04343 2.60322,
	4.03272 2.60389,
	4.02736 2.60456,
	4.022 2.60791,
	4.01129 2.61661,
	4.00058 2.62331,
	3.98986 2.62866,
	3.98451 2.63134,
	3.97915 2.63268,
	3.97647 2.63402,
	3.96576 2.63536,
	3.94433 2.63469,
	3.92291 2.63268,
	3.90148 2.62799,
	3.89077 2.62599,
	3.86934 2.61661,
	3.84792 2.60523,
	3.83721 2.59786,
	3.82649 2.59184,
	3.82114 2.58782,
	3.81846 2.58648,
	3.81377 2.58113,
	3.81176 2.57845,
	3.81042 2.57309,
	3.81109 2.57041,
	3.80641 2.5597,
	3.79703 2.51685,
	3.79168 2.49542,
	3.78833 2.48471,
	3.78699 2.47935,
	3.77561 2.45793,
	3.76824 2.44722,
	3.76289 2.4365,
	3.76222 2.42579,
	3.76222 2.42378,
	"/>
</Transform>

<Transform dim="0"
 xcoef=" 0 1 0 0 0 0"
 ycoef=" 0 0 1 0 0 0">
<Contour name="ax09" comment="LK bouton trace named after cfa" hidden="false" closed="true" simplified="true" border="0 1 1" fill="0.502 1 1" mode="9"
 points="3.8688 1.99309,
	3.87843 1.97383,
	3.88325 1.9642,
	3.88505 1.95938,
	3.88927 1.95517,
	3.89348 1.94554,
	3.89649 1.93591,
	3.89769 1.92627,
	3.90191 1.91664,
	3.90371 1.91183,
	3.91937 1.89256,
	3.92238 1.88775,
	3.9296 1.86849,
	3.93381 1.85885,
	3.93381 1.85404,
	3.94164 1.83478,
	3.94465 1.82996,
	3.94706 1.82755,
	3.94826 1.82635,
	3.95067 1.82575,
	3.95548 1.82274,
	3.95669 1.82153,
	3.95909 1.82093,
	3.96812 1.8113,
	3.96812 1.8101,
	3.96993 1.80769,
	3.97234 1.79806,
	3.97294 1.79565,
	3.97294 1.79444,
	3.97414 1.79324,
	3.97414 1.79204,
	3.97776 1.78722,
	3.98739 1.77879,
	3.99702 1.77217,
	4.00484 1.76254,
	4.01147 1.75351,
	4.01147 1.75231,
	4.02712 1.73304,
	4.04096 1.71378,
	4.04578 1.71137,
	4.05541 1.70415,
	4.06022 1.70114,
	4.06986 1.69693,
	4.07226 1.69632,
	4.09153 1.68308,
	4.11079 1.66803,
	4.12042 1.66021,
	4.13005 1.65419,
	4.14931 1.63974,
	4.15895 1.63252,
	4.16376 1.62891,
	4.18302 1.61867,
	4.19266 1.61386,
	4.21192 1.60723,
	4.23118 1.59881,
	4.26971 1.58496,
	4.28897 1.58316,
	4.2986 1.58255,
	4.31786 1.58436,
	4.32749 1.58496,
	4.33713 1.58737,
	4.34676 1.59098,
	4.35639 1.5958,
	4.36602 1.60182,
	4.37084 1.60543,
	4.37926 1.61506,
	4.38288 1.61988,
	4.3919 1.62951,
	4.40214 1.64877,
	4.40816 1.6584,
	4.41598 1.66803,
	4.42561 1.67646,
	4.44488 1.69091,
	4.46414 1.70836,
	4.4834 1.72763,
	4.50868 1.76615,
	4.51711 1.78542,
	4.51892 1.79023,
	4.51952 1.79505,
	4.52133 1.79745,
	4.52434 1.80709,
	4.53216 1.82635,
	4.53878 1.84561,
	4.54179 1.85524,
	4.543 1.87451,
	4.54119 1.89377,
	4.53638 1.91303,
	4.52614 1.93229,
	4.50868 1.95156,
	4.49905 1.96119,
	4.48942 1.96781,
	4.47377 1.98707,
	4.46414 1.9961,
	4.45451 2.00393,
	4.44969 2.00814,
	4.44728 2.01055,
	4.37023 2.04787,
	4.3606 2.05088,
	4.35579 2.05269,
	4.33652 2.0557,
	4.31726 2.0563,
	4.298 2.06292,
	4.28837 2.06593,
	4.24984 2.08519,
	4.24021 2.09061,
	4.22095 2.09904,
	4.18242 2.1183,
	4.17279 2.12312,
	4.16798 2.12552,
	4.14871 2.14178,
	4.1439 2.14599,
	4.13427 2.15261,
	4.12945 2.15682,
	4.12463 2.15983,
	4.115 2.16224,
	4.11259 2.16345,
	4.07407 2.16525,
	4.05481 2.16405,
	4.04518 2.16405,
	4.00665 2.15682,
	3.99702 2.15502,
	3.98739 2.15081,
	3.96812 2.13816,
	3.9296 2.10807,
	3.91997 2.10024,
	3.9007 2.0876,
	3.89589 2.08339,
	3.87964 2.06412,
	3.87422 2.05449,
	3.87 2.04486,
	3.8688 2.00633,
	3.8688 1.9967,
	3.8688 1.9943,
	3.8688 1.99369,
	"/>
</Transform>

<Transform dim="0"
 xcoef=" 0 1 0 0 0 0"
 ycoef=" 0 0 1 0 0 0">
<Contour name="ax24" comment="LK bouton trace named after cfa" hidden="false" closed="true" simplified="true" border="0 1 1" fill="0.502 1 1" mode="9"
 points="5.38925 5.17562,
	5.40266 5.16014,
	5.41092 5.15395,
	5.42743 5.14569,
	5.46046 5.13537,
	5.46871 5.12815,
	5.47491 5.11989,
	5.48316 5.11163,
	5.51619 5.08583,
	5.52032 5.0817,
	5.52444 5.07345,
	5.53064 5.06519,
	5.53786 5.06003,
	5.55437 5.06106,
	5.56263 5.06106,
	5.57089 5.05797,
	5.5874 5.04765,
	5.60391 5.04352,
	5.62042 5.03526,
	5.62455 5.03423,
	5.62661 5.0332,
	5.63487 5.03629,
	5.64313 5.03733,
	5.65964 5.03526,
	5.66377 5.03526,
	5.67202 5.03113,
	5.68028 5.02494,
	5.68957 5.00843,
	5.69782 5.00327,
	5.70195 5.00224,
	5.71847 5.00533,
	5.73498 5.00327,
	5.75149 4.99914,
	5.768 4.99811,
	5.77213 4.99811,
	5.78864 5.00533,
	5.7969 5.01153,
	5.80103 5.01359,
	5.80516 5.01359,
	5.80722 5.01256,
	5.81548 5.01565,
	5.8485 5.01462,
	5.86501 5.00843,
	5.88153 5.00533,
	5.89804 5.0074,
	5.90217 5.0074,
	5.91042 5.01049,
	5.91868 5.01153,
	5.9517 5.02701,
	5.98473 5.04455,
	6.01362 5.07758,
	6.01879 5.08583,
	6.02601 5.10234,
	6.03014 5.11886,
	6.03014 5.13537,
	6.03323 5.14363,
	6.04355 5.16014,
	6.04562 5.16839,
	6.03943 5.20142,
	6.03736 5.23444,
	6.03943 5.25096,
	6.04046 5.25921,
	6.04459 5.26747,
	6.04768 5.28398,
	6.04768 5.31701,
	6.04871 5.32526,
	6.04149 5.34177,
	6.03117 5.35829,
	6.00537 5.39131,
	5.99711 5.39957,
	5.99298 5.40163,
	5.98679 5.40989,
	5.97854 5.4264,
	5.96822 5.44291,
	5.95583 5.45943,
	5.93932 5.46975,
	5.93106 5.47387,
	5.91455 5.47903,
	5.89804 5.48213,
	5.88978 5.48316,
	5.88153 5.48626,
	5.8774 5.48832,
	5.86192 5.50484,
	5.85779 5.50896,
	5.84953 5.51412,
	5.83302 5.52135,
	5.8 5.53064,
	5.78348 5.53373,
	5.75046 5.53476,
	5.73395 5.5327,
	5.71743 5.52857,
	5.70092 5.52754,
	5.68441 5.52341,
	5.6679 5.51722,
	5.65138 5.51412,
	5.64313 5.52135,
	5.6101 5.5327,
	5.59359 5.53167,
	5.56056 5.52444,
	5.55231 5.52032,
	5.54818 5.51825,
	5.53373 5.50174,
	5.52651 5.49348,
	5.52135 5.48523,
	5.51928 5.4811,
	5.51928 5.47284,
	5.52238 5.45633,
	5.52135 5.4522,
	5.51412 5.44395,
	5.50484 5.42743,
	5.49245 5.39441,
	5.49142 5.39028,
	5.49142 5.38822,
	5.48935 5.38615,
	5.48626 5.36964,
	5.48419 5.36551,
	5.48213 5.33249,
	5.48213 5.31597,
	5.47697 5.28295,
	5.47078 5.26644,
	5.46665 5.25818,
	5.46562 5.25405,
	5.46252 5.24992,
	5.45943 5.24167,
	5.45427 5.23341,
	5.44704 5.22619,
	5.43879 5.22516,
	5.42227 5.2169,
	5.41402 5.21174,
	5.40989 5.20968,
	5.40163 5.20245,
	5.3975 5.19832,
	5.39028 5.18181,
	5.38925 5.17768,
	5.38925 5.17665,
	"/>
</Transform>

<Transform dim="0"
 xcoef=" 0 1 0 0 0 0"
 ycoef=" 0 0 1 0 0 0">
<Contour name="D05" hidden="false" closed="true" simplified="true" border="1 1 0" fill="1 1 0" mode="11"
 points="4.14066 3.77485,
	4.1447 3.74431,
	4.1564 3.71675,
	4.17462 3.69488,
	4.19758 3.68084,
	4.22304 3.676,
	4.24849 3.68084,
	4.27146 3.69488,
	4.28968 3.71675,
	4.30138 3.74431,
	4.30541 3.77485,
	4.30138 3.8054,
	4.28968 3.83295,
	4.27146 3.85482,
	4.24849 3.86886,
	4.22304 3.8737,
	4.19758 3.86886,
	4.17462 3.85482,
	4.1564 3.83295,
	"/>
<Contour name="d08" hidden="false" closed="true" simplified="true" border="1 0 0" fill="1 0 0" mode="9"
 points="4.34113 2.93391,
	4.35441 2.89851,
	4.35441 2.88966,
	4.37211 2.87639,
	4.44291 2.87639,
	4.45176 3.01799,
	4.50929 3.08437,
	4.52256 3.11977,
	4.55797 3.13305,
	4.59337 3.13305,
	4.61107 3.1419,
	4.62877 3.1596,
	4.63762 3.16845,
	4.63762 3.20385,
	4.63762 3.22155,
	4.63319 3.2304,
	4.56239 3.2304,
	4.52699 3.2304,
	4.50929 3.22155,
	4.50044 3.2127,
	4.46504 3.20385,
	4.44734 3.19943,
	4.41193 3.16402,
	4.39423 3.14632,
	4.37653 3.13747,
	4.34556 3.10207,
	4.34113 2.96047,
	4.34113 2.94276,
	4.34113 2.93834,
	"/>
<Contour name="d08c12" hidden="true" closed="true" simplified="true" border="1 0 0" fill="0 1 0" mode="9"
 points="4.42108 2.93598,
	4.42793 2.9223,
	4.4553 2.90519,
	4.46899 2.90176,
	4.47584 2.90176,
	4.49637 2.95651,
	4.53401 3.00784,
	4.54085 3.03522,
	4.54085 3.04206,
	4.56823 3.06259,
	4.62298 3.11734,
	4.6264 3.14472,
	4.6264 3.15156,
	4.61271 3.16525,
	4.55796 3.16525,
	4.54427 3.16183,
	4.5169 3.1413,
	4.46557 3.08655,
	4.43819 3.05917,
	4.42793 3.04548,
	4.42108 2.99073,
	4.42108 2.93941,
	"/>
<Contour name="d01" hidden="true" closed="true" simplified="true" border="1 0.5 0" fill="1 0.5 0" mode="9"
 points="4.29899 3.43397,
	4.3251 3.38174,
	4.33489 3.36868,
	4.35774 3.36542,
	4.40997 3.36868,
	4.43608 3.37195,
	4.44261 3.37195,
	4.49484 3.41112,
	4.52095 3.42091,
	4.54707 3.41764,
	4.56012 3.41438,
	4.61235 3.37521,
	4.66458 3.32951,
	4.69722 3.27728,
	4.70701 3.25117,
	4.71028 3.23811,
	4.73313 3.212,
	4.74618 3.18588,
	4.75598 3.13366,
	4.78536 3.08143,
	4.79188 3.06837,
	4.79515 3.06184,
	4.80494 3.06837,
	4.83105 3.04552,
	4.84411 3.03573,
	4.85717 3.00962,
	4.8539 2.95739,
	4.86043 2.95412,
	4.86696 2.95739,
	4.87349 2.94433,
	4.88002 2.8921,
	4.88328 2.86599,
	4.88328 2.85293,
	4.8996 2.80071,
	4.90287 2.77459,
	4.88655 2.72236,
	4.87675 2.69625,
	4.87349 2.68319,
	4.88655 2.57874,
	4.92245 2.47428,
	4.9453 2.42206,
	4.97468 2.36983,
	5.02364 2.32739,
	5.04976 2.30454,
	5.10198 2.2719,
	5.1281 2.25558,
	5.15421 2.23273,
	5.20644 2.20988,
	5.25867 2.1805,
	5.28478 2.17071,
	5.3109 2.16745,
	5.32395 2.16418,
	5.33701 2.17071,
	5.36312 2.22294,
	5.37944 2.27517,
	5.38271 2.30128,
	5.3925 2.31434,
	5.40229 2.34045,
	5.40882 2.34698,
	5.46105 2.35024,
	5.48716 2.3633,
	5.51328 2.38941,
	5.52633 2.40247,
	5.53286 2.41553,
	5.63732 2.48408,
	5.72545 2.58853,
	5.77115 2.64076,
	5.78094 2.66687,
	5.77768 2.67993,
	5.77442 2.68646,
	5.82664 2.7191,
	5.84949 2.74195,
	5.85602 2.79418,
	5.83644 2.8464,
	5.81032 2.85293,
	5.70587 2.86273,
	5.65364 2.90516,
	5.54918 3.00635,
	5.52307 3.01941,
	5.51001 3.02594,
	5.45779 3.07816,
	5.44473 3.08796,
	5.41861 3.09775,
	5.3925 3.12386,
	5.28805 3.11407,
	5.18359 3.11081,
	5.15748 3.11407,
	5.14442 3.11734,
	5.09219 3.1663,
	5.08566 3.17283,
	5.05955 3.17609,
	5.03344 3.19241,
	5.01059 3.20221,
	5.01712 3.20547,
	5.01712 3.212,
	4.96489 3.25117,
	4.95836 3.26423,
	4.95509 3.29034,
	4.95509 3.3034,
	4.95509 3.30992,
	4.91266 3.36215,
	4.8637 3.46661,
	4.82779 3.51884,
	4.80168 3.53516,
	4.69722 3.58086,
	4.59277 3.58738,
	4.54054 3.59065,
	4.43608 3.60697,
	4.40997 3.61676,
	4.39691 3.62329,
	4.3708 3.62655,
	4.35774 3.62655,
	4.33163 3.61023,
	4.33163 3.59718,
	4.30225 3.54495,
	4.29899 3.44049,
	4.29899 3.43723,
	"/>
<Contour name="ax06" comment="LK bouton trace named after cfa" hidden="false" closed="true" simplified="true" border="0 1 1" fill="0.502 1 1" mode="9"
 points="3.6977 3.13413,
	3.70811 3.11331,
	3.71462 3.10289,
	3.73545 3.10029,
	3.74586 3.09769,
	3.74846 3.09769,
	3.76929 3.08207,
	3.77319 3.06124,
	3.77319 3.04042,
	3.7836 3.01959,
	3.79402 3.01309,
	3.80443 3.00918,
	3.80963 3.00788,
	3.85128 3.01439,
	3.8617 3.01829,
	3.88252 3.03261,
	3.88773 3.03782,
	3.88903 3.04042,
	3.89944 3.03391,
	3.92027 3.01569,
	3.92547 3.01179,
	3.96712 3.00528,
	3.96973 3.00528,
	3.98274 2.98445,
	3.99185 2.97404,
	3.99185 2.97144,
	3.99576 2.96623,
	3.99706 2.96102,
	4.00357 2.95061,
	4.00487 2.94541,
	4.01268 2.93499,
	4.02309 2.92588,
	4.0335 2.92068,
	4.05433 2.91677,
	4.07515 2.91807,
	4.08556 2.91938,
	4.10639 2.93109,
	4.1168 2.9376,
	4.13763 2.9415,
	4.15845 2.95452,
	4.16886 2.96233,
	4.18708 2.98315,
	4.21181 3.0248,
	4.22353 3.04563,
	4.23004 3.05604,
	4.24826 3.07686,
	4.27819 3.11851,
	4.28991 3.13934,
	4.30813 3.18099,
	4.31073 3.1914,
	4.32114 3.21222,
	4.32245 3.22264,
	4.32245 3.22784,
	4.32895 3.23825,
	4.33806 3.24867,
	4.36409 3.29032,
	4.37451 3.31114,
	4.37321 3.33197,
	4.3706 3.34238,
	4.34978 3.38403,
	4.34327 3.40485,
	4.34197 3.41527,
	4.32375 3.45691,
	4.31984 3.47774,
	4.31854 3.49856,
	4.30162 3.54021,
	4.29251 3.56104,
	4.28991 3.58186,
	4.27949 3.60269,
	4.27299 3.6131,
	4.25216 3.63393,
	4.24175 3.63913,
	4.2001 3.64173,
	4.17927 3.64043,
	4.13763 3.62612,
	4.09598 3.6092,
	4.07515 3.60269,
	4.05433 3.59358,
	4.0335 3.57926,
	3.9502 3.53891,
	3.93979 3.5311,
	3.92938 3.52069,
	3.92287 3.51028,
	3.90204 3.49856,
	3.89163 3.49336,
	3.87081 3.47514,
	3.84738 3.43349,
	3.82655 3.42568,
	3.81614 3.42047,
	3.77579 3.37882,
	3.76799 3.36841,
	3.76148 3.34758,
	3.76278 3.32676,
	3.76668 3.30594,
	3.76799 3.29552,
	3.75887 3.2747,
	3.75367 3.26429,
	3.73284 3.24737,
	3.72243 3.24086,
	3.71462 3.23045,
	3.71202 3.22784,
	3.70551 3.18619,
	3.70421 3.17578,
	3.7003 3.16537,
	3.6977 3.14454,
	3.6977 3.13543,
	"/>
</Transform>

<Transform dim="0"
 xcoef=" 0 1 0 0 0 0"
 ycoef=" 0 0 1 0 0 0">
<Contour name="ax27" hidden="false" closed="true" simplified="true" border="0 0 1" fill="0 0 1" mode="11"
 points="3.48708 3.63819,
	3.52621 3.57712,
	3.54529 3.54659,
	3.55483 3.53132,
	3.58346 3.50078,
	3.61399 3.47693,
	3.62926 3.46548,
	3.65979 3.43494,
	3.67506 3.41968,
	3.6827 3.41204,
	3.69033 3.40727,
	3.69415 3.40345,
	3.70369 3.38819,
	3.73231 3.35765,
	3.73613 3.35002,
	3.73899 3.34811,
	3.75426 3.34906,
	3.76189 3.35002,
	3.76953 3.35288,
	3.7848 3.36338,
	3.78861 3.36719,
	3.79052 3.37006,
	3.80579 3.38437,
	3.81342 3.38914,
	3.82106 3.39582,
	3.83537 3.40536,
	3.85064 3.41204,
	3.85827 3.41395,
	3.86209 3.41395,
	3.86972 3.41681,
	3.87735 3.42158,
	3.88499 3.42826,
	3.88785 3.43208,
	3.88976 3.46262,
	3.88976 3.47788,
	3.89071 3.48552,
	3.89453 3.49315,
	3.90025 3.50078,
	3.90789 3.50555,
	3.92316 3.50842,
	3.93842 3.51605,
	3.9451 3.52368,
	3.95464 3.53895,
	3.96132 3.54659,
	3.96514 3.5504,
	3.99567 3.56376,
	4.01094 3.57235,
	4.03575 3.60288,
	4.0472 3.61815,
	4.04816 3.62578,
	4.04816 3.6296,
	4.06342 3.64201,
	4.07106 3.64964,
	4.07487 3.65727,
	4.07583 3.66491,
	4.07678 3.66872,
	4.08251 3.67636,
	4.08251 3.70689,
	4.0701 3.73743,
	4.05865 3.75269,
	4.05197 3.76033,
	4.0472 3.76796,
	4.04529 3.77559,
	4.03861 3.78323,
	4.03384 3.7985,
	4.01094 3.82903,
	3.99949 3.8443,
	3.99377 3.85193,
	3.96323 3.87483,
	3.9327 3.89105,
	3.91743 3.89582,
	3.8869 3.91777,
	3.87163 3.9235,
	3.86781 3.9235,
	3.86018 3.93018,
	3.73804 3.93781,
	3.67697 3.93781,
	3.64644 3.93781,
	3.6388 3.93781,
	3.63117 3.94163,
	3.60063 3.92922,
	3.58537 3.92063,
	3.5701 3.91014,
	3.53956 3.88437,
	3.5243 3.87483,
	3.51666 3.87006,
	3.50903 3.86243,
	3.49853 3.84716,
	3.49472 3.83953,
	3.4909 3.80899,
	3.49472 3.74792,
	3.48995 3.68685,
	3.48708 3.65632,
	3.48708 3.64105,
	3.48708 3.63914,
	"/>
</Transform>

<Transform dim="0"
 xcoef=" 0 1 0 0 0 0"
 ycoef=" 0 0 1 0 0 0">
<Contour name="d03c07ax07" hidden="false" closed="true" simplified="true" border="0 1 0" fill="0 1 0" mode="9"
 points="2.70412 3.16549,
	2.77138 3.09928,
	2.77979 3.09087,
	2.78399 3.08667,
	2.78609 3.08457,
	2.92062 3.15288,
	2.95425 3.16969,
	2.97106 3.1781,
	2.97947 3.18231,
	2.98262 3.18546,
	2.98472 3.31998,
	2.98367 3.3368,
	2.84915 3.2853,
	2.81552 3.27269,
	2.80711 3.26953,
	2.7409 3.20227,
	2.70727 3.16864,
	2.70517 3.16654,
	"/>
</Transform>

<Transform dim="6"
 xcoef=" 0.367953625361913 1.01315599631359 0.0367085150241094 0 0 0"
 ycoef=" -0.397829717743004 0.00929150302691232 1.00029199803765 0 0 0">
<Image mag="0.00217507" contrast="0.917" brightness="0.12" red="true" green="true" blue="true"
 src="FHLTD.89.jpg" />
<Contour name="domain1" hidden="false" closed="true" simplified="false" border="1 0 1" fill="1 0 1" mode="11"
 points="0 0,
	4096 0,
	4096 4096,
	0 4096,
	"/>
</Transform>

<Transform dim="0"
 xcoef=" 0 1 0 0 0 0"
 ycoef=" 0 0 1 0 0 0">
<Contour name="ddh_d06ax10" comment="traced by ddh" hidden="false" closed="true" simplified="true" border="1 1 0" fill="1 1 0" mode="11"
 points="3.68985 6.93135,
	3.70475 6.91148,
	3.71282 6.90154,
	3.71966 6.89161,
	3.724 6.88167,
	3.72587 6.87174,
	3.72649 6.8618,
	3.72276 6.82206,
	3.72152 6.81212,
	3.72214 6.79225,
	3.72276 6.78232,
	3.72462 6.77238,
	3.7358 6.75251,
	3.76126 6.71277,
	3.77244 6.6929,
	3.77803 6.68296,
	3.78051 6.67799,
	3.78175 6.67551,
	3.783 6.66557,
	3.78796 6.65564,
	3.801 6.61589,
	3.80411 6.60596,
	3.80473 6.60099,
	3.80783 6.59602,
	3.81467 6.57615,
	3.81653 6.57118,
	3.82708 6.55131,
	3.83019 6.54635,
	3.8395 6.53641,
	3.84199 6.53455,
	3.84447 6.52958,
	3.87304 6.48984,
	3.88235 6.46997,
	3.89042 6.45009,
	3.90346 6.43022,
	3.90719 6.42525,
	3.91713 6.41594,
	3.92147 6.41159,
	3.93141 6.40663,
	3.94134 6.4029,
	3.96122 6.39917,
	3.97115 6.39669,
	3.98109 6.39545,
	4.00096 6.3911,
	4.02083 6.38489,
	4.03077 6.3793,
	4.03573 6.37682,
	4.07548 6.36502,
	4.09535 6.35446,
	4.10031 6.35074,
	4.10839 6.3408,
	4.11832 6.33335,
	4.12329 6.33025,
	4.13323 6.32714,
	4.1531 6.32404,
	4.15558 6.32404,
	4.16552 6.32776,
	4.17545 6.33397,
	4.17794 6.33459,
	4.19781 6.3495,
	4.20278 6.3526,
	4.22265 6.37185,
	4.23258 6.38117,
	4.23755 6.38551,
	4.24003 6.388,
	4.25991 6.39979,
	4.26487 6.4029,
	4.27481 6.41159,
	4.29158 6.43146,
	4.31083 6.44947,
	4.31579 6.45382,
	4.33567 6.4681,
	4.35554 6.48114,
	4.37541 6.49108,
	4.38534 6.49543,
	4.40521 6.49915,
	4.44496 6.50101,
	4.45489 6.50226,
	4.46483 6.50474,
	4.47476 6.50909,
	4.4847 6.51592,
	4.50457 6.53268,
	4.52258 6.55256,
	4.53314 6.57243,
	4.54183 6.5923,
	4.54369 6.60223,
	4.54245 6.61217,
	4.52258 6.62956,
	4.51264 6.63825,
	4.50892 6.64322,
	4.49836 6.66309,
	4.49401 6.67302,
	4.49091 6.67799,
	4.48222 6.71774,
	4.47663 6.73761,
	4.47476 6.74754,
	4.47476 6.75003,
	4.47663 6.75499,
	4.48035 6.79474,
	4.48097 6.80467,
	4.4816 6.80964,
	4.4816 6.81212,
	4.48532 6.82206,
	4.48718 6.82703,
	4.4878 6.82951,
	4.4878 6.83075,
	4.48967 6.83324,
	4.49091 6.8382,
	4.49277 6.84069,
	4.49401 6.84566,
	4.4965 6.85062,
	4.5114 6.8705,
	4.51947 6.88043,
	4.53314 6.9003,
	4.53438 6.90279,
	4.53686 6.90527,
	4.54369 6.92514,
	4.5468 6.93508,
	4.54742 6.94501,
	4.54493 6.98476,
	4.54493 6.98972,
	4.54369 6.99469,
	4.53624 7.00463,
	4.51637 7.02201,
	4.50706 7.03195,
	4.49401 7.05182,
	4.48222 7.07169,
	4.47973 7.07666,
	4.47663 7.09653,
	4.48035 7.1164,
	4.48408 7.12634,
	4.48532 7.13131,
	4.48222 7.15118,
	4.48035 7.17105,
	4.47973 7.17353,
	4.47104 7.18347,
	4.45738 7.20334,
	4.45365 7.21328,
	4.44558 7.22259,
	4.43564 7.22694,
	4.42571 7.2288,
	4.41577 7.2319,
	4.40584 7.23874,
	4.40087 7.24184,
	4.39838 7.24308,
	4.38969 7.25302,
	4.38534 7.25799,
	4.37292 7.27786,
	4.36423 7.28779,
	4.32449 7.32195,
	4.30462 7.33685,
	4.28475 7.34741,
	4.27481 7.35362,
	4.23507 7.38529,
	4.2301 7.38901,
	4.19036 7.4095,
	4.15061 7.42627,
	4.11087 7.4449,
	4.091 7.45049,
	4.08106 7.45359,
	4.06119 7.45546,
	4.04132 7.45359,
	4.00158 7.43931,
	3.98171 7.43124,
	3.96184 7.42192,
	3.95687 7.42006,
	3.95439 7.41882,
	3.94942 7.4182,
	3.90967 7.39895,
	3.8898 7.38963,
	3.85006 7.36666,
	3.83019 7.35237,
	3.82025 7.34679,
	3.81032 7.33995,
	3.80535 7.33685,
	3.78672 7.3176,
	3.78424 7.31512,
	3.75816 7.27537,
	3.74201 7.2555,
	3.73953 7.25053,
	3.73083 7.2406,
	3.72835 7.23811,
	3.70848 7.19837,
	3.70662 7.1934,
	3.70351 7.15366,
	3.70537 7.11392,
	3.70662 7.09405,
	3.7122 7.05431,
	3.71345 7.04934,
	3.70972 7.02947,
	3.70351 7.00959,
	3.70103 6.98972,
	3.6973 6.96985,
	3.69233 6.94998,
	3.69109 6.94005,
	3.68985 6.93508,
	3.68985 6.93259,
	3.68985 6.93197,
	"/>
</Transform>

<Transform dim="0"
 xcoef=" 0 1 0 0 0 0"
 ycoef=" 0 0 1 0 0 0">
<Contour name="ddh_d06ax11" comment="traced by ddh" hidden="false" closed="true" simplified="true" border="0 0 1" fill="0 0 1" mode="11"
 points="0.857674 6.73052,
	0.861895 6.71926,
	0.865413 6.71434,
	0.870338 6.70941,
	0.872449 6.7073,
	0.873856 6.7073,
	0.875967 6.70519,
	0.877374 6.70519,
	0.878781 6.70379,
	0.890039 6.69956,
	0.900593 6.69323,
	0.911146 6.68479,
	0.920293 6.67424,
	0.922404 6.66861,
	0.922404 6.6672,
	0.923811 6.66579,
	0.923811 6.66439,
	0.93155 6.65313,
	0.935772 6.6482,
	0.957583 6.63483,
	1.00261 6.63132,
	1.00543 6.63061,
	1.00683 6.63061,
	1.00824 6.62921,
	1.0195 6.62709,
	1.04201 6.62639,
	1.04764 6.62709,
	1.05046 6.62709,
	1.05609 6.62921,
	1.06171 6.62991,
	1.06453 6.63202,
	1.07508 6.63695,
	1.08634 6.64398,
	1.09197 6.6475,
	1.10323 6.65876,
	1.10674 6.66368,
	1.10815 6.6665,
	1.10956 6.6672,
	1.10956 6.66861,
	1.11308 6.67424,
	1.11659 6.67846,
	1.12011 6.68409,
	1.12926 6.69534,
	1.13418 6.70027,
	1.13981 6.71153,
	1.14052 6.72278,
	1.13981 6.72841,
	1.1377 6.73404,
	1.13418 6.73967,
	1.13137 6.74108,
	1.12926 6.74389,
	1.12644 6.74459,
	1.12574 6.746,
	1.12293 6.7467,
	1.11167 6.75444,
	1.11026 6.75444,
	1.10956 6.75585,
	1.10815 6.75585,
	1.10674 6.75726,
	1.10534 6.75726,
	1.09408 6.765,
	1.09126 6.76641,
	1.08071 6.77626,
	1.0779 6.77907,
	1.07156 6.78962,
	1.06875 6.79525,
	1.06805 6.79807,
	1.06594 6.80088,
	1.06523 6.8037,
	1.0582 6.81495,
	1.05397 6.81988,
	1.04905 6.8234,
	1.04342 6.82832,
	1.03779 6.83114,
	1.03498 6.83325,
	1.02935 6.83395,
	1.02653 6.83395,
	1.02372 6.83536,
	1.00121 6.83465,
	0.995577 6.83465,
	0.98432 6.83184,
	0.978691 6.82973,
	0.975876 6.82902,
	0.975173 6.82762,
	0.969544 6.82691,
	0.96673 6.8248,
	0.965323 6.8248,
	0.963915 6.8234,
	0.961101 6.82269,
	0.958287 6.81988,
	0.955472 6.81847,
	0.954065 6.81706,
	0.952658 6.81706,
	0.930847 6.80299,
	0.920997 6.79525,
	0.918182 6.79314,
	0.916775 6.79314,
	0.905518 6.7847,
	0.902703 6.78259,
	0.901296 6.78259,
	0.890742 6.77485,
	0.868228 6.76148,
	0.863302 6.75656,
	0.859784 6.75093,
	0.857674 6.7453,
	0.857674 6.73404,
	0.857674 6.73123,
	"/>
</Transform>

<Transform dim="0"
 xcoef=" 0 1 0 0 0 0"
 ycoef=" 0 0 1 0 0 0">
<Contour name="ddh_d06ax12" comment="traced by ddh" hidden="false" closed="true" simplified="true" border="1 0 1" fill="1 0 1" mode="11"
 points="2.41331 7.68099,
	2.41818 7.67734,
	2.42791 7.6749,
	2.42913 7.67369,
	2.46806 7.67186,
	2.48753 7.67247,
	2.507 7.67429,
	2.50943 7.67551,
	2.51186 7.67551,
	2.53133 7.68342,
	2.5362 7.68646,
	2.53863 7.68707,
	2.5435 7.69011,
	2.54836 7.69194,
	2.55323 7.69498,
	2.56296 7.69863,
	2.6019 7.70228,
	2.61163 7.70349,
	2.6311 7.71019,
	2.64083 7.71444,
	2.65057 7.71992,
	2.6603 7.72418,
	2.67003 7.72722,
	2.6895 7.73087,
	2.69923 7.73269,
	2.73817 7.74486,
	2.7479 7.7479,
	2.76737 7.75155,
	2.78684 7.75216,
	2.82577 7.75034,
	2.84524 7.7473,
	2.85497 7.74486,
	2.85984 7.74304,
	2.8793 7.73939,
	2.88417 7.73817,
	2.88539 7.73817,
	2.8933 7.72844,
	2.90607 7.70897,
	2.91398 7.69924,
	2.92371 7.69133,
	2.93345 7.68585,
	2.93831 7.68281,
	2.94805 7.67916,
	2.95778 7.67673,
	2.96265 7.67612,
	2.96508 7.6749,
	2.98455 7.67308,
	3.02348 7.67125,
	3.04295 7.66943,
	3.06242 7.66882,
	3.07215 7.66517,
	3.09162 7.65483,
	3.10135 7.64753,
	3.10622 7.64327,
	3.12569 7.62988,
	3.14515 7.61893,
	3.15002 7.61711,
	3.15975 7.61528,
	3.16462 7.61468,
	3.16949 7.61285,
	3.18895 7.61163,
	3.19382 7.61163,
	3.20355 7.61589,
	3.21329 7.62198,
	3.21572 7.62319,
	3.22545 7.6311,
	3.23519 7.63718,
	3.24005 7.64083,
	3.24979 7.6457,
	3.25952 7.64874,
	3.26439 7.64935,
	3.26682 7.64996,
	3.27656 7.64753,
	3.29602 7.64692,
	3.30576 7.64692,
	3.31549 7.64813,
	3.32522 7.64813,
	3.33496 7.64935,
	3.34469 7.65361,
	3.34956 7.65604,
	3.35199 7.65787,
	3.35686 7.6676,
	3.35868 7.67247,
	3.35929 7.67734,
	3.36781 7.6968,
	3.37815 7.71627,
	3.39397 7.73574,
	3.41343 7.77467,
	3.43108 7.8136,
	3.43229 7.81604,
	3.43229 7.81847,
	3.43351 7.82091,
	3.44203 7.83064,
	3.45176 7.83976,
	3.45663 7.84341,
	3.46149 7.84524,
	3.47123 7.85193,
	3.48096 7.86045,
	3.48826 7.87018,
	3.49069 7.87505,
	3.4913 7.87748,
	3.49252 7.8787,
	3.49252 7.87991,
	3.49374 7.88113,
	3.49374 7.88356,
	3.49495 7.886,
	3.49434 7.89573,
	3.49374 7.9006,
	3.48704 7.91033,
	3.48278 7.91459,
	3.48157 7.91459,
	3.47913 7.91642,
	3.45967 7.91946,
	3.4402 7.92067,
	3.43047 7.92067,
	3.4256 7.91946,
	3.40613 7.91885,
	3.3672 7.92554,
	3.34773 7.92797,
	3.32826 7.92858,
	3.31853 7.92797,
	3.3161 7.92797,
	3.31123 7.92615,
	3.29176 7.92372,
	3.2869 7.92372,
	3.28203 7.92189,
	3.26256 7.91885,
	3.22363 7.91824,
	3.20416 7.9152,
	3.19443 7.91216,
	3.18469 7.90729,
	3.17983 7.90486,
	3.17496 7.90121,
	3.15549 7.89086,
	3.14576 7.88721,
	3.14089 7.886,
	3.12143 7.88661,
	3.08249 7.8933,
	3.07276 7.89634,
	3.05329 7.9006,
	3.03382 7.90851,
	3.02896 7.91033,
	3.00949 7.91398,
	2.99976 7.9152,
	2.99002 7.91824,
	2.98759 7.91946,
	2.98272 7.92007,
	2.96326 7.92797,
	2.94379 7.93892,
	2.94136 7.94075,
	2.92189 7.94136,
	2.90242 7.93223,
	2.89756 7.9298,
	2.88782 7.92797,
	2.86835 7.92007,
	2.85862 7.91581,
	2.84889 7.91337,
	2.84645 7.91216,
	2.80752 7.90607,
	2.79779 7.90364,
	2.79292 7.90242,
	2.75399 7.88478,
	2.73452 7.87626,
	2.72478 7.87261,
	2.71992 7.87079,
	2.71748 7.86957,
	2.70775 7.86836,
	2.66882 7.86775,
	2.65908 7.86836,
	2.65422 7.86896,
	2.63475 7.86653,
	2.62502 7.86471,
	2.62015 7.86349,
	2.60068 7.85376,
	2.59095 7.84767,
	2.57148 7.83125,
	2.55201 7.81178,
	2.54471 7.80205,
	2.52525 7.7838,
	2.51551 7.7771,
	2.49605 7.76676,
	2.48631 7.76372,
	2.47658 7.75946,
	2.47171 7.75764,
	2.46685 7.75399,
	2.46198 7.75155,
	2.45225 7.74364,
	2.43339 7.72418,
	2.42487 7.71444,
	2.41879 7.70471,
	2.41453 7.69498,
	2.41331 7.68524,
	2.41331 7.68281,
	2.41331 7.68159,
	"/>
</Transform>

<Transform dim="0"
 xcoef=" 0 1 0 0 0 0"
 ycoef=" 0 0 1 0 0 0">
<Contour name="ddh_d07ax14a" comment="traced by ddh" hidden="false" closed="true" simplified="true" border="1 0 1" fill="1 0 1" mode="11"
 points="1.56789 8.06309,
	1.57754 8.04492,
	1.57924 8.04038,
	1.58208 8.03584,
	1.58264 8.03357,
	1.58264 8.03243,
	1.58435 8.03016,
	1.58435 8.02903,
	1.58605 8.02676,
	1.59343 7.99042,
	1.59457 7.98134,
	1.59967 7.96318,
	1.60138 7.95864,
	1.61273 7.94047,
	1.61557 7.93593,
	1.61727 7.92685,
	1.61784 7.90868,
	1.61897 7.8996,
	1.62181 7.89052,
	1.62408 7.88597,
	1.62806 7.88143,
	1.63033 7.87973,
	1.63146 7.8786,
	1.64055 7.87689,
	1.64963 7.87746,
	1.65417 7.8786,
	1.65871 7.88087,
	1.66325 7.88427,
	1.66779 7.88541,
	1.67688 7.89052,
	1.68142 7.89222,
	1.6905 7.89733,
	1.69958 7.9013,
	1.70867 7.90414,
	1.71321 7.90584,
	1.72229 7.90641,
	1.72683 7.90698,
	1.73591 7.90584,
	1.77224 7.89279,
	1.79041 7.88654,
	1.80857 7.882,
	1.8449 7.87803,
	1.86307 7.8786,
	1.86534 7.8786,
	1.87442 7.882,
	1.87896 7.88484,
	1.88748 7.89392,
	1.89486 7.91209,
	1.8977 7.92117,
	1.89883 7.92571,
	1.89883 7.93025,
	1.8977 7.93479,
	1.89259 7.94388,
	1.88918 7.94842,
	1.88691 7.95069,
	1.88237 7.95239,
	1.86421 7.9558,
	1.85512 7.95864,
	1.85058 7.96034,
	1.84831 7.96091,
	1.84604 7.96261,
	1.84377 7.96715,
	1.84434 7.98532,
	1.84547 7.98986,
	1.84774 7.9944,
	1.85683 8.00235,
	1.86591 8.00916,
	1.87329 8.01824,
	1.8784 8.02732,
	1.8801 8.03641,
	1.87896 8.04549,
	1.87896 8.04776,
	1.87386 8.05684,
	1.86477 8.06536,
	1.84661 8.07671,
	1.83753 8.08352,
	1.82844 8.09147,
	1.8239 8.09487,
	1.81482 8.09942,
	1.81028 8.10169,
	1.80801 8.10282,
	1.80347 8.10339,
	1.79438 8.1068,
	1.7853 8.11474,
	1.77622 8.11985,
	1.76713 8.12326,
	1.76259 8.1261,
	1.76032 8.12837,
	1.74216 8.13858,
	1.73762 8.14199,
	1.72853 8.14483,
	1.71037 8.14767,
	1.70129 8.1471,
	1.6922 8.14483,
	1.68993 8.14483,
	1.68539 8.14256,
	1.68085 8.14142,
	1.66268 8.13291,
	1.6536 8.1295,
	1.64906 8.12723,
	1.61273 8.11531,
	1.60819 8.11361,
	1.59002 8.10169,
	1.58548 8.09771,
	1.57867 8.08863,
	1.57299 8.07955,
	1.57016 8.07047,
	1.56845 8.06592,
	1.56789 8.06365,
	"/>
</Transform>

<Transform dim="0"
 xcoef=" 0 1 0 0 0 0"
 ycoef=" 0 0 1 0 0 0">
<Contour name="ddh_d08ax12" comment="traced by ddh" hidden="false" closed="true" simplified="true" border="0 1 1" fill="0 1 1" mode="11"
 points="4.46064 2.92804,
	4.46229 2.90176,
	4.46311 2.88862,
	4.46311 2.88205,
	4.46475 2.87548,
	4.47132 2.86234,
	4.47625 2.85577,
	4.50253 2.83687,
	4.51567 2.82948,
	4.54196 2.81059,
	4.55263 2.79745,
	4.55838 2.79088,
	4.56413 2.77774,
	4.57152 2.7646,
	4.57481 2.75803,
	4.58631 2.74489,
	4.61259 2.72928,
	4.62573 2.72107,
	4.63805 2.70875,
	4.64873 2.69561,
	4.65448 2.68903,
	4.66762 2.68,
	4.67419 2.67672,
	4.68733 2.67343,
	4.6939 2.67261,
	4.70704 2.66522,
	4.72018 2.65618,
	4.73333 2.6455,
	4.73661 2.64222,
	4.74975 2.63565,
	4.75632 2.63154,
	4.75961 2.62826,
	4.76125 2.62497,
	4.76289 2.61183,
	4.76454 2.60526,
	4.76782 2.59869,
	4.77686 2.58637,
	4.78014 2.5798,
	4.8056 2.55762,
	4.81792 2.54448,
	4.82367 2.53791,
	4.83189 2.52477,
	4.83435 2.51163,
	4.83353 2.49849,
	4.82778 2.4722,
	4.82367 2.45906,
	4.81957 2.45249,
	4.8171 2.44921,
	4.81628 2.44592,
	4.8056 2.43278,
	4.8056 2.43114,
	4.79246 2.4221,
	4.77932 2.41717,
	4.77275 2.41471,
	4.76289 2.40157,
	4.75879 2.395,
	4.75714 2.38843,
	4.75714 2.38186,
	4.76207 2.35557,
	4.76372 2.349,
	4.76372 2.34736,
	4.76618 2.34408,
	4.76782 2.33751,
	4.78014 2.31122,
	4.78589 2.29808,
	4.79 2.29151,
	4.79575 2.28494,
	4.80889 2.27508,
	4.81217 2.27426,
	4.82531 2.26523,
	4.83189 2.26112,
	4.84503 2.25784,
	4.87131 2.25702,
	4.92387 2.25948,
	4.95016 2.25537,
	4.95673 2.25373,
	4.9633 2.25455,
	4.97644 2.24962,
	4.98301 2.24798,
	4.9863 2.24716,
	4.98794 2.24552,
	5.00108 2.2447,
	5.01422 2.24552,
	5.02736 2.25209,
	5.03393 2.25373,
	5.0405 2.25866,
	5.04954 2.2718,
	5.075 2.32436,
	5.07746 2.33094,
	5.07911 2.34408,
	5.07828 2.35065,
	5.07171 2.36379,
	5.06761 2.37036,
	5.06596 2.37364,
	5.05364 2.38596,
	5.02818 2.4065,
	5.01504 2.41553,
	5.00847 2.418,
	5.00683 2.41964,
	5.00519 2.41964,
	4.99862 2.42375,
	4.98547 2.42867,
	4.9789 2.43278,
	4.97562 2.4336,
	4.97233 2.43607,
	4.96576 2.43853,
	4.95262 2.44921,
	4.93948 2.45742,
	4.91895 2.4837,
	4.90498 2.50999,
	4.89759 2.53627,
	4.89349 2.54941,
	4.89102 2.55598,
	4.88117 2.56912,
	4.86967 2.58226,
	4.86556 2.58883,
	4.86063 2.60197,
	4.8557 2.62826,
	4.85406 2.63483,
	4.84749 2.64797,
	4.83928 2.66111,
	4.81382 2.68493,
	4.80067 2.69561,
	4.7941 2.70053,
	4.75222 2.7531,
	4.74647 2.76624,
	4.74318 2.77938,
	4.74154 2.78595,
	4.74154 2.79252,
	4.74482 2.80566,
	4.74975 2.81881,
	4.74893 2.83195,
	4.75057 2.84509,
	4.75304 2.85166,
	4.76618 2.8648,
	4.77275 2.87055,
	4.78178 2.88369,
	4.78918 2.89683,
	4.79328 2.9034,
	4.7941 2.90997,
	4.79246 2.92311,
	4.79821 2.93626,
	4.80889 2.9494,
	4.81464 2.96254,
	4.81874 2.97568,
	4.82449 2.98882,
	4.82696 2.99539,
	4.82778 3.00196,
	4.82696 3.00853,
	4.81957 3.02167,
	4.79328 3.04549,
	4.78589 3.05863,
	4.7785 3.08492,
	4.77686 3.09149,
	4.76864 3.10463,
	4.76289 3.1112,
	4.7555 3.12434,
	4.7514 3.13091,
	4.73908 3.14323,
	4.71279 3.15884,
	4.69965 3.16623,
	4.68651 3.17198,
	4.67337 3.17116,
	4.6668 3.17033,
	4.65366 3.16459,
	4.62737 3.14898,
	4.61423 3.13912,
	4.60109 3.13173,
	4.58795 3.1268,
	4.57481 3.12352,
	4.56167 3.11613,
	4.54853 3.10709,
	4.53539 3.09477,
	4.52389 3.08163,
	4.505 3.05535,
	4.48939 3.02907,
	4.47789 3.00278,
	4.46804 2.9765,
	4.46064 2.95022,
	4.46064 2.93708,
	4.46064 2.93051,
	4.46064 2.92886,
	"/>
</Transform>

<Transform dim="0"
 xcoef=" 0 1 0 0 0 0"
 ycoef=" 0 0 1 0 0 0">
<Contour name="ddh_d08ax10" comment="traced by ddh" hidden="false" closed="true" simplified="true" border="1 0.5 0" fill="1 0.5 0" mode="11"
 points="5.61097 3.38176,
	5.61471 3.36769,
	5.62835 3.33953,
	5.63517 3.32545,
	5.63891 3.31841,
	5.64485 3.31137,
	5.64771 3.30785,
	5.65607 3.29377,
	5.66025 3.28673,
	5.66223 3.28321,
	5.66333 3.28145,
	5.66926 3.26737,
	5.67058 3.26385,
	5.67168 3.23569,
	5.67102 3.22162,
	5.6708 3.21458,
	5.6708 3.21282,
	5.66838 3.19874,
	5.6675 3.18466,
	5.66706 3.17762,
	5.66728 3.1741,
	5.66948 3.16002,
	5.67058 3.15298,
	5.67124 3.14946,
	5.67542 3.13538,
	5.67674 3.12834,
	5.67784 3.12482,
	5.68422 3.11074,
	5.68796 3.1037,
	5.69236 3.09666,
	5.69346 3.0949,
	5.70644 3.08083,
	5.70974 3.07731,
	5.71106 3.07555,
	5.71194 3.07379,
	5.71238 3.07291,
	5.72646 3.05883,
	5.728 3.05707,
	5.72888 3.05531,
	5.72932 3.05443,
	5.73636 3.04783,
	5.73988 3.04453,
	5.74164 3.04299,
	5.74868 3.03837,
	5.75572 3.03419,
	5.7698 3.02715,
	5.77684 3.02363,
	5.79092 3.01813,
	5.79796 3.01549,
	5.80148 3.01417,
	5.80324 3.01351,
	5.80412 3.01307,
	5.80763 3.01263,
	5.80939 3.01241,
	5.81027 3.01241,
	5.81379 3.01109,
	5.81555 3.01043,
	5.81643 3.00999,
	5.83051 3.00889,
	5.83755 3.00757,
	5.84107 3.00691,
	5.84811 3.00691,
	5.87627 3.00119,
	5.89035 2.99833,
	5.89739 2.99679,
	5.89827 2.99613,
	5.89849 2.99591,
	5.90025 2.99679,
	5.90113 2.99723,
	5.90157 2.99745,
	5.90861 2.99459,
	5.91213 2.99305,
	5.91389 2.99217,
	5.92797 2.98997,
	5.93501 2.98887,
	5.93853 2.98821,
	5.9526 2.98733,
	5.95964 2.98799,
	5.96316 2.98821,
	5.96404 2.98821,
	5.97108 2.99129,
	5.9746 2.99283,
	5.98164 2.99701,
	5.98252 2.99745,
	5.9966 3.01043,
	6.00012 3.01373,
	6.00716 3.01835,
	6.0142 3.02077,
	6.01772 3.02187,
	6.02124 3.02253,
	6.02828 3.02187,
	6.0318 3.02165,
	6.03268 3.02165,
	6.04676 3.01725,
	6.04764 3.01703,
	6.04808 3.01703,
	6.0516 3.01395,
	6.05336 3.01241,
	6.05424 3.01153,
	6.06832 3.00295,
	6.07184 3.00053,
	6.08592 2.99503,
	6.09295 2.99217,
	6.09647 2.99085,
	6.10351 2.98931,
	6.11055 2.98821,
	6.11407 2.98953,
	6.11583 2.99019,
	6.11671 2.99063,
	6.13079 3.00427,
	6.13783 3.01109,
	6.14135 3.01439,
	6.14839 3.01901,
	6.15015 3.01989,
	6.15103 3.02033,
	6.15873 3.03441,
	6.15983 3.03793,
	6.16005 3.03969,
	6.16027 3.04057,
	6.16027 3.04079,
	6.16071 3.04431,
	6.15851 3.05135,
	6.15807 3.05311,
	6.15807 3.05663,
	6.15807 3.05839,
	6.15851 3.06015,
	6.15895 3.06103,
	6.15895 3.06147,
	6.16181 3.06499,
	6.16225 3.06521,
	6.16225 3.06565,
	6.16379 3.06675,
	6.16423 3.06719,
	6.16467 3.06719,
	6.16511 3.06807,
	6.16555 3.06851,
	6.16599 3.06851,
	6.16731 3.06961,
	6.17083 3.07159,
	6.17259 3.07225,
	6.17611 3.07247,
	6.17963 3.07225,
	6.18315 3.07159,
	6.18491 3.07115,
	6.18579 3.07093,
	6.18601 3.07093,
	6.18777 3.07093,
	6.20185 3.07445,
	6.20537 3.07533,
	6.20625 3.07555,
	6.21329 3.08171,
	6.21681 3.08457,
	6.21857 3.08611,
	6.22297 3.09314,
	6.22517 3.09666,
	6.22627 3.09842,
	6.22869 3.12658,
	6.22979 3.14066,
	6.23045 3.1477,
	6.23045 3.15474,
	6.22781 3.16178,
	6.22649 3.1653,
	6.22561 3.16706,
	6.22319 3.18114,
	6.22275 3.18466,
	6.22253 3.18642,
	6.22363 3.2005,
	6.22407 3.20402,
	6.22341 3.21106,
	6.21791 3.22514,
	6.20977 3.23921,
	6.20735 3.24273,
	6.20031 3.24779,
	6.19855 3.24889,
	6.19613 3.25593,
	6.19063 3.28409,
	6.18865 3.29113,
	6.18359 3.30521,
	6.18007 3.31225,
	6.17831 3.31577,
	6.17743 3.31753,
	6.17061 3.32369,
	6.16709 3.32677,
	6.16533 3.32831,
	6.15125 3.33601,
	6.13717 3.34327,
	6.13013 3.34679,
	6.12661 3.34877,
	6.11957 3.35405,
	6.11605 3.35669,
	6.11429 3.35801,
	6.11253 3.35889,
	6.11165 3.35933,
	6.10857 3.36285,
	6.10703 3.36461,
	6.10615 3.36549,
	6.10417 3.36901,
	6.10175 3.37252,
	6.09867 3.37604,
	6.09713 3.3778,
	6.09273 3.38484,
	6.08878 3.39188,
	6.08196 3.40596,
	6.07866 3.413,
	6.07448 3.42004,
	6.06524 3.43412,
	6.06282 3.43764,
	6.06084 3.44116,
	6.05776 3.4482,
	6.05622 3.45172,
	6.05578 3.4526,
	6.05512 3.46668,
	6.05556 3.47372,
	6.05578 3.47724,
	6.05512 3.48428,
	6.05512 3.48604,
	6.05512 3.48692,
	6.03884 3.51507,
	6.0307 3.52915,
	6.02652 3.53619,
	6.0197 3.54323,
	6.01618 3.54675,
	6.01442 3.54851,
	6.01354 3.54939,
	5.98538 3.56545,
	5.9713 3.57359,
	5.96426 3.57777,
	5.96074 3.58041,
	5.9537 3.59449,
	5.95018 3.60153,
	5.94842 3.60505,
	5.94601 3.61209,
	5.93743 3.64025,
	5.93303 3.65433,
	5.93017 3.66136,
	5.92379 3.67544,
	5.92071 3.68248,
	5.91477 3.68952,
	5.90839 3.69656,
	5.90135 3.70294,
	5.89959 3.70448,
	5.89607 3.70624,
	5.89431 3.70712,
	5.88023 3.70822,
	5.87319 3.70866,
	5.86967 3.70888,
	5.86263 3.708,
	5.84855 3.70558,
	5.84503 3.70514,
	5.84151 3.70404,
	5.82743 3.69832,
	5.82039 3.69546,
	5.80631 3.69128,
	5.79928 3.68952,
	5.79576 3.68842,
	5.78168 3.68622,
	5.75352 3.68578,
	5.73944 3.68556,
	5.7324 3.68556,
	5.71832 3.68468,
	5.71656 3.68468,
	5.70952 3.68138,
	5.70248 3.67764,
	5.69896 3.67434,
	5.6972 3.6728,
	5.68862 3.65872,
	5.6851 3.65169,
	5.68334 3.64817,
	5.68004 3.63409,
	5.67872 3.62001,
	5.67806 3.61297,
	5.67696 3.60593,
	5.67124 3.57777,
	5.66838 3.56369,
	5.66596 3.54961,
	5.66398 3.53553,
	5.66311 3.52849,
	5.66267 3.52497,
	5.66245 3.52321,
	5.65915 3.51617,
	5.65761 3.51266,
	5.64903 3.49858,
	5.63539 3.47042,
	5.62857 3.45634,
	5.62505 3.4493,
	5.61933 3.43522,
	5.61647 3.42818,
	5.61515 3.42466,
	5.61471 3.42378,
	5.61141 3.39562,
	5.61119 3.38858,
	5.61097 3.38506,
	5.61097 3.3833,
	5.61097 3.38242,
	5.61097 3.38198,
	"/>
</Transform>

<Transform dim="0"
 xcoef=" 0 1 0 0 0 0"
 ycoef=" 0 0 1 0 0 0">
<Contour name="ddh_d08ax07" comment="traced by ddh" hidden="false" closed="true" simplified="true" border="1 0.5 0" fill="1 0.5 0" mode="11"
 points="5.74698 4.73255,
	5.74873 4.72559,
	5.74785 4.72385,
	5.75482 4.70991,
	5.77311 4.68205,
	5.78094 4.66812,
	5.78356 4.65419,
	5.78268 4.64722,
	5.78443 4.64025,
	5.79139 4.62632,
	5.80794 4.59846,
	5.83406 4.57059,
	5.84799 4.56189,
	5.86192 4.54795,
	5.86802 4.53402,
	5.86889 4.52009,
	5.87063 4.51312,
	5.87411 4.50616,
	5.88108 4.49919,
	5.88718 4.48526,
	5.89153 4.47133,
	5.89327 4.46436,
	5.89327 4.46088,
	5.89762 4.45391,
	5.90372 4.44869,
	5.91504 4.43476,
	5.92897 4.42169,
	5.93594 4.4156,
	5.94987 4.40863,
	5.95684 4.40602,
	5.9638 4.40515,
	5.97773 4.40689,
	6.0056 4.41908,
	6.01256 4.42257,
	6.0352 4.45043,
	6.04652 4.46436,
	6.05088 4.47133,
	6.06307 4.48526,
	6.06829 4.49223,
	6.07003 4.49571,
	6.12315 4.55057,
	6.13708 4.55753,
	6.14405 4.56102,
	6.14753 4.56276,
	6.15363 4.56972,
	6.16233 4.58365,
	6.16408 4.58714,
	6.18933 4.615,
	6.20152 4.62893,
	6.20413 4.6359,
	6.21284 4.64983,
	6.21371 4.65332,
	6.21632 4.6568,
	6.22067 4.67073,
	6.22851 4.68466,
	6.23199 4.69163,
	6.23722 4.69859,
	6.24331 4.71253,
	6.24331 4.71949,
	6.24506 4.72646,
	6.24506 4.73342,
	6.25463 4.76129,
	6.2677 4.78915,
	6.27902 4.81702,
	6.28598 4.83095,
	6.29556 4.85881,
	6.3034 4.88668,
	6.30688 4.90061,
	6.31297 4.91454,
	6.31733 4.92847,
	6.32081 4.93544,
	6.32865 4.9633,
	6.33474 4.99117,
	6.34258 5.01903,
	6.35303 5.0469,
	6.35564 5.06083,
	6.35303 5.08869,
	6.34693 5.10262,
	6.33823 5.11656,
	6.32429 5.13049,
	6.31036 5.14181,
	6.29643 5.14965,
	6.26857 5.16967,
	6.2555 5.18361,
	6.25115 5.19754,
	6.24854 5.21147,
	6.24767 5.21844,
	6.25028 5.2254,
	6.25463 5.23237,
	6.25463 5.2463,
	6.25289 5.25327,
	6.24506 5.2672,
	6.23287 5.28113,
	6.22677 5.28723,
	6.2198 5.29071,
	6.21806 5.29245,
	6.21632 5.29245,
	6.21458 5.29419,
	6.20065 5.2968,
	6.19891 5.2968,
	6.19803 5.29506,
	6.19629 5.29506,
	6.19368 5.29158,
	6.19194 5.28984,
	6.1902 5.28984,
	6.18236 5.27591,
	6.17714 5.26197,
	6.17191 5.23411,
	6.17104 5.22714,
	6.1693 5.22366,
	6.17017 5.20973,
	6.17017 5.20624,
	6.17278 5.19928,
	6.17365 5.17141,
	6.17017 5.15748,
	6.1693 5.15052,
	6.16495 5.14355,
	6.15885 5.13746,
	6.13099 5.12265,
	6.11705 5.11743,
	6.11009 5.1122,
	6.10661 5.10872,
	6.09267 5.08086,
	6.0831 5.06692,
	6.077 5.05996,
	6.02127 5.02252,
	5.99341 5.00771,
	5.96554 4.99726,
	5.93768 4.99117,
	5.93071 4.9903,
	5.91678 4.98594,
	5.88892 4.97288,
	5.87498 4.9633,
	5.86105 4.95198,
	5.85409 4.94589,
	5.83493 4.91802,
	5.80707 4.8623,
	5.79052 4.83443,
	5.78268 4.8205,
	5.76179 4.79264,
	5.74873 4.76477,
	5.74698 4.75084,
	5.74698 4.73691,
	5.74698 4.73342,
	"/>
</Transform>

<Transform dim="0"
 xcoef=" 0 1 0 0 0 0"
 ycoef=" 0 0 1 0 0 0">
<Contour name="ddh_d08ax18" comment="traced by ddh" hidden="false" closed="true" simplified="true" border="0 1 1" fill="0 1 1" mode="11"
 points="5.81179 2.64046,
	5.81343 2.63718,
	5.81343 2.6339,
	5.81507 2.63063,
	5.81507 2.62735,
	5.81834 2.62079,
	5.82326 2.61424,
	5.82981 2.60933,
	5.84292 2.60359,
	5.85603 2.59949,
	5.86914 2.59376,
	5.87569 2.5913,
	5.90191 2.59458,
	5.91502 2.59622,
	5.91829 2.59704,
	5.92321 2.60195,
	5.92976 2.60687,
	5.94123 2.61342,
	5.95024 2.62489,
	5.96089 2.65111,
	5.96499 2.66422,
	5.96663 2.66585,
	5.97236 2.67814,
	5.97564 2.6847,
	5.97728 2.68797,
	5.97728 2.68961,
	5.97892 2.69125,
	5.97892 2.69289,
	5.98056 2.69453,
	5.97974 2.70764,
	5.97974 2.71091,
	5.9781 2.71255,
	5.97728 2.71583,
	5.97154 2.72156,
	5.96827 2.72402,
	5.94205 2.72484,
	5.92894 2.72484,
	5.91584 2.72238,
	5.91256 2.72156,
	5.91092 2.71992,
	5.90928 2.71992,
	5.90764 2.71829,
	5.89454 2.71501,
	5.88798 2.71091,
	5.8847 2.71091,
	5.88143 2.70927,
	5.87815 2.70927,
	5.87487 2.70764,
	5.86832 2.70682,
	5.85521 2.70108,
	5.85193 2.69944,
	5.8503 2.6978,
	5.84702 2.69699,
	5.84374 2.69371,
	5.83145 2.6847,
	5.82818 2.68388,
	5.82326 2.67732,
	5.82162 2.67405,
	5.81998 2.67323,
	5.81998 2.67159,
	5.81589 2.66503,
	5.81179 2.65193,
	5.81179 2.64537,
	5.81179 2.6421,
	5.81179 2.64128,
	"/>
</Transform>

</Section>