<?xml version="1.0"?>
<!DOCTYPE Section SYSTEM "section.dtd">

<Section index="42" thickness="0.045" alignLocked="true">
<Transform dim="1"
 xcoef=" -1.14 1 0 0 0 0"
 ycoef=" -0.53 0 1 0 0 0">
<Contour name="D05" hidden="false" closed="true" simplified="true" border="1 1 0" fill="1 1 0" mode="11"
 points="2.15299 4.10404,
	2.16475 4.03163,
	2.19888 3.96632,
	2.25205 3.91448,
	2.31904 3.8812,
	2.39329 3.86974,
	2.46755 3.8812,
	2.53454 3.91448,
	2.58771 3.96632,
	2.62184 4.03163,
	2.6336 4.10404,
	2.62184 4.17644,
	2.58771 4.24175,
	2.53454 4.29359,
	2.46755 4.32687,
	2.39329 4.33833,
	2.31904 4.32687,
	2.25205 4.29359,
	2.19888 4.24175,
	"/>
</Transform>

<Transform dim="0"
 xcoef=" 0 1 0 0 0 0"
 ycoef=" 0 0 1 0 0 0">
<Contour name="d03" hidden="false" closed="true" simplified="true" border="0 1 0" fill="0 1 0" mode="9"
 points="2.85804 3.33873,
	2.87327 3.19953,
	2.89067 3.12993,
	2.89284 3.12123,
	2.89937 3.1147,
	2.93417 3.10165,
	2.95157 3.09512,
	2.98637 3.09295,
	3.00377 3.09077,
	3.01247 3.09077,
	3.08207 3.03422,
	3.11688 3.00377,
	3.13428 2.98855,
	3.14298 2.98202,
	3.21258 2.95592,
	3.22998 2.94722,
	3.24738 2.95592,
	3.26478 2.96897,
	3.35178 3.10818,
	3.39528 3.17778,
	3.43226 3.24738,
	3.44096 3.26478,
	3.50839 3.30393,
	3.51709 3.30828,
	3.54536 3.34308,
	3.55624 3.37788,
	3.56059 3.39528,
	3.56494 3.40398,
	3.55624 3.47359,
	3.55841 3.54319,
	3.55841 3.56059,
	3.55841 3.56929,
	3.52579 3.60409,
	3.51056 3.61932,
	3.44096 3.63454,
	3.40616 3.64107,
	3.37136 3.63454,
	3.35396 3.63237,
	3.28436 3.63672,
	3.24955 3.63889,
	3.17995 3.66717,
	3.11035 3.68022,
	3.07555 3.67804,
	3.06685 3.67369,
	3.0625 3.66934,
	3.05597 3.63454,
	3.0538 3.61714,
	3.02335 3.58234,
	3.01247 3.56494,
	3.00595 3.54754,
	3.0016 3.53884,
	2.93199 3.49099,
	2.91459 3.48011,
	2.86022 3.41051,
	2.85804 3.34091,
	"/>
</Transform>

<Transform dim="0"
 xcoef=" 0 1 0 0 0 0"
 ycoef=" 0 0 1 0 0 0">
<Contour name="d03" hidden="false" closed="true" simplified="true" border="0 1 0" fill="0 1 0" mode="9"
 points="2.06435 3.35556,
	2.07232 3.34493,
	2.11483 3.31836,
	2.14936 3.27851,
	2.16796 3.26257,
	2.21047 3.25991,
	2.23173 3.25991,
	2.24235 3.25991,
	2.27955 3.29711,
	2.28752 3.30774,
	2.30877 3.31305,
	2.3194 3.32102,
	2.34065 3.32899,
	2.36191 3.33165,
	2.37254 3.33165,
	2.38316 3.32633,
	2.40442 3.30774,
	2.42567 3.29977,
	2.44693 3.29711,
	2.4549 3.29977,
	2.44958 3.30508,
	2.49209 3.30774,
	2.50272 3.31571,
	2.50538 3.33696,
	2.50538 3.34759,
	2.49209 3.36884,
	2.48412 3.3901,
	2.48412 3.40072,
	2.4735 3.41135,
	2.46287 3.41666,
	2.46021 3.42198,
	2.4549 3.42198,
	2.44427 3.42995,
	2.42302 3.43526,
	2.25298 3.43792,
	2.21047 3.43792,
	2.18922 3.43792,
	2.17859 3.43792,
	2.16796 3.43261,
	2.15999 3.42198,
	2.15733 3.41135,
	2.15733 3.40604,
	2.11483 3.40338,
	2.1042 3.40338,
	2.09357 3.39807,
	2.08826 3.39807,
	2.067 3.38213,
	2.06435 3.36087,
	2.06435 3.35821,
	"/>
</Transform>

<Transform dim="0"
 xcoef=" 0 1 0 0 0 0"
 ycoef=" 0 0 1 0 0 0">
<Contour name="d06" hidden="true" closed="true" simplified="true" border="0 0 1" fill="0 0 1" mode="11"
 points="1.39008 7.67265,
	1.42734 7.63539,
	1.45027 7.61246,
	1.47319 7.59526,
	1.49612 7.58666,
	1.58784 7.58953,
	1.61077 7.60959,
	1.6165 7.61532,
	1.62797 7.61819,
	1.65089 7.63825,
	1.69675 7.64112,
	1.71968 7.64399,
	1.71682 7.66692,
	1.71395 7.67838,
	1.62223 7.68125,
	1.61077 7.68411,
	1.56491 7.70991,
	1.47319 7.71277,
	1.42734 7.71277,
	1.40441 7.71277,
	1.39294 7.70418,
	1.39008 7.68125,
	1.39008 7.67551,
	"/>
<Contour name="d06" hidden="true" closed="true" simplified="true" border="0 0 1" fill="0 0 1" mode="11"
 points="1.82573 7.61246,
	1.84293 7.58953,
	1.86585 7.56947,
	1.91171 7.54081,
	1.93464 7.52074,
	1.9805 7.49495,
	2.07222 7.49781,
	2.16393 7.49495,
	2.25565 7.45196,
	2.26711 7.44336,
	2.29004 7.44049,
	2.30151 7.44049,
	2.39036 7.52361,
	2.41329 7.54367,
	2.41615 7.5666,
	2.42189 7.57807,
	2.44481 7.60099,
	2.45628 7.61246,
	2.46201 7.65832,
	2.46774 7.68125,
	2.47921 7.70418,
	2.48207 7.75003,
	2.48207 7.77296,
	2.48207 7.78443,
	2.48207 7.79016,
	2.45915 7.80736,
	2.43622 7.81595,
	2.42475 7.82169,
	2.37889 7.82169,
	2.35596 7.82169,
	2.31011 7.83315,
	2.26425 7.83315,
	2.24132 7.83315,
	2.21839 7.83888,
	2.20693 7.84462,
	2.20119 7.85035,
	2.10948 7.85035,
	2.08655 7.85035,
	2.07508 7.84748,
	2.02922 7.81882,
	2.00916 7.79589,
	2.00343 7.78443,
	1.99483 7.69271,
	1.98337 7.68411,
	1.96044 7.68411,
	1.91458 7.69558,
	1.86872 7.69271,
	1.84579 7.68411,
	1.83433 7.67838,
	1.82573 7.66692,
	1.82573 7.62106,
	1.82573 7.61532,
	"/>
</Transform>

<Transform dim="0"
 xcoef=" 0 1 0 0 0 0"
 ycoef=" 0 0 1 0 0 0">
<Contour name="d06" hidden="true" closed="true" simplified="true" border="0 0 1" fill="0 0 1" mode="11"
 points="1.30982 7.7357,
	1.32989 7.71564,
	1.37575 7.70704,
	1.39867 7.70704,
	1.4216 7.71277,
	1.44167 7.7357,
	1.44453 7.73857,
	1.43307 7.74143,
	1.42734 7.73857,
	1.43593 7.7615,
	1.44167 7.77296,
	1.45313 7.78443,
	1.45027 7.83029,
	1.4474 7.84175,
	1.4388 7.85321,
	1.4302 7.87328,
	1.39294 7.9134,
	1.38148 7.91914,
	1.33562 7.91914,
	1.32416 7.91054,
	1.31842 7.9048,
	1.31556 7.81309,
	1.30982 7.79016,
	1.30982 7.7443,
	1.30982 7.73857,
	"/>
</Transform>

<Transform dim="0"
 xcoef=" 0 1 0 0 0 0"
 ycoef=" 0 0 1 0 0 0">
<Contour name="d06" hidden="true" closed="true" simplified="true" border="0 0 1" fill="0 0 1" mode="11"
 points="2.77155 7.70131,
	2.78875 7.68125,
	2.81168 7.66118,
	2.82028 7.64972,
	2.82601 7.64399,
	2.82888 7.62106,
	2.84321 7.59813,
	2.88907 7.56087,
	2.91199 7.5494,
	2.93492 7.5494,
	2.95785 7.55514,
	2.96645 7.5666,
	2.96645 7.61246,
	2.96645 7.63539,
	2.95499 7.68125,
	2.94925 7.69271,
	2.94352 7.69844,
	2.93206 7.70131,
	2.91199 7.71851,
	2.90053 7.7271,
	2.8776 7.73284,
	2.78588 7.73284,
	2.77442 7.72424,
	2.77155 7.70418,
	"/>
</Transform>

<Transform dim="0"
 xcoef=" 0 1 0 0 0 0"
 ycoef=" 0 0 1 0 0 0">
<Contour name="d06" hidden="true" closed="true" simplified="true" border="0 0 1" fill="0 0 1" mode="11"
 points="1.97578 6.46518,
	1.99529 6.44289,
	2.01758 6.43453,
	2.10676 6.43731,
	2.11233 6.4819,
	2.11233 6.50419,
	2.10676 6.51534,
	2.09561 6.5237,
	2.09004 6.52927,
	2.04545 6.52649,
	2.03709 6.51534,
	1.9925 6.50141,
	1.98135 6.49305,
	1.97578 6.4819,
	1.97578 6.47075,
	1.97578 6.46797,
	"/>
<Contour name="d06" hidden="true" closed="true" simplified="true" border="0 0 1" fill="0 0 1" mode="11"
 points="1.385 6.86925,
	1.39893 6.84975,
	1.41008 6.84139,
	1.45467 6.84139,
	1.47417 6.86368,
	1.49647 6.87761,
	1.51319 6.89991,
	1.52433 6.90827,
	1.52712 6.91384,
	1.53269 6.91384,
	1.5522 6.93335,
	1.56613 6.95564,
	1.56613 6.97793,
	1.55777 6.98908,
	1.51319 6.99744,
	1.49089 6.99744,
	1.4686 6.99187,
	1.44631 6.97793,
	1.43516 6.96957,
	1.41286 6.96121,
	1.39336 6.94171,
	1.385 6.91941,
	1.385 6.87483,
	1.385 6.87204,
	"/>
</Transform>

<Transform dim="0"
 xcoef=" 0 1 0 0 0 0"
 ycoef=" 0 0 1 0 0 0">
<Contour name="d06c01" hidden="false" closed="true" simplified="true" border="0 1 0" fill="0 1 0" mode="11"
 points="1.28286 7.78996,
	1.299 7.77785,
	1.31513 7.77382,
	1.33127 7.77785,
	1.35144 7.8424,
	1.35144 7.87467,
	1.35144 7.88274,
	1.33531 7.89081,
	1.30303 7.89081,
	1.2869 7.88678,
	1.28286 7.82223,
	1.28286 7.79399,
	"/>
<Contour name="d06cfa01" hidden="false" closed="false" simplified="false" border="0 1 1" fill="0 1 1" mode="11"
 points="1.32429 7.88932,
	1.32429 7.82477,
	1.31623 7.77636,
	"/>
</Transform>

<Transform dim="0"
 xcoef=" 0 1 0 0 0 0"
 ycoef=" 0 0 1 0 0 0">
<Contour name="d07" hidden="true" closed="true" simplified="true" border="1 0 1" fill="1 0 1" mode="9"
 points="2.45438 6.96729,
	2.50946 6.92942,
	2.52667 6.90188,
	2.53012 6.88811,
	2.48192 6.83303,
	2.47504 6.81927,
	2.47504 6.8055,
	2.52667 6.75386,
	2.55421 6.74009,
	2.60929 6.74353,
	2.66437 6.76419,
	2.68846 6.78484,
	2.70223 6.81238,
	2.70912 6.82615,
	2.73666 6.8468,
	2.76419 6.87434,
	2.77796 6.88811,
	2.83304 6.895,
	2.88812 6.895,
	2.90189 6.895,
	2.95697 6.87434,
	2.9845 6.86746,
	3.01204 6.85369,
	3.02581 6.8468,
	3.04302 6.81927,
	3.04991 6.8055,
	3.07745 6.78484,
	3.13252 6.7814,
	3.16006 6.7814,
	3.17383 6.7814,
	3.1876 6.79517,
	3.24268 6.8055,
	3.25645 6.8055,
	3.26333 6.8055,
	3.29087 6.78484,
	3.30464 6.77796,
	3.31841 6.77796,
	3.37349 6.7573,
	3.42857 6.72632,
	3.4561 6.70911,
	3.46299 6.70223,
	3.49053 6.70567,
	3.51807 6.71944,
	3.52495 6.72288,
	3.52495 6.77796,
	3.52151 6.79173,
	3.51118 6.8055,
	3.50085 6.83303,
	3.49053 6.8468,
	3.48709 6.86057,
	3.46987 6.88811,
	3.41824 6.9363,
	3.40447 6.94663,
	3.39758 6.95352,
	3.37005 6.9604,
	3.25989 6.9604,
	3.20481 6.97761,
	3.14974 6.98794,
	3.1222 6.99138,
	3.10843 6.99827,
	3.09466 6.99827,
	3.08089 7.00515,
	3.06712 7.00515,
	3.01204 7.02581,
	3.00516 7.02581,
	2.97762 7.04646,
	2.96385 7.05334,
	2.95352 7.06711,
	2.94664 7.06711,
	2.90189 7.11531,
	2.88123 7.17038,
	2.87435 7.19792,
	2.87435 7.21169,
	2.88468 7.22546,
	2.93975 7.22546,
	2.95352 7.22546,
	3.00516 7.2771,
	3.01204 7.28398,
	3.01204 7.31152,
	3.00172 7.33906,
	3.00172 7.35283,
	3.00172 7.35971,
	2.94664 7.40446,
	2.93975 7.41135,
	2.88468 7.42512,
	2.85714 7.432,
	2.74698 7.42856,
	2.7401 7.42856,
	2.71256 7.40102,
	2.69535 7.37348,
	2.64716 7.3184,
	2.60585 7.26333,
	2.59552 7.23579,
	2.59552 7.2289,
	2.56798 7.20136,
	2.55077 7.17383,
	2.54389 7.14629,
	2.49914 7.09121,
	2.48192 7.074,
	2.46815 7.07056,
	2.45438 7.05679,
	2.45438 7.00171,
	2.45438 6.97417,
	2.45438 6.97073,
	"/>
</Transform>

<Transform dim="0"
 xcoef=" 0 1 0 0 0 0"
 ycoef=" 0 0 1 0 0 0">
<Contour name="d08" hidden="false" closed="true" simplified="true" border="1 0 0" fill="1 0 0" mode="9"
 points="5.01155 5.0163,
	5.03052 4.97837,
	5.04 4.9594,
	5.04 4.88354,
	5.03526 4.84561,
	5.03526 4.82664,
	5.04949 4.78871,
	5.12535 4.74604,
	5.16328 4.72708,
	5.18224 4.71759,
	5.2581 4.71759,
	5.29603 4.71285,
	5.33396 4.69863,
	5.40982 4.70337,
	5.44775 4.70337,
	5.48568 4.71759,
	5.56155 4.72234,
	5.59948 4.73182,
	5.63741 4.75552,
	5.66111 4.78871,
	5.65637 4.82664,
	5.65637 4.84561,
	5.64689 4.86457,
	5.64689 4.87406,
	5.63741 4.88354,
	5.63741 4.9025,
	5.51887 5.04949,
	5.49043 5.08267,
	5.47146 5.0969,
	5.43353 5.10164,
	5.41457 5.10638,
	5.38138 5.13957,
	5.36715 5.15854,
	5.32922 5.18224,
	5.31026 5.18698,
	5.30077 5.19647,
	5.22491 5.20121,
	5.14905 5.17276,
	5.07319 5.16802,
	5.03526 5.14431,
	5.0163 5.12535,
	5.01155 5.04949,
	5.01155 5.03052,
	5.01155 5.02104,
	"/>
</Transform>

<Transform dim="0"
 xcoef=" 0 1 0 0 0 0"
 ycoef=" 0 0 1 0 0 0">
<Contour name="d08" hidden="false" closed="true" simplified="true" border="1 0 0" fill="1 0 0" mode="9"
 points="4.71759 4.35251,
	4.75552 4.32881,
	4.79346 4.31458,
	4.81242 4.31458,
	4.88828 4.27191,
	4.90725 4.26243,
	4.92147 4.27191,
	4.94044 4.29088,
	4.96414 4.36674,
	4.98311 4.40467,
	4.99259 4.42363,
	5.06371 4.49475,
	5.05897 4.50424,
	4.90725 4.49949,
	4.86932 4.49949,
	4.85035 4.49001,
	4.81242 4.45682,
	4.77449 4.43786,
	4.73656 4.39993,
	4.71759 4.38096,
	4.71759 4.362,
	4.71759 4.35726,
	"/>
</Transform>

<Transform dim="0"
 xcoef=" 0 1 0 0 0 0"
 ycoef=" 0 0 1 0 0 0">
<Contour name="d08" hidden="false" closed="true" simplified="true" border="1 0 0" fill="1 0 0" mode="9"
 points="4.79159 3.90439,
	4.80236 3.87565,
	4.80236 3.76071,
	4.80955 3.74635,
	4.82391 3.73198,
	4.83828 3.72479,
	4.84547 3.72479,
	4.85983 3.71402,
	4.8742 3.71761,
	4.90294 3.74275,
	4.90653 3.75712,
	4.92808 3.78586,
	4.96041 3.84333,
	4.964 3.85769,
	4.97477 3.87206,
	4.97837 3.92953,
	4.98196 3.95827,
	4.97118 3.96904,
	4.95681 3.96904,
	4.92808 3.987,
	4.91012 4.01215,
	4.91012 4.02651,
	4.89934 4.03729,
	4.87061 4.0337,
	4.81314 3.987,
	4.79877 3.97264,
	4.79159 3.95827,
	4.79159 3.92953,
	4.79159 3.91516,
	4.79159 3.90798,
	"/>
</Transform>

<Transform dim="0"
 xcoef=" 0 1 0 0 0 0"
 ycoef=" 0 0 1 0 0 0">
<Contour name="d08" hidden="false" closed="true" simplified="true" border="1 0 0" fill="1 0 0" mode="9"
 points="4.3426 4.47191,
	4.35697 4.45754,
	4.41444 4.45395,
	4.44317 4.45395,
	4.47191 4.46832,
	4.48628 4.48268,
	4.50064 4.48268,
	4.50783 4.48268,
	4.51501 4.48987,
	4.57248 4.48628,
	4.58685 4.47909,
	4.60122 4.46472,
	4.6084 4.46113,
	4.6084 4.44677,
	4.61918 4.41803,
	4.62277 4.40366,
	4.64432 4.37852,
	4.63354 4.34978,
	4.57607 4.31746,
	4.56171 4.31027,
	4.50424 4.32105,
	4.47909 4.3426,
	4.46472 4.34619,
	4.45754 4.34619,
	4.45036 4.36056,
	4.43599 4.36415,
	4.42162 4.36056,
	4.41085 4.34619,
	4.40725 4.31746,
	4.41085 4.28872,
	4.43599 4.25999,
	4.46472 4.24562,
	4.47909 4.23844,
	4.53656 4.23844,
	4.5653 4.24921,
	4.57967 4.2528,
	4.60481 4.27795,
	4.61918 4.28513,
	4.64791 4.28872,
	4.66228 4.29231,
	4.68742 4.31746,
	4.71616 4.31746,
	4.72334 4.31746,
	4.73053 4.32464,
	4.73053 4.35338,
	4.7413 4.38211,
	4.77004 4.40366,
	4.78081 4.41444,
	4.7844 4.52938,
	4.7844 4.55811,
	4.7844 4.5653,
	4.75926 4.59403,
	4.74489 4.62277,
	4.71616 4.64791,
	4.70179 4.66228,
	4.67305 4.66587,
	4.61558 4.65869,
	4.55811 4.65869,
	4.52938 4.64432,
	4.47191 4.58685,
	4.44677 4.55811,
	4.4324 4.54375,
	4.40366 4.52938,
	4.37493 4.5222,
	4.36056 4.51501,
	4.34619 4.50064,
	4.3426 4.4755,
	"/>
</Transform>

<Transform dim="0"
 xcoef=" 0 1 0 0 0 0"
 ycoef=" 0 0 1 0 0 0">
<Contour name="d08" hidden="false" closed="true" simplified="true" border="1 0 0" fill="1 0 0" mode="9"
 points="4.37134 5.28368,
	4.39289 5.25494,
	4.50783 5.19029,
	4.5222 5.1867,
	4.53656 5.19029,
	4.55093 5.20106,
	4.57967 5.20825,
	4.59762 5.23339,
	4.61199 5.24776,
	4.64073 5.25853,
	4.66946 5.28008,
	4.71616 5.32678,
	4.72334 5.34115,
	4.72334 5.57103,
	4.71975 5.5854,
	4.71257 5.59258,
	4.71257 5.59976,
	4.6982 5.60695,
	4.66946 5.61054,
	4.64073 5.62491,
	4.62636 5.63568,
	4.56889 5.63568,
	4.55452 5.63568,
	4.54015 5.6285,
	4.51501 5.59976,
	4.50064 5.5854,
	4.50064 5.57103,
	4.51501 5.54229,
	4.5222 5.51356,
	4.5222 5.45609,
	4.5222 5.4489,
	4.50424 5.42017,
	4.45036 5.3627,
	4.42162 5.33756,
	4.39289 5.33037,
	4.37852 5.3196,
	4.37134 5.31241,
	4.37134 5.28727,
	"/>
</Transform>

<Transform dim="0"
 xcoef=" 0 1 0 0 0 0"
 ycoef=" 0 0 1 0 0 0">
<Contour name="d08" hidden="false" closed="true" simplified="true" border="1 0 0" fill="1 0 0" mode="9"
 points="4.29479 4.0254,
	4.31027 4.00063,
	4.33505 3.99134,
	4.38459 3.99443,
	4.39697 4.00372,
	4.39697 4.01611,
	4.49606 4.01301,
	4.50845 4.01301,
	4.51464 4.01301,
	4.53322 4.03469,
	4.53941 4.04088,
	4.53941 4.06565,
	4.53012 4.07804,
	4.52393 4.08423,
	4.42484 4.08733,
	4.3753 4.08733,
	4.35053 4.09042,
	4.32576 4.08733,
	4.30408 4.06256,
	4.29479 4.05017,
	4.29479 4.0285,
	"/>
</Transform>

<Transform dim="0"
 xcoef=" 0 1 0 0 0 0"
 ycoef=" 0 0 1 0 0 0">
<Contour name="d08c01" hidden="false" closed="true" simplified="true" border="1 0 0" fill="0 1 0" mode="9"
 points="4.45002 5.38397,
	4.46058 5.36707,
	4.47749 5.36918,
	4.49439 5.37552,
	4.50284 5.38397,
	4.50496 5.39243,
	4.50496 5.39665,
	4.53454 5.42835,
	4.54088 5.44525,
	4.54299 5.51287,
	4.54299 5.52977,
	4.54088 5.53822,
	4.53243 5.54668,
	4.5282 5.5509,
	4.5113 5.5509,
	4.50284 5.54879,
	4.48594 5.53611,
	4.46904 5.51921,
	4.46692 5.45159,
	4.46058 5.43469,
	4.45002 5.41778,
	4.45002 5.38609,
	"/>
<Contour name="d08cfa01" hidden="false" closed="false" simplified="false" border="0 1 1" fill="0 1 1" mode="9"
 points="4.51234 5.55043,
	4.51868 5.48704,
	4.49755 5.4321,
	4.46163 5.37082,
	"/>
</Transform>

<Transform dim="0"
 xcoef=" 0 1 0 0 0 0"
 ycoef=" 0 0 1 0 0 0">
<Contour name="d06p29" hidden="false" closed="true" simplified="false" border="0 1 0" fill="0 1 0" mode="-9"
 points="1.86393 7.62228,
	1.86393 7.60243,
	1.88379 7.60243,
	1.88379 7.58258,
	1.90364 7.58258,
	1.90364 7.60243,
	1.92349 7.60243,
	1.92349 7.62228,
	1.90364 7.62228,
	1.90364 7.64214,
	1.88379 7.64214,
	1.88379 7.62228,
	"/>
</Transform>

<Transform dim="0"
 xcoef=" 0 1 0 0 0 0"
 ycoef=" 0 0 1 0 0 0">
<Contour name="d07p01" hidden="false" closed="true" simplified="false" border="1 0 0" fill="1 0 0" mode="-9"
 points="2.84909 7.02424,
	2.84909 7.01928,
	2.85406 7.01431,
	2.85902 7.01431,
	2.86398 7.01928,
	2.86398 7.02424,
	2.85902 7.0292,
	2.85406 7.0292,
	"/>
</Transform>

<Transform dim="6"
 xcoef=" -0.172474319989717 1.00605969522087 0.0206445771708312 0 0 0"
 ycoef=" 0.107898208209784 -0.00704258537077151 0.989082413263568 0 0 0">
<Image mag="0.00217507" contrast="0.917" brightness="0.12" red="true" green="true" blue="true"
 src="FHLTD.42.jpg" />
<Contour name="domain1" hidden="false" closed="true" simplified="false" border="1 0 1" fill="1 0 1" mode="11"
 points="0 0,
	4096 0,
	4096 4096,
	0 4096,
	"/>
</Transform>

<Transform dim="0"
 xcoef=" 0 1 0 0 0 0"
 ycoef=" 0 0 1 0 0 0">
<Contour name="d01" hidden="true" closed="true" simplified="true" border="1 0.5 0" fill="1 0.5 0" mode="-11"
 points="4.97469 1.71353,
	4.99196 1.68589,
	5.00578 1.65826,
	5.0265 1.60299,
	5.03169 1.58918,
	5.03687 1.58399,
	5.0645 1.57363,
	5.07141 1.5719,
	5.07486 1.57018,
	5.08177 1.54254,
	5.08523 1.52873,
	5.08523 1.47346,
	5.08523 1.46655,
	5.10768 1.43892,
	5.11977 1.4251,
	5.1474 1.40438,
	5.16122 1.39574,
	5.21649 1.37329,
	5.22339 1.36983,
	5.23721 1.35774,
	5.26484 1.35083,
	5.29248 1.33875,
	5.3063 1.33702,
	5.36156 1.34047,
	5.3892 1.34393,
	5.40301 1.34738,
	5.45828 1.32493,
	5.51355 1.29384,
	5.54118 1.28175,
	5.56882 1.27484,
	5.62408 1.27484,
	5.6379 1.27484,
	5.74843 1.22821,
	5.8037 1.20576,
	5.83134 1.1954,
	5.84343 1.19194,
	5.85206 1.19021,
	5.87969 1.1954,
	5.8866 1.19712,
	5.89006 1.19712,
	5.90042 1.2023,
	5.91424 1.21439,
	5.91596 1.22821,
	5.91424 1.24203,
	5.90042 1.26966,
	5.89524 1.28348,
	5.89178 1.33875,
	5.89006 1.36638,
	5.89006 1.37329,
	5.91596 1.39747,
	5.92978 1.40956,
	5.95051 1.43719,
	5.96087 1.45101,
	5.9626 1.45446,
	5.95914 1.46137,
	5.95741 1.46482,
	5.93151 1.43719,
	5.91769 1.42855,
	5.91596 1.42683,
	5.91078 1.43374,
	5.91769 1.46137,
	5.92114 1.47519,
	5.97641 1.47519,
	5.99023 1.47346,
	6.01786 1.4631,
	6.02477 1.45964,
	6.0524 1.46655,
	6.05931 1.47001,
	6.05931 1.47691,
	6.05931 1.48037,
	6.03686 1.508,
	6.0265 1.52182,
	6.01959 1.63235,
	6.01614 1.68762,
	6.01786 1.71525,
	6.02477 1.72907,
	6.0265 1.78434,
	6.02477 1.81197,
	6.0075 1.83961,
	5.98505 1.86724,
	5.93323 1.92251,
	5.92633 1.92942,
	5.87106 1.93632,
	5.84343 1.93978,
	5.81579 1.95014,
	5.80197 1.95532,
	5.77434 1.97777,
	5.74671 2.00368,
	5.73462 2.0175,
	5.71735 2.07276,
	5.71389 2.07967,
	5.70698 2.08485,
	5.70353 2.08831,
	5.70353 2.09522,
	5.70353 2.09867,
	5.69144 2.11249,
	5.6828 2.14012,
	5.67762 2.15394,
	5.67762 2.16085,
	5.66035 2.18848,
	5.62063 2.24375,
	5.61199 2.27138,
	5.60854 2.27829,
	5.58091 2.27656,
	5.55327 2.2662,
	5.53945 2.25757,
	5.51182 2.23339,
	5.50491 2.2282,
	5.47728 2.22302,
	5.46346 2.21957,
	5.40819 2.18157,
	5.38056 2.16257,
	5.35293 2.15221,
	5.33911 2.14703,
	5.32529 2.13839,
	5.31839 2.13494,
	5.26312 2.14012,
	5.23548 2.14185,
	5.20785 2.13494,
	5.19403 2.12976,
	5.1664 2.12976,
	5.15258 2.12976,
	5.14567 2.12803,
	5.13358 2.1194,
	5.13877 2.11422,
	5.12495 2.11249,
	5.11113 2.10213,
	5.10768 2.09867,
	5.09904 2.04513,
	5.08523 2.04513,
	5.07141 2.03995,
	5.04378 2.02268,
	5.03169 2.01059,
	5.02305 1.99677,
	5.02305 1.98986,
	5.03514 1.97605,
	5.04205 1.96914,
	5.05068 1.9415,
	5.05414 1.92769,
	5.05414 1.92423,
	5.0265 1.91905,
	5.02305 1.91905,
	5.01096 1.89142,
	5.00232 1.86379,
	5.0006 1.85688,
	5.00405 1.84306,
	5.00578 1.83615,
	5.02996 1.82061,
	5.03169 1.8137,
	5.03341 1.81024,
	5.01096 1.78261,
	4.99887 1.76879,
	4.98505 1.75843,
	4.97987 1.75325,
	4.97642 1.72562,
	4.97469 1.71871,
	4.97469 1.71525,
	"/>
</Transform>

<Transform dim="0"
 xcoef=" 0 1 0 0 0 0"
 ycoef=" 0 0 1 0 0 0">
<Contour name="ax01" comment="LK bouton trace named after cfa" hidden="false" closed="true" simplified="true" border="0 1 1" fill="0.502 1 1" mode="9"
 points="6.75442 1.13373,
	6.75688 1.12881,
	6.76672 1.1202,
	6.77656 1.11652,
	6.78148 1.11406,
	6.78394 1.11344,
	6.78885 1.10914,
	6.79869 1.1036,
	6.80361 1.10114,
	6.81345 1.0993,
	6.81837 1.09746,
	6.82082 1.09623,
	6.83066 1.08762,
	6.83558 1.08577,
	6.83804 1.08393,
	6.84788 1.08393,
	6.85034 1.08393,
	6.85157 1.08393,
	6.85402 1.08577,
	6.85894 1.08762,
	6.86878 1.09315,
	6.87862 1.09561,
	6.88845 1.10114,
	6.89337 1.10237,
	6.91305 1.11098,
	6.92288 1.11652,
	6.9278 1.11897,
	6.93764 1.12758,
	6.94133 1.1325,
	6.9444 1.14234,
	6.94379 1.14726,
	6.94071 1.15217,
	6.93641 1.15709,
	6.93395 1.15894,
	6.92842 1.16877,
	6.9235 1.17369,
	6.90383 1.18845,
	6.89891 1.19214,
	6.89091 1.20198,
	6.88968 1.2032,
	6.88784 1.20812,
	6.88477 1.21304,
	6.88292 1.2155,
	6.87985 1.22534,
	6.88046 1.26469,
	6.87985 1.27452,
	6.87923 1.27944,
	6.87493 1.28928,
	6.87124 1.2942,
	6.86632 1.2985,
	6.85648 1.30219,
	6.85157 1.30219,
	6.84665 1.30035,
	6.84173 1.29666,
	6.83927 1.29543,
	6.83251 1.28559,
	6.82759 1.27575,
	6.82451 1.26592,
	6.81468 1.25669,
	6.81099 1.25178,
	6.80853 1.24686,
	6.80668 1.2444,
	6.80607 1.24194,
	6.79808 1.2321,
	6.79746 1.22964,
	6.79623 1.22841,
	6.795 1.22349,
	6.795 1.22226,
	6.79377 1.22103,
	6.79193 1.2112,
	6.78824 1.20136,
	6.78762 1.1989,
	6.7784 1.18906,
	6.77225 1.17923,
	6.76734 1.16939,
	6.75934 1.15955,
	6.75504 1.14972,
	6.75442 1.13988,
	6.75442 1.13496,
	6.75442 1.13434,
	"/>
</Transform>

<Transform dim="0"
 xcoef=" 0 1 0 0 0 0"
 ycoef=" 0 0 1 0 0 0">
<Contour name="ax01" comment="LK bouton trace named after cfa" hidden="false" closed="true" simplified="true" border="0 1 1" fill="0.502 1 1" mode="9"
 points="8.26272 0.96843,
	8.26424 0.956306,
	8.26348 0.950243,
	8.26424 0.944181,
	8.26575 0.94115,
	8.26575 0.938119,
	8.26727 0.935088,
	8.26727 0.933572,
	8.28318 0.910082,
	8.29228 0.899473,
	8.31273 0.877497,
	8.3241 0.866131,
	8.33623 0.859311,
	8.34835 0.855522,
	8.39685 0.851733,
	8.4211 0.847944,
	8.44534 0.845671,
	8.45747 0.84946,
	8.4605 0.850218,
	8.47035 0.860069,
	8.47035 0.861584,
	8.4749 0.867646,
	8.47641 0.870678,
	8.47566 0.882802,
	8.47262 0.894926,
	8.4658 0.90705,
	8.46202 0.913113,
	8.45141 0.924479,
	8.43928 0.932815,
	8.43625 0.93433,
	8.43474 0.935846,
	8.4317 0.936603,
	8.40821 0.949486,
	8.40215 0.952517,
	8.39912 0.95479,
	8.39609 0.955548,
	8.39079 0.960094,
	8.36881 0.973734,
	8.36729 0.973734,
	8.34456 0.987374,
	8.33244 0.992678,
	8.33092 0.994194,
	8.32031 0.999498,
	8.30819 1.00556,
	8.30516 1.00783,
	8.29303 1.01162,
	8.28091 1.01238,
	8.27485 1.01011,
	8.27106 1.00405,
	8.26575 0.991921,
	8.265 0.985859,
	8.26272 0.979796,
	8.26272 0.973734,
	8.26272 0.970703,
	8.26272 0.969188,
	"/>
</Transform>

<Transform dim="0"
 xcoef=" 0 1 0 0 0 0"
 ycoef=" 0 0 1 0 0 0">
<Contour name="ax28" comment="LK bouton trace named after cfa" hidden="false" closed="true" simplified="true" border="0 1 1" fill="0.502 1 1" mode="9"
 points="5.73351 3.06931,
	5.73514 3.06606,
	5.73514 3.06443,
	5.7392 3.05874,
	5.7449 3.05304,
	5.74652 3.05142,
	5.75303 3.04979,
	5.75954 3.04654,
	5.76279 3.04491,
	5.77337 3.03352,
	5.77988 3.02132,
	5.78232 3.01806,
	5.78395 3.01156,
	5.78964 3.00586,
	5.80266 3.00179,
	5.82869 3.00017,
	5.8417 3.00017,
	5.85472 3.00179,
	5.86774 3.00586,
	5.88075 3.01156,
	5.89214 3.01888,
	5.89865 3.02457,
	5.90353 3.03027,
	5.90678 3.03677,
	5.90841 3.04003,
	5.90841 3.05304,
	5.90516 3.06525,
	5.90516 3.06687,
	5.90353 3.0685,
	5.90109 3.07501,
	5.89946 3.07664,
	5.89946 3.07826,
	5.89377 3.08314,
	5.8897 3.08884,
	5.88726 3.09128,
	5.88726 3.09291,
	5.88075 3.09779,
	5.8775 3.0986,
	5.87506 3.10104,
	5.86855 3.10185,
	5.86611 3.10429,
	5.8596 3.10429,
	5.85635 3.10511,
	5.85472 3.10511,
	5.85309 3.10674,
	5.84008 3.1108,
	5.83682 3.11406,
	5.82381 3.11487,
	5.82055 3.11406,
	5.8173 3.11162,
	5.81567 3.11162,
	5.81242 3.10918,
	5.80916 3.10836,
	5.80754 3.10836,
	5.80591 3.10674,
	5.80266 3.10674,
	5.7994 3.10511,
	5.79777 3.10511,
	5.79615 3.10348,
	5.78313 3.09941,
	5.77662 3.09697,
	5.77012 3.09616,
	5.7571 3.09209,
	5.74408 3.0864,
	5.74083 3.08396,
	5.73432 3.07257,
	5.73351 3.07013,
	"/>
</Transform>

<Transform dim="0"
 xcoef=" 0 1 0 0 0 0"
 ycoef=" 0 0 1 0 0 0">
<Contour name="ddh_d06ax06" comment="traced by ddh 12/20/18" hidden="false" closed="true" simplified="true" border="1 0.5 0" fill="1 0.5 0" mode="11"
 points="1.09459 6.51877,
	1.10101 6.50851,
	1.12154 6.49439,
	1.1626 6.48284,
	1.17287 6.47899,
	1.18313 6.47258,
	1.18826 6.47001,
	1.2088 6.44948,
	1.22933 6.43921,
	1.27039 6.4328,
	1.28066 6.43151,
	1.32172 6.4097,
	1.34225 6.39815,
	1.35252 6.39302,
	1.39358 6.36479,
	1.41411 6.35195,
	1.42438 6.34811,
	1.43464 6.34169,
	1.45518 6.32372,
	1.46544 6.31474,
	1.47571 6.30961,
	1.51677 6.30063,
	1.5219 6.30063,
	1.56297 6.27881,
	1.5835 6.27368,
	1.60403 6.27368,
	1.62456 6.27881,
	1.64509 6.28908,
	1.66562 6.30319,
	1.67076 6.30833,
	1.69129 6.31859,
	1.73235 6.32629,
	1.75288 6.32886,
	1.77341 6.33656,
	1.79395 6.34041,
	1.83501 6.34297,
	1.85554 6.34169,
	1.87607 6.34297,
	1.88634 6.34426,
	1.90687 6.35324,
	1.912 6.3558,
	1.93253 6.37505,
	1.94922 6.39558,
	1.95948 6.40328,
	1.96975 6.40842,
	1.99028 6.42638,
	1.99285 6.43151,
	2.00311 6.4405,
	2.00824 6.44563,
	2.02108 6.46616,
	2.02621 6.47643,
	2.03006 6.48156,
	2.03006 6.48413,
	2.03263 6.48669,
	2.03263 6.48926,
	2.04931 6.50979,
	2.05829 6.53032,
	2.05957 6.53546,
	2.07369 6.55599,
	2.11347 6.59577,
	2.12117 6.60603,
	2.1417 6.6471,
	2.14812 6.65736,
	2.16223 6.69843,
	2.1725 6.71896,
	2.1879 6.73949,
	2.19431 6.74975,
	2.19816 6.76002,
	2.19944 6.77029,
	2.19944 6.77542,
	2.19303 6.79595,
	2.1879 6.80622,
	2.18661 6.80878,
	2.19431 6.82931,
	2.21099 6.84985,
	2.22126 6.85883,
	2.22511 6.86909,
	2.22254 6.88963,
	2.22254 6.89476,
	2.20971 6.93582,
	2.20073 6.97688,
	2.19816 6.99742,
	2.19688 7.00768,
	2.1879 7.02821,
	2.18148 7.03848,
	2.17121 7.04618,
	2.15068 7.05644,
	2.06856 7.06928,
	2.02749 7.07313,
	2.01723 7.07313,
	2.01209 7.07313,
	2.00183 7.07698,
	1.99156 7.07698,
	1.97103 7.08596,
	1.92997 7.10777,
	1.90944 7.11676,
	1.89917 7.12189,
	1.85811 7.13087,
	1.83758 7.13215,
	1.79651 7.1283,
	1.78625 7.12702,
	1.77598 7.12189,
	1.76572 7.11932,
	1.72465 7.09494,
	1.70412 7.08211,
	1.69899 7.07698,
	1.65792 7.05516,
	1.61686 7.0295,
	1.6066 7.02436,
	1.58735 7.00768,
	1.57067 6.98715,
	1.56553 6.98202,
	1.54115 6.94095,
	1.52704 6.92042,
	1.51035 6.89989,
	1.46929 6.86781,
	1.42823 6.83958,
	1.4077 6.82418,
	1.39743 6.8152,
	1.3846 6.79467,
	1.37562 6.77414,
	1.3692 6.76387,
	1.36022 6.7536,
	1.34995 6.7459,
	1.32685 6.70484,
	1.32044 6.69458,
	1.31017 6.68816,
	1.28964 6.68174,
	1.24858 6.67661,
	1.23831 6.67533,
	1.22804 6.67148,
	1.20751 6.65736,
	1.19083 6.63811,
	1.178 6.61758,
	1.15875 6.59962,
	1.11769 6.57909,
	1.11255 6.57524,
	1.10229 6.5547,
	1.09587 6.53417,
	1.09459 6.52391,
	1.09459 6.52006,
	"/>
</Transform>

</Section>