<?xml version="1.0"?>
<!DOCTYPE Section SYSTEM "section.dtd">

<Section index="75" thickness="0.045" alignLocked="true">
<Transform dim="1"
 xcoef=" 4.19999999999996 1 0 0 0 0"
 ycoef=" 2.47999999999999 0 1 0 0 0">
<Contour name="D04" hidden="false" closed="true" simplified="true" border="1 0 0" fill="1 0 0" mode="11"
 points="5.46492 7.32996,
	5.46778 7.29096,
	5.47628 7.25281,
	5.49024 7.21634,
	5.50936 7.18235,
	5.53323 7.15158,
	5.56131 7.1247,
	5.59299 7.1023,
	5.6276 7.08487,
	5.66436 7.07278,
	5.70248 7.0663,
	5.74113 7.06558,
	5.77947 7.07063,
	5.81665 7.08133,
	5.85186 7.09746,
	5.88435 7.11866,
	5.91339 7.14447,
	5.93836 7.17432,
	5.95871 7.20758,
	5.97399 7.2435,
	5.98388 7.28131,
	5.98816 7.32018,
	5.98673 7.35926,
	5.97963 7.39771,
	5.96701 7.43467,
	5.94914 7.46936,
	5.92642 7.501,
	5.89934 7.52891,
	5.86849 7.55248,
	5.83455 7.57119,
	5.79825 7.58464,
	5.76039 7.59254,
	5.72179 7.59471,
	5.6833 7.5911,
	5.64576 7.58179,
	5.60998 7.56699,
	5.57674 7.54702,
	5.54678 7.52231,
	5.52073 7.49341,
	5.49918 7.46094,
	5.48259 7.42562,
	5.47133 7.3882,
	"/>
</Transform>

<Transform dim="1"
 xcoef=" -0.3 1 0 0 0 0"
 ycoef=" -0.06 0 1 0 0 0">
<Contour name="D05" hidden="false" closed="true" simplified="true" border="1 1 0" fill="1 1 0" mode="11"
 points="2.15299 4.10404,
	2.16475 4.03163,
	2.19888 3.96632,
	2.25205 3.91448,
	2.31904 3.8812,
	2.39329 3.86974,
	2.46755 3.8812,
	2.53454 3.91448,
	2.58771 3.96632,
	2.62184 4.03163,
	2.6336 4.10404,
	2.62184 4.17644,
	2.58771 4.24175,
	2.53454 4.29359,
	2.46755 4.32687,
	2.39329 4.33833,
	2.31904 4.32687,
	2.25205 4.29359,
	2.19888 4.24175,
	"/>
</Transform>

<Transform dim="0"
 xcoef=" 0 1 0 0 0 0"
 ycoef=" 0 0 1 0 0 0">
<Contour name="d01" hidden="true" closed="true" simplified="true" border="1 0.5 0" fill="1 0.5 0" mode="-11"
 points="4.91128 2.62217,
	4.92186 2.57988,
	4.93772 2.55873,
	4.95886 2.47414,
	4.97472 2.43185,
	4.95886 2.34727,
	4.94829 2.30497,
	4.95358 2.26268,
	5.01702 2.17809,
	5.03288 2.1358,
	5.0646 2.10408,
	5.07517 2.09351,
	5.09103 2.05121,
	5.09632 1.96663,
	5.1016 1.92433,
	5.12803 1.88204,
	5.17033 1.85032,
	5.21262 1.80803,
	5.23377 1.78688,
	5.27606 1.76574,
	5.29721 1.76574,
	5.33421 1.80274,
	5.36065 1.83975,
	5.39765 1.86618,
	5.4188 1.87676,
	5.45052 1.91905,
	5.47167 1.94019,
	5.51396 1.95605,
	5.53511 1.96663,
	5.61969 1.97191,
	5.66199 1.99306,
	5.68313 2.00892,
	5.72542 2.01949,
	5.76772 2.05121,
	5.77829 2.06179,
	5.77829 2.07236,
	5.75714 2.08822,
	5.75186 2.13051,
	5.78358 2.17281,
	5.773 2.2151,
	5.773 2.25739,
	5.77829 2.27854,
	5.81001 2.32083,
	5.82587 2.34198,
	5.82587 2.38427,
	5.78886 2.41599,
	5.76772 2.50058,
	5.76243 2.52172,
	5.75186 2.5323,
	5.736 2.57459,
	5.67784 2.65918,
	5.64613 2.70147,
	5.56154 2.71204,
	5.54039 2.72262,
	5.50867 2.76491,
	5.46638 2.84421,
	5.44523 2.86007,
	5.43466 2.86007,
	5.42409 2.8495,
	5.40823 2.76491,
	5.42409 2.68032,
	5.42409 2.66975,
	5.38179 2.66975,
	5.36065 2.65918,
	5.35007 2.63803,
	5.32893 2.62217,
	5.24434 2.6116,
	5.20205 2.60102,
	5.03288 2.60102,
	4.99058 2.60631,
	4.96944 2.62217,
	4.92714 2.62746,
	4.91657 2.62746,
	"/>
</Transform>

<Transform dim="0"
 xcoef=" 0 1 0 0 0 0"
 ycoef=" 0 0 1 0 0 0">
<Contour name="d01" hidden="true" closed="true" simplified="true" border="1 0.5 0" fill="1 0.5 0" mode="9"
 points="6.22647 1.94762,
	6.25598 1.91389,
	6.28971 1.89281,
	6.4246 1.85909,
	6.49205 1.85066,
	6.5595 1.85487,
	6.59323 1.85487,
	6.62695 1.8633,
	6.64382 1.87595,
	6.65225 1.90968,
	6.63539 1.9434,
	6.62695 1.96026,
	6.5595 2.00242,
	6.55107 2.01085,
	6.48362 2.0235,
	6.41617 2.00242,
	6.34872 2.01085,
	6.315 2.01085,
	6.29814 2.01507,
	6.28971 2.01507,
	6.26863 1.98134,
	6.2602 1.96448,
	6.23069 1.95183,
	"/>
</Transform>

<Transform dim="0"
 xcoef=" 0 1 0 0 0 0"
 ycoef=" 0 0 1 0 0 0">
<Contour name="d01c04" hidden="false" closed="true" simplified="true" border="0 1 0" fill="0 1 0" mode="9"
 points="5.36648 1.85487,
	5.39599 1.83379,
	5.41286 1.83801,
	5.48031 1.89281,
	5.49717 1.90968,
	5.52668 1.92654,
	5.66158 1.96869,
	5.6953 1.97713,
	5.71217 1.98556,
	5.67844 2.01085,
	5.61099 2.01507,
	5.54354 1.9982,
	5.47609 1.97291,
	5.40864 1.93497,
	5.39178 1.92654,
	5.37492 1.89281,
	5.36648 1.85909,
	"/>
</Transform>

<Transform dim="0"
 xcoef=" 0 1 0 0 0 0"
 ycoef=" 0 0 1 0 0 0">
<Contour name="d01cfa04" hidden="false" closed="false" simplified="false" border="0 1 1" fill="0 1 1" mode="9"
 points="5.69292 2.01027,
	5.68449 2.01027,
	5.67606 2.01027,
	5.64655 2.00183,
	5.61704 1.98919,
	5.57488 1.97232,
	5.52429 1.95546,
	5.46949 1.91752,
	5.38096 1.86272,
	"/>
</Transform>

<Transform dim="0"
 xcoef=" 0 1 0 0 0 0"
 ycoef=" 0 0 1 0 0 0">
<Contour name="d01c45" hidden="false" closed="true" simplified="true" border="0 1 0" fill="0 1 0" mode="9"
 points="6.44263 1.84728,
	6.45339 1.83922,
	6.4749 1.83384,
	6.56095 1.83922,
	6.60397 1.84728,
	6.62548 1.84997,
	6.63624 1.85535,
	6.63892 1.86611,
	6.63086 1.87417,
	6.60935 1.88224,
	6.59859 1.88762,
	6.57708 1.88762,
	6.55557 1.87955,
	6.51255 1.87686,
	6.50179 1.86611,
	6.45877 1.86342,
	6.44801 1.85804,
	6.44532 1.84997,
	"/>
</Transform>

<Transform dim="0"
 xcoef=" 0 1 0 0 0 0"
 ycoef=" 0 0 1 0 0 0">
<Contour name="d01cfa45" hidden="false" closed="false" simplified="false" border="0 1 1" fill="0 1 1" mode="9"
 points="6.62948 1.87054,
	6.61334 1.86247,
	6.51923 1.84634,
	6.44394 1.84903,
	"/>
</Transform>

<Transform dim="0"
 xcoef=" 0 1 0 0 0 0"
 ycoef=" 0 0 1 0 0 0">
<Contour name="d03" hidden="false" closed="true" simplified="true" border="0 1 0" fill="0 1 0" mode="9"
 points="3.71569 2.38644,
	3.72047 2.34826,
	3.72285 2.33872,
	3.76104 2.30053,
	3.79922 2.26951,
	3.81831 2.25996,
	3.8374 2.25758,
	3.85649 2.25996,
	3.88036 2.29815,
	3.83979 2.37451,
	3.81354 2.4127,
	3.79922 2.43179,
	3.79445 2.43656,
	3.75626 2.43417,
	3.73717 2.43417,
	3.71569 2.39599,
	3.71569 2.38883,
	"/>
</Transform>

<Transform dim="0"
 xcoef=" 0 1 0 0 0 0"
 ycoef=" 0 0 1 0 0 0">
<Contour name="D09" hidden="false" closed="true" simplified="true" border="0 1 0" fill="0 1 0" mode="11"
 points="3.93638 1.72649,
	3.94369 1.67869,
	3.9649 1.63556,
	3.99795 1.60134,
	4.03959 1.57937,
	4.08574 1.57179,
	4.1319 1.57937,
	4.17354 1.60134,
	4.20658 1.63556,
	4.2278 1.67869,
	4.23511 1.72649,
	4.2278 1.7743,
	4.20658 1.81743,
	4.17354 1.85165,
	4.1319 1.87362,
	4.08574 1.8812,
	4.03959 1.87362,
	3.99795 1.85165,
	3.9649 1.81743,
	"/>
</Transform>

<Transform dim="0"
 xcoef=" 0 1 0 0 0 0"
 ycoef=" 0 0 1 0 0 0">
<Contour name="d06" hidden="true" closed="true" simplified="true" border="0 0 1" fill="0 0 1" mode="11"
 points="1.44631 7.79723,
	1.46303 7.77494,
	1.48532 7.76379,
	1.52712 7.72756,
	1.61351 7.64675,
	1.63302 7.62445,
	1.64416 7.61609,
	1.6581 7.59937,
	1.6776 7.58265,
	1.70547 7.53806,
	1.72776 7.44889,
	1.7417 7.4043,
	1.75006 7.38201,
	1.75284 7.37086,
	1.7612 7.35971,
	1.7612 7.35414,
	1.76678 7.34857,
	1.76956 7.33742,
	1.80022 7.29562,
	1.81136 7.27333,
	1.83087 7.25103,
	1.85317 7.23431,
	1.86431 7.22317,
	1.9089 7.19809,
	1.92005 7.19251,
	1.96463 7.18694,
	1.98693 7.17858,
	2.0761 7.17579,
	2.0984 7.17858,
	2.10954 7.18137,
	2.11512 7.18415,
	2.1179 7.17858,
	2.12905 7.17858,
	2.15134 7.18694,
	2.17364 7.18973,
	2.2015 7.23431,
	2.20987 7.25382,
	2.20987 7.29841,
	2.19593 7.34299,
	2.19593 7.36529,
	2.2015 7.38758,
	2.20429 7.39873,
	2.22101 7.42102,
	2.22937 7.46561,
	2.23495 7.4879,
	2.25724 7.53249,
	2.2656 7.54364,
	2.28511 7.58823,
	2.29347 7.61052,
	2.29625 7.65511,
	2.29625 7.6774,
	2.30183 7.69969,
	2.32412 7.74428,
	2.32133 7.78887,
	2.31855 7.80002,
	2.29904 7.81952,
	2.29068 7.83067,
	2.27953 7.83624,
	2.26839 7.83624,
	2.25724 7.8446,
	2.25167 7.8446,
	2.24609 7.85018,
	2.23495 7.85296,
	2.22659 7.86411,
	2.23216 7.87526,
	2.24331 7.88083,
	2.28789 7.88083,
	2.29904 7.88362,
	2.3074 7.89198,
	2.31019 7.91427,
	2.3074 7.93656,
	2.26281 7.94492,
	2.21823 7.94492,
	2.19593 7.94214,
	2.18478 7.93099,
	2.09561 7.89198,
	2.00643 7.86968,
	1.96185 7.86132,
	1.91726 7.8446,
	1.87267 7.82231,
	1.85038 7.81674,
	1.67203 7.81952,
	1.62744 7.81952,
	1.58285 7.8028,
	1.53827 7.8028,
	1.51597 7.8028,
	1.50483 7.80559,
	1.49368 7.81395,
	1.47139 7.81674,
	1.46024 7.81674,
	1.45467 7.81674,
	1.44631 7.80559,
	1.44631 7.80002,
	"/>
</Transform>

<Transform dim="0"
 xcoef=" 0 1 0 0 0 0"
 ycoef=" 0 0 1 0 0 0">
<Contour name="d07" hidden="true" closed="true" simplified="true" border="1 0 1" fill="1 0 1" mode="9"
 points="3.13404 6.45657,
	3.18226 6.39082,
	3.19979 6.37329,
	3.26993 6.34261,
	3.30499 6.33822,
	3.31814 6.35137,
	3.32253 6.36014,
	3.35759 6.36014,
	3.37513 6.36452,
	3.38389 6.3689,
	3.38389 6.40397,
	3.38389 6.41274,
	3.35321 6.4478,
	3.34444 6.45657,
	3.33568 6.45657,
	3.30499 6.49164,
	3.28746 6.50479,
	3.21733 6.52232,
	3.19979 6.53109,
	3.16473 6.5267,
	3.15596 6.5267,
	3.13843 6.50917,
	3.13404 6.4741,
	3.13404 6.46095,
	"/>
<Contour name="d07" hidden="true" closed="true" simplified="true" border="1 0 1" fill="1 0 1" mode="9"
 points="4.037 7.61814,
	4.17288 7.53924,
	4.24301 7.50417,
	4.27808 7.48664,
	4.29561 7.47787,
	4.33068 7.48664,
	4.34821 7.49541,
	4.35698 7.49541,
	4.39205 7.52171,
	4.39643 7.66197,
	4.38328 7.69704,
	4.37451 7.70581,
	4.37013 7.72334,
	4.30438 7.77594,
	4.29561 7.77594,
	4.28685 7.7847,
	4.21671 7.78909,
	4.19918 7.7847,
	4.1685 7.74964,
	4.16412 7.7321,
	4.15097 7.71457,
	4.15097 7.70581,
	4.1422 7.69704,
	4.1422 7.68827,
	4.12467 7.67074,
	4.05453 7.66197,
	4.037 7.64444,
	4.037 7.62691,
	4.037 7.62252,
	"/>
<Contour name="d07" hidden="true" closed="true" simplified="true" border="1 0 1" fill="1 0 1" mode="9"
 points="2.81845 7.22803,
	2.84913 7.1579,
	2.87105 7.12283,
	2.90611 7.09653,
	2.92803 7.06146,
	2.93241 7.04393,
	2.94556 7.0264,
	3.0157 6.98695,
	3.05076 6.9738,
	3.0683 6.96503,
	3.08583 6.96941,
	3.0946 7.00448,
	3.10775 7.02201,
	3.10775 7.03955,
	3.12966 7.07461,
	3.14281 7.14475,
	3.14281 7.16228,
	3.16473 7.19734,
	3.19979 7.22803,
	3.26993 7.26748,
	3.28746 7.27186,
	3.32253 7.30693,
	3.34006 7.32008,
	3.37513 7.32884,
	3.39266 7.33761,
	3.41019 7.33761,
	3.42772 7.35514,
	3.43649 7.37268,
	3.43649 7.38144,
	3.45402 7.39459,
	3.48909 7.40774,
	3.55484 7.45596,
	3.62059 7.49541,
	3.68634 7.55677,
	3.70387 7.57431,
	3.774 7.58307,
	3.79154 7.59184,
	3.8003 7.59184,
	3.80907 7.60061,
	3.8792 7.60499,
	3.88359 7.62252,
	3.87044 7.65759,
	3.84852 7.68827,
	3.81784 7.71019,
	3.8003 7.71457,
	3.79154 7.72772,
	3.79592 7.76279,
	3.81345 7.78032,
	3.81784 7.81539,
	3.81784 7.83292,
	3.81784 7.84169,
	3.79154 7.87237,
	3.774 7.8899,
	3.73894 7.89429,
	3.7214 7.89867,
	3.71264 7.89867,
	3.65127 7.9688,
	3.62497 7.99948,
	3.62497 8.00825,
	3.59867 8.03893,
	3.58991 8.05647,
	3.58114 8.06523,
	3.57676 8.08277,
	3.55046 8.11783,
	3.53731 8.13537,
	3.50662 8.2055,
	3.48032 8.24057,
	3.47594 8.27563,
	3.46279 8.28878,
	3.44526 8.28878,
	3.43649 8.28878,
	3.41896 8.27125,
	3.41019 8.25371,
	3.41019 8.21865,
	3.42772 8.18358,
	3.44087 8.16605,
	3.44087 8.09592,
	3.44087 8.06085,
	3.44087 8.04332,
	3.42334 8.0214,
	3.41896 8.00387,
	3.38389 7.97319,
	3.36636 7.96442,
	3.35759 7.95565,
	3.34006 7.95127,
	3.30938 7.92059,
	3.29184 7.91182,
	3.28308 7.91182,
	3.27869 7.90305,
	3.26993 7.90305,
	3.24801 7.87237,
	3.24363 7.85484,
	3.19541 7.78909,
	3.18664 7.77155,
	3.16911 7.75402,
	3.16034 7.73649,
	3.02008 7.60499,
	2.98501 7.56992,
	2.95871 7.53924,
	2.95433 7.46911,
	2.82283 7.33761,
	2.81845 7.26748,
	2.81845 7.23241,
	"/>
</Transform>

<Transform dim="0"
 xcoef=" 0 1 0 0 0 0"
 ycoef=" 0 0 1 0 0 0">
<Contour name="d07c09" hidden="true" closed="true" simplified="true" border="1 0 0" fill="0 1 0" mode="9"
 points="3.28738 6.33632,
	3.31084 6.30505,
	3.34211 6.30114,
	3.37338 6.30505,
	3.37729 6.36759,
	3.37338 6.38323,
	3.34211 6.38323,
	3.31084 6.37541,
	3.2952 6.35977,
	3.28738 6.34414,
	3.28738 6.34023,
	"/>
<Contour name="d07cfa09" hidden="false" closed="false" simplified="false" border="0 1 1" fill="0 1 1" mode="9"
 points="3.28107 6.34174,
	3.32016 6.34564,
	3.37488 6.36128,
	"/>
</Transform>

<Transform dim="0"
 xcoef=" 0 1 0 0 0 0"
 ycoef=" 0 0 1 0 0 0">
<Contour name="d08" hidden="false" closed="true" simplified="true" border="1 0 0" fill="1 0 0" mode="9"
 points="5.4074 5.19554,
	5.41718 5.16946,
	5.41718 5.11731,
	5.41066 5.06516,
	5.43021 5.04234,
	5.45629 5.02604,
	5.48237 5.02279,
	5.4954 5.03582,
	5.4954 5.08797,
	5.49866 5.10101,
	5.55081 5.14664,
	5.56385 5.15968,
	5.57037 5.18576,
	5.59319 5.21183,
	5.5997 5.22487,
	5.5997 5.27702,
	5.58993 5.29006,
	5.48562 5.29658,
	5.43347 5.29658,
	5.42044 5.29332,
	5.4074 5.28354,
	5.4074 5.23139,
	5.4074 5.20531,
	5.4074 5.19879,
	"/>
<Contour name="d08" hidden="false" closed="true" simplified="true" border="1 0 0" fill="1 0 0" mode="9"
 points="5.6486 4.9576,
	5.68445 4.90871,
	5.71053 4.89567,
	5.76268 4.89567,
	5.77571 4.89567,
	5.80179 4.91196,
	5.85394 4.96086,
	5.86698 4.96412,
	5.87676 4.97389,
	5.87676 5.02604,
	5.87676 5.05212,
	5.88002 5.06516,
	5.90609 5.09123,
	5.92565 5.11731,
	5.93869 5.13035,
	5.9452 5.13687,
	5.95498 5.16294,
	5.95172 5.18902,
	5.95172 5.19554,
	5.9452 5.20205,
	5.89305 5.20531,
	5.86698 5.20205,
	5.8409 5.18576,
	5.78875 5.17598,
	5.77571 5.16946,
	5.7529 5.14338,
	5.7366 5.11731,
	5.7366 5.10427,
	5.71378 5.08146,
	5.71053 5.0293,
	5.71053 5.00323,
	5.70401 4.99019,
	5.68119 4.98693,
	5.66815 4.98367,
	5.66163 4.98367,
	5.6486 4.97063,
	5.6486 4.96086,
	"/>
<Contour name="d08" hidden="false" closed="true" simplified="true" border="1 0 0" fill="1 0 0" mode="9"
 points="4.84352 4.40349,
	4.85655 4.37742,
	4.90871 4.34808,
	5.01301 4.30245,
	5.04234 4.2503,
	5.06516 4.19815,
	5.07168 4.18511,
	5.07168 4.13296,
	5.07168 4.10688,
	5.08146 4.08081,
	5.09775 4.05473,
	5.1499 4.0254,
	5.20205 4.0091,
	5.2542 3.98303,
	5.35851 3.9211,
	5.41066 3.89502,
	5.43673 3.88524,
	5.46281 3.88524,
	5.48888 3.87547,
	5.54104 3.87547,
	5.59319 3.86569,
	5.69749 3.86243,
	5.74964 3.86895,
	5.76268 3.87221,
	5.78875 3.89176,
	5.80179 3.90154,
	5.80831 3.95369,
	5.80831 3.96021,
	5.75942 4.01236,
	5.7529 4.0254,
	5.72682 4.04822,
	5.71704 4.05799,
	5.71378 4.08407,
	5.70075 4.11014,
	5.65186 4.1623,
	5.5997 4.20793,
	5.57363 4.23074,
	5.55407 4.25682,
	5.51822 4.36112,
	5.50192 4.3872,
	5.4954 4.43935,
	5.49214 4.46542,
	5.48888 4.47194,
	5.46281 4.4752,
	5.44977 4.47194,
	5.4074 4.41979,
	5.3911 4.39371,
	5.38458 4.3872,
	5.17598 4.38068,
	5.16294 4.36764,
	5.15642 4.36112,
	5.05212 4.36112,
	5.02604 4.36438,
	4.97389 4.38068,
	4.94782 4.38394,
	4.93478 4.3872,
	4.90871 4.43935,
	4.89241 4.46542,
	4.87937 4.4752,
	4.86633 4.47194,
	4.85329 4.46216,
	4.84352 4.43609,
	4.84352 4.41001,
	4.84352 4.40675,
	"/>
</Transform>

<Transform dim="0"
 xcoef=" 0 1 0 0 0 0"
 ycoef=" 0 0 1 0 0 0">
<Contour name="d08" hidden="false" closed="true" simplified="true" border="1 0 0" fill="1 0 0" mode="9"
 points="4.85888 3.07552,
	4.87216 3.05782,
	4.87216 3.02242,
	4.94296 3.01799,
	4.96066 3.02242,
	4.96951 3.02242,
	4.98721 3.03569,
	5.12882 3.04012,
	5.12439 3.07552,
	5.11554 3.08437,
	5.10669 3.08437,
	5.09784 3.09322,
	5.02704 3.1065,
	4.99164 3.11092,
	4.97394 3.11535,
	4.95623 3.12862,
	4.88543 3.12862,
	4.86773 3.11977,
	4.85888 3.10207,
	4.85888 3.08437,
	4.85888 3.07995,
	"/>
</Transform>

<Transform dim="0"
 xcoef=" 0 1 0 0 0 0"
 ycoef=" 0 0 1 0 0 0">
<Contour name="d08" hidden="false" closed="true" simplified="true" border="1 0 0" fill="1 0 0" mode="9"
 points="4.89776 3.87016,
	4.90665 3.85237,
	4.94224 3.83235,
	5.01342 3.80343,
	5.01786 3.80343,
	5.02231 3.79899,
	5.03343 3.81678,
	5.04011 3.83457,
	5.04011 3.87016,
	5.04011 3.88796,
	5.01786 3.92132,
	5.00674 3.93689,
	4.98895 3.94801,
	4.9756 3.9658,
	4.95781 3.9836,
	4.94002 3.98582,
	4.93112 3.98582,
	4.91333 3.9747,
	4.89998 3.95691,
	4.89776 3.88573,
	4.89776 3.87683,
	4.89776 3.87239,
	"/>
</Transform>

<Transform dim="0"
 xcoef=" 0 1 0 0 0 0"
 ycoef=" 0 0 1 0 0 0">
<Contour name="d08cfa11" hidden="false" closed="false" simplified="false" border="0 1 1" fill="0 1 1" mode="9"
 points="5.11088 3.04883,
	5.03748 3.03104,
	4.91737 3.00657,
	"/>
</Transform>

<Transform dim="0"
 xcoef=" 0 1 0 0 0 0"
 ycoef=" 0 0 1 0 0 0">
<Contour name="D11" hidden="false" closed="true" simplified="true" border="1 0.5 0" fill="1 0.5 0" mode="11"
 points="5.64666 4.25614,
	5.65094 4.22161,
	5.66336 4.19046,
	5.68271 4.16573,
	5.70709 4.14986,
	5.73412 4.14439,
	5.76114 4.14986,
	5.78552 4.16573,
	5.80487 4.19046,
	5.81729 4.22161,
	5.82157 4.25614,
	5.81729 4.29067,
	5.80487 4.32183,
	5.78552 4.34655,
	5.76114 4.36242,
	5.73412 4.36789,
	5.70709 4.36242,
	5.68271 4.34655,
	5.66336 4.32183,
	"/>
<Contour name="D11" hidden="false" closed="true" simplified="true" border="1 0.5 0" fill="1 0.5 0" mode="11"
 points="4.94214 4.26829,
	4.94332 4.25853,
	4.94678 4.24973,
	4.95215 4.24274,
	4.95892 4.23825,
	4.96643 4.23671,
	4.97394 4.23825,
	4.98071 4.24274,
	4.98608 4.24973,
	4.98953 4.25853,
	4.99072 4.26829,
	4.98953 4.27805,
	4.98608 4.28685,
	4.98071 4.29384,
	4.97394 4.29832,
	4.96643 4.29987,
	4.95892 4.29832,
	4.95215 4.29384,
	4.94678 4.28685,
	"/>
</Transform>

<Transform dim="0"
 xcoef=" 0 1 0 0 0 0"
 ycoef=" 0 0 1 0 0 0">
<Contour name="D05" hidden="false" closed="true" simplified="true" border="1 1 0" fill="1 1 0" mode="11"
 points="2.84462 4.04666,
	2.84553 4.02956,
	2.84827 4.01262,
	2.85279 3.99602,
	2.85906 3.97992,
	2.86701 3.96446,
	2.87658 3.94981,
	2.88766 3.93611,
	2.90014 3.92349,
	2.91391 3.91207,
	2.92882 3.90197,
	2.94474 3.89329,
	2.96151 3.88611,
	2.97896 3.8805,
	2.99693 3.87651,
	3.01523 3.87419,
	3.03369 3.87355,
	3.05212 3.87461,
	3.07036 3.87735,
	3.08821 3.88175,
	3.1055 3.88776,
	3.12207 3.89532,
	3.13776 3.90437,
	3.1524 3.91481,
	3.16586 3.92654,
	3.178 3.93944,
	3.18871 3.95339,
	3.19788 3.96826,
	3.20542 3.98389,
	3.21126 4.00013,
	3.21534 4.01683,
	3.21762 4.03382,
	3.21807 4.05094,
	3.2167 4.06802,
	3.21352 4.08489,
	3.20856 4.10138,
	3.20186 4.11734,
	3.19349 4.1326,
	3.18354 4.14703,
	3.1721 4.16047,
	3.15929 4.1728,
	3.14522 4.1839,
	3.13004 4.19365,
	3.11389 4.20197,
	3.09694 4.20877,
	3.07934 4.21398,
	3.06128 4.21755,
	3.04292 4.21945,
	3.02445 4.21966,
	3.00605 4.21818,
	2.98789 4.21503,
	2.97016 4.21022,
	2.95303 4.20381,
	2.93667 4.19587,
	2.92123 4.18647,
	2.90687 4.1757,
	2.89373 4.16367,
	2.88193 4.15049,
	2.8716 4.13629,
	2.86283 4.12122,
	2.85571 4.10543,
	2.85031 4.08905,
	2.84667 4.07226,
	"/>
</Transform>

<Transform dim="0"
 xcoef=" 0 1 0 0 0 0"
 ycoef=" 0 0 1 0 0 0">
<Contour name="D19" hidden="false" closed="true" simplified="true" border="0 1 0" fill="0 1 0" mode="11"
 points="2.49945 7.7556,
	2.50074 7.73193,
	2.50457 7.70854,
	2.51091 7.68574,
	2.51968 7.6638,
	2.53076 7.64299,
	2.54403 7.62358,
	2.55931 7.60579,
	2.57642 7.58986,
	2.59515 7.57597,
	2.61526 7.56431,
	2.63651 7.555,
	2.65863 7.54818,
	2.68136 7.54392,
	2.7044 7.54227,
	2.72748 7.54326,
	2.75031 7.54687,
	2.77261 7.55306,
	2.79411 7.56175,
	2.81453 7.57284,
	2.83362 7.58619,
	2.85116 7.60163,
	2.86692 7.61897,
	2.8807 7.638,
	2.89234 7.65848,
	2.9017 7.68016,
	2.90866 7.70278,
	2.91312 7.72604,
	2.91505 7.74967,
	2.91441 7.77338,
	2.91121 7.79686,
	2.90549 7.81984,
	2.89732 7.84202,
	2.8868 7.86314,
	2.87407 7.88292,
	2.85927 7.90114,
	2.8426 7.91755,
	2.82426 7.93197,
	2.80447 7.9442,
	2.78348 7.95411,
	2.76155 7.96156,
	2.73895 7.96647,
	2.71596 7.96878,
	2.69286 7.96845,
	2.66994 7.96549,
	2.64748 7.95993,
	2.62576 7.95186,
	2.60504 7.94136,
	2.58559 7.92856,
	2.56765 7.91363,
	2.55143 7.89674,
	2.53713 7.87812,
	2.52494 7.85797,
	2.515 7.83657,
	2.50743 7.81416,
	2.50234 7.79103,
	"/>
</Transform>

<Transform dim="0"
 xcoef=" 0 1 0 0 0 0"
 ycoef=" 0 0 1 0 0 0">
<Contour name="D19" hidden="false" closed="true" simplified="true" border="0 1 0" fill="0 1 0" mode="11"
 points="2.51049 6.2989,
	2.51373 6.27957,
	2.52313 6.26214,
	2.53778 6.24831,
	2.55624 6.23942,
	2.5767 6.23636,
	2.59716 6.23942,
	2.61562 6.24831,
	2.63027 6.26214,
	2.63968 6.27957,
	2.64292 6.2989,
	2.63968 6.31822,
	2.63027 6.33566,
	2.61562 6.34949,
	2.59716 6.35837,
	2.5767 6.36143,
	2.55624 6.35837,
	2.53778 6.34949,
	2.52313 6.33566,
	"/>
</Transform>

<Transform dim="0"
 xcoef=" 0 1 0 0 0 0"
 ycoef=" 0 0 1 0 0 0">
<Contour name="d01p04" hidden="false" closed="true" simplified="false" border="0 0 1" fill="0 0 1" mode="-13"
 points="5.50003 2.06506,
	5.47719 2.04221,
	5.50003 2.01937,
	5.52288 2.04221,
	"/>
</Transform>

<Transform dim="0"
 xcoef=" 0 1 0 0 0 0"
 ycoef=" 0 0 1 0 0 0">
<Contour name="d06p07" hidden="false" closed="true" simplified="false" border="1 0 1" fill="1 0 1" mode="-9"
 points="2.15179 7.86299,
	2.15179 7.85306,
	2.16172 7.84314,
	2.17164 7.84314,
	2.18157 7.85306,
	2.18157 7.86299,
	2.17164 7.87292,
	2.16172 7.87292,
	"/>
</Transform>

<Transform dim="0"
 xcoef=" 0 1 0 0 0 0"
 ycoef=" 0 0 1 0 0 0">
<Contour name="d06p08" hidden="false" closed="true" simplified="false" border="1 0 0" fill="1 0 0" mode="-9"
 points="1.71256 7.67688,
	1.69767 7.67688,
	1.69767 7.68432,
	1.70512 7.69177,
	1.72745 7.69921,
	1.71256 7.70665,
	1.70512 7.72154,
	1.69023 7.70665,
	1.68278 7.69177,
	1.68278 7.67688,
	1.66789 7.67688,
	1.69023 7.66199,
	"/>
</Transform>

<Transform dim="0"
 xcoef=" 0 1 0 0 0 0"
 ycoef=" 0 0 1 0 0 0">
<Contour name="d07p10" hidden="false" closed="true" simplified="false" border="0 1 1" fill="0 1 1" mode="-13"
 points="3.72755 7.67936,
	3.73747 7.66943,
	3.69777 7.62973,
	3.7077 7.6198,
	3.7474 7.65951,
	3.75733 7.64958,
	3.75733 7.67936,
	"/>
</Transform>

<Transform dim="0"
 xcoef=" 0 1 0 0 0 0"
 ycoef=" 0 0 1 0 0 0">
<Contour name="d07p11" hidden="false" closed="true" simplified="false" border="1 0.5 0" fill="1 0.5 0" mode="-13"
 points="3.52406 8.01436,
	3.52406 8.0094,
	3.52903 8.00444,
	3.53399 8.00444,
	3.53895 8.0094,
	3.53895 8.01436,
	3.53399 8.01932,
	3.52903 8.01932,
	"/>
</Transform>

<Transform dim="0"
 xcoef=" 0 1 0 0 0 0"
 ycoef=" 0 0 1 0 0 0">
<Contour name="d08p07" hidden="false" closed="true" simplified="false" border="1 0 1" fill="1 0 1" mode="-9"
 points="5.44289 4.3701,
	5.44289 4.3616,
	5.4514 4.35309,
	5.4599 4.35309,
	5.46841 4.3616,
	5.46841 4.3701,
	5.4599 4.37861,
	5.4514 4.37861,
	"/>
<Contour name="d08p08" hidden="false" closed="true" simplified="false" border="1 0 0" fill="1 0 0" mode="-9"
 points="5.10482 4.28293,
	5.09206 4.28293,
	5.09206 4.28931,
	5.09844 4.29569,
	5.11757 4.30206,
	5.10482 4.30844,
	5.09844 4.3212,
	5.08568 4.30844,
	5.0793 4.29569,
	5.0793 4.28293,
	5.06654 4.28293,
	5.08568 4.27017,
	"/>
</Transform>

<Transform dim="0"
 xcoef=" 0 1 0 0 0 0"
 ycoef=" 0 0 1 0 0 0">
<Contour name="ax01" comment="LK bouton trace named after cfa" hidden="false" closed="true" simplified="true" border="0 1 1" fill="0.502 1 1" mode="9"
 points="5.82421 1.68878,
	5.82731 1.68258,
	5.83119 1.67637,
	5.85098 1.65153,
	5.85603 1.64532,
	5.85797 1.64222,
	5.86301 1.63601,
	5.86495 1.6298,
	5.86651 1.61738,
	5.86767 1.61117,
	5.87039 1.60497,
	5.87776 1.58013,
	5.88009 1.56771,
	5.8828 1.5615,
	5.8863 1.5553,
	5.88901 1.54909,
	5.88979 1.54598,
	5.8925 1.53977,
	5.90027 1.52736,
	5.90919 1.51494,
	5.91501 1.50873,
	5.91656 1.50718,
	5.92277 1.5033,
	5.93519 1.49709,
	5.93829 1.49088,
	5.94023 1.48778,
	5.95188 1.47536,
	5.95692 1.46915,
	5.96352 1.45673,
	5.96934 1.44431,
	5.9705 1.44121,
	5.97128 1.435,
	5.97399 1.42879,
	5.97555 1.42569,
	5.97632 1.42414,
	5.98214 1.41793,
	5.99456 1.409,
	6.00543 1.39658,
	6.01164 1.39076,
	6.01784 1.38611,
	6.02405 1.383,
	6.02716 1.38223,
	6.02793 1.38184,
	6.02871 1.38223,
	6.03414 1.37602,
	6.04035 1.37214,
	6.04656 1.3667,
	6.05277 1.36244,
	6.06519 1.35157,
	6.07139 1.34691,
	6.0776 1.34148,
	6.09002 1.32906,
	6.09623 1.32363,
	6.12107 1.31121,
	6.13348 1.305,
	6.13969 1.30229,
	6.15211 1.30035,
	6.16453 1.29918,
	6.17074 1.2988,
	6.17694 1.29918,
	6.18005 1.29957,
	6.1816 1.29957,
	6.19402 1.30462,
	6.20023 1.30772,
	6.21264 1.30966,
	6.22506 1.31083,
	6.23127 1.3116,
	6.23438 1.31199,
	6.24058 1.31393,
	6.253 1.31626,
	6.25611 1.31665,
	6.25921 1.31781,
	6.28405 1.3213,
	6.29025 1.32402,
	6.29336 1.32557,
	6.31819 1.34847,
	6.33061 1.36011,
	6.33682 1.36438,
	6.34303 1.36787,
	6.35545 1.37641,
	6.36165 1.38145,
	6.36476 1.38417,
	6.36942 1.39038,
	6.39425 1.41405,
	6.40667 1.42491,
	6.41288 1.42879,
	6.42529 1.44082,
	6.4478 1.46566,
	6.45285 1.47187,
	6.45634 1.47807,
	6.45905 1.48428,
	6.45983 1.49049,
	6.46022 1.4936,
	6.45905 1.4998,
	6.45673 1.50601,
	6.45323 1.51222,
	6.44897 1.51843,
	6.44703 1.52154,
	6.43461 1.53356,
	6.40977 1.55452,
	6.40706 1.55762,
	6.40124 1.57004,
	6.40046 1.57315,
	6.40395 1.58556,
	6.41637 1.6104,
	6.41947 1.61661,
	6.42801 1.62902,
	6.42917 1.63213,
	6.42995 1.64455,
	6.42956 1.65696,
	6.43073 1.6818,
	6.42995 1.69422,
	6.42413 1.70663,
	6.42219 1.70974,
	6.41637 1.71595,
	6.41016 1.72138,
	6.40395 1.72487,
	6.40085 1.7272,
	6.37601 1.75126,
	6.36359 1.76096,
	6.35739 1.76601,
	6.34497 1.7726,
	6.32013 1.78308,
	6.2953 1.79084,
	6.28288 1.79472,
	6.23321 1.81878,
	6.18354 1.84439,
	6.17112 1.85021,
	6.16802 1.85138,
	6.1556 1.86069,
	6.1525 1.86263,
	6.14939 1.86379,
	6.14318 1.86729,
	6.13698 1.86961,
	6.12456 1.87233,
	6.12145 1.87311,
	6.1199 1.87349,
	6.11835 1.87466,
	6.11214 1.87621,
	6.11059 1.8766,
	6.10981 1.8766,
	6.10826 1.87776,
	6.09584 1.88203,
	6.07101 1.88863,
	6.0648 1.89096,
	6.06169 1.89251,
	6.04928 1.89523,
	6.04307 1.89678,
	6.03996 1.89717,
	6.03375 1.89988,
	6.0322 1.90066,
	6.0291 1.90105,
	6.02289 1.90376,
	6.01668 1.90803,
	6.01358 1.90919,
	6.00116 1.91036,
	5.99495 1.91114,
	5.98874 1.91269,
	5.97632 1.91424,
	5.96391 1.91424,
	5.9577 1.91308,
	5.95614 1.91269,
	5.95459 1.91152,
	5.95149 1.91075,
	5.94528 1.90687,
	5.93286 1.9057,
	5.90803 1.90454,
	5.89561 1.90415,
	5.8894 1.90376,
	5.87698 1.90027,
	5.87077 1.89833,
	5.85836 1.89717,
	5.85215 1.89639,
	5.84904 1.89639,
	5.84283 1.89445,
	5.83973 1.8929,
	5.83701 1.89057,
	5.8343 1.88746,
	5.83081 1.88126,
	5.83003 1.8797,
	5.83003 1.87349,
	5.83081 1.87039,
	5.83507 1.86418,
	5.84128 1.85952,
	5.84439 1.85681,
	5.84633 1.8537,
	5.84827 1.8475,
	5.85137 1.84129,
	5.85215 1.83973,
	5.85409 1.82732,
	5.85409 1.82111,
	5.84827 1.80869,
	5.84167 1.79627,
	5.83275 1.78386,
	5.82692 1.77144,
	5.82654 1.75902,
	5.82692 1.7466,
	5.8277 1.74039,
	5.82809 1.72798,
	5.82848 1.72177,
	5.82615 1.70935,
	5.82498 1.70314,
	5.82421 1.69072,
	5.82421 1.68917,
	"/>
</Transform>

<Transform dim="0"
 xcoef=" 0 1 0 0 0 0"
 ycoef=" 0 0 1 0 0 0">
<Contour name="ax02" comment="LK bouton trace named after cfa" hidden="false" closed="true" simplified="true" border="0 1 1" fill="0.502 1 1" mode="9"
 points="3.12048 1.53436,
	3.12371 1.52788,
	3.12856 1.52141,
	3.14151 1.51252,
	3.15445 1.50766,
	3.16739 1.50524,
	3.17386 1.50362,
	3.22562 1.50443,
	3.23857 1.50281,
	3.25151 1.50281,
	3.25798 1.50281,
	3.27092 1.50847,
	3.28386 1.51656,
	3.29033 1.5198,
	3.30327 1.52869,
	3.31621 1.53516,
	3.3421 1.55053,
	3.35504 1.55619,
	3.38092 1.56347,
	3.39386 1.56509,
	3.4068 1.56509,
	3.41974 1.56347,
	3.42621 1.56186,
	3.4521 1.56186,
	3.46504 1.56105,
	3.49092 1.55619,
	3.49739 1.55377,
	3.50063 1.55134,
	3.50224 1.54972,
	3.50548 1.54891,
	3.50872 1.54649,
	3.51519 1.54487,
	3.52813 1.54487,
	3.53136 1.54487,
	3.55725 1.56266,
	3.57019 1.57156,
	3.57666 1.57561,
	3.58151 1.58208,
	3.59283 1.60796,
	3.59769 1.6209,
	3.5993 1.62737,
	3.60011 1.65325,
	3.5985 1.66619,
	3.60092 1.69208,
	3.60497 1.70502,
	3.61629 1.7309,
	3.6171 1.73414,
	3.62357 1.74061,
	3.62923 1.75355,
	3.63166 1.76649,
	3.63247 1.77943,
	3.63328 1.7859,
	3.63247 1.79884,
	3.62923 1.81178,
	3.62195 1.82473,
	3.6171 1.8312,
	3.61063 1.83686,
	3.59769 1.84414,
	3.59122 1.84656,
	3.56533 1.84899,
	3.53945 1.84818,
	3.52651 1.84495,
	3.52004 1.84171,
	3.5071 1.83281,
	3.50063 1.82796,
	3.49497 1.82149,
	3.46908 1.80774,
	3.45614 1.80127,
	3.44967 1.79642,
	3.39791 1.77134,
	3.34614 1.74789,
	3.32026 1.73495,
	3.29437 1.72039,
	3.28143 1.71392,
	3.25555 1.69855,
	3.24261 1.68965,
	3.23614 1.68561,
	3.2232 1.67509,
	3.21026 1.667,
	3.18437 1.64517,
	3.17143 1.63546,
	3.15849 1.62333,
	3.15202 1.61686,
	3.14312 1.60391,
	3.12937 1.57803,
	3.12614 1.57156,
	3.12209 1.55862,
	3.12048 1.54568,
	3.12048 1.53921,
	3.12048 1.53597,
	3.12048 1.53516,
	"/>
</Transform>

<Transform dim="0"
 xcoef=" 0 1 0 0 0 0"
 ycoef=" 0 0 1 0 0 0">
<Contour name="ax05" comment="LK bouton trace named after cfa" hidden="false" closed="true" simplified="true" border="0 1 1" fill="0.502 1 1" mode="9"
 points="2.24019 1.96596,
	2.24549 1.95536,
	2.24946 1.95007,
	2.25211 1.94742,
	2.25079 1.93682,
	2.25874 1.92622,
	2.26934 1.91562,
	2.28126 1.89443,
	2.28391 1.88383,
	2.28921 1.87323,
	2.30908 1.85601,
	2.31173 1.85336,
	2.31703 1.85203,
	2.31968 1.84938,
	2.33028 1.84673,
	2.34087 1.83878,
	2.38327 1.82289,
	2.42566 1.82156,
	2.43626 1.82156,
	2.44686 1.82421,
	2.48925 1.82289,
	2.51044 1.82289,
	2.53164 1.82686,
	2.54224 1.83481,
	2.54621 1.84541,
	2.54754 1.85601,
	2.54489 1.8772,
	2.54356 1.87985,
	2.55284 1.89045,
	2.55549 1.8931,
	2.56609 1.89575,
	2.60848 1.89707,
	2.62967 1.90105,
	2.65087 1.90767,
	2.66147 1.91297,
	2.68267 1.92887,
	2.72506 1.96729,
	2.73566 1.97789,
	2.73698 1.99908,
	2.73566 2.02028,
	2.73301 2.03088,
	2.72638 2.04148,
	2.71578 2.05075,
	2.71049 2.0534,
	2.70784 2.05605,
	2.68664 2.0587,
	2.64425 2.05737,
	2.62305 2.0534,
	2.58066 2.05472,
	2.55946 2.05605,
	2.54886 2.05605,
	2.52767 2.06002,
	2.48527 2.06135,
	2.46408 2.06135,
	2.44288 2.05737,
	2.42168 2.05075,
	2.41639 2.04942,
	2.41109 2.04545,
	2.36869 2.0322,
	2.3475 2.03088,
	2.3369 2.02823,
	2.3263 2.02823,
	2.3157 2.02558,
	2.29451 2.01498,
	2.28391 2.00703,
	2.27331 2.00306,
	2.26801 1.99908,
	2.26536 1.99908,
	2.24417 1.98054,
	2.24152 1.97789,
	2.24019 1.96729,
	"/>
</Transform>

<Transform dim="0"
 xcoef=" 0 1 0 0 0 0"
 ycoef=" 0 0 1 0 0 0">
<Contour name="d03" hidden="false" closed="true" simplified="true" border="0 1 0" fill="0 1 0" mode="9"
 points="2.87208 3.14579,
	2.87945 3.10651,
	2.8819 3.0967,
	2.89418 3.07706,
	2.90031 3.06724,
	2.91872 3.05005,
	2.92854 3.04146,
	2.94082 3.02182,
	2.9445 3.01201,
	2.94695 3.0071,
	2.94818 3.00464,
	2.94573 2.99973,
	2.91259 2.96046,
	2.91136 2.95064,
	2.91259 2.94082,
	2.91259 2.93591,
	2.91259 2.93345,
	2.95186 2.90031,
	2.99114 2.87208,
	3.03042 2.84754,
	3.06969 2.83281,
	3.10897 2.82422,
	3.12861 2.81931,
	3.13843 2.81685,
	3.1777 2.79353,
	3.21698 2.77512,
	3.25626 2.76162,
	3.29553 2.75425,
	3.30535 2.75303,
	3.34463 2.75916,
	3.36427 2.76285,
	3.44282 2.74444,
	3.48209 2.73462,
	3.50173 2.72971,
	3.54101 2.70516,
	3.58029 2.68429,
	3.59992 2.68184,
	3.60974 2.68061,
	3.62815 2.69902,
	3.63429 2.7383,
	3.63675 2.75794,
	3.63184 2.83649,
	3.62815 2.87577,
	3.62938 2.95432,
	3.63061 2.96414,
	3.62202 2.98378,
	3.60238 2.99482,
	3.59256 3.00096,
	3.58888 3.00341,
	3.5766 3.04269,
	3.56187 3.06233,
	3.55451 3.07215,
	3.51646 3.09301,
	3.47719 3.10651,
	3.45755 3.11265,
	3.45264 3.11511,
	3.41336 3.1507,
	3.39741 3.17034,
	3.39004 3.18016,
	3.3839 3.21943,
	3.38268 3.22925,
	3.37654 3.24889,
	3.37286 3.25871,
	3.36672 3.26853,
	3.34954 3.28817,
	3.34217 3.29799,
	3.32253 3.31394,
	3.31272 3.32131,
	3.30781 3.32499,
	3.30535 3.32744,
	3.2268 3.32131,
	3.20716 3.31762,
	3.20225 3.3164,
	3.16297 3.28694,
	3.08442 3.25871,
	3.00587 3.23784,
	2.92732 3.22925,
	2.90768 3.22557,
	2.90277 3.22434,
	2.88436 3.20471,
	2.87945 3.1998,
	2.87331 3.16052,
	2.87208 3.1507,
	2.87208 3.14702,
	"/>
<Contour name="d03" hidden="false" closed="true" simplified="true" border="0 1 0" fill="0 1 0" mode="9"
 points="3.35975 3.31958,
	3.3841 3.28063,
	3.39627 3.26115,
	3.40236 3.25141,
	3.40845 3.21246,
	3.40966 3.20272,
	3.41575 3.18325,
	3.41697 3.17838,
	3.43036 3.1589,
	3.43644 3.14916,
	3.4754 3.12116,
	3.49488 3.11021,
	3.50461 3.10534,
	3.54357 3.09682,
	3.58252 3.06882,
	3.60808 3.03108,
	3.62878 2.99213,
	3.64826 2.9763,
	3.65921 2.95804,
	3.67747 2.91909,
	3.72373 2.84118,
	3.73347 2.82171,
	3.73834 2.81197,
	3.77364 2.77302,
	3.81259 2.75841,
	3.83207 2.74867,
	3.84181 2.74502,
	3.88076 2.73771,
	3.91971 2.74745,
	3.93919 2.75354,
	3.95867 2.76449,
	3.96841 2.76936,
	3.98058 2.78884,
	3.98423 2.79371,
	3.98423 2.81319,
	3.98058 2.83266,
	3.97936 2.8424,
	3.9611 2.86188,
	3.95258 2.87162,
	3.91363 2.89961,
	3.89415 2.91787,
	3.88563 2.92761,
	3.86494 2.96657,
	3.86007 2.9763,
	3.85763 2.98117,
	3.85398 3.02013,
	3.85155 3.0396,
	3.85276 3.11751,
	3.85885 3.19542,
	3.86007 3.27333,
	3.86007 3.28306,
	3.86007 3.28793,
	3.86007 3.29037,
	3.87833 3.30863,
	3.8978 3.31837,
	3.90998 3.33784,
	3.91241 3.34271,
	3.84789 3.42062,
	3.83207 3.4401,
	3.82963 3.44253,
	3.79068 3.44618,
	3.78094 3.4474,
	3.74199 3.44497,
	3.66408 3.49731,
	3.65434 3.50461,
	3.61539 3.51679,
	3.59591 3.52166,
	3.55696 3.51435,
	3.54722 3.51313,
	3.50827 3.49853,
	3.48879 3.49244,
	3.44984 3.47418,
	3.43036 3.46444,
	3.42062 3.45836,
	3.39384 3.4194,
	3.36097 3.3415,
	3.35975 3.32202,
	3.35975 3.3208,
	"/>
<Contour name="d03cfa03ax06" hidden="false" closed="false" simplified="false" border="0 1 1" fill="0 1 1" mode="9"
 points="3.93323 3.35366,
	3.88963 3.31733,
	3.8642 3.2374,
	3.85693 3.14293,
	3.85693 3.05574,
	3.85693 2.99397,
	3.88963 2.92857,
	3.92959 2.89224,
	"/>
</Transform>

<Transform dim="0"
 xcoef=" 0 1 0 0 0 0"
 ycoef=" 0 0 1 0 0 0">
<Contour name="ax06" comment="LK bouton trace named after cfa" hidden="false" closed="true" simplified="true" border="0 1 1" fill="0.502 1 1" mode="9"
 points="3.87806 3.04225,
	3.88179 3.0323,
	3.88304 3.02235,
	3.88677 3.0124,
	3.88926 2.9925,
	3.90543 2.9527,
	3.92533 2.9129,
	3.93901 2.893,
	3.94398 2.88305,
	3.9614 2.86315,
	3.97135 2.85569,
	3.99125 2.84698,
	4.0012 2.84076,
	4.0211 2.82211,
	4.03727 2.80221,
	4.05717 2.78604,
	4.06214 2.78355,
	4.10194 2.77982,
	4.12184 2.77982,
	4.13179 2.77982,
	4.21139 2.81837,
	4.23129 2.82957,
	4.24124 2.83454,
	4.25119 2.83579,
	4.27109 2.83206,
	4.29099 2.8333,
	4.31089 2.84325,
	4.32831 2.86315,
	4.33701 2.8731,
	4.35691 2.9129,
	4.36562 2.9328,
	4.37681 2.9527,
	4.38179 2.95768,
	4.39174 2.97758,
	4.39671 2.98753,
	4.40542 2.99623,
	4.41164 3.01613,
	4.41786 3.02608,
	4.42159 3.03106,
	4.42408 3.04101,
	4.42159 3.06091,
	4.42283 3.07086,
	4.42283 3.07335,
	4.44025 3.09325,
	4.44149 3.1032,
	4.43154 3.1231,
	4.42905 3.143,
	4.4303 3.15295,
	4.4303 3.15792,
	4.439 3.17782,
	4.44149 3.1828,
	4.44398 3.2027,
	4.43278 3.2226,
	4.42781 3.23255,
	4.42532 3.23752,
	4.40542 3.25742,
	4.39547 3.26737,
	4.37557 3.28106,
	4.33577 3.29971,
	4.29597 3.31215,
	4.27607 3.31961,
	4.26612 3.32459,
	4.24622 3.32832,
	4.23627 3.33081,
	4.23129 3.33329,
	4.21139 3.33578,
	4.17159 3.34573,
	4.13179 3.34698,
	4.09199 3.34324,
	4.07209 3.33454,
	4.06214 3.33205,
	4.05717 3.32956,
	4.03727 3.32832,
	4.02732 3.32832,
	4.01737 3.32583,
	3.97756 3.32459,
	3.93776 3.31588,
	3.91786 3.30842,
	3.90791 3.30096,
	3.9017 3.29101,
	3.89921 3.25121,
	3.90045 3.2114,
	3.90045 3.1915,
	3.89299 3.1716,
	3.88428 3.1318,
	3.88179 3.1119,
	3.87931 3.10195,
	3.87806 3.06215,
	3.87806 3.0435,
	"/>
</Transform>

<Transform dim="0"
 xcoef=" 0 1 0 0 0 0"
 ycoef=" 0 0 1 0 0 0">
<Contour name="ax09" comment="LK bouton trace named after cfa" hidden="false" closed="true" simplified="true" border="0 1 1" fill="0.502 1 1" mode="9"
 points="4.37741 1.84773,
	4.38068 1.84118,
	4.38232 1.83873,
	4.38887 1.83299,
	4.39542 1.83054,
	4.40852 1.82808,
	4.42162 1.82235,
	4.4339 1.81417,
	4.447 1.80762,
	4.45355 1.80352,
	4.4601 1.80107,
	4.46173 1.79943,
	4.47483 1.79534,
	4.48793 1.7937,
	4.50103 1.79452,
	4.50758 1.79861,
	4.51249 1.80516,
	4.51331 1.83136,
	4.51085 1.84446,
	4.50922 1.85101,
	4.50922 1.85428,
	4.50758 1.85755,
	4.50676 1.8641,
	4.5043 1.87065,
	4.50348 1.8772,
	4.49775 1.8903,
	4.49366 1.89603,
	4.4912 1.89931,
	4.48875 1.90094,
	4.48629 1.90422,
	4.47974 1.90667,
	4.45355 1.90831,
	4.44045 1.90504,
	4.4339 1.90258,
	4.42735 1.89767,
	4.41671 1.88621,
	4.40361 1.88293,
	4.39051 1.8772,
	4.38478 1.87229,
	4.37905 1.86574,
	4.37741 1.85919,
	4.37741 1.85264,
	4.37741 1.84937,
	4.37741 1.84855,
	"/>
</Transform>

<Transform dim="0"
 xcoef=" 0 1 0 0 0 0"
 ycoef=" 0 0 1 0 0 0">
<Contour name="d08" hidden="false" closed="true" simplified="true" border="1 0 0" fill="1 0 0" mode="9"
 points="4.59825 4.07604,
	4.60176 4.06202,
	4.63681 4.00595,
	4.65783 3.98141,
	4.67185 3.9674,
	4.69989 3.95338,
	4.71391 3.95338,
	4.74195 3.96389,
	4.76648 3.98141,
	4.76648 4.09357,
	4.76648 4.14964,
	4.76648 4.16366,
	4.74896 4.1917,
	4.74195 4.19871,
	4.73844 4.21273,
	4.63681 4.32138,
	4.6298 4.32839,
	4.61578 4.32839,
	4.60877 4.32839,
	4.60176 4.32138,
	4.59825 4.09707,
	4.59825 4.08305,
	4.59825 4.07955,
	"/>
<Contour name="d08cfa09Aax25" hidden="false" closed="false" simplified="false" border="0 1 1" fill="0 1 1" mode="9"
 points="4.59709 4.30552,
	4.59041 4.23435,
	4.59041 4.17207,
	4.59041 4.0831,
	"/>
</Transform>

<Transform dim="0"
 xcoef=" 0 1 0 0 0 0"
 ycoef=" 0 0 1 0 0 0">
<Contour name="ax25" comment="LK bouton trace named after cfa" hidden="false" closed="true" simplified="true" border="0 1 1" fill="0.502 1 1" mode="9"
 points="3.61854 4.1091,
	3.62206 4.09504,
	3.62558 4.088,
	3.64492 4.05987,
	3.65547 4.04668,
	3.66865 4.03438,
	3.68272 4.02383,
	3.69679 4.01064,
	3.72492 3.98778,
	3.78118 3.93943,
	3.78822 3.93327,
	3.79877 3.91921,
	3.8269 3.89283,
	3.83042 3.8902,
	3.83217 3.88844,
	3.83569 3.88756,
	3.83921 3.88492,
	3.84624 3.88228,
	3.85327 3.87789,
	3.88141 3.86734,
	3.90954 3.86294,
	4.02207 3.85415,
	4.0291 3.85327,
	4.03613 3.85064,
	4.0924 3.84272,
	4.12053 3.84009,
	4.14866 3.83921,
	4.16273 3.83745,
	4.16976 3.83657,
	4.17152 3.83657,
	4.17504 3.83305,
	4.20317 3.83217,
	4.21724 3.83042,
	4.22427 3.82954,
	4.23834 3.82426,
	4.24537 3.82074,
	4.24713 3.81899,
	4.25416 3.81723,
	4.25592 3.81723,
	4.25768 3.81547,
	4.26471 3.81371,
	4.26823 3.81371,
	4.26999 3.81195,
	4.29812 3.80844,
	4.31218 3.80756,
	4.34032 3.79965,
	4.34735 3.79701,
	4.36142 3.79437,
	4.37548 3.79349,
	4.40362 3.79525,
	4.41768 3.79613,
	4.42471 3.79877,
	4.43878 3.79965,
	4.45285 3.80228,
	4.48098 3.81283,
	4.4845 3.81459,
	4.48625 3.81459,
	4.51439 3.83745,
	4.52845 3.84536,
	4.53461 3.85239,
	4.54252 3.86646,
	4.54867 3.88053,
	4.55746 3.90866,
	4.57065 3.96492,
	4.57329 3.97899,
	4.57505 4.00712,
	4.57505 4.02119,
	4.57856 4.04932,
	4.57944 4.06339,
	4.57856 4.07745,
	4.57681 4.08097,
	4.57593 4.088,
	4.56626 4.11614,
	4.56362 4.12317,
	4.5601 4.1513,
	4.55922 4.16537,
	4.5601 4.17943,
	4.58472 4.2357,
	4.59703 4.26383,
	4.60054 4.29196,
	4.60054 4.30603,
	4.59966 4.31306,
	4.59439 4.32713,
	4.58999 4.33416,
	4.56626 4.3623,
	4.55307 4.37636,
	4.539 4.38779,
	4.51087 4.40449,
	4.4968 4.41416,
	4.48274 4.42208,
	4.46867 4.42735,
	4.46164 4.42911,
	4.45988 4.42911,
	4.45812 4.43087,
	4.42999 4.43702,
	4.41592 4.43966,
	4.41241 4.43966,
	4.40889 4.44142,
	4.35262 4.44757,
	4.32449 4.44845,
	4.29636 4.44757,
	4.28229 4.44757,
	4.25416 4.44406,
	4.25064 4.44406,
	4.24713 4.4423,
	4.19086 4.44054,
	4.16273 4.43966,
	4.1346 4.43439,
	4.07833 4.41856,
	4.06427 4.41416,
	4.06251 4.41241,
	4.04844 4.40889,
	4.04493 4.40625,
	4.03086 4.40098,
	4.02734 4.39834,
	4.02031 4.3957,
	4.01679 4.39307,
	4.00976 4.39043,
	4.00624 4.38779,
	3.99218 4.38252,
	3.98514 4.37812,
	3.95701 4.36933,
	3.92888 4.36317,
	3.90075 4.35526,
	3.88668 4.35087,
	3.87261 4.34911,
	3.84448 4.3412,
	3.83042 4.3412,
	3.81635 4.33856,
	3.80228 4.33768,
	3.77415 4.3324,
	3.76008 4.32977,
	3.74602 4.32449,
	3.73195 4.31658,
	3.72492 4.31218,
	3.71085 4.299,
	3.69679 4.28845,
	3.68272 4.27526,
	3.67657 4.26823,
	3.64316 4.21196,
	3.6414 4.2102,
	3.63876 4.20317,
	3.63085 4.1891,
	3.62909 4.18559,
	3.62909 4.18383,
	3.62733 4.18207,
	3.6203 4.15394,
	3.61854 4.12581,
	3.61854 4.11174,
	3.61854 4.10998,
	"/>
</Transform>

<Transform dim="0"
 xcoef=" 0 1 0 0 0 0"
 ycoef=" 0 0 1 0 0 0">
<Contour name="ax28" comment="LK bouton trace named after cfa" hidden="false" closed="true" simplified="true" border="0 1 1" fill="0.502 1 1" mode="9"
 points="5.69151 2.80105,
	5.69741 2.78533,
	5.70134 2.77747,
	5.70723 2.76961,
	5.71411 2.76372,
	5.71804 2.76077,
	5.72001 2.76077,
	5.72197 2.75881,
	5.73769 2.75881,
	5.74555 2.75881,
	5.75341 2.76077,
	5.75734 2.76077,
	5.77208 2.76863,
	5.77601 2.76961,
	5.78288 2.77649,
	5.7878 2.78435,
	5.78976 2.78828,
	5.79074 2.79025,
	5.78976 2.79123,
	5.79467 2.80597,
	5.79467 2.80793,
	5.79762 2.81186,
	5.81138 2.81874,
	5.81825 2.82267,
	5.83397 2.82562,
	5.84183 2.82856,
	5.84576 2.83053,
	5.84969 2.83053,
	5.85755 2.83446,
	5.86148 2.83544,
	5.86345 2.83544,
	5.86738 2.83839,
	5.86934 2.83741,
	5.87425 2.84527,
	5.87524 2.85313,
	5.87818 2.85509,
	5.87622 2.85902,
	5.87229 2.86295,
	5.87229 2.86492,
	5.86443 2.86884,
	5.85657 2.86983,
	5.85264 2.87179,
	5.83692 2.87179,
	5.82906 2.87474,
	5.82513 2.87474,
	5.82317 2.8767,
	5.81924 2.8767,
	5.81531 2.87867,
	5.81138 2.87867,
	5.80745 2.88063,
	5.79959 2.88162,
	5.79762 2.88162,
	5.79664 2.88358,
	5.78878 2.88555,
	5.78485 2.88751,
	5.76913 2.88751,
	5.76127 2.88751,
	5.75341 2.88555,
	5.74948 2.88555,
	5.74751 2.88555,
	5.74653 2.88358,
	5.73867 2.88358,
	5.73081 2.88063,
	5.72295 2.87965,
	5.72099 2.87769,
	5.71313 2.87572,
	5.70527 2.87081,
	5.69937 2.86492,
	5.69741 2.86295,
	5.69741 2.86099,
	5.69544 2.86,
	5.69348 2.85214,
	5.69348 2.84821,
	5.69151 2.84428,
	5.69151 2.81284,
	5.69151 2.80498,
	5.69151 2.80204,
	"/>
</Transform>

<Transform dim="0"
 xcoef=" 0 1 0 0 0 0"
 ycoef=" 0 0 1 0 0 0">
<Contour name="d03c03ax06" hidden="false" closed="true" simplified="true" border="0 1 0" fill="0 1 0" mode="9"
 points="3.76316 3.13039,
	3.86018 2.91059,
	3.8722 2.88312,
	3.87821 2.86938,
	3.88165 2.86337,
	3.9366 2.89514,
	3.96407 2.91059,
	3.96493 2.91746,
	3.95635 3.13726,
	3.96837 3.24716,
	3.97094 3.27463,
	3.9718 3.27807,
	3.9718 3.27978,
	3.8619 3.35448,
	3.85503 3.35963,
	3.8516 3.36135,
	3.85074 3.36221,
	3.76746 3.14241,
	3.76488 3.13554,
	3.76316 3.13211,
	3.76316 3.13125,
	"/>
</Transform>

<Transform dim="6"
 xcoef=" 0.394494026921088 1.00505507977344 0.0206341962476835 0 0 0"
 ycoef=" -0.438739716304778 0.0289695043956561 1.01056124509118 0 0 0">
<Image mag="0.00217507" contrast="0.917" brightness="0.12" red="true" green="true" blue="true"
 src="FHLTD.75.jpg" />
<Contour name="domain1" hidden="false" closed="true" simplified="false" border="1 0 1" fill="1 0 1" mode="11"
 points="0 0,
	4096 0,
	4096 4096,
	0 4096,
	"/>
</Transform>

<Transform dim="0"
 xcoef=" 0 1 0 0 0 0"
 ycoef=" 0 0 1 0 0 0">
<Contour name="d08c09Aax25" hidden="false" closed="true" simplified="true" border="0 1 0" fill="0 1 0" mode="9"
 points="4.52952 4.17883,
	4.54257 4.12494,
	4.54889 4.098,
	4.55226 4.08453,
	4.55268 4.08284,
	4.5531 4.082,
	4.60699 4.08284,
	4.61036 4.08284,
	4.6112 4.08284,
	4.61204 4.08958,
	4.6192 4.30513,
	4.6192 4.30597,
	4.61583 4.30639,
	4.58888 4.30513,
	4.57541 4.30471,
	4.56868 4.30429,
	4.56531 4.30387,
	4.53416 4.19609,
	4.53037 4.18262,
	4.52952 4.17925,
	"/>
</Transform>

<Transform dim="0"
 xcoef=" 0 1 0 0 0 0"
 ycoef=" 0 0 1 0 0 0">
<Contour name="ddh_d06ax07" comment="traced by ddh 12/20/18" hidden="false" closed="true" simplified="true" border="0.5 0 1" fill="0.5 0 1" mode="11"
 points="1.81233 8.51499,
	1.81381 8.50709,
	1.81727 8.49919,
	1.8227 8.49129,
	1.82912 8.48339,
	1.83455 8.47549,
	1.8385 8.47154,
	1.83949 8.46956,
	1.84048 8.46907,
	1.84097 8.46709,
	1.84394 8.46314,
	1.84542 8.46117,
	1.8464 8.46067,
	1.8464 8.45969,
	1.84838 8.4582,
	1.85233 8.45722,
	1.86023 8.45722,
	1.86418 8.45722,
	1.86813 8.45919,
	1.87603 8.4587,
	1.87998 8.45969,
	1.89579 8.46067,
	1.92739 8.46018,
	1.93529 8.46215,
	1.93924 8.46265,
	1.94122 8.46314,
	1.94221 8.46314,
	1.94418 8.46462,
	1.94616 8.46512,
	1.95011 8.46759,
	1.95208 8.46808,
	1.95998 8.47252,
	1.96393 8.47549,
	1.97184 8.47993,
	1.97974 8.48635,
	1.98616 8.49425,
	1.98714 8.49623,
	1.98912 8.4982,
	1.9911 8.50215,
	1.99455 8.5061,
	1.99702 8.51006,
	1.99998 8.51796,
	2.00097 8.51894,
	2.00097 8.53475,
	2.00048 8.53672,
	1.999 8.5387,
	1.99801 8.54265,
	1.99554 8.5466,
	1.99455 8.54857,
	1.99455 8.54956,
	1.99307 8.55154,
	1.99208 8.55549,
	1.99011 8.55944,
	1.98418 8.56734,
	1.98319 8.56931,
	1.97529 8.57623,
	1.96739 8.58067,
	1.95949 8.58117,
	1.95554 8.58067,
	1.95159 8.5782,
	1.94961 8.57722,
	1.94171 8.5703,
	1.93776 8.56635,
	1.93381 8.56339,
	1.92591 8.55993,
	1.91801 8.55894,
	1.91011 8.55993,
	1.90813 8.55993,
	1.90418 8.56191,
	1.88838 8.56635,
	1.88048 8.56783,
	1.87653 8.56734,
	1.87455 8.56734,
	1.86665 8.56487,
	1.85875 8.56043,
	1.8548 8.55796,
	1.85282 8.55647,
	1.83702 8.55203,
	1.83505 8.55055,
	1.8311 8.54956,
	1.82369 8.54314,
	1.8148 8.52734,
	1.81332 8.52339,
	1.81233 8.52141,
	1.81233 8.51746,
	1.81233 8.51549,
	"/>
</Transform>

<Transform dim="0"
 xcoef=" 0 1 0 0 0 0"
 ycoef=" 0 0 1 0 0 0">
<Contour name="ddh_d06ax08" comment="traced by ddh" hidden="false" closed="true" simplified="true" border="1 0 0.5" fill="1 0 0.5" mode="11"
 points="0.699642 8.27605,
	0.706835 8.26559,
	0.717297 8.25578,
	0.727759 8.2499,
	0.748683 8.24532,
	0.759145 8.24466,
	0.76176 8.24466,
	0.766991 8.24663,
	0.768953 8.24728,
	0.779415 8.24663,
	0.789877 8.24859,
	0.792492 8.24924,
	0.802954 8.24793,
	0.813416 8.24924,
	0.823878 8.24663,
	0.829109 8.24597,
	0.839571 8.24728,
	0.850033 8.2512,
	0.860495 8.25643,
	0.870957 8.26428,
	0.873572 8.26559,
	0.894496 8.26951,
	0.904958 8.27147,
	0.91542 8.2754,
	0.925882 8.28063,
	0.936344 8.28455,
	0.957268 8.28913,
	0.962499 8.29109,
	0.965114 8.29174,
	0.970345 8.29632,
	0.978192 8.30678,
	0.979499 8.3094,
	0.980807 8.31986,
	0.980153 8.32509,
	0.97623 8.33555,
	0.972307 8.34078,
	0.970999 8.3434,
	0.966422 8.34863,
	0.963806 8.35125,
	0.958576 8.35255,
	0.957268 8.35386,
	0.952037 8.35452,
	0.946806 8.35648,
	0.936344 8.35778,
	0.931113 8.35909,
	0.925882 8.35909,
	0.91542 8.36105,
	0.894496 8.36171,
	0.884034 8.36367,
	0.881419 8.36563,
	0.876188 8.36628,
	0.87488 8.36628,
	0.873572 8.36759,
	0.868341 8.36825,
	0.865726 8.36825,
	0.864418 8.36955,
	0.843494 8.37413,
	0.840879 8.37413,
	0.830417 8.37805,
	0.809493 8.37871,
	0.804262 8.37805,
	0.7938 8.37413,
	0.783338 8.37152,
	0.780722 8.37021,
	0.778107 8.37021,
	0.757183 8.35713,
	0.751952 8.35255,
	0.74476 8.34209,
	0.740182 8.33163,
	0.736913 8.3264,
	0.736913 8.32509,
	0.715989 8.30678,
	0.710758 8.30351,
	0.705527 8.29828,
	0.702258 8.29305,
	0.70095 8.29174,
	0.699642 8.28651,
	0.699642 8.2767,
	"/>
</Transform>

<Transform dim="0"
 xcoef=" 0 1 0 0 0 0"
 ycoef=" 0 0 1 0 0 0">
<Contour name="ddh_d06ax10" comment="traced by ddh" hidden="false" closed="true" simplified="true" border="1 1 0" fill="1 1 0" mode="11"
 points="3.80553 7.74654,
	3.80726 7.74193,
	3.80784 7.73962,
	3.80957 7.73732,
	3.81072 7.73617,
	3.81072 7.73501,
	3.81187 7.73386,
	3.81187 7.73271,
	3.8136 7.7304,
	3.81476 7.72579,
	3.81649 7.72348,
	3.81706 7.72118,
	3.81879 7.71887,
	3.81937 7.71656,
	3.82052 7.71599,
	3.82456 7.70676,
	3.82456 7.70446,
	3.83032 7.69581,
	3.83378 7.6912,
	3.83839 7.68716,
	3.84704 7.68197,
	3.84935 7.6814,
	3.8505 7.68024,
	3.85511 7.67851,
	3.86434 7.67679,
	3.86895 7.67679,
	3.87817 7.67851,
	3.88278 7.67851,
	3.8874 7.67967,
	3.89662 7.67909,
	3.90123 7.67794,
	3.90584 7.67563,
	3.91449 7.66929,
	3.92372 7.66526,
	3.92833 7.6641,
	3.93755 7.66353,
	3.956 7.66064,
	3.96522 7.65891,
	3.98367 7.65373,
	3.98828 7.65257,
	3.99059 7.65257,
	3.99174 7.65142,
	3.99636 7.65084,
	3.99866 7.64969,
	4.00097 7.64969,
	4.01019 7.64681,
	4.02864 7.64335,
	4.03786 7.64219,
	4.05631 7.64277,
	4.06554 7.64392,
	4.07476 7.64738,
	4.08399 7.65257,
	4.0886 7.65488,
	4.09033 7.65661,
	4.09148 7.65661,
	4.09552 7.66007,
	4.09782 7.66064,
	4.10243 7.6641,
	4.10359 7.6641,
	4.1082 7.66814,
	4.11166 7.6716,
	4.11627 7.67563,
	4.12261 7.68486,
	4.1278 7.69408,
	4.12838 7.69869,
	4.1278 7.70792,
	4.12665 7.71253,
	4.12376 7.71714,
	4.11915 7.72175,
	4.10993 7.72752,
	4.10532 7.73098,
	4.10301 7.73155,
	4.09379 7.73674,
	4.08917 7.73962,
	4.08687 7.7402,
	4.08456 7.74193,
	4.08341 7.74308,
	4.08226 7.74308,
	4.07764 7.74712,
	4.07015 7.75346,
	4.06265 7.76153,
	4.04536 7.77422,
	4.03614 7.77883,
	4.0321 7.78056,
	4.01365 7.78113,
	4.00904 7.78113,
	4.00443 7.77998,
	3.98598 7.77883,
	3.97675 7.77883,
	3.97214 7.77883,
	3.96292 7.78171,
	3.95831 7.78286,
	3.94908 7.7869,
	3.94678 7.78805,
	3.94447 7.78805,
	3.93525 7.79093,
	3.93409 7.79209,
	3.91564 7.79266,
	3.8972 7.78978,
	3.88797 7.78575,
	3.88336 7.78402,
	3.88105 7.78344,
	3.8799 7.78229,
	3.87068 7.7794,
	3.83378 7.77249,
	3.82456 7.77133,
	3.81994 7.77018,
	3.81764 7.7696,
	3.81303 7.76614,
	3.80957 7.76269,
	3.80726 7.75865,
	3.80553 7.74943,
	3.80553 7.74712,
	"/>
<Contour name="ddh_d06ax10" comment="traced by ddh" hidden="false" closed="true" simplified="true" border="1 1 0" fill="1 1 0" mode="11"
 points="4.00923 7.41138,
	4.0114 7.39983,
	4.0114 7.39405,
	4.01645 7.37095,
	4.01934 7.3594,
	4.0215 7.35652,
	4.02656 7.34569,
	4.02945 7.33991,
	4.03378 7.33486,
	4.04533 7.32692,
	4.0511 7.32548,
	4.06265 7.32548,
	4.0742 7.32836,
	4.08575 7.33486,
	4.10741 7.35219,
	4.11029 7.35435,
	4.11174 7.35579,
	4.11318 7.35579,
	4.1139 7.35724,
	4.11679 7.35796,
	4.11968 7.36085,
	4.13123 7.36301,
	4.13267 7.36301,
	4.13412 7.36446,
	4.137 7.36518,
	4.14278 7.36879,
	4.14422 7.37023,
	4.14567 7.37023,
	4.15144 7.37529,
	4.15577 7.38034,
	4.15722 7.38323,
	4.15866 7.38395,
	4.15866 7.38539,
	4.1666 7.3955,
	4.16949 7.40127,
	4.17165 7.40416,
	4.1731 7.40993,
	4.1731 7.41571,
	4.17021 7.42726,
	4.16299 7.43809,
	4.16299 7.43953,
	4.15361 7.44964,
	4.14783 7.45469,
	4.14494 7.45613,
	4.14206 7.45902,
	4.14061 7.45902,
	4.13845 7.46119,
	4.137 7.46119,
	4.11463 7.47418,
	4.09153 7.48429,
	4.06843 7.48501,
	4.06554 7.48429,
	4.06409 7.48429,
	4.06265 7.48284,
	4.05976 7.48212,
	4.04894 7.47274,
	4.04605 7.46985,
	4.03522 7.46191,
	4.02584 7.45252,
	4.0114 7.43159,
	4.00923 7.42004,
	4.00923 7.41427,
	4.00923 7.4121,
	"/>
<Contour name="ddh_d06ax10" comment="traced by ddh" hidden="false" closed="true" simplified="true" border="1 1 0" fill="1 1 0" mode="11"
 points="4.0345 7.16883,
	4.03739 7.15728,
	4.05471 7.1349,
	4.06554 7.12335,
	4.07131 7.11902,
	4.0742 7.11686,
	4.07709 7.11614,
	4.07853 7.11469,
	4.08431 7.11325,
	4.10741 7.1118,
	4.11896 7.11253,
	4.12473 7.11325,
	4.12618 7.11469,
	4.13195 7.11686,
	4.13772 7.12119,
	4.13989 7.12408,
	4.14206 7.12985,
	4.1435 7.13274,
	4.1435 7.13563,
	4.14711 7.14718,
	4.14927 7.15873,
	4.15072 7.1645,
	4.14855 7.17605,
	4.13989 7.1876,
	4.13556 7.19193,
	4.12473 7.19843,
	4.11896 7.20059,
	4.10741 7.20204,
	4.08431 7.20132,
	4.08142 7.19987,
	4.06987 7.19771,
	4.05832 7.1941,
	4.05254 7.19193,
	4.04966 7.19121,
	4.04821 7.18977,
	4.04677 7.18977,
	4.04172 7.18543,
	4.03811 7.17966,
	4.03594 7.17677,
	4.0345 7.171,
	4.0345 7.16955,
	"/>
</Transform>

<Transform dim="0"
 xcoef=" 0 1 0 0 0 0"
 ycoef=" 0 0 1 0 0 0">
<Contour name="ddh_d07ax14a" comment="traced by ddh" hidden="false" closed="true" simplified="true" border="1 0 1" fill="1 0 1" mode="11"
 points="1.39561 8.15999,
	1.39984 8.14068,
	1.40588 8.12136,
	1.40829 8.1117,
	1.4095 8.10687,
	1.41493 8.09721,
	1.41795 8.09238,
	1.42157 8.08273,
	1.42278 8.08031,
	1.42278 8.0791,
	1.43787 8.05979,
	1.44149 8.05496,
	1.44511 8.0453,
	1.44753 8.04047,
	1.45477 8.03081,
	1.45779 8.02598,
	1.46382 8.00667,
	1.46926 7.99701,
	1.47228 7.99218,
	1.47529 7.98252,
	1.4759 7.97769,
	1.47409 7.96803,
	1.47046 7.95838,
	1.46865 7.95596,
	1.46745 7.95113,
	1.45779 7.93182,
	1.45236 7.92216,
	1.44572 7.9125,
	1.44209 7.90767,
	1.43968 7.90284,
	1.43787 7.89318,
	1.43847 7.88835,
	1.44028 7.88353,
	1.44572 7.87387,
	1.44692 7.87145,
	1.45115 7.86662,
	1.45718 7.85696,
	1.46141 7.85214,
	1.46443 7.84731,
	1.48133 7.82799,
	1.48616 7.82316,
	1.48857 7.82075,
	1.49823 7.81471,
	1.50789 7.81109,
	1.51272 7.80928,
	1.52238 7.80867,
	1.52479 7.80807,
	1.52721 7.80867,
	1.54652 7.80626,
	1.55618 7.80747,
	1.56584 7.81109,
	1.58516 7.82135,
	1.58999 7.82497,
	1.5924 7.82678,
	1.61172 7.82859,
	1.62137 7.8292,
	1.6262 7.8292,
	1.70347 7.81592,
	1.72279 7.8129,
	1.7421 7.81411,
	1.75176 7.81471,
	1.76142 7.81652,
	1.77108 7.81652,
	1.78073 7.81833,
	1.79039 7.82135,
	1.80005 7.82558,
	1.80488 7.82678,
	1.80971 7.8292,
	1.81394 7.83342,
	1.81695 7.83825,
	1.81937 7.84791,
	1.81997 7.85757,
	1.81997 7.85998,
	1.81635 7.86964,
	1.80488 7.88896,
	1.80307 7.89137,
	1.80066 7.89258,
	1.79884 7.89499,
	1.79402 7.89801,
	1.7916 7.89922,
	1.78134 7.91854,
	1.77892 7.92337,
	1.76987 7.93121,
	1.76021 7.93604,
	1.75538 7.93785,
	1.74633 7.9463,
	1.74512 7.94751,
	1.74452 7.94993,
	1.74029 7.95475,
	1.73063 7.962,
	1.72701 7.96683,
	1.72279 7.97649,
	1.72037 7.98131,
	1.71977 7.99097,
	1.71977 7.9958,
	1.71977 7.99822,
	1.72279 8.00787,
	1.73244 8.02719,
	1.73546 8.03202,
	1.74029 8.03685,
	1.74271 8.03926,
	1.74391 8.04168,
	1.76323 8.05556,
	1.77289 8.0622,
	1.79039 8.08091,
	1.80609 8.10023,
	1.81031 8.10506,
	1.81997 8.1117,
	1.82239 8.11291,
	1.8242 8.11532,
	1.83386 8.12136,
	1.83868 8.12619,
	1.8417 8.13102,
	1.84351 8.13585,
	1.84412 8.1455,
	1.84231 8.16482,
	1.84291 8.18414,
	1.84412 8.1938,
	1.84351 8.20345,
	1.84231 8.20828,
	1.83808 8.21794,
	1.83386 8.22277,
	1.83144 8.22518,
	1.82178 8.23062,
	1.81212 8.23424,
	1.79281 8.23726,
	1.78315 8.23907,
	1.74452 8.24028,
	1.73486 8.24028,
	1.73003 8.23846,
	1.7252 8.23786,
	1.68657 8.22156,
	1.67691 8.21794,
	1.67208 8.21553,
	1.65276 8.2113,
	1.64311 8.2107,
	1.63828 8.21009,
	1.59964 8.2119,
	1.56101 8.21553,
	1.54169 8.21794,
	1.53686 8.21854,
	1.53445 8.21975,
	1.52479 8.22096,
	1.51513 8.22398,
	1.51272 8.22518,
	1.47409 8.22398,
	1.46443 8.22156,
	1.44511 8.21311,
	1.44028 8.2113,
	1.43787 8.20889,
	1.43304 8.20587,
	1.43062 8.20345,
	1.41131 8.19138,
	1.40889 8.19017,
	1.40105 8.18052,
	1.39622 8.17086,
	1.39561 8.1612,
	1.39561 8.1606,
	"/>
</Transform>

<Transform dim="0"
 xcoef=" 0 1 0 0 0 0"
 ycoef=" 0 0 1 0 0 0">
<Contour name="ddh_d07ax12" comment="traced by ddh" hidden="false" closed="true" simplified="true" border="1 0 0" fill="1 0 0" mode="11"
 points="3.74975 8.09962,
	3.76275 8.05069,
	3.77269 8.02623,
	3.77651 8.02011,
	3.77727 8.01706,
	3.78798 8.00482,
	3.80021 7.99412,
	3.8025 7.99183,
	3.80556 7.99106,
	3.80862 7.98877,
	3.81168 7.98265,
	3.82314 7.97042,
	3.82926 7.96584,
	3.83537 7.96431,
	3.83843 7.96354,
	3.84455 7.96507,
	3.85678 7.96431,
	3.8629 7.96354,
	3.86595 7.96201,
	3.87742 7.94978,
	3.88583 7.92532,
	3.88736 7.9192,
	3.89577 7.90697,
	3.908 7.8955,
	3.91412 7.89015,
	3.92635 7.88251,
	3.93246 7.87792,
	3.94393 7.86569,
	3.95616 7.85499,
	3.98062 7.84352,
	3.99286 7.84123,
	4.01732 7.84276,
	4.02344 7.84352,
	4.03567 7.84734,
	4.0479 7.84887,
	4.09682 7.84505,
	4.12129 7.84123,
	4.1274 7.84046,
	4.13964 7.84123,
	4.15187 7.84046,
	4.1641 7.84428,
	4.17633 7.84581,
	4.20079 7.84352,
	4.22526 7.83893,
	4.23137 7.83817,
	4.23749 7.83893,
	4.24972 7.84428,
	4.26195 7.85269,
	4.27418 7.85957,
	4.2803 7.8611,
	4.30476 7.87333,
	4.31699 7.87869,
	4.34146 7.89245,
	4.35369 7.89627,
	4.37815 7.90774,
	4.38121 7.90926,
	4.39191 7.9215,
	4.39421 7.93373,
	4.39344 7.94596,
	4.38962 7.95819,
	4.3835 7.97042,
	4.37892 7.97654,
	4.37739 7.9796,
	4.37127 7.98571,
	4.36516 7.98953,
	4.35292 8.001,
	4.34299 8.01323,
	4.32923 8.0377,
	4.31929 8.06216,
	4.31699 8.06828,
	4.31623 8.07439,
	4.30476 8.09885,
	4.29177 8.12332,
	4.28489 8.13555,
	4.28106 8.14167,
	4.27801 8.14472,
	4.25354 8.19365,
	4.24055 8.21811,
	4.22984 8.24258,
	4.22679 8.24869,
	4.2222 8.25481,
	4.21608 8.26704,
	4.21226 8.27316,
	4.20997 8.27927,
	4.20767 8.2915,
	4.20691 8.29456,
	4.20232 8.30068,
	4.19697 8.31291,
	4.19315 8.31902,
	4.19162 8.32208,
	4.19162 8.3282,
	4.19697 8.34043,
	4.20232 8.34655,
	4.20385 8.35266,
	4.20309 8.35572,
	4.1985 8.36183,
	4.19238 8.36719,
	4.18015 8.37101,
	4.16792 8.3733,
	4.16181 8.37483,
	4.14957 8.38171,
	4.14346 8.384,
	4.13734 8.384,
	4.12511 8.38706,
	4.10065 8.4077,
	4.09453 8.41305,
	4.08842 8.41688,
	4.07618 8.42146,
	4.05172 8.42529,
	4.05019 8.42452,
	4.04713 8.42529,
	4.0349 8.42223,
	4.02879 8.4207,
	4.02573 8.41917,
	4.00127 8.41688,
	3.9768 8.41917,
	3.96457 8.41993,
	3.95234 8.41917,
	3.94011 8.41382,
	3.92788 8.41,
	3.92176 8.40923,
	3.8973 8.41305,
	3.88507 8.41535,
	3.87283 8.41611,
	3.8606 8.41076,
	3.85449 8.40541,
	3.85219 8.40235,
	3.85066 8.39624,
	3.85066 8.37177,
	3.84913 8.35954,
	3.84684 8.35343,
	3.84455 8.35037,
	3.84225 8.34425,
	3.83232 8.33202,
	3.80785 8.31444,
	3.80174 8.30832,
	3.79639 8.29609,
	3.79562 8.28997,
	3.79791 8.27774,
	3.79791 8.27163,
	3.79868 8.26857,
	3.79715 8.26245,
	3.79868 8.25022,
	3.79868 8.23799,
	3.79868 8.23187,
	3.79715 8.22576,
	3.79715 8.21964,
	3.79562 8.21658,
	3.79562 8.21353,
	3.77039 8.1646,
	3.75816 8.14014,
	3.7551 8.12791,
	3.75205 8.12179,
	3.74975 8.10956,
	3.74975 8.10344,
	3.74975 8.10038,
	"/>
</Transform>

<Transform dim="0"
 xcoef=" 0 1 0 0 0 0"
 ycoef=" 0 0 1 0 0 0">
<Contour name="ddh_d08ax12" comment="traced by ddh" hidden="false" closed="true" simplified="true" border="0 1 1" fill="0 1 1" mode="11"
 points="4.42728 3.12481,
	4.42916 3.1188,
	4.42991 3.1158,
	4.43066 3.1143,
	4.43066 3.11355,
	4.43404 3.10754,
	4.43666 3.10154,
	4.43816 3.09853,
	4.43816 3.09778,
	4.43892 3.09703,
	4.43967 3.09403,
	4.44229 3.08802,
	4.44229 3.08727,
	4.44304 3.08652,
	4.44304 3.08502,
	4.44304 3.08427,
	4.4438 3.08352,
	4.4438 3.08202,
	4.44455 3.08052,
	4.44455 3.07977,
	4.4453 3.07901,
	4.44717 3.07301,
	4.44792 3.07151,
	4.44792 3.07076,
	4.45168 3.06513,
	4.45243 3.06362,
	4.45318 3.06325,
	4.45318 3.0625,
	4.45393 3.06175,
	4.45393 3.061,
	4.45806 3.05537,
	4.46069 3.05274,
	4.46181 3.05161,
	4.46256 3.05161,
	4.46481 3.04936,
	4.47082 3.04636,
	4.47345 3.04448,
	4.4742 3.04448,
	4.47457 3.04373,
	4.4802 3.0411,
	4.48095 3.04035,
	4.48396 3.03923,
	4.48696 3.03735,
	4.48771 3.03735,
	4.48921 3.03622,
	4.48959 3.03547,
	4.49034 3.03547,
	4.49071 3.03472,
	4.49146 3.03472,
	4.49447 3.03285,
	4.49634 3.03172,
	4.49935 3.03022,
	4.50235 3.02797,
	4.50385 3.02684,
	4.50573 3.02421,
	4.50873 3.02159,
	4.51286 3.01746,
	4.51549 3.01483,
	4.52074 3.01145,
	4.52337 3.00957,
	4.52487 3.00845,
	4.52562 3.00845,
	4.52862 3.00657,
	4.53163 3.00582,
	4.53763 3.00582,
	4.54364 3.00657,
	4.54514 3.00732,
	4.54814 3.00732,
	4.54889 3.00807,
	4.54964 3.00807,
	4.5504 3.00882,
	4.5534 3.00995,
	4.55565 3.01183,
	4.55865 3.01445,
	4.56015 3.01558,
	4.56353 3.02159,
	4.56428 3.02309,
	4.56578 3.02421,
	4.56578 3.02496,
	4.56691 3.02684,
	4.56729 3.02834,
	4.56804 3.02909,
	4.56954 3.0351,
	4.56991 3.0411,
	4.57066 3.04411,
	4.57066 3.05612,
	4.57179 3.06212,
	4.57254 3.06513,
	4.57292 3.06663,
	4.57667 3.07263,
	4.57892 3.07526,
	4.57892 3.07601,
	4.5838 3.08089,
	4.5868 3.08352,
	4.58793 3.08502,
	4.58906 3.08577,
	4.59056 3.08727,
	4.59206 3.0899,
	4.59281 3.0914,
	4.59281 3.09215,
	4.59356 3.0929,
	4.59544 3.09891,
	4.59619 3.10191,
	4.59694 3.11392,
	4.59694 3.11993,
	4.59694 3.12293,
	4.59619 3.12593,
	4.59619 3.12894,
	4.59469 3.13494,
	4.59356 3.13794,
	4.59281 3.1387,
	4.59281 3.13945,
	4.59206 3.1402,
	4.59206 3.14095,
	4.59131 3.1417,
	4.59131 3.14245,
	4.58718 3.14733,
	4.58155 3.15146,
	4.58005 3.15258,
	4.57705 3.15371,
	4.57667 3.15446,
	4.57592 3.15446,
	4.57442 3.15559,
	4.57141 3.15671,
	4.56541 3.15746,
	4.54139 3.15784,
	4.52938 3.15784,
	4.52637 3.15784,
	4.51436 3.15559,
	4.51136 3.15559,
	4.50986 3.15559,
	4.50836 3.15484,
	4.50685 3.15484,
	4.50385 3.15371,
	4.49184 3.15258,
	4.46782 3.15258,
	4.45581 3.15296,
	4.4438 3.15183,
	4.44229 3.15033,
	4.43666 3.1462,
	4.43441 3.14357,
	4.43366 3.14245,
	4.43216 3.14095,
	4.43141 3.13945,
	4.42991 3.13794,
	4.42841 3.13494,
	4.42803 3.13344,
	4.42728 3.13269,
	4.42728 3.12668,
	4.42728 3.12518,
	"/>
</Transform>

<Transform dim="0"
 xcoef=" 0 1 0 0 0 0"
 ycoef=" 0 0 1 0 0 0">
<Contour name="d08c11" hidden="true" closed="true" simplified="true" border="1 0 0" fill="0 1 0" mode="9"
 points="4.9111 2.98269,
	4.92667 2.96935,
	4.94447 2.96268,
	4.98005 2.96045,
	4.99785 2.96045,
	5.01342 2.97157,
	5.02009 2.98047,
	5.09126 3.00049,
	5.10016 3.00271,
	5.10461 3.00271,
	5.11573 3.02051,
	5.11351 3.05609,
	5.09794 3.06944,
	5.02676 3.06944,
	4.99117 3.06944,
	4.97338 3.06721,
	4.95559 3.06054,
	4.93779 3.0472,
	4.93112 3.0383,
	4.9289 3.0294,
	4.92 3.02273,
	4.91555 3.01383,
	4.9111 3.00938,
	4.9111 2.99159,
	4.9111 2.98492,
	"/>
</Transform>

<Transform dim="0"
 xcoef=" 0 1 0 0 0 0"
 ycoef=" 0 0 1 0 0 0">
<Contour name="ddh_d08ax11" comment="traced by ddh" hidden="false" closed="true" simplified="true" border="1 0 1" fill="1 0 1" mode="11"
 points="4.74825 2.81545,
	4.75021 2.80498,
	4.75152 2.79975,
	4.75217 2.79713,
	4.75217 2.79582,
	4.75348 2.79451,
	4.75414 2.79189,
	4.75545 2.79059,
	4.7561 2.78797,
	4.76984 2.76703,
	4.77377 2.7618,
	4.77573 2.75918,
	4.77638 2.75656,
	4.77966 2.75133,
	4.78424 2.74086,
	4.78489 2.73824,
	4.78816 2.73301,
	4.78947 2.73039,
	4.79078 2.72908,
	4.79209 2.72385,
	4.79536 2.71927,
	4.79536 2.71796,
	4.80321 2.70814,
	4.80583 2.70291,
	4.80975 2.69768,
	4.81237 2.69571,
	4.81368 2.6931,
	4.81891 2.68786,
	4.82153 2.68655,
	4.82284 2.68394,
	4.84312 2.66627,
	4.85359 2.65973,
	4.86406 2.65449,
	4.86929 2.65253,
	4.87191 2.65122,
	4.89285 2.65057,
	4.91379 2.65122,
	4.91902 2.65122,
	4.92164 2.65057,
	4.92229 2.64926,
	4.92491 2.64926,
	4.92622 2.64926,
	4.92884 2.64729,
	4.9393 2.64337,
	4.94977 2.63813,
	4.96024 2.63159,
	4.97071 2.62701,
	4.97595 2.62309,
	4.97856 2.62112,
	4.98903 2.6172,
	4.9995 2.61523,
	5.00473 2.61327,
	5.02567 2.61065,
	5.03614 2.60738,
	5.05708 2.60542,
	5.07802 2.60542,
	5.08848 2.60542,
	5.09372 2.60542,
	5.10419 2.61,
	5.10942 2.61065,
	5.11204 2.61131,
	5.11466 2.61327,
	5.11727 2.61327,
	5.12251 2.61523,
	5.13298 2.61523,
	5.14345 2.61327,
	5.14606 2.61196,
	5.14737 2.61065,
	5.14999 2.61,
	5.16046 2.60215,
	5.16569 2.59953,
	5.17616 2.59233,
	5.17878 2.59102,
	5.1814 2.59102,
	5.18598 2.58775,
	5.20691 2.58317,
	5.21215 2.58252,
	5.22262 2.58775,
	5.23308 2.58841,
	5.24355 2.58775,
	5.24879 2.5871,
	5.25926 2.58383,
	5.26187 2.58252,
	5.28281 2.58186,
	5.29328 2.58186,
	5.2959 2.58317,
	5.29851 2.58317,
	5.30375 2.58841,
	5.30506 2.58972,
	5.30637 2.58972,
	5.30898 2.59168,
	5.30964 2.5943,
	5.30964 2.5956,
	5.31945 2.60542,
	5.32207 2.61065,
	5.326 2.61589,
	5.32796 2.62112,
	5.34039 2.64206,
	5.34366 2.64729,
	5.34497 2.64991,
	5.36591 2.66561,
	5.37114 2.66954,
	5.37638 2.6715,
	5.37834 2.67347,
	5.38357 2.67543,
	5.38881 2.6787,
	5.39862 2.68852,
	5.40189 2.69375,
	5.40189 2.69506,
	5.4032 2.69637,
	5.40386 2.69898,
	5.40582 2.7016,
	5.40909 2.71207,
	5.41105 2.7173,
	5.41302 2.72777,
	5.41236 2.73824,
	5.40909 2.75918,
	5.40909 2.78012,
	5.41105 2.78535,
	5.41105 2.79582,
	5.41105 2.80105,
	5.40778 2.81152,
	5.40582 2.81349,
	5.40255 2.82396,
	5.40255 2.84489,
	5.40778 2.86583,
	5.40975 2.8763,
	5.4104 2.88677,
	5.40778 2.90771,
	5.40778 2.92864,
	5.40778 2.93911,
	5.40713 2.94435,
	5.40255 2.95482,
	5.39797 2.9594,
	5.3875 2.96398,
	5.38227 2.96594,
	5.3718 2.96594,
	5.35086 2.97052,
	5.34039 2.9751,
	5.32992 2.9823,
	5.32469 2.98622,
	5.32207 2.98753,
	5.30113 3.0065,
	5.2959 3.00978,
	5.28543 3.0137,
	5.28019 3.01436,
	5.25926 3.01174,
	5.25402 3.01174,
	5.24355 3.0137,
	5.23832 3.01436,
	5.21738 3.02352,
	5.20691 3.02875,
	5.2043 3.02941,
	5.20168 3.03137,
	5.19644 3.03333,
	5.19383 3.03399,
	5.19252 3.03529,
	5.18728 3.03595,
	5.18205 3.03791,
	5.17158 3.03857,
	5.16635 3.03857,
	5.15588 3.03529,
	5.14541 3.03595,
	5.12447 3.03922,
	5.114 3.03987,
	5.10877 3.03987,
	5.10353 3.03857,
	5.10092 3.03857,
	5.0983 3.03726,
	5.08783 3.0366,
	5.06689 3.03268,
	5.06428 3.03137,
	5.05904 3.03071,
	5.04857 3.02744,
	5.0381 3.02613,
	5.02763 3.02286,
	4.98576 3.01632,
	4.97529 3.01436,
	4.97267 3.01436,
	4.97006 3.01305,
	4.96744 3.01305,
	4.96482 3.01174,
	4.95959 3.01108,
	4.95435 3.00912,
	4.94388 3.00716,
	4.93865 3.0052,
	4.92818 3.00323,
	4.91771 2.99996,
	4.91248 2.998,
	4.90986 2.99604,
	4.90463 2.99473,
	4.90332 2.99342,
	4.9007 2.99342,
	4.89939 2.99211,
	4.89678 2.99211,
	4.89547 2.9908,
	4.89285 2.99015,
	4.89023 2.98818,
	4.885 2.98622,
	4.87584 2.97772,
	4.86864 2.96725,
	4.86602 2.96201,
	4.86537 2.95678,
	4.86406 2.95416,
	4.86406 2.95154,
	4.86013 2.94107,
	4.85686 2.93584,
	4.85228 2.93061,
	4.84967 2.92799,
	4.84509 2.92472,
	4.84247 2.92341,
	4.83854 2.91817,
	4.83331 2.91294,
	4.83069 2.90771,
	4.82611 2.90247,
	4.8248 2.89985,
	4.81957 2.89658,
	4.79863 2.89004,
	4.7934 2.88939,
	4.78293 2.88481,
	4.77769 2.8835,
	4.76722 2.87761,
	4.76264 2.87303,
	4.76003 2.87106,
	4.75348 2.8606,
	4.75217 2.85536,
	4.75087 2.85405,
	4.7489 2.84358,
	4.74825 2.82265,
	4.74825 2.81741,
	4.74825 2.8161,
	"/>
</Transform>

<Transform dim="0"
 xcoef=" 0 1 0 0 0 0"
 ycoef=" 0 0 1 0 0 0">
<Contour name="ddh_d08ax11" comment="traced by ddh" hidden="false" closed="true" simplified="true" border="1 0 1" fill="1 0 1" mode="11"
 points="4.0061 2.72128,
	4.01071 2.71206,
	4.01532 2.70398,
	4.01821 2.69995,
	4.01936 2.69879,
	4.01936 2.69764,
	4.02282 2.69418,
	4.02513 2.69303,
	4.02916 2.68899,
	4.03262 2.68611,
	4.04185 2.68034,
	4.04646 2.67803,
	4.05511 2.67169,
	4.05973 2.66938,
	4.06434 2.66592,
	4.06665 2.66592,
	4.0851 2.65958,
	4.10355 2.65785,
	4.12201 2.65727,
	4.13123 2.65727,
	4.13585 2.65727,
	4.14046 2.65843,
	4.14507 2.65843,
	4.14969 2.65958,
	4.15891 2.66419,
	4.16295 2.66708,
	4.16526 2.66823,
	4.16641 2.66996,
	4.17045 2.67284,
	4.17275 2.67746,
	4.17391 2.67861,
	4.17391 2.68092,
	4.17506 2.68322,
	4.17506 2.68784,
	4.17621 2.69245,
	4.17621 2.69706,
	4.17852 2.70168,
	4.18083 2.7109,
	4.18198 2.71321,
	4.18313 2.71436,
	4.18313 2.71552,
	4.18429 2.71667,
	4.18544 2.72128,
	4.19178 2.73051,
	4.19582 2.73512,
	4.1987 2.73858,
	4.20043 2.74089,
	4.20043 2.74204,
	4.20216 2.74435,
	4.20274 2.75358,
	4.20216 2.75819,
	4.19986 2.7628,
	4.19986 2.76396,
	4.1964 2.76684,
	4.19178 2.76972,
	4.18948 2.77088,
	4.17102 2.77145,
	4.13412 2.77088,
	4.11566 2.77145,
	4.09721 2.77376,
	4.07876 2.77491,
	4.06953 2.77491,
	4.06722 2.77491,
	4.06607 2.77376,
	4.04762 2.7703,
	4.043 2.76857,
	4.04185 2.76742,
	4.03262 2.76453,
	4.03032 2.76396,
	4.02167 2.75877,
	4.01705 2.75588,
	4.00956 2.74723,
	4.00783 2.74493,
	4.0061 2.7357,
	4.0061 2.72647,
	4.0061 2.72186,
	"/>
</Transform>

<Transform dim="0"
 xcoef=" 0 1 0 0 0 0"
 ycoef=" 0 0 1 0 0 0">
<Contour name="ddh_d08ax08" comment="traced by ddh" hidden="false" closed="true" simplified="true" border="1 0 1" fill="1 0 1" mode="11"
 points="3.26381 4.75915,
	3.29729 4.74345,
	3.33078 4.74136,
	3.34752 4.73927,
	3.35171 4.73927,
	3.35589 4.73717,
	3.36426 4.73613,
	3.39775 4.72462,
	3.40612 4.72043,
	3.42286 4.72043,
	3.45635 4.72566,
	3.47309 4.72566,
	3.48146 4.72566,
	3.48565 4.72566,
	3.48983 4.72357,
	3.4982 4.72252,
	3.50658 4.71834,
	3.51076 4.71834,
	3.5275 4.71101,
	3.53588 4.70474,
	3.55262 4.69636,
	3.56936 4.6859,
	3.5861 4.67753,
	3.61959 4.66916,
	3.63633 4.66706,
	3.6447 4.66497,
	3.67819 4.66602,
	3.71168 4.66392,
	3.72005 4.66288,
	3.73679 4.66392,
	3.75353 4.66706,
	3.77028 4.6723,
	3.77865 4.67334,
	3.81213 4.68381,
	3.84562 4.68904,
	3.86236 4.68904,
	3.8791 4.68171,
	3.88748 4.67753,
	3.89166 4.67439,
	3.9084 4.66916,
	3.91678 4.66706,
	3.95026 4.66706,
	3.967 4.66497,
	3.98375 4.65974,
	4.01723 4.65451,
	4.05072 4.65765,
	4.05909 4.65974,
	4.09258 4.65974,
	4.10932 4.65869,
	4.11769 4.6566,
	4.15118 4.65555,
	4.16792 4.65137,
	4.17629 4.65137,
	4.19303 4.64718,
	4.22652 4.643,
	4.24326 4.6409,
	4.27675 4.63986,
	4.29349 4.6409,
	4.32698 4.64718,
	4.33535 4.65032,
	4.35209 4.65137,
	4.36046 4.65137,
	4.36883 4.64823,
	4.37302 4.64614,
	4.38976 4.64614,
	4.39813 4.643,
	4.43162 4.63986,
	4.49859 4.62521,
	4.51533 4.62207,
	4.5823 4.61997,
	4.59905 4.61997,
	4.63253 4.6116,
	4.6409 4.60846,
	4.64509 4.60637,
	4.67857 4.60323,
	4.71206 4.59695,
	4.7288 4.59172,
	4.74555 4.5844,
	4.76229 4.57393,
	4.77903 4.55928,
	4.7874 4.55091,
	4.79891 4.53417,
	4.80205 4.5258,
	4.80415 4.52161,
	4.81252 4.51324,
	4.8167 4.50905,
	4.83345 4.49859,
	4.85019 4.49126,
	4.86693 4.48603,
	4.88367 4.48499,
	4.91716 4.48812,
	4.92553 4.48917,
	4.95902 4.50487,
	4.96739 4.50696,
	5.00087 4.50591,
	5.01762 4.50382,
	5.08459 4.50277,
	5.10133 4.50801,
	5.11807 4.51742,
	5.12645 4.5237,
	5.14319 4.54045,
	5.15156 4.54777,
	5.1683 4.55614,
	5.18505 4.56033,
	5.18923 4.56137,
	5.19342 4.56451,
	5.21016 4.56975,
	5.21853 4.57393,
	5.23527 4.57498,
	5.25202 4.57393,
	5.2562 4.57393,
	5.26353 4.57916,
	5.26876 4.58754,
	5.26771 4.59172,
	5.26771 4.59381,
	5.26039 4.60114,
	5.25202 4.60532,
	5.24783 4.60637,
	5.23109 4.61684,
	5.21434 4.62521,
	5.20597 4.62835,
	5.19028 4.64404,
	5.1683 4.67753,
	5.15784 4.69427,
	5.14214 4.70892,
	5.13377 4.71311,
	5.12958 4.7152,
	5.0961 4.72043,
	5.07936 4.72357,
	5.04587 4.73299,
	5.01238 4.74031,
	5.0082 4.74241,
	4.97471 4.74973,
	4.95797 4.75496,
	4.95378 4.75706,
	4.9203 4.75915,
	4.90356 4.76124,
	4.87007 4.76229,
	4.8617 4.76229,
	4.85961 4.76124,
	4.84286 4.76438,
	4.80938 4.76543,
	4.77589 4.76438,
	4.75915 4.76334,
	4.75078 4.76334,
	4.73404 4.7602,
	4.70055 4.76124,
	4.69218 4.76229,
	4.65869 4.75915,
	4.62521 4.75392,
	4.59172 4.7445,
	4.57498 4.74345,
	4.56661 4.74241,
	4.53312 4.74659,
	4.51638 4.74973,
	4.49964 4.75078,
	4.46615 4.74973,
	4.45778 4.74973,
	4.45359 4.74973,
	4.43685 4.75601,
	4.42848 4.75915,
	4.41174 4.76124,
	4.40755 4.76229,
	4.37406 4.75392,
	4.36988 4.75182,
	4.33639 4.7445,
	4.32802 4.74136,
	4.31965 4.74031,
	4.30291 4.73404,
	4.28616 4.72985,
	4.26942 4.72776,
	4.26105 4.72566,
	4.22756 4.72776,
	4.16059 4.74345,
	4.12711 4.74869,
	4.11036 4.75078,
	4.09362 4.74764,
	4.08944 4.7445,
	4.08525 4.74345,
	4.08316 4.74136,
	4.08106 4.74136,
	4.07688 4.73822,
	4.04339 4.72671,
	4.03921 4.72566,
	4.03711 4.72357,
	4.02037 4.72462,
	3.98689 4.73404,
	3.97851 4.73613,
	3.97433 4.73717,
	3.97224 4.73927,
	3.96805 4.73927,
	3.95968 4.7445,
	3.95549 4.74555,
	3.93875 4.75706,
	3.93038 4.76229,
	3.92619 4.76334,
	3.91782 4.76857,
	3.88434 4.77589,
	3.85085 4.78112,
	3.83411 4.78636,
	3.82574 4.78845,
	3.82155 4.7895,
	3.81318 4.79473,
	3.79644 4.80205,
	3.78807 4.80728,
	3.77969 4.81042,
	3.77132 4.81566,
	3.76714 4.8188,
	3.76295 4.81984,
	3.74621 4.83345,
	3.73784 4.83868,
	3.73156 4.84705,
	3.71482 4.86379,
	3.70644 4.87216,
	3.68342 4.90565,
	3.66563 4.93913,
	3.64994 4.97262,
	3.63633 5.00611,
	3.63424 5.01448,
	3.63424 5.01866,
	3.63215 5.02285,
	3.63215 5.02703,
	3.62064 5.06052,
	3.61331 5.07726,
	3.61122 5.08563,
	3.60285 5.10238,
	3.59762 5.11912,
	3.59448 5.13586,
	3.5882 5.15261,
	3.58401 5.16098,
	3.57773 5.16935,
	3.56936 5.17353,
	3.56099 5.16621,
	3.53797 5.13272,
	3.5275 5.11598,
	3.47623 5.04901,
	3.41763 4.98204,
	3.39042 4.94855,
	3.38101 4.93181,
	3.37473 4.92344,
	3.37054 4.91925,
	3.34961 4.88577,
	3.33601 4.86902,
	3.31403 4.83554,
	3.30566 4.8188,
	3.29311 4.80205,
	3.28787 4.79368,
	3.28055 4.78531,
	3.27008 4.76857,
	3.26381 4.7602,
	"/>
</Transform>

<Transform dim="0"
 xcoef=" 0 1 0 0 0 0"
 ycoef=" 0 0 1 0 0 0">
<Contour name="ddh_d07ax11" comment="traced by ddh" hidden="false" closed="true" simplified="true" border="1 0.5 0" fill="1 0.5 0" mode="11"
 points="2.60368 8.58797,
	2.61004 8.56535,
	2.61358 8.55404,
	2.6157 8.54838,
	2.62559 8.53707,
	2.63054 8.52576,
	2.63196 8.52293,
	2.63054 8.50031,
	2.63054 8.489,
	2.63196 8.47769,
	2.63761 8.46638,
	2.64539 8.45506,
	2.64822 8.45224,
	2.64963 8.44941,
	2.65104 8.4487,
	2.65104 8.44729,
	2.6567 8.44163,
	2.66023 8.43598,
	2.67013 8.42467,
	2.67296 8.42325,
	2.68427 8.41194,
	2.6871 8.40911,
	2.68993 8.40841,
	2.69558 8.40416,
	2.697 8.40416,
	2.6977 8.40275,
	2.70901 8.40063,
	2.73164 8.40134,
	2.77688 8.39922,
	2.78819 8.39851,
	2.81081 8.39992,
	2.81364 8.40204,
	2.8193 8.40416,
	2.82213 8.40487,
	2.82778 8.40841,
	2.83344 8.41053,
	2.84475 8.4176,
	2.86737 8.43527,
	2.86878 8.4381,
	2.89141 8.4586,
	2.90272 8.46779,
	2.92534 8.48334,
	2.93665 8.49183,
	2.94796 8.4989,
	2.95927 8.50384,
	2.97058 8.51091,
	2.98119 8.5194,
	2.9925 8.53071,
	3.0024 8.54131,
	3.00522 8.54414,
	3.00522 8.54555,
	3.01654 8.55616,
	3.03916 8.57242,
	3.04199 8.57454,
	3.0434 8.57595,
	3.04905 8.57807,
	3.06037 8.58444,
	3.06319 8.58656,
	3.06461 8.58656,
	3.06602 8.58797,
	3.06744 8.58797,
	3.07309 8.59151,
	3.0844 8.59645,
	3.09006 8.59999,
	3.09289 8.6007,
	3.1042 8.60847,
	3.10702 8.60989,
	3.11834 8.61908,
	3.14096 8.63251,
	3.1862 8.65442,
	3.20882 8.66715,
	3.22014 8.67422,
	3.22296 8.67634,
	3.22438 8.67775,
	3.22579 8.67775,
	3.2371 8.68906,
	3.24346 8.70037,
	3.25972 8.74562,
	3.2675 8.76824,
	3.2675 8.77107,
	3.27104 8.78238,
	3.27104 8.78521,
	3.28164 8.80783,
	3.28942 8.81914,
	3.29861 8.83045,
	3.30992 8.84106,
	3.31981 8.85166,
	3.32759 8.86297,
	3.33113 8.86863,
	3.33325 8.87146,
	3.33395 8.87428,
	3.3382 8.87994,
	3.34102 8.88559,
	3.34951 8.89691,
	3.35587 8.90822,
	3.3587 8.91317,
	3.36152 8.91599,
	3.3693 8.9266,
	3.37849 8.93791,
	3.38344 8.94356,
	3.39334 8.95275,
	3.40465 8.96194,
	3.41596 8.97255,
	3.42727 8.98032,
	3.43222 8.98527,
	3.44353 8.99164,
	3.46615 9.00648,
	3.46898 9.0079,
	3.47464 9.01355,
	3.47817 9.01921,
	3.47888 9.03052,
	3.47534 9.03617,
	3.47322 9.04183,
	3.46898 9.04748,
	3.45767 9.05526,
	3.45484 9.05667,
	3.44353 9.05809,
	3.4407 9.0595,
	3.42939 9.06092,
	3.42374 9.06092,
	3.41808 9.06233,
	3.39546 9.06304,
	3.37284 9.06233,
	3.36152 9.06162,
	3.35021 9.0595,
	3.32759 9.05243,
	3.28305 9.0284,
	3.26114 9.01779,
	3.24983 9.01002,
	3.24417 9.00648,
	3.23286 8.99658,
	3.22226 8.98527,
	3.21095 8.97679,
	3.19963 8.97043,
	3.19398 8.96831,
	3.18267 8.96194,
	3.16005 8.95487,
	3.15439 8.95275,
	3.14873 8.95205,
	3.13742 8.9471,
	3.1346 8.94498,
	3.13318 8.94498,
	3.12187 8.93579,
	3.11127 8.92518,
	3.09359 8.90256,
	3.0738 8.88065,
	3.07097 8.87852,
	3.07026 8.87711,
	3.06744 8.8764,
	3.05612 8.86863,
	3.0335 8.85802,
	3.02219 8.85378,
	3.01088 8.84742,
	3.00805 8.8453,
	3.00522 8.84459,
	3.0024 8.84247,
	2.99109 8.83823,
	2.98543 8.8354,
	2.98402 8.8354,
	2.9826 8.83399,
	2.97977 8.83328,
	2.97412 8.82975,
	2.972 8.82762,
	2.97058 8.82762,
	2.96917 8.82621,
	2.96634 8.8255,
	2.96422 8.82268,
	2.96139 8.82197,
	2.95008 8.81419,
	2.92958 8.79369,
	2.92039 8.78309,
	2.89777 8.76683,
	2.89211 8.76259,
	2.8808 8.75693,
	2.83626 8.74067,
	2.83061 8.73855,
	2.82778 8.73855,
	2.81647 8.73289,
	2.81506 8.73148,
	2.81364 8.73148,
	2.80799 8.72724,
	2.78536 8.71663,
	2.77971 8.71381,
	2.77405 8.70956,
	2.76274 8.70391,
	2.75143 8.70037,
	2.72881 8.69896,
	2.7175 8.69825,
	2.70619 8.69613,
	2.70053 8.69543,
	2.67791 8.68341,
	2.65529 8.66856,
	2.63266 8.6523,
	2.62701 8.64806,
	2.62206 8.64241,
	2.61994 8.63958,
	2.61994 8.63816,
	2.61499 8.63251,
	2.61499 8.63109,
	2.61358 8.62968,
	2.61146 8.62402,
	2.60792 8.61837,
	2.60792 8.61696,
	2.6058 8.61413,
	2.60368 8.60282,
	2.60368 8.59151,
	2.60368 8.58868,
	"/>
</Transform>

<Transform dim="0"
 xcoef=" 0 1 0 0 0 0"
 ycoef=" 0 0 1 0 0 0">
<Contour name="ddh_d07ax10" comment="traced by ddh" hidden="false" closed="true" simplified="true" border="1 0 0.5" fill="1 0 0.5" mode="11"
 points="4.40336 7.50674,
	4.40614 7.48894,
	4.40892 7.48004,
	4.41226 7.46224,
	4.41337 7.46001,
	4.41337 7.45556,
	4.41727 7.44666,
	4.41949 7.44221,
	4.42339 7.43776,
	4.42339 7.43665,
	4.43173 7.42831,
	4.43618 7.42441,
	4.43785 7.42274,
	4.45565 7.41607,
	4.47345 7.41496,
	4.49125 7.41607,
	4.50905 7.41607,
	4.52685 7.41384,
	4.5313 7.41273,
	4.5402 7.40773,
	4.54854 7.39882,
	4.56245 7.38102,
	4.57413 7.36322,
	4.5797 7.35432,
	4.59694 7.31872,
	4.60361 7.30982,
	4.60473 7.30871,
	4.6064 7.29981,
	4.6153 7.28201,
	4.62364 7.27422,
	4.62586 7.272,
	4.62698 7.27089,
	4.63588 7.26977,
	4.64033 7.26922,
	4.64255 7.26866,
	4.66035 7.272,
	4.66925 7.27478,
	4.6737 7.277,
	4.67815 7.27812,
	4.6826 7.2809,
	4.68705 7.28479,
	4.68928 7.28702,
	4.69373 7.28924,
	4.69818 7.29035,
	4.70708 7.29759,
	4.71153 7.30092,
	4.72043 7.30482,
	4.73823 7.31427,
	4.74713 7.31984,
	4.78273 7.33652,
	4.79163 7.34042,
	4.80053 7.34542,
	4.80943 7.34932,
	4.81388 7.35099,
	4.82278 7.35599,
	4.83168 7.36267,
	4.84058 7.37157,
	4.84448 7.37602,
	4.85393 7.39382,
	4.85504 7.39827,
	4.85783 7.40272,
	4.85949 7.40717,
	4.86005 7.40939,
	4.86005 7.41051,
	4.86116 7.41162,
	4.86506 7.44722,
	4.8645 7.48282,
	4.86116 7.50062,
	4.86061 7.51842,
	4.85949 7.52732,
	4.85949 7.53622,
	4.85783 7.54512,
	4.85115 7.56292,
	4.84781 7.57182,
	4.83891 7.58962,
	4.83391 7.59852,
	4.82 7.61632,
	4.81166 7.62522,
	4.80832 7.62967,
	4.80665 7.63412,
	4.80053 7.64302,
	4.7844 7.66027,
	4.7755 7.66917,
	4.77105 7.67362,
	4.76215 7.68029,
	4.7577 7.68252,
	4.7399 7.68752,
	4.73545 7.68864,
	4.73322 7.68975,
	4.72432 7.69031,
	4.70652 7.68919,
	4.69762 7.68752,
	4.67982 7.68752,
	4.67537 7.68752,
	4.67092 7.68919,
	4.6687 7.68919,
	4.66425 7.69086,
	4.6598 7.69142,
	4.65757 7.69253,
	4.64867 7.69364,
	4.64422 7.6942,
	4.63532 7.69754,
	4.63087 7.69921,
	4.62865 7.70032,
	4.6242 7.70087,
	4.6064 7.70977,
	4.5886 7.72257,
	4.5708 7.73926,
	4.56634 7.74259,
	4.55744 7.74538,
	4.54854 7.74927,
	4.53964 7.75428,
	4.53742 7.75539,
	4.52852 7.75594,
	4.52407 7.75706,
	4.51517 7.7565,
	4.50738 7.74816,
	4.50293 7.74371,
	4.49959 7.73926,
	4.49125 7.72146,
	4.48958 7.71256,
	4.48235 7.69476,
	4.47401 7.67696,
	4.469 7.66806,
	4.46733 7.66361,
	4.46455 7.65916,
	4.46232 7.65693,
	4.45787 7.64803,
	4.45565 7.64358,
	4.45454 7.64135,
	4.45454 7.64024,
	4.44731 7.63134,
	4.44397 7.62689,
	4.43562 7.61855,
	4.42728 7.60075,
	4.4206 7.58295,
	4.41894 7.58072,
	4.41727 7.57182,
	4.41671 7.56737,
	4.41615 7.56515,
	4.41615 7.56403,
	4.41393 7.56237,
	4.41393 7.55792,
	4.41115 7.54902,
	4.40725 7.54012,
	4.40614 7.53789,
	4.40614 7.53678,
	4.40447 7.53511,
	4.40336 7.51731,
	4.40336 7.50841,
	4.40336 7.5073,
	"/>
</Transform>

<Transform dim="0"
 xcoef=" 0 1 0 0 0 0"
 ycoef=" 0 0 1 0 0 0">
<Contour name="ddh_d07ax09" comment="traced by ddh" hidden="false" closed="true" simplified="true" border="1 0 0.5" fill="1 0 0.5" mode="11"
 points="2.98246 5.96297,
	2.98537 5.9552,
	2.98731 5.95326,
	2.98731 5.95132,
	2.99992 5.93676,
	3.00284 5.93288,
	3.00963 5.92803,
	3.04069 5.91735,
	3.07174 5.91056,
	3.1028 5.90571,
	3.11833 5.9028,
	3.12609 5.89988,
	3.12804 5.89988,
	3.12998 5.89794,
	3.13386 5.89794,
	3.14939 5.89115,
	3.15327 5.89115,
	3.16103 5.88824,
	3.16297 5.8863,
	3.1785 5.88047,
	3.19403 5.87756,
	3.2018 5.87562,
	3.23285 5.87659,
	3.26391 5.88144,
	3.27944 5.88436,
	3.29497 5.88921,
	3.32505 5.90571,
	3.33185 5.90959,
	3.33379 5.91153,
	3.33573 5.91153,
	3.33767 5.91347,
	3.33961 5.91347,
	3.34058 5.91541,
	3.34446 5.91638,
	3.34835 5.91929,
	3.35223 5.92027,
	3.35611 5.92318,
	3.36388 5.92609,
	3.36485 5.92803,
	3.37261 5.93094,
	3.37455 5.93094,
	3.37843 5.93385,
	3.39396 5.94065,
	3.40949 5.9455,
	3.42502 5.95326,
	3.4289 5.95326,
	3.43278 5.9552,
	3.43667 5.9552,
	3.44443 5.95909,
	3.44831 5.96103,
	3.45219 5.96103,
	3.45414 5.96297,
	3.45802 5.96394,
	3.45996 5.96588,
	3.4619 5.96588,
	3.46384 5.96782,
	3.46578 5.96782,
	3.47355 5.97267,
	3.47549 5.97462,
	3.48228 5.97656,
	3.49005 5.98141,
	3.49393 5.98238,
	3.49781 5.98529,
	3.49878 5.98723,
	3.50557 5.99014,
	3.50946 5.99209,
	3.5114 5.99403,
	3.52693 5.99888,
	3.54245 6.00179,
	3.57351 6.00373,
	3.60457 6.01053,
	3.61233 6.0115,
	3.64339 6.02217,
	3.64533 6.02217,
	3.64727 6.02411,
	3.67833 6.03285,
	3.70939 6.03285,
	3.72491 6.03285,
	3.73268 6.03285,
	3.74044 6.03479,
	3.75597 6.03576,
	3.78703 6.04158,
	3.79091 6.04158,
	3.79479 6.04352,
	3.79868 6.04352,
	3.8142 6.04935,
	3.82973 6.05323,
	3.84526 6.06002,
	3.84914 6.06099,
	3.85594 6.06682,
	3.86079 6.07264,
	3.86273 6.07361,
	3.8637 6.08914,
	3.8637 6.0969,
	3.85788 6.11243,
	3.84914 6.12796,
	3.83556 6.14252,
	3.82973 6.14737,
	3.82779 6.15028,
	3.821 6.15514,
	3.81517 6.16193,
	3.79868 6.19202,
	3.788 6.20754,
	3.78121 6.21434,
	3.76568 6.22016,
	3.76179 6.22113,
	3.75985 6.22307,
	3.75209 6.22598,
	3.74821 6.22695,
	3.74627 6.2289,
	3.74433 6.2289,
	3.74238 6.23084,
	3.7385 6.23181,
	3.73559 6.23472,
	3.73171 6.23569,
	3.7288 6.2386,
	3.72491 6.23957,
	3.71036 6.25219,
	3.70453 6.25607,
	3.70065 6.26383,
	3.69677 6.26772,
	3.69192 6.27548,
	3.68803 6.27936,
	3.67736 6.29295,
	3.67251 6.29974,
	3.66862 6.30169,
	3.66183 6.30848,
	3.65989 6.30848,
	3.65212 6.31527,
	3.64824 6.31721,
	3.64436 6.3211,
	3.61621 6.34148,
	3.61233 6.34439,
	3.60845 6.34536,
	3.60263 6.35021,
	3.59874 6.35215,
	3.59777 6.35409,
	3.59583 6.35409,
	3.59292 6.35701,
	3.58904 6.35798,
	3.58128 6.36283,
	3.57739 6.36477,
	3.57642 6.36671,
	3.57448 6.36671,
	3.57254 6.36865,
	3.56866 6.36865,
	3.56089 6.37156,
	3.5541 6.37642,
	3.53857 6.38224,
	3.52304 6.38321,
	3.46093 6.38127,
	3.4454 6.3803,
	3.43764 6.3803,
	3.42987 6.37836,
	3.42211 6.37836,
	3.41434 6.37642,
	3.41046 6.37642,
	3.40658 6.37448,
	3.4027 6.37448,
	3.39881 6.37156,
	3.39493 6.37156,
	3.39105 6.36962,
	3.38911 6.36962,
	3.38717 6.36768,
	3.37261 6.36186,
	3.35902 6.35118,
	3.35514 6.34827,
	3.35029 6.34051,
	3.34349 6.33274,
	3.34349 6.3308,
	3.34155 6.32886,
	3.34155 6.32692,
	3.33088 6.31236,
	3.31341 6.28228,
	3.30661 6.26675,
	3.3037 6.25898,
	3.30467 6.24345,
	3.30564 6.23569,
	3.30855 6.22793,
	3.30855 6.22016,
	3.30661 6.2124,
	3.29788 6.19687,
	3.294 6.1891,
	3.29206 6.18522,
	3.29011 6.18328,
	3.28914 6.15222,
	3.28623 6.13669,
	3.28138 6.12893,
	3.26682 6.11825,
	3.26197 6.11534,
	3.26003 6.11534,
	3.25809 6.1134,
	3.24256 6.10855,
	3.24062 6.10661,
	3.23285 6.1037,
	3.22509 6.10273,
	3.20956 6.09787,
	3.1785 6.09302,
	3.16297 6.09011,
	3.15521 6.08817,
	3.15133 6.08817,
	3.14745 6.08623,
	3.1455 6.08623,
	3.14356 6.08429,
	3.13968 6.08429,
	3.13192 6.08137,
	3.12804 6.07943,
	3.12609 6.07943,
	3.11833 6.07361,
	3.11639 6.07361,
	3.11445 6.07167,
	3.11251 6.07167,
	3.08436 6.05323,
	3.06883 6.04449,
	3.05427 6.03382,
	3.04651 6.02897,
	3.04263 6.02702,
	3.04166 6.02508,
	3.03972 6.02508,
	3.02516 6.01441,
	3.02322 6.01441,
	3.00866 6.00373,
	2.9941 5.99111,
	2.98731 5.98432,
	2.9844 5.97753,
	2.98246 5.97364,
	2.98246 5.96588,
	2.98246 5.96394,
	"/>
</Transform>

</Section>