<?xml version="1.0"?>
<!DOCTYPE Section SYSTEM "section.dtd">

<Section index="106" thickness="0.045" alignLocked="true">
<Transform dim="0"
 xcoef=" 0 1 0 0 0 0"
 ycoef=" 0 0 1 0 0 0">
<Contour name="D04" hidden="false" closed="true" simplified="true" border="1 0 0" fill="1 0 0" mode="11"
 points="3.18717 6.07754,
	3.19001 6.03864,
	3.1985 6.00046,
	3.21248 5.96383,
	3.23164 5.92956,
	3.25558 5.89839,
	3.28374 5.871,
	3.31552 5.84799,
	3.35025 5.82986,
	3.38714 5.81701,
	3.42541 5.80971,
	3.46421 5.80813,
	3.5027 5.81231,
	3.54004 5.82214,
	3.5754 5.83742,
	3.60804 5.85781,
	3.63722 5.88287,
	3.66231 5.91204,
	3.68277 5.94471,
	3.69815 5.98014,
	3.70811 6.01757,
	3.71245 6.05618,
	3.71105 6.09513,
	3.70396 6.13358,
	3.69133 6.17066,
	3.67342 6.2056,
	3.65064 6.23762,
	3.62348 6.26601,
	3.59253 6.29017,
	3.55848 6.30955,
	3.52205 6.32375,
	3.48405 6.33246,
	3.4453 6.33548,
	3.40666 6.33274,
	3.36896 6.3243,
	3.33303 6.31036,
	3.29964 6.29121,
	3.26954 6.26727,
	3.24336 6.23907,
	3.22169 6.20721,
	3.205 6.17241,
	3.19366 6.13539,
	"/>
<Contour name="D05" hidden="false" closed="true" simplified="true" border="1 1 0" fill="1 1 0" mode="11"
 points="2.44061 4.3056,
	2.45235 4.23324,
	2.48655 4.16744,
	2.53988 4.11464,
	2.6071 4.08001,
	2.68162 4.06695,
	2.75619 4.07671,
	2.82347 4.10836,
	2.8769 4.15881,
	2.91122 4.22308,
	2.9231 4.29493,
	2.91136 4.36729,
	2.87716 4.43308,
	2.82384 4.48589,
	2.75662 4.52052,
	2.68208 4.53358,
	2.60753 4.52382,
	2.54024 4.49216,
	2.48681 4.44172,
	"/>
<Contour name="d01cfa09" hidden="false" closed="false" simplified="false" border="0 1 1" fill="0 1 1" mode="9"
 points="5.7024 3.87497,
	5.68972 3.89204,
	5.67704 3.91331,
	5.66859 3.93029,
	5.64745 3.95595,
	5.61788 3.99439,
	5.59674 4.02004,
	5.5333 4.07601,
	5.44027 4.14524,
	"/>
<Contour name="d01" hidden="false" closed="true" simplified="true" border="1 0.5 0" fill="1 0.5 0" mode="9"
 points="5.98848 4.01196,
	5.99269 3.99507,
	6.01382 3.96102,
	6.04342 3.92678,
	6.07727 3.92183,
	6.145 3.93293,
	6.16193 3.94095,
	6.18313 3.97406,
	6.19161 3.99067,
	6.19584 3.99898,
	6.17472 4.02882,
	6.14085 4.02118,
	6.07315 4.03527,
	6.05623 4.03985,
	6.02236 4.0364,
	6.00543 4.03257,
	5.98849 4.02035,
	5.98849 4.01615,
	"/>
<Contour name="d01c09" hidden="false" closed="true" simplified="true" border="0 1 0" fill="0 1 0" mode="9"
 points="5.42571 4.12516,
	5.49338 4.08169,
	5.55682 4.0257,
	5.57794 3.99165,
	5.60753 3.96161,
	5.62445 3.94445,
	5.64135 3.91048,
	5.67517 3.88455,
	5.69211 3.87997,
	5.70904 3.88799,
	5.71751 3.8962,
	5.71754 3.92979,
	5.69641 3.96384,
	5.6795 3.97681,
	5.67105 3.98539,
	5.65411 3.98997,
	5.63722 4.02392,
	5.62879 4.0577,
	5.60766 4.08755,
	5.57806 4.12179,
	5.56115 4.13895,
	5.49345 4.14885,
	5.4596 4.1538,
	5.44266 4.15417,
	5.42573 4.14615,
	5.42571 4.12936,
	"/>
<Contour name="d01" hidden="false" closed="true" simplified="true" border="1 0.5 0" fill="1 0.5 0" mode="9"
 points="5.37489 4.0927,
	5.38334 4.08412,
	5.39179 4.05034,
	5.41714 4.0162,
	5.42981 3.98233,
	5.43826 3.96536,
	5.43825 3.95696,
	5.45516 3.93979,
	5.4636 3.92281,
	5.53128 3.88353,
	5.5482 3.87476,
	5.58206 3.86981,
	5.59898 3.86944,
	5.61587 3.83548,
	5.61584 3.80189,
	5.63275 3.76794,
	5.63696 3.75945,
	5.65389 3.75488,
	5.66236 3.75469,
	5.67502 3.72083,
	5.69196 3.72885,
	5.70044 3.74545,
	5.69633 3.87988,
	5.69212 3.89676,
	5.69213 3.90516,
	5.66253 3.9352,
	5.62451 4.00321,
	5.56108 4.06759,
	5.54417 4.08476,
	5.51457 4.1064,
	5.50612 4.12338,
	5.47228 4.14512,
	5.45537 4.15809,
	5.44691 4.16247,
	5.41304 4.15063,
	5.37915 4.11779,
	5.3749 4.1011,
	5.37489 4.09689,
	"/>
<Contour name="d01c10" hidden="false" closed="true" simplified="true" border="0 1 0" fill="0 1 0" mode="9"
 points="5.95044 4.05478,
	5.96311 4.03771,
	5.97158 4.03332,
	5.96734 4.02922,
	5.9758 4.02483,
	5.99273 4.03285,
	6.12816 4.02985,
	6.16203 4.03751,
	6.17897 4.04972,
	6.17898 4.06652,
	6.17899 4.07491,
	6.14516 4.09665,
	6.13671 4.11363,
	6.10711 4.14367,
	6.09865 4.15645,
	6.09442 4.15235,
	6.08596 4.15673,
	6.05207 4.12809,
	6.02666 4.09927,
	5.9928 4.10002,
	5.97587 4.10039,
	5.95894 4.09237,
	5.95047 4.08836,
	5.95044 4.05898,
	"/>
<Contour name="d01c10" hidden="false" closed="true" simplified="true" border="0 1 0" fill="0 1 0" mode="9"
 points="5.97051 4.05433,
	5.98319 4.03726,
	5.99166 4.03287,
	5.98742 4.02877,
	5.99587 4.02438,
	6.01281 4.0324,
	6.14824 4.02941,
	6.18211 4.03706,
	6.19904 4.04928,
	6.19906 4.06608,
	6.19907 4.07447,
	6.16524 4.0962,
	6.15679 4.11319,
	6.12719 4.14323,
	6.11873 4.156,
	6.1145 4.15191,
	6.10604 4.15629,
	6.07215 4.12765,
	6.04674 4.09882,
	6.01287 4.09957,
	5.99595 4.09995,
	5.97901 4.09193,
	5.97055 4.08792,
	5.97052 4.05853,
	"/>
<Contour name="d02" hidden="false" closed="true" simplified="true" border="0.5 0 1" fill="0.5 0 1" mode="9"
 points="3.99226 6.85628,
	4.02361 6.80576,
	4.06754 6.77364,
	4.09888 6.72311,
	4.08623 6.62372,
	4.06106 6.57443,
	4.03592 6.55007,
	4.02331 6.50051,
	4.05466 6.45621,
	4.15513 6.4353,
	4.1677 6.43503,
	4.21161 6.39667,
	4.23674 6.40235,
	4.33729 6.46242,
	4.36242 6.47433,
	4.46289 6.46587,
	4.488 6.45286,
	4.58848 6.45687,
	4.63873 6.45576,
	4.73917 6.41615,
	4.77681 6.37171,
	4.78934 6.34652,
	4.78929 6.29669,
	4.87084 6.20143,
	4.9211 6.21278,
	4.95255 6.26192,
	4.96513 6.28656,
	5.05941 6.37169,
	5.06572 6.39647,
	5.08458 6.42097,
	5.1098 6.52008,
	5.14758 6.61892,
	5.16023 6.71831,
	5.15401 6.76829,
	5.15403 6.79321,
	5.13521 6.81854,
	5.03475 6.83946,
	4.93427 6.84168,
	4.88403 6.84901,
	4.85893 6.86826,
	4.85267 6.88086,
	4.80242 6.88197,
	4.77728 6.86384,
	4.75217 6.8644,
	4.73961 6.86468,
	4.72706 6.88987,
	4.70196 6.90911,
	4.67685 6.9159,
	4.62664 6.94816,
	4.52618 6.96907,
	4.50106 6.97585,
	4.47596 6.9951,
	4.37549 7.00354,
	4.35036 6.99164,
	4.31263 6.94887,
	4.21216 6.96355,
	4.16194 6.98335,
	4.06144 6.96688,
	4.04888 6.96716,
	4.00487 6.9183,
	3.99229 6.89367,
	3.99227 6.86874,
	3.99226 6.86252,
	"/>
<Contour name="d02" hidden="false" closed="true" simplified="true" border="0.5 0 1" fill="0.5 0 1" mode="9"
 points="4.35685 7.21576,
	4.36311 7.19071,
	4.3631 7.17825,
	4.41333 7.17091,
	4.43846 7.17658,
	4.44478 7.22628,
	4.46365 7.25078,
	4.46995 7.27556,
	4.41976 7.32028,
	4.3695 7.31516,
	4.3569 7.2656,
	4.35685 7.222,
	"/>
<Contour name="d02" hidden="false" closed="true" simplified="true" border="0.5 0 1" fill="0.5 0 1" mode="9"
 points="5.46183 5.78907,
	5.49206 5.76267,
	5.51364 5.7279,
	5.51793 5.6935,
	5.53951 5.65872,
	5.55679 5.64548,
	5.59136 5.63614,
	5.66052 5.63461,
	5.68216 5.66843,
	5.69084 5.70254,
	5.69091 5.77114,
	5.68228 5.78848,
	5.665 5.80601,
	5.63477 5.82812,
	5.61319 5.8629,
	5.57863 5.88939,
	5.56568 5.90254,
	5.5311 5.90759,
	5.49652 5.90406,
	5.48354 5.8872,
	5.4792 5.87015,
	5.47919 5.86158,
	5.47053 5.85319,
	5.46618 5.81898,
	5.46184 5.80193,
	5.46183 5.79336,
	"/>
<Contour name="d02" hidden="false" closed="true" simplified="true" border="0.5 0 1" fill="0.5 0 1" mode="9"
 points="5.08284 6.12105,
	5.09598 6.1077,
	5.10255 6.10103,
	5.10581 6.07487,
	5.1058 6.06183,
	5.11565 6.04856,
	5.16826 6.04088,
	5.18141 6.04058,
	5.18799 6.04044,
	5.19457 6.04682,
	5.20449 6.09878,
	5.2078 6.12481,
	5.20454 6.15097,
	5.1914 6.16431,
	5.1651 6.1812,
	5.13881 6.19157,
	5.13224 6.19824,
	5.11908 6.18874,
	5.11578 6.17577,
	5.09273 6.15344,
	5.08285 6.12757,
	5.08285 6.1243,
	"/>
<Contour name="d02p13" hidden="false" closed="true" simplified="false" border="1 0 0.5" fill="1 0 0.5" mode="-13"
 points="5.01091 6.58944,
	5.06407 6.58826,
	5.03753 6.63719,
	"/>
<Contour name="d02" hidden="false" closed="true" simplified="true" border="0.5 0 1" fill="0.5 0 1" mode="9"
 points="5.75065 6.83089,
	5.76892 6.75772,
	5.76891 6.74863,
	5.78723 6.73458,
	5.82391 6.72922,
	5.84224 6.72881,
	5.85601 6.7467,
	5.85147 6.78318,
	5.83775 6.81986,
	5.81943 6.83846,
	5.78277 6.85291,
	5.76442 6.84877,
	5.75066 6.83543,
	"/>
<Contour name="d02c08" hidden="false" closed="true" simplified="true" border="0 1 0" fill="0 1 0" mode="9"
 points="5.58917 5.79462,
	5.59978 5.78648,
	5.60243 5.77589,
	5.6104 5.76517,
	5.62102 5.75966,
	5.64228 5.76182,
	5.66353 5.75872,
	5.67415 5.76112,
	5.67948 5.76628,
	5.67949 5.77681,
	5.67949 5.78208,
	5.64765 5.82496,
	5.63439 5.84633,
	5.62643 5.85706,
	5.60519 5.8707,
	5.59455 5.8683,
	5.60514 5.8259,
	5.59717 5.82081,
	5.58919 5.81044,
	5.58918 5.79989,
	5.58917 5.79726,
	"/>
<Contour name="d02cfa08" hidden="false" closed="false" simplified="false" border="0 1 1" fill="0 1 1" mode="9"
 points="5.67469 5.76321,
	5.66931 5.76689,
	5.66035 5.78133,
	5.64779 5.79586,
	5.62986 5.81406,
	5.61372 5.84112,
	5.59759 5.86642,
	"/>
<Contour name="d02" hidden="false" closed="true" simplified="true" border="0.5 0 1" fill="0.5 0 1" mode="9"
 points="3.99114 6.8569,
	4.01013 6.82293,
	4.02069 6.80592,
	4.05448 6.78001,
	4.06926 6.7671,
	4.09036 6.7331,
	4.09669 6.71618,
	4.08817 6.64928,
	4.08604 6.63255,
	4.07121 6.59933,
	4.06274 6.58275,
	4.0585 6.57446,
	4.04158 6.55805,
	4.03312 6.54986,
	4.02463 6.51649,
	4.02039 6.49982,
	4.04572 6.46571,
	4.05205 6.45718,
	4.0605 6.4528,
	4.12812 6.43873,
	4.16194 6.43379,
	4.17039 6.4315,
	4.20418 6.40141,
	4.21263 6.39492,
	4.22954 6.39874,
	4.29721 6.43709,
	4.33106 6.4573,
	4.36488 6.47123,
	4.43252 6.46555,
	4.46633 6.4606,
	4.48324 6.45394,
	4.50014 6.45146,
	4.63542 6.45476,
	4.70304 6.4302,
	4.73683 6.41478,
	4.7664 6.38267,
	4.77906 6.36562,
	4.7875 6.34867,
	4.78747 6.31512,
	4.78745 6.29835,
	4.84446 6.22999,
	4.85924 6.21289,
	4.86556 6.20437,
	4.86979 6.20008,
	4.90362 6.20772,
	4.92053 6.21154,
	4.94381 6.24457,
	4.9544 6.26111,
	5.01787 6.32679,
	5.0496 6.35964,
	5.06442 6.37608,
	5.06866 6.39277,
	5.06866 6.39696,
	5.08136 6.41345,
	5.08771 6.42169,
	5.10258 6.48846,
	5.11106 6.52182,
	5.13648 6.58834,
	5.14921 6.62161,
	5.15772 6.68851,
	5.16198 6.72197,
	5.1557 6.7892,
	5.1536 6.79763,
	5.14094 6.81469,
	5.13248 6.82116,
	5.06486 6.83523,
	5.03105 6.84228,
	4.96341 6.84377,
	4.9296 6.84452,
	4.89578 6.84946,
	4.88733 6.85175,
	4.88311 6.85184,
	4.86621 6.86689,
	4.85566 6.8818,
	4.82184 6.88465,
	4.80493 6.88502,
	4.78801 6.87491,
	4.77955 6.8688,
	4.74573 6.86746,
	4.73939 6.86969,
	4.73096 6.88666,
	4.71406 6.90171,
	4.69716 6.91256,
	4.68026 6.91713,
	4.67181 6.91941,
	4.63801 6.94323,
	4.62111 6.95198,
	4.55349 6.96606,
	4.51967 6.9731,
	4.50277 6.97767,
	4.48586 6.98853,
	4.47742 6.995,
	4.40979 7.00279,
	4.37597 7.00563,
	4.35906 6.99761,
	4.3506 6.99361,
	4.32097 6.96071,
	4.31463 6.95247,
	4.30616 6.95057,
	4.23854 6.96045,
	4.22164 6.96291,
	4.18783 6.97625,
	4.17093 6.98291,
	4.16248 6.98519,
	4.09482 6.97411,
	4.061 6.96857,
	4.05255 6.96875,
	4.04832 6.96885,
	4.0187 6.93595,
	4.00388 6.91951,
	3.99541 6.90293,
	3.99118 6.89464,
	3.99115 6.86109,
	3.99114 6.85899,
	"/>
<Contour name="d02c13" hidden="false" closed="true" simplified="true" border="0 1 0" fill="0 1 0" mode="9"
 points="4.89941 6.23087,
	4.91631 6.22631,
	4.92477 6.22821,
	4.95862 6.25472,
	4.96497 6.26297,
	4.96709 6.27131,
	4.99037 6.30434,
	5.01999 6.33513,
	5.04328 6.36816,
	5.0581 6.40139,
	5.06445 6.40963,
	5.06868 6.41373,
	5.07292 6.43041,
	5.08139 6.447,
	5.08353 6.46372,
	5.10684 6.5303,
	5.12167 6.56352,
	5.12802 6.58015,
	5.13861 6.59668,
	5.14285 6.61337,
	5.145 6.64686,
	5.14925 6.66355,
	5.15772 6.68013,
	5.16832 6.71344,
	5.17044 6.73017,
	5.16835 6.74698,
	5.16412 6.75546,
	5.13031 6.75412,
	5.1134 6.75239,
	5.10494 6.75468,
	5.08803 6.74876,
	5.08591 6.74462,
	5.09014 6.73614,
	5.10703 6.72108,
	5.11125 6.71261,
	5.10912 6.70427,
	5.10701 6.70012,
	5.0901 6.6963,
	5.08163 6.69439,
	5.07952 6.68605,
	5.08795 6.6691,
	5.09005 6.65227,
	5.08369 6.63564,
	5.06888 6.62339,
	5.06465 6.6151,
	5.06675 6.59827,
	5.06252 6.58998,
	5.04559 6.58197,
	5.0329 6.56548,
	5.03288 6.5487,
	5.04977 6.53156,
	5.05822 6.52509,
	5.06245 6.52289,
	5.06244 6.51451,
	5.04761 6.48129,
	5.04548 6.46456,
	5.05181 6.44765,
	5.03698 6.41443,
	5.03273 6.39776,
	5.03273 6.39356,
	4.9756 6.32983,
	4.95868 6.31552,
	4.93751 6.28244,
	4.92692 6.26591,
	4.91846 6.25771,
	4.91001 6.2537,
	4.90365 6.24546,
	4.90154 6.23712,
	4.89941 6.23297,
	"/>
<Contour name="d02cfa13" hidden="false" closed="false" simplified="false" border="0 1 1" fill="0 1 1" mode="9"
 points="4.90987 6.22976,
	4.92679 6.23778,
	4.94371 6.25417,
	4.96066 6.28735,
	4.98393 6.31199,
	5.00298 6.33882,
	5.03049 6.37385,
	5.0559 6.42152,
	5.07285 6.46517,
	5.08981 6.51721,
	5.10678 6.58183,
	5.12588 6.65899,
	5.14918 6.71298,
	5.15345 6.75272,
	"/>
<Contour name="d03" hidden="false" closed="true" simplified="true" border="0 1 0" fill="0 1 0" mode="9"
 points="3.23268 3.73077,
	3.2779 3.59892,
	3.28201 3.59065,
	3.31498 3.57356,
	3.33145 3.56502,
	3.36443 3.55815,
	3.39741 3.55538,
	3.4139 3.55502,
	3.47991 3.61285,
	3.50674 3.64497,
	3.52119 3.661,
	3.52531 3.6691,
	3.53156 3.73439,
	3.51514 3.80018,
	3.51308 3.8084,
	3.44922 3.85275,
	3.43275 3.86334,
	3.41626 3.86984,
	3.35029 3.86107,
	3.34205 3.85921,
	3.27603 3.80137,
	3.26777 3.79338,
	3.2492 3.76108,
	3.23887 3.74494,
	3.23474 3.73686,
	3.23268 3.73282,
	"/>
<Contour name="d01p09" hidden="false" closed="true" simplified="false" border="0 1 0" fill="0 1 0" mode="9"
 points="5.4213 3.46969,
	5.42125 3.42198,
	5.46935 3.42092,
	5.46931 3.37321,
	5.5174 3.37215,
	5.51745 3.41986,
	5.56555 3.41879,
	5.56559 3.4665,
	5.51749 3.46757,
	5.51754 3.51528,
	5.46944 3.51634,
	5.4694 3.46863,
	"/>
<Contour name="d01cfa10" hidden="false" closed="false" simplified="false" border="0 1 1" fill="0 1 1" mode="9"
 points="6.17012 4.03714,
	6.12221 4.03141,
	6.06404 4.03609,
	5.99219 4.03768,
	"/>
<Contour name="d03c09" hidden="false" closed="true" simplified="true" border="1 0 0" fill="1 0 0" mode="9"
 points="3.22556 3.65926,
	3.24518 3.63155,
	3.2766 3.62696,
	3.29231 3.62661,
	3.3395 3.67623,
	3.37094 3.68722,
	3.37488 3.70272,
	3.43386 3.76375,
	3.46531 3.78255,
	3.46926 3.81363,
	3.46537 3.84488,
	3.46145 3.86056,
	3.44968 3.87251,
	3.38684 3.8817,
	3.37112 3.88204,
	3.36326 3.88222,
	3.34754 3.86698,
	3.28466 3.8294,
	3.25319 3.79893,
	3.23747 3.78369,
	3.2296 3.76827,
	3.22561 3.70602,
	3.22558 3.67485,
	3.22556 3.66316,
	"/>
<Contour name="d03cfa09" hidden="false" closed="true" simplified="true" border="1 0 0" fill="1 0 0" mode="9"
 points="3.21553 3.66944,
	3.23515 3.64173,
	3.26657 3.63714,
	3.28228 3.63679,
	3.32947 3.68641,
	3.36091 3.6974,
	3.36485 3.7129,
	3.42383 3.77393,
	3.45528 3.79273,
	3.45923 3.82381,
	3.45534 3.85507,
	3.45142 3.87074,
	3.43965 3.88269,
	3.37681 3.89188,
	3.3611 3.89222,
	3.35323 3.8924,
	3.33751 3.87716,
	3.27463 3.83958,
	3.24316 3.80911,
	3.22744 3.79387,
	3.21957 3.77845,
	3.21558 3.7162,
	3.21555 3.68503,
	3.21553 3.67334,
	"/>
<Contour name="d03cfa09" hidden="false" closed="false" simplified="false" border="0 1 1" fill="0 1 1" mode="9"
 points="3.4605 3.80255,
	3.41727 3.78012,
	3.37401 3.74211,
	3.34646 3.69207,
	"/>
<Contour name="d03c11" hidden="false" closed="true" simplified="true" border="1 0 0" fill="1 0 0" mode="9"
 points="2.01896 3.00015,
	2.05818 2.93695,
	2.11705 2.88499,
	2.14848 2.88429,
	2.16027 2.89572,
	2.1603 2.92689,
	2.14855 2.95832,
	2.14465 2.98959,
	2.14467 3.00517,
	2.12113 3.03686,
	2.09365 3.05695,
	2.06223 3.05764,
	2.04651 3.0541,
	2.03865 3.05427,
	2.01898 3.02353,
	2.01897 3.00795,
	2.01897 3.00405,
	"/>
<Contour name="d03cfa11" hidden="false" closed="false" simplified="false" border="0 1 1" fill="0 1 1" mode="9"
 points="2.03382 3.0509,
	2.08092 3.00699,
	2.10445 2.9714,
	2.12405 2.92031,
	2.15544 2.89234,
	"/>
<Contour name="d06" hidden="false" closed="true" simplified="true" border="0 0 1" fill="0 0 1" mode="9"
 points="2.37782 7.12763,
	2.38341 7.1164,
	2.3834 7.1053,
	2.40296 7.08822,
	2.41415 7.08242,
	2.50367 7.08322,
	2.54844 7.085,
	2.57082 7.0845,
	2.57642 7.08994,
	2.66594 7.08796,
	2.7107 7.08697,
	2.73308 7.08369,
	2.81975 7.0235,
	2.90923 6.96879,
	2.9204 6.963,
	3.00993 6.96378,
	3.03231 6.96329,
	3.04351 6.96582,
	3.05191 6.97396,
	3.05193 6.99616,
	3.07431 6.99844,
	3.11906 6.97802,
	3.14143 6.96643,
	3.1526 6.95508,
	3.1554 6.94947,
	3.16099 6.94935,
	3.175 6.96846,
	3.1974 6.98461,
	3.21421 7.00645,
	3.21982 7.02852,
	3.21986 7.07293,
	3.21988 7.09512,
	3.21989 7.10068,
	3.19753 7.12059,
	3.18635 7.13194,
	3.18077 7.14317,
	3.17518 7.14884,
	3.17522 7.19324,
	3.17524 7.21544,
	3.17245 7.22661,
	3.13613 7.27182,
	3.12216 7.29154,
	3.1026 7.31418,
	3.08023 7.323,
	3.05785 7.33737,
	3.02432 7.37974,
	3.00479 7.42457,
	2.99642 7.44696,
	2.99086 7.49148,
	2.98528 7.50271,
	2.98536 7.59151,
	2.9714 7.61401,
	2.94903 7.62839,
	2.92666 7.63721,
	2.90427 7.63493,
	2.89307 7.62407,
	2.88745 7.602,
	2.88743 7.5798,
	2.88182 7.55772,
	2.84262 7.52252,
	2.83142 7.51444,
	2.78665 7.51265,
	2.76427 7.51315,
	2.7195 7.50581,
	2.62998 7.50779,
	2.58522 7.50878,
	2.56284 7.5065,
	2.51805 7.48529,
	2.49845 7.46908,
	2.48444 7.44718,
	2.47601 7.40297,
	2.47592 7.31416,
	2.47591 7.30307,
	2.4703 7.29209,
	2.39468 7.20773,
	2.38908 7.19675,
	2.38906 7.17456,
	2.38905 7.16345,
	2.38064 7.15255,
	2.37782 7.1304,
	"/>
<Contour name="d06" hidden="false" closed="true" simplified="true" border="0 0 1" fill="0 0 1" mode="9"
 points="1.35072 6.75351,
	1.37028 6.73365,
	1.45981 6.73445,
	1.50457 6.73346,
	1.52695 6.73018,
	1.54931 6.72136,
	1.5605 6.71834,
	1.57451 6.73746,
	1.59412 6.75922,
	1.59416 6.80362,
	1.59418 6.82582,
	1.59419 6.83692,
	1.60539 6.845,
	1.61099 6.85042,
	1.70052 6.854,
	1.72291 6.85905,
	1.73411 6.86435,
	1.75091 6.88619,
	1.75651 6.89161,
	1.75655 6.93601,
	1.74259 6.95852,
	1.737 6.96975,
	1.72582 6.97832,
	1.68106 6.97931,
	1.65868 6.9798,
	1.61389 6.95027,
	1.56908 6.90686,
	1.55788 6.90155,
	1.55228 6.89613,
	1.54109 6.8936,
	1.5187 6.88022,
	1.49631 6.87239,
	1.45155 6.87338,
	1.44035 6.87363,
	1.39556 6.84686,
	1.37317 6.82794,
	1.35916 6.80604,
	1.35355 6.80062,
	1.35072 6.75628,
	"/>
<Contour name="d06" hidden="false" closed="true" simplified="true" border="0 0 1" fill="0 0 1" mode="9"
 points="3.94368 6.266,
	3.96044 6.24621,
	3.96603 6.23498,
	3.9884 6.22061,
	4.01077 6.22012,
	4.02197 6.21987,
	4.03597 6.23898,
	4.04438 6.261,
	4.06679 6.27993,
	4.1032 6.3152,
	4.10322 6.33741,
	4.10043 6.34856,
	4.08366 6.37114,
	4.0389 6.37213,
	4.01652 6.36985,
	3.99413 6.36202,
	3.94934 6.32693,
	3.94373 6.3215,
	3.94369 6.2771,
	3.94368 6.26878,
	"/>
<Contour name="d06c13" hidden="false" closed="true" simplified="true" border="0 1 0" fill="0 1 0" mode="9"
 points="1.38219 6.72262,
	1.43363 6.69276,
	1.4465 6.6861,
	1.54944 6.68383,
	1.56231 6.68354,
	1.56874 6.6834,
	1.57202 6.73438,
	1.54628 6.74452,
	1.53342 6.75119,
	1.43048 6.75347,
	1.41761 6.75375,
	1.40473 6.74447,
	1.39187 6.74156,
	1.3822 6.7322,
	1.38219 6.72582,
	"/>
<Contour name="d06cfa13" hidden="false" closed="false" simplified="false" border="0 1 1" fill="0 1 1" mode="9"
 points="1.38377 6.72661,
	1.42881 6.72561,
	1.49958 6.72086,
	1.57356 6.71603,
	"/>
<Contour name="d06c14a" hidden="false" closed="true" simplified="true" border="0 1 0" fill="0 1 0" mode="9"
 points="3.98679 6.23064,
	4.00191 6.21529,
	4.03219 6.21086,
	4.03976 6.21069,
	4.04734 6.22179,
	4.07763 6.23989,
	4.10415 6.26558,
	4.10421 6.32565,
	4.04366 6.33075,
	4.02851 6.31606,
	3.9906 6.25683,
	3.9868 6.2419,
	3.98679 6.23439,
	"/>
<Contour name="d06cfa14a" hidden="false" closed="false" simplified="false" border="0 1 1" fill="0 1 1" mode="9"
 points="4.10312 6.30379,
	4.07283 6.29695,
	4.02359 6.25674,
	3.98949 6.22371,
	"/>
<Contour name="d07" hidden="false" closed="true" simplified="true" border="1 0 1" fill="1 0 1" mode="9"
 points="4.69535 7.6416,
	4.70444 7.62334,
	4.74083 7.59093,
	4.74993 7.59072,
	4.78638 7.62153,
	4.85922 7.61992,
	4.86832 7.61971,
	4.88656 7.65543,
	4.89568 7.67329,
	4.8912 7.74564,
	4.83208 7.81016,
	4.81389 7.82411,
	4.74106 7.82121,
	4.72284 7.81258,
	4.69549 7.77706,
	4.69542 7.70482,
	4.69538 7.66869,
	4.69536 7.65063,
	4.69536 7.64612,
	"/>
<Contour name="d07" hidden="false" closed="true" simplified="true" border="1 0 1" fill="1 0 1" mode="9"
 points="4.00824 7.90515,
	4.01731 7.86883,
	4.02184 7.85066,
	4.02183 7.84163,
	4.06729 7.76838,
	4.07639 7.75914,
	4.1128 7.75834,
	4.1219 7.75814,
	4.14013 7.77129,
	4.14474 7.84343,
	4.14023 7.87965,
	4.14025 7.89772,
	4.17667 7.91045,
	4.18578 7.91025,
	4.20401 7.92791,
	4.21313 7.94578,
	4.21317 7.98189,
	4.2041 8.01822,
	4.15409 8.08706,
	4.13135 8.11014,
	4.05852 8.11175,
	4.0403 8.11215,
	4.02208 8.09449,
	4.01296 8.07664,
	4.00827 7.93224,
	4.00825 7.91418,
	4.00824 7.90967,
	"/>
<Contour name="d07" hidden="false" closed="true" simplified="true" border="1 0 1" fill="1 0 1" mode="9"
 points="3.61552 6.62242,
	3.63824 6.58579,
	3.65644 6.57184,
	3.69284 6.56652,
	3.76575 6.63715,
	3.77032 6.65511,
	3.80222 6.69054,
	3.87506 6.68893,
	3.88416 6.69775,
	3.8843 6.84224,
	3.88432 6.8603,
	3.88433 6.86934,
	3.91622 6.90475,
	3.92992 6.94058,
	3.92999 7.01282,
	3.91636 7.04924,
	3.93004 7.06248,
	3.96646 7.0662,
	3.99836 7.10161,
	4.00293 7.11958,
	4.02114 7.13272,
	4.05758 7.14546,
	4.09401 7.16723,
	4.16687 7.19271,
	4.20333 7.22351,
	4.27616 7.2219,
	4.29436 7.22602,
	4.31716 7.26163,
	4.31718 7.2797,
	4.33542 7.31542,
	4.36277 7.35094,
	4.37646 7.38675,
	4.39925 7.42238,
	4.39926 7.43141,
	4.41749 7.44907,
	4.42661 7.46692,
	4.44484 7.48459,
	4.45396 7.50245,
	4.45397 7.5205,
	4.43579 7.53897,
	4.41759 7.5484,
	4.38576 7.58523,
	4.38578 7.60329,
	4.37668 7.61252,
	4.37215 7.63069,
	4.33575 7.65407,
	4.04443 7.66051,
	4.008 7.65681,
	3.97156 7.626,
	3.93512 7.61326,
	3.86229 7.61487,
	3.82588 7.6202,
	3.78945 7.61648,
	3.77578 7.59872,
	3.77571 7.52648,
	3.7757 7.50842,
	3.76657 7.49056,
	3.76643 7.34606,
	3.79823 7.27311,
	3.80277 7.25496,
	3.77996 7.21933,
	3.80721 7.14648,
	3.80259 7.07434,
	3.80258 7.05628,
	3.78433 7.02056,
	3.77515 6.94851,
	3.78877 6.91209,
	3.7751 6.89433,
	3.77508 6.87626,
	3.74773 6.84075,
	3.7295 6.80502,
	3.72492 6.78707,
	3.66568 6.71613,
	3.64289 6.68051,
	3.62921 6.66276,
	3.62009 6.65393,
	3.61553 6.63596,
	3.61552 6.62693,
	"/>
<Contour name="d07c18" hidden="false" closed="true" simplified="true" border="1 0 0" fill="0 1 0" mode="9"
 points="4.1547 8.03491,
	4.17247 8.01097,
	4.1962 7.99278,
	4.21994 7.99225,
	4.23181 7.99494,
	4.23481 8.01842,
	4.23779 8.03013,
	4.23779 8.03601,
	4.2289 8.04799,
	4.22299 8.07167,
	4.2052 8.09267,
	4.18146 8.09613,
	4.1696 8.09639,
	4.16366 8.09653,
	4.15475 8.08495,
	4.1547 8.03785,
	"/>
<Contour name="d07cfa18" hidden="false" closed="false" simplified="false" border="0 1 1" fill="0 1 1" mode="9"
 points="4.15636 8.06577,
	4.19194 8.03259,
	4.21268 7.99387,
	"/>
<Contour name="d08" hidden="false" closed="true" simplified="true" border="1 0 0" fill="1 0 0" mode="9"
 points="4.57338 3.9102,
	4.59556 3.87446,
	4.63109 3.86926,
	4.66664 3.87288,
	4.68442 3.89012,
	4.71997 3.89373,
	4.73774 3.89334,
	4.76886 3.9235,
	4.77335 3.95865,
	4.77336 3.97628,
	4.76892 3.98519,
	4.73339 3.99479,
	4.66231 3.99196,
	4.59118 3.94506,
	4.5734 3.93664,
	4.57339 3.91901,
	4.57338 3.9146,
	"/>
<Contour name="d08" hidden="false" closed="true" simplified="true" border="1 0 0" fill="1 0 0" mode="9"
 points="5.00419 3.78169,
	5.0397 3.75005,
	5.07522 3.73605,
	5.21737 3.71968,
	5.28845 3.72251,
	5.3018 3.73985,
	5.3107 3.74847,
	5.31073 3.78372,
	5.3063 3.80144,
	5.27968 3.83728,
	5.26192 3.84209,
	5.24416 3.8557,
	5.102 3.85884,
	5.06645 3.85523,
	5.04868 3.84681,
	5.01754 3.81223,
	5.0042 3.7949,
	5.00419 3.78609,
	"/>
<Contour name="d08" hidden="false" closed="true" simplified="true" border="1 0 0" fill="1 0 0" mode="9"
 points="6.01693 3.60064,
	6.0258 3.58281,
	6.09683 3.54158,
	6.13236 3.52758,
	6.15012 3.51396,
	6.22118 3.48595,
	6.25671 3.48075,
	6.27448 3.48036,
	6.30561 3.50612,
	6.31008 3.54127,
	6.27456 3.55968,
	6.23902 3.56487,
	6.2035 3.57888,
	6.16798 3.61492,
	6.1591 3.61512,
	6.14134 3.62873,
	6.12358 3.63353,
	6.1147 3.64254,
	6.07916 3.64333,
	6.06139 3.64372,
	6.02583 3.62248,
	6.01694 3.61386,
	6.01693 3.60504,
	"/>
<Contour name="d08" hidden="false" closed="true" simplified="true" border="1 0 0" fill="1 0 0" mode="9"
 points="5.60803 3.41578,
	5.62576 3.38014,
	5.66128 3.35291,
	5.71897 3.28553,
	5.76333 3.21845,
	5.7944 3.19132,
	5.82992 3.17291,
	5.84768 3.1637,
	5.88322 3.1585,
	5.91876 3.16213,
	5.93653 3.16173,
	5.94541 3.16154,
	5.9499 3.19669,
	5.92328 3.23253,
	5.85671 3.30452,
	5.82563 3.33165,
	5.81676 3.34947,
	5.8168 3.38472,
	5.8168 3.39354,
	5.79905 3.41156,
	5.79906 3.42037,
	5.79019 3.42938,
	5.76804 3.50037,
	5.76362 3.51811,
	5.72808 3.5233,
	5.71031 3.51929,
	5.69252 3.50204,
	5.67475 3.49362,
	5.63919 3.49001,
	5.60807 3.45985,
	5.60804 3.42459,
	5.60803 3.42019,
	"/>
<Contour name="d08c13" hidden="false" closed="true" simplified="true" border="1 0 0" fill="0 1 0" mode="9"
 points="5.94845 3.60246,
	5.97247 3.57807,
	5.99995 3.56384,
	6.0274 3.54278,
	6.08234 3.5109,
	6.10982 3.51029,
	6.12013 3.52028,
	6.12016 3.54754,
	6.06868 3.59298,
	6.04121 3.60381,
	6.03435 3.61078,
	5.97939 3.62222,
	5.96565 3.62593,
	5.9519 3.62283,
	5.94846 3.60927,
	5.94845 3.60586,
	"/>
<Contour name="d08cfa13" hidden="false" closed="false" simplified="false" border="0 1 1" fill="0 1 1" mode="9"
 points="6.12095 3.52769,
	6.03856 3.58403,
	5.96988 3.61623,
	"/>
<Contour name="D05" hidden="false" closed="true" simplified="true" border="1 1 0" fill="1 1 0" mode="11"
 points="2.20084 4.16241,
	2.204 4.13306,
	2.21344 4.1046,
	2.2288 4.07803,
	2.24958 4.05427,
	2.27502 4.03417,
	2.30425 4.01841,
	2.33623 4.00758,
	2.36983 4.00203,
	2.40389 4.00197,
	2.43722 4.00739,
	2.46863 4.0181,
	2.49704 4.03375,
	2.52142 4.05376,
	2.54096 4.07744,
	2.55494 4.10396,
	2.56288 4.13238,
	2.56451 4.16172,
	2.55976 4.19096,
	2.5488 4.21903,
	2.53202 4.24499,
	2.51001 4.2679,
	2.48353 4.28698,
	2.45352 4.30154,
	2.42102 4.31109,
	2.38719 4.31528,
	2.3532 4.31396,
	2.32024 4.30719,
	2.28949 4.2952,
	2.262 4.27842,
	2.23874 4.25741,
	2.22055 4.23294,
	2.20804 4.20585,
	"/>
<Contour name="D05" hidden="false" closed="true" simplified="true" border="1 1 0" fill="1 1 0" mode="11"
 points="3.80746 4.08702,
	3.81092 4.06957,
	3.82097 4.05366,
	3.83664 4.04088,
	3.85639 4.03245,
	3.87829 4.02921,
	3.9002 4.03148,
	3.91996 4.03904,
	3.93566 4.05113,
	3.94574 4.06659,
	3.94923 4.08389,
	3.94578 4.10135,
	3.93572 4.11725,
	3.92005 4.13004,
	3.9003 4.13847,
	3.8784 4.14171,
	3.85649 4.13944,
	3.83673 4.13189,
	3.82103 4.11979,
	"/>
<Contour name="D11" hidden="false" closed="true" simplified="true" border="1 0.5 0" fill="1 0.5 0" mode="11"
 points="4.69492 4.14069,
	4.70278 4.12332,
	4.72562 4.1073,
	4.76123 4.09421,
	4.80609 4.08531,
	4.85583 4.08149,
	4.90557 4.08311,
	4.95046 4.09002,
	4.98608 4.10154,
	5.00895 4.11655,
	5.01685 4.13357,
	5.00898 4.15094,
	4.98614 4.16696,
	4.95054 4.18005,
	4.90568 4.18895,
	4.85594 4.19277,
	4.80619 4.19115,
	4.76132 4.18424,
	4.72569 4.17272,
	"/>
<Contour name="D11" hidden="false" closed="true" simplified="true" border="1 0.5 0" fill="1 0.5 0" mode="11"
 points="5.62742 5.00068,
	5.62944 4.98942,
	5.63532 4.97917,
	5.64448 4.97095,
	5.65604 4.96553,
	5.66885 4.96348,
	5.68166 4.96496,
	5.69322 4.96987,
	5.70241 4.97769,
	5.70831 4.98768,
	5.71035 4.99885,
	5.70833 5.0101,
	5.70245 5.02035,
	5.69328 5.02858,
	5.68173 5.03399,
	5.66892 5.03605,
	5.65611 5.03456,
	5.64454 5.02966,
	5.63537 5.02184,
	"/>
<Contour name="D11" hidden="false" closed="true" simplified="true" border="1 0.5 0" fill="1 0.5 0" mode="11"
 points="4.06013 3.45556,
	4.06227 3.44803,
	4.0685 3.44115,
	4.07821 3.43559,
	4.09045 3.43188,
	4.10401 3.4304,
	4.11757 3.43128,
	4.12981 3.43445,
	4.13953 3.43958,
	4.14578 3.44619,
	4.14793 3.45362,
	4.14579 3.46114,
	4.13956 3.46802,
	4.12985 3.4736,
	4.11762 3.4773,
	4.10405 3.47879,
	4.09049 3.4779,
	4.07825 3.47474,
	4.06853 3.46959,
	"/>
<Contour name="D11" hidden="false" closed="true" simplified="true" border="1 0.5 0" fill="1 0.5 0" mode="11"
 points="3.95424 4.91673,
	3.95637 4.90248,
	3.96259 4.88953,
	3.97229 4.87914,
	3.98452 4.87234,
	3.99809 4.86979,
	4.01166 4.87174,
	4.0239 4.878,
	4.03363 4.88796,
	4.03987 4.90063,
	4.04204 4.91479,
	4.0399 4.92904,
	4.03368 4.94199,
	4.02397 4.95237,
	4.01174 4.95917,
	3.99818 4.96172,
	3.98461 4.95977,
	3.97236 4.95351,
	3.96264 4.94356,
	"/>
<Contour name="D12" hidden="false" closed="true" simplified="true" border="0.5 0 1" fill="0.5 0 1" mode="11"
 points="4.06056 3.89586,
	4.06303 3.85842,
	4.07028 3.82454,
	4.08157 3.79753,
	4.09583 3.78004,
	4.11166 3.77377,
	4.12749 3.77934,
	4.14179 3.7962,
	4.15314 3.82271,
	4.16045 3.85627,
	4.16299 3.89359,
	4.16052 3.93103,
	4.15328 3.96491,
	4.14198 3.99192,
	4.12771 4.00941,
	4.11189 4.01569,
	4.09606 4.01012,
	4.08176 3.99325,
	4.07041 3.96675,
	"/>
<Contour name="D12" hidden="false" closed="true" simplified="true" border="0.5 0 1" fill="0.5 0 1" mode="11"
 points="3.99758 4.33998,
	4.00079 4.32421,
	4.01012 4.30984,
	4.02468 4.29828,
	4.04303 4.29066,
	4.06338 4.28772,
	4.08373 4.28976,
	4.1021 4.29656,
	4.11667 4.30748,
	4.12603 4.32144,
	4.12927 4.33707,
	4.12606 4.35284,
	4.11673 4.3672,
	4.10217 4.37877,
	4.08382 4.3864,
	4.06347 4.38932,
	4.04312 4.3873,
	4.02476 4.38048,
	4.01018 4.36956,
	"/>
<Contour name="D13" hidden="false" closed="true" simplified="true" border="1 0 0.5" fill="1 0 0.5" mode="11"
 points="5.1442 4.67267,
	5.14562 4.66292,
	5.14977 4.65406,
	5.15624 4.64696,
	5.16439 4.64231,
	5.17343 4.64057,
	5.18248 4.64191,
	5.19064 4.6462,
	5.19712 4.65301,
	5.20129 4.66169,
	5.20272 4.67138,
	5.20131 4.68113,
	5.19716 4.68999,
	5.19069 4.69709,
	5.18253 4.70173,
	5.17349 4.70348,
	5.16444 4.70213,
	5.15629 4.69785,
	5.14981 4.69103,
	"/>
<Contour name="D13" hidden="false" closed="true" simplified="true" border="1 0 0.5" fill="1 0 0.5" mode="11"
 points="5.48068 4.58539,
	5.48499 4.55121,
	5.49765 4.51962,
	5.51764 4.49316,
	5.54331 4.47397,
	5.57261 4.46362,
	5.60315 4.46295,
	5.63246 4.472,
	5.65818 4.49005,
	5.67821 4.51563,
	5.69092 4.54666,
	5.6953 4.58065,
	5.69099 4.61482,
	5.67833 4.64642,
	5.65836 4.67288,
	5.63268 4.69206,
	5.60338 4.70241,
	5.57284 4.70309,
	5.54352 4.69403,
	5.51781 4.67599,
	5.49778 4.65041,
	5.48506 4.61938,
	"/>
<Contour name="D14" hidden="false" closed="true" simplified="true" border="1 0 0" fill="1 0 0" mode="11"
 points="5.52047 5.38287,
	5.52452 5.35886,
	5.53627 5.33702,
	5.5546 5.31949,
	5.57771 5.30798,
	5.60332 5.30362,
	5.62896 5.30685,
	5.65208 5.31733,
	5.67044 5.33405,
	5.68224 5.35537,
	5.68632 5.3792,
	5.68229 5.40322,
	5.67053 5.42506,
	5.6522 5.44259,
	5.6291 5.4541,
	5.60347 5.45845,
	5.57785 5.45523,
	5.55472 5.44475,
	5.53636 5.42803,
	"/>
<Contour name="D11" hidden="false" closed="true" simplified="true" border="1 0.5 0" fill="1 0.5 0" mode="11"
 points="4.85155 4.70334,
	4.85333 4.6891,
	4.85851 4.67617,
	4.86659 4.66582,
	4.87679 4.65906,
	4.88809 4.65656,
	4.89939 4.65856,
	4.9096 4.66487,
	4.9177 4.67486,
	4.92292 4.68756,
	4.92472 4.70172,
	4.92294 4.71596,
	4.91775 4.72889,
	4.90967 4.73924,
	4.89948 4.74599,
	4.88818 4.7485,
	4.87687 4.74649,
	4.86667 4.74019,
	4.85856 4.7302,
	"/>
<Contour name="D15" hidden="false" closed="true" simplified="true" border="1 1 0" fill="1 1 0" mode="11"
 points="5.96495 5.98754,
	5.96792 5.95443,
	5.97677 5.92247,
	5.99117 5.89287,
	6.01055 5.86678,
	6.03418 5.8452,
	6.06115 5.82896,
	6.09043 5.81867,
	6.12087 5.81474,
	6.15133 5.81732,
	6.18062 5.82631,
	6.20762 5.84136,
	6.2313 5.8619,
	6.25073 5.88713,
	6.26518 5.91609,
	6.2741 5.94766,
	6.27712 5.98064,
	6.27416 6.01373,
	6.26531 6.04571,
	6.25091 6.0753,
	6.23153 6.10139,
	6.20789 6.12298,
	6.18092 6.13922,
	6.15165 6.14951,
	6.1212 6.15344,
	6.09075 6.15085,
	6.06145 6.14186,
	6.03445 6.12682,
	6.01078 6.10628,
	5.99135 6.08104,
	5.9769 6.05209,
	"/>
<Contour name="D16" hidden="false" closed="true" simplified="true" border="0 0 1" fill="0 0 1" mode="11"
 points="2.01345 2.128,
	2.01707 2.10509,
	2.02763 2.08427,
	2.04409 2.06756,
	2.06484 2.05661,
	2.08785 2.05248,
	2.11086 2.05559,
	2.13163 2.06562,
	2.14812 2.0816,
	2.15872 2.10196,
	2.16239 2.1247,
	2.15877 2.14761,
	2.14821 2.16844,
	2.13175 2.18514,
	2.111 2.1961,
	2.08799 2.20022,
	2.06498 2.19712,
	2.04421 2.18708,
	2.02772 2.1711,
	"/>
<Contour name="D16" hidden="false" closed="true" simplified="true" border="0 0 1" fill="0 0 1" mode="11"
 points="1.95736 2.39876,
	1.95824 2.39504,
	1.96081 2.39165,
	1.96481 2.38891,
	1.96986 2.38709,
	1.97546 2.38638,
	1.98105 2.38685,
	1.9861 2.38844,
	1.99012 2.391,
	1.99269 2.39428,
	1.99358 2.39796,
	1.9927 2.40169,
	1.99013 2.40508,
	1.98612 2.40782,
	1.98107 2.40963,
	1.97548 2.41034,
	1.96988 2.40988,
	1.96483 2.40829,
	1.96082 2.40573,
	"/>
<Contour name="D16" hidden="false" closed="true" simplified="true" border="0 0 1" fill="0 0 1" mode="11"
 points="2.33614 2.80964,
	2.33829 2.78862,
	2.34455 2.76956,
	2.35434 2.75433,
	2.36668 2.74441,
	2.38036 2.74079,
	2.39403 2.7438,
	2.40639 2.75318,
	2.4162 2.76798,
	2.42251 2.78676,
	2.42469 2.80768,
	2.42255 2.8287,
	2.41628 2.84777,
	2.4065 2.86301,
	2.39416 2.87292,
	2.38049 2.87654,
	2.3668 2.87353,
	2.35444 2.86416,
	2.34463 2.84936,
	"/>
<Contour name="D17" hidden="false" closed="true" simplified="true" border="1 0 1" fill="1 0 1" mode="11"
 points="3.64609 4.56352,
	3.64746 4.55546,
	3.65145 4.54814,
	3.65768 4.54226,
	3.66553 4.5384,
	3.67424 4.53694,
	3.68295 4.53802,
	3.6908 4.54153,
	3.69704 4.54714,
	3.70105 4.55428,
	3.70244 4.56227,
	3.70107 4.57032,
	3.69707 4.57765,
	3.69084 4.58352,
	3.683 4.58738,
	3.67429 4.58885,
	3.66558 4.58776,
	3.65772 4.58425,
	3.65148 4.57866,
	"/>
<Contour name="d08ax17" hidden="false" closed="true" simplified="true" border="0 0 1" fill="0 0 1" mode="-11"
 points="5.59504 0.967098,
	5.60274 0.95928,
	5.62967 0.897496,
	5.64123 0.885767,
	5.64894 0.885596,
	5.65666 0.893074,
	5.66825 0.923411,
	5.71071 0.976013,
	5.72229 0.991054,
	5.72232 1.02165,
	5.71078 1.0525,
	5.68767 1.07595,
	5.65683 1.07281,
	5.62596 1.04673,
	5.6028 1.02047,
	5.59506 0.990044,
	5.59504 0.974747,
	5.59504 0.970922,
	"/>
<Contour name="d08" hidden="false" closed="true" simplified="true" border="1 0 0" fill="1 0 0" mode="9"
 points="3.43951 3.55889,
	3.46654 3.53146,
	3.49745 3.51544,
	3.52447 3.488,
	3.55919 3.42589,
	3.56691 3.41039,
	3.5978 3.38287,
	3.65961 3.35467,
	3.72147 3.3648,
	3.75242 3.39479,
	3.77563 3.42494,
	3.77569 3.48628,
	3.768 3.51712,
	3.76415 3.53254,
	3.7487 3.54822,
	3.68688 3.56876,
	3.67143 3.57677,
	3.65213 3.60403,
	3.64828 3.61945,
	3.63283 3.63513,
	3.57102 3.67099,
	3.54012 3.67551,
	3.52465 3.66819,
	3.4937 3.63821,
	3.46276 3.61589,
	3.44728 3.6009,
	3.43954 3.5934,
	3.43951 3.56273,
	"/>
<Contour name="d03p11" hidden="false" closed="true" simplified="false" border="1 0.5 0" fill="1 0.5 0" mode="-13"
 points="3.14208 3.09815,
	3.14208 3.0923,
	3.14797 3.08631,
	3.15388 3.08618,
	3.15979 3.09191,
	3.15979 3.09775,
	3.15389 3.10374,
	3.14799 3.10387,
	"/>
<Contour name="d06p12" hidden="false" closed="true" simplified="false" border="0.5 0 1" fill="0.5 0 1" mode="9"
 points="2.89599 7.46232,
	2.88851 7.46002,
	2.89598 7.45738,
	2.891 7.45008,
	2.89847 7.45485,
	2.90095 7.44739,
	2.90345 7.45474,
	2.91093 7.44963,
	2.90594 7.45716,
	2.91342 7.45947,
	2.90595 7.4621,
	2.91094 7.4694,
	2.90346 7.46463,
	2.90098 7.47209,
	2.89848 7.46474,
	2.89102 7.46984,
	"/>
<Contour name="d07p18" hidden="false" closed="true" simplified="false" border="1 0 0" fill="1 0 0" mode="-13"
 points="4.05705 7.60221,
	4.0421 7.60254,
	4.04211 7.60995,
	4.04959 7.6172,
	4.07202 7.62411,
	4.05708 7.63186,
	4.04962 7.64686,
	4.03466 7.63236,
	4.02717 7.6177,
	4.02715 7.60287,
	4.0122 7.6032,
	4.03462 7.58788,
	"/>
<Contour name="d07p19" hidden="false" closed="true" simplified="false" border="0 1 0" fill="0 1 0" mode="9"
 points="3.89971 7.19547,
	3.89969 7.1757,
	3.91962 7.17526,
	3.9196 7.15549,
	3.93953 7.15505,
	3.93955 7.17482,
	3.95947 7.17438,
	3.95949 7.19415,
	3.93957 7.19459,
	3.93958 7.21436,
	3.91966 7.2148,
	3.91964 7.19503,
	"/>
<Contour name="d08p15" hidden="false" closed="true" simplified="false" border="1 1 0" fill="1 1 0" mode="-13"
 points="4.33002 2.89194,
	4.32999 2.85806,
	4.29584 2.85882,
	4.29587 2.88845,
	4.2916 2.89279,
	4.29157 2.85467,
	4.33425 2.85372,
	4.33429 2.89608,
	4.29161 2.89702,
	4.29587 2.89269,
	"/>
</Transform>

<Transform dim="0"
 xcoef=" 0 1 0 0 0 0"
 ycoef=" 0 0 1 0 0 0">
<Contour name="d03" hidden="false" closed="true" simplified="true" border="0 1 0" fill="0 1 0" mode="9"
 points="4.41501 2.87653,
	4.41909 2.84373,
	4.41909 2.83556,
	4.43555 2.80248,
	4.44378 2.78593,
	4.47467 2.76276,
	4.47879 2.75449,
	4.4829 2.75031,
	4.51588 2.74754,
	4.5262 2.76162,
	4.55512 2.82641,
	4.56339 2.84259,
	4.57994 2.90765,
	4.58822 2.94018,
	4.61092 2.97239,
	4.6233 2.98847,
	4.64189 3.02078,
	4.63986 3.05354,
	4.63988 3.06989,
	4.63988 3.07807,
	4.6193 3.11125,
	4.60901 3.12578,
	4.57601 3.10607,
	4.56775 3.10012,
	4.55124 3.06777,
	4.52644 3.00288,
	4.52643 2.9988,
	4.50993 2.98894,
	4.47694 2.97536,
	4.46045 2.96959,
	4.42534 2.90698,
	4.41708 2.89081,
	4.41502 2.88267,
	4.41501 2.87859,
	"/>
<Contour name="d03cfa10ax08" hidden="false" closed="false" simplified="false" border="0 1 1" fill="0 1 1" mode="9"
 points="4.62637 2.97796,
	4.58306 2.86592,
	4.53584 2.78124,
	"/>
</Transform>

<Transform dim="6"
 xcoef=" 0.629485107006881 0.98796408641865 0.015803425685865 0 0 0"
 ycoef=" -0.561965955331308 0.0118486297074572 0.97942235692836 0 0 0">
<Image mag="0.00217507" contrast="0.907864" brightness="0.105" red="true" green="true" blue="true"
 src="FHLTD.106.jpg" />
<Contour name="domain1" hidden="false" closed="true" simplified="false" border="1 0 1" fill="1 0 1" mode="11"
 points="0 0,
	4096 0,
	4096 4096,
	0 4096,
	"/>
</Transform>

<Transform dim="0"
 xcoef=" 0 1 0 0 0 0"
 ycoef=" 0 0 1 0 0 0">
<Contour name="d03" hidden="false" closed="true" simplified="true" border="0 1 0" fill="0 1 0" mode="9"
 points="2.04603 3.04442,
	2.09679 2.99605,
	2.10948 2.98317,
	2.11583 2.97673,
	2.1158 2.95154,
	2.12212 2.9262,
	2.12847 2.91346,
	2.17924 2.88399,
	2.23004 2.88286,
	2.24274 2.88258,
	2.26815 2.89147,
	2.319 2.9313,
	2.36667 2.97748,
	2.39209 2.99267,
	2.4048 2.99869,
	2.41434 3.01107,
	2.42069 3.01724,
	2.42079 3.11802,
	2.42081 3.14322,
	2.43036 3.1682,
	2.46217 3.2179,
	2.48124 3.24267,
	2.48443 3.2552,
	2.49397 3.26759,
	2.50034 3.29265,
	2.52577 3.31728,
	2.53848 3.32645,
	2.54482 3.32631,
	2.55755 3.33863,
	2.60835 3.34065,
	2.63374 3.33694,
	2.65914 3.32378,
	2.68452 3.30432,
	2.69721 3.29459,
	2.70357 3.29445,
	2.7099 3.28801,
	2.91312 3.28037,
	2.96392 3.27609,
	2.97661 3.27266,
	3.02739 3.24004,
	3.05277 3.22373,
	3.06548 3.2203,
	3.07817 3.21058,
	3.08765 3.15997,
	3.09077 3.1095,
	3.08758 3.08437,
	3.0685 3.0596,
	3.05896 3.04721,
	3.05255 2.99696,
	3.05251 2.94656,
	3.06198 2.89596,
	3.07149 2.87054,
	3.10636 2.81938,
	3.11588 2.80658,
	3.16668 2.79915,
	3.19207 2.79229,
	3.29364 2.7491,
	3.34443 2.73222,
	3.36983 2.72851,
	3.38252 2.72508,
	3.40156 2.70261,
	3.4079 2.68988,
	3.45867 2.6604,
	3.48405 2.6441,
	3.53484 2.62722,
	3.56024 2.62036,
	3.61102 2.59719,
	3.62372 2.59061,
	3.67129 2.53915,
	3.71253 2.48785,
	3.72521 2.47497,
	3.73156 2.47168,
	3.7538 2.48379,
	3.76972 2.53383,
	3.77292 2.54636,
	3.81424 2.59584,
	3.83014 2.62069,
	3.85881 2.72084,
	3.86518 2.73015,
	3.81441 2.77853,
	3.78904 2.80113,
	3.73826 2.82745,
	3.71287 2.84376,
	3.66529 2.88891,
	3.63676 2.93994,
	3.60828 3.04136,
	3.61786 3.09154,
	3.61469 3.10421,
	3.602 3.11709,
	3.55121 3.12766,
	3.52581 3.13137,
	3.475 3.1262,
	3.37336 3.10325,
	3.32256 3.09492,
	3.29715 3.08919,
	3.28443 3.08317,
	3.23366 3.10949,
	3.22097 3.11607,
	3.18926 3.16717,
	3.17341 3.19271,
	3.1639 3.21812,
	3.16074 3.2308,
	3.16075 3.23709,
	3.10997 3.26026,
	3.08458 3.27658,
	3.07189 3.28946,
	3.04651 3.30261,
	2.99891 3.34146,
	2.96403 3.39263,
	2.95134 3.40236,
	2.84973 3.40461,
	2.79893 3.40573,
	2.77353 3.4063,
	2.72274 3.43261,
	2.71324 3.44542,
	2.68783 3.44914,
	2.67514 3.45571,
	2.66244 3.456,
	2.64975 3.46258,
	2.44653 3.47653,
	2.34493 3.47877,
	2.33223 3.4759,
	2.28455 3.42656,
	2.25913 3.40822,
	2.23371 3.39619,
	2.18291 3.39101,
	2.17019 3.37869,
	2.1384 3.329,
	2.12567 3.31668,
	2.11613 3.2917,
	2.11613 3.28539,
	2.10341 3.27623,
	2.08432 3.22626,
	2.07157 3.17614,
	2.06837 3.16361,
	2.05883 3.15123,
	2.04929 3.12624,
	2.04606 3.07591,
	2.04604 3.05072,
	2.04603 3.04757,
	"/>
<Contour name="d03" hidden="false" closed="true" simplified="true" border="0 1 0" fill="0 1 0" mode="9"
 points="3.5182 1.8307,
	3.52453 1.81797,
	3.54992 1.79221,
	3.5753 1.77905,
	3.60069 1.75959,
	3.65148 1.74901,
	3.70227 1.73215,
	3.71497 1.73187,
	3.72767 1.72528,
	3.75309 1.74362,
	3.77851 1.76825,
	3.78805 1.78064,
	3.79441 1.7868,
	3.79446 1.8372,
	3.79448 1.86239,
	3.78815 1.88773,
	3.78816 1.90033,
	3.78183 1.91307,
	3.77548 1.91951,
	3.77549 1.92581,
	3.74696 1.97683,
	3.74381 2.00211,
	3.73431 2.02751,
	3.71846 2.05306,
	3.70896 2.07846,
	3.70261 2.09121,
	3.68041 2.11375,
	3.66772 2.12347,
	3.64233 2.13034,
	3.62963 2.13692,
	3.60422 2.13748,
	3.59152 2.13461,
	3.56927 2.11305,
	3.55973 2.10066,
	3.55336 2.07561,
	3.53111 2.05091,
	3.5184 2.03858,
	3.51821 1.83701,
	3.5182 1.83386,
	"/>
<Contour name="d03p12" hidden="false" closed="true" simplified="false" border="0.5 0 1" fill="0.5 0 1" mode="13"
 points="3.71042 2.56508,
	3.6954 2.56044,
	3.71041 2.55515,
	3.70039 2.54046,
	3.71542 2.55007,
	3.72041 2.53506,
	3.72543 2.54985,
	3.74044 2.53958,
	3.73044 2.55471,
	3.74546 2.55933,
	3.73045 2.56463,
	3.74048 2.57931,
	3.72545 2.56971,
	3.72046 2.58472,
	3.71544 2.56994,
	3.70043 2.5802,
	"/>
<Contour name="ax02" comment="LK bouton trace named after cfa" hidden="false" closed="true" simplified="true" border="0 1 1" fill="0.502 1 1" mode="9"
 points="3.88442 2.49373,
	3.88888 2.48778,
	3.91044 2.464,
	3.9201 2.45211,
	3.93199 2.44244,
	3.94389 2.43575,
	3.96767 2.42758,
	3.97956 2.42535,
	3.99146 2.42461,
	4.0866 2.42907,
	4.11038 2.43352,
	4.13417 2.44096,
	4.14606 2.44467,
	4.15201 2.44616,
	4.1639 2.45136,
	4.18768 2.45508,
	4.21147 2.46177,
	4.22336 2.46549,
	4.22931 2.46846,
	4.23525 2.46995,
	4.25904 2.4811,
	4.27093 2.48556,
	4.28283 2.49299,
	4.30661 2.51231,
	4.3185 2.52198,
	4.3304 2.53387,
	4.3356 2.53982,
	4.35195 2.5636,
	4.35715 2.56955,
	4.36905 2.57624,
	4.37499 2.57921,
	4.38614 2.58813,
	4.38986 2.60002,
	4.38912 2.61191,
	4.37797 2.6357,
	4.37276 2.64759,
	4.36979 2.65948,
	4.36905 2.66543,
	4.34452 2.713,
	4.33263 2.73679,
	4.32594 2.74868,
	4.31553 2.75983,
	4.29174 2.77098,
	4.26796 2.77767,
	4.26201 2.7799,
	4.23823 2.7799,
	4.21444 2.77841,
	4.16687 2.77023,
	4.14309 2.76503,
	4.09552 2.74942,
	4.08362 2.74496,
	4.07173 2.73902,
	4.06579 2.73753,
	4.042 2.72787,
	4.03011 2.72415,
	4.01821 2.7182,
	4.01227 2.71449,
	4.00632 2.70928,
	3.98254 2.70185,
	3.95875 2.68996,
	3.94686 2.68178,
	3.94091 2.67732,
	3.93497 2.67138,
	3.92753 2.65948,
	3.92307 2.65354,
	3.91787 2.64165,
	3.91638 2.6357,
	3.91341 2.62975,
	3.91341 2.62827,
	3.91118 2.62529,
	3.90895 2.61935,
	3.90821 2.61637,
	3.90449 2.61043,
	3.89483 2.58664,
	3.89334 2.58516,
	3.89186 2.57921,
	3.89037 2.57772,
	3.8874 2.56583,
	3.88517 2.51826,
	3.88591 2.51231,
	3.88665 2.51083,
	3.88442 2.49893,
	3.88442 2.49596,
	3.88442 2.49447,
	"/>
</Transform>

<Transform dim="0"
 xcoef=" 0 1 0 0 0 0"
 ycoef=" 0 0 1 0 0 0">
<Contour name="ax09" comment="LK bouton trace named after cfa" hidden="false" closed="true" simplified="true" border="0 1 1" fill="0.502 1 1" mode="9"
 points="3.6846 2.14712,
	3.68817 2.12809,
	3.68995 2.11857,
	3.69055 2.10906,
	3.68936 2.09002,
	3.68936 2.08764,
	3.69233 2.08289,
	3.69888 2.06385,
	3.70244 2.05434,
	3.70423 2.04958,
	3.7072 2.04482,
	3.71018 2.0353,
	3.71315 2.03055,
	3.71315 2.02817,
	3.71731 2.01865,
	3.7185 2.01627,
	3.7191 2.01151,
	3.72207 2.00675,
	3.72505 1.99724,
	3.72921 1.98772,
	3.73099 1.98296,
	3.74527 1.96393,
	3.74884 1.95917,
	3.76906 1.92111,
	3.78571 1.88304,
	3.78988 1.87353,
	3.79582 1.85449,
	3.81069 1.81643,
	3.81248 1.81167,
	3.82378 1.79264,
	3.82854 1.78312,
	3.83508 1.7736,
	3.83805 1.76885,
	3.83924 1.76647,
	3.844 1.7629,
	3.86303 1.75993,
	3.87255 1.75933,
	3.88207 1.7623,
	3.88682 1.7623,
	3.89158 1.76409,
	3.92965 1.76647,
	3.94868 1.76825,
	3.9582 1.76766,
	3.96771 1.76587,
	3.98674 1.76468,
	3.98912 1.76468,
	3.99864 1.75874,
	4.00816 1.7516,
	4.01767 1.74743,
	4.02243 1.74684,
	4.02481 1.74625,
	4.03433 1.73851,
	4.03908 1.73494,
	4.04384 1.73316,
	4.05336 1.73197,
	4.09142 1.73197,
	4.11046 1.73197,
	4.11997 1.73257,
	4.12473 1.73316,
	4.12711 1.73376,
	4.13187 1.73732,
	4.1396 1.74684,
	4.14376 1.7516,
	4.14555 1.75398,
	4.16458 1.76171,
	4.16696 1.7623,
	4.17172 1.76587,
	4.18123 1.76885,
	4.19075 1.77004,
	4.19551 1.77182,
	4.19967 1.77598,
	4.20265 1.7855,
	4.20384 1.79026,
	4.20859 1.79977,
	4.21216 1.80453,
	4.21454 1.80929,
	4.21692 1.81108,
	4.21811 1.81345,
	4.21811 1.81464,
	4.22108 1.8194,
	4.22108 1.82059,
	4.22346 1.82297,
	4.23357 1.86104,
	4.23476 1.87055,
	4.23476 1.87531,
	4.23238 1.88483,
	4.2306 1.88958,
	4.22287 1.8991,
	4.21395 1.90802,
	4.20919 1.91278,
	4.20146 1.9223,
	4.1961 1.93181,
	4.18837 1.95085,
	4.18659 1.9556,
	4.18005 1.96512,
	4.17707 1.96988,
	4.17291 1.97464,
	4.16339 1.99367,
	4.15863 2.00319,
	4.15625 2.0127,
	4.15447 2.01746,
	4.15388 2.02698,
	4.15506 2.04601,
	4.15744 2.06504,
	4.16101 2.08407,
	4.16339 2.10311,
	4.16399 2.10787,
	4.16399 2.11024,
	4.16696 2.11976,
	4.16874 2.15783,
	4.16874 2.16734,
	4.16755 2.17686,
	4.16518 2.18638,
	4.16399 2.19113,
	4.15447 2.21017,
	4.14912 2.21968,
	4.14674 2.22444,
	4.1402 2.24347,
	4.13127 2.26251,
	4.1283 2.26726,
	4.10927 2.2863,
	4.07834 2.32436,
	4.07001 2.33388,
	4.05633 2.35291,
	4.0492 2.36243,
	4.04563 2.36719,
	4.03671 2.3767,
	4.02897 2.38622,
	4.02481 2.39098,
	4.00578 2.40525,
	3.99626 2.41239,
	3.97723 2.42131,
	3.96771 2.42726,
	3.96533 2.42845,
	3.96414 2.42845,
	3.96176 2.43023,
	3.95701 2.43142,
	3.95463 2.4332,
	3.95225 2.4338,
	3.95106 2.4338,
	3.94868 2.43558,
	3.93916 2.43856,
	3.92013 2.45224,
	3.91061 2.45997,
	3.90229 2.46889,
	3.88325 2.48317,
	3.87374 2.48971,
	3.86422 2.49506,
	3.85946 2.49744,
	3.85827 2.49744,
	3.8559 2.49922,
	3.85471 2.49922,
	3.85233 2.50101,
	3.84757 2.5022,
	3.83805 2.5022,
	3.83329 2.5022,
	3.82378 2.50398,
	3.80475 2.50398,
	3.79999 2.50398,
	3.79047 2.50041,
	3.78095 2.49566,
	3.77144 2.48971,
	3.753 2.47246,
	3.74884 2.4677,
	3.74765 2.46532,
	3.74348 2.46056,
	3.74051 2.45581,
	3.73694 2.44629,
	3.72861 2.43677,
	3.71553 2.41774,
	3.7072 2.40822,
	3.70363 2.40347,
	3.69947 2.39395,
	3.69828 2.38443,
	3.70601 2.3654,
	3.70899 2.35588,
	3.71018 2.35113,
	3.71077 2.34161,
	3.71077 2.33685,
	3.70958 2.33209,
	3.70482 2.32258,
	3.70244 2.31782,
	3.69888 2.29879,
	3.6965 2.28927,
	3.69531 2.28451,
	3.69471 2.275,
	3.69412 2.27024,
	3.69769 2.23217,
	3.69888 2.22266,
	3.6959 2.20362,
	3.69412 2.19411,
	3.68936 2.18459,
	3.6852 2.16556,
	3.6846 2.15604,
	3.6846 2.15128,
	3.6846 2.1489,
	3.6846 2.14772,
	"/>
</Transform>

<Transform dim="0"
 xcoef=" 0 1 0 0 0 0"
 ycoef=" 0 0 1 0 0 0">
<Contour name="ax15" comment="LK bouton trace named after cfa" hidden="false" closed="true" simplified="true" border="0 1 1" fill="0.502 1 1" mode="9"
 points="2.81518 1.75775,
	2.82098 1.7392,
	2.82445 1.72992,
	2.83489 1.71137,
	2.83605 1.70209,
	2.83721 1.69746,
	2.83721 1.69514,
	2.84069 1.6905,
	2.84996 1.6847,
	2.8546 1.68122,
	2.86388 1.6789,
	2.86619 1.67658,
	2.88475 1.67195,
	2.9033 1.66963,
	2.92185 1.66267,
	2.93112 1.66151,
	2.9404 1.66383,
	2.94504 1.66615,
	2.96359 1.66615,
	2.98214 1.66383,
	3.00069 1.66847,
	3.00301 1.66847,
	3.00533 1.67079,
	3.00765 1.67079,
	3.0262 1.68238,
	3.04359 1.6963,
	3.05867 1.71485,
	3.06678 1.72296,
	3.0691 1.7276,
	3.06678 1.80181,
	3.06098 1.82036,
	3.05403 1.82847,
	3.05171 1.83195,
	3.03664 1.84934,
	3.03084 1.85862,
	3.02736 1.8679,
	3.02504 1.87022,
	3.02156 1.87949,
	3.00881 1.89572,
	3.00069 1.90268,
	2.99605 1.90616,
	2.99374 1.90848,
	2.98446 1.9108,
	2.96591 1.9108,
	2.95663 1.9108,
	2.94736 1.90848,
	2.92881 1.90848,
	2.91025 1.91196,
	2.90562 1.91196,
	2.90098 1.91427,
	2.88243 1.91543,
	2.87779 1.91543,
	2.86851 1.91196,
	2.86388 1.9108,
	2.85692 1.90384,
	2.84764 1.89688,
	2.84301 1.89225,
	2.84185 1.87369,
	2.84416 1.86442,
	2.84416 1.85514,
	2.84416 1.8505,
	2.84069 1.84123,
	2.84069 1.83659,
	2.83605 1.82732,
	2.83257 1.80876,
	2.83025 1.80644,
	2.82329 1.78789,
	2.82098 1.78557,
	2.81518 1.76702,
	2.81518 1.75891,
	"/>
</Transform>

<Transform dim="0"
 xcoef=" 0 1 0 0 0 0"
 ycoef=" 0 0 1 0 0 0">
<Contour name="d01" hidden="false" closed="true" simplified="true" border="1 0.5 0" fill="1 0.5 0" mode="9"
 points="4.81343 2.95718,
	4.83392 2.92959,
	4.88861 2.89445,
	4.90224 2.83986,
	4.99791 2.73596,
	5.05258 2.68725,
	5.08673 2.63221,
	5.10723 2.60462,
	5.13458 2.59045,
	5.16194 2.58984,
	5.2167 2.61577,
	5.27146 2.66206,
	5.32622 2.69477,
	5.38095 2.70034,
	5.43569 2.7195,
	5.49045 2.7522,
	5.51782 2.76517,
	5.62728 2.76954,
	5.64095 2.76924,
	5.66834 2.78899,
	5.66839 2.84327,
	5.66157 2.87056,
	5.55216 2.90691,
	5.54534 2.92063,
	5.63437 3.02723,
	5.6823 3.07367,
	5.73706 3.10639,
	5.78498 3.15961,
	5.7782 3.21404,
	5.70306 3.32427,
	5.64837 3.35941,
	5.62103 3.38715,
	5.60738 3.4146,
	5.61427 3.46873,
	5.64168 3.52241,
	5.64174 3.57669,
	5.63493 3.60399,
	5.61443 3.6248,
	5.5597 3.62601,
	5.53234 3.62661,
	5.42284 3.58153,
	5.36811 3.56917,
	5.31334 3.52289,
	5.27225 3.46952,
	5.25166 3.41569,
	5.20374 3.36246,
	5.15582 3.3296,
	5.04633 3.2913,
	4.99158 3.26537,
	4.99159 3.27895,
	5.03953 3.32538,
	5.03269 3.3391,
	4.98477 3.29266,
	4.95052 3.23913,
	4.90258 3.18591,
	4.86832 3.13239,
	4.87514 3.11866,
	4.8409 3.07193,
	4.82035 3.04524,
	4.81346 2.99111,
	4.81343 2.96397,
	"/>
<Contour name="d08cfa15ax26" hidden="false" closed="false" simplified="false" border="0 1 1" fill="0 1 1" mode="9"
 points="4.84537 2.42116,
	4.75598 2.34476,
	"/>
<Contour name="ax08" comment="LK bouton trace named after cfa" hidden="false" closed="true" simplified="true" border="0 1 1" fill="0.502 1 1" mode="9"
 points="4.54093 2.72639,
	4.55389 2.70199,
	4.56304 2.68979,
	4.56761 2.68369,
	4.57981 2.67454,
	4.58591 2.67149,
	4.59201 2.66615,
	4.59811 2.66463,
	4.6225 2.66463,
	4.6347 2.66387,
	4.6469 2.66006,
	4.653 2.65777,
	4.66444 2.64633,
	4.67359 2.63413,
	4.67892 2.62193,
	4.68883 2.6105,
	4.70103 2.60135,
	4.70408 2.5983,
	4.70942 2.5739,
	4.71247 2.5617,
	4.71704 2.54951,
	4.7239 2.53731,
	4.72848 2.53121,
	4.75288 2.51291,
	4.76507 2.50376,
	4.77727 2.49766,
	4.78947 2.49537,
	4.81387 2.49461,
	4.86266 2.48927,
	4.88706 2.48546,
	4.89926 2.48165,
	4.90231 2.48165,
	4.90383 2.48165,
	4.90993 2.48623,
	4.91451 2.49232,
	4.91756 2.51672,
	4.91908 2.52892,
	4.92061 2.53502,
	4.92671 2.54722,
	4.93128 2.55332,
	4.95492 2.57771,
	4.96406 2.58991,
	4.96788 2.59601,
	4.99227 2.61431,
	5.00447 2.6227,
	5.01133 2.6349,
	5.01667 2.64709,
	5.01591 2.65929,
	5.01362 2.66539,
	5.00905 2.67149,
	5.00447 2.68369,
	5.00371 2.70809,
	5.00142 2.72029,
	4.99532 2.73248,
	4.97093 2.75383,
	4.95873 2.76451,
	4.95339 2.7706,
	4.94805 2.7828,
	4.94577 2.7889,
	4.94195 2.795,
	4.93052 2.8072,
	4.92747 2.81025,
	4.91984 2.82245,
	4.89392 2.87124,
	4.89011 2.88344,
	4.88401 2.89564,
	4.88096 2.90174,
	4.87639 2.92614,
	4.87486 2.93224,
	4.86419 2.94443,
	4.86114 2.94748,
	4.84894 2.95282,
	4.82454 2.96121,
	4.82149 2.96273,
	4.81768 2.96883,
	4.81616 2.98103,
	4.81616 2.98713,
	4.81082 2.99933,
	4.80472 3.00238,
	4.79252 3.00009,
	4.78032 2.99933,
	4.76812 3.00467,
	4.75593 3.01229,
	4.73153 3.02373,
	4.72543 3.02296,
	4.72238 3.02068,
	4.71552 3.00848,
	4.71171 3.00314,
	4.69951 2.99704,
	4.68731 2.99552,
	4.68121 2.99552,
	4.66901 2.99933,
	4.66291 3.00009,
	4.65681 2.9978,
	4.64461 2.98942,
	4.63851 2.98408,
	4.63241 2.97188,
	4.62937 2.96578,
	4.62632 2.95358,
	4.61412 2.92919,
	4.61107 2.92309,
	4.60116 2.87429,
	4.57905 2.8255,
	4.5699 2.8011,
	4.56532 2.7889,
	4.55236 2.76451,
	4.54626 2.75231,
	4.54245 2.74011,
	4.54093 2.73401,
	4.54093 2.72791,
	4.54093 2.72715,
	"/>
<Contour name="d08" hidden="false" closed="true" simplified="true" border="1 0 0" fill="1 0 0" mode="9"
 points="3.95944 3.02038,
	3.99492 2.94909,
	4.01265 2.91344,
	4.04371 2.8775,
	4.06146 2.85948,
	4.13251 2.82265,
	4.16804 2.80864,
	4.20358 2.80786,
	4.22135 2.80747,
	4.2924 2.77945,
	4.32347 2.74793,
	4.36338 2.67653,
	4.38112 2.64088,
	4.41219 2.60494,
	4.47877 2.55499,
	4.62086 2.47693,
	4.66967 2.40976,
	4.69184 2.374,
	4.72291 2.34248,
	4.74068 2.34208,
	4.74956 2.34189,
	4.81626 2.3977,
	4.83403 2.40171,
	4.85181 2.41454,
	4.8563 2.44969,
	4.85186 2.46742,
	4.81635 2.49464,
	4.79859 2.50385,
	4.76305 2.50464,
	4.73197 2.52736,
	4.71422 2.54538,
	4.64315 2.55136,
	4.6076 2.55655,
	4.58985 2.57016,
	4.58097 2.57917,
	4.5632 2.57956,
	4.55432 2.57976,
	4.54545 2.59759,
	4.53658 2.6066,
	4.53217 2.64195,
	4.47892 2.70923,
	4.47005 2.72706,
	4.45229 2.74066,
	4.43453 2.74547,
	4.40791 2.7769,
	4.39906 2.81236,
	4.39909 2.84761,
	4.40355 2.86514,
	4.43024 2.89539,
	4.43471 2.93055,
	4.45696 2.96531,
	4.49253 2.99978,
	4.51034 3.03464,
	4.6393 3.16839,
	4.65265 3.18572,
	4.65722 3.32664,
	4.65282 3.36199,
	4.62179 3.4332,
	4.6218 3.45082,
	4.5641 3.50938,
	4.5286 3.54102,
	4.45756 3.58665,
	4.3154 3.5898,
	4.29762 3.58579,
	4.22648 3.52126,
	4.19976 3.45135,
	4.14638 3.38201,
	4.1108 3.34754,
	4.05743 3.27822,
	4.05736 3.20771,
	4.05733 3.17245,
	4.05731 3.15483,
	4.03062 3.12017,
	4.01284 3.10733,
	3.99507 3.10333,
	3.96393 3.07316,
	3.95945 3.03801,
	3.95944 3.0248,
	"/>
</Transform>

<Transform dim="0"
 xcoef=" 0 1 0 0 0 0"
 ycoef=" 0 0 1 0 0 0">
<Contour name="ax26" comment="LK bouton trace named after cfa" hidden="false" closed="true" simplified="true" border="0 1 1" fill="0.502 1 1" mode="9"
 points="4.77754 2.22344,
	4.78862 2.18968,
	4.79442 2.17281,
	4.79653 2.16859,
	4.80127 2.15171,
	4.80391 2.14328,
	4.80602 2.13906,
	4.80655 2.13484,
	4.80655 2.13273,
	4.80813 2.12851,
	4.80919 2.12007,
	4.81499 2.10319,
	4.82237 2.08632,
	4.82501 2.0821,
	4.82553 2.07999,
	4.82712 2.07788,
	4.82817 2.07366,
	4.83081 2.06944,
	4.83239 2.06522,
	4.83397 2.06311,
	4.83397 2.06206,
	4.84083 2.05362,
	4.84346 2.0494,
	4.85138 2.04096,
	4.85507 2.03674,
	4.85876 2.02831,
	4.85981 2.0262,
	4.86087 2.01776,
	4.86509 2.00932,
	4.8672 2.00721,
	4.86931 2.00616,
	4.87353 2.00194,
	4.87353 2.00088,
	4.87563 1.9993,
	4.87616 1.99719,
	4.87722 1.99614,
	4.8788 1.9877,
	4.8788 1.98348,
	4.87563 1.97926,
	4.87353 1.97715,
	4.87142 1.97293,
	4.86878 1.97029,
	4.86667 1.96186,
	4.86667 1.95764,
	4.86983 1.9492,
	4.87194 1.94498,
	4.87247 1.93654,
	4.87353 1.93443,
	4.87353 1.93232,
	4.87616 1.9281,
	4.87985 1.92388,
	4.88829 1.91808,
	4.8904 1.91597,
	4.89093 1.91386,
	4.88882 1.90543,
	4.88776 1.89699,
	4.88776 1.88855,
	4.88987 1.88433,
	4.89093 1.88222,
	4.89515 1.87853,
	4.90359 1.87378,
	4.91202 1.87062,
	4.91624 1.86904,
	4.92468 1.86271,
	4.93312 1.85796,
	4.94156 1.8548,
	4.94578 1.85427,
	4.95 1.85216,
	4.95843 1.84583,
	4.96265 1.84214,
	4.96582 1.83792,
	4.97056 1.82948,
	4.97478 1.82526,
	4.97742 1.82105,
	4.98533 1.81366,
	4.98955 1.8105,
	4.99377 1.80892,
	5.00221 1.80311,
	5.00643 1.80048,
	5.01486 1.7989,
	5.0233 1.79837,
	5.03174 1.7989,
	5.04018 1.80101,
	5.04862 1.80417,
	5.05283 1.80575,
	5.06127 1.80681,
	5.06971 1.80628,
	5.07393 1.80628,
	5.08237 1.8047,
	5.09081 1.80153,
	5.09503 1.79995,
	5.10346 1.7989,
	5.1119 1.79995,
	5.12034 1.80311,
	5.12456 1.8047,
	5.133 1.80628,
	5.16675 1.80681,
	5.17097 1.80733,
	5.17308 1.80733,
	5.18152 1.81208,
	5.18573 1.81472,
	5.19417 1.82316,
	5.20788 1.84003,
	5.21158 1.84425,
	5.2216 1.86113,
	5.23267 1.878,
	5.23425 1.88011,
	5.23531 1.88433,
	5.24006 1.89277,
	5.24164 1.89699,
	5.24797 1.90543,
	5.25113 1.90965,
	5.25535 1.91808,
	5.25799 1.92652,
	5.26695 1.9434,
	5.27117 1.95184,
	5.2775 1.96027,
	5.28066 1.96449,
	5.28225 1.9666,
	5.2833 1.96608,
	5.29174 1.96977,
	5.30018 1.97451,
	5.30861 1.9761,
	5.32549 1.97715,
	5.33393 1.97715,
	5.34237 1.97873,
	5.34659 1.98137,
	5.35344 1.98981,
	5.35502 1.99192,
	5.35608 1.99297,
	5.35713 1.99719,
	5.3603 2.00141,
	5.36135 2.00563,
	5.36715 2.01407,
	5.38139 2.03094,
	5.38772 2.03938,
	5.39141 2.04782,
	5.393 2.05204,
	5.39563 2.05573,
	5.39774 2.05573,
	5.40565 2.06364,
	5.41145 2.07208,
	5.42464 2.08896,
	5.43044 2.09739,
	5.43519 2.10583,
	5.43677 2.11005,
	5.45839 2.1438,
	5.46103 2.14802,
	5.46419 2.15646,
	5.46525 2.1649,
	5.46366 2.18177,
	5.46472 2.19865,
	5.46947 2.21553,
	5.47052 2.2324,
	5.46999 2.24928,
	5.47316 2.28303,
	5.47263 2.29991,
	5.46999 2.31678,
	5.46683 2.32522,
	5.46261 2.33366,
	5.45734 2.3421,
	5.4547 2.34632,
	5.45101 2.35054,
	5.44573 2.35897,
	5.42886 2.37532,
	5.42464 2.37901,
	5.42253 2.38112,
	5.41409 2.3864,
	5.41198 2.38745,
	5.39563 2.4038,
	5.38087 2.42068,
	5.37243 2.42859,
	5.36821 2.43228,
	5.35977 2.43808,
	5.35555 2.44072,
	5.34922 2.44916,
	5.34711 2.45338,
	5.34553 2.47025,
	5.34448 2.47869,
	5.34131 2.48713,
	5.33973 2.49135,
	5.33868 2.49346,
	5.33024 2.50137,
	5.32602 2.50506,
	5.29227 2.52457,
	5.28383 2.52985,
	5.26695 2.53881,
	5.26273 2.54039,
	5.26062 2.54145,
	5.24533 2.55832,
	5.23689 2.56413,
	5.22845 2.56834,
	5.22001 2.56993,
	5.2158 2.57045,
	5.19892 2.56887,
	5.19048 2.56623,
	5.18626 2.56518,
	5.15251 2.56518,
	5.14407 2.56096,
	5.1272 2.55041,
	5.11032 2.53881,
	5.10188 2.53354,
	5.09766 2.5309,
	5.08922 2.52352,
	5.07288 2.50664,
	5.06444 2.50242,
	5.04756 2.49715,
	5.03912 2.49504,
	5.03068 2.49398,
	5.02647 2.49346,
	5.00959 2.49504,
	4.99271 2.49557,
	4.98428 2.49557,
	4.9674 2.49346,
	4.95896 2.4924,
	4.92521 2.48449,
	4.90833 2.48291,
	4.89989 2.48133,
	4.89568 2.4808,
	4.89357 2.47974,
	4.88935 2.47553,
	4.88407 2.46709,
	4.88302 2.46498,
	4.87458 2.45707,
	4.8614 2.44019,
	4.85454 2.43175,
	4.8461 2.4249,
	4.82923 2.41277,
	4.82079 2.40591,
	4.81657 2.40275,
	4.80866 2.39431,
	4.80497 2.39009,
	4.79916 2.38165,
	4.79073 2.36478,
	4.78914 2.35634,
	4.78862 2.3479,
	4.79125 2.33946,
	4.79284 2.33524,
	4.79178 2.31837,
	4.79178 2.30149,
	4.79178 2.29727,
	4.78914 2.28883,
	4.78756 2.28039,
	4.78176 2.26352,
	4.77912 2.25508,
	4.77807 2.25086,
	4.77754 2.23398,
	4.77754 2.22555,
	4.77754 2.22396,
	"/>
</Transform>

<Transform dim="0"
 xcoef=" 0 1 0 0 0 0"
 ycoef=" 0 0 1 0 0 0">
<Contour name="d03c10ax08" hidden="false" closed="true" simplified="true" border="0 1 0" fill="0 1 0" mode="9"
 points="4.50166 2.79482,
	4.56554 2.76288,
	4.58151 2.75489,
	4.58849 2.7509,
	4.6404 2.87866,
	4.66635 2.94255,
	4.67234 2.95852,
	4.60846 2.98447,
	4.57652 2.99744,
	4.57252 2.98946,
	4.52661 2.8617,
	4.50265 2.79781,
	4.50166 2.79582,
	"/>
</Transform>

<Transform dim="0"
 xcoef=" 0 1 0 0 0 0"
 ycoef=" 0 0 1 0 0 0">
<Contour name="d08c15ax26" hidden="false" closed="true" simplified="true" border="0 1 0" fill="0 1 0" mode="9"
 points="4.73174 2.37199,
	4.75215 2.34587,
	4.75868 2.34097,
	4.81091 2.30996,
	4.82397 2.30179,
	4.82969 2.29853,
	4.85009 2.35077,
	4.85989 2.37689,
	4.86479 2.38995,
	4.86642 2.39321,
	4.86724 2.39485,
	4.84601 2.42097,
	4.83459 2.43403,
	4.82969 2.44056,
	4.82642 2.44382,
	4.77418 2.40464,
	4.74806 2.38424,
	4.735 2.37444,
	4.73256 2.37281,
	"/>
</Transform>

</Section>