<?xml version="1.0"?>
<!DOCTYPE Section SYSTEM "section.dtd">

<Section index="198" thickness="0.045" alignLocked="true">
<Transform dim="6"
 xcoef=" -1.11212535356819 1.0081619887597 -0.021891705946757 0 0 0"
 ycoef=" -0.439707541914752 0.0132164509415794 0.986712221313614 0 0 0">
<Contour name="D04" hidden="false" closed="true" simplified="true" border="1 0 0" fill="1 0 0" mode="11"
 points="5.46492 7.28996,
	5.46778 7.25096,
	5.47628 7.21281,
	5.49024 7.17634,
	5.50936 7.14235,
	5.53323 7.11158,
	5.56131 7.0847,
	5.59299 7.0623,
	5.6276 7.04487,
	5.66436 7.03278,
	5.70248 7.0263,
	5.74113 7.02558,
	5.77947 7.03063,
	5.81665 7.04133,
	5.85186 7.05746,
	5.88435 7.07866,
	5.91339 7.10447,
	5.93836 7.13432,
	5.95871 7.16758,
	5.97399 7.2035,
	5.98388 7.24131,
	5.98816 7.28018,
	5.98673 7.31926,
	5.97963 7.35771,
	5.96701 7.39467,
	5.94914 7.42936,
	5.92642 7.461,
	5.89934 7.48891,
	5.86849 7.51248,
	5.83455 7.53119,
	5.79825 7.54464,
	5.76039 7.55254,
	5.72179 7.55471,
	5.6833 7.5511,
	5.64576 7.54179,
	5.60998 7.52699,
	5.57674 7.50702,
	5.54678 7.48231,
	5.52073 7.45341,
	5.49918 7.42094,
	5.48259 7.38562,
	5.47133 7.3482,
	"/>
</Transform>

<Transform dim="6"
 xcoef=" 0.637874646431816 1.0081619887597 -0.021891705946757 0 0 0"
 ycoef=" 0.420292458085248 0.0132164509415794 0.986712221313614 0 0 0">
<Contour name="D05" hidden="false" closed="true" simplified="true" border="1 1 0" fill="1 1 0" mode="11"
 points="2.69299 3.97404,
	2.70475 3.90163,
	2.73888 3.83632,
	2.79205 3.78448,
	2.85904 3.7512,
	2.93329 3.73974,
	3.00755 3.7512,
	3.07454 3.78448,
	3.12771 3.83632,
	3.16184 3.90163,
	3.1736 3.97404,
	3.16184 4.04644,
	3.12771 4.11175,
	3.07454 4.16359,
	3.00755 4.19687,
	2.93329 4.20833,
	2.85904 4.19687,
	2.79205 4.16359,
	2.73888 4.11175,
	"/>
</Transform>

<Transform dim="6"
 xcoef=" 0.0378746464318156 1.0081619887597 -0.021891705946757 0 0 0"
 ycoef=" 0.000292458085248304 0.0132164509415794 0.986712221313614 0 0 0">
<Contour name="d01" hidden="true" closed="true" simplified="true" border="1 0.5 0" fill="1 0.5 0" mode="9"
 points="5.39678 3.99031,
	5.42342 3.90507,
	5.4394 3.81983,
	5.45538 3.77721,
	5.52997 3.6973,
	5.55128 3.69197,
	5.56193 3.69197,
	5.60455 3.72926,
	5.61521 3.73992,
	5.61521 3.76123,
	5.59922 3.80385,
	5.60988 3.97433,
	5.5566 4.05424,
	5.53529 4.05424,
	5.45005 4.02761,
	5.42874 4.02761,
	5.41809 4.03293,
	5.39678 4.01695,
	5.39678 3.99564,
	"/>
</Transform>

<Transform dim="6"
 xcoef=" 0.0378746464318156 1.0081619887597 -0.021891705946757 0 0 0"
 ycoef=" 0.000292458085248304 0.0132164509415794 0.986712221313614 0 0 0">
<Contour name="d01" hidden="true" closed="true" simplified="true" border="1 0.5 0" fill="1 0.5 0" mode="9"
 points="3.82516 4.74682,
	3.90507 4.66158,
	3.94769 4.63494,
	3.97966 4.59232,
	4.01162 4.50708,
	4.02761 4.42184,
	4.03293 4.3366,
	4.05957 4.16612,
	4.07555 4.1235,
	4.11817 4.13948,
	4.13416 4.16079,
	4.17678 4.17145,
	4.19809 4.18743,
	4.20874 4.18743,
	4.29398 4.24603,
	4.3366 4.26202,
	4.35791 4.26734,
	4.36857 4.26202,
	4.41119 4.28333,
	4.4325 4.30464,
	4.51774 4.29931,
	4.56036 4.28865,
	4.6456 4.25136,
	4.68822 4.23538,
	4.73084 4.23005,
	4.81608 4.19276,
	4.90132 4.20874,
	4.98656 4.24603,
	5.0718 4.25136,
	5.11442 4.25669,
	5.13573 4.26202,
	5.15704 4.25136,
	5.19433 4.21407,
	5.19966 4.20341,
	5.22097 4.19809,
	5.26359 4.17145,
	5.2849 4.17145,
	5.29555 4.17145,
	5.31154 4.19276,
	5.32219 4.278,
	5.36481 4.44848,
	5.37547 4.45913,
	5.39145 4.50175,
	5.40743 4.52306,
	5.41276 4.56568,
	5.39678 4.6083,
	5.35949 4.64027,
	5.33818 4.64027,
	5.31154 4.61363,
	5.26892 4.6083,
	5.23162 4.57101,
	5.18368 4.48577,
	5.16237 4.46446,
	5.13573 4.42717,
	5.09311 4.41119,
	5.08245 4.40053,
	5.0718 4.40053,
	5.05049 4.42184,
	5.01852 4.50708,
	5.00787 4.5497,
	4.91197 4.72018,
	4.88534 4.80542,
	4.8587 4.84272,
	4.81608 4.84804,
	4.79477 4.86403,
	4.77346 4.85337,
	4.73084 4.85337,
	4.72551 4.89066,
	4.73084 4.93328,
	4.74682 4.95459,
	4.7628 4.99721,
	4.77346 5.01852,
	4.76813 5.03983,
	4.72551 5.06114,
	4.64027 5.05049,
	4.59765 5.03983,
	4.55503 5.00254,
	4.53905 4.95992,
	4.53905 4.94927,
	4.50175 4.92263,
	4.48044 4.91197,
	4.46979 4.91197,
	4.45913 4.90132,
	4.41651 4.90132,
	4.33127 4.9173,
	4.30996 4.9173,
	4.28865 4.90665,
	4.11817 4.94394,
	4.09686 4.94927,
	4.07555 4.96525,
	4.05957 5.05049,
	4.04892 5.06647,
	4.0063 5.09844,
	3.97966 5.13573,
	3.97966 5.15704,
	3.97433 5.16237,
	3.969 5.15704,
	3.94769 5.17302,
	3.92638 5.17835,
	3.91573 5.17835,
	3.88909 5.13573,
	3.88376 5.09311,
	3.88909 5.00787,
	3.89974 4.98656,
	3.89974 4.94394,
	3.89974 4.93328,
	3.88376 4.9173,
	3.87843 4.83206,
	3.86778 4.83206,
	3.83049 4.8001,
	3.82516 4.75748,
	3.82516 4.75215,
	"/>
</Transform>

<Transform dim="6"
 xcoef=" 0.0378746464318156 1.0081619887597 -0.021891705946757 0 0 0"
 ycoef=" 0.000292458085248304 0.0132164509415794 0.986712221313614 0 0 0">
<Contour name="d01" hidden="true" closed="true" simplified="true" border="1 0.5 0" fill="1 0.5 0" mode="9"
 points="4.24071 5.06647,
	4.26734 5.02385,
	4.30996 4.99189,
	4.32062 4.97058,
	4.36324 4.93861,
	4.40586 4.9173,
	4.44848 4.90665,
	4.4911 4.91197,
	4.51774 4.95459,
	4.52306 4.99721,
	4.52306 5.01852,
	4.51241 5.03983,
	4.4911 5.05049,
	4.45913 5.09311,
	4.44315 5.11442,
	4.43782 5.11975,
	4.4325 5.10909,
	4.41119 5.10909,
	4.36857 5.0718,
	4.34726 5.07713,
	4.32595 5.09311,
	4.31529 5.11442,
	4.29398 5.13573,
	4.27267 5.14638,
	4.25136 5.14106,
	4.24071 5.1304,
	4.24071 5.08778,
	4.24071 5.0718,
	"/>
</Transform>

<Transform dim="6"
 xcoef=" 0.0378746464318156 1.0081619887597 -0.021891705946757 0 0 0"
 ycoef=" 0.000292458085248304 0.0132164509415794 0.986712221313614 0 0 0">
<Contour name="d01c33" hidden="false" closed="true" simplified="true" border="0 1 0" fill="0 1 0" mode="9"
 points="5.29194 4.28435,
	5.29752 4.28156,
	5.3059 4.29272,
	5.33102 4.38204,
	5.3366 4.3932,
	5.34218 4.39879,
	5.35055 4.42111,
	5.37846 4.46298,
	5.39242 4.48531,
	5.40358 4.52997,
	5.40638 4.5523,
	5.39521 4.55509,
	5.37288 4.53555,
	5.36172 4.51322,
	5.35893 4.50206,
	5.34218 4.47973,
	5.33102 4.4574,
	5.30311 4.36808,
	5.29473 4.32343,
	5.29194 4.3011,
	5.29194 4.28993,
	5.29194 4.28714,
	"/>
</Transform>

<Transform dim="6"
 xcoef=" 0.0378746464318156 1.0081619887597 -0.021891705946757 0 0 0"
 ycoef=" 0.000292458085248304 0.0132164509415794 0.986712221313614 0 0 0">
<Contour name="d01cfa33" hidden="false" closed="false" simplified="false" border="0 1 1" fill="0 1 1" mode="9"
 points="5.29226 4.28277,
	5.30343 4.30789,
	5.3118 4.3665,
	5.33413 4.43628,
	5.37599 4.50326,
	5.39553 4.55071,
	"/>
</Transform>

<Transform dim="6"
 xcoef=" 0.0378746464318156 1.0081619887597 -0.021891705946757 0 0 0"
 ycoef=" 0.000292458085248304 0.0132164509415794 0.986712221313614 0 0 0">
<Contour name="d01c34" hidden="false" closed="true" simplified="true" border="0 1 0" fill="0 1 0" mode="9"
 points="5.5571 3.86289,
	5.56547 3.81824,
	5.57384 3.79591,
	5.59338 3.77358,
	5.60454 3.768,
	5.61571 3.768,
	5.62129 3.77358,
	5.6185 3.81824,
	5.62408 3.86289,
	5.62408 3.88522,
	5.62687 3.88801,
	5.6185 3.89918,
	5.61571 3.94384,
	5.61571 3.96616,
	5.60175 3.98849,
	5.57942 4.00524,
	5.56826 4.00245,
	5.56547 3.98012,
	5.56826 3.93546,
	5.55989 3.8908,
	5.5571 3.86848,
	5.5571 3.86568,
	"/>
</Transform>

<Transform dim="6"
 xcoef=" 0.0378746464318156 1.0081619887597 -0.021891705946757 0 0 0"
 ycoef=" 0.000292458085248304 0.0132164509415794 0.986712221313614 0 0 0">
<Contour name="d01cfa34" hidden="false" closed="false" simplified="false" border="0 1 1" fill="0 1 1" mode="9"
 points="5.60766 3.76641,
	5.59928 3.78595,
	5.58812 3.82781,
	5.58254 3.87526,
	5.59091 3.91434,
	5.5937 3.96458,
	5.57975 3.99807,
	"/>
</Transform>

<Transform dim="6"
 xcoef=" 0.0378746464318156 1.0081619887597 -0.021891705946757 0 0 0"
 ycoef=" 0.000292458085248304 0.0132164509415794 0.986712221313614 0 0 0">
<Contour name="d03" hidden="false" closed="true" simplified="true" border="0 1 0" fill="0 1 0" mode="9"
 points="3.36052 2.01812,
	3.37863 1.98914,
	3.39132 1.96015,
	3.40037 1.94566,
	3.42755 1.91667,
	3.44023 1.90218,
	3.44748 1.89493,
	3.47646 1.88044,
	3.50545 1.87138,
	3.51994 1.86595,
	3.54892 1.86414,
	3.57791 1.86776,
	3.63588 1.89131,
	3.66487 1.90399,
	3.72284 1.91305,
	3.75182 1.91848,
	3.86777 1.92211,
	3.92574 1.93117,
	3.93298 1.93298,
	3.98552 1.98914,
	4.01632 2.04711,
	4.04349 2.10508,
	4.05617 2.13407,
	4.07248 2.19204,
	4.0761 2.22102,
	4.07791 2.23551,
	4.0761 2.25001,
	4.03625 2.30798,
	4.02538 2.32247,
	4.00907 2.38044,
	4.00182 2.40943,
	3.99639 2.4674,
	4.00364 2.58334,
	3.99639 2.61233,
	3.99277 2.62682,
	3.98914 2.63407,
	3.96016 2.64131,
	3.95291 2.64312,
	3.89494 2.62501,
	3.83697 2.59965,
	3.779 2.57066,
	3.72103 2.55436,
	3.69204 2.54711,
	3.66306 2.53443,
	3.64856 2.52718,
	3.59059 2.48733,
	3.53262 2.46378,
	3.50363 2.45291,
	3.48914 2.44566,
	3.47465 2.43298,
	3.4674 2.42573,
	3.44385 2.36776,
	3.44023 2.33878,
	3.44023 2.33153,
	3.4982 2.29349,
	3.52537 2.27537,
	3.5453 2.2174,
	3.54892 2.20291,
	3.53443 2.14493,
	3.52719 2.11595,
	3.52175 2.10146,
	3.50545 2.07247,
	3.47646 2.05617,
	3.44748 2.04348,
	3.3895 2.03805,
	3.36233 2.01993,
	"/>
</Transform>

<Transform dim="6"
 xcoef=" 0.0378746464318156 1.0081619887597 -0.021891705946757 0 0 0"
 ycoef=" 0.000292458085248304 0.0132164509415794 0.986712221313614 0 0 0">
<Contour name="D10" hidden="false" closed="true" simplified="true" border="0 1 1" fill="0 1 1" mode="11"
 points="5.84613 1.69449,
	5.85422 1.65328,
	5.87771 1.6161,
	5.9143 1.58659,
	5.9604 1.56765,
	6.0115 1.56112,
	6.0626 1.56765,
	6.1087 1.58659,
	6.14529 1.6161,
	6.16878 1.65328,
	6.17687 1.69449,
	6.16878 1.7357,
	6.14529 1.77288,
	6.1087 1.80238,
	6.0626 1.82132,
	6.0115 1.82785,
	5.9604 1.82132,
	5.9143 1.80238,
	5.87771 1.77288,
	"/>
</Transform>

<Transform dim="6"
 xcoef=" 0.0378746464318156 1.0081619887597 -0.021891705946757 0 0 0"
 ycoef=" 0.000292458085248304 0.0132164509415794 0.986712221313614 0 0 0">
<Contour name="d01c37b" hidden="false" closed="true" simplified="true" border="0 1 0" fill="0 1 0" mode="9"
 points="3.86759 5.06932,
	3.87005 5.0497,
	3.87005 5.03989,
	3.87005 5.03499,
	3.87986 5.02763,
	3.89948 5.02763,
	3.9191 5.03499,
	3.92155 5.07423,
	3.924 5.09385,
	3.9191 5.11347,
	3.90929 5.13309,
	3.87005 5.14044,
	3.86759 5.1012,
	3.86759 5.08158,
	3.86759 5.07177,
	"/>
<Contour name="d01cfa37b" hidden="false" closed="false" simplified="false" border="0 1 1" fill="0 1 1" mode="9"
 points="3.89907 5.12766,
	3.90153 5.08597,
	3.90888 5.02956,
	"/>
</Transform>

<Transform dim="6"
 xcoef=" 0.0378746464318156 1.0081619887597 -0.021891705946757 0 0 0"
 ycoef=" 0.000292458085248304 0.0132164509415794 0.986712221313614 0 0 0">
<Contour name="d03" hidden="false" closed="true" simplified="true" border="0 1 0" fill="0 1 0" mode="9"
 points="3.29255 3.35897,
	3.32735 3.31153,
	3.34316 3.28939,
	3.35581 3.27674,
	3.36846 3.27041,
	3.39377 3.27041,
	3.40009 3.27041,
	3.40958 3.29572,
	3.41274 3.34632,
	3.40958 3.37163,
	3.38744 3.39693,
	3.37479 3.40642,
	3.32418 3.40958,
	3.31786 3.40958,
	3.29255 3.38744,
	3.29255 3.36214,
	"/>
</Transform>

<Transform dim="6"
 xcoef=" 0.0378746464318156 1.0081619887597 -0.021891705946757 0 0 0"
 ycoef=" 0.000292458085248304 0.0132164509415794 0.986712221313614 0 0 0">
<Contour name="d03" hidden="false" closed="true" simplified="true" border="0 1 0" fill="0 1 0" mode="9"
 points="3.09646 1.8661,
	3.13441 1.81865,
	3.15971 1.76805,
	3.20716 1.72693,
	3.23246 1.72377,
	3.25776 1.72693,
	3.27041 1.73009,
	3.27358 1.73326,
	3.27041 1.73958,
	3.27674 1.73958,
	3.30204 1.76172,
	3.31786 1.78702,
	3.32735 1.79968,
	3.32735 1.82498,
	3.32735 1.83131,
	3.30521 1.85028,
	3.28939 1.86926,
	3.28939 1.91987,
	3.28939 1.94517,
	3.28939 1.95782,
	3.26725 1.97996,
	3.24195 1.98945,
	3.21664 1.98945,
	3.16604 1.9768,
	3.14074 1.97047,
	3.12808 1.96731,
	3.12176 1.96731,
	3.10911 1.95466,
	3.09962 1.92935,
	3.09646 1.87875,
	3.09646 1.86926,
	"/>
</Transform>

<Transform dim="6"
 xcoef=" 0.0378746464318156 1.0081619887597 -0.021891705946757 0 0 0"
 ycoef=" 0.000292458085248304 0.0132164509415794 0.986712221313614 0 0 0">
<Contour name="d06" hidden="true" closed="true" simplified="true" border="0 0 1" fill="0 0 1" mode="11"
 points="2.66386 6.90493,
	2.67408 6.87767,
	2.6809 6.86405,
	2.70815 6.8402,
	2.72859 6.81976,
	2.73881 6.80955,
	2.73881 6.78229,
	2.74221 6.76867,
	2.75243 6.75845,
	2.77968 6.75845,
	2.79331 6.76185,
	2.80012 6.76867,
	3.01814 6.76867,
	3.12714 6.76867,
	3.18165 6.76867,
	3.2089 6.77207,
	3.2634 6.79251,
	3.27703 6.79251,
	3.28384 6.79251,
	3.30769 6.81976,
	3.31109 6.84702,
	3.31109 6.86064,
	3.32813 6.88789,
	3.33153 6.9424,
	3.32813 6.9969,
	3.32813 7.02415,
	3.32472 7.03778,
	3.31791 7.04459,
	3.31791 7.0514,
	3.31109 7.05822,
	3.30088 7.11272,
	3.29066 7.22173,
	3.28384 7.24898,
	3.28044 7.26261,
	3.25659 7.28645,
	3.22934 7.28645,
	3.21571 7.28986,
	3.20209 7.30008,
	2.98407 7.30348,
	2.87507 7.30348,
	2.82056 7.29326,
	2.80694 7.29326,
	2.79331 7.28645,
	2.78309 7.27283,
	2.77287 7.24557,
	2.6843 7.13657,
	2.66727 7.10931,
	2.66386 7.00031,
	2.66386 6.9458,
	2.66386 6.91855,
	2.66386 6.90833,
	"/>
</Transform>

<Transform dim="6"
 xcoef=" 0.0378746464318156 1.0081619887597 -0.021891705946757 0 0 0"
 ycoef=" 0.000292458085248304 0.0132164509415794 0.986712221313614 0 0 0">
<Contour name="d01p33" hidden="false" closed="true" simplified="false" border="1 0 0.5" fill="1 0 0.5" mode="-13"
 points="5.03651 4.31412,
	5.07568 4.31412,
	5.0561 4.35002,
	"/>
</Transform>

<Transform dim="6"
 xcoef=" 0.0378746464318156 1.0081619887597 -0.021891705946757 0 0 0"
 ycoef=" 0.000292458085248304 0.0132164509415794 0.986712221313614 0 0 0">
<Contour name="d01p37a" hidden="false" closed="true" simplified="false" border="1 0 1" fill="1 0 1" mode="-13"
 points="3.9887 4.91473,
	3.9887 4.90168,
	4.00175 4.88862,
	4.01481 4.88862,
	4.02787 4.90168,
	4.02787 4.91473,
	4.01481 4.92779,
	4.00175 4.92779,
	"/>
<Contour name="d01p37b" hidden="false" closed="true" simplified="false" border="1 0 1" fill="1 0 1" mode="-13"
 points="3.9887 4.91473,
	3.9887 4.90168,
	4.00175 4.88862,
	4.01481 4.88862,
	4.02787 4.90168,
	4.02787 4.91473,
	4.01481 4.92779,
	4.00175 4.92779,
	"/>
</Transform>

<Transform dim="6"
 xcoef=" 0.0378746464318156 1.0081619887597 -0.021891705946757 0 0 0"
 ycoef=" 0.000292458085248304 0.0132164509415794 0.986712221313614 0 0 0">
<Contour name="d03p32" hidden="false" closed="true" simplified="false" border="0.5 0 1" fill="0.5 0 1" mode="9"
 points="3.59605 1.96977,
	3.58724 1.96683,
	3.59605 1.96389,
	3.59018 1.95508,
	3.59899 1.96095,
	3.60193 1.95214,
	3.60487 1.96095,
	3.61369 1.95508,
	3.60781 1.96389,
	3.61662 1.96683,
	3.60781 1.96977,
	3.61369 1.97859,
	3.60487 1.97271,
	3.60193 1.98152,
	3.59899 1.97271,
	3.59018 1.97859,
	"/>
</Transform>

<Transform dim="6"
 xcoef=" 0.0378746464318156 1.0081619887597 -0.021891705946757 0 0 0"
 ycoef=" 0.000292458085248304 0.0132164509415794 0.986712221313614 0 0 0">
<Contour name="d06p32" hidden="false" closed="true" simplified="false" border="0 1 1" fill="0 1 1" mode="-13"
 points="3.04265 6.89768,
	3.05258 6.88776,
	3.01287 6.84805,
	3.0228 6.83813,
	3.0625 6.87783,
	3.07243 6.8679,
	3.07243 6.89768,
	"/>
</Transform>

<Transform dim="6"
 xcoef=" 0.0378746464318156 1.0081619887597 -0.021891705946757 0 0 0"
 ycoef=" 0.000292458085248304 0.0132164509415794 0.986712221313614 0 0 0">
<Contour name="d06c32" hidden="false" closed="true" simplified="true" border="0 1 0" fill="0 1 0" mode="11"
 points="2.94574 6.75083,
	2.95856 6.738,
	3.02697 6.738,
	3.06117 6.74655,
	3.09538 6.74655,
	3.12958 6.7551,
	3.16378 6.7551,
	3.18088 6.76365,
	3.18943 6.76793,
	3.18943 6.78503,
	3.18943 6.79358,
	3.18088 6.80213,
	3.14668 6.81068,
	3.00987 6.8064,
	2.97566 6.80213,
	2.95856 6.79785,
	2.94574 6.78075,
	2.94574 6.76365,
	2.94574 6.7551,
	"/>
</Transform>

<Transform dim="6"
 xcoef=" 0.0378746464318156 1.0081619887597 -0.021891705946757 0 0 0"
 ycoef=" 0.000292458085248304 0.0132164509415794 0.986712221313614 0 0 0">
<Contour name="d06cfa32" hidden="false" closed="false" simplified="false" border="1 1 0" fill="0 1 1" mode="11"
 points="3.18624 6.78192,
	3.04943 6.77764,
	2.94255 6.76482,
	"/>
</Transform>

<Transform dim="0"
 xcoef=" 0 1 0 0 0 0"
 ycoef=" 0 0 1 0 0 0">
<Contour name="ax04" comment="LK bouton trace named after cfa" hidden="false" closed="true" simplified="true" border="0 1 1" fill="0.502 1 1" mode="9"
 points="3.21145 4.69026,
	3.21505 4.68306,
	3.21505 4.68126,
	3.21955 4.67406,
	3.22495 4.65966,
	3.22765 4.65246,
	3.22855 4.64526,
	3.22765 4.63806,
	3.21505 4.60926,
	3.21235 4.58046,
	3.21235 4.57686,
	3.23305 4.54805,
	3.24475 4.53365,
	3.27355 4.50665,
	3.29786 4.47875,
	3.31226 4.46705,
	3.31946 4.46165,
	3.32486 4.45445,
	3.34016 4.42564,
	3.35006 4.41124,
	3.36356 4.40044,
	3.39236 4.39594,
	3.40676 4.39504,
	3.42117 4.39234,
	3.42837 4.39054,
	3.48597 4.35904,
	3.50037 4.35004,
	3.50757 4.34554,
	3.51117 4.34194,
	3.56878 4.30953,
	3.58318 4.30323,
	3.59038 4.30053,
	3.60478 4.29063,
	3.61198 4.28523,
	3.62638 4.27803,
	3.64078 4.27713,
	3.65518 4.27983,
	3.66238 4.28253,
	3.66958 4.28793,
	3.67679 4.30233,
	3.68039 4.30953,
	3.68219 4.31674,
	3.71009 4.37434,
	3.71279 4.38154,
	3.72269 4.39594,
	3.73079 4.41034,
	3.74069 4.42474,
	3.75239 4.43914,
	3.75959 4.45355,
	3.76949 4.48235,
	3.77489 4.49675,
	3.77669 4.50035,
	3.77759 4.51475,
	3.77309 4.52915,
	3.77039 4.53635,
	3.76049 4.55075,
	3.74879 4.56515,
	3.73889 4.57956,
	3.73439 4.59396,
	3.72629 4.60836,
	3.71189 4.61916,
	3.68309 4.64346,
	3.66868 4.65246,
	3.65428 4.66686,
	3.60658 4.72447,
	3.59308 4.73797,
	3.58948 4.74067,
	3.57508 4.74607,
	3.56788 4.74697,
	3.55348 4.75327,
	3.54628 4.75777,
	3.51747 4.78657,
	3.50307 4.79917,
	3.49587 4.80277,
	3.48147 4.81267,
	3.47427 4.81807,
	3.47067 4.81987,
	3.45807 4.83428,
	3.43827 4.86308,
	3.43197 4.86938,
	3.41757 4.87568,
	3.40316 4.87748,
	3.37436 4.87478,
	3.35996 4.87298,
	3.35276 4.87208,
	3.34556 4.86938,
	3.33116 4.85768,
	3.31856 4.84328,
	3.30416 4.82977,
	3.30056 4.82617,
	3.28616 4.81807,
	3.27175 4.81267,
	3.26455 4.80907,
	3.26095 4.80727,
	3.25555 4.80007,
	3.24835 4.78567,
	3.24565 4.77847,
	3.23575 4.76407,
	3.22945 4.75777,
	3.22225 4.74337,
	3.21685 4.72897,
	3.21415 4.72177,
	3.21145 4.69296,
	3.21145 4.69116,
	"/>
</Transform>

<Transform dim="6"
 xcoef=" -0.95505449784832 1.15807607023131 0.0802611847687246 0 0 0"
 ycoef=" -1.44714589962935 0.0530309627715686 1.03484636927067 0 0 0">
<Image mag="0.00217507" contrast="1.01099" brightness="0.09" red="true" green="true" blue="true"
 src="FHLTD.198.jpg" />
<Contour name="domain1" hidden="false" closed="true" simplified="false" border="1 0 1" fill="1 0 1" mode="11"
 points="0 0,
	4096 0,
	4096 4096,
	0 4096,
	"/>
</Transform>

<Transform dim="0"
 xcoef=" 0 1 0 0 0 0"
 ycoef=" 0 0 1 0 0 0">
<Contour name="ax12" comment="LK bouton trace named after cfa" hidden="false" closed="true" simplified="true" border="0 1 1" fill="0.502 1 1" mode="9"
 points="1.73115 2.01843,
	1.73345 2.00924,
	1.73518 2.00465,
	1.73518 2.0035,
	1.7369 2.0012,
	1.7369 2.00005,
	1.73977 1.99545,
	1.7415 1.99086,
	1.74207 1.98856,
	1.74379 1.98626,
	1.74437 1.98396,
	1.74437 1.98281,
	1.74609 1.98051,
	1.74724 1.97592,
	1.75184 1.96672,
	1.76505 1.94834,
	1.77425 1.93972,
	1.77769 1.93512,
	1.78689 1.92765,
	1.79608 1.92248,
	1.80527 1.91846,
	1.80987 1.91674,
	1.81102 1.91559,
	1.82021 1.91272,
	1.8294 1.90697,
	1.86618 1.89088,
	1.87537 1.88514,
	1.89376 1.87135,
	1.90295 1.86445,
	1.91214 1.85928,
	1.92133 1.85698,
	1.93972 1.85583,
	1.95811 1.85296,
	1.9673 1.85009,
	1.97649 1.84434,
	1.98109 1.84204,
	1.98339 1.84032,
	1.99258 1.8386,
	2.01097 1.8386,
	2.02935 1.83745,
	2.04774 1.83515,
	2.06612 1.834,
	2.08451 1.83687,
	2.0937 1.83975,
	2.1029 1.84377,
	2.10519 1.84434,
	2.11439 1.84319,
	2.13277 1.84492,
	2.14197 1.84549,
	2.15116 1.84492,
	2.15576 1.84434,
	2.16495 1.84032,
	2.17414 1.83458,
	2.18333 1.82596,
	2.18678 1.82136,
	2.19597 1.81274,
	2.20517 1.80929,
	2.22355 1.80527,
	2.23275 1.8024,
	2.24194 1.79838,
	2.24654 1.79551,
	2.25573 1.79321,
	2.26492 1.79378,
	2.26952 1.79378,
	2.27411 1.79493,
	2.28331 1.80125,
	2.2925 1.80642,
	2.2971 1.80757,
	2.29825 1.80757,
	2.30054 1.80929,
	2.30974 1.81217,
	2.31204 1.81332,
	2.32123 1.81102,
	2.33042 1.81044,
	2.33502 1.81102,
	2.33732 1.81102,
	2.34651 1.81619,
	2.3557 1.81849,
	2.3649 1.82481,
	2.37409 1.83285,
	2.38328 1.83343,
	2.38788 1.83343,
	2.39707 1.83745,
	2.40626 1.84319,
	2.42235 1.86158,
	2.4258 1.86618,
	2.42982 1.87537,
	2.43154 1.87997,
	2.43269 1.88916,
	2.42867 1.89835,
	2.40741 1.93512,
	2.40282 1.94432,
	2.40109 1.9627,
	2.40167 1.9719,
	2.40626 1.98109,
	2.40741 1.98339,
	2.41661 1.99201,
	2.4212 1.99603,
	2.43959 2.00522,
	2.44878 2.00982,
	2.46659 2.02361,
	2.47061 2.0328,
	2.47349 2.05119,
	2.47866 2.06957,
	2.48728 2.08796,
	2.48958 2.09715,
	2.49015 2.10175,
	2.48843 2.11094,
	2.48211 2.12933,
	2.47061 2.14771,
	2.46602 2.1569,
	2.45338 2.17529,
	2.44706 2.18448,
	2.43212 2.20287,
	2.4235 2.21206,
	2.4189 2.21608,
	2.40971 2.22183,
	2.39133 2.23504,
	2.38213 2.24136,
	2.37294 2.24596,
	2.36375 2.25171,
	2.35455 2.2563,
	2.34996 2.2586,
	2.33157 2.26205,
	2.32238 2.2632,
	2.28561 2.27239,
	2.27641 2.27182,
	2.25803 2.26837,
	2.24883 2.26722,
	2.23045 2.2609,
	2.22126 2.25745,
	2.21206 2.25688,
	2.20287 2.25918,
	2.18448 2.26837,
	2.17529 2.27239,
	2.17069 2.27411,
	2.1615 2.27469,
	2.14311 2.27182,
	2.12473 2.2655,
	2.11554 2.2632,
	2.09715 2.26205,
	2.09255 2.26147,
	2.07417 2.25286,
	2.06497 2.24998,
	2.04659 2.24711,
	2.0374 2.24251,
	2.01901 2.2293,
	2.00062 2.22068,
	1.99143 2.21608,
	1.98224 2.21321,
	1.97764 2.21149,
	1.94144 2.17529,
	1.93225 2.1661,
	1.91386 2.15058,
	1.90927 2.14656,
	1.90008 2.14139,
	1.89548 2.13794,
	1.87709 2.12818,
	1.8679 2.12186,
	1.8633 2.11783,
	1.86101 2.11611,
	1.85181 2.11439,
	1.81504 2.11439,
	1.80585 2.11266,
	1.80355 2.11266,
	1.79436 2.10864,
	1.78516 2.10347,
	1.77597 2.10002,
	1.77137 2.09772,
	1.76218 2.09083,
	1.74379 2.07359,
	1.73805 2.0644,
	1.73518 2.05521,
	1.73403 2.04601,
	1.73403 2.04142,
	1.73173 2.03682,
	1.73115 2.01901,
	"/>
</Transform>

<Transform dim="0"
 xcoef=" 0 1 0 0 0 0"
 ycoef=" 0 0 1 0 0 0">
<Contour name="d03" hidden="false" closed="true" simplified="true" border="0 1 0" fill="0 1 0" mode="9"
 points="4.54951 2.61853,
	4.58924 2.56992,
	4.61077 2.5504,
	4.62318 2.54383,
	4.63545 2.53084,
	4.64785 2.52426,
	4.6604 2.52409,
	4.70228 2.57482,
	4.71505 2.58427,
	4.77686 2.68602,
	4.78738 2.73716,
	4.7885 2.78843,
	4.77964 2.81419,
	4.76438 2.83363,
	4.74284 2.85316,
	4.71796 2.86311,
	4.69294 2.86664,
	4.68018 2.8572,
	4.67022 2.83169,
	4.6691 2.78041,
	4.65286 2.75499,
	4.6429 2.72947,
	4.62039 2.70413,
	4.60728 2.67867,
	4.60387 2.66589,
	4.59418 2.6532,
	4.56888 2.64392,
	4.5562 2.63768,
	4.54965 2.62495,
	4.54958 2.62175,
	"/>
<Contour name="d03cfa30ax13" hidden="false" closed="false" simplified="false" border="0 1 1" fill="0 1 1" mode="9"
 points="4.68642 2.81477,
	4.68004 2.77786,
	4.64254 2.71858,
	4.5882 2.65385,
	"/>
</Transform>

<Transform dim="0"
 xcoef=" 0 1 0 0 0 0"
 ycoef=" 0 0 1 0 0 0">
<Contour name="ax13" comment="LK bouton trace named after cfa" hidden="false" closed="true" simplified="true" border="0 1 1" fill="0.502 1 1" mode="9"
 points="4.32962 2.92277,
	4.33185 2.91683,
	4.33185 2.91386,
	4.33704 2.90199,
	4.34038 2.89013,
	4.34557 2.84265,
	4.34669 2.81891,
	4.34706 2.81594,
	4.35336 2.80407,
	4.35707 2.79814,
	4.36004 2.79221,
	4.36226 2.78924,
	4.36486 2.7833,
	4.36597 2.77143,
	4.36597 2.76995,
	4.37228 2.75808,
	4.3771 2.75215,
	4.38081 2.74621,
	4.39231 2.72247,
	4.39528 2.71654,
	4.39676 2.71357,
	4.40158 2.70764,
	4.40752 2.70207,
	4.409 2.70059,
	4.41493 2.69762,
	4.4179 2.69651,
	4.42087 2.69614,
	4.42384 2.69651,
	4.42977 2.69911,
	4.44164 2.70838,
	4.44757 2.71098,
	4.45351 2.71135,
	4.45648 2.71098,
	4.45796 2.71098,
	4.46983 2.70541,
	4.47576 2.70059,
	4.48578 2.68872,
	4.48726 2.68724,
	4.49097 2.6813,
	4.49394 2.67834,
	4.50247 2.66647,
	4.5084 2.66165,
	4.51434 2.65794,
	4.52621 2.65534,
	4.53808 2.65423,
	4.54994 2.65386,
	4.55291 2.65423,
	4.55885 2.65645,
	4.57072 2.66387,
	4.57665 2.66795,
	4.58258 2.67277,
	4.58815 2.67871,
	4.58963 2.68167,
	4.59408 2.68761,
	4.59742 2.69354,
	4.60632 2.70541,
	4.61189 2.71135,
	4.61485 2.71431,
	4.62079 2.71914,
	4.62227 2.71988,
	4.64564 2.74362,
	4.64935 2.74955,
	4.65417 2.76142,
	4.6564 2.76735,
	4.65751 2.77032,
	4.65936 2.77329,
	4.66456 2.77922,
	4.66641 2.78219,
	4.66678 2.78516,
	4.66715 2.78664,
	4.67272 2.79221,
	4.67605 2.79814,
	4.67717 2.80407,
	4.67717 2.81001,
	4.67828 2.81594,
	4.67865 2.82188,
	4.68199 2.83375,
	4.68496 2.83968,
	4.68681 2.84265,
	4.68718 2.84413,
	4.69497 2.856,
	4.69682 2.85897,
	4.69682 2.85971,
	4.70165 2.86565,
	4.70758 2.87084,
	4.71055 2.87381,
	4.71166 2.87529,
	4.7124 2.87826,
	4.71203 2.88419,
	4.71129 2.88716,
	4.71092 2.88864,
	4.70981 2.89013,
	4.70869 2.89309,
	4.70684 2.89606,
	4.70573 2.89903,
	4.70387 2.90199,
	4.69868 2.90756,
	4.68681 2.91535,
	4.68088 2.92017,
	4.67531 2.9261,
	4.66604 2.93797,
	4.6601 2.94391,
	4.65862 2.94502,
	4.65788 2.94576,
	4.65714 2.94576,
	4.64527 2.95578,
	4.63933 2.96023,
	4.63785 2.96134,
	4.636 2.96431,
	4.63303 2.96653,
	4.63043 2.9695,
	4.62746 2.97173,
	4.61968 2.98359,
	4.61634 2.98953,
	4.61522 2.9925,
	4.61411 2.99398,
	4.613 2.99695,
	4.60892 3.00288,
	4.60706 3.00585,
	4.60187 3.01178,
	4.59037 3.02328,
	4.5785 3.0333,
	4.57257 3.03812,
	4.5696 3.04109,
	4.56107 3.05295,
	4.55996 3.05444,
	4.55959 3.05592,
	4.55588 3.06186,
	4.54624 3.07373,
	4.54104 3.07966,
	4.53696 3.08559,
	4.53362 3.09153,
	4.53177 3.09746,
	4.52843 3.1034,
	4.52621 3.10637,
	4.52324 3.10896,
	4.52027 3.11082,
	4.51434 3.11156,
	4.51285 3.11156,
	4.50692 3.10896,
	4.50395 3.10785,
	4.49802 3.10711,
	4.49208 3.10414,
	4.48615 3.10006,
	4.48318 3.09821,
	4.47725 3.09598,
	4.47576 3.09487,
	4.46983 3.09338,
	4.46686 3.09264,
	4.46093 3.09264,
	4.45796 3.09264,
	4.45648 3.09264,
	4.45573 3.09264,
	4.45499 3.09338,
	4.45202 3.09375,
	4.45054 3.09413,
	4.44906 3.09524,
	4.44312 3.09783,
	4.43125 3.10154,
	4.41938 3.10377,
	4.39565 3.10562,
	4.38971 3.10488,
	4.38674 3.10414,
	4.37488 3.09858,
	4.35114 3.08411,
	4.3452 3.07892,
	4.34112 3.07298,
	4.34038 3.06705,
	4.3389 3.01957,
	4.33853 3.0077,
	4.33741 2.99583,
	4.3337 2.9721,
	4.33185 2.96023,
	4.33111 2.95726,
	4.32962 2.93352,
	4.32962 2.92759,
	4.32962 2.92462,
	4.32962 2.92314,
	"/>
</Transform>

<Transform dim="0"
 xcoef=" 0 1 0 0 0 0"
 ycoef=" 0 0 1 0 0 0">
<Contour name="ax16" comment="LK bouton trace named after cfa" hidden="false" closed="true" simplified="true" border="0 1 1" fill="0.502 1 1" mode="9"
 points="2.72813 7.6272,
	2.74916 7.58515,
	2.75178 7.57989,
	2.76953 7.55887,
	2.77872 7.54835,
	2.78267 7.5431,
	2.78464 7.53784,
	2.79055 7.52733,
	2.79515 7.51681,
	2.79778 7.5063,
	2.80566 7.49579,
	2.82669 7.48133,
	2.83129 7.47608,
	2.8418 7.46951,
	2.84509 7.46425,
	2.8556 7.45374,
	2.86611 7.44519,
	2.87663 7.43862,
	2.88188 7.43599,
	2.90291 7.41694,
	2.91342 7.4084,
	2.91868 7.40577,
	2.9397 7.40248,
	2.95022 7.40183,
	2.96073 7.40248,
	2.96599 7.40314,
	2.97124 7.40117,
	2.98176 7.39394,
	2.98701 7.39066,
	2.99227 7.38869,
	3.03432 7.38343,
	3.03958 7.38277,
	3.08163 7.38803,
	3.09214 7.38869,
	3.1342 7.38671,
	3.17625 7.38803,
	3.19727 7.39066,
	3.2183 7.39789,
	3.23933 7.40774,
	3.26035 7.41891,
	3.26561 7.4222,
	3.27612 7.4314,
	3.28138 7.43599,
	3.30372 7.47805,
	3.31226 7.49907,
	3.31949 7.5201,
	3.32934 7.54113,
	3.34314 7.56215,
	3.35366 7.57069,
	3.37468 7.58318,
	3.37994 7.58778,
	3.42199 7.60946,
	3.42725 7.61472,
	3.42987 7.61734,
	3.4509 7.62457,
	3.45353 7.62589,
	3.45616 7.62589,
	3.45747 7.6272,
	3.46798 7.6272,
	3.4785 7.62523,
	3.49952 7.618,
	3.51004 7.61209,
	3.51464 7.60683,
	3.52515 7.58581,
	3.52975 7.57529,
	3.53303 7.57004,
	3.54289 7.56084,
	3.54552 7.55821,
	3.55603 7.5523,
	3.56654 7.54507,
	3.5718 7.54178,
	3.58034 7.53127,
	3.58494 7.52076,
	3.58428 7.5155,
	3.58626 7.49447,
	3.5856 7.47345,
	3.58691 7.45242,
	3.58823 7.44191,
	3.59151 7.4314,
	3.59677 7.42088,
	3.604 7.41037,
	3.6132 7.39986,
	3.65525 7.37817,
	3.66576 7.37357,
	3.67102 7.3716,
	3.67627 7.37095,
	3.68679 7.36635,
	3.6973 7.36437,
	3.70781 7.35912,
	3.71307 7.35649,
	3.7341 7.35255,
	3.75512 7.35452,
	3.76563 7.34992,
	3.80769 7.32758,
	3.81294 7.32495,
	3.82346 7.32495,
	3.82871 7.32627,
	3.83923 7.33152,
	3.84448 7.33612,
	3.8504 7.34663,
	3.85105 7.35189,
	3.84974 7.3624,
	3.82937 7.40446,
	3.82608 7.40971,
	3.82411 7.41234,
	3.80309 7.42614,
	3.79257 7.43271,
	3.78403 7.44322,
	3.7814 7.44848,
	3.78009 7.45374,
	3.78009 7.45636,
	3.77483 7.46688,
	3.77155 7.47213,
	3.76695 7.47673,
	3.76432 7.47936,
	3.74329 7.49316,
	3.73278 7.50302,
	3.71176 7.51484,
	3.7065 7.51813,
	3.68547 7.5385,
	3.68022 7.54178,
	3.67562 7.54704,
	3.6651 7.55164,
	3.65459 7.55361,
	3.64408 7.55689,
	3.63882 7.55952,
	3.62831 7.56806,
	3.62305 7.57004,
	3.61254 7.57923,
	3.60203 7.58646,
	3.59151 7.595,
	3.57114 7.61472,
	3.56194 7.62523,
	3.55669 7.63049,
	3.55012 7.641,
	3.54618 7.64626,
	3.53501 7.66728,
	3.52909 7.67779,
	3.52186 7.68831,
	3.50544 7.70933,
	3.49755 7.71985,
	3.48704 7.73036,
	3.47653 7.73824,
	3.46601 7.74481,
	3.4555 7.7527,
	3.44499 7.76256,
	3.43973 7.76781,
	3.41279 7.80986,
	3.40556 7.82038,
	3.39702 7.83089,
	3.39177 7.8414,
	3.38848 7.85192,
	3.38388 7.87294,
	3.37928 7.88346,
	3.37205 7.89397,
	3.36154 7.90382,
	3.34051 7.91894,
	3.31949 7.93208,
	3.30897 7.93799,
	3.29846 7.94522,
	3.28795 7.95113,
	3.26692 7.96033,
	3.25641 7.96427,
	3.2459 7.96625,
	3.24064 7.9669,
	3.23801 7.96756,
	3.2275 7.96362,
	3.21699 7.95639,
	3.20713 7.94653,
	3.1861 7.93011,
	3.17559 7.92485,
	3.15456 7.91894,
	3.13354 7.91434,
	3.11251 7.91171,
	3.102 7.91105,
	3.08097 7.92025,
	3.07046 7.92748,
	3.0652 7.93011,
	3.05469 7.93208,
	3.04943 7.93274,
	3.03892 7.93076,
	3.0179 7.92222,
	2.97584 7.89988,
	2.95482 7.8874,
	2.93379 7.87229,
	2.91277 7.85586,
	2.90751 7.85323,
	2.897 7.84469,
	2.88714 7.83418,
	2.87137 7.81315,
	2.8648 7.80264,
	2.85626 7.78161,
	2.85363 7.7711,
	2.84443 7.75007,
	2.84246 7.74481,
	2.83523 7.7343,
	2.82538 7.72445,
	2.81486 7.71656,
	2.80961 7.71328,
	2.78858 7.70671,
	2.77807 7.70342,
	2.75704 7.69225,
	2.75178 7.68896,
	2.74127 7.67977,
	2.7347 7.66925,
	2.73076 7.65874,
	2.72879 7.64823,
	2.72813 7.62786,
	"/>
</Transform>

<Transform dim="0"
 xcoef=" 0 1 0 0 0 0"
 ycoef=" 0 0 1 0 0 0">
<Contour name="d07" hidden="true" closed="true" simplified="true" border="1 0 1" fill="1 0 1" mode="9"
 points="4.12061 8.60221,
	4.2627 8.51759,
	4.29877 8.52171,
	4.31695 8.53065,
	4.31855 8.60415,
	4.30087 8.61818,
	4.26489 8.61866,
	4.26509 8.62785,
	4.23432 8.66043,
	4.21654 8.66985,
	4.21224 8.6791,
	4.17627 8.67958,
	4.15828 8.67983,
	4.12601 8.6435,
	4.12071 8.6068,
	"/>
<Contour name="d07p34" hidden="false" closed="true" simplified="false" border="1 0 0" fill="1 0 0" mode="-13"
 points="4.81348 8.24111,
	4.82539 8.22334,
	4.81272 8.20591,
	4.82009 8.20581,
	4.83027 8.22076,
	4.83978 8.20555,
	4.84716 8.20545,
	4.83524 8.22321,
	4.84793 8.24065,
	4.84054 8.24074,
	4.83038 8.22579,
	4.82086 8.24101,
	"/>
</Transform>

<Transform dim="0"
 xcoef=" 0 1 0 0 0 0"
 ycoef=" 0 0 1 0 0 0">
<Contour name="ax22" comment="LK bouton trace named after cfa" hidden="false" closed="true" simplified="true" border="0 1 1" fill="0.502 1 1" mode="9"
 points="4.16159 8.75469,
	4.16941 8.73683,
	4.17387 8.7279,
	4.17666 8.72343,
	4.18113 8.72008,
	4.18336 8.71785,
	4.19229 8.71227,
	4.19676 8.70948,
	4.21462 8.69385,
	4.21686 8.69161,
	4.23528 8.65589,
	4.24923 8.63802,
	4.25761 8.62909,
	4.27547 8.61514,
	4.2844 8.60788,
	4.28887 8.60565,
	4.2911 8.60453,
	4.30059 8.58667,
	4.30617 8.57774,
	4.31957 8.55987,
	4.32515 8.55094,
	4.32906 8.54201,
	4.33074 8.53308,
	4.33129 8.49735,
	4.33018 8.47949,
	4.33074 8.47056,
	4.33353 8.45269,
	4.33799 8.44376,
	4.34357 8.43483,
	4.34581 8.4326,
	4.34692 8.4326,
	4.34804 8.43148,
	4.35027 8.43092,
	4.35474 8.42757,
	4.3592 8.42534,
	4.36814 8.42311,
	4.3726 8.42199,
	4.39047 8.42143,
	4.3994 8.42087,
	4.40833 8.4192,
	4.40945 8.4192,
	4.41726 8.41138,
	4.42396 8.40245,
	4.42731 8.39799,
	4.43624 8.39408,
	4.44517 8.39464,
	4.44964 8.3952,
	4.4675 8.40245,
	4.48536 8.41083,
	4.4943 8.41529,
	4.49876 8.41864,
	4.50099 8.42032,
	4.50323 8.42087,
	4.50434 8.42087,
	4.50881 8.42367,
	4.51328 8.42534,
	4.51439 8.42534,
	4.51551 8.42646,
	4.52444 8.42757,
	4.52891 8.42925,
	4.53784 8.42981,
	4.54677 8.4326,
	4.55124 8.4326,
	4.55347 8.43316,
	4.5624 8.43148,
	4.57133 8.43092,
	4.5758 8.43036,
	4.58473 8.42646,
	4.59366 8.41808,
	4.59813 8.41418,
	4.60259 8.41194,
	4.61152 8.41194,
	4.61376 8.41194,
	4.61822 8.41418,
	4.62715 8.41529,
	4.64502 8.41194,
	4.66288 8.41083,
	4.67181 8.41138,
	4.67628 8.41194,
	4.67851 8.4125,
	4.68744 8.41027,
	4.70531 8.41027,
	4.71424 8.41194,
	4.74996 8.4125,
	4.7589 8.41362,
	4.76783 8.41362,
	4.77676 8.41138,
	4.78569 8.40748,
	4.79016 8.4058,
	4.79909 8.40524,
	4.80355 8.4058,
	4.82142 8.41306,
	4.83035 8.41697,
	4.84821 8.42701,
	4.85714 8.43316,
	4.86608 8.44209,
	4.87333 8.45102,
	4.89175 8.48674,
	4.89566 8.49568,
	4.89845 8.50461,
	4.90571 8.52247,
	4.9085 8.5314,
	4.91297 8.54033,
	4.91576 8.54927,
	4.91743 8.5582,
	4.91632 8.57606,
	4.9152 8.58499,
	4.91464 8.58946,
	4.90794 8.59839,
	4.90348 8.60286,
	4.89901 8.60621,
	4.89678 8.60676,
	4.89455 8.60844,
	4.89231 8.609,
	4.89008 8.61067,
	4.88785 8.61123,
	4.87892 8.61681,
	4.87445 8.6196,
	4.87222 8.62016,
	4.85547 8.63802,
	4.83649 8.67375,
	4.82644 8.69161,
	4.81528 8.70948,
	4.80579 8.72734,
	4.79965 8.73627,
	4.78513 8.75414,
	4.78123 8.7586,
	4.77676 8.76195,
	4.77062 8.77088,
	4.7628 8.77981,
	4.75387 8.78819,
	4.74494 8.79545,
	4.73601 8.80159,
	4.72708 8.80661,
	4.72261 8.80828,
	4.7215 8.80828,
	4.71256 8.81554,
	4.7081 8.81889,
	4.70084 8.82782,
	4.69191 8.83508,
	4.68968 8.83731,
	4.68074 8.84178,
	4.66567 8.85964,
	4.65897 8.86857,
	4.64167 8.88644,
	4.63274 8.89425,
	4.62381 8.90095,
	4.58808 8.9216,
	4.57022 8.92663,
	4.55235 8.92998,
	4.54342 8.93277,
	4.53895 8.93389,
	4.52109 8.94226,
	4.50323 8.95287,
	4.4943 8.95956,
	4.48536 8.96459,
	4.4675 8.9724,
	4.45857 8.97519,
	4.44964 8.97687,
	4.43177 8.97575,
	4.42284 8.97575,
	4.40498 8.97799,
	4.40051 8.97799,
	4.38265 8.98301,
	4.37372 8.9858,
	4.35586 8.99306,
	4.32013 9.00199,
	4.30227 9.0059,
	4.2844 9.01092,
	4.26654 9.01483,
	4.24868 9.01762,
	4.24421 9.01818,
	4.23974 9.0165,
	4.23528 9.01371,
	4.23305 9.0126,
	4.22579 9.00366,
	4.22244 8.9992,
	4.21853 8.99027,
	4.21686 8.9724,
	4.21741 8.95454,
	4.22467 8.88309,
	4.22746 8.86522,
	4.23249 8.84736,
	4.23528 8.83843,
	4.23695 8.8295,
	4.23751 8.82838,
	4.23305 8.82447,
	4.22411 8.82112,
	4.20625 8.81945,
	4.19732 8.81833,
	4.19285 8.81777,
	4.18392 8.81331,
	4.17946 8.81052,
	4.17555 8.80605,
	4.16606 8.78819,
	4.16382 8.78372,
	4.16215 8.77479,
	4.16159 8.75693,
	4.16159 8.75525,
	"/>
</Transform>

<Transform dim="0"
 xcoef=" 0 1 0 0 0 0"
 ycoef=" 0 0 1 0 0 0">
<Contour name="d07" hidden="true" closed="true" simplified="true" border="1 0 1" fill="1 0 1" mode="9"
 points="4.11265 7.8211,
	4.15152 7.74706,
	4.16871 7.71006,
	4.1773 7.69156,
	4.21257 7.65892,
	4.24805 7.63547,
	4.28371 7.62121,
	4.4275 7.61468,
	4.46346 7.6142,
	4.49904 7.59535,
	4.52991 7.56736,
	4.5478 7.56253,
	4.5569 7.567,
	4.55849 7.64051,
	4.5497 7.64982,
	4.53181 7.65465,
	4.50103 7.68723,
	4.47935 7.72428,
	4.48464 7.76097,
	4.49893 7.79755,
	4.51721 7.81109,
	4.52211 7.82941,
	4.52231 7.8386,
	4.54059 7.85213,
	4.57667 7.85624,
	4.59475 7.8606,
	4.59515 7.87898,
	4.59535 7.88816,
	4.63142 7.89228,
	4.64961 7.90123,
	4.66758 7.90099,
	4.70426 7.93266,
	4.76431 8.00538,
	4.80087 8.03246,
	4.83724 8.05036,
	4.86941 8.08209,
	4.90589 8.10458,
	4.94255 8.13626,
	5.08643 8.13433,
	5.10442 8.13409,
	5.17557 8.09638,
	5.21123 8.08211,
	5.24721 8.08162,
	5.2563 8.0861,
	5.2571 8.12285,
	5.2575 8.14123,
	5.2487 8.15054,
	5.2489 8.15973,
	5.20094 8.2293,
	5.17016 8.26188,
	5.15247 8.27591,
	5.13979 8.31284,
	5.13119 8.33134,
	5.13279 8.40484,
	5.13359 8.44159,
	5.13398 8.45997,
	5.14318 8.46904,
	5.28706 8.46711,
	5.3588 8.45696,
	5.43035 8.43761,
	5.46601 8.42335,
	5.50149 8.3999,
	5.51917 8.38587,
	5.55495 8.3762,
	5.56883 8.3944,
	5.56963 8.43116,
	5.56554 8.44959,
	5.53935 8.48671,
	5.52176 8.50533,
	5.4859 8.5104,
	5.45022 8.52466,
	5.41934 8.55265,
	5.38338 8.55313,
	5.3477 8.56739,
	5.31174 8.56787,
	5.29375 8.56811,
	5.2231 8.6288,
	5.16615 8.69849,
	5.14847 8.71252,
	5.07662 8.71808,
	5.04056 8.71397,
	5.03156 8.71409,
	4.96282 8.65527,
	4.92605 8.619,
	4.90278 8.58254,
	4.89668 8.5091,
	4.89588 8.47235,
	4.8726 8.43589,
	4.83584 8.39963,
	4.79956 8.38632,
	4.72622 8.32297,
	4.65368 8.29637,
	4.61722 8.27389,
	4.58104 8.26518,
	4.5091 8.26614,
	4.47284 8.25284,
	4.45475 8.24849,
	4.41808 8.21681,
	4.39031 8.18042,
	4.37652 8.16681,
	4.30438 8.15859,
	4.28629 8.15424,
	4.25412 8.1225,
	4.24923 8.10418,
	4.21255 8.07251,
	4.19448 8.06816,
	4.1578 8.03648,
	4.15621 7.96298,
	4.12844 7.92658,
	4.11904 7.90833,
	4.11294 7.83489,
	4.11275 7.8257,
	"/>
<Contour name="d07cfa34ax22" hidden="false" closed="false" simplified="false" border="0 1 1" fill="0 1 1" mode="9"
 points="5.23948 8.50509,
	5.19905 8.50189,
	5.16564 8.48359,
	5.14283 8.44641,
	5.14128 8.37522,
	5.14014 8.32275,
	5.15726 8.2663,
	5.19654 8.21704,
	5.2395 8.16774,
	"/>
</Transform>

<Transform dim="0"
 xcoef=" 0 1 0 0 0 0"
 ycoef=" 0 0 1 0 0 0">
<Contour name="ax22" comment="LK bouton trace named after cfa" hidden="false" closed="true" simplified="true" border="0 1 1" fill="0.502 1 1" mode="9"
 points="5.14543 8.39021,
	5.14645 8.38746,
	5.1468 8.37649,
	5.14783 8.36552,
	5.14851 8.36003,
	5.14851 8.35866,
	5.1492 8.35729,
	5.14714 8.34632,
	5.14611 8.33534,
	5.14611 8.32986,
	5.14645 8.32711,
	5.14851 8.32163,
	5.1492 8.31614,
	5.14954 8.3134,
	5.14954 8.31203,
	5.19275 8.22425,
	5.19823 8.21327,
	5.21263 8.19133,
	5.21915 8.18036,
	5.22669 8.16938,
	5.23046 8.1639,
	5.23972 8.15293,
	5.24452 8.14744,
	5.24658 8.1447,
	5.25721 8.13715,
	5.26818 8.12687,
	5.29013 8.11486,
	5.29287 8.11281,
	5.30281 8.10183,
	5.31379 8.09635,
	5.31927 8.09395,
	5.34122 8.08778,
	5.35219 8.08435,
	5.35768 8.08298,
	5.36865 8.07783,
	5.37413 8.07509,
	5.38511 8.07097,
	5.39059 8.06926,
	5.39334 8.06823,
	5.39471 8.06755,
	5.40019 8.0672,
	5.40294 8.06652,
	5.41391 8.05966,
	5.42488 8.05383,
	5.43586 8.04937,
	5.44134 8.04766,
	5.45231 8.04149,
	5.46329 8.03703,
	5.46877 8.03531,
	5.47975 8.0336,
	5.49072 8.03291,
	5.4962 8.03223,
	5.51815 8.03291,
	5.52912 8.03326,
	5.53461 8.03291,
	5.53735 8.03188,
	5.54832 8.03017,
	5.5497 8.02983,
	5.55038 8.02983,
	5.55587 8.02674,
	5.56684 8.02366,
	5.57233 8.02263,
	5.59427 8.02228,
	5.60524 8.02263,
	5.61622 8.024,
	5.62719 8.02434,
	5.63816 8.02537,
	5.64913 8.02983,
	5.66011 8.03669,
	5.67108 8.04526,
	5.67382 8.04766,
	5.68479 8.05554,
	5.69577 8.06446,
	5.70125 8.0696,
	5.70605 8.07509,
	5.70845 8.07783,
	5.70983 8.0792,
	5.71257 8.08469,
	5.71325 8.08743,
	5.71463 8.09018,
	5.71531 8.09566,
	5.71394 8.10664,
	5.71291 8.11212,
	5.70914 8.12309,
	5.70743 8.12584,
	5.70674 8.12858,
	5.70605 8.12995,
	5.70605 8.13132,
	5.70434 8.13681,
	5.70091 8.15875,
	5.70057 8.1615,
	5.69885 8.16698,
	5.69782 8.17247,
	5.6944 8.18344,
	5.69371 8.18619,
	5.69131 8.19167,
	5.68582 8.21362,
	5.68445 8.2191,
	5.68445 8.21979,
	5.68274 8.22253,
	5.68102 8.22802,
	5.67485 8.23899,
	5.67279 8.24448,
	5.67005 8.24996,
	5.66628 8.25545,
	5.65599 8.26642,
	5.65051 8.27191,
	5.64776 8.27465,
	5.64468 8.28014,
	5.64433 8.28151,
	5.64742 8.287,
	5.65016 8.28768,
	5.65291 8.28665,
	5.65839 8.28357,
	5.66388 8.28117,
	5.66525 8.28048,
	5.67074 8.28014,
	5.67622 8.28048,
	5.67897 8.28048,
	5.68171 8.2822,
	5.68719 8.28768,
	5.69097 8.29317,
	5.69405 8.29865,
	5.69645 8.30414,
	5.69714 8.30688,
	5.69748 8.31786,
	5.69714 8.32334,
	5.6968 8.32609,
	5.6968 8.32746,
	5.69028 8.33843,
	5.68822 8.34117,
	5.68582 8.34323,
	5.68445 8.34426,
	5.67348 8.34494,
	5.67074 8.34529,
	5.66799 8.34494,
	5.66662 8.34494,
	5.66113 8.3422,
	5.65016 8.335,
	5.64468 8.3326,
	5.64193 8.33157,
	5.63645 8.33054,
	5.6337 8.3302,
	5.62273 8.33089,
	5.61724 8.3326,
	5.61587 8.33294,
	5.61519 8.33294,
	5.61244 8.33466,
	5.6097 8.335,
	5.60421 8.33912,
	5.58536 8.36072,
	5.56341 8.37821,
	5.56067 8.38026,
	5.5593 8.38061,
	5.55792 8.38163,
	5.54695 8.38369,
	5.52501 8.39501,
	5.51403 8.40084,
	5.50855 8.40392,
	5.49758 8.41249,
	5.4866 8.42004,
	5.48112 8.42312,
	5.45917 8.43307,
	5.45643 8.4341,
	5.44546 8.44095,
	5.43997 8.44404,
	5.43448 8.44644,
	5.42351 8.44953,
	5.41802 8.4509,
	5.40705 8.45227,
	5.38511 8.45878,
	5.37413 8.46256,
	5.35219 8.4725,
	5.3467 8.47524,
	5.32476 8.48416,
	5.31927 8.48622,
	5.29733 8.49205,
	5.28635 8.49445,
	5.28087 8.49513,
	5.2699 8.49547,
	5.25892 8.49513,
	5.23698 8.49273,
	5.22601 8.49136,
	5.21503 8.48896,
	5.20406 8.48553,
	5.19857 8.48382,
	5.19309 8.48142,
	5.17114 8.46873,
	5.16051 8.45844,
	5.15777 8.45296,
	5.15434 8.44747,
	5.15228 8.44473,
	5.15057 8.43924,
	5.14817 8.43375,
	5.14645 8.42278,
	5.14543 8.40084,
	5.14543 8.39535,
	5.14543 8.39261,
	5.14543 8.39123,
	5.14543 8.39055,
	"/>
</Transform>

<Transform dim="0"
 xcoef=" 0 1 0 0 0 0"
 ycoef=" 0 0 1 0 0 0">
<Contour name="ax22" comment="LK bouton trace named after cfa" hidden="false" closed="true" simplified="true" border="0 1 1" fill="0.502 1 1" mode="9"
 points="5.96384 7.44514,
	5.9705 7.43448,
	5.97583 7.43049,
	5.99714 7.42383,
	6.0078 7.41983,
	6.01845 7.4185,
	6.02911 7.4145,
	6.03444 7.41317,
	6.05575 7.39852,
	6.06508 7.38786,
	6.06907 7.3772,
	6.06641 7.35589,
	6.06508 7.35056,
	6.06641 7.3399,
	6.06774 7.33458,
	6.08906 7.31459,
	6.10904 7.27197,
	6.11703 7.25065,
	6.13701 7.20803,
	6.149 7.18671,
	6.16365 7.1654,
	6.18364 7.14408,
	6.19163 7.10146,
	6.2276 7.05883,
	6.23825 7.05084,
	6.27688 7.00821,
	6.29953 6.96558,
	6.31685 6.92295,
	6.32617 6.90164,
	6.34349 6.88033,
	6.38612 6.8417,
	6.40743 6.83237,
	6.41276 6.83104,
	6.41809 6.82704,
	6.46071 6.81505,
	6.46338 6.81505,
	6.46871 6.81106,
	6.49002 6.8044,
	6.49535 6.80307,
	6.49801 6.8004,
	6.51933 6.7964,
	6.52466 6.7964,
	6.53531 6.80307,
	6.54064 6.80706,
	6.5433 6.80973,
	6.54464 6.82038,
	6.5433 6.83104,
	6.54197 6.83637,
	6.52732 6.85768,
	6.51 6.879,
	6.49002 6.89898,
	6.48736 6.90431,
	6.48203 6.90963,
	6.47137 6.93095,
	6.47137 6.93361,
	6.46471 6.94427,
	6.45539 6.96558,
	6.45006 6.97624,
	6.44206 6.9869,
	6.42075 7.00155,
	6.41542 7.00555,
	6.40477 7.00688,
	6.39411 7.01354,
	6.39011 7.01887,
	6.38878 7.02419,
	6.38878 7.02686,
	6.38478 7.03219,
	6.38079 7.04284,
	6.34615 7.08414,
	6.34349 7.0948,
	6.34216 7.09879,
	6.34882 7.12011,
	6.34615 7.14142,
	6.34216 7.15208,
	6.3275 7.17339,
	6.30885 7.1947,
	6.26756 7.23467,
	6.25823 7.24532,
	6.24891 7.26664,
	6.24891 7.27729,
	6.25557 7.29861,
	6.25557 7.30927,
	6.24092 7.33058,
	6.23026 7.33857,
	6.22493 7.3399,
	6.2196 7.3439,
	6.17698 7.35589,
	6.15566 7.36255,
	6.145 7.36521,
	6.13435 7.37321,
	6.12902 7.38386,
	6.12769 7.40518,
	6.12636 7.41051,
	6.10904 7.43182,
	6.10238 7.44248,
	6.10105 7.4478,
	6.08506 7.46912,
	6.0744 7.47711,
	6.06907 7.47844,
	6.06375 7.48244,
	6.05842 7.48377,
	6.05575 7.48377,
	6.05043 7.48777,
	6.02911 7.48644,
	6.01845 7.4851,
	6.01313 7.4851,
	5.99181 7.47578,
	5.9705 7.46379,
	5.96517 7.45846,
	5.96384 7.4478,
	5.96384 7.44647,
	"/>
</Transform>

<Transform dim="0"
 xcoef=" 0 1 0 0 0 0"
 ycoef=" 0 0 1 0 0 0">
<Contour name="ax23" comment="LK bouton trace named after cfa" hidden="false" closed="true" simplified="true" border="0 1 1" fill="0.502 1 1" mode="9"
 points="3.67352 9.38263,
	3.67484 9.37998,
	3.67551 9.37467,
	3.67949 9.36404,
	3.68281 9.35873,
	3.68746 9.35409,
	3.69277 9.35143,
	3.6941 9.35143,
	3.69874 9.34811,
	3.70406 9.34612,
	3.70538 9.34612,
	3.70671 9.34479,
	3.70937 9.34479,
	3.71202 9.34346,
	3.72265 9.34346,
	3.73327 9.34479,
	3.73858 9.34678,
	3.74124 9.34811,
	3.76248 9.34877,
	3.7731 9.35209,
	3.77576 9.35276,
	3.78107 9.35608,
	3.78638 9.35807,
	3.79701 9.35741,
	3.80763 9.35342,
	3.81294 9.35209,
	3.8156 9.3501,
	3.82622 9.34811,
	3.83153 9.34811,
	3.83419 9.34811,
	3.8395 9.3501,
	3.84481 9.35475,
	3.84746 9.3594,
	3.84946 9.36205,
	3.85145 9.36736,
	3.85278 9.37002,
	3.85278 9.37135,
	3.8541 9.37268,
	3.85742 9.3833,
	3.85676 9.39392,
	3.8561 9.39923,
	3.8541 9.40454,
	3.85078 9.40986,
	3.84547 9.41517,
	3.83684 9.42446,
	3.82688 9.43177,
	3.82157 9.43376,
	3.81892 9.43575,
	3.81626 9.43641,
	3.79501 9.45036,
	3.78439 9.45633,
	3.77908 9.46031,
	3.77642 9.46098,
	3.77111 9.4643,
	3.76978 9.4643,
	3.76447 9.46762,
	3.75385 9.4716,
	3.74854 9.47227,
	3.73792 9.47558,
	3.72729 9.47625,
	3.71667 9.47558,
	3.71136 9.47359,
	3.70605 9.47027,
	3.70206 9.46496,
	3.69277 9.44372,
	3.69078 9.4384,
	3.68879 9.43575,
	3.68812 9.43309,
	3.6848 9.42778,
	3.67551 9.41782,
	3.67352 9.41251,
	3.67352 9.40189,
	3.67418 9.3999,
	3.67352 9.38927,
	3.67352 9.38396,
	3.67352 9.3833,
	"/>
</Transform>

<Transform dim="0"
 xcoef=" 0 1 0 0 0 0"
 ycoef=" 0 0 1 0 0 0">
<Contour name="d03c30ax13" hidden="false" closed="true" simplified="true" border="0 1 0" fill="0 1 0" mode="9"
 points="4.53553 2.73073,
	4.59452 2.64589,
	4.6091 2.62534,
	4.65152 2.65716,
	4.67273 2.67307,
	4.67737 2.67704,
	4.70852 2.76188,
	4.71581 2.78309,
	4.71979 2.7937,
	4.72045 2.79502,
	4.71581 2.799,
	4.67339 2.82418,
	4.65218 2.83678,
	4.64158 2.84274,
	4.63959 2.84407,
	4.56138 2.75923,
	4.54216 2.73802,
	4.53752 2.73272,
	4.53619 2.73139,
	"/>
</Transform>

<Transform dim="0"
 xcoef=" 0 1 0 0 0 0"
 ycoef=" 0 0 1 0 0 0">
<Contour name="d07c34ax22" hidden="false" closed="true" simplified="true" border="0 1 0" fill="0 1 0" mode="9"
 points="5.07669 8.40239,
	5.10172 8.26309,
	5.10281 8.25438,
	5.16484 8.18474,
	5.1964 8.14991,
	5.20402 8.14121,
	5.23884 8.16732,
	5.25625 8.18038,
	5.26387 8.18691,
	5.22469 8.25656,
	5.2051 8.29138,
	5.19531 8.3088,
	5.18987 8.3175,
	5.19313 8.38715,
	5.19531 8.42197,
	5.23013 8.45353,
	5.24755 8.46877,
	5.24863 8.47095,
	5.23449 8.54059,
	5.23231 8.5493,
	5.23013 8.55039,
	5.16049 8.53733,
	5.12566 8.53189,
	5.12131 8.5308,
	5.09628 8.46115,
	5.08431 8.42633,
	5.07778 8.40892,
	5.07669 8.40456,
	5.07669 8.40347,
	"/>
</Transform>

</Section>