<?xml version="1.0"?>
<!DOCTYPE Section SYSTEM "section.dtd">

<Section index="181" thickness="0.045" alignLocked="true">
<Transform dim="6"
 xcoef=" -0.865312555307315 1.01761928370745 -0.0231945005889915 0 0 0"
 ycoef=" -0.483116029753597 0.0201428596538127 1.00140857851713 0 0 0">
<Contour name="D04" hidden="false" closed="true" simplified="true" border="1 0 0" fill="1 0 0" mode="11"
 points="5.46492 7.28996,
	5.46778 7.25096,
	5.47628 7.21281,
	5.49024 7.17634,
	5.50936 7.14235,
	5.53323 7.11158,
	5.56131 7.0847,
	5.59299 7.0623,
	5.6276 7.04487,
	5.66436 7.03278,
	5.70248 7.0263,
	5.74113 7.02558,
	5.77947 7.03063,
	5.81665 7.04133,
	5.85186 7.05746,
	5.88435 7.07866,
	5.91339 7.10447,
	5.93836 7.13432,
	5.95871 7.16758,
	5.97399 7.2035,
	5.98388 7.24131,
	5.98816 7.28018,
	5.98673 7.31926,
	5.97963 7.35771,
	5.96701 7.39467,
	5.94914 7.42936,
	5.92642 7.461,
	5.89934 7.48891,
	5.86849 7.51248,
	5.83455 7.53119,
	5.79825 7.54464,
	5.76039 7.55254,
	5.72179 7.55471,
	5.6833 7.5511,
	5.64576 7.54179,
	5.60998 7.52699,
	5.57674 7.50702,
	5.54678 7.48231,
	5.52073 7.45341,
	5.49918 7.42094,
	5.48259 7.38562,
	5.47133 7.3482,
	"/>
</Transform>

<Transform dim="6"
 xcoef=" 0.444687444692685 1.01761928370745 -0.0231945005889915 0 0 0"
 ycoef=" 0.456883970246404 0.0201428596538127 1.00140857851713 0 0 0">
<Contour name="D05" hidden="false" closed="true" simplified="true" border="1 1 0" fill="1 1 0" mode="11"
 points="2.69299 3.97404,
	2.70475 3.90163,
	2.73888 3.83632,
	2.79205 3.78448,
	2.85904 3.7512,
	2.93329 3.73974,
	3.00755 3.7512,
	3.07454 3.78448,
	3.12771 3.83632,
	3.16184 3.90163,
	3.1736 3.97404,
	3.16184 4.04644,
	3.12771 4.11175,
	3.07454 4.16359,
	3.00755 4.19687,
	2.93329 4.20833,
	2.85904 4.19687,
	2.79205 4.16359,
	2.73888 4.11175,
	"/>
</Transform>

<Transform dim="6"
 xcoef=" 0.0446874446926857 1.01761928370745 -0.0231945005889915 0 0 0"
 ycoef=" -0.163116029753597 0.0201428596538127 1.00140857851713 0 0 0">
<Contour name="d01" hidden="true" closed="true" simplified="true" border="1 0.5 0" fill="1 0.5 0" mode="9"
 points="5.41809 5.03451,
	5.44473 4.99721,
	5.61521 4.92796,
	5.65783 4.91197,
	5.70045 4.91197,
	5.74307 4.92263,
	5.75372 4.92796,
	5.75372 4.94927,
	5.72176 4.98656,
	5.70045 4.99721,
	5.67914 5.01852,
	5.6525 5.06114,
	5.64717 5.08245,
	5.63652 5.09311,
	5.55128 5.09844,
	5.50866 5.10376,
	5.48735 5.10376,
	5.47669 5.09844,
	5.49267 5.08778,
	5.45005 5.08245,
	5.42874 5.0718,
	5.41809 5.06114,
	5.41809 5.03983,
	"/>
</Transform>

<Transform dim="6"
 xcoef=" 0.0446874446926857 1.01761928370745 -0.0231945005889915 0 0 0"
 ycoef=" -0.163116029753597 0.0201428596538127 1.00140857851713 0 0 0">
<Contour name="d01" hidden="true" closed="true" simplified="true" border="1 0.5 0" fill="1 0.5 0" mode="9"
 points="3.64402 5.38612,
	3.66001 5.3435,
	3.67066 5.32219,
	3.68132 5.31686,
	3.72394 5.34883,
	3.74525 5.36481,
	3.7559 5.37547,
	3.7559 5.39678,
	3.7559 5.40743,
	3.74525 5.41809,
	3.70263 5.41276,
	3.68132 5.40743,
	3.67066 5.40743,
	3.66533 5.41809,
	3.65468 5.41809,
	3.64402 5.40743,
	3.64402 5.39145,
	"/>
</Transform>

<Transform dim="6"
 xcoef=" 0.0446874446926857 1.01761928370745 -0.0231945005889915 0 0 0"
 ycoef=" -0.163116029753597 0.0201428596538127 1.00140857851713 0 0 0">
<Contour name="d01c31" hidden="false" closed="true" simplified="true" border="0 1 0" fill="0 1 0" mode="9"
 points="4.74767 4.70302,
	4.75326 4.69185,
	4.77279 4.67231,
	4.86211 4.67511,
	4.87327 4.67511,
	4.88444 4.68069,
	4.9291 4.6779,
	4.95143 4.67231,
	4.95701 4.67231,
	4.96259 4.66673,
	5.00725 4.66952,
	5.02958 4.68069,
	5.02958 4.69185,
	5.02958 4.69743,
	5.00725 4.70581,
	4.96259 4.71418,
	4.87327 4.70581,
	4.82862 4.71139,
	4.78396 4.7086,
	4.76163 4.7086,
	4.75047 4.7086,
	4.74767 4.70581,
	"/>
</Transform>

<Transform dim="6"
 xcoef=" 0.0446874446926857 1.01761928370745 -0.0231945005889915 0 0 0"
 ycoef=" -0.163116029753597 0.0201428596538127 1.00140857851713 0 0 0">
<Contour name="d01" hidden="true" closed="true" simplified="true" border="1 0.5 0" fill="1 0.5 0" mode="9"
 points="4.21736 4.49647,
	4.26202 4.45182,
	4.26481 4.44065,
	4.26202 4.41832,
	4.25923 4.40716,
	4.24807 4.396,
	4.24248 4.39041,
	4.25086 4.34576,
	4.29552 4.30389,
	4.31784 4.28714,
	4.34576 4.24528,
	4.36808 4.20062,
	4.41274 4.16992,
	4.4574 4.15317,
	4.54671 4.16154,
	4.59137 4.16712,
	4.6137 4.16992,
	4.65836 4.16433,
	4.83699 4.12526,
	5.01562 4.09456,
	5.10494 4.08618,
	5.12727 4.08339,
	5.13843 4.08339,
	5.22775 4.05548,
	5.23891 4.05548,
	5.32823 4.10572,
	5.37288 4.13363,
	5.38963 4.15596,
	5.41196 4.24528,
	5.4315 4.28993,
	5.44266 4.33459,
	5.44545 4.35692,
	5.44824 4.36808,
	5.42591 4.38204,
	5.3366 4.37088,
	5.29194 4.35971,
	5.28357 4.35413,
	5.26961 4.37646,
	5.26403 4.38762,
	5.26124 4.39041,
	5.30311 4.42949,
	5.30869 4.44065,
	5.30869 4.48531,
	5.3059 4.49647,
	5.30869 4.49927,
	5.31706 4.49089,
	5.31985 4.49647,
	5.31148 4.5188,
	5.28915 4.53834,
	5.28078 4.56067,
	5.26682 4.583,
	5.25845 4.59416,
	5.25287 4.61649,
	5.25845 4.62766,
	5.25287 4.64999,
	5.25287 4.65557,
	5.211 4.69464,
	5.19146 4.71418,
	5.1803 4.71976,
	5.13564 4.71697,
	5.09098 4.69743,
	5.00167 4.68348,
	4.97934 4.68627,
	4.96817 4.68627,
	4.94584 4.69464,
	4.90119 4.69185,
	4.85653 4.68348,
	4.8342 4.68348,
	4.78954 4.69464,
	4.76721 4.69464,
	4.75605 4.69464,
	4.66673 4.72535,
	4.6444 4.72814,
	4.59975 4.71418,
	4.59137 4.70302,
	4.54671 4.68348,
	4.4574 4.66394,
	4.43507 4.65278,
	4.4267 4.66394,
	4.40437 4.67231,
	4.35971 4.70302,
	4.33738 4.70581,
	4.29272 4.69464,
	4.2704 4.6779,
	4.24807 4.66673,
	4.24248 4.66115,
	4.22295 4.57183,
	4.21736 4.52718,
	4.21736 4.50485,
	4.21736 4.49927,
	"/>
</Transform>

<Transform dim="6"
 xcoef=" 0.0446874446926857 1.01761928370745 -0.0231945005889915 0 0 0"
 ycoef=" -0.163116029753597 0.0201428596538127 1.00140857851713 0 0 0">
<Contour name="d01cfa31" hidden="false" closed="false" simplified="false" border="0 1 1" fill="0 1 1" mode="9"
 points="5.02711 4.68748,
	5.00199 4.68748,
	4.94616 4.69585,
	4.89313 4.69027,
	4.80103 4.69585,
	4.75358 4.69864,
	"/>
</Transform>

<Transform dim="6"
 xcoef=" 0.0446874446926857 1.01761928370745 -0.0231945005889915 0 0 0"
 ycoef=" -0.163116029753597 0.0201428596538127 1.00140857851713 0 0 0">
<Contour name="d03" hidden="false" closed="true" simplified="true" border="0 1 0" fill="0 1 0" mode="9"
 points="3.33241 2.43341,
	3.34003 2.38465,
	3.3446 2.36027,
	3.36593 2.31151,
	3.39184 2.26275,
	3.40403 2.23837,
	3.45126 2.20027,
	3.4924 2.15152,
	3.51374 2.12714,
	3.52288 2.11495,
	3.52593 2.1119,
	3.57468 2.12714,
	3.58078 2.12866,
	3.60364 2.15152,
	3.62344 2.1759,
	3.63259 2.18808,
	3.63716 2.19418,
	3.68439 2.21246,
	3.69658 2.21551,
	3.72096 2.21094,
	3.74534 2.20332,
	3.75753 2.19266,
	3.76363 2.18656,
	3.76515 2.18504,
	3.78953 2.20485,
	3.80172 2.21399,
	3.84134 2.26275,
	3.852 2.27494,
	3.87638 2.29322,
	3.88248 2.29627,
	3.93124 2.29018,
	3.98 2.27799,
	4.00438 2.27646,
	4.00743 2.27646,
	4.03485 2.32522,
	4.08514 2.42274,
	4.11104 2.4715,
	4.08666 2.48978,
	4.07447 2.49893,
	4.07142 2.50197,
	4.04704 2.50197,
	4.03485 2.50197,
	4.02876 2.5035,
	4.01047 2.55226,
	4.00895 2.55835,
	3.98914 2.58273,
	3.98 2.59492,
	3.9739 2.59949,
	3.92514 2.61168,
	3.91295 2.61473,
	3.90686 2.61778,
	3.86267 2.66654,
	3.852 2.67873,
	3.84134 2.70311,
	3.83829 2.7092,
	3.83829 2.73358,
	3.83829 2.74577,
	3.81391 2.76558,
	3.71639 2.78234,
	3.69201 2.78691,
	3.59449 2.79148,
	3.54573 2.78691,
	3.52135 2.78234,
	3.49697 2.77472,
	3.47259 2.75796,
	3.4665 2.75491,
	3.45279 2.73053,
	3.4604 2.70616,
	3.47107 2.68178,
	3.47564 2.66959,
	3.47259 2.64521,
	3.47259 2.63911,
	3.4604 2.61473,
	3.41317 2.59187,
	3.36593 2.54312,
	3.34308 2.51874,
	3.33546 2.46998,
	3.33393 2.4456,
	3.33241 2.43493,
	"/>
</Transform>

<Transform dim="6"
 xcoef=" 0.0446874446926857 1.01761928370745 -0.0231945005889915 0 0 0"
 ycoef=" -0.163116029753597 0.0201428596538127 1.00140857851713 0 0 0">
<Contour name="d03" hidden="false" closed="true" simplified="true" border="0 1 0" fill="0 1 0" mode="9"
 points="2.79598 2.90668,
	2.79915 2.85608,
	2.79915 2.83077,
	2.79915 2.81812,
	2.80547 2.80547,
	2.85608 2.76435,
	2.88138 2.74538,
	2.98259 2.7011,
	3.18502 2.6663,
	3.19134 2.66314,
	3.23246 2.71058,
	3.26725 2.76119,
	3.29255 2.8118,
	3.29255 2.8624,
	3.28939 2.88771,
	3.2546 2.98892,
	3.24827 2.99208,
	3.23878 3.01738,
	3.23562 3.03003,
	3.23562 3.03636,
	3.21664 3.06166,
	3.21032 3.07115,
	3.19767 3.08064,
	3.19134 3.08064,
	3.14074 3.12176,
	3.09013 3.14706,
	3.03952 3.15655,
	2.98892 3.15655,
	2.97627 3.15655,
	2.95096 3.1439,
	2.90036 3.10278,
	2.87822 3.0838,
	2.87189 3.0838,
	2.84975 3.0585,
	2.81496 3.01106,
	2.79598 2.96045,
	2.79598 2.90985,
	"/>
</Transform>

<Transform dim="6"
 xcoef=" 0.0446874446926857 1.01761928370745 -0.0231945005889915 0 0 0"
 ycoef=" -0.163116029753597 0.0201428596538127 1.00140857851713 0 0 0">
<Contour name="d03" hidden="false" closed="true" simplified="true" border="0 1 0" fill="0 1 0" mode="9"
 points="3.90931 2.08434,
	3.92197 2.05903,
	3.93145 2.04638,
	3.95676 2.03373,
	3.96941 2.0274,
	3.99471 2.0274,
	4.02002 2.04005,
	4.03267 2.04005,
	4.04532 2.04638,
	4.05164 2.04638,
	4.05797 2.05271,
	4.05481 2.10331,
	4.05481 2.11596,
	4.04216 2.1381,
	4.03583 2.15076,
	4.01053 2.16657,
	3.95992 2.16973,
	3.93462 2.16973,
	3.91248 2.14443,
	3.90931 2.09382,
	3.90931 2.0875,
	"/>
</Transform>

<Transform dim="6"
 xcoef=" 0.0446874446926857 1.01761928370745 -0.0231945005889915 0 0 0"
 ycoef=" -0.163116029753597 0.0201428596538127 1.00140857851713 0 0 0">
<Contour name="d03c26" hidden="false" closed="true" simplified="true" border="1 0 0" fill="1 0 0" mode="9"
 points="3.56666 2.12034,
	3.57228 2.11472,
	3.61721 2.11753,
	3.66215 2.12596,
	3.67338 2.13157,
	3.68461 2.13157,
	3.72955 2.15404,
	3.73797 2.16246,
	3.76044 2.16527,
	3.77167 2.16808,
	3.78291 2.17651,
	3.78852 2.17931,
	3.78572 2.20178,
	3.77448 2.20459,
	3.75202 2.21863,
	3.74078 2.22706,
	3.65091 2.22987,
	3.60879 2.19336,
	3.59755 2.18212,
	3.59194 2.17089,
	3.5807 2.15966,
	3.5807 2.14842,
	3.56947 2.13719,
	3.56666 2.12596,
	3.56666 2.12315,
	"/>
<Contour name="d03cfa26" hidden="false" closed="false" simplified="false" border="0 1 1" fill="0 1 1" mode="9"
 points="3.57195 2.11784,
	3.60565 2.14873,
	3.65901 2.17963,
	3.72922 2.18805,
	3.78258 2.19367,
	"/>
</Transform>

<Transform dim="6"
 xcoef=" 0.0446874446926857 1.01761928370745 -0.0231945005889915 0 0 0"
 ycoef=" -0.163116029753597 0.0201428596538127 1.00140857851713 0 0 0">
<Contour name="d03c27" hidden="false" closed="true" simplified="true" border="1 0 0" fill="1 0 0" mode="9"
 points="3.83065 2.69325,
	3.85312 2.64832,
	3.89805 2.61181,
	3.94299 2.58092,
	3.96545 2.58092,
	3.97669 2.58092,
	3.98792 2.58653,
	3.99073 2.609,
	3.98792 2.62023,
	3.95422 2.66236,
	3.93175 2.67359,
	3.90929 2.69606,
	3.89805 2.70168,
	3.87559 2.72133,
	3.86435 2.72976,
	3.84188 2.73257,
	3.83065 2.72414,
	3.83065 2.70168,
	3.83065 2.69606,
	"/>
<Contour name="d03cfa27" hidden="false" closed="false" simplified="false" border="0 1 1" fill="0 1 1" mode="9"
 points="3.84998 2.72165,
	3.88087 2.66267,
	3.94265 2.6065,
	3.98759 2.58403,
	"/>
</Transform>

<Transform dim="6"
 xcoef=" 0.0446874446926857 1.01761928370745 -0.0231945005889915 0 0 0"
 ycoef=" -0.163116029753597 0.0201428596538127 1.00140857851713 0 0 0">
<Contour name="d06" hidden="true" closed="true" simplified="true" border="0 0 1" fill="0 0 1" mode="11"
 points="2.80353 7.32733,
	2.81375 7.30008,
	2.82397 7.24557,
	2.82737 7.21832,
	2.83078 7.2047,
	2.86825 7.16041,
	2.87847 7.13316,
	2.87847 7.02415,
	2.87507 7.01053,
	2.86144 6.9969,
	2.85122 6.96965,
	2.85463 6.9424,
	2.88188 6.91515,
	2.90232 6.8913,
	2.92957 6.86746,
	2.9432 6.85383,
	2.95001 6.84702,
	2.9466 6.81976,
	2.95001 6.79251,
	2.97726 6.73801,
	3.02154 6.68691,
	3.0488 6.66307,
	3.05902 6.64944,
	3.06242 6.59494,
	3.06583 6.58131,
	3.08967 6.56087,
	3.11693 6.54725,
	3.13055 6.54043,
	3.18505 6.54043,
	3.19868 6.54043,
	3.20209 6.59494,
	3.20209 6.60856,
	3.19527 6.62219,
	3.18846 6.62219,
	3.17484 6.63581,
	3.17824 6.66307,
	3.18165 6.66988,
	3.18846 6.66988,
	3.20209 6.6801,
	3.25659 6.66988,
	3.31109 6.66647,
	3.33835 6.66647,
	3.39285 6.64944,
	3.4201 6.64263,
	3.44735 6.629,
	3.46439 6.60516,
	3.48823 6.58131,
	3.54273 6.56769,
	3.54955 6.56769,
	3.55977 6.58131,
	3.55977 6.59494,
	3.56999 6.60856,
	3.5768 6.61538,
	3.5768 6.629,
	3.56658 6.64263,
	3.55977 6.64944,
	3.54955 6.67669,
	3.53252 6.70394,
	3.50867 6.7312,
	3.50867 6.7857,
	3.51208 6.81295,
	3.51208 6.81976,
	3.55295 6.87086,
	3.57339 6.89471,
	3.57339 6.92196,
	3.57339 6.92877,
	3.55636 6.95602,
	3.55636 6.96965,
	3.53592 6.9969,
	3.52911 7.01053,
	3.51548 7.02075,
	3.50867 7.03437,
	3.50867 7.04119,
	3.48142 7.06844,
	3.46439 7.08888,
	3.44054 7.11613,
	3.43373 7.12294,
	3.42691 7.12294,
	3.39966 7.13997,
	3.34516 7.16382,
	3.31791 7.17063,
	3.2089 7.17063,
	3.1544 7.17063,
	3.12714 7.17063,
	3.11352 7.17063,
	3.00451 7.21151,
	2.97726 7.22854,
	2.95341 7.25239,
	2.9466 7.26601,
	2.92276 7.28645,
	2.90913 7.3137,
	2.88869 7.33755,
	2.86485 7.39205,
	2.86144 7.40568,
	2.83419 7.40908,
	2.81034 7.38183,
	2.80353 7.35458,
	2.80353 7.33074,
	"/>
</Transform>

<Transform dim="6"
 xcoef=" 0.0446874446926857 1.01761928370745 -0.0231945005889915 0 0 0"
 ycoef=" -0.163116029753597 0.0201428596538127 1.00140857851713 0 0 0">
<Contour name="d06" hidden="true" closed="true" simplified="true" border="0 0 1" fill="0 0 1" mode="11"
 points="3.99239 7.04119,
	3.9992 7.01393,
	4.01283 6.98668,
	4.03667 6.96284,
	4.0503 6.95602,
	4.15931 6.95602,
	4.18656 6.95943,
	4.19678 6.98668,
	4.207 7.00031,
	4.2104 7.02756,
	4.207 7.05481,
	4.20018 7.06844,
	4.17293 7.09228,
	4.11843 7.09569,
	4.09118 7.09569,
	4.07755 7.1025,
	4.02305 7.1025,
	4.00942 7.09569,
	3.9958 7.08206,
	3.99239 7.05481,
	3.99239 7.04459,
	"/>
</Transform>

<Transform dim="6"
 xcoef=" 0.0446874446926857 1.01761928370745 -0.0231945005889915 0 0 0"
 ycoef=" -0.163116029753597 0.0201428596538127 1.00140857851713 0 0 0">
<Contour name="d06c24" hidden="false" closed="true" simplified="true" border="0 1 0" fill="0 1 0" mode="11"
 points="4.06118 7.09524,
	4.07407 7.07805,
	4.14283 7.04797,
	4.15143 7.04367,
	4.18581 7.06516,
	4.1944 7.07376,
	4.1944 7.09095,
	4.18581 7.10814,
	4.17721 7.11673,
	4.16862 7.11673,
	4.15143 7.12963,
	4.08267 7.12963,
	4.06548 7.12963,
	4.06118 7.09954,
	"/>
<Contour name="d06cfa24" hidden="false" closed="false" simplified="false" border="0 1 1" fill="0 1 1" mode="11"
 points="4.19259 7.06798,
	4.05936 7.11095,
	"/>
</Transform>

<Transform dim="6"
 xcoef=" 0.0446874446926857 1.01761928370745 -0.0231945005889915 0 0 0"
 ycoef=" -0.163116029753597 0.0201428596538127 1.00140857851713 0 0 0">
<Contour name="d07" hidden="true" closed="true" simplified="true" border="1 0 1" fill="1 0 1" mode="9"
 points="5.01949 7.27305,
	5.05123 7.24131,
	5.12378 7.21864,
	5.19633 7.24131,
	5.20087 7.25038,
	5.18726 7.32293,
	5.17819 7.332,
	5.10564 7.32746,
	5.06937 7.31839,
	5.0331 7.31839,
	5.01949 7.30479,
	5.01949 7.28665,
	5.01949 7.27758,
	"/>
<Contour name="d07" hidden="true" closed="true" simplified="true" border="1 0 1" fill="1 0 1" mode="9"
 points="3.84964 7.332,
	3.88138 7.29572,
	3.95393 7.25945,
	4.02648 7.25945,
	4.09903 7.27305,
	4.17157 7.25038,
	4.20785 7.23678,
	4.23959 7.2005,
	4.24412 7.16423,
	4.23959 7.12795,
	4.22145 7.09168,
	4.21692 7.01913,
	4.23052 6.98285,
	4.26226 6.95111,
	4.2804 6.93298,
	4.31667 6.9103,
	4.35295 6.87856,
	4.41189 6.81055,
	4.44817 6.81508,
	4.46631 6.82415,
	4.50258 6.82415,
	4.52072 6.83322,
	4.53432 6.85136,
	4.54339 6.85589,
	4.57966 6.82415,
	4.61594 6.80148,
	4.62501 6.79695,
	4.63861 6.81508,
	4.64314 6.82415,
	4.62047 6.8967,
	4.63861 6.93298,
	4.60234 6.96925,
	4.56606 6.99192,
	4.52979 7.02366,
	4.48898 7.09621,
	4.42096 7.16876,
	4.38015 7.24131,
	4.37108 7.27758,
	4.37562 7.29572,
	4.44363 7.3592,
	4.47084 7.39548,
	4.47084 7.41361,
	4.44363 7.44989,
	4.40736 7.48163,
	4.39376 7.49523,
	4.39376 7.51337,
	4.40736 7.53151,
	4.41643 7.56778,
	4.4391 7.60406,
	4.47537 7.6358,
	4.51165 7.65847,
	4.54792 7.67207,
	4.56606 7.68114,
	4.60234 7.68567,
	4.62047 7.69021,
	4.69302 7.75369,
	4.71116 7.77182,
	4.72023 7.78089,
	4.72476 7.92599,
	4.72023 7.96227,
	4.71569 7.9804,
	4.67942 8.01668,
	4.64314 8.03482,
	4.62501 8.04388,
	4.55246 8.03935,
	4.53432 8.03482,
	4.49805 8.00308,
	4.4255 7.98947,
	4.38922 7.97134,
	4.31667 7.90332,
	4.29854 7.88972,
	4.26226 7.88518,
	4.22599 7.88972,
	4.18971 7.88518,
	4.15344 7.86705,
	4.1353 7.85344,
	4.12623 7.85344,
	4.09449 7.81717,
	4.07182 7.78089,
	4.06729 7.70834,
	4.06275 7.6766,
	4.02648 7.6494,
	4.00834 7.64486,
	3.97206 7.61766,
	3.95393 7.59952,
	3.88138 7.45442,
	3.85417 7.38187,
	3.84964 7.3456,
	3.84964 7.33653,
	"/>
</Transform>

<Transform dim="6"
 xcoef=" 0.0446874446926857 1.01761928370745 -0.0231945005889915 0 0 0"
 ycoef=" -0.163116029753597 0.0201428596538127 1.00140857851713 0 0 0">
<Contour name="d07c32" hidden="false" closed="true" simplified="true" border="1 0 0" fill="0 1 0" mode="9"
 points="4.20525 6.96807,
	4.21635 6.95328,
	4.27553 6.91259,
	4.32731 6.85342,
	4.38278 6.80534,
	4.41237 6.80903,
	4.42347 6.82383,
	4.42717 6.83862,
	4.41607 6.8978,
	4.41237 6.91259,
	4.40867 6.9089,
	4.37909 6.93848,
	4.36429 6.95328,
	4.3347 6.97177,
	4.31991 6.97547,
	4.31251 6.98287,
	4.28292 6.99396,
	4.25334 7.01245,
	4.22375 7.01615,
	4.20895 7.00136,
	4.20525 6.97177,
	"/>
<Contour name="d07cfa32" hidden="false" closed="false" simplified="false" border="0 1 1" fill="0 1 1" mode="9"
 points="4.22039 7.01179,
	4.28326 6.94521,
	4.35723 6.88234,
	4.40901 6.80837,
	"/>
</Transform>

<Transform dim="6"
 xcoef=" 0.0446874446926857 1.01761928370745 -0.0231945005889915 0 0 0"
 ycoef=" -0.163116029753597 0.0201428596538127 1.00140857851713 0 0 0">
<Contour name="d01p31" hidden="false" closed="true" simplified="false" border="1 0.5 0" fill="1 0.5 0" mode="-13"
 points="4.87004 4.63075,
	4.87004 4.62422,
	4.87657 4.61769,
	4.8831 4.61769,
	4.88962 4.62422,
	4.88962 4.63075,
	4.8831 4.63727,
	4.87657 4.63727,
	"/>
</Transform>

<Transform dim="6"
 xcoef=" 0.0446874446926857 1.01761928370745 -0.0231945005889915 0 0 0"
 ycoef=" -0.163116029753597 0.0201428596538127 1.00140857851713 0 0 0">
<Contour name="d03p26" hidden="false" closed="true" simplified="false" border="0 0 1" fill="0 0 1" mode="-9"
 points="3.64895 2.28127,
	3.62838 2.2607,
	3.64895 2.24013,
	3.66952 2.2607,
	"/>
</Transform>

<Transform dim="6"
 xcoef=" 0.0446874446926857 1.01761928370745 -0.0231945005889915 0 0 0"
 ycoef=" -0.163116029753597 0.0201428596538127 1.00140857851713 0 0 0">
<Contour name="d03p27" hidden="false" closed="true" simplified="false" border="1 0 1" fill="1 0 1" mode="-9"
 points="3.82821 2.59277,
	3.82821 2.58102,
	3.83996 2.56926,
	3.85172 2.56926,
	3.86347 2.58102,
	3.86347 2.59277,
	3.85172 2.60452,
	3.83996 2.60452,
	"/>
</Transform>

<Transform dim="6"
 xcoef=" 0.0446874446926857 1.01761928370745 -0.0231945005889915 0 0 0"
 ycoef=" -0.163116029753597 0.0201428596538127 1.00140857851713 0 0 0">
<Contour name="d06p21" hidden="false" closed="true" simplified="false" border="1 0 0" fill="1 0 0" mode="-9"
 points="3.41736 6.70661,
	3.41736 6.70164,
	3.42232 6.69668,
	3.42728 6.69668,
	3.43225 6.70164,
	3.43225 6.70661,
	3.42728 6.71157,
	3.42232 6.71157,
	"/>
</Transform>

<Transform dim="6"
 xcoef=" 0.0446874446926857 1.01761928370745 -0.0231945005889915 0 0 0"
 ycoef=" -0.163116029753597 0.0201428596538127 1.00140857851713 0 0 0">
<Contour name="d06p22" hidden="false" closed="true" simplified="false" border="0.251 0 0.502" fill="0.251 0 0.502" mode="-13"
 points="2.94835 7.1632,
	2.93098 7.14583,
	2.94835 7.12846,
	2.96572 7.14583,
	"/>
</Transform>

<Transform dim="6"
 xcoef=" 0.0446874446926857 1.01761928370745 -0.0231945005889915 0 0 0"
 ycoef=" -0.163116029753597 0.0201428596538127 1.00140857851713 0 0 0">
<Contour name="d07p32" hidden="false" closed="true" simplified="false" border="0.5 0 1" fill="0.5 0 1" mode="9"
 points="4.28341 7.31458,
	4.27596 7.31209,
	4.28341 7.30961,
	4.27844 7.30217,
	4.28589 7.30713,
	4.28837 7.29969,
	4.29085 7.30713,
	4.29829 7.30217,
	4.29333 7.30961,
	4.30078 7.31209,
	4.29333 7.31458,
	4.29829 7.32202,
	4.29085 7.31706,
	4.28837 7.3245,
	4.28589 7.31706,
	4.27844 7.32202,
	"/>
</Transform>

<Transform dim="0"
 xcoef=" 0 1 0 0 0 0"
 ycoef=" 0 0 1 0 0 0">
<Contour name="d01" hidden="true" closed="true" simplified="true" border="1 0.5 0" fill="1 0.5 0" mode="9"
 points="3.39312 4.94118,
	3.40261 4.89843,
	3.41259 4.87695,
	3.41758 4.86621,
	3.50191 4.89111,
	3.58576 4.89474,
	3.66936 4.88774,
	3.71098 4.87627,
	3.73179 4.87053,
	3.74226 4.87032,
	3.82477 4.81546,
	3.85544 4.78292,
	3.89111 4.73964,
	3.91155 4.71795,
	3.95354 4.72243,
	4.0078 4.80646,
	4.02399 4.82741,
	4.01546 4.9127,
	3.99123 4.99831,
	3.97651 5.04117,
	3.95594 5.05754,
	3.94571 5.06839,
	3.90421 5.08518,
	3.82061 5.09219,
	3.79968 5.09261,
	3.71474 5.04111,
	3.69344 5.02558,
	3.6096 5.02194,
	3.52551 5.00768,
	3.50433 4.99746,
	3.42024 4.98319,
	3.40978 4.9834,
	3.3936 4.96245,
	3.39324 4.9465,
	"/>
<Contour name="d01cfa35ax04" hidden="false" closed="false" simplified="false" border="0 1 1" fill="0 1 1" mode="9"
 points="3.90922 4.73745,
	3.89142 4.76918,
	3.87342 4.79255,
	3.82279 4.82913,
	3.77206 4.86153,
	3.71905 4.88351,
	3.67378 4.88443,
	3.62454 4.89169,
	3.56927 4.90535,
	3.52204 4.91049,
	3.4887 4.89233,
	"/>
</Transform>

<Transform dim="0"
 xcoef=" 0 1 0 0 0 0"
 ycoef=" 0 0 1 0 0 0">
<Contour name="ax04" comment="LK bouton trace named after cfa" hidden="false" closed="true" simplified="true" border="0 1 1" fill="0.502 1 1" mode="9"
 points="3.2297 4.61318,
	3.23366 4.6005,
	3.23446 4.59417,
	3.24476 4.56881,
	3.24634 4.56564,
	3.24951 4.56247,
	3.25981 4.53711,
	3.27408 4.51176,
	3.27883 4.49908,
	3.28438 4.44837,
	3.28517 4.44203,
	3.28755 4.43569,
	3.2923 4.42935,
	3.29785 4.4246,
	3.30102 4.42222,
	3.32637 4.41826,
	3.33826 4.40875,
	3.34301 4.40241,
	3.34539 4.39607,
	3.34618 4.3929,
	3.34539 4.39132,
	3.34777 4.38498,
	3.35173 4.37864,
	3.36441 4.36596,
	3.37074 4.35328,
	3.3755 4.34061,
	3.37788 4.32793,
	3.37867 4.32159,
	3.37867 4.31842,
	3.38501 4.30574,
	3.39372 4.29306,
	3.40561 4.28039,
	3.43097 4.2582,
	3.43413 4.25503,
	3.44285 4.24235,
	3.44602 4.23601,
	3.44681 4.22967,
	3.44602 4.217,
	3.44523 4.21066,
	3.4476 4.19798,
	3.44919 4.19164,
	3.44919 4.18847,
	3.45632 4.17579,
	3.46583 4.16312,
	3.47692 4.15044,
	3.4896 4.1441,
	3.54031 4.13301,
	3.55299 4.12984,
	3.55933 4.12667,
	3.58469 4.12112,
	3.61004 4.12033,
	3.6354 4.12191,
	3.64807 4.1227,
	3.65441 4.1235,
	3.66709 4.12825,
	3.69245 4.1338,
	3.70513 4.13855,
	3.73048 4.14172,
	3.74316 4.14331,
	3.7495 4.1441,
	3.77485 4.15598,
	3.80021 4.17262,
	3.82557 4.19164,
	3.83824 4.20273,
	3.84934 4.21541,
	3.86677 4.24077,
	3.87628 4.25345,
	3.90243 4.30416,
	3.91114 4.32951,
	3.9159 4.35487,
	3.9151 4.38023,
	3.9159 4.3929,
	3.92937 4.41826,
	3.93174 4.4246,
	3.93571 4.44995,
	3.93729 4.47531,
	3.93808 4.48165,
	3.94838 4.507,
	3.95393 4.51968,
	3.95789 4.53236,
	3.95868 4.5387,
	3.96344 4.55138,
	3.96582 4.55772,
	3.96898 4.58307,
	3.96898 4.59575,
	3.97057 4.60843,
	3.96978 4.62111,
	3.96502 4.64646,
	3.96423 4.6528,
	3.96027 4.66548,
	3.95314 4.67816,
	3.94442 4.69083,
	3.93254 4.70351,
	3.9262 4.70906,
	3.91352 4.71619,
	3.88896 4.74155,
	3.87628 4.75422,
	3.8636 4.76294,
	3.83824 4.78354,
	3.82557 4.79384,
	3.77485 4.8295,
	3.76218 4.8398,
	3.73682 4.85169,
	3.72414 4.85723,
	3.71146 4.8604,
	3.68611 4.86199,
	3.67343 4.86119,
	3.64807 4.86357,
	3.6354 4.86516,
	3.61004 4.87229,
	3.58469 4.87783,
	3.55933 4.87942,
	3.54665 4.8818,
	3.5213 4.8818,
	3.49594 4.87783,
	3.47058 4.86912,
	3.44523 4.86199,
	3.43889 4.86119,
	3.42621 4.85406,
	3.40165 4.82871,
	3.38976 4.81603,
	3.38105 4.80335,
	3.35569 4.79622,
	3.34935 4.79464,
	3.324 4.77958,
	3.29864 4.76611,
	3.28675 4.75581,
	3.28041 4.74313,
	3.27566 4.73045,
	3.27249 4.71778,
	3.2614 4.69242,
	3.24793 4.66706,
	3.24397 4.66072,
	3.24159 4.65439,
	3.24 4.65122,
	3.24 4.64963,
	3.23683 4.64646,
	3.23287 4.63378,
	3.2305 4.62111,
	3.2297 4.61477,
	3.2297 4.61397,
	"/>
</Transform>

<Transform dim="0"
 xcoef=" 0 1 0 0 0 0"
 ycoef=" 0 0 1 0 0 0">
<Contour name="d03" hidden="false" closed="true" simplified="true" border="0 1 0" fill="0 1 0" mode="9"
 points="2.47001 2.5673,
	2.49682 2.51623,
	2.52117 2.49363,
	2.62058 2.49163,
	2.67029 2.49063,
	2.76934 2.47284,
	2.79441 2.48181,
	2.80699 2.48788,
	2.82367 2.53807,
	2.82735 2.56327,
	2.82482 2.58859,
	2.82201 2.60128,
	2.80387 2.62375,
	2.80091 2.63013,
	2.60222 2.64044,
	2.55252 2.64144,
	2.52766 2.64194,
	2.51523 2.64219,
	2.49009 2.63006,
	2.47095 2.60834,
	2.47037 2.58309,
	2.47008 2.57046,
	"/>
<Contour name="d03cfa29ax12" hidden="false" closed="false" simplified="false" border="0 1 1" fill="0 1 1" mode="9"
 points="2.50467 2.49379,
	2.57633 2.48954,
	2.63978 2.48827,
	2.73062 2.47802,
	2.79676 2.4739,
	"/>
</Transform>

<Transform dim="0"
 xcoef=" 0 1 0 0 0 0"
 ycoef=" 0 0 1 0 0 0">
<Contour name="ax12" comment="LK bouton trace named after cfa" hidden="false" closed="true" simplified="true" border="0 1 1" fill="0.502 1 1" mode="9"
 points="2.16291 2.15554,
	2.16619 2.14898,
	2.19242 2.12357,
	2.20553 2.11046,
	2.21947 2.08423,
	2.2252 2.07112,
	2.23258 2.058,
	2.24159 2.04489,
	2.25471 2.0367,
	2.26126 2.03342,
	2.28749 2.02768,
	2.31372 2.0244,
	2.33995 2.0244,
	2.3465 2.02522,
	2.35962 2.03014,
	2.37273 2.03342,
	2.37929 2.03588,
	2.38584 2.04079,
	2.38912 2.04325,
	2.39076 2.04489,
	2.41699 2.03506,
	2.4301 2.03424,
	2.44321 2.0367,
	2.44977 2.03997,
	2.476 2.0662,
	2.48256 2.07194,
	2.50878 2.08669,
	2.5219 2.08915,
	2.54812 2.0998,
	2.57435 2.1121,
	2.58746 2.11702,
	2.60058 2.11947,
	2.60713 2.12111,
	2.61041 2.12111,
	2.63664 2.13505,
	2.6432 2.13669,
	2.65631 2.14324,
	2.65959 2.14652,
	2.66614 2.1498,
	2.69237 2.15226,
	2.7186 2.15636,
	2.73171 2.15636,
	2.73827 2.15636,
	2.74155 2.15636,
	2.74483 2.15472,
	2.75138 2.15472,
	2.7645 2.14734,
	2.77761 2.13751,
	2.78417 2.13505,
	2.79728 2.13423,
	2.80384 2.13505,
	2.80712 2.13505,
	2.82023 2.14078,
	2.82679 2.14488,
	2.83908 2.158,
	2.84973 2.18422,
	2.85629 2.19734,
	2.87268 2.22356,
	2.88088 2.23668,
	2.89235 2.2629,
	2.89645 2.27602,
	2.89891 2.28913,
	2.89973 2.29569,
	2.89891 2.3088,
	2.89727 2.31536,
	2.89645 2.31864,
	2.89645 2.32028,
	2.87514 2.3465,
	2.85055 2.37273,
	2.83826 2.38584,
	2.81695 2.41207,
	2.80875 2.42518,
	2.80548 2.43174,
	2.79482 2.44485,
	2.79154 2.44731,
	2.73909 2.45797,
	2.73581 2.46043,
	2.68336 2.46944,
	2.65713 2.47272,
	2.6309 2.47764,
	2.61779 2.4801,
	2.56533 2.48256,
	2.53911 2.48174,
	2.51288 2.47764,
	2.49977 2.4719,
	2.49321 2.46698,
	2.4678 2.44076,
	2.45469 2.43256,
	2.44813 2.42846,
	2.44485 2.426,
	2.44321 2.42436,
	2.43666 2.42436,
	2.4301 2.42191,
	2.41699 2.42109,
	2.41371 2.42027,
	2.40715 2.42191,
	2.39404 2.42928,
	2.38748 2.4301,
	2.38093 2.42928,
	2.36781 2.42436,
	2.36617 2.42436,
	2.36453 2.42272,
	2.35798 2.42109,
	2.35142 2.41781,
	2.34814 2.41699,
	2.33503 2.40715,
	2.32273 2.39486,
	2.31208 2.38174,
	2.29487 2.35552,
	2.29159 2.34896,
	2.29077 2.33585,
	2.29241 2.30962,
	2.29159 2.29651,
	2.28749 2.28339,
	2.28421 2.27684,
	2.28012 2.26372,
	2.27356 2.25061,
	2.26454 2.23832,
	2.21209 2.21455,
	2.18586 2.20061,
	2.1793 2.19652,
	2.17603 2.19488,
	2.16947 2.18832,
	2.16373 2.17521,
	2.16291 2.16209,
	2.16291 2.15636,
	"/>
</Transform>

<Transform dim="0"
 xcoef=" 0 1 0 0 0 0"
 ycoef=" 0 0 1 0 0 0">
<Contour name="ax23" comment="LK bouton trace named after cfa" hidden="false" closed="true" simplified="true" border="0 1 1" fill="0.502 1 1" mode="9"
 points="4.0318 8.72019,
	4.03476 8.71428,
	4.04362 8.70246,
	4.05544 8.69212,
	4.06134 8.68843,
	4.06725 8.68695,
	4.07021 8.68547,
	4.08202 8.684,
	4.08793 8.684,
	4.09975 8.6803,
	4.10566 8.67956,
	4.12929 8.66922,
	4.14111 8.66258,
	4.14702 8.65815,
	4.15883 8.65224,
	4.16031 8.65076,
	4.17213 8.64854,
	4.17804 8.64928,
	4.18099 8.65002,
	4.18247 8.65002,
	4.18542 8.65224,
	4.19133 8.65298,
	4.19724 8.65519,
	4.20906 8.65593,
	4.21497 8.65593,
	4.21792 8.65519,
	4.2194 8.65519,
	4.22087 8.65371,
	4.23269 8.65298,
	4.2386 8.65371,
	4.25042 8.65815,
	4.25632 8.65962,
	4.30359 8.66036,
	4.31541 8.66036,
	4.32723 8.66332,
	4.33314 8.66405,
	4.34495 8.66849,
	4.34643 8.66996,
	4.34791 8.66996,
	4.35381 8.67439,
	4.36342 8.68621,
	4.36859 8.69803,
	4.37006 8.70394,
	4.37376 8.70985,
	4.37597 8.71575,
	4.37745 8.71871,
	4.37745 8.73053,
	4.37523 8.74234,
	4.37302 8.76598,
	4.37228 8.78961,
	4.37376 8.81324,
	4.37302 8.83688,
	4.37302 8.84869,
	4.37671 8.87233,
	4.37819 8.88415,
	4.37819 8.89596,
	4.37302 8.90778,
	4.36711 8.91295,
	4.35529 8.91738,
	4.34348 8.91738,
	4.33166 8.92034,
	4.31984 8.92698,
	4.3095 8.9388,
	4.30433 8.94471,
	4.30138 8.94692,
	4.29547 8.95874,
	4.28661 8.97056,
	4.28144 8.97647,
	4.27996 8.97942,
	4.277 8.98237,
	4.26962 8.99419,
	4.26002 9.00601,
	4.2482 9.01635,
	4.24229 9.02152,
	4.23048 9.02964,
	4.22457 9.03407,
	4.21866 9.03998,
	4.19502 9.05771,
	4.18321 9.06435,
	4.1773 9.06657,
	4.16548 9.06805,
	4.14185 9.06731,
	4.13594 9.06657,
	4.13299 9.06657,
	4.13003 9.06509,
	4.12855 9.06362,
	4.12265 9.06214,
	4.11674 9.05845,
	4.11378 9.05623,
	4.11083 9.05549,
	4.09901 9.04884,
	4.08719 9.04072,
	4.07685 9.02964,
	4.07095 9.01783,
	4.06873 9.01192,
	4.06799 9.0001,
	4.06873 8.98828,
	4.06799 8.96465,
	4.06873 8.95283,
	4.06873 8.94692,
	4.06282 8.92329,
	4.06061 8.91147,
	4.05987 8.88784,
	4.06061 8.88193,
	4.05987 8.87602,
	4.06134 8.8642,
	4.06356 8.8583,
	4.06504 8.83466,
	4.06061 8.82285,
	4.04731 8.79921,
	4.0414 8.78739,
	4.03919 8.78149,
	4.04067 8.75785,
	4.03993 8.75194,
	4.0355 8.74013,
	4.03328 8.73422,
	4.0318 8.73126,
	4.0318 8.72536,
	4.0318 8.7224,
	4.0318 8.72092,
	"/>
</Transform>

<Transform dim="0"
 xcoef=" 0 1 0 0 0 0"
 ycoef=" 0 0 1 0 0 0">
<Contour name="d01c35ax04" hidden="false" closed="true" simplified="true" border="0 1 0" fill="0 1 0" mode="9"
 points="3.47108 4.93575,
	3.49164 4.88514,
	3.50193 4.85983,
	3.50746 4.84718,
	3.50904 4.84401,
	3.50983 4.84243,
	3.56045 4.84164,
	3.56678 4.84164,
	3.61739 4.82187,
	3.6427 4.81238,
	3.65535 4.80684,
	3.75658 4.78312,
	3.76291 4.78074,
	3.86414 4.70482,
	3.87679 4.69533,
	3.88312 4.69059,
	3.8847 4.6898,
	3.91159 4.74041,
	3.92503 4.76572,
	3.93215 4.77837,
	3.93532 4.7847,
	3.9369 4.78786,
	3.83567 4.88277,
	3.82934 4.8883,
	3.72811 4.9318,
	3.6775 4.95394,
	3.67117 4.95632,
	3.66801 4.9579,
	3.56678 4.94762,
	3.51616 4.94208,
	3.49085 4.93971,
	3.4782 4.93813,
	3.47187 4.93733,
	3.47108 4.93654,
	"/>
</Transform>

<Transform dim="0"
 xcoef=" 0 1 0 0 0 0"
 ycoef=" 0 0 1 0 0 0">
<Contour name="d03c29ax12" hidden="false" closed="true" simplified="true" border="0 1 0" fill="0 1 0" mode="9"
 points="2.49193 2.42504,
	2.52645 2.42289,
	2.66453 2.42073,
	2.73357 2.41965,
	2.76809 2.41857,
	2.78535 2.41857,
	2.7875 2.41857,
	2.78966 2.4272,
	2.79398 2.49624,
	2.79721 2.53076,
	2.79721 2.53508,
	2.79721 2.53723,
	2.52105 2.54694,
	2.51674 2.54694,
	2.51458 2.54694,
	2.51242 2.54263,
	2.50056 2.47359,
	2.49408 2.43907,
	2.493 2.43044,
	2.49193 2.42612,
	"/>
</Transform>

<Transform dim="6"
 xcoef=" -1.08276461209847 1.16545864222614 0.0497232676083938 0 0 0"
 ycoef=" -1.30451193990435 0.0340797028178589 1.07177210534066 0 0 0">
<Image mag="0.00217507" contrast="0.917" brightness="0.12" red="true" green="true" blue="true"
 src="FHLTD.181.jpg" />
<Contour name="domain1" hidden="false" closed="true" simplified="false" border="1 0 1" fill="1 0 1" mode="11"
 points="0 0,
	4096 0,
	4096 4096,
	0 4096,
	"/>
</Transform>

<Transform dim="0"
 xcoef=" 0 1 0 0 0 0"
 ycoef=" 0 0 1 0 0 0">
<Contour name="ddh_d06ax20" comment="traced by ddh" hidden="false" closed="true" simplified="true" border="1 1 0" fill="1 1 0" mode="11"
 points="3.92324 6.35389,
	3.92505 6.34667,
	3.92505 6.34577,
	3.92595 6.34487,
	3.9273 6.34126,
	3.92776 6.33946,
	3.93182 6.33224,
	3.93272 6.33133,
	3.93272 6.33043,
	3.93407 6.32863,
	3.93723 6.32186,
	3.94174 6.31509,
	3.94761 6.30922,
	3.95122 6.30697,
	3.95302 6.30561,
	3.96746 6.3002,
	3.97468 6.29794,
	3.981 6.29298,
	3.99318 6.2799,
	4.00446 6.26591,
	4.00987 6.25914,
	4.01303 6.25643,
	4.01484 6.25553,
	4.01574 6.25463,
	4.02296 6.25147,
	4.02657 6.25192,
	4.02747 6.25192,
	4.03379 6.25869,
	4.03379 6.25959,
	4.03469 6.26004,
	4.03469 6.26095,
	4.03604 6.26275,
	4.03695 6.26636,
	4.03785 6.26816,
	4.04011 6.2826,
	4.04101 6.29704,
	4.04146 6.30426,
	4.04281 6.31148,
	4.04326 6.31509,
	4.04417 6.3169,
	4.04462 6.32411,
	4.04597 6.33133,
	4.04597 6.34577,
	4.04507 6.36021,
	4.04101 6.37465,
	4.04011 6.37826,
	4.04011 6.37916,
	4.03875 6.38097,
	4.03559 6.38819,
	4.03514 6.38999,
	4.03289 6.3936,
	4.03198 6.39405,
	4.03198 6.39495,
	4.02657 6.40082,
	4.0198 6.40623,
	4.01303 6.41075,
	4.00627 6.41661,
	4.0004 6.42203,
	3.99859 6.42338,
	3.99769 6.42473,
	3.99183 6.4315,
	3.97874 6.44278,
	3.97152 6.4482,
	3.97062 6.4482,
	3.96746 6.45045,
	3.96385 6.45181,
	3.95663 6.45135,
	3.95302 6.4509,
	3.95122 6.45045,
	3.94761 6.4482,
	3.94174 6.44143,
	3.93994 6.43782,
	3.93813 6.4306,
	3.93678 6.42699,
	3.93452 6.41255,
	3.93362 6.40894,
	3.93362 6.40533,
	3.93227 6.39811,
	3.92776 6.38367,
	3.92685 6.38006,
	3.92685 6.37826,
	3.92595 6.37736,
	3.9255 6.37375,
	3.9246 6.37194,
	3.92324 6.36472,
	3.92324 6.3575,
	3.92324 6.35435,
	"/>
</Transform>

</Section>