<?xml version="1.0"?>
<!DOCTYPE Section SYSTEM "section.dtd">

<Section index="97" thickness="0.045" alignLocked="true">
<Transform dim="0"
 xcoef=" 0 1 0 0 0 0"
 ycoef=" 0 0 1 0 0 0">
<Contour name="D04" hidden="false" closed="true" simplified="true" border="1 0 0" fill="1 0 0" mode="11"
 points="2.72562 5.75304,
	2.72796 5.71388,
	2.73595 5.67544,
	2.74941 5.63857,
	2.76804 5.60406,
	2.79147 5.57267,
	2.81914 5.54508,
	2.85046 5.52191,
	2.88478 5.50364,
	2.92131 5.49069,
	2.95927 5.48332,
	2.99783 5.48172,
	3.03616 5.4859,
	3.0734 5.49578,
	3.10875 5.51115,
	3.14145 5.53166,
	3.17077 5.55686,
	3.19608 5.58622,
	3.21682 5.61909,
	3.23254 5.65475,
	3.2429 5.69243,
	3.24768 5.73129,
	3.24676 5.7705,
	3.24018 5.80921,
	3.22806 5.84654,
	3.21068 5.88172,
	3.18842 5.91396,
	3.16175 5.94256,
	3.13127 5.96689,
	3.09764 5.98642,
	3.06159 6.00073,
	3.02391 6.00951,
	2.98542 6.01257,
	2.94696 6.00983,
	2.90937 6.00135,
	2.87347 5.98733,
	2.84004 5.96807,
	2.80982 5.94399,
	2.78344 5.91561,
	2.76151 5.88355,
	2.7445 5.84853,
	2.73277 5.81127,
	"/>
<Contour name="D05" hidden="false" closed="true" simplified="true" border="1 1 0" fill="1 1 0" mode="11"
 points="2.13471 4.21643,
	2.1455 4.14358,
	2.17871 4.07733,
	2.2311 4.02415,
	2.29752 3.98926,
	2.37147 3.97608,
	2.44573 3.98587,
	2.51302 4.01771,
	2.56676 4.06846,
	2.60167 4.13315,
	2.61435 4.20546,
	2.60356 4.27831,
	2.57035 4.34455,
	2.51796 4.39773,
	2.45154 4.43262,
	2.37757 4.44581,
	2.30332 4.43601,
	2.23604 4.40418,
	2.1823 4.35343,
	"/>
<Contour name="d01cfa07ax02" hidden="false" closed="false" simplified="false" border="0 1 1" fill="0 1 1" mode="9"
 points="4.4115 2.69051,
	4.41155 2.69473,
	4.41161 2.69896,
	4.41172 2.70741,
	4.40767 2.72019,
	4.40385 2.74986,
	4.39992 2.77108,
	4.39189 2.80086,
	4.37545 2.83082,
	4.37178 2.87318,
	"/>
<Contour name="d01" hidden="false" closed="true" simplified="true" border="1 0.5 0" fill="1 0.5 0" mode="9"
 points="6.02679 3.37234,
	6.03714 3.35074,
	6.04191 3.3079,
	6.04695 3.28641,
	6.07305 3.24842,
	6.0834 3.22682,
	6.12559 3.19914,
	6.13609 3.18821,
	6.17869 3.19258,
	6.20003 3.19744,
	6.28082 3.27572,
	6.32384 3.31213,
	6.34532 3.32767,
	6.36182 3.37003,
	6.35126 3.37561,
	6.32985 3.36541,
	6.30914 3.40862,
	6.3097 3.45135,
	6.32613 3.48836,
	6.36383 3.5249,
	6.38006 3.5459,
	6.36971 3.5675,
	6.34872 3.58935,
	6.32324 3.6754,
	6.30757 3.69713,
	6.26503 3.6981,
	6.22236 3.68839,
	6.11912 3.51981,
	6.07016 3.43546,
	6.04302 3.39334,
	6.03225 3.38291,
	6.03218 3.37757,
	"/>
<Contour name="d02" hidden="false" closed="true" simplified="true" border="0.5 0 1" fill="0.5 0 1" mode="9"
 points="3.98496 6.35662,
	3.99728 6.3438,
	4.39667 6.32212,
	4.4467 6.32724,
	4.47159 6.3204,
	4.48407 6.32012,
	4.49639 6.30728,
	4.50134 6.20681,
	4.50101 6.18173,
	4.50085 6.16919,
	4.52558 6.1498,
	4.62555 6.15379,
	4.63803 6.15351,
	4.66326 6.17175,
	4.76347 6.19455,
	4.96301 6.17116,
	5.06288 6.16888,
	5.11275 6.16147,
	5.15588 6.11657,
	5.25626 6.15191,
	5.26875 6.15163,
	5.30062 6.20108,
	5.29502 6.25139,
	5.28286 6.27675,
	5.28416 6.37708,
	5.31668 6.4767,
	5.31174 6.57718,
	5.31207 6.60226,
	5.3501 6.6453,
	5.3754 6.66982,
	5.40045 6.67551,
	5.41894 6.65627,
	5.44399 6.66197,
	5.49451 6.70473,
	5.5198 6.72923,
	5.53919 6.77898,
	5.53951 6.80406,
	5.55232 6.82885,
	5.5464 6.85408,
	5.54656 6.86663,
	5.53424 6.87945,
	5.49184 6.98078,
	5.48625 7.03109,
	5.46818 7.08169,
	5.45585 7.09451,
	5.35596 7.0968,
	5.3309 7.09109,
	5.30569 7.07285,
	5.28064 7.06716,
	5.26799 7.0549,
	5.16786 7.03837,
	5.11791 7.03951,
	5.09294 7.04008,
	5.06813 7.05319,
	4.9684 7.06802,
	4.86843 7.06404,
	4.81832 7.05264,
	4.79327 7.04694,
	4.74292 7.01672,
	4.71763 6.99221,
	4.61717 6.9506,
	4.51736 6.95916,
	4.4923 6.95346,
	4.47965 6.9412,
	4.47211 6.84101,
	4.43416 6.80425,
	4.44008 6.77902,
	4.4524 6.76619,
	4.47729 6.75935,
	4.50201 6.73997,
	4.50169 6.71489,
	4.48896 6.69636,
	4.43877 6.67868,
	4.38874 6.67356,
	4.28894 6.68211,
	4.26372 6.66388,
	4.24434 6.61413,
	4.23745 6.56412,
	4.23712 6.53903,
	4.21774 6.48929,
	4.16723 6.44654,
	4.11687 6.41632,
	4.01682 6.40607,
	3.99177 6.40038,
	3.98521 6.37543,
	3.98504 6.36289,
	"/>
<Contour name="d02" hidden="false" closed="true" simplified="true" border="0.5 0 1" fill="0.5 0 1" mode="9"
 points="4.22784 7.26687,
	4.2584 7.21598,
	4.28313 7.1966,
	4.38326 7.21313,
	4.40823 7.21256,
	4.43338 7.22453,
	4.4337 7.24961,
	4.40314 7.30049,
	4.42876 7.35008,
	4.4414 7.36235,
	4.46647 7.36804,
	4.47903 7.37403,
	4.47919 7.38657,
	4.50425 7.39226,
	4.51673 7.39198,
	4.5233 7.41693,
	4.52347 7.42947,
	4.50506 7.45498,
	4.48017 7.46182,
	4.42998 7.44415,
	4.37955 7.40767,
	4.32936 7.39,
	4.27933 7.38486,
	4.23498 7.3357,
	4.22808 7.28567,
	4.22792 7.27313,
	"/>
<Contour name="d02" hidden="false" closed="true" simplified="true" border="0.5 0 1" fill="0.5 0 1" mode="9"
 points="5.4567 5.84922,
	5.47344 5.8143,
	5.48192 5.80548,
	5.51618 5.79606,
	5.55056 5.79527,
	5.56786 5.80351,
	5.5769 5.83784,
	5.57712 5.85511,
	5.57723 5.86374,
	5.54314 5.8861,
	5.52606 5.89513,
	5.49175 5.90023,
	5.4745 5.89631,
	5.47439 5.88767,
	5.46133 5.87502,
	5.45681 5.85786,
	5.45676 5.85354,
	"/>
<Contour name="d02" hidden="false" closed="true" simplified="true" border="0.5 0 1" fill="0.5 0 1" mode="9"
 points="3.44201 6.05156,
	3.51452 6.01784,
	3.55074 5.9987,
	3.59999 5.92888,
	3.60886 5.91037,
	3.61785 5.901,
	3.62265 5.91921,
	3.63644 5.92805,
	3.70937 5.92638,
	3.74576 5.92098,
	3.81838 5.89641,
	3.88621 5.85365,
	3.89964 5.83503,
	3.92149 5.76127,
	3.9258 5.74286,
	3.97499 5.66846,
	3.98386 5.64994,
	4.02014 5.63538,
	4.09306 5.63371,
	4.11135 5.63787,
	4.14361 5.66461,
	4.13952 5.70133,
	4.11769 5.7751,
	4.06851 5.84948,
	4.01021 5.92408,
	3.94274 5.99431,
	3.93387 6.01284,
	3.91587 6.03156,
	3.90688 6.04093,
	3.91168 6.05913,
	3.9395 6.09512,
	3.95365 6.13144,
	3.95388 6.14974,
	3.92245 6.1871,
	3.90446 6.20582,
	3.88635 6.2154,
	3.81343 6.21707,
	3.74027 6.20042,
	3.70369 6.1921,
	3.667 6.17462,
	3.59384 6.15797,
	3.57555 6.15382,
	3.55714 6.1405,
	3.52051 6.1276,
	3.50221 6.12344,
	3.4838 6.11012,
	3.47469 6.11033,
	3.44237 6.07903,
	3.44213 6.06071,
	3.44207 6.05613,
	"/>
<Contour name="d02c42" hidden="false" closed="true" simplified="true" border="0 1 0" fill="0 1 0" mode="9"
 points="3.61528 5.90114,
	3.61716 5.88426,
	3.62332 5.8757,
	3.65682 5.87283,
	3.69041 5.87837,
	3.72395 5.87971,
	3.75733 5.86842,
	3.77398 5.85963,
	3.78233 5.85733,
	3.78646 5.85302,
	3.79482 5.85073,
	3.82593 5.82687,
	3.88589 5.76447,
	3.91695 5.73639,
	3.92313 5.72784,
	3.93147 5.72554,
	3.93988 5.72746,
	3.93194 5.76131,
	3.93216 5.77814,
	3.92609 5.79511,
	3.91584 5.81218,
	3.90137 5.82724,
	3.89304 5.83165,
	3.86622 5.86382,
	3.85591 5.87669,
	3.82264 5.8964,
	3.75592 5.92107,
	3.68903 5.93312,
	3.67227 5.93351,
	3.66383 5.92949,
	3.64705 5.92777,
	3.63021 5.92184,
	3.62179 5.91783,
	3.61539 5.90955,
	3.61531 5.90324,
	"/>
<Contour name="d02cfa42" hidden="false" closed="false" simplified="false" border="0 1 1" fill="0 1 1" mode="9"
 points="3.9382 5.72765,
	3.90722 5.76203,
	3.88263 5.80469,
	3.83511 5.85628,
	3.75386 5.89181,
	3.67845 5.89354,
	3.61754 5.88231,
	"/>
<Contour name="d03" hidden="false" closed="true" simplified="true" border="0 1 0" fill="0 1 0" mode="9"
 points="2.89435 3.19608,
	2.89944 3.18548,
	2.90197 3.18018,
	2.92128 3.15875,
	2.93159 3.14801,
	2.96238 3.10534,
	2.99652 3.02063,
	3.00643 2.97844,
	3.0166 2.95722,
	3.023 2.94789,
	3.06443 2.92071,
	3.07479 2.91391,
	3.11635 2.89723,
	3.15782 2.87268,
	3.17854 2.85909,
	3.26155 2.81653,
	3.30302 2.79198,
	3.38603 2.74942,
	3.42764 2.73666,
	3.44845 2.72963,
	3.4899 2.70507,
	3.50029 2.69959,
	3.54188 2.68552,
	3.56268 2.67849,
	3.60438 2.67229,
	3.62524 2.66919,
	3.63046 2.66907,
	3.65153 2.68301,
	3.67133 2.69962,
	3.68727 2.72023,
	3.69654 2.73051,
	3.70856 2.75122,
	3.71798 2.77199,
	3.72196 2.77714,
	3.76397 2.79455,
	3.78502 2.80718,
	3.79555 2.81349,
	3.80496 2.83426,
	3.81032 2.84464,
	3.81299 2.84982,
	3.82007 2.89162,
	3.80072 2.91043,
	3.78272 2.93182,
	3.77373 2.94252,
	3.77245 2.94517,
	3.77664 2.96607,
	3.77801 2.97128,
	3.75867 2.99008,
	3.74835 2.9995,
	3.74319 3.00486,
	3.73041 3.02614,
	3.72657 3.03147,
	3.7258 3.07346,
	3.72594 3.08395,
	3.71866 3.12608,
	3.71618 3.13663,
	3.69541 3.14629,
	3.68504 3.15177,
	3.67463 3.15463,
	3.65375 3.15511,
	3.63281 3.15165,
	3.62232 3.14796,
	3.53963 3.21543,
	3.49816 3.23998,
	3.45665 3.2606,
	3.41508 3.2773,
	3.40471 3.28278,
	3.38377 3.27932,
	3.3628 3.27324,
	3.34178 3.26323,
	3.29963 3.23534,
	3.25992 3.19428,
	3.25594 3.18913,
	3.23843 3.14755,
	3.22902 3.12679,
	3.21438 3.10614,
	3.20644 3.09714,
	3.16444 3.08105,
	3.12266 3.08069,
	3.10203 3.10084,
	3.09169 3.10895,
	3.05046 3.15185,
	3.01184 3.19471,
	3.00285 3.2054,
	2.99768 3.20946,
	2.95609 3.22483,
	2.93529 3.23187,
	2.92488 3.23473,
	2.91441 3.23234,
	2.90389 3.22734,
	2.89709 3.20651,
	2.89437 3.1974,
	"/>
<Contour name="d03" hidden="false" closed="true" simplified="true" border="0 1 0" fill="0 1 0" mode="9"
 points="2.2647 2.47759,
	2.27061 2.45244,
	2.27356 2.43987,
	2.27817 2.43507,
	2.30306 2.4345,
	2.31552 2.43578,
	2.33913 2.45557,
	2.34878 2.48036,
	2.35362 2.49275,
	2.35706 2.51769,
	2.35558 2.52397,
	2.34641 2.53669,
	2.34027 2.54308,
	2.32776 2.53868,
	2.3152 2.53115,
	2.28999 2.50672,
	2.26788 2.48221,
	2.26472 2.47915,
	"/>
<Contour name="d03" hidden="false" closed="true" simplified="true" border="0 1 0" fill="0 1 0" mode="9"
 points="2.33317 3.03455,
	2.3371 3.01781,
	2.33906 3.00943,
	2.35343 2.99869,
	2.36996 2.99416,
	2.37819 2.98981,
	2.41138 2.99112,
	2.42804 2.99699,
	2.46146 3.01705,
	2.47818 3.02708,
	2.50805 3.09302,
	2.51231 3.10125,
	2.50838 3.11799,
	2.50642 3.12637,
	2.48994 3.13507,
	2.47342 3.13962,
	2.44026 3.14038,
	2.40703 3.13489,
	2.39039 3.13111,
	2.36095 3.09846,
	2.35037 3.08205,
	2.3375 3.04903,
	2.33533 3.04075,
	2.3332 3.03664,
	"/>
<Contour name="d03" hidden="false" closed="true" simplified="true" border="0 1 0" fill="0 1 0" mode="9"
 points="2.00192 3.38568,
	2.00356 3.35232,
	2.00334 3.33567,
	2.01535 3.30209,
	2.01938 3.29366,
	2.05248 3.28874,
	2.06898 3.28212,
	2.10246 3.30634,
	2.11715 3.32058,
	2.12588 3.3537,
	2.12806 3.36197,
	2.12609 3.37035,
	2.10166 3.40422,
	2.09151 3.4211,
	2.08743 3.42537,
	2.05432 3.43029,
	2.03777 3.43275,
	2.00421 3.40228,
	2.00194 3.38776,
	"/>
<Contour name="d03" hidden="false" closed="true" simplified="true" border="0 1 0" fill="0 1 0" mode="9"
 points="2.72652 2.62533,
	2.73081 2.62306,
	2.76549 2.63312,
	2.78281 2.63705,
	2.85237 2.67233,
	2.88714 2.68889,
	2.90451 2.69717,
	2.92437 2.72925,
	2.93323 2.7464,
	2.93152 2.78114,
	2.92959 2.79853,
	2.92965 2.80287,
	2.89516 2.808,
	2.87789 2.8084,
	2.86925 2.80859,
	2.79956 2.76247,
	2.7732 2.72837,
	2.76003 2.71132,
	2.74014 2.67707,
	2.73129 2.65992,
	2.72686 2.65135,
	2.72664 2.634,
	2.72655 2.6275,
	"/>
<Contour name="d06" hidden="false" closed="true" simplified="true" border="0 0 1" fill="0 0 1" mode="9"
 points="2.12243 8.10995,
	2.13604 8.08728,
	2.17443 8.04449,
	2.21842 8.00437,
	2.2626 7.97821,
	2.28473 7.96932,
	2.30699 7.96881,
	2.31811 7.96856,
	2.34925 8.00976,
	2.3577 8.01795,
	2.36062 8.02905,
	2.37189 8.03997,
	2.38053 8.06213,
	2.38169 8.15152,
	2.38505 8.19616,
	2.38797 8.20726,
	2.39646 8.21825,
	2.44132 8.24517,
	2.4526 8.25609,
	2.45318 8.30078,
	2.45347 8.32313,
	2.45083 8.33436,
	2.4509 8.33996,
	2.43993 8.35138,
	2.41771 8.35468,
	2.37313 8.35012,
	2.35082 8.34503,
	2.32835 8.32878,
	2.31715 8.32345,
	2.29743 8.30434,
	2.28624 8.29901,
	2.19626 8.22562,
	2.154 8.18468,
	2.13424 8.16277,
	2.12575 8.15179,
	2.12268 8.1295,
	2.12254 8.11833,
	2.12247 8.11274,
	"/>
<Contour name="d06" hidden="false" closed="true" simplified="true" border="0 0 1" fill="0 0 1" mode="9"
 points="2.14195 6.61456,
	2.15279 6.59196,
	2.17196 6.56917,
	2.18294 6.55774,
	2.20501 6.54327,
	2.21606 6.53742,
	2.23832 6.53691,
	2.24943 6.53665,
	2.33905 6.58211,
	2.37574 6.62319,
	2.38247 6.71245,
	2.3914 6.75695,
	2.41701 6.80108,
	2.4312 6.8231,
	2.43983 6.84526,
	2.45404 6.86729,
	2.4765 6.88354,
	2.51045 6.92748,
	2.51052 6.93306,
	2.55004 6.97687,
	2.57255 6.99591,
	2.61723 7.00886,
	2.66172 7.00785,
	2.7064 7.02079,
	2.72879 7.03146,
	2.73999 7.03679,
	2.74848 7.04778,
	2.77076 7.05005,
	2.78196 7.05539,
	2.82422 7.09634,
	2.84659 7.10421,
	2.89144 7.13113,
	2.93616 7.14687,
	2.94732 7.14941,
	2.96982 7.16846,
	3.01436 7.17023,
	3.19152 7.10191,
	3.23591 7.09251,
	3.2804 7.09149,
	3.2916 7.09683,
	3.33606 7.09302,
	3.35824 7.08693,
	3.40245 7.06355,
	3.42451 7.04908,
	3.46876 7.02851,
	3.49082 7.01403,
	3.51297 7.00514,
	3.55747 7.00413,
	3.57971 7.00362,
	3.62403 6.98863,
	3.66805 6.9513,
	3.75318 6.86552,
	3.77518 6.84546,
	3.79724 6.83098,
	3.8083 6.82514,
	3.85268 6.81574,
	3.89696 6.79796,
	3.9191 6.78908,
	3.9636 6.78806,
	3.97473 6.7878,
	3.98597 6.79593,
	3.99181 6.81815,
	3.98376 6.84069,
	3.94537 6.88348,
	3.92619 6.90627,
	3.9237 6.92869,
	3.93785 6.94792,
	3.97738 6.99173,
	3.9998 7.00518,
	4.02217 7.01305,
	4.03329 7.0128,
	4.04449 7.01814,
	4.13345 7.0133,
	4.17794 7.01229,
	4.20016 7.00898,
	4.20565 7.00327,
	4.21121 7.00314,
	4.21392 6.9975,
	4.21948 6.99737,
	4.22497 6.99165,
	4.23053 6.99152,
	4.27445 6.94582,
	4.29366 6.92581,
	4.30464 6.91438,
	4.32679 6.90549,
	4.37128 6.90448,
	4.39371 6.91794,
	4.40483 6.91769,
	4.41332 6.92866,
	4.42224 6.97317,
	4.42253 6.99551,
	4.40365 7.04066,
	4.39282 7.06326,
	4.3874 7.07456,
	4.37642 7.08599,
	4.35436 7.10046,
	4.32434 7.14586,
	4.28595 7.18865,
	4.24185 7.22039,
	4.19764 7.24376,
	4.15351 7.27272,
	4.13147 7.28999,
	4.10934 7.29888,
	4.06487 7.30268,
	4.04274 7.31157,
	3.86474 7.31564,
	3.77571 7.31489,
	3.73113 7.31032,
	3.68639 7.29179,
	3.59702 7.26588,
	3.50803 7.26792,
	3.46353 7.26894,
	3.44132 7.27224,
	3.41918 7.28113,
	3.37476 7.28773,
	3.35254 7.29104,
	3.34145 7.29408,
	3.29736 7.32583,
	3.25318 7.35199,
	3.23112 7.36646,
	3.14259 7.40482,
	3.12045 7.4137,
	3.09842 7.43097,
	3.05447 7.47389,
	3.03243 7.49116,
	2.98815 7.50894,
	2.94398 7.5351,
	2.85538 7.56786,
	2.83328 7.57954,
	2.78893 7.59174,
	2.76679 7.60063,
	2.72233 7.60443,
	2.6333 7.60368,
	2.58876 7.6019,
	2.57763 7.60216,
	2.53295 7.58921,
	2.48817 7.56787,
	2.46573 7.55442,
	2.45451 7.54629,
	2.44887 7.54084,
	2.44331 7.54096,
	2.44045 7.53543,
	2.4293 7.5329,
	2.40675 7.51106,
	2.40661 7.49989,
	2.4009 7.48884,
	2.4031 7.44408,
	2.4195 7.42135,
	2.42503 7.41843,
	2.42495 7.41284,
	2.44413 7.39005,
	2.45496 7.36745,
	2.45658 7.27799,
	2.45908 7.25558,
	2.47547 7.23285,
	2.51661 7.1872,
	2.53301 7.16448,
	2.5352 7.11972,
	2.52628 7.07521,
	2.52043 7.05299,
	2.50349 7.03382,
	2.48099 7.01477,
	2.46401 6.99281,
	2.45837 6.98735,
	2.4583 6.98176,
	2.41882 6.94075,
	2.37667 6.90818,
	2.33192 6.88964,
	2.24292 6.89167,
	2.19842 6.89269,
	2.17613 6.89041,
	2.16498 6.88787,
	2.15078 6.86585,
	2.14845 6.68706,
	2.14261 6.66484,
	2.14202 6.62015,
	2.14199 6.61735,
	"/>
<Contour name="d06" hidden="false" closed="true" simplified="true" border="0 0 1" fill="0 0 1" mode="9"
 points="2.88344 8.01431,
	2.88886 8.003,
	2.89984 7.99157,
	2.92194 7.9799,
	2.96644 7.97888,
	2.98879 7.98675,
	3.01109 7.98903,
	3.0222 7.98877,
	3.0334 7.99411,
	3.04453 7.99386,
	3.05572 7.99919,
	3.07545 8.0183,
	3.08665 8.02363,
	3.09228 8.02908,
	3.09784 8.02896,
	3.10348 8.03442,
	3.12572 8.03391,
	3.17033 8.04128,
	3.18145 8.04102,
	3.20381 8.04889,
	3.21501 8.05422,
	3.22628 8.06515,
	3.22935 8.08743,
	3.2295 8.0986,
	3.18818 8.13028,
	3.16614 8.14755,
	3.1551 8.1534,
	3.1496 8.15911,
	3.12743 8.1652,
	3.08293 8.16622,
	3.03833 8.15886,
	2.99361 8.14311,
	2.94896 8.13296,
	2.9378 8.13042,
	2.91534 8.11417,
	2.90963 8.10312,
	2.90934 8.08078,
	2.89793 8.05869,
	2.88944 8.0477,
	2.88359 8.02547,
	2.88348 8.01709,
	"/>
<Contour name="d06c10" hidden="false" closed="true" simplified="true" border="0 1 0" fill="0 1 0" mode="9"
 points="3.88675 6.92573,
	3.91049 6.89283,
	3.94239 6.86783,
	3.9543 6.85542,
	3.97036 6.85101,
	3.98651 6.85469,
	3.98291 6.88714,
	3.97899 6.89531,
	3.9953 6.91112,
	4.05972 6.90965,
	4.09192 6.90891,
	4.15613 6.89126,
	4.18829 6.88648,
	4.22054 6.88978,
	4.25302 6.90927,
	4.28157 6.93693,
	4.27838 7.00173,
	4.25057 7.03068,
	4.23463 7.04318,
	4.10584 7.05017,
	4.04132 7.04356,
	3.9769 7.04503,
	3.96885 7.04522,
	3.93638 7.02573,
	3.90375 6.99411,
	3.8956 6.98622,
	3.88712 6.95404,
	3.88691 6.93787,
	3.88681 6.92978,
	"/>
<Contour name="d06cfa10" hidden="false" closed="true" simplified="true" border="0 1 0" fill="0 1 0" mode="9"
 points="3.8966 6.91548,
	3.92033 6.88258,
	3.95223 6.85758,
	3.96415 6.84517,
	3.98021 6.84076,
	3.99636 6.84443,
	3.99276 6.87688,
	3.98884 6.88506,
	4.00515 6.90087,
	4.06957 6.89939,
	4.10177 6.89866,
	4.16598 6.881,
	4.19814 6.87623,
	4.23039 6.87953,
	4.26287 6.89901,
	4.29142 6.92668,
	4.28823 6.99148,
	4.26042 7.02043,
	4.24448 7.03293,
	4.11569 7.03992,
	4.05117 7.03331,
	3.98675 7.03478,
	3.9787 7.03496,
	3.94623 7.01548,
	3.9136 6.98386,
	3.90545 6.97596,
	3.89697 6.94379,
	3.89676 6.92762,
	3.89666 6.91953,
	"/>
<Contour name="d06cfa10" hidden="false" closed="false" simplified="false" border="0 1 1" fill="0 1 1" mode="9"
 points="4.29133 6.98375,
	4.25567 7.02907,
	4.14304 7.03973,
	4.01823 7.04258,
	3.93327 7.01217,
	3.89624 6.95234,
	3.90758 6.89545,
	"/>
<Contour name="d06c11" hidden="false" closed="true" simplified="true" border="0 1 0" fill="0 1 0" mode="9"
 points="2.09895 6.63897,
	2.11872 6.6102,
	2.13467 6.5977,
	2.16682 6.59292,
	2.1791 6.60882,
	2.18356 6.64108,
	2.19605 6.67315,
	2.19689 6.73786,
	2.18524 6.77048,
	2.16934 6.78703,
	2.13713 6.78777,
	2.12097 6.78409,
	2.10042 6.7522,
	2.09958 6.6875,
	2.09916 6.65514,
	2.09901 6.64301,
	"/>
<Contour name="d06cfa11" hidden="false" closed="false" simplified="false" border="0 1 1" fill="0 1 1" mode="9"
 points="2.1543 6.78588,
	2.15702 6.68468,
	2.16386 6.59149,
	"/>
<Contour name="d06c12" hidden="false" closed="true" simplified="true" border="0 1 0" fill="0 1 0" mode="9"
 points="2.92085 7.97516,
	2.93097 7.95405,
	2.93863 7.94344,
	2.98015 7.93987,
	3.00093 7.93939,
	3.04263 7.94888,
	3.06344 7.95102,
	3.06863 7.9509,
	3.1054 7.98138,
	3.12628 7.98873,
	3.14474 8.00918,
	3.15001 8.01428,
	3.15028 8.03516,
	3.14275 8.05621,
	3.13506 8.06421,
	3.11428 8.06469,
	3.10386 8.06231,
	3.09866 8.06243,
	3.07761 8.04203,
	3.06712 8.03444,
	3.04631 8.03231,
	3.03589 8.02994,
	3.03062 8.02484,
	3.02019 8.02247,
	2.99921 8.00729,
	2.95766 8.00824,
	2.94727 8.00848,
	2.92628 7.9933,
	2.92102 7.9882,
	2.92088 7.97776,
	"/>
<Contour name="d06cfa12" hidden="false" closed="false" simplified="false" border="0 1 1" fill="0 1 1" mode="9"
 points="3.14379 8.04215,
	3.06529 7.99958,
	2.98186 7.978,
	2.91699 7.98471,
	"/>
<Contour name="d07" hidden="false" closed="true" simplified="true" border="1 0 1" fill="1 0 1" mode="9"
 points="3.15231 6.48615,
	3.17379 6.4549,
	3.20855 6.43653,
	3.24344 6.42694,
	3.31297 6.39018,
	3.45233 6.33865,
	3.48726 6.33345,
	3.52209 6.31947,
	3.55709 6.31867,
	3.56578 6.31408,
	3.601 6.33085,
	3.61861 6.33924,
	3.62345 6.3743,
	3.60249 6.4451,
	3.58545 6.48064,
	3.57255 6.49852,
	3.57267 6.5073,
	3.55533 6.52089,
	3.5204 6.52609,
	3.48534 6.52249,
	3.46774 6.51411,
	3.43228 6.47975,
	3.39722 6.47616,
	3.37973 6.47656,
	3.34951 6.50802,
	3.34098 6.52579,
	3.3411 6.53458,
	3.33241 6.53917,
	3.32826 6.55685,
	3.29804 6.58831,
	3.28072 6.60189,
	3.24578 6.60708,
	3.22828 6.60748,
	3.193 6.58632,
	3.16629 6.55176,
	3.15294 6.53449,
	3.15248 6.49934,
	3.15237 6.49054,
	"/>
<Contour name="d07" hidden="false" closed="true" simplified="true" border="1 0 1" fill="1 0 1" mode="9"
 points="2.76479 8.31902,
	2.77769 8.30115,
	2.78195 8.29226,
	2.85194 8.29065,
	2.88693 8.28985,
	2.95647 8.25311,
	2.99129 8.23913,
	3.00874 8.23433,
	3.02629 8.23833,
	3.05737 8.27277,
	3.07072 8.29005,
	3.07095 8.30763,
	3.06243 8.3254,
	3.0451 8.33898,
	2.97511 8.34058,
	2.94011 8.34138,
	2.90529 8.35536,
	2.87506 8.38682,
	2.8578 8.4048,
	2.82281 8.4056,
	2.8053 8.406,
	2.79656 8.4062,
	2.77423 8.37155,
	2.76502 8.3366,
	2.76485 8.32342,
	"/>
<Contour name="d07" hidden="false" closed="true" simplified="true" border="1 0 1" fill="1 0 1" mode="9"
 points="3.6027 8.14603,
	3.64115 8.07482,
	3.70603 8.0162,
	3.74069 7.98904,
	3.77545 7.97066,
	3.79284 7.96147,
	3.82789 7.96507,
	3.86334 7.99942,
	3.86863 8.06962,
	3.86885 8.0872,
	3.86897 8.09598,
	3.85159 8.10517,
	3.82137 8.13663,
	3.80432 8.17218,
	3.80018 8.18985,
	3.78728 8.20774,
	3.7524 8.21732,
	3.71735 8.21373,
	3.69979 8.20974,
	3.66497 8.22372,
	3.63003 8.22891,
	3.61253 8.22931,
	3.60367 8.22072,
	3.60275 8.15042,
	"/>
<Contour name="d07" hidden="false" closed="true" simplified="true" border="1 0 1" fill="1 0 1" mode="9"
 points="3.63914 7.58261,
	3.66499 7.55125,
	3.69981 7.53726,
	3.7256 7.50152,
	3.74264 7.46596,
	3.73735 7.39577,
	3.71065 7.36121,
	3.71042 7.34364,
	3.71895 7.32587,
	3.73633 7.31667,
	3.80632 7.31507,
	3.82382 7.31467,
	3.85898 7.32705,
	3.99897 7.32385,
	4.01647 7.32345,
	4.02522 7.32325,
	4.04288 7.33603,
	4.05175 7.34463,
	4.12168 7.33862,
	4.15668 7.33782,
	4.29752 7.40053,
	4.36791 7.4297,
	4.38541 7.4293,
	4.40302 7.43768,
	4.41177 7.43748,
	4.48262 7.50178,
	4.50034 7.51896,
	4.50921 7.52755,
	4.51449 7.59775,
	4.51495 7.6329,
	4.48462 7.65558,
	4.46729 7.66916,
	4.39746 7.68394,
	4.36276 7.7067,
	4.29304 7.73028,
	4.27566 7.73947,
	4.24066 7.74027,
	4.20579 7.74985,
	4.17079 7.75065,
	4.15335 7.75545,
	4.11864 7.77822,
	4.08382 7.7922,
	4.06631 7.7926,
	3.99661 7.81617,
	3.85657 7.81497,
	3.78135 7.75077,
	3.74618 7.73839,
	3.7109 7.71722,
	3.6755 7.68727,
	3.65778 7.67008,
	3.63983 7.63534,
	3.63937 7.60018,
	3.6392 7.587,
	"/>
<Contour name="d07c15a" hidden="false" closed="true" simplified="true" border="1 0 0" fill="0 1 0" mode="9"
 points="3.35692 6.47008,
	3.37555 6.43906,
	3.43648 6.4415,
	3.45166 6.43732,
	3.48225 6.4481,
	3.49387 6.46313,
	3.49427 6.49371,
	3.49436 6.50135,
	3.47934 6.51699,
	3.47183 6.52481,
	3.44139 6.52551,
	3.4144 6.49935,
	3.38396 6.50005,
	3.36874 6.5004,
	3.35712 6.48537,
	3.35697 6.4739,
	"/>
<Contour name="d07cfa15a" hidden="false" closed="false" simplified="false" border="0 1 1" fill="0 1 1" mode="9"
 points="3.47941 6.50562,
	3.46389 6.48303,
	3.39899 6.46922,
	3.35738 6.4893,
	"/>
<Contour name="d07c15b" hidden="false" closed="true" simplified="true" border="1 0 0" fill="0 1 0" mode="9"
 points="3.57724 6.43445,
	3.58406 6.37312,
	3.59528 6.35757,
	3.60279 6.34975,
	3.61802 6.3494,
	3.645 6.37556,
	3.6492 6.40604,
	3.6455 6.41378,
	3.63778 6.4063,
	3.63438 6.43698,
	3.61951 6.46408,
	3.61209 6.47954,
	3.58169 6.48407,
	3.57749 6.45357,
	3.57729 6.43828,
	"/>
<Contour name="d08" hidden="false" closed="true" simplified="true" border="1 0 0" fill="1 0 0" mode="9"
 points="4.39799 3.14667,
	4.41967 3.11511,
	4.45011 3.07892,
	4.52015 3.02851,
	4.55525 3.00996,
	4.59058 3.00915,
	4.6083 3.01318,
	4.64397 3.03899,
	4.67535 3.07377,
	4.72032 3.13486,
	4.78743 3.19988,
	4.79638 3.20855,
	4.79661 3.2263,
	4.83205 3.23436,
	4.841 3.24303,
	4.84983 3.24283,
	4.88551 3.26863,
	4.95658 3.29807,
	4.97436 3.30654,
	5.04502 3.30492,
	5.08017 3.2908,
	5.11521 3.26782,
	5.18588 3.26621,
	5.22121 3.2654,
	5.25625 3.24241,
	5.32662 3.21862,
	5.39729 3.217,
	5.41495 3.2166,
	5.43273 3.22506,
	5.44621 3.2425,
	5.51693 3.24532,
	5.58753 3.23927,
	5.59637 3.23907,
	5.60125 3.27446,
	5.58404 3.31034,
	5.56661 3.32849,
	5.53156 3.35148,
	5.47943 3.41924,
	5.47955 3.42811,
	5.45351 3.4642,
	5.44072 3.49999,
	5.40579 3.53185,
	5.3883 3.54556,
	5.35314 3.55968,
	5.2826 3.57016,
	5.25203 3.59749,
	5.23459 3.61563,
	5.22174 3.64699,
	5.22221 3.68248,
	5.22244 3.70022,
	5.24498 3.7352,
	5.25847 3.75264,
	5.25451 3.78823,
	5.11318 3.79146,
	5.04252 3.79307,
	5.00719 3.79388,
	4.97204 3.808,
	4.93711 3.83986,
	4.86696 3.8814,
	4.85813 3.8816,
	4.84064 3.89532,
	4.80531 3.89612,
	4.76969 3.87475,
	4.7339 3.84007,
	4.71135 3.80509,
	4.67562 3.77484,
	4.66214 3.7574,
	4.66564 3.68633,
	4.69562 3.61464,
	4.69516 3.57916,
	4.69052 3.56152,
	4.6592 3.53117,
	4.62376 3.5231,
	4.60598 3.51464,
	4.59714 3.51484,
	4.56577 3.48006,
	4.55206 3.44488,
	4.54672 3.37401,
	4.52418 3.33903,
	4.46148 3.2739,
	4.42586 3.25252,
	4.40797 3.23519,
	4.39902 3.22652,
	4.3981 3.15554,
	4.39804 3.1511,
	"/>
<Contour name="d08cfa17ax27" hidden="false" closed="false" simplified="false" border="0 1 1" fill="0 1 1" mode="9"
 points="3.58461 3.79154,
	3.55014 3.76832,
	3.50841 3.71093,
	3.50019 3.60475,
	3.52933 3.48057,
	3.58941 3.37283,
	3.6637 3.30593,
	"/>
<Contour name="D05" hidden="false" closed="true" simplified="true" border="1 1 0" fill="1 1 0" mode="11"
 points="2.12184 3.12674,
	2.12483 3.10918,
	2.13396 3.09318,
	2.14835 3.08032,
	2.16658 3.07185,
	2.18686 3.06862,
	2.20723 3.07092,
	2.22567 3.07856,
	2.24038 3.09074,
	2.24993 3.10632,
	2.25337 3.12374,
	2.25038 3.14131,
	2.24125 3.1573,
	2.22686 3.17017,
	2.20863 3.17862,
	2.18834 3.18187,
	2.16798 3.17955,
	2.14954 3.17193,
	2.13483 3.15974,
	"/>
<Contour name="D05" hidden="false" closed="true" simplified="true" border="1 1 0" fill="1 1 0" mode="11"
 points="2.17369 4.22529,
	2.17675 4.19576,
	2.18654 4.1672,
	2.20269 4.14072,
	2.22459 4.11732,
	2.2514 4.09793,
	2.28208 4.08327,
	2.31546 4.07391,
	2.35025 4.07022,
	2.38511 4.07232,
	2.41871 4.08015,
	2.44976 4.09339,
	2.47705 4.11155,
	2.49955 4.13393,
	2.51638 4.15965,
	2.5269 4.18775,
	2.53072 4.21712,
	2.52767 4.24666,
	2.51789 4.27521,
	2.50173 4.3017,
	2.47982 4.32509,
	2.45302 4.34448,
	2.42233 4.35914,
	2.38896 4.3685,
	2.35417 4.3722,
	2.31931 4.37009,
	2.28571 4.36226,
	2.25467 4.34902,
	2.22737 4.33086,
	2.20487 4.30849,
	2.18804 4.28276,
	"/>
<Contour name="D05" hidden="false" closed="true" simplified="true" border="1 1 0" fill="1 1 0" mode="11"
 points="2.97921 5.10128,
	2.98135 5.08008,
	2.98811 5.06086,
	2.99882 5.04547,
	3.01245 5.03543,
	3.02764 5.03174,
	3.04294 5.03474,
	3.05681 5.04414,
	3.06792 5.05903,
	3.07517 5.07794,
	3.07786 5.09902,
	3.07572 5.12022,
	3.06897 5.13946,
	3.05824 5.15484,
	3.04463 5.16488,
	3.02942 5.16858,
	3.01414 5.16558,
	3.00026 5.15617,
	2.98916 5.14128,
	"/>
<Contour name="D05" hidden="false" closed="true" simplified="true" border="1 1 0" fill="1 1 0" mode="11"
 points="4.27241 4.08997,
	4.27482 4.07169,
	4.28228 4.05507,
	4.29406 4.04175,
	4.30901 4.03302,
	4.32567 4.02976,
	4.3424 4.03226,
	4.35757 4.0403,
	4.36969 4.05307,
	4.37757 4.06934,
	4.38046 4.0875,
	4.37805 4.10579,
	4.37059 4.12241,
	4.35881 4.13573,
	4.34386 4.14445,
	4.3272 4.14772,
	4.31047 4.14522,
	4.2953 4.13718,
	4.28318 4.12441,
	"/>
<Contour name="D11" hidden="false" closed="true" simplified="true" border="1 0.5 0" fill="1 0.5 0" mode="11"
 points="5.0145 4.09359,
	5.01818 4.0631,
	5.02984 4.03369,
	5.04902 4.00652,
	5.07491 3.98274,
	5.10649 3.96332,
	5.14242 3.94904,
	5.18126 3.94049,
	5.22142 3.93803,
	5.26124 3.94174,
	5.2991 3.95149,
	5.33345 3.96687,
	5.36288 3.98724,
	5.38619 4.0118,
	5.40241 4.0395,
	5.4109 4.06925,
	5.4113 4.09979,
	5.40359 4.12991,
	5.38809 4.15834,
	5.36543 4.18395,
	5.33656 4.20566,
	5.30262 4.2226,
	5.26504 4.23407,
	5.22534 4.2396,
	5.18514 4.23898,
	5.1461 4.23221,
	5.10981 4.21959,
	5.07776 4.20161,
	5.05126 4.17903,
	5.03139 4.15276,
	5.01897 4.12389,
	"/>
<Contour name="D13" hidden="false" closed="true" simplified="true" border="1 0 0.5" fill="1 0 0.5" mode="11"
 points="5.46155 4.52915,
	5.46382 4.51179,
	5.47084 4.49601,
	5.48195 4.48336,
	5.49604 4.47508,
	5.51174 4.47198,
	5.5275 4.47436,
	5.5418 4.48199,
	5.55323 4.49413,
	5.56067 4.50958,
	5.56338 4.52682,
	5.56112 4.54419,
	5.55408 4.55997,
	5.54298 4.57262,
	5.52889 4.5809,
	5.5132 4.584,
	5.49742 4.58162,
	5.48313 4.57399,
	5.4717 4.56186,
	"/>
<Contour name="D14" hidden="false" closed="true" simplified="true" border="1 0 0" fill="1 0 0" mode="11"
 points="5.22071 5.77945,
	5.22234 5.7493,
	5.22784 5.72201,
	5.23668 5.70025,
	5.24799 5.68616,
	5.26066 5.68109,
	5.27347 5.68557,
	5.28513 5.69915,
	5.29453 5.72049,
	5.30074 5.74751,
	5.30314 5.77757,
	5.30152 5.80772,
	5.29602 5.83501,
	5.28718 5.85677,
	5.27587 5.87086,
	5.26319 5.87592,
	5.25039 5.87144,
	5.23873 5.85787,
	5.22933 5.83653,
	"/>
<Contour name="D15" hidden="false" closed="true" simplified="true" border="1 1 0" fill="1 1 0" mode="11"
 points="5.84059 6.07708,
	5.84289 6.04654,
	5.85053 6.01658,
	5.86335 5.98793,
	5.88103 5.96123,
	5.90316 5.93713,
	5.92922 5.91619,
	5.95861 5.8989,
	5.99062 5.88566,
	6.02452 5.87677,
	6.0595 5.87247,
	6.09476 5.87283,
	6.12945 5.87786,
	6.16277 5.88744,
	6.19394 5.90134,
	6.22222 5.91923,
	6.24696 5.94069,
	6.26757 5.96524,
	6.28358 5.99228,
	6.29459 6.02118,
	6.30037 6.05127,
	6.30076 6.08185,
	6.29578 6.11218,
	6.28552 6.14158,
	6.27022 6.16933,
	6.25026 6.19481,
	6.22609 6.21739,
	6.19829 6.23656,
	6.1675 6.25188,
	6.13445 6.26297,
	6.09991 6.26959,
	6.06469 6.27156,
	6.02961 6.26886,
	5.9955 6.26153,
	5.96317 6.24976,
	5.93335 6.23382,
	5.90676 6.21408,
	5.88402 6.19101,
	5.86565 6.16514,
	5.8521 6.13709,
	5.84368 6.1075,
	"/>
<Contour name="D13" hidden="false" closed="true" simplified="true" border="1 0 0.5" fill="1 0 0.5" mode="11"
 points="5.9119 3.73286,
	5.91359 3.71978,
	5.91883 3.70789,
	5.92713 3.69836,
	5.93765 3.69212,
	5.94937 3.68979,
	5.96114 3.69159,
	5.97182 3.69734,
	5.98035 3.70648,
	5.9859 3.71812,
	5.98793 3.73112,
	5.98624 3.74421,
	5.98099 3.7561,
	5.9727 3.76562,
	5.96218 3.77186,
	5.95046 3.77419,
	5.93869 3.7724,
	5.92801 3.76665,
	5.91948 3.75751,
	"/>
<Contour name="D16" hidden="false" closed="true" simplified="true" border="0 0 1" fill="0 0 1" mode="11"
 points="2.36256 2.58577,
	2.36406 2.57331,
	2.36875 2.56199,
	2.37616 2.55293,
	2.38557 2.54701,
	2.39605 2.5448,
	2.40659 2.54653,
	2.41614 2.55201,
	2.42378 2.56073,
	2.42876 2.57183,
	2.43059 2.58421,
	2.42908 2.59667,
	2.4244 2.60799,
	2.41699 2.61705,
	2.40758 2.62298,
	2.3971 2.62519,
	2.38656 2.62346,
	2.37701 2.61797,
	2.36937 2.60925,
	"/>
<Contour name="D16" hidden="false" closed="true" simplified="true" border="0 0 1" fill="0 0 1" mode="11"
 points="2.03957 2.06446,
	2.04624 2.03944,
	2.06627 2.01643,
	2.0978 1.99758,
	2.1379 1.98464,
	2.18281 1.97882,
	2.22836 1.98067,
	2.2703 1.99,
	2.30472 2.00596,
	2.32841 2.02704,
	2.33917 2.05129,
	2.33598 2.07646,
	2.31916 2.10018,
	2.29027 2.12025,
	2.252 2.13481,
	2.2079 2.14248,
	2.16211 2.14257,
	2.11889 2.13505,
	2.08225 2.12063,
	2.05563 2.10066,
	"/>
<Contour name="D16" hidden="false" closed="true" simplified="true" border="0 0 1" fill="0 0 1" mode="11"
 points="2.62127 2.78088,
	2.62355 2.7684,
	2.63051 2.75703,
	2.64146 2.74789,
	2.65533 2.74186,
	2.67077 2.73954,
	2.68625 2.74116,
	2.70027 2.74654,
	2.71145 2.75518,
	2.7187 2.76622,
	2.72131 2.77859,
	2.71902 2.79106,
	2.71206 2.80243,
	2.70111 2.81158,
	2.68724 2.81761,
	2.67181 2.81993,
	2.65632 2.81832,
	2.64231 2.81292,
	2.63113 2.80428,
	"/>
<Contour name="d02" hidden="false" closed="true" simplified="true" border="0.5 0 1" fill="0.5 0 1" mode="9"
 points="5.38111 5.75623,
	5.38891 5.73997,
	5.39681 5.73175,
	5.40039 5.6995,
	5.40418 5.68334,
	5.43588 5.65849,
	5.44388 5.6583,
	5.45178 5.65008,
	5.46779 5.64972,
	5.49996 5.66104,
	5.51602 5.6647,
	5.52844 5.69657,
	5.52865 5.71265,
	5.50906 5.74526,
	5.48146 5.77806,
	5.46561 5.79049,
	5.43365 5.79523,
	5.40154 5.78793,
	5.38543 5.78026,
	5.38122 5.76427,
	5.38116 5.76025,
	"/>
<Contour name="D19" hidden="false" closed="true" simplified="true" border="0 1 0" fill="0 1 0" mode="11"
 points="2.24498 5.58665,
	2.24617 5.5815,
	2.24977 5.57679,
	2.25541 5.57299,
	2.26254 5.57047,
	2.27047 5.56947,
	2.27842 5.5701,
	2.28562 5.5723,
	2.29134 5.57583,
	2.29506 5.58038,
	2.29638 5.58548,
	2.29519 5.59064,
	2.2916 5.59534,
	2.28597 5.59915,
	2.27883 5.60167,
	2.2709 5.60266,
	2.26295 5.60203,
	2.25576 5.59984,
	2.25002 5.59629,
	"/>
<Contour name="D14" hidden="false" closed="true" simplified="true" border="1 0 0" fill="1 0 0" mode="11"
 points="5.94847 5.72881,
	5.95136 5.7162,
	5.96008 5.70469,
	5.97378 5.6954,
	5.9911 5.68924,
	6.01036 5.68681,
	6.02967 5.68835,
	6.04714 5.69372,
	6.06107 5.70238,
	6.07008 5.71348,
	6.07329 5.72595,
	6.0704 5.73855,
	6.06169 5.75006,
	6.04799 5.75935,
	6.03067 5.76551,
	6.01141 5.76794,
	5.9921 5.76639,
	5.97463 5.76103,
	5.9607 5.75237,
	"/>
<Contour name="d08" hidden="false" closed="true" simplified="true" border="1 0 0" fill="1 0 0" mode="9"
 points="3.14097 3.64514,
	3.20853 3.52006,
	3.24999 3.45735,
	3.2688 3.42604,
	3.32588 3.38227,
	3.387 3.35385,
	3.44418 3.3178,
	3.50102 3.25473,
	3.56188 3.20702,
	3.58843 3.1794,
	3.61891 3.1594,
	3.68034 3.15413,
	3.71103 3.14957,
	3.7264 3.14922,
	3.75359 3.17176,
	3.75055 3.23359,
	3.74691 3.24911,
	3.74701 3.25683,
	3.71642 3.26911,
	3.70874 3.26929,
	3.64792 3.32086,
	3.59867 3.37604,
	3.59877 3.38375,
	3.58744 3.39946,
	3.58016 3.4305,
	3.56519 3.46172,
	3.55386 3.47742,
	3.55396 3.48514,
	3.54638 3.49304,
	3.54295 3.524,
	3.51685 3.58636,
	3.51695 3.59408,
	3.50937 3.60197,
	3.51017 3.66371,
	3.51057 3.69459,
	3.51866 3.72529,
	3.54206 3.75177,
	3.55762 3.76686,
	3.58856 3.7816,
	3.60024 3.79291,
	3.60418 3.80054,
	3.59285 3.81624,
	3.56227 3.82852,
	3.54696 3.83273,
	3.53179 3.84852,
	3.50125 3.86466,
	3.49367 3.87256,
	3.46308 3.88483,
	3.44781 3.8929,
	3.44023 3.90079,
	3.37885 3.90992,
	3.36348 3.91027,
	3.33234 3.88011,
	3.31683 3.86888,
	3.28609 3.86958,
	3.25885 3.84318,
	3.25106 3.83564,
	3.25096 3.82792,
	3.23539 3.81283,
	3.23529 3.80512,
	3.22751 3.79757,
	3.22741 3.78985,
	3.20011 3.7596,
	3.18838 3.74442,
	3.18434 3.72907,
	3.15704 3.69881,
	3.14532 3.68364,
	3.14107 3.65286,
	3.14102 3.649,
	"/>
<Contour name="d03p07" hidden="false" closed="true" simplified="false" border="1 0 1" fill="1 0 1" mode="-9"
 points="3.13388 2.98171,
	3.13373 2.96993,
	3.14531 2.95787,
	3.15704 2.9576,
	3.16893 2.96912,
	3.16908 2.9809,
	3.1575 2.99296,
	3.14577 2.99323,
	"/>
<Contour name="d06p10" hidden="false" closed="true" simplified="false" border="0 1 1" fill="0 1 1" mode="-13"
 points="3.12976 7.29848,
	3.13954 7.2883,
	3.09939 7.24941,
	3.10917 7.23923,
	3.14931 7.27812,
	3.15909 7.26795,
	3.15948 7.2978,
	"/>
<Contour name="d06p11" hidden="false" closed="true" simplified="false" border="1 0.5 0" fill="1 0.5 0" mode="-13"
 points="2.60691 7.09645,
	2.60684 7.09147,
	2.61174 7.08638,
	2.61669 7.08627,
	2.6217 7.09113,
	2.62177 7.09611,
	2.61688 7.10119,
	2.61193 7.10131,
	"/>
<Contour name="d07p16" hidden="false" closed="true" simplified="false" border="0 0 1" fill="0 0 1" mode="-13"
 points="3.90883 7.77334,
	3.89127 7.75632,
	3.90838 7.7385,
	3.92594 7.75553,
	"/>
<Contour name="d07cfa15b" hidden="false" closed="false" simplified="false" border="0 1 1" fill="0 1 1" mode="9"
 points="3.58947 6.48016,
	3.60746 6.39946,
	3.61442 6.34958,
	"/>
</Transform>

<Transform dim="0"
 xcoef=" 0 1 0 0 0 0"
 ycoef=" 0 0 1 0 0 0">
<Contour name="ax07" comment="LK bouton trace named after cfa" hidden="false" closed="true" simplified="true" border="0 1 1" fill="0.502 1 1" mode="9"
 points="2.28647 3.27819,
	2.29295 3.26522,
	2.31725 3.23929,
	2.35615 3.18744,
	2.37235 3.16151,
	2.37883 3.14855,
	2.40476 3.14369,
	2.45661 3.15503,
	2.48254 3.15665,
	2.50847 3.15503,
	2.52143 3.15179,
	2.52791 3.14855,
	2.57977 3.14369,
	2.6057 3.14207,
	2.65755 3.12586,
	2.68348 3.12262,
	2.7094 3.1291,
	2.73047 3.15341,
	2.74019 3.16475,
	2.75154 3.17286,
	2.75316 3.17934,
	2.74992 3.1923,
	2.74181 3.20526,
	2.71751 3.22957,
	2.70454 3.24254,
	2.65269 3.28629,
	2.63973 3.29925,
	2.63162 3.31221,
	2.62676 3.32518,
	2.62838 3.33814,
	2.62838 3.34462,
	2.63324 3.35111,
	2.64621 3.34949,
	2.65917 3.34462,
	2.6851 3.34138,
	2.69806 3.33976,
	2.70454 3.343,
	2.70778 3.34949,
	2.70778 3.36245,
	2.70616 3.36893,
	2.68834 3.39486,
	2.69482 3.39972,
	2.7013 3.39972,
	2.70778 3.40458,
	2.72075 3.4062,
	2.72723 3.40944,
	2.75316 3.41106,
	2.76612 3.41106,
	2.78557 3.38514,
	2.81149 3.36245,
	2.82446 3.35273,
	2.83742 3.34949,
	2.8439 3.34949,
	2.85363 3.36083,
	2.85849 3.36569,
	2.86011 3.37865,
	2.85201 3.40458,
	2.84876 3.41106,
	2.84714 3.4143,
	2.86011 3.41754,
	2.86659 3.41917,
	2.89252 3.43861,
	2.90548 3.44671,
	2.91844 3.45157,
	2.94437 3.44671,
	2.95085 3.44671,
	2.97678 3.42565,
	3.00271 3.40134,
	3.01567 3.39324,
	3.06753 3.37865,
	3.11938 3.35759,
	3.13234 3.35111,
	3.15827 3.34787,
	3.17124 3.34787,
	3.19716 3.33976,
	3.21013 3.33328,
	3.23605 3.32842,
	3.24902 3.3268,
	3.27494 3.31708,
	3.30087 3.31059,
	3.31384 3.30411,
	3.33976 3.29925,
	3.35273 3.29763,
	3.35921 3.29763,
	3.36245 3.29763,
	3.37379 3.31059,
	3.37541 3.32356,
	3.37541 3.33004,
	3.36569 3.343,
	3.33976 3.35759,
	3.3268 3.36893,
	3.31546 3.39486,
	3.29925 3.42079,
	3.27494 3.44347,
	3.24902 3.45968,
	3.19716 3.4856,
	3.14531 3.50343,
	3.11938 3.51153,
	3.1129 3.51477,
	3.10966 3.51477,
	3.09669 3.52287,
	3.07077 3.53098,
	3.01891 3.55204,
	2.9152 3.57635,
	2.88928 3.58121,
	2.87631 3.58445,
	2.86983 3.58769,
	2.8439 3.58931,
	2.81798 3.59904,
	2.76612 3.60552,
	2.66241 3.61038,
	2.63648 3.60876,
	2.62352 3.60714,
	2.61704 3.6039,
	2.61056 3.59093,
	2.56518 3.53908,
	2.52467 3.48722,
	2.51171 3.47588,
	2.50523 3.47102,
	2.50199 3.46778,
	2.4955 3.46616,
	2.44365 3.43537,
	2.43717 3.43213,
	2.4242 3.41917,
	2.42258 3.41268,
	2.40314 3.38676,
	2.39504 3.37379,
	2.37073 3.34949,
	2.35777 3.33976,
	2.35128 3.3349,
	2.34804 3.3349,
	2.3448 3.33166,
	2.33832 3.33004,
	2.33184 3.32518,
	2.30591 3.32032,
	2.29943 3.32032,
	2.29295 3.31708,
	2.28809 3.30411,
	2.28647 3.27981,
	"/>
</Transform>

<Transform dim="0"
 xcoef=" 0 1 0 0 0 0"
 ycoef=" 0 0 1 0 0 0">
<Contour name="d01p07" hidden="false" closed="true" simplified="true" border="0 0 1" fill="0 0 1" mode="9"
 points="4.72438 2.83524,
	4.72691 2.8195,
	4.73466 2.80518,
	4.74686 2.79367,
	4.76233 2.78611,
	4.77954 2.78324,
	4.79683 2.78532,
	4.81248 2.79217,
	4.82499 2.80311,
	4.83309 2.81708,
	4.83603 2.83269,
	4.8335 2.84843,
	4.82576 2.86276,
	4.81355 2.87426,
	4.79809 2.88182,
	4.78086 2.8847,
	4.76358 2.88261,
	4.74792 2.87576,
	4.73543 2.86482,
	"/>
<Contour name="d01p06" hidden="false" closed="true" simplified="false" border="0 0 1" fill="0 0 1" mode="-9"
 points="5.53298 2.83065,
	5.50988 2.80827,
	5.53239 2.78484,
	5.55549 2.80722,
	"/>
</Transform>

<Transform dim="0"
 xcoef=" 0 1 0 0 0 0"
 ycoef=" 0 0 1 0 0 0">
<Contour name="ax08" comment="LK bouton trace named after cfa" hidden="false" closed="true" simplified="true" border="0 1 1" fill="0.502 1 1" mode="9"
 points="4.7434 2.53423,
	4.7563 2.52047,
	4.77006 2.50929,
	4.78382 2.50069,
	4.7907 2.49467,
	4.80532 2.46715,
	4.80962 2.46027,
	4.8165 2.45339,
	4.84401 2.44136,
	4.85089 2.43792,
	4.86465 2.4276,
	4.87583 2.41384,
	4.87927 2.4104,
	4.88529 2.39664,
	4.88701 2.38976,
	4.89475 2.376,
	4.90163 2.36998,
	4.90507 2.36826,
	4.93259 2.36568,
	4.96011 2.36482,
	4.96699 2.36396,
	4.97386 2.36138,
	5.00138 2.34418,
	5.01514 2.333,
	5.0289 2.3244,
	5.03578 2.32096,
	5.04954 2.31753,
	5.0633 2.31237,
	5.09082 2.29861,
	5.10457 2.29001,
	5.10801 2.28829,
	5.13553 2.26077,
	5.14241 2.25475,
	5.15617 2.24701,
	5.16305 2.24357,
	5.17681 2.23927,
	5.20433 2.23669,
	5.20777 2.23497,
	5.22153 2.23411,
	5.23528 2.23153,
	5.24904 2.22723,
	5.25592 2.22551,
	5.25936 2.22465,
	5.26022 2.22293,
	5.2585 2.21605,
	5.2585 2.18853,
	5.2585 2.17478,
	5.2585 2.1679,
	5.25678 2.16102,
	5.25678 2.15758,
	5.24474 2.13006,
	5.22841 2.10254,
	5.22153 2.08878,
	5.22067 2.0819,
	5.21981 2.07846,
	5.22583 2.0647,
	5.23099 2.05782,
	5.23786 2.04407,
	5.24044 2.03031,
	5.23614 2.00279,
	5.23271 1.98903,
	5.23099 1.97527,
	5.23356 1.96839,
	5.24646 1.95549,
	5.26022 1.94603,
	5.27398 1.93485,
	5.28086 1.92797,
	5.28602 1.92109,
	5.29978 1.90906,
	5.30666 1.90218,
	5.32816 1.87466,
	5.33934 1.8609,
	5.34278 1.85746,
	5.35224 1.8437,
	5.35568 1.83682,
	5.39351 1.78179,
	5.40641 1.75427,
	5.41157 1.74051,
	5.41501 1.72675,
	5.41673 1.71987,
	5.41673 1.70611,
	5.41501 1.69235,
	5.41243 1.68547,
	5.40297 1.67171,
	5.39867 1.66483,
	5.39609 1.65795,
	5.39609 1.65108,
	5.39609 1.64764,
	5.40383 1.63388,
	5.41071 1.62786,
	5.41759 1.62356,
	5.43135 1.6184,
	5.44511 1.61668,
	5.45199 1.61668,
	5.45371 1.61668,
	5.45973 1.62356,
	5.46575 1.63732,
	5.47005 1.65108,
	5.47091 1.65795,
	5.47091 1.66139,
	5.47865 1.67515,
	5.50014 1.70267,
	5.50616 1.70955,
	5.51992 1.71815,
	5.53368 1.72331,
	5.53712 1.72503,
	5.55088 1.72761,
	5.55776 1.73019,
	5.57152 1.73277,
	5.58528 1.73363,
	5.59904 1.73793,
	5.6128 1.74395,
	5.62656 1.75513,
	5.63687 1.76889,
	5.64203 1.77577,
	5.66955 1.79812,
	5.68331 1.82564,
	5.68589 1.83252,
	5.68675 1.8394,
	5.68503 1.85316,
	5.68417 1.86004,
	5.67815 1.8738,
	5.67557 1.88068,
	5.66955 1.88756,
	5.66525 1.89444,
	5.65149 1.9082,
	5.64633 1.91508,
	5.63343 1.94259,
	5.62398 1.97011,
	5.61882 1.99763,
	5.61796 2.01139,
	5.62656 2.06642,
	5.62656 2.08018,
	5.62312 2.09394,
	5.62054 2.10082,
	5.61108 2.11458,
	5.59904 2.12834,
	5.57152 2.15242,
	5.544 2.16704,
	5.53024 2.17478,
	5.52336 2.17908,
	5.51218 2.19283,
	5.5053 2.19971,
	5.49155 2.20573,
	5.46403 2.20745,
	5.45027 2.20831,
	5.43651 2.21089,
	5.40899 2.22637,
	5.40211 2.22981,
	5.37717 2.25733,
	5.37115 2.26421,
	5.35568 2.29173,
	5.34364 2.30463,
	5.32988 2.31237,
	5.31612 2.31839,
	5.30236 2.32268,
	5.2886 2.33128,
	5.2757 2.34504,
	5.26452 2.3588,
	5.25076 2.3717,
	5.22325 2.38976,
	5.20949 2.3975,
	5.18197 2.41728,
	5.17595 2.42416,
	5.17251 2.43104,
	5.17251 2.4448,
	5.17509 2.45855,
	5.17595 2.47231,
	5.17509 2.47919,
	5.17251 2.48607,
	5.16305 2.49983,
	5.14929 2.50929,
	5.14585 2.51101,
	5.13209 2.51273,
	5.07706 2.51359,
	5.02202 2.51875,
	4.9945 2.52391,
	4.96699 2.53079,
	4.93947 2.53423,
	4.93603 2.53595,
	4.92227 2.53595,
	4.89475 2.53853,
	4.88099 2.54111,
	4.86723 2.54627,
	4.83971 2.56089,
	4.82596 2.56863,
	4.8122 2.57895,
	4.80532 2.58239,
	4.79156 2.5841,
	4.7778 2.58239,
	4.76404 2.57379,
	4.75028 2.56003,
	4.74598 2.55315,
	4.74426 2.53939,
	4.7434 2.53595,
	4.7434 2.53509,
	"/>
</Transform>

<Transform dim="0"
 xcoef=" 0 1 0 0 0 0"
 ycoef=" 0 0 1 0 0 0">
<Contour name="ax02" comment="LK bouton trace named after cfa" hidden="false" closed="true" simplified="true" border="0 1 1" fill="0.502 1 1" mode="9"
 points="3.87448 2.35085,
	3.87448 2.35236,
	"/>
<Contour name="ax02" comment="LK bouton trace named after cfa" hidden="false" closed="true" simplified="true" border="0 1 1" fill="0.502 1 1" mode="9"
 points="3.69254 2.55023,
	3.69557 2.52597,
	3.69633 2.50171,
	3.69633 2.48958,
	3.70088 2.46532,
	3.7077 2.44106,
	3.71604 2.4168,
	3.7168 2.41377,
	3.72059 2.40771,
	3.7221 2.40467,
	3.72741 2.39861,
	3.7312 2.39254,
	3.73196 2.39103,
	3.73575 2.388,
	3.74788 2.3842,
	3.77214 2.37966,
	3.7964 2.37359,
	3.79943 2.37283,
	3.80095 2.37132,
	3.81308 2.36753,
	3.81914 2.36677,
	3.82521 2.36449,
	3.83127 2.36374,
	3.83734 2.36146,
	3.84947 2.35995,
	3.86159 2.35691,
	3.86463 2.35691,
	3.87676 2.35236,
	3.87827 2.35236,
	3.89419 2.34933,
	3.91921 2.34554,
	3.93134 2.34554,
	3.9556 2.34175,
	3.97986 2.34023,
	3.99199 2.33872,
	3.99805 2.33569,
	4.02231 2.3319,
	4.07083 2.32659,
	4.09509 2.32507,
	4.11935 2.32735,
	4.12238 2.32735,
	4.14664 2.34023,
	4.15271 2.34478,
	4.15726 2.35085,
	4.16029 2.35388,
	4.16711 2.36601,
	4.20729 2.41453,
	4.22473 2.43879,
	4.23003 2.45092,
	4.24292 2.49944,
	4.24671 2.51157,
	4.25884 2.53583,
	4.26491 2.54796,
	4.28007 2.57222,
	4.28083 2.57525,
	4.2922 2.58586,
	4.31646 2.60026,
	4.32859 2.60709,
	4.35285 2.61619,
	4.36498 2.62225,
	4.37104 2.62528,
	4.37711 2.62983,
	4.38241 2.6359,
	4.38469 2.63893,
	4.38924 2.66319,
	4.39151 2.68745,
	4.38772 2.71171,
	4.37332 2.76023,
	4.36877 2.78448,
	4.36574 2.80874,
	4.36498 2.82087,
	4.3627 2.833,
	4.3627 2.83907,
	4.33844 2.88759,
	4.32631 2.91185,
	4.32252 2.91791,
	4.31646 2.92398,
	4.31039 2.92777,
	4.28613 2.93686,
	4.26188 2.94141,
	4.24975 2.94369,
	4.22549 2.95127,
	4.21336 2.9543,
	4.1891 2.9634,
	4.18303 2.96643,
	4.1709 2.9687,
	4.12238 2.96567,
	4.11025 2.96416,
	4.08599 2.95278,
	4.07386 2.94672,
	4.0678 2.9452,
	4.06477 2.94369,
	4.04051 2.94293,
	4.01625 2.94748,
	4.00412 2.94824,
	3.97986 2.94672,
	3.97379 2.9452,
	3.94954 2.93307,
	3.92528 2.9164,
	3.90177 2.89214,
	3.89571 2.88607,
	3.88889 2.87394,
	3.87903 2.84968,
	3.876 2.84362,
	3.86008 2.81936,
	3.84795 2.80723,
	3.84188 2.80116,
	3.81762 2.78752,
	3.8055 2.77918,
	3.79337 2.77311,
	3.76911 2.76326,
	3.76304 2.76174,
	3.7403 2.73748,
	3.72893 2.71322,
	3.72362 2.70109,
	3.71983 2.68896,
	3.71452 2.67683,
	3.7077 2.65257,
	3.70467 2.64044,
	3.70391 2.62831,
	3.69481 2.5798,
	3.69254 2.57373,
	3.69254 2.5616,
	3.69254 2.55554,
	3.69254 2.5525,
	3.69254 2.55099,
	"/>
</Transform>

<Transform dim="0"
 xcoef=" 0 1 0 0 0 0"
 ycoef=" 0 0 1 0 0 0">
<Contour name="ax09" comment="LK bouton trace named after cfa" hidden="false" closed="true" simplified="true" border="0 1 1" fill="0.502 1 1" mode="9"
 points="3.66215 2.02315,
	3.67046 2.001,
	3.67323 1.98992,
	3.67392 1.96777,
	3.67253 1.9567,
	3.67253 1.94563,
	3.67392 1.93455,
	3.67461 1.92901,
	3.67669 1.92348,
	3.67738 1.91794,
	3.67945 1.9124,
	3.68015 1.90687,
	3.68776 1.88472,
	3.69191 1.87364,
	3.69399 1.86811,
	3.73759 1.84388,
	3.75974 1.82727,
	3.78189 1.8065,
	3.79089 1.79543,
	3.79712 1.78436,
	3.80058 1.77882,
	3.80819 1.75667,
	3.81235 1.7456,
	3.81858 1.73452,
	3.82342 1.73037,
	3.82619 1.72829,
	3.82757 1.72691,
	3.84972 1.72206,
	3.8608 1.71583,
	3.87187 1.71168,
	3.88295 1.70545,
	3.88848 1.7013,
	3.89125 1.70061,
	3.89679 1.69645,
	3.90786 1.69161,
	3.91894 1.68538,
	3.92447 1.68192,
	3.92724 1.68053,
	3.93832 1.66946,
	3.94316 1.66392,
	3.94939 1.65285,
	3.95424 1.64731,
	3.95977 1.64523,
	3.96254 1.64385,
	3.97362 1.64385,
	3.98469 1.64177,
	3.99577 1.63831,
	4.01791 1.63347,
	4.04006 1.63139,
	4.06221 1.62724,
	4.06775 1.62655,
	4.0899 1.61893,
	4.11205 1.61686,
	4.12312 1.61616,
	4.1342 1.61409,
	4.14527 1.61063,
	4.15634 1.61063,
	4.17849 1.60786,
	4.20064 1.60301,
	4.20618 1.60232,
	4.21172 1.60024,
	4.23386 1.59817,
	4.24494 1.59886,
	4.26709 1.6037,
	4.27816 1.60509,
	4.28924 1.60924,
	4.292 1.60924,
	4.31415 1.61824,
	4.31969 1.61962,
	4.33076 1.62585,
	4.3363 1.63001,
	4.34461 1.64108,
	4.35084 1.65216,
	4.35845 1.66323,
	4.3626 1.66877,
	4.37368 1.67776,
	4.37922 1.68123,
	4.40136 1.69991,
	4.42282 1.72206,
	4.42836 1.7276,
	4.43597 1.73867,
	4.44082 1.74421,
	4.44428 1.74975,
	4.44912 1.75529,
	4.45466 1.75944,
	4.46504 1.77051,
	4.46919 1.77605,
	4.49273 1.82035,
	4.50173 1.8425,
	4.50519 1.85357,
	4.50657 1.85911,
	4.51764 1.88126,
	4.51972 1.89233,
	4.52041 1.89787,
	4.51903 1.90894,
	4.51834 1.91448,
	4.51349 1.92555,
	4.49757 1.9477,
	4.48927 1.95878,
	4.48304 1.96985,
	4.48027 1.97262,
	4.47473 1.98369,
	4.46989 1.98923,
	4.46712 1.992,
	4.45604 1.99823,
	4.45051 2.00238,
	4.44497 2.00515,
	4.40067 2.01276,
	4.37852 2.02384,
	4.36745 2.02938,
	4.35637 2.0363,
	4.35084 2.03907,
	4.32869 2.05775,
	4.30654 2.0799,
	4.29547 2.09098,
	4.28993 2.09513,
	4.26778 2.1062,
	4.25671 2.11174,
	4.23456 2.12697,
	4.22348 2.13597,
	4.2131 2.14704,
	4.19649 2.16919,
	4.18818 2.18026,
	4.16673 2.20241,
	4.15634 2.21072,
	4.14527 2.23287,
	4.14112 2.24394,
	4.13835 2.25502,
	4.13696 2.26609,
	4.13558 2.27163,
	4.12312 2.29378,
	4.11205 2.30416,
	4.0899 2.318,
	4.06775 2.32838,
	4.06221 2.32977,
	4.01791 2.33046,
	3.99577 2.33184,
	3.97362 2.3353,
	3.92932 2.33738,
	3.91825 2.33877,
	3.91271 2.33877,
	3.89056 2.3443,
	3.87948 2.34499,
	3.85734 2.34915,
	3.83519 2.35815,
	3.82411 2.36161,
	3.81858 2.36299,
	3.77428 2.36507,
	3.7632 2.36437,
	3.75767 2.36437,
	3.73552 2.35676,
	3.72444 2.35192,
	3.7023 2.33946,
	3.69399 2.32838,
	3.68776 2.31731,
	3.6843 2.31177,
	3.68084 2.3007,
	3.67876 2.27855,
	3.67876 2.27301,
	3.67876 2.27024,
	3.68153 2.26471,
	3.68292 2.26194,
	3.6843 2.25086,
	3.68638 2.24533,
	3.68914 2.22318,
	3.68845 2.20103,
	3.68776 2.18995,
	3.68361 2.1678,
	3.68292 2.16227,
	3.68084 2.15673,
	3.68015 2.15119,
	3.67738 2.14566,
	3.67669 2.14012,
	3.6753 2.13735,
	3.67461 2.13181,
	3.67253 2.12628,
	3.66976 2.10413,
	3.66838 2.08198,
	3.66838 2.07644,
	3.6663 2.0709,
	3.66353 2.04876,
	3.66215 2.03768,
	3.66215 2.02661,
	3.66215 2.02384,
	"/>
</Transform>

<Transform dim="0"
 xcoef=" 0 1 0 0 0 0"
 ycoef=" 0 0 1 0 0 0">
<Contour name="d01" hidden="false" closed="true" simplified="true" border="1 0.5 0" fill="1 0.5 0" mode="9"
 points="4.37521 2.83077,
	4.38846 2.80313,
	4.38829 2.78948,
	4.4018 2.78233,
	4.40109 2.72769,
	4.40073 2.70037,
	4.40056 2.68671,
	4.42766 2.67925,
	4.48215 2.68484,
	4.5302 2.71791,
	4.54416 2.74491,
	4.57144 2.75113,
	4.62567 2.73622,
	4.67962 2.70082,
	4.69323 2.70051,
	4.70665 2.68654,
	4.73377 2.67909,
	4.78074 2.63018,
	4.79399 2.60256,
	4.82083 2.57461,
	4.87497 2.55287,
	4.9836 2.53672,
	5.09249 2.54107,
	5.14724 2.56714,
	5.20182 2.57956,
	5.22902 2.57894,
	5.28316 2.55721,
	5.33792 2.58328,
	5.3652 2.58949,
	5.46836 2.67595,
	5.49591 2.70265,
	5.55058 2.72189,
	5.60499 2.72065,
	5.63209 2.7132,
	5.65939 2.71941,
	5.69401 2.76644,
	5.68756 2.79392,
	5.6404 2.82916,
	5.62035 2.85695,
	5.60747 2.9119,
	5.58742 2.93969,
	5.56773 2.9948,
	5.53444 3.05022,
	5.51439 3.078,
	5.51475 3.10533,
	5.50132 3.1193,
	5.49488 3.14678,
	5.47484 3.17457,
	5.36665 3.22486,
	5.31252 3.2466,
	5.20363 3.24226,
	5.1494 3.25716,
	5.12247 3.27828,
	5.01367 3.28076,
	4.95918 3.27518,
	4.90442 3.2491,
	4.87713 3.2429,
	4.86317 3.21588,
	4.85495 3.10675,
	4.83385 3.05258,
	4.77909 3.0265,
	4.72451 3.01409,
	4.71753 3.00058,
	4.69024 2.99436,
	4.68326 2.98087,
	4.65598 2.97465,
	4.64882 2.94749,
	4.62135 2.92762,
	4.60704 2.87329,
	4.60669 2.84597,
	4.58593 2.81912,
	4.53144 2.81353,
	4.50433 2.82099,
	4.49091 2.83495,
	4.49127 2.86227,
	4.47802 2.8899,
	4.45099 2.90419,
	4.3965 2.8986,
	4.37575 2.87175,
	4.37539 2.84443,
	4.3753 2.83759,
	"/>
</Transform>

<Transform dim="0"
 xcoef=" 0 1 0 0 0 0"
 ycoef=" 0 0 1 0 0 0">
<Contour name="ax26" comment="LK bouton trace named after cfa" hidden="false" closed="true" simplified="true" border="0 1 1" fill="0.502 1 1" mode="9"
 points="5.36594 2.56694,
	5.36737 2.56123,
	5.37236 2.5498,
	5.37522 2.54409,
	5.37951 2.53838,
	5.40164 2.51696,
	5.41306 2.50696,
	5.42449 2.49839,
	5.44734 2.48483,
	5.45876 2.48126,
	5.48161 2.47626,
	5.49304 2.47269,
	5.53873 2.47269,
	5.56158 2.47483,
	5.5673 2.47554,
	5.57301 2.4784,
	5.57586 2.47911,
	5.58158 2.48483,
	5.58515 2.49054,
	5.58657 2.49339,
	5.58657 2.50482,
	5.58443 2.51624,
	5.58372 2.52767,
	5.58443 2.55052,
	5.58443 2.56194,
	5.58372 2.5648,
	5.588 2.57622,
	5.58943 2.58765,
	5.58943 2.59907,
	5.58729 2.6105,
	5.58372 2.61621,
	5.57801 2.62121,
	5.57515 2.62263,
	5.57372 2.62406,
	5.57087 2.62478,
	5.56515 2.62835,
	5.5623 2.62906,
	5.55944 2.6312,
	5.55658 2.63192,
	5.54516 2.6412,
	5.53945 2.64548,
	5.5166 2.64762,
	5.49375 2.64834,
	5.4709 2.64691,
	5.45948 2.64548,
	5.44805 2.64191,
	5.43663 2.63549,
	5.43092 2.63192,
	5.4202 2.62263,
	5.41592 2.61692,
	5.4045 2.6105,
	5.39307 2.60764,
	5.38165 2.60264,
	5.37594 2.59764,
	5.36951 2.58622,
	5.36665 2.58051,
	5.36594 2.56908,
	5.36594 2.56765,
	"/>
</Transform>

<Transform dim="0"
 xcoef=" 0 1 0 0 0 0"
 ycoef=" 0 0 1 0 0 0">
<Contour name="ax27" hidden="false" closed="true" simplified="true" border="0 0 1" fill="0 0 1" mode="11"
 points="3.51399 3.59284,
	3.5243 3.57135,
	3.53168 3.52868,
	3.53669 3.5073,
	3.54191 3.50187,
	3.54957 3.48044,
	3.55472 3.46969,
	3.5621 3.42702,
	3.58538 3.38663,
	3.60629 3.36755,
	3.63758 3.33229,
	3.67952 3.30211,
	3.68999 3.2939,
	3.71104 3.28545,
	3.75304 3.26057,
	3.79226 3.22513,
	3.81324 3.21137,
	3.81846 3.20594,
	3.86057 3.18904,
	3.88162 3.18058,
	3.89213 3.17503,
	3.89742 3.17491,
	3.91837 3.15848,
	3.92887 3.15293,
	3.93931 3.14206,
	3.95769 3.13101,
	3.96816 3.1228,
	3.98921 3.11435,
	4.01037 3.11387,
	4.0316 3.11869,
	4.05275 3.11821,
	4.09482 3.09865,
	4.10533 3.09309,
	4.11835 3.07686,
	4.13933 3.0631,
	4.16038 3.05464,
	4.18153 3.05416,
	4.19215 3.05657,
	4.19744 3.05645,
	4.20815 3.06684,
	4.21351 3.07203,
	4.21358 3.07734,
	4.22165 3.08778,
	4.22986 3.10885,
	4.23529 3.11935,
	4.23543 3.12998,
	4.24085 3.14048,
	4.24377 3.16167,
	4.25198 3.18274,
	4.25254 3.22523,
	4.25281 3.24648,
	4.2556 3.25705,
	4.29041 3.2908,
	4.29849 3.30124,
	4.30385 3.30643,
	4.31498 3.34868,
	4.31288 3.39125,
	4.28699 3.43434,
	4.25049 3.47504,
	4.24534 3.48578,
	4.24541 3.4911,
	4.18822 3.56945,
	4.17528 3.59101,
	4.17277 3.60169,
	4.16498 3.6125,
	4.15231 3.6553,
	4.14465 3.67673,
	4.14215 3.68741,
	4.1189 3.73046,
	4.1086 3.75195,
	4.08768 3.77103,
	4.0693 3.78208,
	4.05883 3.79029,
	4.01673 3.80719,
	3.97455 3.81878,
	3.9535 3.82724,
	3.91126 3.83352,
	3.86895 3.83448,
	3.82657 3.83014,
	3.80535 3.82531,
	3.79477 3.82555,
	3.78412 3.82048,
	3.6994 3.81445,
	3.67814 3.80696,
	3.65695 3.80479,
	3.63582 3.80793,
	3.6146 3.80311,
	3.59327 3.79031,
	3.58798 3.79043,
	3.54529 3.76218,
	3.53179 3.74123,
	3.52358 3.72016,
	3.51455 3.63535,
	3.51403 3.5955,
	"/>
</Transform>

<Transform dim="0"
 xcoef=" 0 1 0 0 0 0"
 ycoef=" 0 0 1 0 0 0">
<Contour name="ax27" hidden="false" closed="true" simplified="true" border="0 0 1" fill="0 0 1" mode="11"
 points="4.7292 2.04261,
	4.73685 2.02117,
	4.73936 2.01049,
	4.75501 1.9942,
	4.76545 1.98333,
	4.78609 1.943,
	4.84585 1.85927,
	4.86686 1.84816,
	4.88798 1.84502,
	4.90921 1.84985,
	4.9066 1.85257,
	4.94933 1.88347,
	4.95737 1.89125,
	4.96558 1.91232,
	4.96585 1.93357,
	4.95819 1.95501,
	4.95304 1.96575,
	4.9165 2.00378,
	4.83515 2.05347,
	4.79318 2.081,
	4.78267 2.08656,
	4.76151 2.08704,
	4.75622 2.08716,
	4.7349 2.07436,
	4.72947 2.06386,
	4.72923 2.04526,
	"/>
</Transform>

<Transform dim="0"
 xcoef=" 0 1 0 0 0 0"
 ycoef=" 0 0 1 0 0 0">
<Contour name="d01c07ax02" hidden="false" closed="true" simplified="true" border="0 1 0" fill="0 1 0" mode="9"
 points="4.26704 2.87088,
	4.29269 2.6657,
	4.29429 2.65929,
	4.2975 2.65769,
	4.40009 2.68814,
	4.42574 2.69455,
	4.43856 2.69776,
	4.44337 2.70257,
	4.42894 2.80516,
	4.42253 2.85645,
	4.42093 2.86928,
	4.41932 2.87248,
	4.31674 2.87569,
	4.29109 2.87729,
	4.27827 2.87729,
	4.27185 2.87729,
	4.26865 2.87729,
	4.26704 2.87248,
	"/>
</Transform>

<Transform dim="6"
 xcoef=" 0.61555587531806 0.972792008026978 0.0374743428705025 0 0 0"
 ycoef=" -0.371977162860424 -0.013260859816998 0.997191101898517 0 0 0">
<Image mag="0.00217507" contrast="0.907864" brightness="0.12" red="true" green="true" blue="true"
 src="FHLTD.97.jpg" />
<Contour name="domain1" hidden="false" closed="true" simplified="false" border="1 0 1" fill="1 0 1" mode="11"
 points="0 0,
	4096 0,
	4096 4096,
	0 4096,
	"/>
</Transform>

<Transform dim="0"
 xcoef=" 0 1 0 0 0 0"
 ycoef=" 0 0 1 0 0 0">
<Contour name="d08c17ax27" hidden="false" closed="true" simplified="true" border="0 1 0" fill="0 1 0" mode="9"
 points="3.44409 3.58483,
	3.46299 3.51761,
	3.47245 3.484,
	3.4777 3.46719,
	3.51446 3.39997,
	3.53232 3.36636,
	3.53757 3.35796,
	3.53967 3.35376,
	3.60689 3.29494,
	3.6237 3.27918,
	3.6321 3.27183,
	3.6363 3.26868,
	3.63735 3.26763,
	3.68672 3.33485,
	3.68987 3.33905,
	3.66886 3.37266,
	3.64996 3.40627,
	3.58168 3.54072,
	3.57853 3.54912,
	3.57643 3.61634,
	3.57538 3.64996,
	3.57433 3.66676,
	3.60374 3.73398,
	3.61739 3.76759,
	3.6216 3.776,
	3.61844 3.77915,
	3.55122 3.80646,
	3.53442 3.81381,
	3.50291 3.78125,
	3.4861 3.76444,
	3.47875 3.75604,
	3.4756 3.75184,
	3.45039 3.61739,
	3.44724 3.60059,
	3.44514 3.59219,
	3.44409 3.58798,
	3.44409 3.58588,
	"/>
</Transform>

</Section>