<?xml version="1.0"?>
<!DOCTYPE Section SYSTEM "section.dtd">

<Section index="197" thickness="0.045" alignLocked="true">
<Transform dim="6"
 xcoef=" -1.11212535356819 1.0081619887597 -0.021891705946757 0 0 0"
 ycoef=" -0.439707541914752 0.0132164509415794 0.986712221313614 0 0 0">
<Contour name="D04" hidden="false" closed="true" simplified="true" border="1 0 0" fill="1 0 0" mode="11"
 points="5.46492 7.28996,
	5.46778 7.25096,
	5.47628 7.21281,
	5.49024 7.17634,
	5.50936 7.14235,
	5.53323 7.11158,
	5.56131 7.0847,
	5.59299 7.0623,
	5.6276 7.04487,
	5.66436 7.03278,
	5.70248 7.0263,
	5.74113 7.02558,
	5.77947 7.03063,
	5.81665 7.04133,
	5.85186 7.05746,
	5.88435 7.07866,
	5.91339 7.10447,
	5.93836 7.13432,
	5.95871 7.16758,
	5.97399 7.2035,
	5.98388 7.24131,
	5.98816 7.28018,
	5.98673 7.31926,
	5.97963 7.35771,
	5.96701 7.39467,
	5.94914 7.42936,
	5.92642 7.461,
	5.89934 7.48891,
	5.86849 7.51248,
	5.83455 7.53119,
	5.79825 7.54464,
	5.76039 7.55254,
	5.72179 7.55471,
	5.6833 7.5511,
	5.64576 7.54179,
	5.60998 7.52699,
	5.57674 7.50702,
	5.54678 7.48231,
	5.52073 7.45341,
	5.49918 7.42094,
	5.48259 7.38562,
	5.47133 7.3482,
	"/>
</Transform>

<Transform dim="6"
 xcoef=" 0.637874646431816 1.0081619887597 -0.021891705946757 0 0 0"
 ycoef=" 0.420292458085248 0.0132164509415794 0.986712221313614 0 0 0">
<Contour name="D05" hidden="false" closed="true" simplified="true" border="1 1 0" fill="1 1 0" mode="11"
 points="2.69299 3.97404,
	2.70475 3.90163,
	2.73888 3.83632,
	2.79205 3.78448,
	2.85904 3.7512,
	2.93329 3.73974,
	3.00755 3.7512,
	3.07454 3.78448,
	3.12771 3.83632,
	3.16184 3.90163,
	3.1736 3.97404,
	3.16184 4.04644,
	3.12771 4.11175,
	3.07454 4.16359,
	3.00755 4.19687,
	2.93329 4.20833,
	2.85904 4.19687,
	2.79205 4.16359,
	2.73888 4.11175,
	"/>
</Transform>

<Transform dim="6"
 xcoef=" 0.0378746464318156 1.0081619887597 -0.021891705946757 0 0 0"
 ycoef=" 0.000292458085248304 0.0132164509415794 0.986712221313614 0 0 0">
<Contour name="d01" hidden="true" closed="true" simplified="true" border="1 0.5 0" fill="1 0.5 0" mode="9"
 points="5.37014 3.98498,
	5.39678 3.89974,
	5.41809 3.85712,
	5.4394 3.77188,
	5.48202 3.73992,
	5.52464 3.71861,
	5.56726 3.75057,
	5.58857 3.76123,
	5.59922 3.77188,
	5.60988 3.77188,
	5.62586 3.79319,
	5.62586 3.83581,
	5.60988 3.87843,
	5.5939 3.96367,
	5.57791 4.0063,
	5.54062 4.04892,
	5.52464 4.07023,
	5.51398 4.08088,
	5.47136 4.0649,
	5.45005 4.05424,
	5.4394 4.04359,
	5.39678 4.04892,
	5.37547 4.03293,
	5.37014 3.99031,
	"/>
</Transform>

<Transform dim="6"
 xcoef=" 0.0378746464318156 1.0081619887597 -0.021891705946757 0 0 0"
 ycoef=" 0.000292458085248304 0.0132164509415794 0.986712221313614 0 0 0">
<Contour name="d01" hidden="true" closed="true" simplified="true" border="1 0.5 0" fill="1 0.5 0" mode="9"
 points="3.79319 4.74682,
	3.81983 4.7042,
	3.85712 4.67224,
	3.87843 4.66158,
	3.89442 4.64027,
	3.93704 4.61363,
	3.969 4.57101,
	3.97433 4.5497,
	3.99031 4.52839,
	4.00097 4.48577,
	3.99564 4.31529,
	3.99031 4.23005,
	3.99031 4.18743,
	4.00097 4.14481,
	4.03826 4.10752,
	4.08088 4.09686,
	4.1235 4.11817,
	4.14481 4.11817,
	4.15547 4.12883,
	4.15547 4.13948,
	4.17145 4.16079,
	4.17678 4.17678,
	4.2194 4.1821,
	4.23005 4.17678,
	4.27267 4.18743,
	4.31529 4.21407,
	4.35791 4.2194,
	4.37922 4.23005,
	4.41651 4.26734,
	4.43782 4.28333,
	4.52306 4.26734,
	4.69355 4.2194,
	4.86403 4.1821,
	4.87468 4.1821,
	4.9173 4.20874,
	4.93861 4.21407,
	5.02385 4.26734,
	5.10909 4.27267,
	5.1304 4.26734,
	5.16769 4.22472,
	5.21031 4.19809,
	5.23162 4.18743,
	5.25293 4.18743,
	5.27957 4.21407,
	5.26892 4.29931,
	5.27424 4.34193,
	5.30088 4.37922,
	5.33285 4.46446,
	5.3435 4.50708,
	5.39145 4.59232,
	5.38612 4.61363,
	5.36481 4.62961,
	5.32219 4.62961,
	5.30088 4.62429,
	5.22097 4.55503,
	5.21031 4.53372,
	5.21031 4.52306,
	5.19433 4.50175,
	5.19433 4.4911,
	5.17302 4.48044,
	5.16237 4.46446,
	5.12507 4.42717,
	5.11442 4.41651,
	5.09311 4.41651,
	5.0718 4.42717,
	5.03451 4.4325,
	5.01852 4.44848,
	4.98123 4.53372,
	4.96525 4.55503,
	4.95459 4.56568,
	4.95459 4.57634,
	4.9173 4.61896,
	4.89599 4.66158,
	4.87468 4.74682,
	4.86935 4.76813,
	4.83739 4.79477,
	4.75215 4.78944,
	4.73084 4.79477,
	4.69355 4.82673,
	4.68289 4.83739,
	4.66691 4.92263,
	4.66158 4.94394,
	4.64027 4.94927,
	4.60298 4.92263,
	4.59232 4.90132,
	4.5497 4.89066,
	4.52839 4.88001,
	4.48577 4.87468,
	4.47512 4.87468,
	4.45381 4.8587,
	4.41119 4.86403,
	4.38988 4.87468,
	4.2194 4.89066,
	4.13416 4.89599,
	4.11285 4.90132,
	4.07023 4.93328,
	4.03826 4.97058,
	4.03293 5.0132,
	4.02761 5.03451,
	4.0063 5.05049,
	3.97966 5.13573,
	3.96367 5.15171,
	3.92105 5.16769,
	3.89974 5.16769,
	3.87843 5.15704,
	3.86245 5.13573,
	3.8518 5.12507,
	3.8518 5.08245,
	3.87311 5.03983,
	3.88376 5.00254,
	3.88376 4.98123,
	3.88376 4.97058,
	3.89442 4.95992,
	3.89442 4.9173,
	3.87843 4.90132,
	3.85712 4.89599,
	3.84114 4.87468,
	3.85712 4.85337,
	3.85712 4.84272,
	3.83581 4.82673,
	3.83581 4.84804,
	3.84114 4.8587,
	3.83049 4.86403,
	3.80385 4.82141,
	3.79319 4.8001,
	3.79319 4.75748,
	3.79319 4.75215,
	"/>
</Transform>

<Transform dim="6"
 xcoef=" 0.0378746464318156 1.0081619887597 -0.021891705946757 0 0 0"
 ycoef=" 0.000292458085248304 0.0132164509415794 0.986712221313614 0 0 0">
<Contour name="d01" hidden="true" closed="true" simplified="true" border="1 0.5 0" fill="1 0.5 0" mode="9"
 points="4.23005 4.95459,
	4.25136 4.93328,
	4.3366 4.89599,
	4.35791 4.88001,
	4.44315 4.86403,
	4.48577 4.86403,
	4.50708 4.86935,
	4.52306 4.88534,
	4.53372 4.92796,
	4.52839 4.97058,
	4.48044 5.05582,
	4.45913 5.0718,
	4.43782 5.06647,
	4.40586 5.02385,
	4.40053 5.0132,
	4.37922 5.03451,
	4.3366 5.03451,
	4.29398 5.05049,
	4.27267 5.05049,
	4.23538 5.00787,
	4.23005 4.96525,
	4.23005 4.95992,
	"/>
</Transform>

<Transform dim="6"
 xcoef=" 0.0378746464318156 1.0081619887597 -0.021891705946757 0 0 0"
 ycoef=" 0.000292458085248304 0.0132164509415794 0.986712221313614 0 0 0">
<Contour name="d01c33" hidden="false" closed="true" simplified="true" border="0 1 0" fill="0 1 0" mode="9"
 points="5.25007 4.28435,
	5.25845 4.26202,
	5.2724 4.23969,
	5.27799 4.23411,
	5.28357 4.23969,
	5.28357 4.26202,
	5.29194 4.30668,
	5.32823 4.396,
	5.34497 4.44065,
	5.35614 4.46298,
	5.36451 4.47415,
	5.37567 4.5188,
	5.37846 4.54113,
	5.37567 4.54951,
	5.37288 4.54671,
	5.36451 4.55788,
	5.34497 4.54392,
	5.30311 4.45461,
	5.26961 4.36529,
	5.26961 4.35413,
	5.25845 4.3318,
	5.25007 4.28714,
	"/>
</Transform>

<Transform dim="6"
 xcoef=" 0.0378746464318156 1.0081619887597 -0.021891705946757 0 0 0"
 ycoef=" 0.000292458085248304 0.0132164509415794 0.986712221313614 0 0 0">
<Contour name="d01cfa33" hidden="false" closed="false" simplified="false" border="0 1 1" fill="0 1 1" mode="9"
 points="5.27831 4.2409,
	5.27272 4.29393,
	5.28668 4.35254,
	5.30901 4.41953,
	5.33971 4.49768,
	5.36204 4.55071,
	"/>
</Transform>

<Transform dim="6"
 xcoef=" 0.0378746464318156 1.0081619887597 -0.021891705946757 0 0 0"
 ycoef=" 0.000292458085248304 0.0132164509415794 0.986712221313614 0 0 0">
<Contour name="d01c34" hidden="false" closed="true" simplified="true" border="0 1 0" fill="0 1 0" mode="9"
 points="5.5571 4.0164,
	5.55989 3.97175,
	5.55989 3.94942,
	5.56547 3.92709,
	5.56826 3.88243,
	5.57105 3.8601,
	5.57663 3.84894,
	5.57663 3.84336,
	5.5878 3.83219,
	5.59896 3.82661,
	5.61013 3.82661,
	5.61571 3.8294,
	5.61571 3.85173,
	5.61013 3.86289,
	5.61013 3.90755,
	5.61013 3.92988,
	5.59338 3.97454,
	5.56547 4.0192,
	5.55989 4.02199,
	5.5571 4.0192,
	"/>
</Transform>

<Transform dim="6"
 xcoef=" 0.0378746464318156 1.0081619887597 -0.021891705946757 0 0 0"
 ycoef=" 0.000292458085248304 0.0132164509415794 0.986712221313614 0 0 0">
<Contour name="d01cfa34" hidden="false" closed="false" simplified="false" border="0 1 1" fill="0 1 1" mode="9"
 points="5.61045 3.82502,
	5.58812 3.87247,
	5.57975 3.93667,
	5.56021 4.01203,
	"/>
</Transform>

<Transform dim="6"
 xcoef=" 0.0378746464318156 1.0081619887597 -0.021891705946757 0 0 0"
 ycoef=" 0.000292458085248304 0.0132164509415794 0.986712221313614 0 0 0">
<Contour name="d03" hidden="false" closed="true" simplified="true" border="0 1 0" fill="0 1 0" mode="9"
 points="3.36776 1.96377,
	3.37863 1.93479,
	3.40219 1.9058,
	3.41487 1.89131,
	3.44385 1.87319,
	3.47284 1.86232,
	3.48733 1.85689,
	3.51632 1.85508,
	3.53081 1.85508,
	3.58878 1.88044,
	3.61777 1.89131,
	3.73371 1.90761,
	3.84965 1.9203,
	3.86414 1.92211,
	3.89313 1.93479,
	3.92211 1.9529,
	3.92936 1.95834,
	3.99096 2.07428,
	4.02538 2.13225,
	4.0453 2.16124,
	4.05617 2.19022,
	4.05798 2.19747,
	4.04349 2.25544,
	4.04349 2.25907,
	3.99639 2.31704,
	3.97284 2.37501,
	3.9674 2.3895,
	3.96559 2.44747,
	3.96378 2.47646,
	3.97284 2.53443,
	3.97465 2.54168,
	3.95653 2.57066,
	3.93298 2.59783,
	3.904 2.61595,
	3.87682 2.64131,
	3.81885 2.60689,
	3.80436 2.60146,
	3.68842 2.60327,
	3.65943 2.60508,
	3.64494 2.60508,
	3.58697 2.58153,
	3.55979 2.55436,
	3.55255 2.54711,
	3.53081 2.48914,
	3.52537 2.47465,
	3.52175 2.4674,
	3.49458 2.45291,
	3.46559 2.44566,
	3.4511 2.44385,
	3.44385 2.44385,
	3.42936 2.43841,
	3.41668 2.42936,
	3.41124 2.42211,
	3.40943 2.41849,
	3.41487 2.40399,
	3.41487 2.3895,
	3.41487 2.38225,
	3.40037 2.36776,
	3.39313 2.36233,
	3.3895 2.3587,
	3.39132 2.34421,
	3.39494 2.33696,
	3.42392 2.32609,
	3.45291 2.3116,
	3.51088 2.27537,
	3.529 2.16124,
	3.53081 2.10327,
	3.53081 2.09602,
	3.51269 2.06704,
	3.50363 2.05254,
	3.4982 2.0453,
	3.47103 2.0308,
	3.45653 2.02356,
	3.39856 2.01088,
	3.39132 2.01088,
	3.38407 2.00725,
	3.3732 1.97827,
	3.36776 1.96559,
	"/>
</Transform>

<Transform dim="6"
 xcoef=" 0.0378746464318156 1.0081619887597 -0.021891705946757 0 0 0"
 ycoef=" 0.000292458085248304 0.0132164509415794 0.986712221313614 0 0 0">
<Contour name="d03" hidden="false" closed="true" simplified="true" border="0 1 0" fill="0 1 0" mode="9"
 points="3.23562 3.34,
	3.25144 3.31469,
	3.28939 3.27358,
	3.31153 3.2546,
	3.32418 3.24827,
	3.33051 3.24827,
	3.34316 3.27358,
	3.34632 3.32418,
	3.34316 3.37479,
	3.33051 3.38428,
	3.30521 3.3906,
	3.2799 3.3906,
	3.2546 3.38428,
	3.24195 3.37479,
	3.23562 3.36214,
	3.23562 3.34949,
	3.23562 3.34316,
	"/>
</Transform>

<Transform dim="6"
 xcoef=" 0.0378746464318156 1.0081619887597 -0.021891705946757 0 0 0"
 ycoef=" 0.000292458085248304 0.0132164509415794 0.986712221313614 0 0 0">
<Contour name="d03" hidden="false" closed="true" simplified="true" border="0 1 0" fill="0 1 0" mode="9"
 points="3.0332 1.88824,
	3.06166 1.84079,
	3.08064 1.81865,
	3.09329 1.79335,
	3.09962 1.76805,
	3.11543 1.74274,
	3.13757 1.72693,
	3.18818 1.72693,
	3.21348 1.73326,
	3.23878 1.73009,
	3.25144 1.73326,
	3.25776 1.73958,
	3.26409 1.73958,
	3.28939 1.76172,
	3.30521 1.78702,
	3.31153 1.79968,
	3.31153 1.85028,
	3.30837 1.87559,
	3.28307 1.8914,
	3.26409 1.9167,
	3.25776 1.94201,
	3.24195 1.96731,
	3.2293 1.97996,
	3.21664 1.98629,
	3.11543 1.98312,
	3.09013 1.98312,
	3.07748 1.97996,
	3.05218 1.95782,
	3.03636 1.93252,
	3.0332 1.90721,
	3.0332 1.89456,
	3.0332 1.8914,
	"/>
</Transform>

<Transform dim="6"
 xcoef=" 0.0378746464318156 1.0081619887597 -0.021891705946757 0 0 0"
 ycoef=" 0.000292458085248304 0.0132164509415794 0.986712221313614 0 0 0">
<Contour name="d03c35" hidden="false" closed="true" simplified="true" border="1 0 0" fill="1 0 0" mode="9"
 points="3.18191 1.75244,
	3.19315 1.72997,
	3.19876 1.72435,
	3.2437 1.72435,
	3.26616 1.72435,
	3.2774 1.72435,
	3.28301 1.72435,
	3.29144 1.73559,
	3.29144 1.75806,
	3.24931 1.79737,
	3.23808 1.80299,
	3.22685 1.80018,
	3.20438 1.78614,
	3.19315 1.77491,
	3.18472 1.76929,
	3.18191 1.75806,
	3.18191 1.75525,
	"/>
<Contour name="d03cfa35" hidden="false" closed="false" simplified="false" border="0 1 1" fill="0 1 1" mode="9"
 points="3.19 1.72747,
	3.21247 1.74432,
	3.23213 1.75837,
	3.26302 1.78364,
	"/>
</Transform>

<Transform dim="6"
 xcoef=" 0.0378746464318156 1.0081619887597 -0.021891705946757 0 0 0"
 ycoef=" 0.000292458085248304 0.0132164509415794 0.986712221313614 0 0 0">
<Contour name="d01p33" hidden="false" closed="true" simplified="false" border="1 0 0.5" fill="1 0 0.5" mode="-13"
 points="5.00061 4.31738,
	5.03978 4.31738,
	5.02019 4.35329,
	"/>
</Transform>

<Transform dim="6"
 xcoef=" 0.0378746464318156 1.0081619887597 -0.021891705946757 0 0 0"
 ycoef=" 0.000292458085248304 0.0132164509415794 0.986712221313614 0 0 0">
<Contour name="d01p37a" hidden="false" closed="true" simplified="false" border="1 0 1" fill="1 0 1" mode="-13"
 points="3.97238 4.93432,
	3.97238 4.92126,
	3.98543 4.90821,
	3.99849 4.90821,
	4.01155 4.92126,
	4.01155 4.93432,
	3.99849 4.94738,
	3.98543 4.94738,
	"/>
<Contour name="d01p37b" hidden="false" closed="true" simplified="false" border="1 0 1" fill="1 0 1" mode="-13"
 points="3.97238 4.93432,
	3.97238 4.92126,
	3.98543 4.90821,
	3.99849 4.90821,
	4.01155 4.92126,
	4.01155 4.93432,
	3.99849 4.94738,
	3.98543 4.94738,
	"/>
</Transform>

<Transform dim="6"
 xcoef=" 0.0378746464318156 1.0081619887597 -0.021891705946757 0 0 0"
 ycoef=" 0.000292458085248304 0.0132164509415794 0.986712221313614 0 0 0">
<Contour name="d03p31" hidden="false" closed="true" simplified="false" border="1 0.5 0" fill="1 0.5 0" mode="-13"
 points="3.65189 2.55457,
	3.65189 2.54869,
	3.65777 2.54281,
	3.66364 2.54281,
	3.66952 2.54869,
	3.66952 2.55457,
	3.66364 2.56044,
	3.65777 2.56044,
	"/>
</Transform>

<Transform dim="6"
 xcoef=" 0.0378746464318156 1.0081619887597 -0.021891705946757 0 0 0"
 ycoef=" 0.000292458085248304 0.0132164509415794 0.986712221313614 0 0 0">
<Contour name="d03p32" hidden="false" closed="true" simplified="false" border="0.5 0 1" fill="0.5 0 1" mode="9"
 points="3.60193 1.99328,
	3.59312 1.99034,
	3.60193 1.9874,
	3.59605 1.97859,
	3.60487 1.98446,
	3.60781 1.97565,
	3.61075 1.98446,
	3.61956 1.97859,
	3.61369 1.9874,
	3.6225 1.99034,
	3.61369 1.99328,
	3.61956 2.00209,
	3.61075 1.99622,
	3.60781 2.00503,
	3.60487 1.99622,
	3.59605 2.00209,
	"/>
</Transform>

<Transform dim="6"
 xcoef=" 0.0378746464318156 1.0081619887597 -0.021891705946757 0 0 0"
 ycoef=" 0.000292458085248304 0.0132164509415794 0.986712221313614 0 0 0">
<Contour name="d07p34" hidden="false" closed="true" simplified="false" border="1 0 0" fill="1 0 0" mode="-13"
 points="4.70526 8.15581,
	4.71767 8.13844,
	4.70526 8.12107,
	4.71271 8.12107,
	4.72263 8.13596,
	4.73256 8.12107,
	4.74 8.12107,
	4.7276 8.13844,
	4.74 8.15581,
	4.73256 8.15581,
	4.72263 8.14092,
	4.71271 8.15581,
	"/>
</Transform>

<Transform dim="6"
 xcoef=" 0.0378746464318156 1.0081619887597 -0.021891705946757 0 0 0"
 ycoef=" 0.000292458085248304 0.0132164509415794 0.986712221313614 0 0 0">
<Contour name="d06p32" hidden="false" closed="true" simplified="false" border="0 1 1" fill="0 1 1" mode="-13"
 points="3.03272 6.88528,
	3.04265 6.87535,
	3.00295 6.83564,
	3.01287 6.82572,
	3.05258 6.86542,
	3.0625 6.8555,
	3.0625 6.88528,
	"/>
</Transform>

<Transform dim="6"
 xcoef=" 0.0378746464318156 1.0081619887597 -0.021891705946757 0 0 0"
 ycoef=" 0.000292458085248304 0.0132164509415794 0.986712221313614 0 0 0">
<Contour name="d06c32" hidden="false" closed="true" simplified="true" border="0 1 0" fill="0 1 0" mode="11"
 points="2.92436 6.74655,
	2.94146 6.73372,
	3.00987 6.72945,
	3.07827 6.738,
	3.14668 6.738,
	3.18088 6.738,
	3.19798 6.74655,
	3.21509 6.74655,
	3.22364 6.7551,
	3.22791 6.7893,
	3.21936 6.80213,
	3.15096 6.8064,
	3.01414 6.79785,
	2.99704 6.78503,
	2.92864 6.77648,
	2.92436 6.75938,
	2.92436 6.75083,
	"/>
</Transform>

<Transform dim="6"
 xcoef=" 0.0378746464318156 1.0081619887597 -0.021891705946757 0 0 0"
 ycoef=" 0.000292458085248304 0.0132164509415794 0.986712221313614 0 0 0">
<Contour name="d06cfa32" hidden="false" closed="false" simplified="false" border="1 1 0" fill="0 1 1" mode="11"
 points="3.229 6.77337,
	3.04943 6.76054,
	2.92117 6.76054,
	"/>
</Transform>

<Transform dim="0"
 xcoef=" 0 1 0 0 0 0"
 ycoef=" 0 0 1 0 0 0">
<Contour name="ax04" comment="LK bouton trace named after cfa" hidden="false" closed="true" simplified="true" border="0 1 1" fill="0.502 1 1" mode="9"
 points="3.18858 4.66816,
	3.19344 4.65261,
	3.19442 4.63706,
	3.20317 4.60595,
	3.209 4.57484,
	3.209 4.54373,
	3.20997 4.52818,
	3.21191 4.52429,
	3.22747 4.51068,
	3.23525 4.50485,
	3.2508 4.50193,
	3.28191 4.50193,
	3.29746 4.50193,
	3.30524 4.50096,
	3.32079 4.49221,
	3.32663 4.4854,
	3.34218 4.47179,
	3.34607 4.46985,
	3.37329 4.43874,
	3.40245 4.40763,
	3.43356 4.37944,
	3.43939 4.37167,
	3.45495 4.35611,
	3.46758 4.34056,
	3.47536 4.33472,
	3.49092 4.32792,
	3.52202 4.31042,
	3.53758 4.29973,
	3.54536 4.29487,
	3.55605 4.27931,
	3.56383 4.27348,
	3.57938 4.26862,
	3.61049 4.27154,
	3.61826 4.27251,
	3.62215 4.27542,
	3.62993 4.27737,
	3.63382 4.27834,
	3.64062 4.28612,
	3.64548 4.29389,
	3.65618 4.325,
	3.65618 4.33278,
	3.66784 4.34833,
	3.67562 4.35514,
	3.68631 4.37069,
	3.69215 4.38625,
	3.70478 4.44846,
	3.71353 4.47957,
	3.72034 4.49513,
	3.7252 4.5029,
	3.72423 4.50679,
	3.72909 4.51457,
	3.732 4.52235,
	3.73298 4.53012,
	3.73006 4.54568,
	3.72423 4.56123,
	3.72228 4.56901,
	3.71742 4.57678,
	3.71645 4.58067,
	3.69215 4.61178,
	3.68145 4.62734,
	3.6727 4.64289,
	3.66784 4.65067,
	3.66007 4.65844,
	3.65229 4.66428,
	3.62118 4.674,
	3.6134 4.67691,
	3.60952 4.67789,
	3.60174 4.68469,
	3.57841 4.7158,
	3.5716 4.72358,
	3.55605 4.73524,
	3.54049 4.74302,
	3.50939 4.75371,
	3.50161 4.75663,
	3.49383 4.76149,
	3.46272 4.7926,
	3.44037 4.82371,
	3.43162 4.83926,
	3.41995 4.85481,
	3.41217 4.86162,
	3.4044 4.86648,
	3.37329 4.86842,
	3.34218 4.86551,
	3.32663 4.85967,
	3.29552 4.84315,
	3.28774 4.83926,
	3.27996 4.83829,
	3.27608 4.83829,
	3.26052 4.83245,
	3.22941 4.81301,
	3.22552 4.80912,
	3.21678 4.79357,
	3.20997 4.77802,
	3.1915 4.7158,
	3.18858 4.68469,
	3.18858 4.66914,
	"/>
</Transform>

<Transform dim="0"
 xcoef=" 0 1 0 0 0 0"
 ycoef=" 0 0 1 0 0 0">
<Contour name="ax12" comment="LK bouton trace named after cfa" hidden="false" closed="true" simplified="true" border="0 1 1" fill="0.502 1 1" mode="9"
 points="1.69851 2.01091,
	1.70405 2.00107,
	1.70835 1.99615,
	1.71327 1.99246,
	1.72372 1.97278,
	1.73664 1.9531,
	1.73971 1.94818,
	1.74894 1.93834,
	1.7514 1.93588,
	1.75263 1.93588,
	1.75755 1.93158,
	1.77723 1.91928,
	1.77968 1.91744,
	1.78952 1.91375,
	1.79936 1.9119,
	1.8092 1.90883,
	1.81904 1.9076,
	1.82396 1.90514,
	1.82888 1.90391,
	1.83134 1.90329,
	1.8338 1.90145,
	1.84364 1.89837,
	1.86332 1.88976,
	1.883 1.87869,
	1.90268 1.87193,
	1.9076 1.86947,
	1.91744 1.86701,
	1.92727 1.86578,
	1.93711 1.86701,
	1.94203 1.86885,
	1.94695 1.87254,
	1.95187 1.87254,
	1.95679 1.87131,
	1.95925 1.8707,
	1.96171 1.86885,
	1.96663 1.86701,
	1.96786 1.86578,
	1.97032 1.86516,
	1.97524 1.86147,
	1.98508 1.85655,
	1.99492 1.85348,
	1.99984 1.85163,
	2.00968 1.8504,
	2.02936 1.85102,
	2.0392 1.85225,
	2.07855 1.8504,
	2.08839 1.8504,
	2.09085 1.8504,
	2.09331 1.85163,
	2.10315 1.85163,
	2.10561 1.85225,
	2.10807 1.85163,
	2.11299 1.84856,
	2.12283 1.84426,
	2.14251 1.83134,
	2.15235 1.82519,
	2.15727 1.8215,
	2.16219 1.81966,
	2.18187 1.80736,
	2.18679 1.80551,
	2.18925 1.80367,
	2.19417 1.80182,
	2.19909 1.79875,
	2.20892 1.79506,
	2.21876 1.79321,
	2.2286 1.7926,
	2.23352 1.79198,
	2.24336 1.79506,
	2.24828 1.79752,
	2.25812 1.79936,
	2.29748 1.79998,
	2.31716 1.80121,
	2.32208 1.80305,
	2.32331 1.80305,
	2.33315 1.81166,
	2.35282 1.81843,
	2.3725 1.82396,
	2.37496 1.82396,
	2.3848 1.82888,
	2.39464 1.83811,
	2.40633 1.85778,
	2.41063 1.86762,
	2.41248 1.87746,
	2.41309 1.88238,
	2.41186 1.89222,
	2.40817 1.90206,
	2.40264 1.9119,
	2.39526 1.92174,
	2.39218 1.92666,
	2.39095 1.93158,
	2.38788 1.9365,
	2.38419 1.94634,
	2.38296 1.95618,
	2.38357 1.9611,
	2.38357 1.96356,
	2.38603 1.96848,
	2.38972 1.9734,
	2.4094 1.99123,
	2.41432 1.99492,
	2.41678 1.99738,
	2.43646 2.00599,
	2.4463 2.01091,
	2.45122 2.01337,
	2.4709 2.0269,
	2.47889 2.03674,
	2.48504 2.04658,
	2.4875 2.0515,
	2.48873 2.05396,
	2.48996 2.05519,
	2.4918 2.06502,
	2.49119 2.07486,
	2.48689 2.09454,
	2.48381 2.10438,
	2.47951 2.11422,
	2.4752 2.11914,
	2.44999 2.1585,
	2.43523 2.17818,
	2.42723 2.18802,
	2.42416 2.19294,
	2.40633 2.21261,
	2.40141 2.21692,
	2.39157 2.22307,
	2.37189 2.24029,
	2.36205 2.24705,
	2.34237 2.25689,
	2.33253 2.25997,
	2.31285 2.26366,
	2.30301 2.26673,
	2.26366 2.27411,
	2.24398 2.27964,
	2.2243 2.28395,
	2.21446 2.28579,
	2.1751 2.28825,
	2.13574 2.28641,
	2.11607 2.28518,
	2.09639 2.2821,
	2.08655 2.28026,
	2.07671 2.27718,
	2.05703 2.26858,
	2.05211 2.26612,
	2.01275 2.26058,
	1.99307 2.25751,
	1.98324 2.25443,
	1.96356 2.24521,
	1.94388 2.23414,
	1.93404 2.2286,
	1.9242 2.22184,
	1.91436 2.212,
	1.90883 2.20216,
	1.90575 2.19724,
	1.88792 2.17756,
	1.883 2.17387,
	1.88054 2.17264,
	1.86086 2.1708,
	1.85594 2.17018,
	1.8461 2.16465,
	1.83626 2.15604,
	1.82827 2.1462,
	1.82212 2.13636,
	1.81904 2.13144,
	1.8092 2.12468,
	1.80428 2.12222,
	1.79936 2.12099,
	1.7969 2.11976,
	1.78706 2.11914,
	1.77723 2.1173,
	1.77231 2.11668,
	1.75263 2.1093,
	1.73295 2.09577,
	1.72311 2.08655,
	1.71511 2.07671,
	1.70896 2.06687,
	1.70405 2.05703,
	1.70036 2.03735,
	1.69974 2.02751,
	1.69851 2.02259,
	1.69851 2.01275,
	1.69851 2.01152,
	"/>
</Transform>

<Transform dim="0"
 xcoef=" 0 1 0 0 0 0"
 ycoef=" 0 0 1 0 0 0">
<Contour name="d03" hidden="false" closed="true" simplified="true" border="0 1 0" fill="0 1 0" mode="9"
 points="4.47361 2.59071,
	4.49836 2.57434,
	4.52344 2.57401,
	4.53599 2.57384,
	4.54227 2.57375,
	4.5514 2.56081,
	4.54401 2.50963,
	4.54658 2.48394,
	4.56178 2.4613,
	4.61203 2.46384,
	4.63748 2.47952,
	4.65371 2.50495,
	4.66026 2.51768,
	4.6604 2.52409,
	4.66681 2.53042,
	4.66709 2.54324,
	4.68333 2.56866,
	4.69329 2.59417,
	4.70298 2.60687,
	4.70724 2.65809,
	4.70779 2.68373,
	4.71462 2.70929,
	4.73378 2.72505,
	4.75929 2.74395,
	4.75671 2.76962,
	4.74159 2.79548,
	4.73545 2.80196,
	4.7397 2.8532,
	4.73768 2.90451,
	4.72855 2.91745,
	4.72555 2.9239,
	4.67537 2.92458,
	4.66262 2.91513,
	4.66039 2.81259,
	4.65698 2.79981,
	4.63454 2.77767,
	4.62178 2.76823,
	4.55683 2.66652,
	4.50581 2.62874,
	4.48037 2.61305,
	4.47395 2.60673,
	4.47368 2.59391,
	"/>
<Contour name="d03cfa30ax13" hidden="false" closed="false" simplified="false" border="0 1 1" fill="0 1 1" mode="9"
 points="4.66426 2.82075,
	4.64353 2.76412,
	4.58913 2.69654,
	4.53512 2.64602,
	"/>
</Transform>

<Transform dim="0"
 xcoef=" 0 1 0 0 0 0"
 ycoef=" 0 0 1 0 0 0">
<Contour name="ax13" comment="LK bouton trace named after cfa" hidden="false" closed="true" simplified="true" border="0 1 1" fill="0.502 1 1" mode="9"
 points="4.27765 2.99554,
	4.27815 2.97972,
	4.27864 2.97576,
	4.28013 2.9718,
	4.28062 2.96784,
	4.2821 2.96389,
	4.2826 2.95993,
	4.28408 2.95597,
	4.28507 2.92432,
	4.29051 2.89266,
	4.29398 2.87683,
	4.29546 2.861,
	4.29595 2.84517,
	4.29645 2.83726,
	4.29645 2.83528,
	4.29991 2.82737,
	4.30535 2.81945,
	4.30634 2.81549,
	4.30634 2.81352,
	4.3098 2.8056,
	4.31228 2.79769,
	4.31376 2.79373,
	4.31475 2.78582,
	4.31722 2.7779,
	4.32069 2.76999,
	4.32316 2.76207,
	4.32415 2.75416,
	4.3286 2.73833,
	4.33256 2.73042,
	4.338 2.7225,
	4.34196 2.71953,
	4.35778 2.71063,
	4.36125 2.70667,
	4.37015 2.69085,
	4.37806 2.68442,
	4.38598 2.68095,
	4.41764 2.67205,
	4.43346 2.66562,
	4.44138 2.66216,
	4.44534 2.66018,
	4.46116 2.6488,
	4.46512 2.64732,
	4.48095 2.64633,
	4.48886 2.64732,
	4.49282 2.64831,
	4.50074 2.64682,
	4.50865 2.64682,
	4.51656 2.64831,
	4.52052 2.64979,
	4.52844 2.6577,
	4.53487 2.66562,
	4.53932 2.67353,
	4.54327 2.67601,
	4.55119 2.67848,
	4.55317 2.67947,
	4.55663 2.68343,
	4.55861 2.69134,
	4.56405 2.69925,
	4.57988 2.71162,
	4.58779 2.71953,
	4.59274 2.72745,
	4.59521 2.73141,
	4.5962 2.73338,
	4.60362 2.7413,
	4.61154 2.74773,
	4.62044 2.76356,
	4.64072 2.79521,
	4.64665 2.81104,
	4.64863 2.81896,
	4.65506 2.83479,
	4.65754 2.8427,
	4.66397 2.85853,
	4.66842 2.87436,
	4.6699 2.90601,
	4.66941 2.91393,
	4.66891 2.91789,
	4.66446 2.9258,
	4.65655 2.93371,
	4.64072 2.9446,
	4.63676 2.94608,
	4.6328 2.94855,
	4.61747 2.96438,
	4.60362 2.98021,
	4.58779 2.99554,
	4.57196 3.0089,
	4.56405 3.01434,
	4.55119 3.03017,
	4.54426 3.03808,
	4.53635 3.04451,
	4.52052 3.05193,
	4.51261 3.05243,
	4.50865 3.05193,
	4.50667 3.05193,
	4.49876 3.04798,
	4.4948 3.04451,
	4.48689 3.04056,
	4.47897 3.03907,
	4.47501 3.04105,
	4.47304 3.04204,
	4.45721 3.05638,
	4.44929 3.06232,
	4.43346 3.07221,
	4.42555 3.07765,
	4.40972 3.08705,
	4.37806 3.10338,
	4.37015 3.10733,
	4.36619 3.10882,
	4.36224 3.10931,
	4.35828 3.10882,
	4.35036 3.10585,
	4.33454 3.09695,
	4.32662 3.09348,
	4.29497 3.07419,
	4.29101 3.07221,
	4.28705 3.06875,
	4.28112 3.06084,
	4.27914 3.05292,
	4.27765 3.02127,
	4.27765 3.00544,
	4.27765 2.99752,
	4.27765 2.99604,
	"/>
</Transform>

<Transform dim="6"
 xcoef=" -0.942372079995791 1.15817944755156 0.0701837245765854 0 0 0"
 ycoef=" -1.45864446878483 0.058334551724582 1.04362768516813 0 0 0">
<Image mag="0.00217507" contrast="0.917" brightness="0.12" red="true" green="true" blue="true"
 src="FHLTD.197.jpg" />
<Contour name="domain1" hidden="false" closed="true" simplified="false" border="1 0 1" fill="1 0 1" mode="11"
 points="0 0,
	4096 0,
	4096 4096,
	0 4096,
	"/>
</Transform>

<Transform dim="0"
 xcoef=" 0 1 0 0 0 0"
 ycoef=" 0 0 1 0 0 0">
<Contour name="d06" hidden="true" closed="true" simplified="true" border="0 0 1" fill="0 0 1" mode="11"
 points="2.71879 6.96465,
	2.75138 6.90898,
	2.77787 6.88445,
	2.8037 6.82887,
	2.81015 6.81497,
	2.82337 6.80099,
	2.83673 6.79391,
	2.86383 6.79699,
	2.89108 6.80699,
	2.99917 6.80554,
	3.05321 6.80482,
	3.08024 6.80445,
	3.09375 6.80427,
	3.14817 6.8208,
	3.25634 6.82281,
	3.31046 6.82554,
	3.3621 6.86973,
	3.36579 6.88349,
	3.41089 6.93812,
	3.42471 6.95175,
	3.42531 6.97936,
	3.42561 6.99316,
	3.40931 7.021,
	3.40271 7.02799,
	3.40172 7.13848,
	3.40292 7.1937,
	3.40015 7.22136,
	3.37433 7.27695,
	3.36772 7.28394,
	3.36787 7.29084,
	3.3482 7.31872,
	3.33492 7.32925,
	3.11872 7.33215,
	3.01064 7.33359,
	2.95658 7.33432,
	2.92949 7.33124,
	2.90217 7.31779,
	2.89173 7.30411,
	2.88483 7.29731,
	2.86336 7.24236,
	2.84588 7.21498,
	2.79746 7.16384,
	2.77005 7.14694,
	2.75625 7.13332,
	2.75167 7.07814,
	2.75137 7.06433,
	2.75122 7.05743,
	2.72698 7.03014,
	2.71992 7.01642,
	2.71932 6.98881,
	2.71902 6.975,
	2.71887 6.9681,
	"/>
</Transform>

<Transform dim="0"
 xcoef=" 0 1 0 0 0 0"
 ycoef=" 0 0 1 0 0 0">
<Contour name="ax16" comment="LK bouton trace named after cfa" hidden="false" closed="true" simplified="true" border="0 1 1" fill="0.502 1 1" mode="9"
 points="2.7147 7.64741,
	2.71619 7.64147,
	2.72586 7.61767,
	2.74296 7.59388,
	2.76675 7.57306,
	2.77716 7.56116,
	2.78311 7.54927,
	2.78757 7.53737,
	2.79872 7.51358,
	2.80318 7.50168,
	2.80913 7.48978,
	2.81359 7.48383,
	2.82549 7.47342,
	2.83441 7.46153,
	2.84111 7.44963,
	2.84557 7.43773,
	2.8478 7.43179,
	2.85226 7.42584,
	2.86341 7.41914,
	2.87531 7.41691,
	2.87828 7.41691,
	2.88423 7.4132,
	2.89018 7.40725,
	2.89687 7.39535,
	2.90208 7.3894,
	2.90803 7.38717,
	2.91992 7.38643,
	2.9229 7.38643,
	2.93479 7.39163,
	2.94669 7.39535,
	2.95264 7.39609,
	2.97643 7.39461,
	2.98833 7.39163,
	3.00023 7.38717,
	3.01212 7.38048,
	3.01807 7.37825,
	3.04186 7.37676,
	3.06566 7.37899,
	3.08945 7.37379,
	3.10135 7.3723,
	3.11325 7.37304,
	3.13704 7.37081,
	3.14894 7.37156,
	3.15191 7.37156,
	3.1757 7.3842,
	3.1995 7.39163,
	3.21139 7.39535,
	3.22329 7.39758,
	3.23519 7.40204,
	3.24708 7.40502,
	3.25303 7.4065,
	3.25898 7.41022,
	3.26567 7.42212,
	3.2679 7.44591,
	3.27088 7.45781,
	3.27608 7.46971,
	3.28426 7.4816,
	3.29095 7.4935,
	3.29616 7.5054,
	3.30285 7.51729,
	3.31103 7.52919,
	3.32218 7.54109,
	3.34598 7.56116,
	3.35787 7.57009,
	3.38167 7.58347,
	3.39356 7.58719,
	3.39951 7.58793,
	3.41141 7.59165,
	3.4352 7.59537,
	3.4471 7.59314,
	3.459 7.58942,
	3.46494 7.58719,
	3.48874 7.57157,
	3.50063 7.56711,
	3.52443 7.56116,
	3.53633 7.55596,
	3.54227 7.55224,
	3.55417 7.54183,
	3.56086 7.52993,
	3.56384 7.52399,
	3.56309 7.51209,
	3.55566 7.4883,
	3.55491 7.48532,
	3.55863 7.47342,
	3.56458 7.46153,
	3.5683 7.45558,
	3.58019 7.44666,
	3.58614 7.44145,
	3.59953 7.41766,
	3.60622 7.40576,
	3.61217 7.39981,
	3.62406 7.39386,
	3.64786 7.38643,
	3.65975 7.3842,
	3.68355 7.38569,
	3.69544 7.38866,
	3.70139 7.39015,
	3.72519 7.40204,
	3.73708 7.40799,
	3.74898 7.41691,
	3.75939 7.42881,
	3.76236 7.43476,
	3.76311 7.43773,
	3.76162 7.44963,
	3.76013 7.45558,
	3.75344 7.46748,
	3.74378 7.47937,
	3.73188 7.49127,
	3.72667 7.49722,
	3.70288 7.51581,
	3.69098 7.52696,
	3.68504 7.53291,
	3.67909 7.53737,
	3.65827 7.56116,
	3.64637 7.57083,
	3.63447 7.57901,
	3.6315 7.5805,
	3.62035 7.59239,
	3.60771 7.61619,
	3.60101 7.62808,
	3.58986 7.63998,
	3.56607 7.65708,
	3.55491 7.66898,
	3.5393 7.69277,
	3.53261 7.70467,
	3.52963 7.71062,
	3.52443 7.71656,
	3.50063 7.73515,
	3.47684 7.7582,
	3.45528 7.782,
	3.44487 7.79389,
	3.44041 7.79984,
	3.42777 7.82364,
	3.41215 7.84743,
	3.39505 7.87122,
	3.38538 7.88312,
	3.37349 7.90691,
	3.36308 7.91881,
	3.3601 7.92178,
	3.33631 7.93443,
	3.32441 7.94483,
	3.32144 7.94707,
	3.29765 7.95376,
	3.28575 7.95822,
	3.27385 7.96119,
	3.26196 7.96565,
	3.25006 7.96788,
	3.23816 7.96863,
	3.22626 7.9664,
	3.21437 7.96045,
	3.20619 7.94855,
	3.20173 7.9426,
	3.18983 7.93219,
	3.17793 7.92996,
	3.17199 7.92922,
	3.16901 7.92773,
	3.15711 7.92699,
	3.13332 7.92178,
	3.10953 7.91807,
	3.10358 7.91732,
	3.1006 7.91732,
	3.09763 7.91584,
	3.08573 7.91584,
	3.07979 7.91584,
	3.06789 7.9203,
	3.06194 7.92327,
	3.05897 7.9255,
	3.05748 7.9255,
	3.05599 7.92699,
	3.04409 7.92922,
	3.0322 7.92922,
	3.0203 7.92773,
	3.01435 7.92699,
	3.00246 7.92178,
	2.99056 7.91286,
	2.98461 7.90766,
	2.98164 7.90543,
	2.97569 7.9032,
	2.96379 7.90171,
	2.95189 7.89873,
	2.94595 7.89576,
	2.94 7.8913,
	2.93256 7.8794,
	2.9281 7.87345,
	2.92736 7.87048,
	2.91546 7.86156,
	2.89167 7.84148,
	2.86936 7.82066,
	2.853 7.79687,
	2.84557 7.78497,
	2.84036 7.77307,
	2.83739 7.76713,
	2.8359 7.76564,
	2.8359 7.76415,
	2.83441 7.76267,
	2.83441 7.76118,
	2.82252 7.75077,
	2.81211 7.73887,
	2.80021 7.72772,
	2.79426 7.72326,
	2.78831 7.71731,
	2.76452 7.70318,
	2.74073 7.69351,
	2.73478 7.69054,
	2.72288 7.68013,
	2.71842 7.67418,
	2.71619 7.67121,
	2.7147 7.65931,
	2.7147 7.64816,
	"/>
</Transform>

<Transform dim="0"
 xcoef=" 0 1 0 0 0 0"
 ycoef=" 0 0 1 0 0 0">
<Contour name="d07" hidden="true" closed="true" simplified="true" border="1 0 1" fill="1 0 1" mode="9"
 points="4.08667 7.86741,
	4.10385 7.83041,
	4.10755 7.7936,
	4.12924 7.75654,
	4.14192 7.71961,
	4.14113 7.68286,
	4.16741 7.65035,
	4.1851 7.63632,
	4.32898 7.63439,
	4.40081 7.62883,
	4.47196 7.59111,
	4.50763 7.57685,
	4.5435 7.57178,
	4.55249 7.57166,
	4.57577 7.60811,
	4.5445 7.61772,
	4.54041 7.63616,
	4.52272 7.65018,
	4.51412 7.66868,
	4.48335 7.70126,
	4.46576 7.71987,
	4.46156 7.73372,
	4.46646 7.75202,
	4.49853 7.77917,
	4.51731 7.81568,
	4.52221 7.834,
	4.52691 7.84313,
	4.56288 7.84264,
	4.58096 7.847,
	4.59015 7.85606,
	4.60814 7.85582,
	4.64451 7.87372,
	4.66259 7.87808,
	4.69927 7.90975,
	4.73573 7.93224,
	4.75402 7.94578,
	4.772 7.94554,
	4.80837 7.96343,
	4.87701 8.01766,
	4.8953 8.0312,
	4.91338 8.03555,
	4.94556 8.06729,
	4.95495 8.08554,
	4.99111 8.09425,
	5.1349 8.08773,
	5.20654 8.07299,
	5.22463 8.07734,
	5.23851 8.09553,
	5.23891 8.1139,
	5.23032 8.1324,
	5.23112 8.16916,
	5.22292 8.20603,
	5.21413 8.21534,
	5.20593 8.25221,
	5.17966 8.28473,
	5.17595 8.32154,
	5.16287 8.3401,
	5.15407 8.3494,
	5.15038 8.38622,
	5.15527 8.40454,
	5.17365 8.42267,
	5.31754 8.42074,
	5.3535 8.42026,
	5.37149 8.42002,
	5.44264 8.38231,
	5.51398 8.35378,
	5.54965 8.33951,
	5.58562 8.33903,
	5.6037 8.34338,
	5.61749 8.35699,
	5.61459 8.43056,
	5.59701 8.44917,
	5.57922 8.4586,
	5.56163 8.47722,
	5.54364 8.47746,
	5.47241 8.51058,
	5.45462 8.52001,
	5.41875 8.52508,
	5.3476 8.5628,
	5.32992 8.57682,
	5.29415 8.58649,
	5.27637 8.59592,
	5.24109 8.62856,
	5.2233 8.63799,
	5.07933 8.63532,
	5.00739 8.63628,
	4.97121 8.62758,
	4.95293 8.61404,
	4.93415 8.57753,
	4.86961 8.50487,
	4.84183 8.46847,
	4.83263 8.4594,
	4.83223 8.44104,
	4.85402 8.40858,
	4.83604 8.40882,
	4.76709 8.3408,
	4.73932 8.30442,
	4.72093 8.28628,
	4.70275 8.27733,
	4.6308 8.27829,
	4.61272 8.27395,
	4.60373 8.27407,
	4.59454 8.265,
	4.5221 8.24299,
	4.51291 8.23392,
	4.50391 8.23404,
	4.46725 8.20237,
	4.44916 8.19801,
	4.43997 8.18894,
	4.36763 8.17153,
	4.33146 8.16283,
	4.29509 8.14493,
	4.15271 8.00897,
	4.14352 7.99991,
	4.13863 7.9816,
	4.12473 7.9634,
	4.12453 7.95421,
	4.09676 7.91782,
	4.08737 7.89956,
	4.08697 7.88119,
	4.08677 7.872,
	"/>
<Contour name="d07cfa34ax22" hidden="false" closed="false" simplified="false" border="0 1 1" fill="0 1 1" mode="9"
 points="5.28235 8.45204,
	5.26402 8.45229,
	5.20876 8.44179,
	5.16809 8.42733,
	5.14845 8.36762,
	5.14714 8.30767,
	5.19654 8.21704,
	5.23183 8.15285,
	"/>
</Transform>

<Transform dim="0"
 xcoef=" 0 1 0 0 0 0"
 ycoef=" 0 0 1 0 0 0">
<Contour name="ax22" comment="LK bouton trace named after cfa" hidden="false" closed="true" simplified="true" border="0 1 1" fill="0.502 1 1" mode="9"
 points="5.15758 8.39405,
	5.1599 8.38941,
	5.16048 8.37084,
	5.1599 8.35228,
	5.16048 8.33371,
	5.16396 8.31514,
	5.16861 8.29658,
	5.17731 8.27801,
	5.18311 8.26873,
	5.1924 8.25016,
	5.19762 8.24087,
	5.20574 8.22231,
	5.21038 8.21302,
	5.21386 8.20838,
	5.21502 8.20374,
	5.21851 8.1991,
	5.22779 8.18053,
	5.23591 8.16196,
	5.24171 8.1434,
	5.24578 8.13411,
	5.25448 8.12657,
	5.25912 8.12483,
	5.26376 8.12425,
	5.2684 8.12251,
	5.27305 8.11845,
	5.28059 8.10916,
	5.28523 8.10568,
	5.29045 8.09698,
	5.29277 8.09234,
	5.29393 8.09002,
	5.3125 8.07145,
	5.31714 8.06797,
	5.32178 8.06565,
	5.34035 8.06391,
	5.34963 8.06391,
	5.3682 8.05636,
	5.38677 8.05578,
	5.39605 8.05578,
	5.40534 8.05288,
	5.40998 8.05114,
	5.41462 8.04766,
	5.42796 8.02909,
	5.43435 8.01981,
	5.43899 8.01053,
	5.44537 8.00124,
	5.44827 7.9966,
	5.44943 7.99196,
	5.45059 7.98964,
	5.45872 7.98094,
	5.468 7.97339,
	5.47264 7.97107,
	5.49121 7.96817,
	5.52834 7.96759,
	5.54691 7.96933,
	5.55619 7.96817,
	5.56084 7.96643,
	5.56722 7.95715,
	5.5707 7.95251,
	5.5794 7.94322,
	5.59797 7.92988,
	5.61654 7.92001,
	5.6351 7.91363,
	5.63975 7.91189,
	5.65831 7.90957,
	5.67688 7.90841,
	5.68616 7.90899,
	5.69545 7.91247,
	5.70009 7.91537,
	5.70241 7.91769,
	5.70705 7.92698,
	5.71285 7.94554,
	5.71575 7.96411,
	5.71691 7.96875,
	5.7262 7.98732,
	5.73142 7.9966,
	5.73316 8.00124,
	5.732 8.01053,
	5.72968 8.01517,
	5.72098 8.02387,
	5.71633 8.02793,
	5.71459 8.03258,
	5.71575 8.04186,
	5.71749 8.0465,
	5.7262 8.05288,
	5.72852 8.05404,
	5.73258 8.05869,
	5.73432 8.06333,
	5.7349 8.08189,
	5.7349 8.09118,
	5.73432 8.09582,
	5.73142 8.10046,
	5.71575 8.11903,
	5.71401 8.12367,
	5.71227 8.14224,
	5.71169 8.14688,
	5.70531 8.16545,
	5.69429 8.18401,
	5.69022 8.1933,
	5.68384 8.21186,
	5.67282 8.23043,
	5.66469 8.23971,
	5.65193 8.25828,
	5.65019 8.2606,
	5.64671 8.26989,
	5.64555 8.27453,
	5.64555 8.27917,
	5.64381 8.28381,
	5.64381 8.28613,
	5.64845 8.28903,
	5.65773 8.29019,
	5.66702 8.28845,
	5.6763 8.28497,
	5.67862 8.28439,
	5.6879 8.28961,
	5.69255 8.29309,
	5.69313 8.29774,
	5.69022 8.3163,
	5.68906 8.31862,
	5.68442 8.32327,
	5.6821 8.32559,
	5.67746 8.32733,
	5.66818 8.32791,
	5.65889 8.32675,
	5.64033 8.31746,
	5.63104 8.3134,
	5.62176 8.31108,
	5.60319 8.31978,
	5.59971 8.32443,
	5.58114 8.34009,
	5.57186 8.34822,
	5.53473 8.372,
	5.51616 8.38419,
	5.47902 8.40508,
	5.46046 8.41494,
	5.44189 8.42248,
	5.43261 8.42538,
	5.41404 8.43293,
	5.39547 8.43873,
	5.37691 8.44627,
	5.36762 8.44917,
	5.36298 8.45033,
	5.34441 8.45091,
	5.33513 8.45033,
	5.33049 8.45091,
	5.3212 8.44917,
	5.31656 8.44859,
	5.31192 8.44975,
	5.30264 8.45382,
	5.28407 8.45962,
	5.2655 8.46252,
	5.24694 8.46194,
	5.22837 8.45962,
	5.21909 8.45846,
	5.21444 8.45846,
	5.20516 8.45614,
	5.20052 8.45556,
	5.18195 8.44627,
	5.17731 8.44163,
	5.16687 8.42306,
	5.16222 8.41378,
	5.15874 8.4045,
	5.15758 8.39521,
	5.15758 8.39463,
	"/>
</Transform>

<Transform dim="0"
 xcoef=" 0 1 0 0 0 0"
 ycoef=" 0 0 1 0 0 0">
<Contour name="d07" hidden="true" closed="true" simplified="true" border="1 0 1" fill="1 0 1" mode="9"
 points="4.1388 8.61116,
	4.16048 8.5741,
	4.23152 8.53179,
	4.2673 8.52213,
	4.28528 8.52189,
	4.29417 8.51717,
	4.30327 8.52165,
	4.31386 8.59503,
	4.30976 8.61346,
	4.27399 8.62313,
	4.23872 8.65577,
	4.23892 8.66496,
	4.20814 8.69754,
	4.17227 8.70261,
	4.15419 8.69826,
	4.14029 8.68007,
	4.1395 8.64332,
	4.1391 8.62494,
	4.1389 8.61575,
	"/>
</Transform>

<Transform dim="0"
 xcoef=" 0 1 0 0 0 0"
 ycoef=" 0 0 1 0 0 0">
<Contour name="ax22" comment="LK bouton trace named after cfa" hidden="false" closed="true" simplified="true" border="0 1 1" fill="0.502 1 1" mode="9"
 points="4.16503 8.8447,
	4.17487 8.82502,
	4.17794 8.81518,
	4.17856 8.80535,
	4.17794 8.80043,
	4.17548 8.79551,
	4.17425 8.79059,
	4.17179 8.78567,
	4.16872 8.77583,
	4.16626 8.75616,
	4.16688 8.74632,
	4.17179 8.7414,
	4.18163 8.73402,
	4.20131 8.71496,
	4.20992 8.70512,
	4.21668 8.69529,
	4.21914 8.69037,
	4.22037 8.68791,
	4.22283 8.68606,
	4.23144 8.66639,
	4.23512 8.65655,
	4.23881 8.65163,
	4.24066 8.64917,
	4.24189 8.64425,
	4.24435 8.63933,
	4.25419 8.63011,
	4.26956 8.61044,
	4.27939 8.60121,
	4.28923 8.59568,
	4.30891 8.58953,
	4.31383 8.58707,
	4.31629 8.58584,
	4.32612 8.576,
	4.33227 8.56617,
	4.33904 8.54649,
	4.34211 8.53665,
	4.34395 8.53174,
	4.34457 8.52682,
	4.35441 8.50714,
	4.35994 8.4973,
	4.36916 8.48747,
	4.38884 8.47394,
	4.39868 8.46533,
	4.4036 8.46103,
	4.41036 8.45119,
	4.4202 8.44135,
	4.43003 8.43705,
	4.43495 8.43459,
	4.43741 8.43336,
	4.44725 8.43213,
	4.45709 8.43213,
	4.46693 8.43397,
	4.47676 8.43705,
	4.4866 8.43889,
	4.50628 8.43828,
	4.52595 8.44074,
	4.53579 8.44012,
	4.53825 8.43889,
	4.55792 8.43828,
	4.56776 8.43828,
	4.5776 8.44135,
	4.58006 8.44258,
	4.59973 8.44258,
	4.61941 8.43397,
	4.63908 8.42782,
	4.64892 8.42537,
	4.65384 8.42414,
	4.6563 8.42352,
	4.66122 8.41922,
	4.67106 8.4143,
	4.71041 8.4063,
	4.74976 8.40569,
	4.7596 8.40139,
	4.76943 8.39831,
	4.77927 8.39831,
	4.78419 8.39893,
	4.79403 8.40323,
	4.79649 8.40446,
	4.79895 8.40692,
	4.80879 8.41245,
	4.82846 8.42782,
	4.83092 8.42967,
	4.83215 8.4309,
	4.83215 8.43213,
	4.84691 8.4518,
	4.84875 8.45426,
	4.84875 8.45549,
	4.85367 8.45918,
	4.85613 8.46041,
	4.86043 8.46533,
	4.8715 8.48501,
	4.87642 8.49484,
	4.88011 8.50468,
	4.88011 8.50591,
	4.88134 8.50714,
	4.88134 8.52682,
	4.88072 8.53665,
	4.87273 8.55633,
	4.8672 8.56617,
	4.84014 8.60552,
	4.83399 8.61536,
	4.82662 8.62519,
	4.80079 8.66454,
	4.80018 8.667,
	4.77497 8.70635,
	4.77189 8.71127,
	4.77066 8.71373,
	4.75283 8.73341,
	4.73377 8.75308,
	4.73131 8.75554,
	4.73008 8.758,
	4.69073 8.79674,
	4.67106 8.81518,
	4.66614 8.8201,
	4.66368 8.82256,
	4.66122 8.82379,
	4.6563 8.82871,
	4.64646 8.83609,
	4.6274 8.85515,
	4.61756 8.86376,
	4.57821 8.88835,
	4.5733 8.89081,
	4.56346 8.8988,
	4.55854 8.90188,
	4.55608 8.90434,
	4.55485 8.90434,
	4.54501 8.91295,
	4.52534 8.92463,
	4.50566 8.93508,
	4.5032 8.93693,
	4.50074 8.93754,
	4.49582 8.94061,
	4.4909 8.94246,
	4.48107 8.94799,
	4.47123 8.95168,
	4.46631 8.95291,
	4.46385 8.95291,
	4.4245 8.96828,
	4.41466 8.97259,
	4.39499 8.97812,
	4.37531 8.98488,
	4.37039 8.98611,
	4.36916 8.98611,
	4.3667 8.98796,
	4.34703 8.99226,
	4.33719 8.99349,
	4.33227 8.99349,
	4.3126 8.99718,
	4.30276 8.99903,
	4.29292 8.99964,
	4.288 8.99964,
	4.28554 8.99903,
	4.28308 8.99964,
	4.28062 9.00148,
	4.27816 9.0021,
	4.26833 9.00825,
	4.25849 9.01317,
	4.25357 9.01624,
	4.25111 9.01686,
	4.24619 9.01993,
	4.23635 9.023,
	4.22652 9.02423,
	4.21668 9.023,
	4.21176 9.02116,
	4.20684 9.02055,
	4.197 9.01501,
	4.1927 9.01132,
	4.19086 9.0064,
	4.19024 8.99657,
	4.19147 8.97689,
	4.19147 8.97197,
	4.19024 8.96705,
	4.19086 8.95722,
	4.19024 8.94738,
	4.19024 8.94492,
	4.20869 8.90557,
	4.21053 8.89573,
	4.21606 8.87605,
	4.21852 8.86622,
	4.21852 8.8613,
	4.21545 8.85638,
	4.2136 8.85392,
	4.20869 8.8533,
	4.19885 8.85761,
	4.18901 8.86437,
	4.18409 8.86745,
	4.17917 8.86806,
	4.17425 8.86745,
	4.17179 8.86745,
	4.16626 8.85822,
	4.16503 8.84839,
	4.16503 8.84593,
	4.16503 8.84531,
	"/>
</Transform>

<Transform dim="0"
 xcoef=" 0 1 0 0 0 0"
 ycoef=" 0 0 1 0 0 0">
<Contour name="ax22" comment="LK bouton trace named after cfa" hidden="false" closed="true" simplified="true" border="0 1 1" fill="0.502 1 1" mode="9"
 points="5.71344 7.83008,
	5.72678 7.80496,
	5.73384 7.79241,
	5.74248 7.77985,
	5.7566 7.75474,
	5.76602 7.74218,
	5.77151 7.7359,
	5.79663 7.71707,
	5.82174 7.70058,
	5.8343 7.68803,
	5.84372 7.67547,
	5.84843 7.66291,
	5.85078 7.6378,
	5.8547 7.61269,
	5.85941 7.60013,
	5.86726 7.58757,
	5.88688 7.56246,
	5.89944 7.55225,
	5.9222 7.52714,
	5.94339 7.50203,
	5.95516 7.48947,
	5.9583 7.48633,
	5.96458 7.47377,
	5.96536 7.47063,
	5.96772 7.46749,
	5.96615 7.44238,
	5.96536 7.42982,
	5.96615 7.42355,
	5.97243 7.41099,
	5.98106 7.39843,
	6.02579 7.3482,
	6.03129 7.34192,
	6.03757 7.32937,
	6.04149 7.32309,
	6.04227 7.31681,
	6.04463 7.31053,
	6.04855 7.30425,
	6.06111 7.29405,
	6.08622 7.27914,
	6.09878 7.26972,
	6.11055 7.25716,
	6.12703 7.23205,
	6.13959 7.22028,
	6.1443 7.214,
	6.15607 7.18889,
	6.15921 7.16377,
	6.16627 7.15122,
	6.17255 7.14572,
	6.18511 7.13944,
	6.19139 7.1363,
	6.20316 7.1261,
	6.20865 7.11354,
	6.21101 7.10099,
	6.21022 7.07587,
	6.20944 7.06959,
	6.21022 7.06332,
	6.22121 7.05154,
	6.24633 7.03192,
	6.25888 7.02094,
	6.26987 7.00838,
	6.2785 6.99582,
	6.29263 6.97071,
	6.29577 6.96443,
	6.30048 6.95815,
	6.30676 6.95266,
	6.31931 6.94481,
	6.33109 6.93382,
	6.33266 6.92754,
	6.33893 6.91499,
	6.34286 6.90871,
	6.34364 6.90557,
	6.36326 6.88045,
	6.37582 6.86868,
	6.3821 6.8624,
	6.38524 6.85926,
	6.39779 6.85063,
	6.40407 6.84671,
	6.41035 6.84592,
	6.41349 6.84671,
	6.4182 6.85299,
	6.42448 6.86554,
	6.42919 6.8781,
	6.4339 6.90321,
	6.43625 6.91577,
	6.43782 6.92205,
	6.43704 6.93461,
	6.42997 6.94716,
	6.41977 6.95972,
	6.41585 6.966,
	6.41428 6.96914,
	6.41192 6.9817,
	6.40643 6.99425,
	6.40015 7.00053,
	6.39387 7.00446,
	6.3923 7.00446,
	6.38131 7.01701,
	6.36876 7.02957,
	6.35541 7.05468,
	6.35306 7.06096,
	6.35071 7.08608,
	6.34992 7.09863,
	6.34757 7.11119,
	6.33972 7.1363,
	6.33422 7.14886,
	6.32638 7.16142,
	6.3201 7.17397,
	6.31696 7.18025,
	6.31382 7.19281,
	6.30833 7.20537,
	6.29734 7.21792,
	6.29185 7.2242,
	6.27693 7.24932,
	6.26909 7.26187,
	6.26359 7.28699,
	6.26516 7.29954,
	6.25967 7.3121,
	6.25653 7.31838,
	6.25574 7.32152,
	6.23298 7.34663,
	6.22435 7.35919,
	6.21729 7.37175,
	6.19767 7.39686,
	6.18668 7.40942,
	6.17412 7.42119,
	6.14901 7.44081,
	6.1239 7.45886,
	6.11134 7.46985,
	6.10506 7.47534,
	6.0925 7.48241,
	6.08622 7.48633,
	6.07602 7.49889,
	6.06268 7.524,
	6.0462 7.54912,
	6.03757 7.56167,
	6.01324 7.58679,
	5.98812 7.60876,
	5.97949 7.62132,
	5.974 7.63388,
	5.97086 7.64015,
	5.95124 7.66527,
	5.93632 7.69038,
	5.93005 7.70294,
	5.90807 7.72805,
	5.8963 7.74061,
	5.89081 7.74689,
	5.87511 7.772,
	5.87119 7.77828,
	5.84921 7.80339,
	5.8241 7.82458,
	5.81311 7.83714,
	5.80055 7.84813,
	5.79506 7.85441,
	5.79113 7.86069,
	5.77936 7.87324,
	5.77308 7.87952,
	5.76681 7.88345,
	5.76053 7.8858,
	5.74797 7.88188,
	5.73541 7.87481,
	5.72286 7.86383,
	5.71736 7.85755,
	5.71579 7.85441,
	5.71422 7.84185,
	5.71344 7.83557,
	5.71344 7.83243,
	5.71344 7.83086,
	"/>
</Transform>

<Transform dim="0"
 xcoef=" 0 1 0 0 0 0"
 ycoef=" 0 0 1 0 0 0">
<Contour name="ax23" comment="LK bouton trace named after cfa" hidden="false" closed="true" simplified="true" border="0 1 1" fill="0.502 1 1" mode="9"
 points="3.69211 9.3594,
	3.69543 9.34877,
	3.70206 9.33882,
	3.70738 9.3355,
	3.72862 9.33085,
	3.73924 9.32753,
	3.74456 9.3262,
	3.75518 9.3262,
	3.76049 9.3262,
	3.7658 9.32487,
	3.77642 9.32421,
	3.78705 9.32155,
	3.79767 9.32155,
	3.80298 9.32155,
	3.80829 9.32288,
	3.8136 9.32554,
	3.81892 9.33018,
	3.82157 9.33085,
	3.82423 9.33284,
	3.82688 9.3335,
	3.82821 9.33483,
	3.83883 9.33616,
	3.84946 9.33882,
	3.85942 9.34745,
	3.86273 9.35276,
	3.86473 9.35541,
	3.86605 9.36073,
	3.86406 9.37135,
	3.86406 9.38197,
	3.86074 9.39193,
	3.85875 9.39459,
	3.85809 9.39724,
	3.85145 9.40786,
	3.84282 9.4165,
	3.83817 9.42114,
	3.82821 9.42712,
	3.82555 9.42845,
	3.82423 9.42977,
	3.8229 9.42977,
	3.82157 9.4311,
	3.82024 9.4311,
	3.80962 9.43708,
	3.80497 9.4404,
	3.80365 9.4404,
	3.79302 9.44704,
	3.7824 9.45235,
	3.77974 9.45368,
	3.77842 9.455,
	3.77709 9.455,
	3.77178 9.45832,
	3.76115 9.46231,
	3.73991 9.46164,
	3.73725 9.46164,
	3.72663 9.45832,
	3.71667 9.45102,
	3.70406 9.43044,
	3.70074 9.42513,
	3.69742 9.4145,
	3.69543 9.39326,
	3.6941 9.38263,
	3.69277 9.37998,
	3.69211 9.36936,
	3.69211 9.36404,
	3.69211 9.36139,
	3.69211 9.36006,
	"/>
</Transform>

<Transform dim="0"
 xcoef=" 0 1 0 0 0 0"
 ycoef=" 0 0 1 0 0 0">
<Contour name="d03c30ax13" hidden="false" closed="true" simplified="true" border="0 1 0" fill="0 1 0" mode="9"
 points="4.49112 2.70819,
	4.49974 2.68699,
	4.54017 2.64457,
	4.55011 2.63396,
	4.55475 2.62866,
	4.5574 2.62601,
	4.55807 2.62534,
	4.69129 2.79502,
	4.69593 2.80032,
	4.69725 2.80231,
	4.61241 2.85534,
	4.61175 2.856,
	4.54216 2.77116,
	4.50769 2.72874,
	4.49841 2.71814,
	4.49444 2.71283,
	4.49245 2.71018,
	4.49112 2.70886,
	"/>
</Transform>

<Transform dim="0"
 xcoef=" 0 1 0 0 0 0"
 ycoef=" 0 0 1 0 0 0">
<Contour name="d07c34ax22" hidden="false" closed="true" simplified="true" border="0 1 0" fill="0 1 0" mode="9"
 points="5.10607 8.3915,
	5.11043 8.32186,
	5.11151 8.28703,
	5.1126 8.26962,
	5.11369 8.26527,
	5.1594 8.19562,
	5.18116 8.16079,
	5.19313 8.14338,
	5.26278 8.15862,
	5.26387 8.16079,
	5.21925 8.30009,
	5.20837 8.33491,
	5.20728 8.33927,
	5.21816 8.37409,
	5.22034 8.3828,
	5.23775 8.39259,
	5.27258 8.40892,
	5.28128 8.41327,
	5.28564 8.41545,
	5.28781 8.41653,
	5.27911 8.48618,
	5.27693 8.50359,
	5.27258 8.50468,
	5.20293 8.49271,
	5.1681 8.48727,
	5.15069 8.484,
	5.14852 8.484,
	5.1126 8.41436,
	5.10825 8.40565,
	5.10607 8.4013,
	5.10607 8.39259,
	"/>
</Transform>

</Section>