<?xml version="1.0"?>
<!DOCTYPE Section SYSTEM "section.dtd">

<Section index="168" thickness="0.045" alignLocked="true">
<Transform dim="6"
 xcoef=" -0.643780643247039 1.13430085878407 0.0177478366432741 0 0 0"
 ycoef=" -1.2472104348222 0.0404352482825488 1.03186717348388 0 0 0">
<Image mag="0.00217507" contrast="0.917" brightness="0.12" red="true" green="true" blue="true"
 src="FHLTD.168.jpg" />
<Contour name="domain1" hidden="false" closed="true" simplified="false" border="1 0 1" fill="1 0 1" mode="11"
 points="0 0,
	4096 0,
	4096 4096,
	0 4096,
	"/>
</Transform>

<Transform dim="6"
 xcoef=" -0.334723931677419 1.00825716264578 -0.0267809606108929 0 0 0"
 ycoef=" -0.26671420803726 0.0178847787628444 1.01373276289052 0 0 0">
<Contour name="D04" hidden="false" closed="true" simplified="true" border="1 0 0" fill="1 0 0" mode="11"
 points="5.46492 7.28996,
	5.46778 7.25096,
	5.47628 7.21281,
	5.49024 7.17634,
	5.50936 7.14235,
	5.53323 7.11158,
	5.56131 7.0847,
	5.59299 7.0623,
	5.6276 7.04487,
	5.66436 7.03278,
	5.70248 7.0263,
	5.74113 7.02558,
	5.77947 7.03063,
	5.81665 7.04133,
	5.85186 7.05746,
	5.88435 7.07866,
	5.91339 7.10447,
	5.93836 7.13432,
	5.95871 7.16758,
	5.97399 7.2035,
	5.98388 7.24131,
	5.98816 7.28018,
	5.98673 7.31926,
	5.97963 7.35771,
	5.96701 7.39467,
	5.94914 7.42936,
	5.92642 7.461,
	5.89934 7.48891,
	5.86849 7.51248,
	5.83455 7.53119,
	5.79825 7.54464,
	5.76039 7.55254,
	5.72179 7.55471,
	5.6833 7.5511,
	5.64576 7.54179,
	5.60998 7.52699,
	5.57674 7.50702,
	5.54678 7.48231,
	5.52073 7.45341,
	5.49918 7.42094,
	5.48259 7.38562,
	5.47133 7.3482,
	"/>
</Transform>

<Transform dim="6"
 xcoef=" 0.175276068322581 1.00825716264578 -0.0267809606108929 0 0 0"
 ycoef=" 0.24328579196274 0.0178847787628444 1.01373276289052 0 0 0">
<Contour name="D05" hidden="false" closed="true" simplified="true" border="1 1 0" fill="1 1 0" mode="11"
 points="2.69299 3.97404,
	2.70475 3.90163,
	2.73888 3.83632,
	2.79205 3.78448,
	2.85904 3.7512,
	2.93329 3.73974,
	3.00755 3.7512,
	3.07454 3.78448,
	3.12771 3.83632,
	3.16184 3.90163,
	3.1736 3.97404,
	3.16184 4.04644,
	3.12771 4.11175,
	3.07454 4.16359,
	3.00755 4.19687,
	2.93329 4.20833,
	2.85904 4.19687,
	2.79205 4.16359,
	2.73888 4.11175,
	"/>
</Transform>

<Transform dim="6"
 xcoef=" 0.0952760683225813 1.00825716264578 -0.0267809606108929 0 0 0"
 ycoef=" -0.17671420803726 0.0178847787628444 1.01373276289052 0 0 0">
<Contour name="d01" hidden="false" closed="true" simplified="true" border="1 0.5 0" fill="1 0.5 0" mode="9"
 points="5.807 3.22848,
	5.81765 3.21782,
	5.82831 3.21782,
	5.84429 3.13258,
	5.84429 3.12193,
	5.86027 3.10062,
	5.89756 3.08463,
	5.9828 3.10062,
	6.06805 3.08996,
	6.08936 3.10062,
	6.12132 3.14324,
	6.1373 3.16455,
	6.1373 3.18586,
	6.08936 3.2711,
	6.06272 3.31372,
	6.02543 3.34036,
	5.94018 3.31904,
	5.91887 3.31372,
	5.87625 3.27642,
	5.87093 3.26577,
	5.8656 3.2711,
	5.82298 3.25511,
	5.807 3.23913,
	5.807 3.2338,
	"/>
</Transform>

<Transform dim="6"
 xcoef=" 0.0952760683225813 1.00825716264578 -0.0267809606108929 0 0 0"
 ycoef=" -0.17671420803726 0.0178847787628444 1.01373276289052 0 0 0">
<Contour name="d01" hidden="false" closed="true" simplified="true" border="1 0.5 0" fill="1 0.5 0" mode="9"
 points="4.278 4.89599,
	4.29398 4.87468,
	4.33127 4.84804,
	4.34726 4.82673,
	4.34726 4.78411,
	4.33127 4.74149,
	4.33127 4.73084,
	4.37389 4.69355,
	4.3952 4.68289,
	4.48044 4.60298,
	4.56036 4.53905,
	4.50175 4.45913,
	4.4325 4.38455,
	4.40053 4.34726,
	4.35791 4.32062,
	4.31529 4.30464,
	4.29931 4.28333,
	4.29931 4.26202,
	4.32595 4.22472,
	4.34726 4.21407,
	4.38988 4.21407,
	4.42717 4.19809,
	4.46979 4.16079,
	4.4911 4.13948,
	4.52839 4.11817,
	4.53905 4.07555,
	4.53905 4.0649,
	4.56036 4.04359,
	4.57101 4.03293,
	4.65625 4.03293,
	4.69887 4.03293,
	4.78411 4.01695,
	4.94927 4.01162,
	4.99189 3.99564,
	5.03451 4.00097,
	5.0718 3.97966,
	5.09311 3.96367,
	5.11442 3.95835,
	5.15171 3.92105,
	5.15704 3.89974,
	5.19966 3.86778,
	5.21031 3.86778,
	5.25293 3.83581,
	5.26892 3.8145,
	5.2849 3.77188,
	5.29555 3.75057,
	5.30621 3.73992,
	5.30088 3.6973,
	5.30088 3.67599,
	5.31154 3.65468,
	5.33285 3.63337,
	5.37547 3.61739,
	5.38612 3.61739,
	5.39145 3.70263,
	5.38612 3.78787,
	5.38612 3.80918,
	5.41809 3.84647,
	5.46071 3.87843,
	5.47136 3.87843,
	5.50866 3.92105,
	5.52997 3.96367,
	5.53529 4.13416,
	5.54062 4.2194,
	5.54595 4.26202,
	5.52997 4.30464,
	5.52464 4.34726,
	5.50866 4.38988,
	5.498 4.41119,
	5.498 4.4325,
	5.48202 4.47512,
	5.48202 4.49643,
	5.498 4.51774,
	5.46071 4.60298,
	5.41809 4.61896,
	5.39678 4.62961,
	5.37547 4.62961,
	5.34883 4.66158,
	5.32752 4.66691,
	5.31686 4.66691,
	5.30088 4.6456,
	5.2849 4.60298,
	5.24228 4.59765,
	5.22097 4.59765,
	5.17835 4.62429,
	5.16769 4.62429,
	5.08245 4.68289,
	5.04516 4.72018,
	5.00254 4.73617,
	4.98123 4.73084,
	4.96525 4.71486,
	4.95992 4.67224,
	4.95992 4.65092,
	4.94927 4.62961,
	4.90665 4.59765,
	4.86403 4.58699,
	4.82141 4.6083,
	4.77879 4.64027,
	4.76813 4.64027,
	4.68289 4.70953,
	4.64027 4.72551,
	4.61896 4.73617,
	4.56036 4.82141,
	4.53905 4.84272,
	4.51774 4.85337,
	4.49643 4.87468,
	4.48044 4.9173,
	4.44315 4.94394,
	4.42184 4.94927,
	4.37922 4.9759,
	4.35791 4.99189,
	4.31529 4.98656,
	4.29931 4.97058,
	4.30996 4.96525,
	4.29398 4.95459,
	4.278 4.93328,
	4.278 4.91197,
	4.278 4.90132,
	"/>
</Transform>

<Transform dim="6"
 xcoef=" 0.0952760683225813 1.00825716264578 -0.0267809606108929 0 0 0"
 ycoef=" -0.17671420803726 0.0178847787628444 1.01373276289052 0 0 0">
<Contour name="d01" hidden="false" closed="true" simplified="true" border="1 0.5 0" fill="1 0.5 0" mode="9"
 points="5.54062 4.49643,
	5.5566 4.47512,
	5.57791 4.46446,
	5.62053 4.45913,
	5.64184 4.45913,
	5.66315 4.44848,
	5.69512 4.41119,
	5.73774 4.41119,
	5.75905 4.41119,
	5.7697 4.42184,
	5.85494 4.40586,
	5.8656 4.40586,
	5.87625 4.3952,
	5.91887 4.3952,
	5.94018 4.40053,
	5.96682 4.44315,
	6.00944 4.48044,
	6.05206 4.50708,
	6.07337 4.52839,
	6.06272 4.57101,
	6.04141 4.58699,
	5.99879 4.60298,
	5.9828 4.61363,
	5.94018 4.60298,
	5.85494 4.56036,
	5.83363 4.5497,
	5.81232 4.55503,
	5.79634 4.57101,
	5.79634 4.58167,
	5.78036 4.59765,
	5.75905 4.60298,
	5.71643 4.59765,
	5.67914 4.56036,
	5.64184 4.53372,
	5.5566 4.52306,
	5.54062 4.50175,
	"/>
</Transform>

<Transform dim="6"
 xcoef=" 0.0952760683225813 1.00825716264578 -0.0267809606108929 0 0 0"
 ycoef=" -0.17671420803726 0.0178847787628444 1.01373276289052 0 0 0">
<Contour name="d01" hidden="false" closed="true" simplified="true" border="1 0.5 0" fill="1 0.5 0" mode="9"
 points="3.71861 3.34568,
	3.72926 3.32437,
	3.75057 3.31372,
	3.79319 3.31372,
	3.87843 3.29773,
	3.89974 3.29773,
	3.9104 3.29773,
	3.99564 3.37765,
	4.03293 3.40429,
	4.07555 3.44158,
	4.10752 3.47354,
	4.15014 3.50018,
	4.2194 3.58009,
	4.23005 3.62271,
	4.23005 3.70795,
	4.25669 3.75057,
	4.27267 3.79319,
	4.28333 3.8145,
	4.278 3.89974,
	4.24071 3.94236,
	4.22472 3.98498,
	4.2194 4.0063,
	4.24071 4.02228,
	4.28333 4.03826,
	4.30996 4.1235,
	4.32062 4.12883,
	4.31529 4.17145,
	4.30996 4.17678,
	4.30464 4.17145,
	4.26734 4.20874,
	4.1821 4.23538,
	4.17145 4.23538,
	4.15014 4.21407,
	4.10752 4.20874,
	4.08621 4.20874,
	4.04359 4.19276,
	4.02228 4.17678,
	3.93704 4.17678,
	3.89974 4.20341,
	3.87843 4.20874,
	3.85712 4.22472,
	3.83581 4.23005,
	3.82516 4.24071,
	3.78254 4.24071,
	3.73992 4.22472,
	3.73992 4.21407,
	3.79852 4.13416,
	3.8145 4.11285,
	3.8518 3.94236,
	3.85712 3.85712,
	3.8518 3.77188,
	3.85712 3.72926,
	3.85712 3.71861,
	3.86778 3.70795,
	3.86778 3.6973,
	3.87843 3.68664,
	3.88376 3.64402,
	3.86245 3.47887,
	3.81983 3.45756,
	3.73459 3.39363,
	3.71861 3.37232,
	3.71861 3.35101,
	"/>
</Transform>

<Transform dim="6"
 xcoef=" 0.0952760683225813 1.00825716264578 -0.0267809606108929 0 0 0"
 ycoef=" -0.17671420803726 0.0178847787628444 1.01373276289052 0 0 0">
<Contour name="d01" hidden="false" closed="true" simplified="true" border="1 0.5 0" fill="1 0.5 0" mode="9"
 points="4.59765 5.18368,
	4.61363 5.16769,
	4.61363 5.12507,
	4.64027 5.03983,
	4.65625 4.99721,
	4.69355 4.95992,
	4.77879 4.93328,
	4.8001 4.92796,
	4.82141 4.94394,
	4.82141 4.96525,
	4.81075 4.98656,
	4.8001 4.99721,
	4.8001 5.00787,
	4.7628 5.03983,
	4.74149 5.05049,
	4.69887 5.09311,
	4.64027 5.16769,
	4.61896 5.18368,
	4.6083 5.19433,
	4.59765 5.189,
	"/>
</Transform>

<Transform dim="6"
 xcoef=" 0.0952760683225813 1.00825716264578 -0.0267809606108929 0 0 0"
 ycoef=" -0.17671420803726 0.0178847787628444 1.01373276289052 0 0 0">
<Contour name="d01" hidden="false" closed="true" simplified="true" border="1 0.5 0" fill="1 0.5 0" mode="9"
 points="5.50866 4.57101,
	5.51398 4.5497,
	5.53529 4.53372,
	5.62053 4.51774,
	5.70045 4.57634,
	5.69512 4.61896,
	5.68979 4.64027,
	5.67381 4.66158,
	5.63119 4.67756,
	5.60988 4.67756,
	5.59922 4.66691,
	5.5566 4.66158,
	5.53529 4.65092,
	5.52464 4.65625,
	5.51398 4.6456,
	5.51931 4.64027,
	5.50866 4.61896,
	5.50866 4.57634,
	"/>
</Transform>

<Transform dim="6"
 xcoef=" 0.0952760683225813 1.00825716264578 -0.0267809606108929 0 0 0"
 ycoef=" -0.17671420803726 0.0178847787628444 1.01373276289052 0 0 0">
<Contour name="d01" hidden="false" closed="true" simplified="true" border="1 0.5 0" fill="1 0.5 0" mode="9"
 points="4.85337 5.11975,
	4.90665 5.03451,
	4.93328 4.99189,
	5.01852 4.91197,
	5.11975 4.74149,
	5.16237 4.71486,
	5.18368 4.69887,
	5.20499 4.69355,
	5.2263 4.69887,
	5.24228 4.72018,
	5.2849 4.74149,
	5.37014 4.75748,
	5.41276 4.77346,
	5.45538 4.80542,
	5.54062 4.83739,
	5.62586 4.8587,
	5.64717 4.86935,
	5.65783 4.88001,
	5.70045 4.89599,
	5.74307 4.92263,
	5.75905 4.94394,
	5.76438 4.96525,
	5.74307 4.9759,
	5.73241 4.98656,
	5.68979 4.99189,
	5.64717 5.00787,
	5.62586 5.02385,
	5.61521 5.03451,
	5.59922 5.07713,
	5.57791 5.09311,
	5.53529 5.09844,
	5.49267 5.09311,
	5.45005 5.05582,
	5.42874 5.05049,
	5.3435 5.06647,
	5.25826 5.06114,
	5.21564 5.06114,
	5.04516 5.10909,
	5.00254 5.11975,
	4.98123 5.13573,
	4.97058 5.14106,
	4.98123 5.15704,
	4.89599 5.17302,
	4.87468 5.16769,
	4.85337 5.15171,
	4.85337 5.1304,
	4.85337 5.12507,
	"/>
</Transform>

<Transform dim="6"
 xcoef=" 0.0952760683225813 1.00825716264578 -0.0267809606108929 0 0 0"
 ycoef=" -0.17671420803726 0.0178847787628444 1.01373276289052 0 0 0">
<Contour name="d02" hidden="false" closed="true" simplified="true" border="0.5 0 1" fill="0.5 0 1" mode="9"
 points="1.90243 8.77962,
	1.9243 8.75775,
	1.94617 8.74682,
	1.96803 8.72495,
	1.9735 8.70855,
	1.9899 8.72495,
	2.00083 8.68122,
	2.03364 8.63748,
	2.0391 8.61562,
	2.06097 8.59922,
	2.1047 8.58828,
	2.12657 8.58282,
	2.1703 8.55001,
	2.19217 8.53361,
	2.21404 8.48988,
	2.22497 8.46801,
	2.21404 8.44615,
	2.13204 8.41881,
	2.11564 8.39695,
	2.1211 8.35321,
	2.12657 8.33134,
	2.16484 8.29854,
	2.1867 8.25481,
	2.19217 8.21108,
	2.19764 8.18921,
	2.23591 8.15094,
	2.25231 8.06347,
	2.33977 7.99787,
	2.36164 7.99241,
	2.40537 7.9596,
	2.49284 7.9268,
	2.53658 7.9104,
	2.55844 7.89947,
	2.58031 7.90494,
	2.59671 7.94867,
	2.59671 7.99241,
	2.60765 8.00881,
	2.65138 7.99241,
	2.69511 7.9596,
	2.87005 7.90494,
	2.91378 7.89947,
	2.95752 7.90494,
	3.03952 7.9596,
	3.04499 7.97054,
	2.96298 8.05254,
	2.96845 8.09627,
	3.00672 8.14001,
	3.01765 8.15094,
	3.01219 8.17281,
	2.96845 8.20014,
	2.94658 8.21654,
	2.92472 8.22201,
	2.90832 8.23841,
	2.90832 8.28214,
	2.92472 8.30401,
	2.96845 8.32041,
	3.01219 8.32588,
	3.02859 8.34774,
	3.02859 8.43521,
	2.99579 8.52268,
	2.97392 8.56641,
	2.94112 8.61015,
	2.89738 8.64842,
	2.80992 8.68668,
	2.76618 8.71402,
	2.74978 8.73588,
	2.74431 8.75775,
	2.72791 8.77962,
	2.71698 8.79055,
	2.67325 8.79602,
	2.65138 8.79602,
	2.64045 8.79602,
	2.62405 8.77415,
	2.53658 8.74135,
	2.49284 8.76869,
	2.45458 8.80695,
	2.36711 8.80149,
	2.32337 8.79602,
	2.23591 8.83429,
	2.19217 8.83975,
	2.14844 8.81789,
	2.13204 8.79602,
	2.12657 8.79055,
	2.1047 8.80149,
	2.09377 8.81789,
	2.0719 8.80149,
	2.01177 8.87802,
	1.9899 8.87802,
	1.96803 8.86709,
	1.9243 8.87255,
	1.91337 8.86709,
	1.90243 8.82335,
	1.90243 8.78509,
	"/>
</Transform>

<Transform dim="6"
 xcoef=" 0.0952760683225813 1.00825716264578 -0.0267809606108929 0 0 0"
 ycoef=" -0.17671420803726 0.0178847787628444 1.01373276289052 0 0 0">
<Contour name="d02" hidden="false" closed="true" simplified="true" border="0.5 0 1" fill="0.5 0 1" mode="9"
 points="2.06865 9.10595,
	2.14689 9.03749,
	2.18602 9.01303,
	2.19091 9.00325,
	2.21047 9.00814,
	2.21536 9.02771,
	2.22025 9.03749,
	2.20558 9.07661,
	2.1958 9.09617,
	2.16156 9.1304,
	2.142 9.14018,
	2.10288 9.14018,
	2.08332 9.14018,
	2.07354 9.14018,
	2.06865 9.12062,
	2.06865 9.11084,
	"/>
</Transform>

<Transform dim="6"
 xcoef=" 0.0952760683225813 1.00825716264578 -0.0267809606108929 0 0 0"
 ycoef=" -0.17671420803726 0.0178847787628444 1.01373276289052 0 0 0">
<Contour name="d01c25" hidden="false" closed="true" simplified="true" border="0 1 0" fill="0 1 0" mode="9"
 points="3.81987 4.12752,
	3.84551 4.06892,
	3.86016 3.95172,
	3.8565 3.83452,
	3.86016 3.8272,
	3.87481 3.83452,
	3.89678 3.89312,
	3.90411 4.01032,
	3.89312 4.06892,
	3.89312 4.09822,
	3.8858 4.11287,
	3.87115 4.12752,
	3.84185 4.14216,
	3.8272 4.1385,
	3.81987 4.13484,
	3.81987 4.13118,
	"/>
<Contour name="d01c25" hidden="false" closed="true" simplified="true" border="0 1 0" fill="0 1 0" mode="9"
 points="3.80522 3.41335,
	3.81255 3.40602,
	3.87115 3.42434,
	3.90045 3.43166,
	3.94073 3.49026,
	3.93707 3.60746,
	3.93341 3.63675,
	3.92242 3.66605,
	3.9151 3.72465,
	3.88946 3.75029,
	3.87481 3.75761,
	3.86749 3.76494,
	3.86016 3.75761,
	3.86016 3.72831,
	3.87847 3.66972,
	3.90411 3.55252,
	3.90411 3.52322,
	3.89678 3.49392,
	3.86749 3.46828,
	3.85284 3.4573,
	3.84551 3.4573,
	3.83819 3.44997,
	3.80889 3.43899,
	3.80522 3.42434,
	3.80522 3.41701,
	"/>
</Transform>

<Transform dim="6"
 xcoef=" 0.0952760683225813 1.00825716264578 -0.0267809606108929 0 0 0"
 ycoef=" -0.17671420803726 0.0178847787628444 1.01373276289052 0 0 0">
<Contour name="d01cfa25" hidden="false" closed="false" simplified="false" border="0 1 1" fill="0 1 1" mode="9"
 points="3.85534 3.83441,
	3.86632 3.90033,
	3.86999 3.96992,
	3.87365 4.02852,
	3.86266 4.09444,
	3.83702 4.13473,
	"/>
<Contour name="d01cfa25" hidden="false" closed="false" simplified="false" border="0 1 1" fill="0 1 1" mode="9"
 points="3.81139 3.42056,
	3.84801 3.43155,
	3.88097 3.45352,
	3.90661 3.47183,
	3.92492 3.51578,
	3.92492 3.55607,
	3.9176 3.61467,
	3.90295 3.67693,
	3.88464 3.72087,
	3.86999 3.7575,
	"/>
</Transform>

<Transform dim="6"
 xcoef=" 0.0952760683225813 1.00825716264578 -0.0267809606108929 0 0 0"
 ycoef=" -0.17671420803726 0.0178847787628444 1.01373276289052 0 0 0">
<Contour name="d01c28" hidden="false" closed="true" simplified="true" border="0 1 0" fill="0 1 0" mode="9"
 points="5.04887 5.08956,
	5.05759 5.07793,
	5.0634 5.05468,
	5.06631 5.04305,
	5.07503 5.03433,
	5.09828 5.03433,
	5.10991 5.03433,
	5.12153 5.02852,
	5.14479 5.02852,
	5.15641 5.02852,
	5.16804 5.01689,
	5.17385 5.01689,
	5.17967 5.01108,
	5.20292 5.00817,
	5.21455 5.00817,
	5.2378 5.0198,
	5.24652 5.02852,
	5.24361 5.05177,
	5.23489 5.06049,
	5.14188 5.08375,
	5.09537 5.09828,
	5.07212 5.10119,
	5.06049 5.10119,
	5.04887 5.09247,
	"/>
<Contour name="d01c28" hidden="false" closed="true" simplified="true" border="0 1 0" fill="0 1 0" mode="9"
 points="5.37732 5.02852,
	5.38313 5.01689,
	5.42964 5.00817,
	5.45289 5.01108,
	5.47615 5.0198,
	5.51975 5.05468,
	5.543 5.05468,
	5.55463 5.05468,
	5.55172 5.04305,
	5.543 5.03143,
	5.54009 5.0198,
	5.54009 5.01399,
	5.55172 5.00236,
	5.59823 4.98201,
	5.62148 4.97329,
	5.71449 4.97039,
	5.72031 4.9762,
	5.7174 4.98783,
	5.67089 5.0198,
	5.62439 5.04596,
	5.57788 5.07793,
	5.53137 5.08665,
	5.50812 5.08375,
	5.46452 5.05177,
	5.44127 5.04887,
	5.41801 5.05177,
	5.39476 5.04887,
	5.38313 5.04015,
	5.37732 5.03433,
	5.37732 5.03143,
	"/>
</Transform>

<Transform dim="6"
 xcoef=" 0.0952760683225813 1.00825716264578 -0.0267809606108929 0 0 0"
 ycoef=" -0.17671420803726 0.0178847787628444 1.01373276289052 0 0 0">
<Contour name="d01cfa28" hidden="false" closed="false" simplified="false" border="0 1 1" fill="0 1 1" mode="9"
 points="5.25088 5.03579,
	5.19856 5.04451,
	5.12008 5.06776,
	5.06195 5.09392,
	"/>
<Contour name="d01cfa28" hidden="false" closed="false" simplified="false" border="0 1 1" fill="0 1 1" mode="9"
 points="5.71595 4.97475,
	5.68397 4.98928,
	5.64037 5.00382,
	5.59968 5.02126,
	5.56771 5.05032,
	5.50667 5.05614,
	5.46888 5.0416,
	5.41947 5.02707,
	5.38459 5.03288,
	"/>
</Transform>

<Transform dim="6"
 xcoef=" 0.0952760683225813 1.00825716264578 -0.0267809606108929 0 0 0"
 ycoef=" -0.17671420803726 0.0178847787628444 1.01373276289052 0 0 0">
<Contour name="d03" hidden="false" closed="true" simplified="true" border="0 1 0" fill="0 1 0" mode="9"
 points="3.01395 2.72139,
	3.017 2.7092,
	3.04138 2.68787,
	3.04442 2.67568,
	3.04747 2.66959,
	3.07185 2.66044,
	3.09623 2.64673,
	3.12061 2.62997,
	3.1328 2.62083,
	3.18156 2.59492,
	3.20594 2.57054,
	3.23489 2.52178,
	3.23946 2.47302,
	3.24403 2.44864,
	3.24556 2.43645,
	3.26841 2.38769,
	3.27451 2.3755,
	3.29889 2.35265,
	3.31108 2.35112,
	3.33546 2.35265,
	3.35984 2.3496,
	3.37203 2.3496,
	3.37812 2.34808,
	3.4025 2.32827,
	3.4086 2.32217,
	3.45736 2.30694,
	3.48174 2.30237,
	3.5305 2.29932,
	3.55488 2.29322,
	3.60364 2.27646,
	3.61583 2.27189,
	3.71334 2.27037,
	3.7621 2.27037,
	3.81086 2.26732,
	3.81696 2.26732,
	3.86572 2.24446,
	3.91448 2.21246,
	3.92667 2.20485,
	3.93886 2.20027,
	3.95105 2.20027,
	3.95714 2.2018,
	3.96476 2.21399,
	3.96781 2.22008,
	3.96933 2.22313,
	3.96171 2.24751,
	3.92362 2.29627,
	3.91753 2.30237,
	3.89467 2.35112,
	3.8901 2.36331,
	3.87638 2.46083,
	3.87029 2.48521,
	3.87486 2.53397,
	3.87486 2.53702,
	3.8261 2.57816,
	3.78344 2.6254,
	3.73468 2.65282,
	3.7103 2.66654,
	3.68592 2.6772,
	3.67373 2.68178,
	3.66154 2.6833,
	3.61278 2.68025,
	3.60059 2.68025,
	3.57621 2.68482,
	3.56402 2.68635,
	3.51526 2.68025,
	3.4665 2.65587,
	3.44212 2.63606,
	3.42993 2.62692,
	3.40555 2.61473,
	3.39336 2.60864,
	3.36898 2.60406,
	3.35679 2.60254,
	3.3507 2.60102,
	3.30194 2.63454,
	3.27756 2.65892,
	3.27451 2.66197,
	3.26384 2.71073,
	3.2547 2.73511,
	3.25318 2.7412,
	3.24861 2.74577,
	3.15109 2.7473,
	3.10233 2.75796,
	3.07795 2.75491,
	3.06576 2.75339,
	3.017 2.73206,
	3.01395 2.73053,
	3.01395 2.72444,
	3.01395 2.72292,
	"/>
</Transform>

<Transform dim="6"
 xcoef=" 0.0952760683225813 1.00825716264578 -0.0267809606108929 0 0 0"
 ycoef=" -0.17671420803726 0.0178847787628444 1.01373276289052 0 0 0">
<Contour name="d06" hidden="false" closed="true" simplified="true" border="0 0 1" fill="0 0 1" mode="9"
 points="3.71647 6.41439,
	3.75394 6.35989,
	3.77438 6.33604,
	3.79822 6.28154,
	3.80163 6.25429,
	3.82547 6.19979,
	3.8391 6.17253,
	3.86635 6.14869,
	3.87998 6.14188,
	3.93448 6.14528,
	3.95832 6.16572,
	3.96514 6.17253,
	4.01964 6.17253,
	4.04689 6.17253,
	4.07415 6.16231,
	4.12865 6.12484,
	4.14227 6.11122,
	4.16612 6.09419,
	4.17975 6.09078,
	4.19337 6.07715,
	4.207 6.07375,
	4.23425 6.08056,
	4.34326 6.08397,
	4.35688 6.08737,
	4.3671 6.101,
	4.37051 6.12825,
	4.37051 6.14188,
	4.35688 6.1521,
	4.35007 6.1521,
	4.29897 6.18957,
	4.27172 6.2066,
	4.25809 6.21682,
	4.23084 6.22363,
	4.17634 6.22704,
	4.12184 6.24748,
	4.06733 6.28154,
	4.04349 6.30198,
	4.03667 6.30879,
	4.02305 6.3122,
	4.00942 6.32583,
	3.9958 6.33264,
	3.94811 6.38714,
	3.90382 6.42802,
	3.87657 6.44846,
	3.86976 6.45527,
	3.86294 6.45527,
	3.84932 6.4689,
	3.82207 6.47912,
	3.76756 6.47912,
	3.74031 6.4723,
	3.71647 6.45527,
	3.71647 6.42802,
	3.71647 6.4178,
	"/>
<Contour name="d06" hidden="false" closed="true" simplified="true" border="0 0 1" fill="0 0 1" mode="9"
 points="2.9432 7.2047,
	2.9466 7.17744,
	2.97726 7.12975,
	2.99429 7.10591,
	3.00451 7.07866,
	3.00451 7.0514,
	3.00451 7.03778,
	3.05561 6.98328,
	3.07605 6.95943,
	3.09989 6.90493,
	3.12374 6.88108,
	3.15099 6.86405,
	3.20549 6.86405,
	3.23275 6.86405,
	3.26 6.85724,
	3.28725 6.8402,
	3.3145 6.82998,
	3.34175 6.82998,
	3.35538 6.82998,
	3.36219 6.82998,
	3.37582 6.84361,
	3.37922 6.85042,
	3.39285 6.85042,
	3.4201 6.86405,
	3.43373 6.86405,
	3.46098 6.88108,
	3.47461 6.89471,
	3.48823 6.90152,
	3.49504 6.90152,
	3.51889 6.92196,
	3.57339 6.92877,
	3.58021 6.92877,
	3.59043 6.9424,
	3.59043 6.9969,
	3.5768 7.00712,
	3.56317 7.01053,
	3.55977 7.11953,
	3.55977 7.13316,
	3.54273 7.16041,
	3.51889 7.18085,
	3.50526 7.19107,
	3.49845 7.19788,
	3.49504 7.21151,
	3.45076 7.2592,
	3.42351 7.27283,
	3.40988 7.28305,
	3.40307 7.28305,
	3.34857 7.32052,
	3.32131 7.33755,
	3.29406 7.34436,
	3.28044 7.35799,
	3.27362 7.35799,
	3.26681 7.3648,
	3.26 7.3648,
	3.24637 7.37502,
	3.21912 7.38183,
	3.20549 7.38865,
	3.15099 7.38865,
	3.13736 7.38524,
	3.11352 7.36139,
	3.10671 7.34777,
	3.07945 7.32392,
	2.97385 7.2592,
	2.96023 7.25239,
	2.9466 7.23876,
	2.9432 7.21151,
	2.9432 7.2081,
	"/>
</Transform>

<Transform dim="6"
 xcoef=" 0.0952760683225813 1.00825716264578 -0.0267809606108929 0 0 0"
 ycoef=" -0.17671420803726 0.0178847787628444 1.01373276289052 0 0 0">
<Contour name="d06c20" hidden="false" closed="true" simplified="true" border="0 1 0" fill="0 1 0" mode="9"
 points="3.89357 6.14549,
	3.91076 6.1326,
	3.97953 6.11111,
	4.04829 6.08102,
	4.11705 6.06813,
	4.15143 6.05524,
	4.16862 6.05524,
	4.17292 6.124,
	4.16002 6.14119,
	4.13424 6.16268,
	4.09986 6.18846,
	4.06548 6.20136,
	3.99672 6.20136,
	3.96234 6.19706,
	3.92796 6.17987,
	3.91076 6.17557,
	3.89357 6.15838,
	3.89357 6.14979,
	"/>
<Contour name="d06cfa20" hidden="false" closed="false" simplified="false" border="0 1 1" fill="0 1 1" mode="9"
 points="4.1711 6.09244,
	4.11523 6.12682,
	4.03788 6.1612,
	3.96482 6.1612,
	3.88746 6.1483,
	"/>
</Transform>

<Transform dim="6"
 xcoef=" 0.0952760683225813 1.00825716264578 -0.0267809606108929 0 0 0"
 ycoef=" -0.17671420803726 0.0178847787628444 1.01373276289052 0 0 0">
<Contour name="d07" hidden="false" closed="true" simplified="true" border="1 0 1" fill="1 0 1" mode="9"
 points="2.77954 7.56778,
	2.82035 7.49523,
	2.82942 7.47709,
	2.86569 7.44082,
	2.92464 7.38641,
	2.94731 7.35013,
	2.95638 7.332,
	3.10148 7.33653,
	3.11961 7.35013,
	3.12868 7.3592,
	3.12868 7.37734,
	3.15589 7.40908,
	3.19216 7.40455,
	3.22844 7.39094,
	3.26471 7.39094,
	3.30099 7.40001,
	3.31912 7.43629,
	3.3554 7.44082,
	3.37353 7.43175,
	3.39621 7.39548,
	3.42795 7.36827,
	3.47329 7.30026,
	3.48236 7.29119,
	3.62746 7.29119,
	3.70001 7.29119,
	3.71814 7.29119,
	3.73628 7.30026,
	4.02648 7.30026,
	4.09903 7.30026,
	4.13077 7.332,
	4.13077 7.36827,
	4.13077 7.38641,
	4.18971 7.44989,
	4.20331 7.48616,
	4.21238 7.5043,
	4.24866 7.53151,
	4.28493 7.56778,
	4.3076 7.60406,
	4.34388 7.64033,
	4.36202 7.65393,
	4.37108 7.663,
	4.40736 7.67207,
	4.44363 7.69928,
	4.45724 7.73555,
	4.47991 7.77182,
	4.47991 7.91692,
	4.43003 7.98947,
	4.41643 8.00761,
	4.41189 8.04388,
	4.41189 8.06202,
	4.31214 8.20259,
	4.27133 8.2706,
	4.25773 8.28874,
	4.22145 8.28874,
	4.20331 8.27967,
	4.17611 8.24339,
	4.17611 8.20712,
	4.19878 8.13457,
	4.19878 8.06202,
	4.19425 8.02575,
	4.18518 8.00761,
	4.1489 7.97134,
	4.11263 7.95773,
	4.04008 7.95773,
	4.02194 7.9532,
	3.98567 7.92146,
	3.98567 7.90332,
	3.98567 7.89425,
	3.91312 7.85798,
	3.87684 7.83531,
	3.80429 7.77636,
	3.73175 7.72648,
	3.6592 7.68567,
	3.62292 7.65393,
	3.55037 7.63126,
	3.5141 7.61766,
	3.49596 7.59952,
	3.47782 7.59045,
	3.46876 7.58138,
	3.45062 7.57685,
	3.41888 7.54511,
	3.3826 7.52244,
	3.36447 7.51337,
	3.29192 7.50883,
	3.25564 7.50883,
	3.21937 7.52244,
	3.14682 7.56325,
	3.13775 7.57231,
	3.12868 7.57231,
	3.05613 7.62219,
	3.01986 7.64486,
	2.87476 7.6494,
	2.83848 7.64486,
	2.82035 7.64486,
	2.80221 7.6358,
	2.78407 7.61766,
	2.77954 7.58138,
	2.77954 7.57231,
	"/>
</Transform>

<Transform dim="6"
 xcoef=" 0.0952760683225813 1.00825716264578 -0.0267809606108929 0 0 0"
 ycoef=" -0.17671420803726 0.0178847787628444 1.01373276289052 0 0 0">
<Contour name="d07c29" hidden="false" closed="true" simplified="true" border="1 0 0" fill="0 1 0" mode="9"
 points="2.85824 7.40968,
	2.87378 7.38897,
	2.88413 7.37861,
	2.90484 7.36567,
	2.92038 7.34495,
	2.92814 7.32424,
	2.9385 7.31389,
	2.95921 7.31389,
	2.96957 7.31906,
	2.97475 7.32424,
	2.98251 7.40709,
	2.98251 7.41745,
	2.96957 7.43557,
	2.96439 7.44075,
	2.94368 7.44851,
	2.92297 7.46405,
	2.88154 7.46664,
	2.87636 7.46664,
	2.8686 7.45628,
	2.86083 7.43557,
	2.85824 7.41486,
	2.85824 7.41227,
	"/>
</Transform>

<Transform dim="6"
 xcoef=" 0.105276068322581 1.00825716264578 -0.0267809606108929 0 0 0"
 ycoef=" -0.18671420803726 0.0178847787628444 1.01373276289052 0 0 0">
<Contour name="d07cfa29" hidden="false" closed="true" simplified="true" border="0 1 0" fill="0 1 0" mode="9"
 points="2.85824 7.40968,
	2.87378 7.38897,
	2.88413 7.37861,
	2.90484 7.36567,
	2.92038 7.34495,
	2.92814 7.32424,
	2.9385 7.31389,
	2.95921 7.31389,
	2.96957 7.31906,
	2.97475 7.32424,
	2.98251 7.40709,
	2.98251 7.41745,
	2.96957 7.43557,
	2.96439 7.44075,
	2.94368 7.44851,
	2.92297 7.46405,
	2.88154 7.46664,
	2.87636 7.46664,
	2.8686 7.45628,
	2.86083 7.43557,
	2.85824 7.41486,
	2.85824 7.41227,
	"/>
<Contour name="d07cfa29" hidden="false" closed="false" simplified="false" border="0 1 1" fill="0 1 1" mode="9"
 points="2.88263 7.43304,
	2.90593 7.43304,
	2.937 7.42527,
	2.96289 7.3942,
	2.97066 7.36832,
	2.97066 7.3243,
	"/>
</Transform>

<Transform dim="6"
 xcoef=" 0.0952760683225813 1.00825716264578 -0.0267809606108929 0 0 0"
 ycoef=" -0.17671420803726 0.0178847787628444 1.01373276289052 0 0 0">
<Contour name="d08" hidden="false" closed="true" simplified="true" border="1 0 0" fill="1 0 0" mode="9"
 points="4.93756 2.56478,
	4.97741 2.51044,
	5.00277 2.48508,
	5.01726 2.47784,
	5.0245 2.47059,
	5.05348 2.47059,
	5.11145 2.48146,
	5.12594 2.51044,
	5.14767 2.53218,
	5.15492 2.53942,
	5.15492 2.55391,
	5.14767 2.5684,
	5.13318 2.57927,
	5.12594 2.59376,
	5.12594 2.601,
	5.11145 2.6155,
	5.1042 2.62999,
	5.08971 2.64448,
	5.06073 2.6481,
	5.03175 2.63723,
	5.01726 2.62999,
	4.9593 2.62274,
	4.94481 2.61187,
	4.93756 2.59738,
	4.93756 2.5684,
	"/>
</Transform>

<Transform dim="6"
 xcoef=" 0.0952760683225813 1.00825716264578 -0.0267809606108929 0 0 0"
 ycoef=" -0.17671420803726 0.0178847787628444 1.01373276289052 0 0 0">
<Contour name="d01ax28" hidden="false" closed="true" simplified="true" border="0 0 1" fill="0 0 1" mode="-11"
 points="4.34009 5.79931,
	4.37477 5.70685,
	4.38055 5.68373,
	4.38633 5.67795,
	4.39211 5.65484,
	4.39789 5.64906,
	4.40078 5.6375,
	4.43256 5.59416,
	4.43834 5.58549,
	4.44123 5.56237,
	4.44701 5.55659,
	4.44701 5.55081,
	4.51058 5.46124,
	4.5308 5.43812,
	4.53947 5.42656,
	4.55103 5.42078,
	4.56259 5.40923,
	4.57415 5.40345,
	4.57704 5.39767,
	4.60015 5.389,
	4.61171 5.38322,
	4.61749 5.37166,
	4.66372 5.33699,
	4.68684 5.32254,
	4.70707 5.30231,
	4.72729 5.25608,
	4.76775 5.21852,
	4.77353 5.21852,
	4.79664 5.19829,
	4.81976 5.18384,
	4.84288 5.17806,
	4.85443 5.17228,
	4.9469 5.17228,
	4.95846 5.16939,
	4.99891 5.13472,
	5.04514 5.12027,
	5.09138 5.10004,
	5.11449 5.09427,
	5.12605 5.09427,
	5.17228 5.07982,
	5.26475 5.06826,
	5.35721 5.06248,
	5.40345 5.05959,
	5.42656 5.06248,
	5.43234 5.06826,
	5.45546 5.07404,
	5.50169 5.09427,
	5.52481 5.10004,
	5.54792 5.09716,
	5.59416 5.07693,
	5.61149 5.05959,
	5.63461 5.03936,
	5.64039 5.03936,
	5.65195 5.0307,
	5.74441 5.00469,
	5.76753 5.0018,
	5.77909 5.0018,
	5.78487 5.00469,
	5.78487 5.01625,
	5.78487 5.02203,
	5.79065 5.02781,
	5.79354 5.03936,
	5.79354 5.04514,
	5.82821 5.09138,
	5.83688 5.13761,
	5.8311 5.14917,
	5.82532 5.15206,
	5.81954 5.19829,
	5.79931 5.24452,
	5.79065 5.26764,
	5.78487 5.2792,
	5.78198 5.30231,
	5.77331 5.32543,
	5.77042 5.33699,
	5.77042 5.34277,
	5.76464 5.34855,
	5.7473 5.39478,
	5.73285 5.41789,
	5.70974 5.43812,
	5.68662 5.44679,
	5.64039 5.44968,
	5.59416 5.43523,
	5.57104 5.43812,
	5.54792 5.44679,
	5.50169 5.44968,
	5.47857 5.44101,
	5.46702 5.43523,
	5.45257 5.415,
	5.43234 5.39478,
	5.42078 5.38611,
	5.39767 5.37744,
	5.35143 5.37455,
	5.32832 5.38033,
	5.28209 5.38322,
	5.25897 5.389,
	5.23585 5.389,
	5.18962 5.37455,
	5.14339 5.36588,
	5.12027 5.36588,
	5.07404 5.38033,
	5.05092 5.39189,
	5.03359 5.41212,
	5.02203 5.43523,
	5.01625 5.44679,
	5.01047 5.44968,
	5.01047 5.45546,
	4.99024 5.47569,
	4.97579 5.4988,
	4.96713 5.54503,
	4.95557 5.56815,
	4.91511 5.60571,
	4.892 5.62594,
	4.84865 5.65773,
	4.80531 5.70107,
	4.78797 5.7213,
	4.76486 5.74152,
	4.71862 5.76175,
	4.70996 5.77042,
	4.70418 5.77042,
	4.62038 5.83977,
	4.57704 5.86577,
	4.5308 5.88311,
	4.52503 5.88311,
	4.51347 5.89178,
	4.46723 5.91201,
	4.421 5.92067,
	4.39789 5.92067,
	4.37477 5.90912,
	4.35454 5.886,
	4.34587 5.86288,
	4.34009 5.85133,
	4.34009 5.80509,
	4.34009 5.8022,
	"/>
</Transform>

<Transform dim="6"
 xcoef=" 0.0952760683225813 1.00825716264578 -0.0267809606108929 0 0 0"
 ycoef=" -0.17671420803726 0.0178847787628444 1.01373276289052 0 0 0">
<Contour name="d01p26" hidden="false" closed="true" simplified="false" border="0 0 1" fill="0 0 1" mode="-9"
 points="4.69704 4.5622,
	4.67419 4.53935,
	4.69704 4.5165,
	4.71988 4.53935,
	"/>
</Transform>

<Transform dim="6"
 xcoef=" 0.0952760683225813 1.00825716264578 -0.0267809606108929 0 0 0"
 ycoef=" -0.17671420803726 0.0178847787628444 1.01373276289052 0 0 0">
<Contour name="d01p27" hidden="false" closed="true" simplified="false" border="1 0 1" fill="1 0 1" mode="-9"
 points="5.36947 4.4708,
	5.36947 4.45774,
	5.38252 4.44469,
	5.39558 4.44469,
	5.40864 4.45774,
	5.40864 4.4708,
	5.39558 4.48386,
	5.38252 4.48386,
	"/>
</Transform>

<Transform dim="6"
 xcoef=" 0.0952760683225813 1.00825716264578 -0.0267809606108929 0 0 0"
 ycoef=" -0.17671420803726 0.0178847787628444 1.01373276289052 0 0 0">
<Contour name="d01p25" hidden="false" closed="true" simplified="false" border="0 0 1" fill="0 0 1" mode="9"
 points="4.5175 4.26842,
	4.49792 4.26842,
	4.49792 4.27821,
	4.50771 4.288,
	4.53709 4.29779,
	4.5175 4.30759,
	4.50771 4.32717,
	4.48812 4.30759,
	4.47833 4.288,
	4.47833 4.26842,
	4.45875 4.26842,
	4.48812 4.24883,
	"/>
</Transform>

<Transform dim="6"
 xcoef=" 0.0952760683225813 1.00825716264578 -0.0267809606108929 0 0 0"
 ycoef=" -0.17671420803726 0.0178847787628444 1.01373276289052 0 0 0">
<Contour name="d03p23" hidden="false" closed="true" simplified="false" border="1 1 0" fill="1 1 0" mode="-13"
 points="3.83996 2.35768,
	3.83996 2.31066,
	3.79295 2.31066,
	3.79295 2.3518,
	3.78707 2.35768,
	3.78707 2.30478,
	3.84584 2.30478,
	3.84584 2.36355,
	3.78707 2.36355,
	3.79295 2.35768,
	"/>
</Transform>

<Transform dim="6"
 xcoef=" 0.0952760683225813 1.00825716264578 -0.0267809606108929 0 0 0"
 ycoef=" -0.17671420803726 0.0178847787628444 1.01373276289052 0 0 0">
<Contour name="d03p24a" hidden="false" closed="true" simplified="false" border="0 0 1" fill="0 0 1" mode="-13"
 points="3.32863 2.54575,
	3.30806 2.52518,
	3.32863 2.50461,
	3.3492 2.52518,
	"/>
<Contour name="d03p24b" hidden="false" closed="true" simplified="false" border="0 0 1" fill="0 0 1" mode="-13"
 points="3.32863 2.54575,
	3.30806 2.52518,
	3.32863 2.50461,
	3.3492 2.52518,
	"/>
</Transform>

<Transform dim="6"
 xcoef=" 0.0952760683225813 1.00825716264578 -0.0267809606108929 0 0 0"
 ycoef=" -0.17671420803726 0.0178847787628444 1.01373276289052 0 0 0">
<Contour name="d07p29" hidden="false" closed="true" simplified="false" border="0 1 0" fill="0 1 0" mode="-9"
 points="3.47692 7.46595,
	3.47692 7.4461,
	3.49677 7.4461,
	3.49677 7.42624,
	3.51662 7.42624,
	3.51662 7.4461,
	3.53647 7.4461,
	3.53647 7.46595,
	3.51662 7.46595,
	3.51662 7.4858,
	3.49677 7.4858,
	3.49677 7.46595,
	"/>
</Transform>

<Transform dim="6"
 xcoef=" 0.0952760683225813 1.00825716264578 -0.0267809606108929 0 0 0"
 ycoef=" -0.17671420803726 0.0178847787628444 1.01373276289052 0 0 0">
<Contour name="d07p30" hidden="false" closed="true" simplified="false" border="0 1 1" fill="0 1 1" mode="-13"
 points="4.28092 8.04414,
	4.29085 8.03421,
	4.25115 7.99451,
	4.26107 7.98458,
	4.30078 8.02429,
	4.3107 8.01436,
	4.3107 8.04414,
	"/>
</Transform>

<Transform dim="0"
 xcoef=" 0 1 0 0 0 0"
 ycoef=" 0 0 1 0 0 0">
<Contour name="d01" hidden="false" closed="true" simplified="true" border="1 0.5 0" fill="1 0.5 0" mode="9"
 points="3.19519 5.28921,
	3.20464 5.247,
	3.20936 5.2259,
	3.23994 5.18332,
	3.27467 5.09862,
	3.31052 5.05594,
	3.33123 5.03982,
	3.35541 4.9553,
	3.37084 4.93926,
	3.45632 4.97454,
	3.54124 4.98881,
	3.58349 4.98806,
	3.62532 4.97156,
	3.66674 4.9393,
	3.70857 4.92279,
	3.75082 4.92205,
	3.77195 4.92168,
	3.79335 4.9318,
	3.79918 4.95272,
	3.78446 4.99502,
	3.76347 5.00065,
	3.68607 5.07034,
	3.64451 5.09735,
	3.62923 5.11864,
	3.61894 5.12933,
	3.61922 5.13984,
	3.57781 5.1721,
	3.54195 5.21477,
	3.52723 5.25708,
	3.48568 5.28409,
	3.46511 5.30547,
	3.45454 5.30566,
	3.43397 5.32704,
	3.392 5.33829,
	3.22327 5.35178,
	3.20187 5.34164,
	3.19547 5.29971,
	3.19533 5.29447,
	"/>
</Transform>

<Transform dim="0"
 xcoef=" 0 1 0 0 0 0"
 ycoef=" 0 0 1 0 0 0">
<Contour name="ax04" comment="LK bouton trace named after cfa" hidden="false" closed="true" simplified="true" border="0 1 1" fill="0.502 1 1" mode="9"
 points="3.34766 4.73585,
	3.3533 4.72684,
	3.35442 4.71783,
	3.35217 4.6998,
	3.36231 4.62768,
	3.36344 4.60965,
	3.36682 4.59163,
	3.36907 4.58261,
	3.3702 4.5781,
	3.3702 4.57585,
	3.37696 4.56684,
	3.38146 4.56346,
	3.38372 4.5612,
	3.38823 4.56008,
	3.39273 4.5567,
	3.40175 4.55332,
	3.41189 4.53529,
	3.41527 4.52627,
	3.4209 4.51726,
	3.42992 4.50824,
	3.46597 4.48571,
	3.484 4.47669,
	3.49302 4.47331,
	3.49752 4.46993,
	3.50654 4.46881,
	3.51104 4.46768,
	3.51555 4.4643,
	3.52006 4.46317,
	3.53809 4.45078,
	3.5471 4.44627,
	3.56513 4.44514,
	3.58316 4.44627,
	3.60119 4.45078,
	3.61922 4.45078,
	3.62823 4.44852,
	3.64626 4.44852,
	3.65527 4.44852,
	3.6733 4.45303,
	3.68232 4.45641,
	3.68682 4.45754,
	3.70485 4.47106,
	3.71386 4.47669,
	3.71837 4.47782,
	3.72739 4.48458,
	3.73189 4.48684,
	3.74091 4.49585,
	3.74767 4.50486,
	3.76457 4.54092,
	3.76457 4.54994,
	3.76232 4.55895,
	3.76232 4.56796,
	3.76119 4.57247,
	3.7657 4.5905,
	3.76908 4.59951,
	3.77133 4.61754,
	3.77133 4.6536,
	3.77246 4.67163,
	3.77809 4.68966,
	3.78034 4.69416,
	3.7826 4.71219,
	3.7826 4.73022,
	3.78147 4.73923,
	3.76908 4.77529,
	3.76682 4.79332,
	3.76908 4.81135,
	3.76682 4.82938,
	3.75894 4.8474,
	3.73753 4.88346,
	3.72964 4.89135,
	3.72401 4.90036,
	3.7071 4.91727,
	3.67105 4.94318,
	3.66203 4.94769,
	3.65302 4.94994,
	3.644 4.95445,
	3.60795 4.95558,
	3.58992 4.95558,
	3.5809 4.9567,
	3.56288 4.96459,
	3.54485 4.96684,
	3.50879 4.96572,
	3.49076 4.96572,
	3.47273 4.96234,
	3.46372 4.9567,
	3.44569 4.93867,
	3.42766 4.92628,
	3.41865 4.92177,
	3.40062 4.91727,
	3.39161 4.91388,
	3.38259 4.90825,
	3.36682 4.89022,
	3.36118 4.88121,
	3.3533 4.87219,
	3.34879 4.86318,
	3.34879 4.82712,
	3.35668 4.79107,
	3.3578 4.77304,
	3.35668 4.76402,
	3.34766 4.74599,
	3.34766 4.73698,
	"/>
</Transform>

<Transform dim="0"
 xcoef=" 0 1 0 0 0 0"
 ycoef=" 0 0 1 0 0 0">
<Contour name="ax20" comment="LK bouton trace named after cfa" hidden="false" closed="true" simplified="true" border="0 1 1" fill="0.502 1 1" mode="9"
 points="6.27136 8.44404,
	6.27432 8.4401,
	6.27531 8.43615,
	6.28814 8.42036,
	6.29504 8.41247,
	6.31083 8.40458,
	6.32662 8.39866,
	6.34241 8.39767,
	6.35819 8.39866,
	6.38977 8.39668,
	6.42134 8.39767,
	6.43713 8.40556,
	6.44502 8.4105,
	6.45193 8.41839,
	6.46081 8.43418,
	6.46179 8.44207,
	6.46179 8.44602,
	6.46771 8.45391,
	6.47462 8.48548,
	6.47363 8.51706,
	6.47067 8.53284,
	6.46377 8.54863,
	6.45193 8.56442,
	6.44206 8.58021,
	6.43614 8.5881,
	6.42923 8.60389,
	6.42627 8.60783,
	6.42331 8.61573,
	6.41838 8.62362,
	6.41542 8.63151,
	6.41246 8.63546,
	6.41147 8.65125,
	6.41147 8.65914,
	6.41443 8.67493,
	6.42035 8.69071,
	6.42233 8.72229,
	6.42134 8.75386,
	6.41838 8.76965,
	6.41838 8.77162,
	6.41049 8.77952,
	6.39569 8.79234,
	6.38582 8.82392,
	6.38089 8.8397,
	6.3651 8.87128,
	6.35622 8.88706,
	6.34833 8.89397,
	6.34438 8.89693,
	6.33649 8.89792,
	6.33254 8.89693,
	6.32859 8.89397,
	6.31281 8.89101,
	6.29899 8.87522,
	6.29011 8.85944,
	6.28715 8.84365,
	6.28715 8.82786,
	6.29307 8.81208,
	6.30195 8.79629,
	6.30689 8.7884,
	6.31083 8.77261,
	6.31182 8.76866,
	6.30787 8.75288,
	6.30491 8.74498,
	6.30294 8.72919,
	6.30491 8.7213,
	6.31281 8.70551,
	6.32366 8.68973,
	6.32761 8.68183,
	6.32958 8.66605,
	6.32169 8.65026,
	6.30985 8.63447,
	6.30195 8.62658,
	6.29307 8.61079,
	6.28814 8.59501,
	6.28715 8.58711,
	6.28419 8.57922,
	6.28419 8.57527,
	6.27728 8.55949,
	6.27531 8.55554,
	6.27531 8.54764,
	6.28123 8.53186,
	6.2832 8.51607,
	6.28024 8.50028,
	6.27531 8.4845,
	6.27235 8.46871,
	6.27136 8.45292,
	6.27136 8.44503,
	"/>
</Transform>

<Transform dim="0"
 xcoef=" 0 1 0 0 0 0"
 ycoef=" 0 0 1 0 0 0">
<Contour name="ax23" comment="LK bouton trace named after cfa" hidden="false" closed="true" simplified="true" border="0 1 1" fill="0.502 1 1" mode="9"
 points="4.30559 9.12594,
	4.30924 9.11131,
	4.31473 9.09668,
	4.32936 9.06742,
	4.33347 9.0528,
	4.3353 9.04548,
	4.34125 9.03085,
	4.34307 9.02354,
	4.34353 9.01988,
	4.35085 9.00525,
	4.35542 8.99794,
	4.3577 8.99428,
	4.36456 8.98696,
	4.36959 8.97965,
	4.37279 8.97233,
	4.37508 8.96502,
	4.37553 8.95771,
	4.37965 8.94308,
	4.3801 8.93942,
	4.37965 8.93759,
	4.3833 8.93028,
	4.38833 8.92296,
	4.39428 8.91565,
	4.40159 8.91153,
	4.40525 8.90787,
	4.40891 8.90056,
	4.41485 8.88593,
	4.41896 8.87862,
	4.42399 8.8713,
	4.42994 8.86399,
	4.43314 8.86033,
	4.43679 8.8585,
	4.45142 8.85804,
	4.45874 8.86216,
	4.46057 8.86307,
	4.46239 8.8649,
	4.46605 8.86719,
	4.46788 8.86901,
	4.4752 8.87404,
	4.47885 8.87724,
	4.48617 8.88182,
	4.48982 8.8841,
	4.49302 8.88776,
	4.4944 8.88959,
	4.49531 8.8969,
	4.49211 8.90422,
	4.4848 8.91153,
	4.48114 8.91427,
	4.48068 8.92159,
	4.48114 8.92525,
	4.48251 8.9289,
	4.48708 8.93622,
	4.49851 8.95039,
	4.50217 8.95268,
	4.50308 8.95268,
	4.504 8.95359,
	4.50491 8.95359,
	4.50583 8.9545,
	4.50674 8.9545,
	4.50857 8.95588,
	4.5104 8.95633,
	4.52503 8.96548,
	4.53234 8.96959,
	4.53966 8.97096,
	4.55428 8.97096,
	4.5616 8.97096,
	4.56526 8.97142,
	4.57257 8.97462,
	4.57623 8.97736,
	4.5872 8.99199,
	4.59223 8.99931,
	4.59817 9.00662,
	4.60549 9.01165,
	4.61143 9.01897,
	4.62606 9.03222,
	4.63337 9.03817,
	4.64069 9.04182,
	4.65532 9.04731,
	4.65898 9.04868,
	4.67361 9.05097,
	4.68092 9.05142,
	4.68458 9.05188,
	4.69189 9.05462,
	4.70652 9.06285,
	4.71018 9.06422,
	4.71384 9.06422,
	4.72115 9.06788,
	4.72481 9.06971,
	4.73212 9.07611,
	4.73349 9.07977,
	4.73441 9.08708,
	4.73395 9.10171,
	4.73121 9.11634,
	4.72892 9.12366,
	4.72755 9.13097,
	4.72618 9.13463,
	4.72481 9.14194,
	4.72389 9.1456,
	4.72298 9.14743,
	4.72206 9.17669,
	4.72206 9.18034,
	4.71978 9.18766,
	4.71795 9.19132,
	4.71064 9.19863,
	4.70698 9.20183,
	4.67772 9.21692,
	4.66309 9.22423,
	4.64846 9.22926,
	4.6448 9.23018,
	4.63017 9.23063,
	4.62286 9.23109,
	4.61555 9.22972,
	4.61189 9.22835,
	4.60457 9.22743,
	4.58994 9.2224,
	4.58263 9.22012,
	4.57531 9.21875,
	4.57166 9.21738,
	4.55703 9.21646,
	4.5424 9.21646,
	4.53508 9.216,
	4.53143 9.21509,
	4.5168 9.21463,
	4.50217 9.2128,
	4.49485 9.21143,
	4.48754 9.21097,
	4.48022 9.2096,
	4.45097 9.20732,
	4.44365 9.20412,
	4.44182 9.2032,
	4.42719 9.20549,
	4.41988 9.20777,
	4.41622 9.20915,
	4.40891 9.21006,
	4.40525 9.21097,
	4.40342 9.21189,
	4.38879 9.21235,
	4.38148 9.21189,
	4.37782 9.21143,
	4.37599 9.21097,
	4.37416 9.2096,
	4.35953 9.21189,
	4.3449 9.21143,
	4.34125 9.21052,
	4.33759 9.20823,
	4.3321 9.20092,
	4.32845 9.18629,
	4.32616 9.17897,
	4.32479 9.17532,
	4.3129 9.16069,
	4.30833 9.15337,
	4.3065 9.14971,
	4.30559 9.14606,
	4.30559 9.13143,
	4.30559 9.12777,
	4.30559 9.1264,
	"/>
</Transform>

</Section>