<?xml version="1.0"?>
<!DOCTYPE Section SYSTEM "section.dtd">

<Section index="63" thickness="0.045" alignLocked="true">
<Transform dim="0"
 xcoef=" 0 1 0 0 0 0"
 ycoef=" 0 0 1 0 0 0">
<Contour name="D04" hidden="false" closed="true" simplified="true" border="1 0 0" fill="1 0 0" mode="11"
 points="0.47492 4.98996,
	0.47778 4.95096,
	0.48628 4.91281,
	0.50024 4.87634,
	0.51936 4.84235,
	0.54323 4.81158,
	0.57131 4.7847,
	0.60299 4.7623,
	0.6376 4.74487,
	0.67436 4.73278,
	0.71248 4.7263,
	0.75113 4.72558,
	0.78947 4.73063,
	0.82665 4.74133,
	0.86186 4.75746,
	0.89435 4.77866,
	0.92339 4.80447,
	0.94836 4.83432,
	0.96871 4.86758,
	0.98399 4.9035,
	0.99388 4.94131,
	0.99816 4.98018,
	0.99673 5.01926,
	0.98963 5.05771,
	0.97701 5.09467,
	0.95914 5.12936,
	0.93642 5.161,
	0.90934 5.18891,
	0.87849 5.21248,
	0.84455 5.23119,
	0.80825 5.24464,
	0.77039 5.25254,
	0.73179 5.25471,
	0.6933 5.2511,
	0.65576 5.24179,
	0.61998 5.22699,
	0.58674 5.20702,
	0.55678 5.18231,
	0.53073 5.15341,
	0.50918 5.12094,
	0.49259 5.08562,
	0.48133 5.0482,
	"/>
<Contour name="D05" hidden="false" closed="true" simplified="true" border="1 1 0" fill="1 1 0" mode="11"
 points="3.04299 4.43404,
	3.05475 4.36163,
	3.08888 4.29632,
	3.14205 4.24448,
	3.20904 4.2112,
	3.28329 4.19974,
	3.35755 4.2112,
	3.42454 4.24448,
	3.47771 4.29632,
	3.51184 4.36163,
	3.5236 4.43404,
	3.51184 4.50644,
	3.47771 4.57175,
	3.42454 4.62359,
	3.35755 4.65687,
	3.28329 4.66833,
	3.20904 4.65687,
	3.14205 4.62359,
	3.08888 4.57175,
	"/>
<Contour name="d01" hidden="true" closed="true" simplified="true" border="1 0.5 0" fill="1 0.5 0" mode="-11"
 points="6.35982 1.99306,
	6.39683 1.95605,
	6.43912 1.93491,
	6.45498 1.91376,
	6.52899 1.8609,
	6.56071 1.8186,
	6.59243 1.78688,
	6.60829 1.77631,
	6.60301 1.75516,
	6.61358 1.74988,
	6.63473 1.76574,
	6.68231 1.85032,
	6.69817 1.86618,
	6.69817 1.88733,
	6.67702 1.90847,
	6.66645 1.91905,
	6.67173 1.96134,
	6.65587 1.98249,
	6.61358 1.99835,
	6.57129 2.03535,
	6.55543 2.0565,
	6.53428 2.06707,
	6.49199 2.06707,
	6.47084 2.06707,
	6.43912 2.03007,
	6.42855 2.00892,
	6.38625 1.99306,
	6.36511 1.99835,
	"/>
<Contour name="d01" hidden="true" closed="true" simplified="true" border="1 0.5 0" fill="1 0.5 0" mode="-11"
 points="4.89014 2.14109,
	4.906 2.09879,
	4.99058 2.08822,
	5.03288 2.06707,
	5.06988 2.03007,
	5.09103 1.98777,
	5.09632 1.94548,
	5.09632 1.92433,
	5.11746 1.88204,
	5.10689 1.8609,
	5.11218 1.8186,
	5.13332 1.80274,
	5.17561 1.78688,
	5.19676 1.78688,
	5.27077 1.7393,
	5.30778 1.7023,
	5.32364 1.68644,
	5.32893 1.67586,
	5.37122 1.68115,
	5.39237 1.68115,
	5.41351 1.7023,
	5.4981 1.76045,
	5.52453 1.79746,
	5.56154 1.83446,
	5.58269 1.85561,
	5.62498 1.88204,
	5.64613 1.8979,
	5.65141 1.90319,
	5.63555 1.91376,
	5.80472 2.02478,
	5.84702 2.04064,
	5.86816 2.0565,
	5.87345 2.07765,
	5.88931 2.09351,
	5.91046 2.09879,
	5.9316 2.11465,
	5.93689 2.1358,
	5.8946 2.22039,
	5.8946 2.26268,
	5.90517 2.30497,
	5.90517 2.34727,
	5.88931 2.38956,
	5.87874 2.41071,
	5.79415 2.43185,
	5.75186 2.44242,
	5.74128 2.44242,
	5.72014 2.42128,
	5.70956 2.40013,
	5.66727 2.39485,
	5.62498 2.37899,
	5.58269 2.37899,
	5.54039 2.36313,
	5.45581 2.36313,
	5.28663 2.34198,
	5.24434 2.33669,
	5.20205 2.31555,
	5.11746 2.29969,
	5.07517 2.28911,
	4.99058 2.23625,
	4.94829 2.22039,
	4.92714 2.20981,
	4.89014 2.16752,
	4.89014 2.14637,
	"/>
<Contour name="d01cfa03ax01" hidden="false" closed="false" simplified="false" border="0 1 1" fill="0 1 1" mode="9"
 points="6.62036 1.75311,
	6.61614 1.76576,
	6.61192 1.76576,
	6.61192 1.76576,
	6.60349 1.76998,
	6.59506 1.77419,
	6.58663 1.78262,
	6.56134 1.79948,
	6.52761 1.82478,
	6.4981 1.84586,
	6.45595 1.87958,
	6.40536 1.90909,
	6.36742 1.95968,
	"/>
<Contour name="d06" hidden="true" closed="true" simplified="true" border="0 0 1" fill="0 0 1" mode="11"
 points="2.46346 8.35457,
	2.46903 8.34343,
	2.46903 8.33785,
	2.47739 8.32949,
	2.48854 8.3267,
	2.51083 8.32949,
	2.52198 8.33228,
	2.5582 8.37408,
	2.57771 8.39359,
	2.58607 8.41588,
	2.58886 8.42703,
	2.61115 8.44096,
	2.6223 8.44375,
	2.62787 8.44375,
	2.66689 8.48276,
	2.66689 8.50505,
	2.66689 8.51063,
	2.66131 8.5162,
	2.65017 8.51899,
	2.60837 8.54964,
	2.58607 8.56079,
	2.54427 8.5998,
	2.52198 8.5998,
	2.49968 8.5803,
	2.48854 8.56915,
	2.4746 8.54686,
	2.46903 8.53571,
	2.46346 8.53014,
	2.46346 8.44096,
	2.46346 8.39637,
	2.46346 8.37408,
	2.46346 8.36293,
	2.46346 8.35736,
	"/>
<Contour name="d06" hidden="true" closed="true" simplified="true" border="0 0 1" fill="0 0 1" mode="11"
 points="1.45467 7.33463,
	1.48811 7.29283,
	1.50204 7.27054,
	1.53269 7.18137,
	1.56335 7.14235,
	1.58564 7.12006,
	1.60793 7.10612,
	1.61908 7.10055,
	1.63023 7.0894,
	1.65252 7.08104,
	1.67482 7.08383,
	1.69432 7.10334,
	1.69154 7.14792,
	1.68596 7.17022,
	1.68596 7.18137,
	1.6776 7.20366,
	1.6776 7.24825,
	1.66924 7.27054,
	1.66646 7.35971,
	1.62187 7.39037,
	1.57728 7.39873,
	1.53269 7.40152,
	1.5104 7.4043,
	1.49925 7.4043,
	1.49368 7.4043,
	1.47139 7.38758,
	1.46024 7.37644,
	1.45467 7.36529,
	1.45467 7.34299,
	1.45467 7.33742,
	"/>
<Contour name="d06" hidden="true" closed="true" simplified="true" border="0 0 1" fill="0 0 1" mode="11"
 points="1.73334 7.44889,
	1.74727 7.4266,
	1.76956 7.40709,
	1.7835 7.3848,
	1.79186 7.3625,
	1.79464 7.27333,
	1.78628 7.26218,
	1.7835 7.23989,
	1.7835 7.22874,
	1.78907 7.21759,
	1.8253 7.173,
	1.84481 7.1535,
	1.84202 7.1312,
	1.81973 7.1117,
	1.81694 7.0894,
	1.81973 7.06711,
	1.89497 6.98072,
	1.91726 6.96121,
	1.96185 6.95564,
	1.98414 6.95564,
	1.99529 6.95843,
	2.00643 6.96679,
	2.01201 6.97236,
	2.0148 6.96679,
	2.02037 6.98908,
	2.01758 7.03367,
	1.99807 7.05039,
	1.98693 7.05318,
	1.98135 7.05318,
	1.98414 7.06432,
	1.9925 7.07547,
	2.01201 7.08383,
	2.10118 7.09219,
	2.19036 7.10612,
	2.21265 7.10891,
	2.21823 7.10891,
	2.22659 7.12006,
	2.22659 7.16464,
	2.22659 7.17579,
	2.24609 7.22038,
	2.26003 7.24267,
	2.28232 7.25939,
	2.29347 7.28169,
	2.31576 7.30398,
	2.31855 7.39316,
	2.31855 7.43774,
	2.31855 7.46004,
	2.32969 7.50462,
	2.36871 7.54921,
	2.37707 7.56036,
	2.37428 7.60495,
	2.35756 7.62724,
	2.35477 7.63839,
	2.35756 7.66068,
	2.35477 7.68297,
	2.35477 7.68855,
	2.33248 7.71084,
	2.31019 7.71641,
	2.2656 7.74428,
	2.24331 7.74428,
	2.22101 7.75264,
	2.19872 7.75264,
	2.17642 7.75822,
	2.16528 7.75822,
	2.12069 7.78051,
	2.10954 7.78608,
	2.06496 7.7833,
	2.04266 7.77772,
	2.02037 7.76658,
	2.00922 7.761,
	1.96463 7.72199,
	1.94791 7.69969,
	1.90333 7.69412,
	1.85874 7.68297,
	1.83645 7.66904,
	1.81694 7.64675,
	1.80858 7.62445,
	1.80579 7.61331,
	1.7835 7.61052,
	1.77792 7.60495,
	1.77792 7.58265,
	1.77514 7.57151,
	1.77514 7.56593,
	1.75563 7.54364,
	1.73612 7.49905,
	1.73334 7.45446,
	1.73334 7.45168,
	"/>
<Contour name="d06c05" hidden="false" closed="true" simplified="true" border="0 1 0" fill="0 1 0" mode="11"
 points="1.46843 7.22921,
	1.4765 7.21307,
	1.48054 7.1808,
	1.52088 7.12029,
	1.54508 7.09205,
	1.57736 7.07188,
	1.60963 7.07188,
	1.62173 7.08398,
	1.62576 7.11625,
	1.59753 7.1808,
	1.59753 7.18887,
	1.54508 7.24131,
	1.52491 7.26955,
	1.52088 7.28569,
	1.50071 7.30586,
	1.48457 7.30586,
	1.4765 7.30586,
	1.46843 7.29779,
	1.46843 7.23324,
	"/>
<Contour name="d06cfa05" hidden="false" closed="false" simplified="false" border="0 1 1" fill="0 1 1" mode="11"
 points="1.48163 7.30436,
	1.52197 7.22368,
	1.56634 7.13089,
	1.61879 7.08248,
	"/>
<Contour name="d07" hidden="true" closed="true" simplified="true" border="1 0 1" fill="1 0 1" mode="9"
 points="2.76316 7.19405,
	2.7737 7.16596,
	2.79125 7.13788,
	2.79827 7.12383,
	2.89307 7.02201,
	2.90711 7.01148,
	2.9352 7.00446,
	2.96329 6.9869,
	2.99138 6.97637,
	3.01947 6.97637,
	3.03 6.98339,
	3.05809 6.98339,
	3.07213 6.99393,
	3.08617 7.02201,
	3.0932 7.02904,
	3.12128 7.02904,
	3.14937 7.03957,
	3.1564 7.05361,
	3.15991 7.10979,
	3.17395 7.13788,
	3.19853 7.16596,
	3.19853 7.27832,
	3.19853 7.3064,
	3.20555 7.33449,
	3.21608 7.34854,
	3.2231 7.37663,
	3.22662 7.4328,
	3.23715 7.46089,
	3.24066 7.57324,
	3.23715 7.58729,
	3.23013 7.59431,
	3.23013 7.60835,
	3.21959 7.6224,
	3.21608 7.63644,
	3.21608 7.64346,
	3.20204 7.65048,
	3.17395 7.65399,
	3.15288 7.68208,
	3.15288 7.79443,
	3.14235 7.82252,
	3.13884 7.83657,
	3.1248 7.8471,
	3.1248 7.85412,
	3.10373 7.87519,
	3.08969 7.90328,
	3.06862 7.93136,
	3.05809 7.95945,
	3.04755 7.9735,
	3.04053 7.98052,
	3.01244 7.98052,
	2.95627 7.95594,
	2.90009 7.92434,
	2.88605 7.91732,
	2.87551 7.90328,
	2.872 7.87519,
	2.89658 7.81901,
	2.91414 7.79092,
	2.92818 7.77688,
	2.9352 7.76284,
	2.91765 7.70666,
	2.91062 7.59431,
	2.90711 7.56622,
	2.90711 7.5592,
	2.90009 7.55218,
	2.89658 7.53813,
	2.87551 7.51355,
	2.86498 7.48547,
	2.85445 7.47142,
	2.80881 7.35907,
	2.77721 7.24672,
	2.76667 7.23267,
	2.76316 7.20459,
	2.76316 7.19756,
	"/>
<Contour name="d07" hidden="true" closed="true" simplified="true" border="1 0 1" fill="1 0 1" mode="9"
 points="3.45834 7.40822,
	3.46536 7.39418,
	3.48994 7.37663,
	3.51803 7.36609,
	3.53207 7.35907,
	3.55665 7.38014,
	3.55314 7.43631,
	3.54963 7.45036,
	3.53909 7.4644,
	3.53909 7.47142,
	3.51101 7.496,
	3.49696 7.50653,
	3.46887 7.50302,
	3.45834 7.48898,
	3.45834 7.4328,
	3.45834 7.41876,
	3.45834 7.41174,
	"/>
<Contour name="d07" hidden="true" closed="true" simplified="true" border="1 0 1" fill="1 0 1" mode="9"
 points="1.85 7.88972,
	1.85907 7.85344,
	1.88174 7.8217,
	1.94522 7.77182,
	2.01777 7.76729,
	2.03138 7.78089,
	2.06765 7.78996,
	2.08579 7.78996,
	2.15834 7.74915,
	2.19461 7.73555,
	2.26716 7.73555,
	2.30343 7.74008,
	2.37598 7.76276,
	2.40772 7.7945,
	2.43493 7.81717,
	2.43946 7.82624,
	2.36692 7.86705,
	2.29437 7.88065,
	2.22182 7.90332,
	2.18554 7.91692,
	2.17647 7.91692,
	2.14473 7.94866,
	2.12206 7.9804,
	2.08579 8.00761,
	2.07672 8.01668,
	1.93162 8.02121,
	1.89535 8.02121,
	1.87721 8.02121,
	1.85907 8.00761,
	1.85 7.97133,
	1.85 7.89879,
	1.85 7.89425,
	"/>
<Contour name="d08" hidden="false" closed="true" simplified="true" border="1 0 0" fill="1 0 0" mode="9"
 points="5.93901 4.48058,
	5.9452 4.46819,
	5.96998 4.44961,
	5.99475 4.43723,
	6.01952 4.41865,
	6.07835 4.32266,
	6.10003 4.30098,
	6.1248 4.2886,
	6.14957 4.2855,
	6.19911 4.29479,
	6.20531 4.29479,
	6.2146 4.30718,
	6.2146 4.35672,
	6.2146 4.38149,
	6.2115 4.39388,
	6.20221 4.40626,
	6.15267 4.40936,
	6.1248 4.4589,
	6.11241 4.48368,
	6.10622 4.50845,
	6.10622 4.53322,
	6.10622 4.5456,
	6.11241 4.55799,
	6.10932 4.60753,
	6.09693 4.61682,
	6.04739 4.61682,
	6.02262 4.61373,
	5.99784 4.59824,
	5.97927 4.57347,
	5.96998 4.56109,
	5.96998 4.55489,
	5.96378 4.5487,
	5.96069 4.53631,
	5.94211 4.51154,
	5.93901 4.48677,
	5.93901 4.48368,
	"/>
<Contour name="d08" hidden="false" closed="true" simplified="true" border="1 0 0" fill="1 0 0" mode="9"
 points="5.0751 4.15855,
	5.08129 4.14616,
	5.10606 4.12758,
	5.11845 4.1152,
	5.14322 4.10281,
	5.15561 4.09662,
	5.25469 4.09662,
	5.30424 4.09662,
	5.40332 4.06256,
	5.45287 4.05946,
	5.47764 4.05946,
	5.50241 4.05017,
	5.52718 4.04707,
	5.54266 4.06875,
	5.55815 4.08423,
	5.57053 4.08733,
	5.57673 4.08733,
	5.58602 4.09971,
	5.59221 4.12449,
	5.59221 4.13687,
	5.60459 4.16164,
	5.60459 4.21119,
	5.60459 4.22357,
	5.5984 4.22977,
	5.59221 4.25454,
	5.5953 4.30408,
	5.61079 4.35362,
	5.61079 4.40317,
	5.61079 4.42794,
	5.6015 4.45271,
	5.5953 4.4651,
	5.59221 4.51464,
	5.55195 4.56418,
	5.53338 4.58895,
	5.52099 4.60134,
	5.5117 4.62611,
	5.50551 4.67566,
	5.50551 4.7252,
	5.50551 4.74997,
	5.48074 4.77165,
	5.46835 4.78094,
	5.44358 4.78403,
	5.39403 4.79951,
	5.36926 4.80571,
	5.34449 4.80571,
	5.31972 4.79642,
	5.29804 4.77165,
	5.28256 4.74687,
	5.23302 4.70043,
	5.22063 4.69423,
	5.19586 4.66946,
	5.18348 4.65708,
	5.16799 4.6385,
	5.1587 4.58895,
	5.1618 4.53941,
	5.17109 4.51464,
	5.17109 4.41555,
	5.16799 4.40317,
	5.1618 4.39697,
	5.1618 4.39078,
	5.12774 4.34124,
	5.09987 4.29169,
	5.09058 4.27931,
	5.0751 4.22977,
	5.0751 4.18022,
	5.0751 4.16784,
	5.0751 4.16164,
	"/>
<Contour name="d08" hidden="false" closed="true" simplified="true" border="1 0 0" fill="1 0 0" mode="9"
 points="5.52718 3.8458,
	5.54266 3.82103,
	5.56434 3.79626,
	5.57363 3.78697,
	5.62317 3.78697,
	5.64794 3.78697,
	5.69749 3.80865,
	5.74703 3.80865,
	5.7718 3.80555,
	5.78419 3.80555,
	5.78729 3.81794,
	5.76871 3.84271,
	5.74393 3.86438,
	5.71916 3.87987,
	5.70678 3.88915,
	5.65723 3.88915,
	5.64485 3.88915,
	5.62627 3.91083,
	5.62627 3.91702,
	5.6015 3.9356,
	5.55195 3.9387,
	5.53028 3.91702,
	5.52718 3.86748,
	5.52718 3.85509,
	5.52718 3.8489,
	"/>
<Contour name="d08" hidden="false" closed="true" simplified="true" border="1 0 0" fill="1 0 0" mode="9"
 points="5.96378 5.31662,
	5.99165 5.26708,
	6.02571 5.21754,
	6.05358 5.16799,
	6.05977 5.15561,
	6.07216 5.14632,
	6.09693 5.14322,
	6.10932 5.15561,
	6.11551 5.16799,
	6.11861 5.26708,
	6.11551 5.36617,
	6.11241 5.39094,
	6.10932 5.40332,
	6.10932 5.40952,
	6.09074 5.43119,
	6.07835 5.44048,
	6.05358 5.44048,
	6.04119 5.43739,
	6.01642 5.41261,
	5.99784 5.38784,
	5.98856 5.36307,
	5.96998 5.3383,
	5.96378 5.33211,
	5.96378 5.31972,
	"/>
<Contour name="d08p05" hidden="false" closed="true" simplified="false" border="1 1 0" fill="1 1 0" mode="9"
 points="5.51933 4.15282,
	5.51933 4.09731,
	5.46383 4.09731,
	5.46383 4.14588,
	5.45689 4.15282,
	5.45689 4.09038,
	5.52627 4.09038,
	5.52627 4.15976,
	5.45689 4.15976,
	5.46383 4.15282,
	"/>
<Contour name="d08c02" hidden="false" closed="true" simplified="true" border="1 0 0" fill="0 1 0" mode="9"
 points="6.08761 5.16422,
	6.09606 5.14943,
	6.11296 5.14732,
	6.11719 5.15154,
	6.12142 5.15154,
	6.14889 5.18535,
	6.16368 5.20225,
	6.1679 5.21071,
	6.1679 5.34594,
	6.16579 5.37975,
	6.16156 5.38397,
	6.16156 5.39243,
	6.14889 5.40933,
	6.13198 5.42623,
	6.12353 5.43257,
	6.10663 5.43469,
	6.09817 5.43469,
	6.09395 5.43469,
	6.08761 5.42623,
	6.08761 5.291,
	6.08761 5.22338,
	6.08761 5.18958,
	6.08761 5.17267,
	6.08761 5.16633,
	"/>
<Contour name="d08cfa02" hidden="false" closed="false" simplified="false" border="0 1 1" fill="0 1 1" mode="9"
 points="6.10556 5.43632,
	6.13091 5.39406,
	6.13091 5.33701,
	6.13091 5.22291,
	6.09922 5.14895,
	"/>
<Contour name="d08c04" hidden="false" closed="true" simplified="true" border="1 0 0" fill="0 1 0" mode="9"
 points="6.07493 4.47749,
	6.08127 4.46058,
	6.08338 4.45213,
	6.10451 4.41832,
	6.1193 4.40353,
	6.13621 4.39297,
	6.20382 4.39297,
	6.22073 4.39297,
	6.22495 4.39297,
	6.25031 4.42466,
	6.25242 4.49228,
	6.25031 4.52609,
	6.22918 4.55567,
	6.20171 4.58525,
	6.1679 4.6085,
	6.16368 4.6085,
	6.15523 4.61483,
	6.13832 4.61695,
	6.12142 4.61483,
	6.10451 4.60427,
	6.09606 4.59582,
	6.09183 4.58736,
	6.09183 4.55356,
	6.07704 4.51975,
	6.07493 4.48594,
	6.07493 4.4796,
	"/>
<Contour name="d08cfa04" hidden="false" closed="true" simplified="true" border="0 1 0" fill="0 1 0" mode="9"
 points="6.06493 4.48749,
	6.07127 4.47058,
	6.07338 4.46213,
	6.09451 4.42832,
	6.1093 4.41353,
	6.12621 4.40297,
	6.19382 4.40297,
	6.21073 4.40297,
	6.21495 4.40297,
	6.24031 4.43466,
	6.24242 4.50228,
	6.24031 4.53609,
	6.21918 4.56567,
	6.19171 4.59525,
	6.1579 4.6185,
	6.15368 4.6185,
	6.14523 4.62483,
	6.12832 4.62695,
	6.11142 4.62483,
	6.09451 4.61427,
	6.08606 4.60582,
	6.08183 4.59736,
	6.08183 4.56356,
	6.06704 4.52975,
	6.06493 4.49594,
	6.06493 4.4896,
	"/>
<Contour name="d08cfa04" hidden="false" closed="false" simplified="false" border="0 1 1" fill="0 1 1" mode="9"
 points="6.14993 4.61013,
	6.11612 4.59112,
	6.11612 4.55942,
	6.11401 4.53195,
	6.11401 4.48124,
	6.13303 4.40306,
	"/>
<Contour name="d03p01" hidden="false" closed="true" simplified="false" border="1 0 0" fill="1 0 0" mode="-9"
 points="2.72914 3.17757,
	2.72914 3.17169,
	2.73502 3.16581,
	2.7409 3.16581,
	2.74677 3.17169,
	2.74677 3.17757,
	2.7409 3.18345,
	2.73502 3.18345,
	"/>
<Contour name="d03p02" hidden="false" closed="true" simplified="false" border="0.251 0 0.502" fill="0.251 0 0.502" mode="-13"
 points="3.01126 2.66918,
	2.99069 2.6486,
	3.01126 2.62803,
	3.03183 2.6486,
	"/>
<Contour name="d06p06" hidden="false" closed="true" simplified="false" border="0 0 1" fill="0 0 1" mode="-9"
 points="1.94086 7.15576,
	1.92349 7.13839,
	1.94086 7.12102,
	1.95823 7.13839,
	"/>
<Contour name="d07p07a" hidden="false" closed="true" simplified="false" border="1 0 1" fill="1 0 1" mode="-9"
 points="3.02528 7.72899,
	3.02528 7.71906,
	3.03521 7.70914,
	3.04513 7.70914,
	3.05506 7.71906,
	3.05506 7.72899,
	3.04513 7.73891,
	3.03521 7.73891,
	"/>
<Contour name="d07p07b" hidden="false" closed="true" simplified="false" border="1 0 1" fill="1 0 1" mode="-9"
 points="3.02528 7.72899,
	3.02528 7.71906,
	3.03521 7.70914,
	3.04513 7.70914,
	3.05506 7.71906,
	3.05506 7.72899,
	3.04513 7.73891,
	3.03521 7.73891,
	"/>
<Contour name="d08p06" hidden="false" closed="true" simplified="false" border="0 0 1" fill="0 0 1" mode="13"
 points="5.38058 4.69397,
	5.35629 4.66969,
	5.38058 4.64541,
	5.40486 4.66969,
	"/>
</Transform>

<Transform dim="0"
 xcoef=" 0 1 0 0 0 0"
 ycoef=" 0 0 1 0 0 0">
<Contour name="d03" hidden="false" closed="true" simplified="true" border="0 1 0" fill="0 1 0" mode="9"
 points="2.54286 3.30592,
	2.58384 3.24347,
	2.5897 3.23566,
	2.62288 3.11076,
	2.64629 3.04831,
	2.67362 2.98586,
	2.68728 2.95464,
	2.71265 2.92536,
	2.7751 2.88829,
	2.79071 2.87853,
	2.82193 2.87853,
	2.82584 2.87853,
	2.88438 2.75363,
	2.90975 2.69118,
	2.92146 2.65995,
	2.92732 2.64434,
	2.92732 2.61312,
	2.92732 2.59751,
	2.87072 2.47261,
	2.85316 2.44138,
	2.8434 2.37893,
	2.84145 2.36332,
	2.8395 2.35551,
	2.84535 2.3399,
	2.85706 2.32429,
	2.88829 2.30477,
	2.9039 2.29306,
	2.93512 2.26379,
	2.9644 2.23842,
	3.00928 2.17597,
	3.01514 2.16817,
	3.03075 2.17597,
	3.03855 2.17987,
	3.04246 2.18378,
	3.05612 2.30868,
	3.06002 2.3399,
	3.06197 2.40235,
	3.05807 2.4648,
	3.04051 2.52725,
	3.04441 2.55847,
	3.07563 2.58775,
	3.13808 2.63068,
	3.16931 2.65215,
	3.18492 2.65995,
	3.24737 2.67947,
	3.27859 2.68923,
	3.34104 2.71655,
	3.40349 2.74777,
	3.41911 2.75558,
	3.44057 2.7868,
	3.45033 2.80242,
	3.48155 2.82974,
	3.49717 2.8434,
	3.50888 2.85901,
	3.52644 2.89024,
	3.57133 2.95269,
	3.59474 3.01514,
	3.60645 3.07758,
	3.61036 3.0932,
	3.58303 3.12442,
	3.57523 3.13223,
	3.57133 3.13613,
	3.57328 3.16736,
	3.58694 3.19858,
	3.59084 3.20639,
	3.55962 3.26884,
	3.544 3.30006,
	3.53425 3.31372,
	3.50302 3.32738,
	3.49522 3.33129,
	3.43277 3.32153,
	3.40154 3.31567,
	3.27664 3.28055,
	3.21419 3.27469,
	3.19858 3.27274,
	3.18297 3.27469,
	3.12052 3.29421,
	3.08929 3.30201,
	3.02684 3.32348,
	2.99562 3.31762,
	2.98001 3.31567,
	2.85511 3.32933,
	2.79266 3.32933,
	2.76143 3.32933,
	2.74582 3.32933,
	2.62092 3.36056,
	2.5897 3.36251,
	2.57409 3.36251,
	2.56628 3.36251,
	2.55457 3.3469,
	2.54872 3.33909,
	2.54481 3.33519,
	2.54286 3.31958,
	2.54286 3.31177,
	2.54286 3.30787,
	"/>
<Contour name="d03cfa02ax05" hidden="false" closed="false" simplified="false" border="0 1 1" fill="0 1 1" mode="9"
 points="2.85343 2.31674,
	2.86215 2.31238,
	2.92755 2.26878,
	2.98423 2.21646,
	3.01911 2.15106,
	"/>
</Transform>

<Transform dim="0"
 xcoef=" 0 1 0 0 0 0"
 ycoef=" 0 0 1 0 0 0">
<Contour name="ax05" comment="LK bouton trace named after cfa" hidden="false" closed="true" simplified="true" border="0 1 1" fill="0.502 1 1" mode="9"
 points="2.42599 2.08409,
	2.42943 2.08065,
	2.43459 2.05316,
	2.43115 2.02567,
	2.43115 2.0188,
	2.44146 2.00505,
	2.44489 2.00162,
	2.44833 1.97413,
	2.44318 1.94664,
	2.43974 1.93289,
	2.43974 1.92602,
	2.44661 1.91227,
	2.45005 1.90884,
	2.45005 1.88135,
	2.4552 1.8676,
	2.45864 1.84011,
	2.45864 1.82637,
	2.46379 1.81262,
	2.47238 1.79888,
	2.49987 1.77482,
	2.52736 1.75593,
	2.55485 1.74218,
	2.5686 1.73531,
	2.62358 1.725,
	2.65107 1.71984,
	2.70605 1.69579,
	2.76103 1.66658,
	2.78852 1.6494,
	2.81601 1.64425,
	2.82975 1.64597,
	2.8435 1.65456,
	2.87099 1.67861,
	2.89676 1.7061,
	2.91738 1.73359,
	2.94315 1.75764,
	2.9861 1.81262,
	2.99469 1.84011,
	3.00672 1.8676,
	3.02047 1.92258,
	3.02562 1.97756,
	3.01703 2.03254,
	2.98954 2.1425,
	2.97751 2.16999,
	2.94487 2.22497,
	2.88989 2.27136,
	2.86755 2.29885,
	2.84178 2.32463,
	2.83491 2.32978,
	2.80742 2.33493,
	2.79367 2.33665,
	2.76618 2.32978,
	2.7112 2.29714,
	2.70433 2.29542,
	2.69746 2.29026,
	2.68371 2.28683,
	2.65622 2.27308,
	2.64248 2.26449,
	2.63561 2.25934,
	2.62873 2.25762,
	2.61499 2.24731,
	2.56001 2.21982,
	2.53252 2.20436,
	2.50503 2.18546,
	2.49128 2.18202,
	2.47926 2.17171,
	2.45348 2.14594,
	2.44146 2.13391,
	2.43287 2.12017,
	2.42771 2.10642,
	2.42599 2.09268,
	2.42599 2.08581,
	"/>
</Transform>

<Transform dim="0"
 xcoef=" 0 1 0 0 0 0"
 ycoef=" 0 0 1 0 0 0">
<Contour name="ax06" comment="LK bouton trace named after cfa" hidden="false" closed="true" simplified="true" border="0 1 1" fill="0.502 1 1" mode="9"
 points="4.20207 2.83108,
	4.21077 2.80787,
	4.21367 2.76145,
	4.22528 2.71503,
	4.24268 2.66862,
	4.26879 2.6222,
	4.30361 2.57578,
	4.35583 2.48294,
	4.37613 2.43653,
	4.38774 2.41332,
	4.39354 2.40171,
	4.39354 2.39591,
	4.43706 2.34949,
	4.45156 2.32628,
	4.49508 2.27986,
	4.5415 2.25375,
	4.56471 2.23635,
	4.58792 2.22474,
	4.59952 2.22184,
	4.64304 2.19283,
	4.66625 2.18413,
	4.68946 2.18123,
	4.71267 2.17252,
	4.73587 2.15802,
	4.74748 2.15221,
	4.75908 2.15512,
	4.76489 2.15802,
	4.76198 2.18123,
	4.71847 2.22764,
	4.69526 2.25085,
	4.64884 2.28857,
	4.59372 2.3814,
	4.56761 2.42782,
	4.57051 2.47424,
	4.57051 2.49745,
	4.57051 2.50905,
	4.52699 2.60189,
	4.48348 2.64541,
	4.47767 2.65411,
	4.43416 2.70053,
	4.37033 2.79337,
	4.32391 2.82528,
	4.2804 2.85139,
	4.26879 2.85719,
	4.22237 2.84849,
	4.21077 2.84268,
	4.20787 2.83978,
	"/>
</Transform>

<Transform dim="0"
 xcoef=" 0 1 0 0 0 0"
 ycoef=" 0 0 1 0 0 0">
<Contour name="ax25" comment="LK bouton trace named after cfa" hidden="false" closed="true" simplified="true" border="0 1 1" fill="0.502 1 1" mode="9"
 points="4.77948 4.80371,
	4.78241 4.79784,
	4.79196 4.78682,
	4.80371 4.77874,
	4.81547 4.77287,
	4.82722 4.76919,
	4.8331 4.76625,
	4.83603 4.76405,
	4.8375 4.76405,
	4.84338 4.75891,
	4.84632 4.75744,
	4.85219 4.7523,
	4.86394 4.74569,
	4.8757 4.74275,
	4.88157 4.74202,
	4.90508 4.74569,
	4.91095 4.74863,
	4.9205 4.76038,
	4.92491 4.76625,
	4.92785 4.76846,
	4.9396 4.7714,
	4.94548 4.7714,
	4.95723 4.77507,
	4.9631 4.77727,
	4.96604 4.77874,
	4.97192 4.78388,
	4.97853 4.7949,
	4.9822 4.80665,
	4.9844 4.81841,
	4.98587 4.84191,
	4.98514 4.85366,
	4.97926 4.87717,
	4.97339 4.88892,
	4.96457 4.90067,
	4.94107 4.91903,
	4.92932 4.92638,
	4.92344 4.92785,
	4.89994 4.92858,
	4.89406 4.92858,
	4.88231 4.92564,
	4.87937 4.92417,
	4.8779 4.92271,
	4.87496 4.92197,
	4.86321 4.91316,
	4.85807 4.90802,
	4.8544 4.90214,
	4.85293 4.90067,
	4.84705 4.8992,
	4.84117 4.89553,
	4.83824 4.89479,
	4.81473 4.87643,
	4.80886 4.87129,
	4.80004 4.85954,
	4.79564 4.85366,
	4.7927 4.84779,
	4.79049 4.84485,
	4.78976 4.84191,
	4.78756 4.83897,
	4.78682 4.83603,
	4.78462 4.8331,
	4.78021 4.82134,
	4.77948 4.80959,
	4.77948 4.80445,
	"/>
</Transform>

<Transform dim="0"
 xcoef=" 0 1 0 0 0 0"
 ycoef=" 0 0 1 0 0 0">
<Contour name="ax28" comment="LK bouton trace named after cfa" hidden="false" closed="true" simplified="true" border="0 1 1" fill="0.502 1 1" mode="9"
 points="5.38136 3.07679,
	5.39133 3.054,
	5.41413 3.0084,
	5.41983 2.99701,
	5.42339 2.99131,
	5.43479 2.98276,
	5.43978 2.97706,
	5.44476 2.96566,
	5.44833 2.95426,
	5.44975 2.94856,
	5.44975 2.94571,
	5.44975 2.94429,
	5.45402 2.93859,
	5.47682 2.92221,
	5.48252 2.91722,
	5.48893 2.90582,
	5.49178 2.90012,
	5.49321 2.87733,
	5.49392 2.86593,
	5.49819 2.85453,
	5.49748 2.85168,
	5.50033 2.84598,
	5.51173 2.83672,
	5.51458 2.83458,
	5.51956 2.82318,
	5.52099 2.82033,
	5.52384 2.81749,
	5.54663 2.80324,
	5.59223 2.78685,
	5.6022 2.77545,
	5.60861 2.76406,
	5.61075 2.75836,
	5.61217 2.74696,
	5.61217 2.73556,
	5.61217 2.73271,
	5.61645 2.72131,
	5.625 2.70991,
	5.6307 2.70564,
	5.64209 2.70279,
	5.65349 2.70208,
	5.65634 2.70208,
	5.66204 2.70422,
	5.66774 2.70493,
	5.67914 2.7092,
	5.69054 2.70849,
	5.69624 2.70849,
	5.70193 2.70707,
	5.70478 2.70707,
	5.71618 2.70137,
	5.72117 2.69638,
	5.72402 2.69353,
	5.72687 2.69211,
	5.73827 2.69139,
	5.74397 2.69211,
	5.75536 2.69709,
	5.76106 2.70065,
	5.77246 2.71063,
	5.77816 2.71633,
	5.79454 2.73912,
	5.79882 2.74482,
	5.82162 2.76619,
	5.83016 2.77759,
	5.83444 2.78329,
	5.83586 2.78472,
	5.83586 2.78614,
	5.83729 2.78756,
	5.83729 2.78899,
	5.84156 2.79469,
	5.84156 2.79611,
	5.85296 2.80395,
	5.85866 2.8068,
	5.86008 2.80822,
	5.86151 2.80822,
	5.86293 2.80965,
	5.86578 2.81036,
	5.87718 2.81891,
	5.88858 2.82603,
	5.89998 2.83672,
	5.90568 2.84099,
	5.91636 2.85239,
	5.93346 2.87519,
	5.93702 2.88089,
	5.93845 2.89229,
	5.93845 2.89798,
	5.93061 2.92078,
	5.92705 2.94358,
	5.92919 2.96637,
	5.93061 2.97777,
	5.93061 3.00057,
	5.92847 3.02336,
	5.92705 3.03476,
	5.92491 3.04046,
	5.92349 3.04331,
	5.92349 3.04616,
	5.91921 3.05756,
	5.9128 3.06896,
	5.90995 3.07466,
	5.9071 3.09745,
	5.90568 3.12025,
	5.90496 3.13165,
	5.90211 3.14305,
	5.89428 3.16584,
	5.89285 3.17154,
	5.89285 3.17724,
	5.88715 3.18864,
	5.88431 3.19434,
	5.88003 3.20004,
	5.8665 3.22283,
	5.86293 3.22853,
	5.84085 3.25133,
	5.82945 3.26273,
	5.82518 3.26843,
	5.82019 3.27982,
	5.80737 3.30262,
	5.80096 3.31402,
	5.78243 3.33681,
	5.77104 3.3475,
	5.76534 3.3532,
	5.76249 3.35462,
	5.75679 3.36032,
	5.74539 3.36745,
	5.73399 3.37243,
	5.7112 3.3703,
	5.6998 3.3703,
	5.6884 3.37172,
	5.6827 3.37243,
	5.6713 3.37884,
	5.66062 3.39024,
	5.65492 3.39594,
	5.64922 3.3995,
	5.63782 3.40164,
	5.62642 3.40022,
	5.62357 3.40022,
	5.61217 3.39452,
	5.60647 3.39238,
	5.59508 3.39096,
	5.58368 3.39167,
	5.57228 3.39096,
	5.56658 3.39024,
	5.54378 3.38027,
	5.53239 3.376,
	5.52669 3.37457,
	5.51529 3.36887,
	5.49249 3.35391,
	5.47326 3.33112,
	5.46827 3.32542,
	5.46542 3.31972,
	5.44263 3.29906,
	5.43978 3.29621,
	5.43408 3.28481,
	5.4298 3.27341,
	5.4241 3.25062,
	5.42054 3.23922,
	5.40986 3.21642,
	5.40843 3.20502,
	5.40701 3.19932,
	5.41057 3.17653,
	5.41199 3.16513,
	5.41128 3.15373,
	5.40558 3.14233,
	5.39561 3.13093,
	5.39062 3.12524,
	5.38421 3.11384,
	5.38207 3.10244,
	5.38136 3.07964,
	5.38136 3.07751,
	"/>
</Transform>

<Transform dim="0"
 xcoef=" 0 1 0 0 0 0"
 ycoef=" 0 0 1 0 0 0">
<Contour name="d01c03ax01" hidden="false" closed="true" simplified="true" border="0 1 0" fill="0 1 0" mode="9"
 points="6.31611 1.9234,
	6.47037 1.81614,
	6.5475 1.76311,
	6.58606 1.7366,
	6.60534 1.72214,
	6.61016 1.71973,
	6.61137 1.71852,
	6.6174 1.7378,
	6.63547 1.81493,
	6.64029 1.83422,
	6.6427 1.84386,
	6.64391 1.84868,
	6.49086 1.96316,
	6.45229 1.99088,
	6.44265 1.99811,
	6.43783 2.00173,
	6.43663 2.00293,
	6.3595 1.95232,
	6.32093 1.92701,
	6.31732 1.9246,
	"/>
</Transform>

<Transform dim="0"
 xcoef=" 0 1 0 0 0 0"
 ycoef=" 0 0 1 0 0 0">
<Contour name="d03c02ax05" hidden="false" closed="true" simplified="true" border="0 1 0" fill="0 1 0" mode="9"
 points="2.82457 2.27483,
	2.94331 2.13409,
	2.9587 2.1165,
	2.962 2.1121,
	2.9642 2.1099,
	3.01808 2.18027,
	3.02137 2.18467,
	3.02357 2.18687,
	2.99829 2.25723,
	2.98509 2.29242,
	2.98399 2.29682,
	2.98069 2.30121,
	2.91033 2.34629,
	2.89274 2.35839,
	2.88394 2.36388,
	2.88174 2.36498,
	2.83666 2.29462,
	2.82567 2.27703,
	2.82567 2.27593,
	"/>
</Transform>

<Transform dim="0"
 xcoef=" 0 1 0 0 0 0"
 ycoef=" 0 0 1 0 0 0">
<Contour name="ax01" comment="LK bouton trace named after cfa" hidden="false" closed="true" simplified="true" border="0 1 1" fill="0.502 1 1" mode="9"
 points="5.96461 1.79885,
	5.96984 1.78956,
	5.97333 1.78491,
	5.97797 1.78085,
	5.98436 1.77155,
	5.98843 1.76691,
	5.99308 1.76342,
	6.00121 1.75413,
	6.00876 1.73554,
	6.00992 1.73089,
	6.0105 1.71231,
	6.00992 1.70766,
	6.01224 1.68907,
	6.01282 1.67978,
	6.0134 1.67513,
	6.01282 1.67049,
	6.01282 1.66816,
	6.0105 1.66352,
	6.00876 1.65422,
	6.00585 1.64493,
	6.00469 1.64028,
	6.00527 1.63099,
	6.00934 1.6217,
	6.0105 1.61705,
	6.0105 1.61473,
	6.00063 1.59614,
	5.99714 1.58685,
	5.99366 1.56826,
	5.99191 1.56361,
	5.98552 1.55432,
	5.9832 1.54503,
	5.98262 1.53573,
	5.98552 1.51715,
	5.98901 1.50785,
	5.99424 1.49856,
	5.99888 1.49449,
	6.00818 1.49159,
	6.01747 1.48636,
	6.02676 1.47881,
	6.04535 1.46139,
	6.05 1.4579,
	6.05232 1.45616,
	6.06161 1.45267,
	6.06626 1.45093,
	6.06858 1.44919,
	6.06975 1.44803,
	6.08833 1.4457,
	6.09763 1.44512,
	6.11621 1.44164,
	6.12086 1.44048,
	6.13945 1.43002,
	6.14874 1.42479,
	6.15803 1.41724,
	6.16268 1.41376,
	6.165 1.41201,
	6.16616 1.41085,
	6.17081 1.40969,
	6.1801 1.40911,
	6.18475 1.40911,
	6.18707 1.40911,
	6.20566 1.41666,
	6.22425 1.42595,
	6.23354 1.43002,
	6.23819 1.43176,
	6.24284 1.4306,
	6.26142 1.43292,
	6.27072 1.43467,
	6.28001 1.43757,
	6.28466 1.43815,
	6.28698 1.43815,
	6.29627 1.4428,
	6.30557 1.4457,
	6.32415 1.44919,
	6.34274 1.44861,
	6.36133 1.4457,
	6.37991 1.44048,
	6.38921 1.43699,
	6.39385 1.43641,
	6.3985 1.43409,
	6.41709 1.43002,
	6.42638 1.42595,
	6.43567 1.41782,
	6.44032 1.41376,
	6.44264 1.4126,
	6.45194 1.4033,
	6.45658 1.39866,
	6.4711 1.38007,
	6.47924 1.37078,
	6.49782 1.358,
	6.535 1.33767,
	6.57217 1.32082,
	6.59076 1.31211,
	6.5954 1.30979,
	6.6047 1.30282,
	6.61225 1.29352,
	6.61689 1.28888,
	6.63548 1.27378,
	6.65291 1.25519,
	6.65639 1.25054,
	6.66104 1.24125,
	6.66336 1.2366,
	6.66394 1.23196,
	6.66568 1.22963,
	6.66743 1.22034,
	6.67033 1.21104,
	6.67324 1.19246,
	6.6744 1.18316,
	6.6744 1.17852,
	6.67614 1.16922,
	6.68485 1.15064,
	6.68892 1.14134,
	6.69066 1.1367,
	6.69589 1.1274,
	6.69937 1.12276,
	6.70867 1.11579,
	6.71099 1.11405,
	6.72028 1.11114,
	6.73887 1.1094,
	6.74816 1.10824,
	6.78534 1.11346,
	6.80392 1.11869,
	6.81322 1.12218,
	6.8318 1.12392,
	6.8411 1.12334,
	6.84574 1.12276,
	6.85504 1.11927,
	6.86433 1.11695,
	6.86898 1.11579,
	6.88756 1.11637,
	6.89686 1.11811,
	6.90615 1.12102,
	6.91544 1.12566,
	6.92009 1.12799,
	6.92241 1.12857,
	6.941 1.14541,
	6.94971 1.1547,
	6.97469 1.19188,
	6.97817 1.19652,
	6.97992 1.20117,
	6.98282 1.20582,
	6.98631 1.21511,
	6.98921 1.2337,
	6.98863 1.23602,
	6.98747 1.23718,
	6.98631 1.24183,
	6.98108 1.25112,
	6.97179 1.25925,
	6.96714 1.2639,
	6.95785 1.27029,
	6.9532 1.27436,
	6.93984 1.29294,
	6.9288 1.31153,
	6.92241 1.32082,
	6.91196 1.33941,
	6.89337 1.37658,
	6.88873 1.38588,
	6.88176 1.40446,
	6.87711 1.42305,
	6.86956 1.44164,
	6.86782 1.44628,
	6.85504 1.46487,
	6.84574 1.47416,
	6.83645 1.47823,
	6.82716 1.48113,
	6.80857 1.48288,
	6.80392 1.48346,
	6.78534 1.49333,
	6.76675 1.50553,
	6.75746 1.51192,
	6.74816 1.52121,
	6.73248 1.5398,
	6.71854 1.55839,
	6.70286 1.57697,
	6.69356 1.58452,
	6.68892 1.58801,
	6.68079 1.5973,
	6.66162 1.63448,
	6.64768 1.65306,
	6.64303 1.65771,
	6.64071 1.66003,
	6.63722 1.66933,
	6.63432 1.68791,
	6.63258 1.69721,
	6.63083 1.73438,
	6.63083 1.73903,
	6.62909 1.74367,
	6.62851 1.746,
	6.62503 1.75064,
	6.60644 1.76342,
	6.59715 1.76923,
	6.58785 1.77388,
	6.58321 1.77562,
	6.57856 1.77852,
	6.57391 1.78027,
	6.53674 1.80408,
	6.53209 1.80698,
	6.5228 1.81453,
	6.50421 1.82673,
	6.49492 1.83312,
	6.48562 1.84125,
	6.47633 1.84706,
	6.45774 1.86391,
	6.43916 1.88191,
	6.42986 1.89062,
	6.42057 1.89817,
	6.41592 1.90166,
	6.40721 1.91095,
	6.40315 1.9156,
	6.39385 1.92257,
	6.37527 1.93477,
	6.37062 1.93767,
	6.3683 1.93941,
	6.359 1.94232,
	6.34042 1.94638,
	6.33112 1.94755,
	6.32648 1.94813,
	6.31718 1.94755,
	6.31254 1.94697,
	6.30324 1.9429,
	6.2986 1.94,
	6.29627 1.93825,
	6.28698 1.93535,
	6.27769 1.93128,
	6.27304 1.92838,
	6.26375 1.92489,
	6.26142 1.92315,
	6.25678 1.92199,
	6.25213 1.91909,
	6.24284 1.91618,
	6.24051 1.91502,
	6.23935 1.91386,
	6.20218 1.90573,
	6.19753 1.90398,
	6.19288 1.9034,
	6.18359 1.89992,
	6.1743 1.89817,
	6.16965 1.89643,
	6.15106 1.89295,
	6.14177 1.8912,
	6.13248 1.8883,
	6.11389 1.88423,
	6.1046 1.88133,
	6.0953 1.87959,
	6.09066 1.87785,
	6.07207 1.8761,
	6.05348 1.8732,
	6.0349 1.87262,
	6.01631 1.87088,
	6.00702 1.86971,
	6.00237 1.86797,
	5.99772 1.86739,
	5.9954 1.86565,
	5.99308 1.86507,
	5.98843 1.86158,
	5.98436 1.85694,
	5.98146 1.85229,
	5.9803 1.84997,
	5.97972 1.84532,
	5.97855 1.843,
	5.97855 1.84067,
	5.97449 1.83138,
	5.97158 1.82209,
	5.96752 1.81279,
	5.96461 1.80815,
	5.96461 1.79943,
	"/>
</Transform>

<Transform dim="0"
 xcoef=" 0 1 0 0 0 0"
 ycoef=" 0 0 1 0 0 0">
<Contour name="ddh_d06ax07" comment="traced by ddh 12/20/18" hidden="false" closed="true" simplified="true" border="0.5 0 1" fill="0.5 0 1" mode="11"
 points="1.84707 8.55278,
	1.84894 8.55027,
	1.8502 8.54526,
	1.85082 8.54275,
	1.85458 8.53774,
	1.85709 8.53523,
	1.8621 8.53273,
	1.86461 8.53085,
	1.86962 8.52897,
	1.90971 8.52333,
	1.91974 8.52083,
	1.92976 8.51707,
	1.93101 8.51581,
	1.93352 8.51519,
	1.93415 8.51393,
	1.93665 8.51331,
	1.94166 8.50892,
	1.94542 8.50454,
	1.94605 8.50203,
	1.94918 8.49702,
	1.95921 8.48762,
	1.96046 8.48637,
	1.96296 8.48574,
	1.98301 8.47259,
	1.98802 8.46945,
	1.99304 8.46757,
	1.99554 8.4657,
	2.00556 8.46256,
	2.01058 8.45943,
	2.0206 8.45567,
	2.02311 8.45379,
	2.03313 8.45191,
	2.05318 8.44627,
	2.05819 8.44502,
	2.0607 8.44502,
	2.06195 8.44377,
	2.07197 8.44377,
	2.082 8.44126,
	2.08701 8.44126,
	2.10705 8.43437,
	2.11708 8.43187,
	2.1271 8.42811,
	2.13211 8.42748,
	2.13462 8.42748,
	2.13713 8.42623,
	2.14715 8.42623,
	2.15717 8.42497,
	2.16219 8.42497,
	2.1672 8.42372,
	2.17722 8.42372,
	2.19727 8.42122,
	2.23736 8.41934,
	2.25741 8.41996,
	2.26242 8.42059,
	2.26806 8.42435,
	2.27245 8.42811,
	2.28184 8.4375,
	2.29124 8.44565,
	2.29437 8.45003,
	2.30314 8.45818,
	2.31066 8.46632,
	2.3163 8.47572,
	2.32256 8.49577,
	2.32444 8.51581,
	2.32382 8.52584,
	2.31818 8.54588,
	2.31693 8.5509,
	2.31379 8.55591,
	2.30628 8.57596,
	2.30189 8.58598,
	2.295 8.60603,
	2.29375 8.61104,
	2.29312 8.61354,
	2.29124 8.61605,
	2.28811 8.62607,
	2.28748 8.62858,
	2.2856 8.63109,
	2.28247 8.64111,
	2.28059 8.65113,
	2.27934 8.65615,
	2.27934 8.66116,
	2.27433 8.6812,
	2.26869 8.69123,
	2.24989 8.71128,
	2.24739 8.71378,
	2.22734 8.72694,
	2.21794 8.73383,
	2.21669 8.73508,
	2.21418 8.73571,
	2.20917 8.73947,
	2.20667 8.74009,
	2.20604 8.74135,
	2.20479 8.74135,
	2.20353 8.7426,
	2.20228 8.7426,
	2.19977 8.74448,
	2.19476 8.74636,
	2.19351 8.74636,
	2.191 8.74824,
	2.1885 8.74886,
	2.18724 8.74886,
	2.18474 8.75074,
	2.17471 8.75388,
	2.17221 8.7545,
	2.17096 8.7545,
	2.16908 8.75638,
	2.16406 8.75701,
	2.16156 8.75889,
	2.15655 8.76014,
	2.15404 8.76077,
	2.15153 8.76265,
	2.14903 8.76327,
	2.14778 8.76453,
	2.14652 8.76453,
	2.14402 8.76641,
	2.14276 8.76641,
	2.14151 8.76766,
	2.13901 8.76829,
	2.12898 8.77643,
	2.12648 8.77768,
	2.11708 8.78645,
	2.11457 8.78771,
	2.10956 8.79209,
	2.09954 8.79836,
	2.09453 8.79961,
	2.07448 8.79961,
	2.06947 8.79898,
	2.06445 8.7971,
	2.06195 8.79648,
	2.0607 8.79648,
	2.0513 8.78771,
	2.04441 8.77768,
	2.02624 8.75826,
	2.01622 8.74824,
	2.00807 8.73821,
	1.99805 8.73007,
	1.97863 8.71942,
	1.95858 8.71065,
	1.94856 8.70689,
	1.92851 8.69624,
	1.926 8.69561,
	1.91598 8.68872,
	1.90595 8.67933,
	1.89844 8.6693,
	1.88904 8.64925,
	1.88904 8.64675,
	1.88653 8.64174,
	1.8834 8.63171,
	1.87275 8.61229,
	1.8715 8.60979,
	1.87025 8.60853,
	1.86962 8.60603,
	1.86586 8.60102,
	1.84769 8.56092,
	1.84707 8.55591,
	1.84707 8.5534,
	"/>
</Transform>

<Transform dim="0"
 xcoef=" 0 1 0 0 0 0"
 ycoef=" 0 0 1 0 0 0">
<Contour name="ddh_d06ax08" comment="traced by ddh" hidden="false" closed="true" simplified="true" border="1 0 0.5" fill="1 0 0.5" mode="11"
 points="0.869973 8.37301,
	0.870727 8.36094,
	0.872991 8.35491,
	0.876009 8.33076,
	0.876009 8.32774,
	0.878272 8.32171,
	0.878272 8.31869,
	0.880536 8.31265,
	0.88129 8.30963,
	0.88129 8.30812,
	0.883554 8.30511,
	0.883554 8.3036,
	0.885818 8.30058,
	0.886572 8.29756,
	0.888081 8.29605,
	0.890345 8.29002,
	0.891099 8.287,
	0.893363 8.28473,
	0.893363 8.28323,
	0.901663 8.27115,
	0.909208 8.26059,
	0.909963 8.25757,
	0.911472 8.25606,
	0.911472 8.25455,
	0.919771 8.24248,
	0.925808 8.23116,
	0.935617 8.2206,
	0.938635 8.21834,
	0.940144 8.21683,
	0.943162 8.21607,
	0.949198 8.21154,
	0.95448 8.20853,
	0.957498 8.20626,
	0.963534 8.204,
	0.966552 8.20249,
	0.968061 8.20249,
	0.96957 8.20098,
	0.975607 8.19872,
	0.981643 8.19796,
	0.993715 8.19344,
	1.00579 8.19193,
	1.0073 8.19042,
	1.03144 8.18514,
	1.04351 8.18136,
	1.04502 8.17985,
	1.0571 8.17608,
	1.06917 8.1708,
	1.08124 8.16703,
	1.10539 8.16703,
	1.12953 8.16929,
	1.15368 8.17457,
	1.17782 8.18212,
	1.18989 8.18363,
	1.19593 8.18589,
	1.19895 8.18589,
	1.20046 8.1874,
	1.20649 8.18815,
	1.21857 8.19268,
	1.2246 8.19344,
	1.23667 8.19796,
	1.24271 8.20023,
	1.24422 8.20023,
	1.25554 8.20853,
	1.25856 8.21004,
	1.26082 8.21305,
	1.26836 8.2372,
	1.26912 8.24927,
	1.27365 8.27342,
	1.27515 8.28549,
	1.27968 8.29756,
	1.2827 8.3036,
	1.2827 8.30511,
	1.28421 8.30662,
	1.28572 8.31265,
	1.28723 8.31416,
	1.28723 8.31718,
	1.28949 8.32322,
	1.29175 8.34736,
	1.29175 8.37151,
	1.29025 8.37754,
	1.28949 8.38961,
	1.28798 8.39112,
	1.28572 8.4032,
	1.28572 8.40923,
	1.28874 8.4213,
	1.28874 8.42432,
	1.29251 8.4296,
	1.29326 8.43262,
	1.29855 8.43866,
	1.30232 8.44319,
	1.30911 8.45526,
	1.31213 8.46129,
	1.31439 8.47337,
	1.31213 8.48544,
	1.3076 8.49751,
	1.30534 8.50355,
	1.30383 8.50506,
	1.30232 8.51109,
	1.29477 8.52317,
	1.29326 8.52618,
	1.2827 8.53826,
	1.27666 8.54203,
	1.27214 8.54656,
	1.26006 8.55335,
	1.25403 8.55636,
	1.25101 8.55787,
	1.2495 8.55787,
	1.24799 8.55938,
	1.24497 8.56014,
	1.24346 8.56014,
	1.24196 8.56165,
	1.23592 8.56316,
	1.22988 8.56617,
	1.22687 8.56768,
	1.22536 8.56768,
	1.21328 8.57523,
	1.20725 8.579,
	1.20272 8.58277,
	1.19668 8.58655,
	1.19216 8.59107,
	1.18008 8.60164,
	1.17405 8.60465,
	1.17103 8.60767,
	1.15971 8.61295,
	1.15368 8.61597,
	1.12953 8.62125,
	1.12349 8.62276,
	1.09935 8.62201,
	1.09331 8.6205,
	1.08728 8.6205,
	1.08124 8.61824,
	1.0752 8.61748,
	1.06313 8.61145,
	1.0571 8.60843,
	1.05257 8.60465,
	1.03597 8.58126,
	1.02767 8.56995,
	1.02541 8.56693,
	1.0239 8.56542,
	1.0239 8.56391,
	1.02239 8.5624,
	1.02239 8.56089,
	1.01484 8.54882,
	1.00202 8.52467,
	0.996734 8.51336,
	0.987679 8.50204,
	0.983152 8.496,
	0.971834 8.48619,
	0.949198 8.4711,
	0.937126 8.4628,
	0.931089 8.45979,
	0.925053 8.45526,
	0.922035 8.45375,
	0.920526 8.45149,
	0.91449 8.44771,
	0.911472 8.4462,
	0.900908 8.43564,
	0.893363 8.42432,
	0.893363 8.42281,
	0.88959 8.41678,
	0.888081 8.41602,
	0.887327 8.413,
	0.879027 8.40093,
	0.876763 8.39791,
	0.876763 8.3964,
	0.8745 8.39339,
	0.870727 8.38131,
	0.869973 8.37528,
	0.869973 8.37377,
	"/>
</Transform>

<Transform dim="0"
 xcoef=" 0 1 0 0 0 0"
 ycoef=" 0 0 1 0 0 0">
<Contour name="ddh_d07ax14a" comment="traced by ddh" hidden="false" closed="true" simplified="true" border="1 0 1" fill="1 0 1" mode="11"
 points="1.60683 7.70053,
	1.60995 7.68805,
	1.61385 7.68182,
	1.61697 7.6787,
	1.62321 7.67441,
	1.62633 7.67363,
	1.62945 7.67207,
	1.63257 7.67129,
	1.63881 7.66817,
	1.64193 7.66622,
	1.64777 7.65998,
	1.65518 7.6475,
	1.66064 7.63503,
	1.66376 7.62879,
	1.66805 7.62255,
	1.67117 7.61943,
	1.67429 7.61748,
	1.68053 7.61163,
	1.68988 7.59916,
	1.69378 7.59292,
	1.69612 7.5898,
	1.69768 7.58668,
	1.69846 7.58512,
	1.70431 7.57888,
	1.70704 7.57615,
	1.71328 7.57264,
	1.71952 7.5703,
	1.73199 7.56835,
	1.73823 7.56758,
	1.73979 7.56719,
	1.74603 7.56835,
	1.75227 7.57186,
	1.75851 7.57615,
	1.76396 7.58239,
	1.77215 7.59487,
	1.77566 7.60111,
	1.78073 7.60734,
	1.78697 7.61241,
	1.79009 7.61436,
	1.79633 7.61943,
	1.82128 7.6362,
	1.82752 7.64049,
	1.83376 7.64595,
	1.83922 7.65218,
	1.8474 7.66466,
	1.85481 7.67714,
	1.86105 7.68961,
	1.863 7.69585,
	1.86417 7.70209,
	1.86378 7.70833,
	1.85871 7.72081,
	1.85793 7.72237,
	1.85208 7.7286,
	1.83961 7.73913,
	1.83337 7.7442,
	1.8283 7.75044,
	1.82089 7.76292,
	1.81426 7.77539,
	1.81114 7.78163,
	1.80997 7.78475,
	1.8049 7.79099,
	1.79867 7.79723,
	1.79243 7.8023,
	1.78619 7.8058,
	1.78307 7.80736,
	1.78229 7.80775,
	1.77566 7.80814,
	1.77254 7.80814,
	1.7663 7.81009,
	1.76318 7.81243,
	1.7624 7.81243,
	1.76163 7.81399,
	1.76007 7.81555,
	1.75851 7.81867,
	1.75812 7.82491,
	1.75851 7.82803,
	1.75773 7.83076,
	1.75617 7.83388,
	1.74642 7.84635,
	1.73394 7.85688,
	1.73238 7.85766,
	1.72614 7.86273,
	1.72302 7.86468,
	1.71055 7.87521,
	1.70743 7.87755,
	1.69495 7.88339,
	1.68248 7.88807,
	1.67936 7.88846,
	1.67624 7.88963,
	1.67312 7.89002,
	1.67 7.89119,
	1.66376 7.89158,
	1.65752 7.89119,
	1.65128 7.89002,
	1.64816 7.88963,
	1.63569 7.88339,
	1.63257 7.88145,
	1.62633 7.87638,
	1.62321 7.87443,
	1.61541 7.86195,
	1.61307 7.84947,
	1.61268 7.837,
	1.61307 7.82452,
	1.61424 7.81204,
	1.61541 7.8058,
	1.6158 7.80269,
	1.61658 7.80113,
	1.61853 7.78865,
	1.61931 7.78241,
	1.61931 7.77617,
	1.61736 7.7637,
	1.61463 7.75122,
	1.61112 7.73874,
	1.60722 7.71379,
	1.60683 7.70131,
	1.60683 7.70092,
	"/>
</Transform>

<Transform dim="0"
 xcoef=" 0 1 0 0 0 0"
 ycoef=" 0 0 1 0 0 0">
<Contour name="ddh_d07ax12" comment="traced by ddh" hidden="false" closed="true" simplified="true" border="1 0 0" fill="1 0 0" mode="11"
 points="2.78124 9.22777,
	2.8049 9.19336,
	2.80705 9.18906,
	2.81458 9.18045,
	2.81888 9.17615,
	2.82748 9.17185,
	2.83501 9.1654,
	2.85222 9.15787,
	2.85652 9.15679,
	2.87373 9.14711,
	2.88234 9.14389,
	2.88664 9.14173,
	2.88879 9.13958,
	2.906 9.13421,
	2.9232 9.12453,
	2.93181 9.12022,
	2.94902 9.10732,
	2.95547 9.09979,
	2.96407 9.09441,
	2.9716 9.08688,
	3.00602 9.06645,
	3.01462 9.06107,
	3.01892 9.05785,
	3.02323 9.05677,
	3.05764 9.03311,
	3.06625 9.02773,
	3.07485 9.01913,
	3.09206 9.00945,
	3.10927 9.003,
	3.11787 8.99762,
	3.15229 8.98364,
	3.16949 8.97503,
	3.1867 8.9632,
	3.20391 8.94815,
	3.21251 8.94062,
	3.22972 8.92879,
	3.23402 8.92664,
	3.23617 8.92664,
	3.24048 8.92341,
	3.25768 8.91696,
	3.2921 8.9148,
	3.3007 8.91373,
	3.30501 8.9148,
	3.31361 8.91373,
	3.34803 8.9019,
	3.36523 8.89437,
	3.38244 8.88469,
	3.39965 8.87824,
	3.40825 8.87394,
	3.42546 8.86963,
	3.45988 8.86641,
	3.49429 8.86748,
	3.52871 8.87178,
	3.53731 8.87286,
	3.55452 8.87824,
	3.56313 8.88146,
	3.56743 8.88469,
	3.58464 8.89007,
	3.58894 8.89114,
	3.59647 8.89975,
	3.60184 8.90835,
	3.60615 8.94277,
	3.6083 8.95137,
	3.6126 8.95998,
	3.61475 8.96428,
	3.6169 8.98149,
	3.61582 8.99009,
	3.61582 8.99439,
	3.6126 9.003,
	3.60722 9.0116,
	3.60399 9.0159,
	3.59969 9.03311,
	3.59969 9.05032,
	3.59969 9.05462,
	3.60077 9.05677,
	3.59862 9.07398,
	3.59647 9.08258,
	3.57818 9.117,
	3.5642 9.13421,
	3.55667 9.14281,
	3.54484 9.16002,
	3.53516 9.17723,
	3.52333 9.19443,
	3.51903 9.19874,
	3.51473 9.20089,
	2.96407 9.2224,
	2.82641 9.22777,
	2.79199 9.22993,
	2.78339 9.22993,
	2.78124 9.22885,
	"/>
</Transform>

<Transform dim="0"
 xcoef=" 0 1 0 0 0 0"
 ycoef=" 0 0 1 0 0 0">
<Contour name="ddh_d08ax11" comment="traced by ddh" hidden="false" closed="true" simplified="true" border="1 0 1" fill="1 0 1" mode="11"
 points="4.91407 2.76834,
	4.91996 2.75263,
	4.92389 2.74477,
	4.92586 2.74084,
	4.93371 2.73495,
	4.99656 2.70451,
	5.05941 2.67996,
	5.09084 2.66523,
	5.10655 2.65737,
	5.13797 2.64657,
	5.14583 2.64657,
	5.15369 2.6446,
	5.1694 2.6446,
	5.17726 2.6446,
	5.19297 2.63969,
	5.20868 2.63085,
	5.21654 2.62594,
	5.22439 2.61809,
	5.23421 2.60238,
	5.24207 2.58666,
	5.25287 2.57095,
	5.26662 2.55524,
	5.27448 2.55131,
	5.2784 2.54935,
	5.29412 2.54836,
	5.30197 2.54836,
	5.3334 2.56309,
	5.36482 2.568,
	5.39625 2.57684,
	5.41196 2.58372,
	5.42767 2.58863,
	5.43553 2.58961,
	5.43946 2.59059,
	5.44731 2.58961,
	5.46303 2.58175,
	5.49445 2.56113,
	5.51016 2.54935,
	5.52588 2.54051,
	5.54159 2.5356,
	5.54944 2.53363,
	5.58087 2.53265,
	5.59658 2.53265,
	5.62801 2.52578,
	5.64372 2.52283,
	5.65943 2.52283,
	5.69086 2.52774,
	5.69871 2.52971,
	5.70264 2.52971,
	5.71835 2.53756,
	5.72621 2.54247,
	5.73407 2.54935,
	5.73799 2.55327,
	5.76942 2.56997,
	5.77727 2.5739,
	5.7812 2.57586,
	5.79593 2.59157,
	5.80379 2.60729,
	5.80477 2.61121,
	5.79888 2.62693,
	5.78808 2.64264,
	5.7812 2.6505,
	5.76549 2.6613,
	5.75763 2.66621,
	5.74192 2.67996,
	5.73407 2.68683,
	5.71835 2.69665,
	5.70264 2.70352,
	5.68693 2.70647,
	5.6555 2.6996,
	5.59265 2.69469,
	5.5848 2.6937,
	5.56908 2.69861,
	5.53766 2.71727,
	5.50623 2.732,
	5.49052 2.73986,
	5.4591 2.76048,
	5.42767 2.78307,
	5.41196 2.79289,
	5.39919 2.8086,
	5.39723 2.81057,
	5.39527 2.81842,
	5.38446 2.83413,
	5.36875 2.84788,
	5.36089 2.85378,
	5.34518 2.86163,
	5.32947 2.86752,
	5.32161 2.87243,
	5.29019 2.88422,
	5.27448 2.88913,
	5.26662 2.89207,
	5.25876 2.89306,
	5.24305 2.90189,
	5.22734 2.91466,
	5.21555 2.93037,
	5.20082 2.94609,
	5.18511 2.95885,
	5.17726 2.9618,
	5.16154 2.96278,
	5.14583 2.9618,
	5.13012 2.95591,
	5.12324 2.95492,
	5.10753 2.94609,
	5.10164 2.93921,
	5.09869 2.93528,
	5.09771 2.92743,
	5.09771 2.9235,
	5.10753 2.90779,
	5.11342 2.89993,
	5.11539 2.896,
	5.11735 2.89404,
	5.11833 2.89011,
	5.12324 2.88225,
	5.12423 2.86654,
	5.12324 2.86261,
	5.12324 2.86065,
	5.11539 2.85476,
	5.09967 2.85378,
	5.08396 2.85083,
	5.05254 2.83708,
	5.02111 2.82039,
	5.0054 2.81253,
	4.97398 2.80271,
	4.94255 2.79878,
	4.92684 2.79584,
	4.91898 2.79191,
	4.91505 2.78405,
	4.91407 2.76932,
	"/>
</Transform>

<Transform dim="0"
 xcoef=" 0 1 0 0 0 0"
 ycoef=" 0 0 1 0 0 0">
<Contour name="ddh_d08ax09b" comment="traced by ddh" hidden="false" closed="true" simplified="true" border="0 1 1" fill="0 1 1" mode="11"
 points="4.87633 3.64235,
	4.88596 3.62308,
	4.89137 3.61406,
	4.90101 3.60743,
	4.90582 3.60563,
	4.90823 3.60442,
	4.92749 3.60202,
	4.93712 3.59539,
	4.93953 3.59419,
	4.94916 3.58576,
	4.95398 3.58155,
	4.96361 3.57493,
	4.98287 3.55928,
	4.9925 3.55085,
	5.00755 3.53159,
	5.0238 3.51233,
	5.02802 3.50751,
	5.03283 3.5039,
	5.03524 3.50149,
	5.04005 3.49969,
	5.04487 3.49908,
	5.0545 3.50029,
	5.06413 3.5033,
	5.06654 3.5045,
	5.0852 3.52316,
	5.09182 3.53279,
	5.09182 3.534,
	5.09784 3.54303,
	5.10567 3.55266,
	5.10807 3.55747,
	5.11229 3.56169,
	5.11409 3.56409,
	5.11409 3.5653,
	5.11891 3.56951,
	5.12132 3.57192,
	5.12613 3.58155,
	5.13215 3.59118,
	5.14901 3.61044,
	5.15262 3.61526,
	5.15442 3.61767,
	5.15502 3.62007,
	5.17308 3.63934,
	5.18934 3.6586,
	5.19596 3.66823,
	5.20679 3.68749,
	5.2092 3.69231,
	5.21101 3.71157,
	5.21101 3.71639,
	5.20559 3.73565,
	5.20499 3.73806,
	5.20499 3.73926,
	5.20318 3.74167,
	5.20318 3.74287,
	5.20137 3.74528,
	5.20077 3.74769,
	5.19295 3.75732,
	5.18873 3.76213,
	5.16947 3.77718,
	5.15984 3.78501,
	5.15021 3.79103,
	5.146 3.79524,
	5.14058 3.80487,
	5.13817 3.80728,
	5.13516 3.81209,
	5.1177 3.83015,
	5.09844 3.8464,
	5.08881 3.85543,
	5.07918 3.85965,
	5.07436 3.86085,
	5.06473 3.86145,
	5.0551 3.86567,
	5.04547 3.86687,
	5.00695 3.86145,
	4.98769 3.85724,
	4.97805 3.85423,
	4.97324 3.85242,
	4.96361 3.8452,
	4.9618 3.84339,
	4.96 3.83858,
	4.95819 3.82895,
	4.95699 3.82654,
	4.95699 3.82172,
	4.95699 3.81932,
	4.95518 3.8145,
	4.95518 3.81209,
	4.95217 3.80246,
	4.94374 3.7832,
	4.93833 3.77357,
	4.93411 3.76394,
	4.9311 3.75431,
	4.92207 3.73505,
	4.92027 3.73023,
	4.91906 3.72782,
	4.91425 3.72361,
	4.91184 3.7212,
	4.91003 3.71639,
	4.90221 3.70675,
	4.898 3.70194,
	4.89137 3.69231,
	4.88054 3.67305,
	4.87753 3.66341,
	4.87633 3.64415,
	4.87633 3.64295,
	"/>
</Transform>

<Transform dim="6"
 xcoef=" 0.314163729920593 1.01414244191573 0.00525262050127653 0 0 0"
 ycoef=" -0.343401844016014 0.0409018789083195 0.987245873420253 0 0 0">
<Image mag="0.00217507" contrast="0.93785" brightness="0.12" red="true" green="true" blue="true"
 src="FHLTD.63.jpg" />
<Contour name="domain1" hidden="false" closed="true" simplified="false" border="1 0 1" fill="1 0 1" mode="11"
 points="0 0,
	4096 0,
	4096 4096,
	0 4096,
	"/>
</Transform>

<Transform dim="0"
 xcoef=" 0 1 0 0 0 0"
 ycoef=" 0 0 1 0 0 0">
<Contour name="ddh_d08ax08" comment="traced by ddh" hidden="false" closed="true" simplified="true" border="1 0 1" fill="1 0 1" mode="11"
 points="5.50726 4.61795,
	5.5123 4.60643,
	5.5159 4.60067,
	5.52742 4.59275,
	5.53319 4.58987,
	5.54471 4.58626,
	5.54759 4.58626,
	5.55911 4.58266,
	5.56487 4.58194,
	5.57063 4.57978,
	5.59367 4.57618,
	5.61672 4.57546,
	5.62824 4.57618,
	5.63976 4.57834,
	5.65128 4.5769,
	5.6628 4.5769,
	5.66856 4.57834,
	5.67144 4.57834,
	5.6772 4.58194,
	5.68873 4.5841,
	5.71177 4.59203,
	5.72329 4.59707,
	5.72905 4.59923,
	5.74057 4.60643,
	5.74417 4.61147,
	5.74633 4.61723,
	5.74777 4.62875,
	5.74705 4.63451,
	5.74705 4.63739,
	5.74057 4.64891,
	5.72905 4.65755,
	5.71753 4.66403,
	5.71177 4.66836,
	5.70601 4.67124,
	5.68296 4.68708,
	5.67144 4.69068,
	5.66568 4.69284,
	5.6628 4.69356,
	5.65704 4.69716,
	5.65416 4.69788,
	5.65272 4.69788,
	5.65128 4.69932,
	5.6484 4.69932,
	5.64552 4.70148,
	5.634 4.70436,
	5.62248 4.7058,
	5.61096 4.7058,
	5.59943 4.70436,
	5.58791 4.70148,
	5.57639 4.70004,
	5.56487 4.70004,
	5.55911 4.69932,
	5.55623 4.6986,
	5.55479 4.6986,
	5.55335 4.69716,
	5.55047 4.69716,
	5.54471 4.695,
	5.54183 4.69284,
	5.53895 4.69212,
	5.53319 4.68708,
	5.50942 4.64099,
	5.50798 4.63811,
	5.50726 4.62659,
	5.50726 4.62083,
	5.50726 4.61867,
	"/>
</Transform>

<Transform dim="0"
 xcoef=" 0 1 0 0 0 0"
 ycoef=" 0 0 1 0 0 0">
<Contour name="ddh_d07ax11" comment="traced by ddh" hidden="false" closed="true" simplified="true" border="1 0.5 0" fill="1 0.5 0" mode="11"
 points="2.30623 8.43824,
	2.30834 8.4298,
	2.31361 8.42242,
	2.32837 8.41188,
	2.33681 8.40871,
	2.37055 8.40555,
	2.4043 8.40661,
	2.41273 8.40766,
	2.41695 8.40977,
	2.42222 8.4182,
	2.42433 8.42242,
	2.4275 8.4393,
	2.43066 8.44773,
	2.43593 8.45617,
	2.44015 8.45933,
	2.44226 8.46144,
	2.44437 8.46144,
	2.44648 8.46355,
	2.44859 8.46355,
	2.45597 8.46882,
	2.46019 8.47199,
	2.46546 8.48042,
	2.46757 8.48464,
	2.46862 8.50151,
	2.46651 8.53526,
	2.4644 8.54369,
	2.4644 8.5458,
	2.4623 8.54791,
	2.4623 8.55213,
	2.45597 8.569,
	2.44859 8.57744,
	2.44015 8.58376,
	2.40641 8.58166,
	2.38953 8.57955,
	2.3811 8.57427,
	2.37372 8.56689,
	2.37161 8.56478,
	2.37161 8.56267,
	2.36633 8.55529,
	2.36423 8.55318,
	2.36423 8.55107,
	2.36212 8.55002,
	2.36106 8.5458,
	2.35474 8.53737,
	2.34946 8.53209,
	2.34524 8.53104,
	2.33681 8.52577,
	2.32943 8.51733,
	2.32415 8.50889,
	2.32415 8.50046,
	2.32205 8.49202,
	2.32205 8.48991,
	2.31994 8.4878,
	2.31255 8.47093,
	2.30834 8.46249,
	2.30623 8.45828,
	2.30623 8.4414,
	2.30623 8.4393,
	"/>
</Transform>

<Transform dim="0"
 xcoef=" 0 1 0 0 0 0"
 ycoef=" 0 0 1 0 0 0">
<Contour name="ddh_d07ax09" comment="traced by ddh" hidden="false" closed="true" simplified="true" border="1 0 0.5" fill="1 0 0.5" mode="11"
 points="3.93227 6.13479,
	3.93452 6.13027,
	3.93452 6.12125,
	3.94355 6.10319,
	3.94806 6.09417,
	3.96612 6.07611,
	3.98417 6.06483,
	4.00222 6.0558,
	4.01802 6.03775,
	4.02479 6.02872,
	4.0293 6.0197,
	4.04623 6.00164,
	4.05526 5.99374,
	4.08346 5.95764,
	4.11619 5.92153,
	4.14327 5.88542,
	4.15906 5.86737,
	4.16809 5.85947,
	4.18614 5.85157,
	4.2042 5.84593,
	4.21322 5.84367,
	4.22225 5.83916,
	4.25723 5.82901,
	4.26625 5.82675,
	4.30236 5.82901,
	4.32042 5.83126,
	4.32944 5.83578,
	4.33734 5.8448,
	4.34185 5.85383,
	4.3396 5.87188,
	4.3317 5.88994,
	4.31816 5.90799,
	4.3001 5.92492,
	4.29333 5.93394,
	4.28431 5.94071,
	4.26625 5.95764,
	4.2482 5.97005,
	4.21209 5.99149,
	4.17599 6.02195,
	4.17147 6.02647,
	4.14778 6.06257,
	4.13198 6.0795,
	4.11393 6.09078,
	4.10942 6.09529,
	4.09136 6.10545,
	4.07331 6.12125,
	4.06541 6.1393,
	4.04736 6.15622,
	4.03833 6.15961,
	4.0293 6.15961,
	4.02028 6.15735,
	4.00222 6.14945,
	3.9932 6.1472,
	3.97514 6.1472,
	3.97063 6.14607,
	3.95258 6.14945,
	3.94355 6.14833,
	3.93565 6.14268,
	3.93339 6.13817,
	3.93227 6.13591,
	"/>
</Transform>

</Section>