<?xml version="1.0"?>
<!DOCTYPE Section SYSTEM "section.dtd">

<Section index="145" thickness="0.045" alignLocked="true">
<Transform dim="6"
 xcoef=" 0.0630421550332155 1.01161358043972 -0.0232860853193382 0 0 0"
 ycoef=" -0.167070823324978 0.0206018529314313 1.00550325163609 0 0 0">
<Contour name="D05" hidden="false" closed="true" simplified="true" border="1 1 0" fill="1 1 0" mode="11"
 points="2.69299 3.97404,
	2.70475 3.90163,
	2.73888 3.83632,
	2.79205 3.78448,
	2.85904 3.7512,
	2.93329 3.73974,
	3.00755 3.7512,
	3.07454 3.78448,
	3.12771 3.83632,
	3.16184 3.90163,
	3.1736 3.97404,
	3.16184 4.04644,
	3.12771 4.11175,
	3.07454 4.16359,
	3.00755 4.19687,
	2.93329 4.20833,
	2.85904 4.19687,
	2.79205 4.16359,
	2.73888 4.11175,
	"/>
</Transform>

<Transform dim="6"
 xcoef=" 0.0630421550332155 1.01161358043972 -0.0232860853193382 0 0 0"
 ycoef=" -0.167070823324978 0.0206018529314313 1.00550325163609 0 0 0">
<Contour name="d01" hidden="true" closed="true" simplified="true" border="1 0.5 0" fill="1 0.5 0" mode="9"
 points="4.77346 4.97058,
	4.80542 4.92796,
	4.83739 4.90132,
	4.8587 4.88001,
	4.91197 4.8001,
	4.93328 4.79477,
	4.94394 4.79477,
	4.95459 4.80542,
	4.96525 4.9759,
	4.95992 4.99721,
	4.95992 5.00787,
	4.93328 5.05049,
	4.89599 5.08245,
	4.88534 5.08778,
	4.88001 5.1304,
	4.86403 5.15171,
	4.82141 5.16769,
	4.79477 5.14106,
	4.78944 5.09844,
	4.78944 5.07713,
	4.77346 5.03451,
	4.77346 4.99189,
	4.77346 4.9759,
	"/>
</Transform>

<Transform dim="6"
 xcoef=" 0.0630421550332155 1.01161358043972 -0.0232860853193382 0 0 0"
 ycoef=" -0.167070823324978 0.0206018529314313 1.00550325163609 0 0 0">
<Contour name="d01" hidden="true" closed="true" simplified="true" border="1 0.5 0" fill="1 0.5 0" mode="9"
 points="4.49929 4.34276,
	4.50928 4.31612,
	4.50928 4.28948,
	4.53259 4.26949,
	4.54591 4.26283,
	4.57255 4.20955,
	4.56589 4.1829,
	4.57921 4.17957,
	4.59254 4.1829,
	4.60253 4.19623,
	4.60586 4.19956,
	4.59254 4.20622,
	4.58921 4.20955,
	4.61252 4.22287,
	4.63916 4.22953,
	4.74573 4.23952,
	4.79902 4.24285,
	4.8523 4.22953,
	4.90559 4.2262,
	4.91891 4.2262,
	4.94555 4.23619,
	4.99884 4.23952,
	5.05212 4.23619,
	5.10541 4.24285,
	5.13205 4.24618,
	5.15536 4.26949,
	5.1487 4.27615,
	5.04213 4.28281,
	4.98885 4.28614,
	4.9622 4.28948,
	4.90892 4.28614,
	4.88228 4.28614,
	4.82899 4.29614,
	4.7757 4.29947,
	4.72242 4.30946,
	4.66913 4.32611,
	4.64249 4.34276,
	4.53592 4.35608,
	4.5226 4.35608,
	4.50928 4.34942,
	4.50262 4.34609,
	"/>
</Transform>

<Transform dim="6"
 xcoef=" 0.0630421550332155 1.01161358043972 -0.0232860853193382 0 0 0"
 ycoef=" -0.167070823324978 0.0206018529314313 1.00550325163609 0 0 0">
<Contour name="d01p21" hidden="false" closed="true" simplified="true" border="0 1 1" fill="0 1 1" mode="9"
 points="5.41806 4.16767,
	5.42026 4.15378,
	5.42665 4.14125,
	5.4366 4.1313,
	5.44913 4.12491,
	5.46302 4.12271,
	5.47692 4.12491,
	5.48945 4.1313,
	5.4994 4.14125,
	5.50578 4.15378,
	5.50798 4.16767,
	5.50578 4.18157,
	5.4994 4.1941,
	5.48945 4.20405,
	5.47692 4.21043,
	5.46302 4.21263,
	5.44913 4.21043,
	5.4366 4.20405,
	5.42665 4.1941,
	"/>
</Transform>

<Transform dim="6"
 xcoef=" 0.0630421550332155 1.01161358043972 -0.0232860853193382 0 0 0"
 ycoef=" -0.167070823324978 0.0206018529314313 1.00550325163609 0 0 0">
<Contour name="d01cfa13" hidden="false" closed="false" simplified="false" border="0 1 1" fill="0 1 1" mode="9"
 points="4.16954 2.57021,
	4.20398 2.55987,
	4.23326 2.5616,
	4.26598 2.57193,
	4.31592 2.58398,
	4.36414 2.59604,
	4.39686 2.61154,
	4.41925 2.62531,
	4.43647 2.64426,
	4.46058 2.66148,
	"/>
</Transform>

<Transform dim="6"
 xcoef=" 0.0630421550332155 1.01161358043972 -0.0232860853193382 0 0 0"
 ycoef=" -0.167070823324978 0.0206018529314313 1.00550325163609 0 0 0">
<Contour name="d01" hidden="true" closed="true" simplified="true" border="1 0.5 0" fill="1 0.5 0" mode="9"
 points="6.32197 3.9265,
	6.32521 3.92001,
	6.32845 3.91839,
	6.3317 3.92001,
	6.33494 3.91839,
	6.34143 3.92487,
	6.36738 3.93623,
	6.37386 3.94109,
	6.37711 3.94271,
	6.38197 3.93785,
	6.40792 3.9346,
	6.4209 3.93623,
	6.42576 3.94271,
	6.43387 3.96866,
	6.43874 3.99461,
	6.43712 4.04651,
	6.4355 4.04976,
	6.40955 4.05138,
	6.3836 4.04651,
	6.35765 4.05138,
	6.34467 4.053,
	6.3317 4.05138,
	6.32521 4.04651,
	6.32359 4.03354,
	6.3317 4.02056,
	6.33656 3.99461,
	6.33656 3.98813,
	6.32197 3.93623,
	6.32197 3.92974,
	6.32197 3.92812,
	"/>
</Transform>

<Transform dim="6"
 xcoef=" 0.0630421550332155 1.01161358043972 -0.0232860853193382 0 0 0"
 ycoef=" -0.167070823324978 0.0206018529314313 1.00550325163609 0 0 0">
<Contour name="d01c21" hidden="false" closed="true" simplified="true" border="0 1 0" fill="0 1 0" mode="9"
 points="5.36665 4.76986,
	5.3711 4.76541,
	5.37556 4.74759,
	5.40228 4.71419,
	5.43123 4.64293,
	5.43345 4.63402,
	5.44013 4.62734,
	5.44904 4.63625,
	5.45795 4.65184,
	5.45795 4.65629,
	5.4624 4.65852,
	5.46018 4.67633,
	5.44904 4.69415,
	5.44459 4.70306,
	5.44459 4.72087,
	5.44236 4.72978,
	5.43568 4.73868,
	5.429 4.7565,
	5.42677 4.76541,
	5.41564 4.78322,
	5.40896 4.80104,
	5.39114 4.81662,
	5.38224 4.81885,
	5.37778 4.81662,
	5.37333 4.81885,
	5.36888 4.81662,
	5.36665 4.78099,
	5.36665 4.77209,
	"/>
</Transform>

<Transform dim="6"
 xcoef=" 0.0630421550332155 1.01161358043972 -0.0232860853193382 0 0 0"
 ycoef=" -0.167070823324978 0.0206018529314313 1.00550325163609 0 0 0">
<Contour name="d01cfa21" hidden="false" closed="false" simplified="false" border="0 1 1" fill="0 1 1" mode="9"
 points="5.44385 4.63107,
	5.45054 4.65334,
	5.44831 4.67338,
	5.44163 4.70679,
	5.42381 4.74019,
	5.39932 4.77804,
	5.37928 4.81145,
	"/>
</Transform>

<Transform dim="6"
 xcoef=" 0.0630421550332155 1.01161358043972 -0.0232860853193382 0 0 0"
 ycoef=" -0.167070823324978 0.0206018529314313 1.00550325163609 0 0 0">
<Contour name="d01c13" hidden="false" closed="true" simplified="true" border="0 1 0" fill="0 1 0" mode="9"
 points="4.16923 2.56595,
	4.18301 2.55906,
	4.21056 2.55217,
	4.26567 2.55045,
	4.32078 2.55217,
	4.32767 2.55217,
	4.35522 2.56939,
	4.38278 2.58145,
	4.38966 2.58317,
	4.41377 2.59867,
	4.41722 2.59867,
	4.42411 2.60383,
	4.42583 2.60556,
	4.43961 2.60383,
	4.44649 2.60383,
	4.45338 2.609,
	4.45683 2.61244,
	4.45683 2.64,
	4.46716 2.65205,
	4.4706 2.6555,
	4.46888 2.66239,
	4.46372 2.66755,
	4.44994 2.66927,
	4.42238 2.65205,
	4.4155 2.64516,
	4.40172 2.63655,
	4.39483 2.63311,
	4.38794 2.62622,
	4.27773 2.59006,
	4.22262 2.57284,
	4.20884 2.56767,
	4.18129 2.57111,
	4.1744 2.57284,
	4.17096 2.57284,
	4.16923 2.56767,
	"/>
</Transform>

<Transform dim="6"
 xcoef=" 0.0630421550332155 1.01161358043972 -0.0232860853193382 0 0 0"
 ycoef=" -0.167070823324978 0.0206018529314313 1.00550325163609 0 0 0">
<Contour name="d01" hidden="true" closed="true" simplified="true" border="1 0.5 0" fill="1 0.5 0" mode="9"
 points="4.15284 2.52695,
	4.15949 2.51365,
	4.18608 2.48705,
	4.19938 2.47707,
	4.21268 2.47375,
	4.22598 2.47707,
	4.25258 2.4937,
	4.27918 2.50035,
	4.30578 2.50035,
	4.33238 2.49037,
	4.38558 2.48705,
	4.41218 2.49702,
	4.46538 2.50035,
	4.49198 2.507,
	4.54518 2.51032,
	4.55848 2.52362,
	4.56513 2.53692,
	4.56513 2.56352,
	4.52523 2.61672,
	4.51193 2.62337,
	4.50195 2.63667,
	4.47535 2.64997,
	4.46205 2.64332,
	4.4554 2.64332,
	4.4288 2.62337,
	4.41551 2.62004,
	4.40886 2.61339,
	4.40221 2.61339,
	4.38891 2.60342,
	4.36231 2.59677,
	4.34901 2.59344,
	4.33571 2.58347,
	4.28251 2.56684,
	4.17611 2.55687,
	4.16946 2.55687,
	4.15616 2.5469,
	4.15284 2.5336,
	4.15284 2.53027,
	"/>
</Transform>

<Transform dim="6"
 xcoef=" 0.0630421550332155 1.01161358043972 -0.0232860853193382 0 0 0"
 ycoef=" -0.167070823324978 0.0206018529314313 1.00550325163609 0 0 0">
<Contour name="d03" hidden="false" closed="true" simplified="true" border="0 1 0" fill="0 1 0" mode="9"
 points="3.18453 2.55153,
	3.19011 2.54038,
	3.21242 2.52922,
	3.22357 2.52364,
	3.23194 2.48182,
	3.23752 2.47066,
	3.27377 2.42605,
	3.2905 2.33681,
	3.29608 2.3145,
	3.30165 2.30335,
	3.34627 2.29777,
	3.39089 2.27546,
	3.41041 2.26152,
	3.44108 2.2169,
	3.4606 2.17229,
	3.46618 2.14998,
	3.48012 2.12767,
	3.52195 2.08305,
	3.53589 2.06074,
	3.62512 1.99382,
	3.63628 1.98824,
	3.6809 1.98824,
	3.7032 1.98824,
	3.72272 1.96872,
	3.71994 1.9241,
	3.70042 1.9018,
	3.6558 1.89901,
	3.63628 1.85439,
	3.6307 1.84324,
	3.64743 1.82093,
	3.65301 1.80977,
	3.6558 1.8042,
	3.63907 1.75958,
	3.6307 1.73727,
	3.62791 1.69265,
	3.63349 1.60342,
	3.64464 1.5588,
	3.64743 1.54765,
	3.58887 1.36918,
	3.58051 1.34687,
	3.57772 1.25764,
	3.56378 1.16841,
	3.5582 1.1461,
	3.56099 1.10148,
	3.56378 1.07917,
	3.56378 1.06802,
	3.57214 1.04571,
	3.57772 1.03455,
	3.57772 0.989938,
	3.57772 0.96763,
	3.57772 0.956475,
	3.66695 0.950898,
	3.71157 0.950898,
	3.72272 0.950898,
	3.74224 0.995515,
	3.75619 1.04013,
	3.76734 1.12937,
	3.75619 1.2186,
	3.74503 1.26322,
	3.74224 1.28553,
	3.73946 1.29668,
	3.73667 1.30226,
	3.7785 1.39149,
	3.78407 1.43611,
	3.78407 1.45842,
	3.78965 1.48072,
	3.82311 1.52534,
	3.82869 1.53092,
	3.8008 1.62015,
	3.78686 1.66477,
	3.77292 1.754,
	3.77013 1.76516,
	3.79244 1.85439,
	3.79523 1.86555,
	3.79523 1.87112,
	3.86494 1.96036,
	3.90956 1.99661,
	3.93465 2.04122,
	3.94581 2.06074,
	3.99043 2.09142,
	3.996 2.097,
	3.99879 2.18623,
	4.02947 2.23085,
	4.03783 2.27546,
	4.01831 2.3647,
	4.02389 2.45393,
	4.01273 2.49855,
	4.00437 2.52086,
	3.98485 2.54038,
	3.97369 2.54874,
	3.88446 2.56826,
	3.83984 2.57663,
	3.66138 2.6324,
	3.61676 2.65192,
	3.57214 2.67702,
	3.54983 2.69096,
	3.52753 2.69932,
	3.43829 2.71048,
	3.39367 2.71606,
	3.30444 2.7049,
	3.25982 2.69654,
	3.21521 2.67423,
	3.1929 2.66028,
	3.19569 2.61567,
	3.20405 2.59336,
	3.1929 2.57105,
	3.18732 2.5599,
	3.18453 2.55432,
	"/>
</Transform>

<Transform dim="6"
 xcoef=" 0.0630421550332155 1.01161358043972 -0.0232860853193382 0 0 0"
 ycoef=" -0.167070823324978 0.0206018529314313 1.00550325163609 0 0 0">
<Contour name="D09" hidden="false" closed="true" simplified="true" border="0 1 0" fill="0 1 0" mode="11"
 points="6.56095 1.62514,
	6.56957 1.58887,
	6.59457 1.55616,
	6.63352 1.53019,
	6.68259 1.51352,
	6.73699 1.50778,
	6.79139 1.51352,
	6.84046 1.53019,
	6.87941 1.55616,
	6.90441 1.58887,
	6.91303 1.62514,
	6.90441 1.6614,
	6.87941 1.69412,
	6.84046 1.72008,
	6.79139 1.73675,
	6.73699 1.7425,
	6.68259 1.73675,
	6.63352 1.72008,
	6.59457 1.69412,
	"/>
</Transform>

<Transform dim="6"
 xcoef=" 0.0630421550332155 1.01161358043972 -0.0232860853193382 0 0 0"
 ycoef=" -0.167070823324978 0.0206018529314313 1.00550325163609 0 0 0">
<Contour name="d03c21" hidden="false" closed="true" simplified="true" border="1 0 0" fill="1 0 0" mode="9"
 points="3.75797 1.69245,
	3.78072 1.65605,
	3.78754 1.64696,
	3.80574 1.64468,
	3.81484 1.64468,
	3.81939 1.66288,
	3.81939 1.67198,
	3.82849 1.67425,
	3.83076 1.69245,
	3.83076 1.70155,
	3.85124 1.73795,
	3.86034 1.75615,
	3.88536 1.79254,
	3.88536 1.86534,
	3.88536 1.88353,
	3.88536 1.89263,
	3.88991 1.90173,
	3.90583 1.91993,
	3.92858 1.95633,
	3.93768 1.96543,
	3.93768 1.98363,
	3.9354 1.99272,
	3.92858 2.00182,
	3.91948 2.00637,
	3.90128 2.00637,
	3.89218 2.00637,
	3.85579 1.9859,
	3.83986 1.97453,
	3.82166 1.9586,
	3.80802 1.9404,
	3.80119 1.90401,
	3.79437 1.88581,
	3.77844 1.87444,
	3.76479 1.85624,
	3.76024 1.84714,
	3.75797 1.70155,
	3.75797 1.69473,
	"/>
<Contour name="d03cfa21" hidden="false" closed="false" simplified="false" border="0 1 1" fill="0 1 1" mode="9"
 points="3.91847 2.00472,
	3.85478 1.92055,
	3.80928 1.82273,
	3.79336 1.70672,
	3.79563 1.64757,
	"/>
</Transform>

<Transform dim="6"
 xcoef=" 0.0630421550332155 1.01161358043972 -0.0232860853193382 0 0 0"
 ycoef=" -0.167070823324978 0.0206018529314313 1.00550325163609 0 0 0">
<Contour name="d06" hidden="true" closed="true" simplified="true" border="0 0 1" fill="0 0 1" mode="11"
 points="2.66689 6.20323,
	2.69197 6.15864,
	2.69197 6.11405,
	2.69197 6.10291,
	2.69197 6.09733,
	2.71147 6.07783,
	2.73377 6.07504,
	2.75606 6.07783,
	2.77836 6.08897,
	2.80065 6.10569,
	2.80901 6.15028,
	2.80901 6.19487,
	2.80901 6.21716,
	2.8118 6.22831,
	2.82852 6.2506,
	2.83688 6.26175,
	2.84245 6.26732,
	2.84524 6.28962,
	2.84524 6.30076,
	2.83966 6.30634,
	2.81737 6.3147,
	2.79508 6.3147,
	2.77278 6.30912,
	2.75049 6.30912,
	2.72819 6.32306,
	2.71705 6.33142,
	2.69475 6.3342,
	2.68361 6.3342,
	2.67803 6.3342,
	2.66967 6.32306,
	2.66689 6.23388,
	2.66689 6.21159,
	2.66689 6.20601,
	"/>
</Transform>

<Transform dim="6"
 xcoef=" 0.0630421550332155 1.01161358043972 -0.0232860853193382 0 0 0"
 ycoef=" -0.167070823324978 0.0206018529314313 1.00550325163609 0 0 0">
<Contour name="d06" hidden="true" closed="true" simplified="true" border="0 0 1" fill="0 0 1" mode="11"
 points="3.62273 7.82788,
	3.64502 7.81952,
	3.65617 7.81952,
	3.70076 7.79444,
	3.72305 7.78608,
	3.7342 7.78051,
	3.74535 7.78051,
	3.74813 7.78608,
	3.74256 7.79723,
	3.77879 7.83903,
	3.78436 7.85018,
	3.78157 7.93935,
	3.77043 7.96165,
	3.74813 7.98115,
	3.70354 7.98394,
	3.66732 7.94492,
	3.66453 7.93378,
	3.66732 7.92542,
	3.64502 7.9087,
	3.63388 7.90034,
	3.6283 7.89198,
	3.6283 7.86968,
	3.6283 7.85854,
	3.62273 7.84739,
	3.62273 7.83624,
	3.62273 7.83067,
	"/>
</Transform>

<Transform dim="6"
 xcoef=" 0.0630421550332155 1.01161358043972 -0.0232860853193382 0 0 0"
 ycoef=" -0.167070823324978 0.0206018529314313 1.00550325163609 0 0 0">
<Contour name="d06c18" hidden="false" closed="true" simplified="true" border="0 1 0" fill="0 1 0" mode="11"
 points="3.58784 7.85766,
	3.60478 7.84495,
	3.63867 7.84495,
	3.64714 7.84495,
	3.67255 7.87884,
	3.67679 7.89578,
	3.66408 7.92967,
	3.65561 7.94661,
	3.62172 7.94237,
	3.60901 7.92543,
	3.59631 7.89154,
	3.58784 7.8746,
	3.58784 7.86189,
	"/>
<Contour name="d06cfa18" hidden="true" closed="false" simplified="false" border="0 1 1" fill="0 1 1" mode="11"
 points="3.64789 7.93069,
	3.62247 7.88833,
	3.61824 7.84597,
	"/>
</Transform>

<Transform dim="6"
 xcoef=" 0.0630421550332155 1.01161358043972 -0.0232860853193382 0 0 0"
 ycoef=" -0.167070823324978 0.0206018529314313 1.00550325163609 0 0 0">
<Contour name="d07" hidden="true" closed="true" simplified="true" border="1 0 1" fill="1 0 1" mode="9"
 points="3.6864 7.54964,
	3.70001 7.51337,
	3.74988 7.44082,
	3.78616 7.40908,
	3.85871 7.37734,
	3.93126 7.35467,
	3.96753 7.35467,
	3.98567 7.35013,
	4.05822 7.3728,
	4.13077 7.38187,
	4.1489 7.38187,
	4.16704 7.39094,
	4.19425 7.42722,
	4.2668 7.48616,
	4.27586 7.5043,
	4.2804 7.6494,
	4.2804 7.72195,
	4.27586 7.73102,
	4.20331 7.73102,
	4.16704 7.73102,
	4.15797 7.73102,
	4.1217 7.76276,
	4.08542 7.78543,
	4.01287 7.79903,
	3.94032 7.79903,
	3.90405 7.7945,
	3.89498 7.7945,
	3.86324 7.75822,
	3.85417 7.72195,
	3.85417 7.70381,
	3.82243 7.67207,
	3.78616 7.65847,
	3.74988 7.62673,
	3.73175 7.60859,
	3.69547 7.59499,
	3.6864 7.58592,
	3.6864 7.55418,
	"/>
</Transform>

<Transform dim="6"
 xcoef=" 0.0630421550332155 1.01161358043972 -0.0232860853193382 0 0 0"
 ycoef=" -0.167070823324978 0.0206018529314313 1.00550325163609 0 0 0">
<Contour name="d07" hidden="true" closed="true" simplified="true" border="1 0 1" fill="1 0 1" mode="9"
 points="4.00834 8.38849,
	4.01741 8.37036,
	4.02194 8.29781,
	4.02648 8.27967,
	4.04008 8.26153,
	4.05822 8.25246,
	4.13077 8.25246,
	4.16704 8.257,
	4.18971 8.29327,
	4.18971 8.32955,
	4.19878 8.34768,
	4.20785 8.35675,
	4.19425 8.4293,
	4.18971 8.46558,
	4.15797 8.49732,
	4.13983 8.51092,
	4.06729 8.51092,
	4.03101 8.51092,
	4.01287 8.49732,
	4.00834 8.42477,
	4.00834 8.39303,
	"/>
</Transform>

<Transform dim="6"
 xcoef=" 0.0630421550332155 1.01161358043972 -0.0232860853193382 0 0 0"
 ycoef=" -0.167070823324978 0.0206018529314313 1.00550325163609 0 0 0">
<Contour name="d08" hidden="false" closed="true" simplified="true" border="1 0 0" fill="1 0 0" mode="9"
 points="4.01896 2.16247,
	4.0355 2.14593,
	4.05618 2.11699,
	4.08925 2.11699,
	4.10579 2.12112,
	4.11406 2.12939,
	4.1182 2.16247,
	4.18435 2.15833,
	4.21743 2.16247,
	4.23397 2.17074,
	4.26291 2.19968,
	4.27532 2.21622,
	4.27945 2.2493,
	4.27532 2.28237,
	4.24224 2.28651,
	4.17608 2.27824,
	4.14301 2.27824,
	4.07685 2.25343,
	4.04377 2.22449,
	4.02723 2.20795,
	4.01896 2.19141,
	4.01896 2.17487,
	4.01896 2.1666,
	"/>
<Contour name="d08" hidden="false" closed="true" simplified="true" border="1 0 0" fill="1 0 0" mode="9"
 points="3.97762 1.49264,
	3.99416 1.4761,
	4.02723 1.45956,
	4.09339 1.45543,
	4.12647 1.45543,
	4.13474 1.45543,
	4.15128 1.47197,
	4.16368 1.50504,
	4.15955 1.63736,
	4.15541 1.67043,
	4.15955 1.68697,
	4.17195 1.70351,
	4.18022 1.71178,
	4.31253 1.71592,
	4.37869 1.71592,
	4.41176 1.71592,
	4.4283 1.72005,
	4.49446 1.76553,
	4.511 1.77794,
	4.57715 1.78207,
	4.59369 1.78207,
	4.65985 1.80688,
	4.69293 1.83582,
	4.726 1.84823,
	4.75908 1.85236,
	4.82524 1.87304,
	4.85832 1.88957,
	4.92447 1.9516,
	4.94928 1.98467,
	4.94928 2.01775,
	4.92861 2.05083,
	4.9162 2.06737,
	4.88312 2.08391,
	4.81697 2.08391,
	4.75081 2.10458,
	4.71773 2.10458,
	4.68466 2.11699,
	4.66812 2.12525,
	4.65158 2.14179,
	4.58542 2.14593,
	4.51927 2.20381,
	4.50273 2.22035,
	4.49446 2.23689,
	4.48619 2.24516,
	4.49032 2.37747,
	4.49032 2.44363,
	4.49032 2.47671,
	4.48619 2.49325,
	4.48205 2.50152,
	4.44898 2.50152,
	4.38282 2.48084,
	4.35388 2.44776,
	4.3332 2.41469,
	4.3208 2.39815,
	4.3208 2.33199,
	4.3208 2.31545,
	4.29186 2.28237,
	4.28359 2.27411,
	4.27118 2.20795,
	4.26291 2.19141,
	4.26291 2.18314,
	4.25051 2.1666,
	4.24224 2.15833,
	4.24224 2.15006,
	4.22157 2.11699,
	4.20916 2.05083,
	4.14714 1.98881,
	4.1306 1.95573,
	4.1306 1.88957,
	4.1182 1.8565,
	4.10993 1.83996,
	4.10993 1.80688,
	4.10993 1.79034,
	4.06031 1.65803,
	4.04791 1.64149,
	4.03964 1.60841,
	4.03137 1.60014,
	4.03137 1.59187,
	4.00656 1.5588,
	3.99002 1.54226,
	3.97762 1.50918,
	3.97762 1.49677,
	"/>
</Transform>

<Transform dim="6"
 xcoef=" 0.0630421550332155 1.01161358043972 -0.0232860853193382 0 0 0"
 ycoef=" -0.167070823324978 0.0206018529314313 1.00550325163609 0 0 0">
<Contour name="d08p27" hidden="false" closed="true" simplified="false" border="1 0 1" fill="1 0 1" mode="9"
 points="4.35423 2.3098,
	4.35423 2.29153,
	4.37249 2.27326,
	4.39076 2.27326,
	4.40903 2.29153,
	4.40903 2.3098,
	4.39076 2.32807,
	4.37249 2.32807,
	"/>
</Transform>

<Transform dim="6"
 xcoef=" 0.0630421550332155 1.01161358043972 -0.0232860853193382 0 0 0"
 ycoef=" -0.167070823324978 0.0206018529314313 1.00550325163609 0 0 0">
<Contour name="d08c26" hidden="false" closed="true" simplified="true" border="1 0 0" fill="0 1 0" mode="9"
 points="4.13365 1.6254,
	4.14049 1.61171,
	4.14733 1.60829,
	4.15076 1.5946,
	4.16102 1.58091,
	4.21577 1.58434,
	4.22946 1.59118,
	4.25683 1.61856,
	4.27394 1.64593,
	4.27394 1.70068,
	4.27052 1.71437,
	4.25683 1.72806,
	4.22946 1.74174,
	4.20208 1.74517,
	4.17471 1.72463,
	4.15076 1.69726,
	4.14049 1.68357,
	4.13365 1.62882,
	"/>
</Transform>

<Transform dim="6"
 xcoef=" 0.0530421550332155 1.01161358043972 -0.0232860853193382 0 0 0"
 ycoef=" -0.177070823324978 0.0206018529314313 1.00550325163609 0 0 0">
<Contour name="d08cfa26" hidden="false" closed="true" simplified="true" border="0 1 0" fill="0 1 0" mode="9"
 points="4.13365 1.6254,
	4.14049 1.61171,
	4.14733 1.60829,
	4.15076 1.5946,
	4.16102 1.58091,
	4.21577 1.58434,
	4.22946 1.59118,
	4.25683 1.61856,
	4.27394 1.64593,
	4.27394 1.70068,
	4.27052 1.71437,
	4.25683 1.72806,
	4.22946 1.74174,
	4.20208 1.74517,
	4.17471 1.72463,
	4.15076 1.69726,
	4.14049 1.68357,
	4.13365 1.62882,
	"/>
<Contour name="d08cfa26" hidden="false" closed="false" simplified="false" border="0 1 1" fill="0 1 1" mode="9"
 points="4.25448 1.70498,
	4.21342 1.70498,
	4.17235 1.66392,
	4.14498 1.59206,
	"/>
</Transform>

<Transform dim="6"
 xcoef=" 0.0630421550332155 1.01161358043972 -0.0232860853193382 0 0 0"
 ycoef=" -0.167070823324978 0.0206018529314313 1.00550325163609 0 0 0">
<Contour name="D05" hidden="false" closed="true" simplified="true" border="1 1 0" fill="1 1 0" mode="11"
 points="2.69738 3.68038,
	2.7 3.65,
	2.70779 3.62052,
	2.72051 3.59281,
	2.73779 3.56769,
	2.75912 3.5459,
	2.78386 3.52808,
	2.81129 3.51477,
	2.8406 3.50635,
	2.87091 3.50307,
	2.90134 3.50504,
	2.93098 3.51219,
	2.95896 3.52431,
	2.98445 3.54105,
	3.00669 3.5619,
	3.02504 3.58625,
	3.03894 3.61339,
	3.04798 3.64251,
	3.05191 3.67275,
	3.0506 3.70321,
	3.04409 3.733,
	3.03257 3.76123,
	3.01639 3.78707,
	2.99602 3.80976,
	2.97206 3.82862,
	2.94523 3.84311,
	2.91631 3.85278,
	2.88617 3.85735,
	2.85568 3.8567,
	2.82576 3.85083,
	2.79729 3.83992,
	2.77111 3.8243,
	2.74798 3.80442,
	2.72861 3.78088,
	2.71355 3.75436,
	2.70326 3.72566,
	"/>
</Transform>

<Transform dim="6"
 xcoef=" 0.0630421550332155 1.01161358043972 -0.0232860853193382 0 0 0"
 ycoef=" -0.167070823324978 0.0206018529314313 1.00550325163609 0 0 0">
<Contour name="D11" hidden="false" closed="true" simplified="true" border="1 0.5 0" fill="1 0.5 0" mode="11"
 points="3.11038 4.44563,
	3.11513 4.42461,
	3.12894 4.40565,
	3.15044 4.3906,
	3.17753 4.38094,
	3.20755 4.37761,
	3.23758 4.38094,
	3.26467 4.3906,
	3.28617 4.40565,
	3.29997 4.42461,
	3.30473 4.44563,
	3.29997 4.46665,
	3.28617 4.48562,
	3.26467 4.50067,
	3.23758 4.51033,
	3.20755 4.51366,
	3.17753 4.51033,
	3.15044 4.50067,
	3.12894 4.48562,
	"/>
<Contour name="D11" hidden="false" closed="true" simplified="true" border="1 0.5 0" fill="1 0.5 0" mode="11"
 points="3.92179 4.61083,
	3.92512 4.58381,
	3.93478 4.55943,
	3.94983 4.54008,
	3.9688 4.52765,
	3.98982 4.52337,
	4.01084 4.52765,
	4.0298 4.54008,
	4.04485 4.55943,
	4.05451 4.58381,
	4.05784 4.61083,
	4.05451 4.63786,
	4.04485 4.66224,
	4.0298 4.68159,
	4.01084 4.69401,
	3.98982 4.69829,
	3.9688 4.69401,
	3.94983 4.68159,
	3.93478 4.66224,
	"/>
</Transform>

<Transform dim="6"
 xcoef=" 0.0630421550332155 1.01161358043972 -0.0232860853193382 0 0 0"
 ycoef=" -0.167070823324978 0.0206018529314313 1.00550325163609 0 0 0">
<Contour name="D14" hidden="false" closed="true" simplified="true" border="1 0 0" fill="1 0 0" mode="11"
 points="3.23671 2.971,
	3.24039 2.95523,
	3.25109 2.94101,
	3.26775 2.92972,
	3.28875 2.92248,
	3.31202 2.91998,
	3.33529 2.92248,
	3.35628 2.92972,
	3.37295 2.94101,
	3.38364 2.95523,
	3.38733 2.971,
	3.38364 2.98676,
	3.37295 3.00098,
	3.35628 3.01227,
	3.33529 3.01952,
	3.31202 3.02201,
	3.28875 3.01952,
	3.26775 3.01227,
	3.25109 3.00098,
	"/>
</Transform>

<Transform dim="6"
 xcoef=" 0.0630421550332155 1.01161358043972 -0.0232860853193382 0 0 0"
 ycoef=" -0.167070823324978 0.0206018529314313 1.00550325163609 0 0 0">
<Contour name="D14" hidden="false" closed="true" simplified="true" border="1 0 0" fill="1 0 0" mode="11"
 points="5.11705 3.60507,
	5.11836 3.59456,
	5.12216 3.58507,
	5.12807 3.57755,
	5.13552 3.57272,
	5.14377 3.57105,
	5.15203 3.57272,
	5.15948 3.57755,
	5.16539 3.58507,
	5.16919 3.59456,
	5.1705 3.60507,
	5.16919 3.61558,
	5.16539 3.62506,
	5.15948 3.63258,
	5.15203 3.63741,
	5.14377 3.63908,
	5.13552 3.63741,
	5.12807 3.63258,
	5.12216 3.62506,
	"/>
<Contour name="D14" hidden="false" closed="true" simplified="true" border="1 0 0" fill="1 0 0" mode="11"
 points="4.56315 4.14196,
	4.56375 4.13671,
	4.56547 4.13196,
	4.56816 4.1282,
	4.57154 4.12579,
	4.5753 4.12495,
	4.57905 4.12579,
	4.58244 4.1282,
	4.58513 4.13196,
	4.58685 4.13671,
	4.58745 4.14196,
	4.58685 4.14722,
	4.58513 4.15196,
	4.58244 4.15572,
	4.57905 4.15813,
	4.5753 4.15897,
	4.57154 4.15813,
	4.56816 4.15572,
	4.56547 4.15196,
	"/>
</Transform>

<Transform dim="6"
 xcoef=" 0.0630421550332155 1.01161358043972 -0.0232860853193382 0 0 0"
 ycoef=" -0.167070823324978 0.0206018529314313 1.00550325163609 0 0 0">
<Contour name="d03p19a" hidden="false" closed="true" simplified="false" border="0 1 0" fill="0 1 0" mode="9"
 points="3.24047 2.61334,
	3.24047 2.58983,
	3.26398 2.58983,
	3.26398 2.56632,
	3.28749 2.56632,
	3.28749 2.58983,
	3.311 2.58983,
	3.311 2.61334,
	3.28749 2.61334,
	3.28749 2.63685,
	3.26398 2.63685,
	3.26398 2.61334,
	"/>
<Contour name="d03p19b" hidden="false" closed="true" simplified="false" border="0 1 0" fill="0 1 0" mode="9"
 points="3.24047 2.61334,
	3.24047 2.58983,
	3.26398 2.58983,
	3.26398 2.56632,
	3.28749 2.56632,
	3.28749 2.58983,
	3.311 2.58983,
	3.311 2.61334,
	3.28749 2.61334,
	3.28749 2.63685,
	3.26398 2.63685,
	3.26398 2.61334,
	"/>
</Transform>

<Transform dim="6"
 xcoef=" 0.0630421550332155 1.01161358043972 -0.0232860853193382 0 0 0"
 ycoef=" -0.167070823324978 0.0206018529314313 1.00550325163609 0 0 0">
<Contour name="d08p26" hidden="false" closed="true" simplified="false" border="0 0 1" fill="0 0 1" mode="-9"
 points="4.19477 1.84197,
	4.17989 1.82709,
	4.19477 1.8122,
	4.20965 1.82709,
	"/>
</Transform>

<Transform dim="6"
 xcoef=" 0.0630421550332155 1.01161358043972 -0.0232860853193382 0 0 0"
 ycoef=" -0.167070823324978 0.0206018529314313 1.00550325163609 0 0 0">
<Contour name="d01p20" hidden="false" closed="true" simplified="false" border="0 1 1" fill="0 1 1" mode="9"
 points="4.8418 4.01319,
	4.85486 4.00013,
	4.80263 3.9479,
	4.81569 3.93484,
	4.86791 3.98707,
	4.88097 3.97401,
	4.88097 4.01319,
	"/>
</Transform>

<Transform dim="0"
 xcoef=" 0 1 0 0 0 0"
 ycoef=" 0 0 1 0 0 0">
<Contour name="d01ax14" comment="LK bouton trace named after cfa" hidden="false" closed="true" simplified="true" border="0 1 1" fill="0.502 1 1" mode="-9"
 points="6.48542 3.56277,
	6.48968 3.55851,
	6.4982 3.55425,
	6.50246 3.55425,
	6.53654 3.52017,
	6.544 3.51165,
	6.54826 3.50845,
	6.5653 3.50632,
	6.58021 3.48928,
	6.58873 3.48076,
	6.59725 3.47543,
	6.61429 3.46904,
	6.63133 3.46798,
	6.64838 3.47011,
	6.66542 3.46904,
	6.6995 3.45733,
	6.71654 3.44561,
	6.73145 3.42857,
	6.73998 3.42218,
	6.74424 3.41792,
	6.75276 3.41366,
	6.7698 3.41046,
	6.80388 3.4094,
	6.82092 3.40727,
	6.82944 3.4062,
	6.84649 3.39342,
	6.85501 3.38809,
	6.86353 3.38064,
	6.87205 3.37638,
	6.87631 3.37425,
	6.89335 3.35827,
	6.91039 3.34762,
	6.92743 3.34016,
	6.94447 3.3359,
	6.96152 3.33484,
	6.97856 3.3359,
	7.01264 3.34443,
	7.02968 3.35188,
	7.04672 3.36147,
	7.07974 3.38916,
	7.08294 3.39768,
	7.084 3.41472,
	7.08294 3.43176,
	7.07761 3.44881,
	7.07016 3.46585,
	7.06377 3.49993,
	7.0627 3.53401,
	7.06164 3.54253,
	7.04779 3.57662,
	7.0382 3.59366,
	7.00625 3.62774,
	6.97217 3.6565,
	6.93808 3.68952,
	6.904 3.71508,
	6.89548 3.72147,
	6.82731 3.75449,
	6.79323 3.77153,
	6.75915 3.7939,
	6.72506 3.8184,
	6.69098 3.83863,
	6.6569 3.861,
	6.64838 3.86633,
	6.63133 3.88017,
	6.62281 3.88763,
	6.61429 3.89295,
	6.59725 3.90041,
	6.59299 3.90147,
	6.58873 3.90467,
	6.58447 3.90573,
	6.55039 3.9313,
	6.54613 3.93236,
	6.53761 3.93769,
	6.53334 3.94088,
	6.53121 3.94301,
	6.52269 3.94408,
	6.51417 3.94301,
	6.50565 3.93982,
	6.50246 3.93556,
	6.50246 3.92704,
	6.50246 3.92278,
	6.51843 3.88869,
	6.52376 3.88017,
	6.52482 3.87165,
	6.52269 3.85461,
	6.51843 3.84609,
	6.5163 3.84183,
	6.5163 3.83757,
	6.50885 3.82053,
	6.50672 3.81627,
	6.50778 3.79922,
	6.51204 3.7907,
	6.51843 3.78218,
	6.53548 3.76621,
	6.55252 3.75556,
	6.55678 3.75342,
	6.55891 3.75129,
	6.56317 3.75023,
	6.57169 3.74384,
	6.58873 3.73425,
	6.59725 3.72893,
	6.60577 3.72147,
	6.61429 3.71615,
	6.62281 3.70869,
	6.6292 3.70017,
	6.6292 3.69804,
	6.63559 3.68952,
	6.63346 3.67248,
	6.62601 3.65544,
	6.61323 3.63839,
	6.57914 3.60964,
	6.5621 3.60005,
	6.54506 3.59366,
	6.51098 3.5862,
	6.50246 3.58407,
	6.4982 3.58407,
	6.48968 3.57768,
	6.48755 3.57555,
	6.48542 3.56703,
	6.48542 3.56384,
	"/>
</Transform>

<Transform dim="0"
 xcoef=" 0 1 0 0 0 0"
 ycoef=" 0 0 1 0 0 0">
<Contour name="d01" hidden="true" closed="true" simplified="true" border="1 0.5 0" fill="1 0.5 0" mode="9"
 points="4.9869 2.75255,
	5.02195 2.74519,
	5.03939 2.73818,
	5.04825 2.74022,
	5.05965 2.75771,
	5.05976 2.76213,
	5.07117 2.77961,
	5.07597 2.79723,
	5.07638 2.81494,
	5.06769 2.81955,
	5.05878 2.8153,
	5.04737 2.79782,
	5.02947 2.7849,
	5.02051 2.77844,
	5.00286 2.77658,
	4.99401 2.77455,
	4.9916 2.76574,
	4.9871 2.7614,
	4.98695 2.75476,
	"/>
</Transform>

<Transform dim="0"
 xcoef=" 0 1 0 0 0 0"
 ycoef=" 0 0 1 0 0 0">
<Contour name="ax03" comment="LK bouton trace named after cfa" hidden="false" closed="true" simplified="false" border="0 1 1" fill="0.502 1 1" mode="9"
 points="3.52925 4.49158,
	3.53801 4.47407,
	3.54512 4.46532,
	3.54785 4.46094,
	3.56536 4.44836,
	3.58287 4.43742,
	3.59162 4.43249,
	3.596 4.4303,
	3.60475 4.42866,
	3.62226 4.42264,
	3.63101 4.41881,
	3.63539 4.41663,
	3.63758 4.41608,
	3.64633 4.40733,
	3.64852 4.40295,
	3.65727 4.36794,
	3.66165 4.35043,
	3.66384 4.34168,
	3.67095 4.32417,
	3.67368 4.31542,
	3.67478 4.31104,
	3.67697 4.30666,
	3.69447 4.28915,
	3.7087 4.27165,
	3.72128 4.25414,
	3.72456 4.24976,
	3.74097 4.23226,
	3.75848 4.21749,
	3.77161 4.19998,
	3.77708 4.19123,
	3.78474 4.18247,
	3.79349 4.17591,
	3.811 4.16934,
	3.82851 4.16114,
	3.83726 4.15457,
	3.84602 4.14637,
	3.85477 4.1398,
	3.88978 4.11956,
	3.89854 4.11573,
	3.90729 4.11299,
	3.91604 4.10916,
	3.9248 4.10424,
	3.93355 4.09822,
	3.93793 4.09549,
	3.95543 4.07853,
	3.95981 4.07634,
	3.96419 4.07524,
	3.96637 4.0736,
	3.97513 4.07087,
	3.97732 4.06923,
	3.9795 4.06868,
	3.98826 4.06376,
	3.99263 4.06102,
	4.00139 4.05391,
	4.00576 4.05008,
	4.02327 4.04023,
	4.03202 4.03421,
	4.06704 4.01561,
	4.07579 4.00959,
	4.08345 4.00139,
	4.08509 3.9992,
	4.1026 3.98771,
	4.10698 3.98607,
	4.11026 3.98224,
	4.11901 3.97513,
	4.13652 3.96309,
	4.14527 3.95817,
	4.14965 3.95543,
	4.1584 3.94777,
	4.17591 3.93027,
	4.18028 3.92644,
	4.18904 3.92097,
	4.19341 3.91878,
	4.20217 3.91823,
	4.20654 3.91714,
	4.21092 3.91714,
	4.21967 3.91495,
	4.23718 3.91385,
	4.24594 3.91331,
	4.25031 3.91276,
	4.25907 3.90784,
	4.26344 3.9051,
	4.2722 3.89689,
	4.28095 3.89197,
	4.2897 3.88869,
	4.29189 3.88705,
	4.29408 3.8865,
	4.29627 3.88486,
	4.30502 3.88431,
	4.34003 3.88705,
	4.37505 3.89197,
	4.41006 3.89088,
	4.42757 3.89142,
	4.43632 3.89252,
	4.45383 3.89744,
	4.46258 3.90018,
	4.47133 3.90455,
	4.48884 3.91823,
	4.49759 3.92698,
	4.5151 3.94121,
	4.52385 3.94668,
	4.53097 3.95543,
	4.54246 3.97294,
	4.54629 3.98169,
	4.54902 3.99045,
	4.55394 3.9992,
	4.55777 4.00795,
	4.55942 4.01233,
	4.55996 4.01452,
	4.5627 4.01889,
	4.56325 4.02108,
	4.57473 4.03859,
	4.58294 4.0561,
	4.58239 4.0736,
	4.5802 4.08236,
	4.57364 4.09986,
	4.56981 4.10862,
	4.56817 4.11299,
	4.55449 4.1305,
	4.54793 4.13925,
	4.54246 4.14801,
	4.54027 4.15238,
	4.53808 4.16114,
	4.5348 4.19615,
	4.5337 4.2049,
	4.53151 4.21366,
	4.52385 4.23116,
	4.52167 4.23554,
	4.51729 4.25305,
	4.51455 4.2618,
	4.51072 4.27055,
	4.50908 4.27493,
	4.50635 4.27931,
	4.49267 4.29681,
	4.48665 4.30557,
	4.47845 4.31377,
	4.46094 4.32253,
	4.44343 4.32855,
	4.40842 4.33566,
	4.39967 4.33785,
	4.38216 4.3455,
	4.37341 4.34769,
	4.36465 4.34879,
	4.3559 4.35152,
	4.35152 4.35426,
	4.34332 4.36301,
	4.32964 4.38052,
	4.32526 4.38435,
	4.31651 4.38599,
	4.299 4.38325,
	4.29025 4.38161,
	4.28587 4.37997,
	4.2815 4.37724,
	4.26399 4.37231,
	4.25524 4.36848,
	4.25086 4.36575,
	4.24211 4.36301,
	4.23773 4.36246,
	4.23554 4.36192,
	4.23116 4.36301,
	4.22898 4.36356,
	4.22788 4.36356,
	4.21967 4.37231,
	4.2153 4.37505,
	4.21092 4.37559,
	4.20217 4.37176,
	4.18521 4.36082,
	4.18028 4.35207,
	4.16278 4.33839,
	4.15402 4.33347,
	4.14527 4.33073,
	4.12776 4.32909,
	4.11901 4.32964,
	4.1015 4.33785,
	4.09275 4.34058,
	4.084 4.34113,
	4.07524 4.34058,
	4.05774 4.34222,
	4.04898 4.34277,
	4.03148 4.34605,
	4.01397 4.34824,
	4.00522 4.34933,
	3.9702 4.35754,
	3.96145 4.36028,
	3.9527 4.36411,
	3.94394 4.36575,
	3.90893 4.37669,
	3.90018 4.37888,
	3.8958 4.37997,
	3.89361 4.37997,
	3.88486 4.38435,
	3.86735 4.40021,
	3.84984 4.41717,
	3.84109 4.42374,
	3.83671 4.42757,
	3.82796 4.43249,
	3.81921 4.43577,
	3.8017 4.44015,
	3.79732 4.4407,
	3.78857 4.44343,
	3.77982 4.44836,
	3.74535 4.48337,
	3.73715 4.49212,
	3.71964 4.50361,
	3.71526 4.50635,
	3.6994 4.52385,
	3.68791 4.54136,
	3.68134 4.55011,
	3.67368 4.55887,
	3.65618 4.57145,
	3.64742 4.57747,
	3.63867 4.58185,
	3.62116 4.58732,
	3.61241 4.59388,
	3.60639 4.60264,
	3.60147 4.61139,
	3.59873 4.61577,
	3.59545 4.62452,
	3.59053 4.63272,
	3.58615 4.63546,
	3.58177 4.63655,
	3.57302 4.63382,
	3.56864 4.63054,
	3.56481 4.62616,
	3.55551 4.60865,
	3.55059 4.5999,
	3.5484 4.59552,
	3.54293 4.57802,
	3.53472 4.543,
	3.53089 4.5255,
	3.52925 4.50799,
	3.52925 4.49924,
	3.52925 4.49486,
	3.52925 4.49267,
	3.52925 4.49212,
	"/>
</Transform>

<Transform dim="0"
 xcoef=" 0 1 0 0 0 0"
 ycoef=" 0 0 1 0 0 0">
<Contour name="d03" hidden="false" closed="true" simplified="true" border="0 1 0" fill="0 1 0" mode="9"
 points="2.42956 2.98828,
	2.43835 2.96293,
	2.45666 2.94369,
	2.5058 2.90493,
	2.53058 2.89498,
	2.58037 2.88453,
	2.60522 2.87773,
	2.65523 2.87671,
	2.6803 2.87934,
	2.70254 2.89461,
	2.71525 2.90378,
	2.72165 2.90995,
	2.74672 2.91257,
	2.77158 2.90578,
	2.87035 2.85028,
	2.89499 2.83404,
	2.94485 2.82674,
	2.95728 2.82333,
	2.96352 2.8232,
	3.01135 2.86312,
	3.01193 2.88827,
	3.00596 2.90098,
	2.99368 2.91067,
	2.98118 2.91092,
	2.97493 2.91105,
	2.95043 2.93357,
	2.94135 2.94634,
	2.92609 2.96238,
	2.88335 3.00729,
	2.8651 3.02968,
	2.84068 3.05534,
	2.8377 3.0617,
	2.8409 3.06478,
	2.8164 3.0873,
	2.81016 3.08743,
	2.78871 3.10674,
	2.76392 3.11669,
	2.75782 3.1231,
	2.75157 3.12323,
	2.74241 3.13285,
	2.73617 3.13298,
	2.68696 3.1686,
	2.67453 3.17199,
	2.66225 3.18168,
	2.61224 3.18271,
	2.59967 3.17981,
	2.58688 3.16749,
	2.57693 3.14254,
	2.5289 3.09319,
	2.50353 3.07798,
	2.49081 3.06881,
	2.47824 3.06592,
	2.46552 3.05674,
	2.45295 3.05386,
	2.44016 3.04153,
	2.43021 3.01657,
	2.42963 2.99142,
	"/>
<Contour name="d03cfa19ax10" hidden="false" closed="false" simplified="false" border="0 1 1" fill="0 1 1" mode="9"
 points="2.55316 3.12157,
	2.49825 3.08108,
	2.45276 3.05848,
	"/>
</Transform>

<Transform dim="0"
 xcoef=" 0 1 0 0 0 0"
 ycoef=" 0 0 1 0 0 0">
<Contour name="ax10" comment="LK bouton trace named after cfa" hidden="false" closed="true" simplified="true" border="0 1 1" fill="0.502 1 1" mode="9"
 points="1.78583 3.39183,
	1.78893 3.37943,
	1.79358 3.36703,
	1.79978 3.36238,
	1.80133 3.36083,
	1.80443 3.36005,
	1.81063 3.35618,
	1.81683 3.35075,
	1.82303 3.34688,
	1.82613 3.34533,
	1.83233 3.33913,
	1.84086 3.32673,
	1.84396 3.32052,
	1.84629 3.30812,
	1.84551 3.28332,
	1.84629 3.27092,
	1.84784 3.26472,
	1.85946 3.23991,
	1.86334 3.22751,
	1.86566 3.21511,
	1.86411 3.20891,
	1.86334 3.20581,
	1.86101 3.20271,
	1.86101 3.19961,
	1.85946 3.19651,
	1.85636 3.19341,
	1.85249 3.18721,
	1.85016 3.17481,
	1.85016 3.1686,
	1.85714 3.1438,
	1.86101 3.1314,
	1.86256 3.119,
	1.86411 3.1128,
	1.86411 3.11125,
	1.86799 3.10505,
	1.87341 3.09265,
	1.87341 3.08954,
	1.87496 3.08644,
	1.87574 3.07404,
	1.87496 3.06784,
	1.87031 3.05544,
	1.86954 3.04304,
	1.87031 3.03994,
	1.86644 3.02754,
	1.86101 3.01514,
	1.85404 3.00273,
	1.85094 2.99653,
	1.84939 2.99033,
	1.84784 2.98723,
	1.84706 2.97483,
	1.84706 2.96863,
	1.84706 2.96553,
	1.85326 2.95313,
	1.85946 2.9477,
	1.88427 2.9353,
	1.89667 2.93142,
	1.90907 2.92987,
	1.91527 2.9291,
	1.94007 2.94073,
	1.96488 2.9539,
	1.97728 2.96398,
	2.00053 2.98878,
	2.00983 3.00118,
	2.03464 3.01281,
	2.04084 3.01591,
	2.04704 3.01669,
	2.05014 3.01824,
	2.07494 3.01901,
	2.08734 3.01824,
	2.11214 3.01359,
	2.16175 3.01126,
	2.17415 3.00893,
	2.19896 3.00738,
	2.22376 3.00738,
	2.23616 3.00816,
	2.24856 3.01203,
	2.27337 3.02366,
	2.28577 3.02676,
	2.31057 3.02909,
	2.32297 3.02986,
	2.32917 3.02986,
	2.33537 3.03141,
	2.36018 3.04381,
	2.37258 3.04924,
	2.42218 3.04924,
	2.44699 3.05156,
	2.45939 3.05544,
	2.48419 3.06707,
	2.49659 3.07327,
	2.50279 3.07714,
	2.5276 3.09652,
	2.55163 3.12132,
	2.56868 3.14613,
	2.57565 3.15853,
	2.58108 3.17093,
	2.58185 3.18333,
	2.59348 3.20814,
	2.60666 3.23294,
	2.60588 3.25774,
	2.59348 3.30735,
	2.59116 3.31975,
	2.59116 3.36936,
	2.58728 3.38176,
	2.5803 3.39416,
	2.57643 3.40656,
	2.56558 3.43136,
	2.55783 3.44377,
	2.54543 3.46857,
	2.5369 3.48097,
	2.52682 3.49337,
	2.5214 3.49957,
	2.509 3.50965,
	2.48419 3.52515,
	2.47179 3.5329,
	2.45939 3.53833,
	2.44699 3.5422,
	2.43459 3.54453,
	2.42839 3.54685,
	2.40358 3.55073,
	2.39118 3.5546,
	2.36638 3.55848,
	2.35398 3.55848,
	2.34778 3.56081,
	2.34157 3.56158,
	2.32917 3.56623,
	2.31677 3.57321,
	2.31367 3.57631,
	2.30514 3.58871,
	2.29894 3.60111,
	2.29584 3.60731,
	2.27569 3.63211,
	2.26329 3.64374,
	2.25089 3.65149,
	2.22608 3.66312,
	2.21368 3.66777,
	2.20128 3.67474,
	2.17648 3.69877,
	2.17028 3.70497,
	2.15788 3.71272,
	2.13307 3.72358,
	2.10827 3.72513,
	2.08347 3.72435,
	2.05866 3.7197,
	2.03386 3.71195,
	2.02766 3.7104,
	2.02146 3.7073,
	2.01526 3.70575,
	1.99045 3.69335,
	1.96565 3.67707,
	1.91604 3.63599,
	1.89124 3.61196,
	1.87884 3.60111,
	1.87574 3.59801,
	1.85094 3.58406,
	1.83853 3.57786,
	1.83233 3.57476,
	1.81993 3.56391,
	1.81761 3.56081,
	1.81528 3.5546,
	1.81063 3.5484,
	1.80831 3.5422,
	1.80598 3.5391,
	1.80443 3.5329,
	1.80366 3.4833,
	1.80366 3.45849,
	1.80366 3.45229,
	1.80211 3.44609,
	1.80133 3.44299,
	1.79125 3.43059,
	1.78738 3.42439,
	1.78583 3.39958,
	1.78583 3.39338,
	1.78583 3.39261,
	"/>
</Transform>

<Transform dim="0"
 xcoef=" 0 1 0 0 0 0"
 ycoef=" 0 0 1 0 0 0">
<Contour name="ax11" comment="LK bouton trace named after cfa" hidden="false" closed="true" simplified="false" border="0 1 1" fill="0.502 1 1" mode="9"
 points="2.47502 2.61729,
	2.48089 2.59383,
	2.48309 2.58209,
	2.48309 2.57916,
	2.48602 2.57329,
	2.48676 2.57036,
	2.48896 2.56743,
	2.48896 2.55569,
	2.49702 2.54396,
	2.50802 2.53222,
	2.51976 2.52416,
	2.53149 2.51756,
	2.53736 2.51536,
	2.54322 2.51462,
	2.54616 2.51316,
	2.56963 2.51169,
	2.58136 2.51169,
	2.59309 2.51389,
	2.59896 2.51609,
	2.62243 2.51536,
	2.66936 2.51682,
	2.71629 2.52122,
	2.72803 2.52342,
	2.73096 2.52342,
	2.74269 2.52856,
	2.74563 2.52929,
	2.74856 2.53149,
	2.79549 2.54616,
	2.80723 2.54836,
	2.83069 2.54762,
	2.84243 2.54909,
	2.84829 2.54909,
	2.85123 2.54982,
	2.85709 2.55422,
	2.86076 2.56009,
	2.86149 2.56596,
	2.86076 2.57183,
	2.85856 2.57769,
	2.85783 2.58063,
	2.85563 2.58356,
	2.85343 2.58943,
	2.84903 2.59529,
	2.84756 2.59823,
	2.83583 2.60923,
	2.82996 2.61436,
	2.82043 2.62609,
	2.81529 2.63783,
	2.81163 2.64956,
	2.80943 2.66129,
	2.80723 2.66716,
	2.80503 2.67889,
	2.80136 2.69063,
	2.79109 2.71409,
	2.78449 2.72583,
	2.78083 2.73169,
	2.76983 2.74343,
	2.75809 2.75076,
	2.74636 2.75663,
	2.73463 2.76469,
	2.72876 2.76763,
	2.71703 2.77056,
	2.69356 2.77203,
	2.67009 2.76983,
	2.65836 2.76763,
	2.63489 2.76029,
	2.62316 2.75516,
	2.59969 2.73903,
	2.59383 2.73463,
	2.58796 2.72876,
	2.58356 2.72289,
	2.57183 2.71629,
	2.56009 2.70603,
	2.55056 2.69429,
	2.54322 2.68256,
	2.54176 2.68109,
	2.53589 2.68183,
	2.53002 2.68036,
	2.52416 2.67669,
	2.51316 2.66569,
	2.50729 2.65983,
	2.50142 2.65616,
	2.49556 2.65396,
	2.48382 2.64589,
	2.47796 2.64003,
	2.47576 2.63416,
	2.47502 2.62243,
	2.47502 2.61949,
	2.47502 2.61803,
	"/>
<Contour name="ax11" comment="LK bouton trace named after cfa" hidden="false" closed="true" simplified="false" border="0 1 1" fill="0.502 1 1" mode="9"
 points="2.32542 2.40462,
	2.34229 2.35769,
	2.34816 2.34596,
	2.35916 2.33422,
	2.36502 2.32982,
	2.38849 2.32176,
	2.40022 2.32102,
	2.41196 2.32249,
	2.42369 2.32909,
	2.42956 2.33422,
	2.44496 2.35769,
	2.44862 2.36282,
	2.45156 2.36576,
	2.45962 2.37749,
	2.47136 2.38556,
	2.48089 2.39729,
	2.48309 2.40316,
	2.48529 2.40609,
	2.48602 2.40902,
	2.49556 2.42002,
	2.50142 2.42369,
	2.51316 2.42589,
	2.51609 2.42589,
	2.52196 2.42882,
	2.52489 2.43029,
	2.52709 2.43322,
	2.52782 2.43909,
	2.52489 2.44496,
	2.51976 2.45082,
	2.50802 2.45962,
	2.50216 2.46476,
	2.49629 2.46696,
	2.49042 2.47062,
	2.48456 2.47282,
	2.47869 2.47722,
	2.47282 2.48309,
	2.44936 2.49556,
	2.44349 2.49776,
	2.43176 2.49996,
	2.42882 2.50142,
	2.42296 2.50216,
	2.41709 2.50436,
	2.39362 2.50509,
	2.38776 2.50509,
	2.37602 2.49996,
	2.36429 2.49189,
	2.35256 2.48162,
	2.34962 2.47869,
	2.34229 2.46696,
	2.34082 2.46109,
	2.34009 2.45816,
	2.33789 2.45522,
	2.33716 2.45229,
	2.33496 2.44936,
	2.33129 2.43762,
	2.32836 2.43176,
	2.32836 2.43029,
	2.32689 2.42882,
	2.32542 2.42296,
	2.32542 2.41122,
	2.32542 2.40536,
	"/>
</Transform>

<Transform dim="0"
 xcoef=" 0 1 0 0 0 0"
 ycoef=" 0 0 1 0 0 0">
<Contour name="D04" hidden="false" closed="true" simplified="true" border="1 0 0" fill="1 0 0" mode="11"
 points="4.84118 7.10818,
	4.84311 7.06935,
	4.85063 7.03125,
	4.86359 6.99472,
	4.88171 6.96054,
	4.90459 6.92947,
	4.93172 6.90218,
	4.96251 6.87928,
	4.9963 6.86125,
	5.03235 6.84849,
	5.06987 6.84127,
	5.10804 6.83977,
	5.14603 6.84402,
	5.18302 6.8539,
	5.21817 6.86922,
	5.25076 6.88964,
	5.28004 6.91471,
	5.3054 6.94388,
	5.32627 6.97653,
	5.34219 7.01192,
	5.35282 7.04931,
	5.35794 7.08786,
	5.35742 7.12674,
	5.35129 7.1651,
	5.33966 7.2021,
	5.3228 7.23694,
	5.30108 7.26886,
	5.27496 7.29715,
	5.24502 7.3212,
	5.21191 7.34049,
	5.17635 7.35459,
	5.13912 7.36321,
	5.10104 7.36615,
	5.06292 7.36334,
	5.02562 7.35485,
	4.98993 7.34086,
	4.95663 7.32168,
	4.92646 7.29773,
	4.90006 7.26952,
	4.87802 7.23768,
	4.86082 7.20291,
	4.84884 7.16594,
	"/>
</Transform>

<Transform dim="0"
 xcoef=" 0 1 0 0 0 0"
 ycoef=" 0 0 1 0 0 0">
<Contour name="ax18" comment="LK bouton trace named after cfa" hidden="false" closed="true" simplified="true" border="0 1 1" fill="0.502 1 1" mode="9"
 points="5.24935 6.6547,
	5.25764 6.63812,
	5.28355 6.60495,
	5.29495 6.58837,
	5.29806 6.58008,
	5.29909 6.57593,
	5.29909 6.57386,
	5.30117 6.57179,
	5.3022 6.53862,
	5.29702 6.52204,
	5.29391 6.51789,
	5.2908 6.5096,
	5.28769 6.50546,
	5.28251 6.48887,
	5.28147 6.48473,
	5.27836 6.48058,
	5.27733 6.47229,
	5.27733 6.46815,
	5.28562 6.46296,
	5.29391 6.45986,
	5.32707 6.45882,
	5.34366 6.45986,
	5.36024 6.46296,
	5.37682 6.46296,
	5.40999 6.46607,
	5.42657 6.46711,
	5.44315 6.47229,
	5.45144 6.47747,
	5.45973 6.48473,
	5.46595 6.49302,
	5.47943 6.52619,
	5.4815 6.53033,
	5.49808 6.5438,
	5.51363 6.56039,
	5.52088 6.56868,
	5.52606 6.57697,
	5.55508 6.61013,
	5.56337 6.61739,
	5.59654 6.63708,
	5.61312 6.64641,
	5.62141 6.65159,
	5.63799 6.66713,
	5.65147 6.68372,
	5.66701 6.71688,
	5.6753 6.73346,
	5.68152 6.75005,
	5.69914 6.78321,
	5.70121 6.79979,
	5.70018 6.83296,
	5.69914 6.8371,
	5.70121 6.84125,
	5.70951 6.84436,
	5.72609 6.84747,
	5.73438 6.85058,
	5.73749 6.85472,
	5.73852 6.86301,
	5.73749 6.8713,
	5.73438 6.8796,
	5.73231 6.88374,
	5.71572 6.89825,
	5.69914 6.90551,
	5.69085 6.90862,
	5.68256 6.90965,
	5.66598 6.91898,
	5.65147 6.93556,
	5.63488 6.95007,
	5.6183 6.9594,
	5.61001 6.96251,
	5.57685 6.96665,
	5.54368 6.96354,
	5.5271 6.96147,
	5.51881 6.9594,
	5.48564 6.94178,
	5.46906 6.93038,
	5.46077 6.9252,
	5.44419 6.90965,
	5.43486 6.89307,
	5.40999 6.8599,
	5.40273 6.85161,
	5.38719 6.81845,
	5.38408 6.81016,
	5.37889 6.80187,
	5.31257 6.76974,
	5.29598 6.76145,
	5.28147 6.74486,
	5.27111 6.72828,
	5.26282 6.7117,
	5.25038 6.67854,
	5.24935 6.66195,
	5.24935 6.65781,
	5.24935 6.65573,
	"/>
</Transform>

<Transform dim="0"
 xcoef=" 0 1 0 0 0 0"
 ycoef=" 0 0 1 0 0 0">
<Contour name="ax18" comment="LK bouton trace named after cfa" hidden="false" closed="true" simplified="true" border="0 1 1" fill="0.502 1 1" mode="9"
 points="5.69607 7.34147,
	5.71255 7.30852,
	5.7249 7.29204,
	5.74138 7.2591,
	5.74962 7.24262,
	5.77639 7.20967,
	5.79286 7.19629,
	5.8011 7.19011,
	5.80522 7.18702,
	5.80728 7.18496,
	5.82375 7.1829,
	5.84023 7.18496,
	5.8567 7.19114,
	5.86082 7.19114,
	5.86906 7.19732,
	5.902 7.20349,
	5.91848 7.20555,
	5.92672 7.20349,
	5.94319 7.18908,
	5.95349 7.1726,
	5.96996 7.15819,
	5.9782 7.15407,
	6.01115 7.15201,
	6.02762 7.14995,
	6.06057 7.12936,
	6.06881 7.1273,
	6.08528 7.117,
	6.11823 7.11288,
	6.13471 7.11082,
	6.15118 7.10465,
	6.18413 7.07273,
	6.21708 7.05007,
	6.2212 7.04699,
	6.22326 7.04493,
	6.25621 7.04287,
	6.28916 7.04699,
	6.29739 7.04699,
	6.33034 7.06346,
	6.34682 7.07376,
	6.35094 7.07788,
	6.38389 7.08405,
	6.41683 7.10671,
	6.44978 7.13965,
	6.45802 7.14789,
	6.46214 7.15098,
	6.49509 7.16334,
	6.49921 7.16437,
	6.50333 7.16746,
	6.5198 7.1726,
	6.52804 7.17569,
	6.56099 7.19938,
	6.56922 7.20452,
	6.57334 7.20555,
	6.58158 7.2107,
	6.58364 7.2107,
	6.58776 7.21379,
	6.60423 7.21688,
	6.67013 7.22203,
	6.70308 7.22924,
	6.71132 7.23232,
	6.72779 7.24262,
	6.75353 7.27454,
	6.77001 7.28793,
	6.78648 7.30337,
	6.81943 7.32911,
	6.84311 7.36206,
	6.85547 7.37854,
	6.86474 7.39501,
	6.86474 7.42796,
	6.85959 7.4362,
	6.84311 7.44958,
	6.82664 7.45988,
	6.81016 7.46091,
	6.77721 7.45885,
	6.76898 7.45679,
	6.7525 7.44958,
	6.73603 7.44032,
	6.72779 7.43723,
	6.72367 7.43414,
	6.71544 7.43105,
	6.71132 7.42796,
	6.7072 7.42693,
	6.69278 7.41148,
	6.67116 7.37854,
	6.64542 7.34662,
	6.61247 7.31985,
	6.57952 7.30028,
	6.56305 7.28896,
	6.55481 7.28381,
	6.52289 7.27042,
	6.50641 7.2663,
	6.47347 7.26218,
	6.45699 7.26012,
	6.44875 7.2591,
	6.4158 7.24571,
	6.39933 7.24056,
	6.38286 7.23335,
	6.37874 7.23129,
	6.36226 7.22821,
	6.35403 7.22718,
	6.34991 7.22615,
	6.31696 7.23644,
	6.30872 7.24056,
	6.27577 7.24056,
	6.2593 7.23438,
	6.24282 7.221,
	6.2387 7.21688,
	6.23561 7.2004,
	6.23767 7.16746,
	6.23767 7.15922,
	6.22223 7.1448,
	6.2212 7.14377,
	6.18825 7.16231,
	6.15633 7.19526,
	6.14397 7.21173,
	6.14089 7.21585,
	6.13883 7.21791,
	6.15324 7.23438,
	6.16148 7.24262,
	6.16354 7.27557,
	6.16354 7.28381,
	6.15118 7.31676,
	6.14295 7.33323,
	6.12853 7.34971,
	6.12029 7.35794,
	6.10382 7.35794,
	6.08734 7.34765,
	6.05439 7.33529,
	6.04616 7.33323,
	6.02968 7.33941,
	6.02145 7.34353,
	5.99056 7.37648,
	5.97408 7.38677,
	5.95761 7.39295,
	5.92466 7.39501,
	5.89171 7.38677,
	5.87523 7.37442,
	5.84228 7.36,
	5.82581 7.36,
	5.81757 7.36,
	5.81345 7.36,
	5.80522 7.36824,
	5.78874 7.37442,
	5.78051 7.37648,
	5.77227 7.38265,
	5.73932 7.38471,
	5.72284 7.38265,
	5.70637 7.37442,
	5.70019 7.36618,
	5.69607 7.34971,
	5.69607 7.3425,
	"/>
</Transform>

<Transform dim="0"
 xcoef=" 0 1 0 0 0 0"
 ycoef=" 0 0 1 0 0 0">
<Contour name="ax19" comment="LK bouton trace named after cfa" hidden="false" closed="true" simplified="true" border="0 1 1" fill="0.502 1 1" mode="-9"
 points="2.87284 8.2219,
	2.88056 8.20646,
	2.89407 8.19102,
	2.89889 8.17557,
	2.90179 8.16013,
	2.90275 8.14469,
	2.90854 8.11381,
	2.91047 8.10609,
	2.91723 8.09065,
	2.92205 8.07521,
	2.92398 8.06749,
	2.92398 8.06363,
	2.92688 8.05591,
	2.92784 8.04047,
	2.93074 8.02503,
	2.93749 8.00959,
	2.94232 8.00187,
	2.95583 7.98643,
	2.96355 7.97099,
	2.97416 7.94011,
	2.98092 7.92467,
	2.99153 7.90923,
	3.00697 7.89862,
	3.02242 7.88993,
	3.0533 7.87739,
	3.08418 7.86967,
	3.09962 7.86484,
	3.10734 7.86195,
	3.11506 7.85712,
	3.12953 7.84361,
	3.13629 7.83686,
	3.14015 7.833,
	3.17103 7.81563,
	3.20191 7.8137,
	3.20963 7.81563,
	3.21735 7.82045,
	3.22603 7.83589,
	3.22989 7.85133,
	3.23086 7.88221,
	3.23279 7.89765,
	3.23761 7.91309,
	3.24823 7.92853,
	3.26367 7.94108,
	3.27139 7.94687,
	3.27718 7.95459,
	3.28104 7.97003,
	3.28297 7.98547,
	3.282 8.00091,
	3.27814 8.01635,
	3.27235 8.03179,
	3.26367 8.04723,
	3.24919 8.05977,
	3.227 8.09065,
	3.21445 8.10609,
	3.1855 8.13697,
	3.17778 8.14469,
	3.15462 8.17557,
	3.12471 8.20646,
	3.11409 8.2219,
	3.10734 8.23734,
	3.10541 8.24506,
	3.09962 8.25278,
	3.08418 8.26436,
	3.08032 8.26629,
	3.07839 8.26629,
	3.07453 8.26918,
	3.0726 8.26918,
	3.05812 8.28462,
	3.04268 8.29717,
	3.03496 8.30199,
	3.03303 8.30199,
	3.02917 8.30489,
	3.02531 8.30585,
	3.02338 8.30585,
	3.01952 8.30875,
	3.0118 8.31068,
	3.00408 8.31647,
	3.00022 8.32033,
	2.98478 8.32226,
	2.97706 8.32129,
	2.9732 8.32129,
	2.97223 8.32033,
	2.96451 8.32129,
	2.95679 8.32033,
	2.95293 8.3184,
	2.93749 8.31647,
	2.92977 8.3155,
	2.89889 8.30103,
	2.89503 8.2991,
	2.88828 8.29138,
	2.87863 8.27594,
	2.8738 8.2605,
	2.87284 8.22962,
	2.87284 8.22286,
	"/>
</Transform>

<Transform dim="0"
 xcoef=" 0 1 0 0 0 0"
 ycoef=" 0 0 1 0 0 0">
<Contour name="d07" hidden="true" closed="true" simplified="true" border="1 0 1" fill="1 0 1" mode="9"
 points="4.90834 7.78135,
	4.92136 7.76304,
	4.9569 7.74879,
	4.97481 7.74842,
	4.99315 7.76608,
	5.06566 7.80067,
	5.07504 7.81852,
	5.07139 7.85467,
	5.04534 7.89128,
	5.03221 7.90507,
	4.99658 7.91482,
	4.96074 7.91556,
	4.94282 7.91593,
	4.9152 7.88493,
	4.90907 7.8129,
	4.90865 7.79487,
	4.90845 7.78586,
	"/>
<Contour name="d07cfa25ax20" hidden="false" closed="false" simplified="false" border="0 1 1" fill="0 1 1" mode="9"
 points="5.06029 7.79359,
	5.03279 7.7671,
	5.00553 7.75075,
	4.96498 7.74144,
	"/>
</Transform>

<Transform dim="0"
 xcoef=" 0 1 0 0 0 0"
 ycoef=" 0 0 1 0 0 0">
<Contour name="ax20" comment="LK bouton trace named after cfa" hidden="false" closed="true" simplified="true" border="0 1 1" fill="0.502 1 1" mode="9"
 points="4.88262 7.49361,
	4.8869 7.48383,
	4.89668 7.47771,
	4.90647 7.47465,
	4.91625 7.47465,
	4.92114 7.47588,
	4.92359 7.47649,
	4.92848 7.47527,
	4.93826 7.46732,
	4.94315 7.46426,
	4.9456 7.46243,
	4.96517 7.45876,
	4.98473 7.45692,
	5.0043 7.45386,
	5.02387 7.45386,
	5.03365 7.45325,
	5.04344 7.45386,
	5.05322 7.45692,
	5.05811 7.45753,
	5.06056 7.45753,
	5.06545 7.45998,
	5.06789 7.4612,
	5.07279 7.46609,
	5.07707 7.47588,
	5.08563 7.48505,
	5.09052 7.48933,
	5.09296 7.48994,
	5.10214 7.49667,
	5.11375 7.51624,
	5.11865 7.52113,
	5.12843 7.52663,
	5.148 7.53458,
	5.15778 7.53458,
	5.16756 7.53336,
	5.17246 7.53336,
	5.1749 7.53336,
	5.17674 7.53152,
	5.17674 7.5303,
	5.18652 7.52235,
	5.19141 7.52052,
	5.21098 7.5199,
	5.21342 7.5199,
	5.25256 7.53886,
	5.26234 7.54375,
	5.26723 7.54497,
	5.26846 7.5462,
	5.27824 7.54803,
	5.28069 7.54803,
	5.28313 7.54925,
	5.28558 7.54925,
	5.29536 7.55415,
	5.30515 7.5572,
	5.31493 7.56148,
	5.32471 7.56699,
	5.3296 7.57004,
	5.33205 7.57188,
	5.3345 7.57249,
	5.34428 7.57922,
	5.36385 7.589,
	5.37363 7.59328,
	5.37852 7.5945,
	5.38097 7.59573,
	5.39075 7.59634,
	5.3932 7.59634,
	5.40237 7.58717,
	5.42194 7.57738,
	5.43172 7.57249,
	5.45129 7.55965,
	5.45618 7.55598,
	5.46596 7.5517,
	5.47575 7.54864,
	5.49531 7.54803,
	5.51488 7.54375,
	5.52467 7.54253,
	5.53445 7.54008,
	5.54423 7.53886,
	5.54912 7.53886,
	5.56869 7.53458,
	5.57847 7.53397,
	5.61761 7.53703,
	5.62739 7.53825,
	5.63718 7.54069,
	5.65674 7.54987,
	5.66653 7.55415,
	5.68609 7.55843,
	5.69588 7.56026,
	5.70566 7.56087,
	5.71544 7.56271,
	5.73501 7.56393,
	5.7448 7.56393,
	5.74969 7.56393,
	5.76925 7.55843,
	5.78882 7.54987,
	5.80839 7.54008,
	5.81328 7.53825,
	5.82306 7.53764,
	5.83285 7.53825,
	5.84263 7.54069,
	5.85242 7.54131,
	5.87198 7.53703,
	5.88177 7.53519,
	5.88666 7.5358,
	5.89644 7.54008,
	5.91601 7.55415,
	5.92579 7.55965,
	5.94536 7.56332,
	5.96493 7.56454,
	5.97471 7.56576,
	5.99428 7.5621,
	6.00406 7.55782,
	6.00895 7.55537,
	6.01874 7.54681,
	6.02669 7.53703,
	6.03647 7.52908,
	6.05604 7.51807,
	6.06582 7.51134,
	6.0756 7.50645,
	6.08539 7.50523,
	6.09517 7.50645,
	6.11474 7.51257,
	6.1343 7.51624,
	6.14409 7.5199,
	6.14898 7.52174,
	6.15876 7.52235,
	6.1979 7.52052,
	6.21746 7.5199,
	6.23703 7.51318,
	6.24682 7.5089,
	6.26638 7.50706,
	6.27617 7.50767,
	6.29573 7.51257,
	6.30552 7.51318,
	6.30796 7.51379,
	6.32753 7.50767,
	6.33731 7.50584,
	6.3471 7.50523,
	6.35199 7.50523,
	6.35688 7.50645,
	6.35933 7.50645,
	6.36911 7.51195,
	6.37889 7.5199,
	6.38317 7.5248,
	6.38562 7.52724,
	6.39357 7.54681,
	6.39968 7.55659,
	6.41619 7.57616,
	6.42292 7.58594,
	6.44249 7.6049,
	6.45227 7.61468,
	6.46083 7.62447,
	6.46817 7.63425,
	6.47795 7.64281,
	6.48284 7.64709,
	6.48712 7.65687,
	6.49018 7.66666,
	6.49997 7.68622,
	6.50547 7.69601,
	6.5073 7.69845,
	6.51709 7.70212,
	6.52198 7.7009,
	6.52442 7.70029,
	6.53421 7.70151,
	6.5391 7.70212,
	6.54888 7.7064,
	6.55806 7.71191,
	6.56723 7.73147,
	6.57885 7.77061,
	6.58435 7.79018,
	6.59108 7.80974,
	6.59352 7.81953,
	6.59413 7.82931,
	6.59352 7.83909,
	6.59474 7.85866,
	6.59536 7.86111,
	6.59536 7.86233,
	6.59902 7.86722,
	6.60881 7.87517,
	6.61859 7.88495,
	6.62838 7.90452,
	6.63266 7.9143,
	6.63449 7.9192,
	6.6351 7.93876,
	6.63388 7.94855,
	6.63143 7.95833,
	6.62226 7.9779,
	6.61981 7.98279,
	6.61859 8.00236,
	6.6192 8.02192,
	6.62104 8.04149,
	6.62348 8.05127,
	6.62409 8.06106,
	6.62287 8.08063,
	6.62226 8.09041,
	6.61737 8.10998,
	6.61125 8.12954,
	6.6082 8.13933,
	6.60514 8.15889,
	6.60453 8.16868,
	6.60025 8.18824,
	6.59719 8.20781,
	6.59597 8.2176,
	6.59352 8.22738,
	6.57701 8.26651,
	6.56784 8.28608,
	6.56234 8.29586,
	6.55867 8.30076,
	6.54888 8.30626,
	6.5391 8.3087,
	6.51953 8.3087,
	6.51464 8.30932,
	6.47551 8.32827,
	6.43637 8.346,
	6.43148 8.34723,
	6.39235 8.34906,
	6.35321 8.34539,
	6.33364 8.34234,
	6.31408 8.34111,
	6.30429 8.3405,
	6.2994 8.33989,
	6.27984 8.34111,
	6.27005 8.34234,
	6.25048 8.34845,
	6.24559 8.34967,
	6.22603 8.34967,
	6.18689 8.35273,
	6.17711 8.35334,
	6.17222 8.35334,
	6.16243 8.35518,
	6.14287 8.35518,
	6.1233 8.35334,
	6.11351 8.35151,
	6.09395 8.34478,
	6.07438 8.33683,
	6.0646 8.33439,
	6.04503 8.33255,
	6.02546 8.32888,
	6.01568 8.32399,
	6.00589 8.31604,
	5.99244 8.29648,
	5.97349 8.28608,
	5.9637 8.28119,
	5.95392 8.27202,
	5.94291 8.25245,
	5.94047 8.24756,
	5.93924 8.24267,
	5.93619 8.23777,
	5.9264 8.23044,
	5.91662 8.22493,
	5.87749 8.19742,
	5.8677 8.19008,
	5.86403 8.18519,
	5.86098 8.1754,
	5.85975 8.17051,
	5.86036 8.16562,
	5.85792 8.15584,
	5.84813 8.13627,
	5.84508 8.12649,
	5.84141 8.10692,
	5.8408 8.09714,
	5.83101 8.058,
	5.82734 8.04822,
	5.82368 8.02865,
	5.82306 8.01887,
	5.82062 8.00908,
	5.81267 7.98952,
	5.80839 7.97973,
	5.79738 7.9406,
	5.78943 7.92103,
	5.78332 7.91125,
	5.76864 7.89168,
	5.72951 7.85255,
	5.70994 7.83665,
	5.67081 7.81586,
	5.65124 7.80607,
	5.63167 7.79935,
	5.62189 7.7969,
	5.60232 7.78651,
	5.59254 7.78039,
	5.58276 7.77611,
	5.57297 7.77367,
	5.56808 7.77244,
	5.5583 7.77183,
	5.54851 7.77,
	5.54362 7.76877,
	5.53384 7.76449,
	5.51427 7.75899,
	5.50938 7.75777,
	5.48981 7.75899,
	5.48492 7.7596,
	5.47514 7.75777,
	5.46535 7.75471,
	5.44578 7.74493,
	5.436 7.74003,
	5.42622 7.73698,
	5.42133 7.73575,
	5.41888 7.73453,
	5.37975 7.74493,
	5.36996 7.74737,
	5.3504 7.7486,
	5.33083 7.74737,
	5.31126 7.7486,
	5.29169 7.75226,
	5.28191 7.75349,
	5.27213 7.75288,
	5.26723 7.75288,
	5.25745 7.75043,
	5.24767 7.74676,
	5.23788 7.74431,
	5.23299 7.74309,
	5.22321 7.74493,
	5.18407 7.76388,
	5.17429 7.76572,
	5.15472 7.76388,
	5.14494 7.76266,
	5.13516 7.76388,
	5.13026 7.76388,
	5.12048 7.76694,
	5.10091 7.77611,
	5.09113 7.78039,
	5.08868 7.781,
	5.0789 7.77917,
	5.06912 7.77489,
	5.05933 7.76939,
	5.04955 7.76266,
	5.02998 7.75226,
	5.0202 7.74676,
	5.00063 7.7327,
	4.98106 7.72047,
	4.94193 7.69112,
	4.93215 7.68194,
	4.92175 7.66238,
	4.91747 7.65259,
	4.90647 7.61346,
	4.90585 7.60857,
	4.90402 7.60612,
	4.90096 7.59634,
	4.89729 7.57677,
	4.89179 7.5572,
	4.88996 7.54742,
	4.88934 7.54497,
	4.88751 7.54253,
	4.88568 7.53274,
	4.88384 7.51318,
	4.88262 7.50829,
	4.88262 7.4985,
	4.88262 7.49422,
	"/>
</Transform>

<Transform dim="0"
 xcoef=" 0 1 0 0 0 0"
 ycoef=" 0 0 1 0 0 0">
<Contour name="ax21" comment="LK bouton trace named after cfa" hidden="false" closed="true" simplified="true" border="0 1 1" fill="0.502 1 1" mode="9"
 points="2.45836 5.90757,
	2.46719 5.88991,
	2.48263 5.87447,
	2.50029 5.86343,
	2.51794 5.85681,
	2.58856 5.8524,
	2.62387 5.87447,
	2.64152 5.88329,
	2.65035 5.89212,
	2.68566 5.91198,
	2.70993 5.94729,
	2.73862 5.9826,
	2.74745 6.00025,
	2.74745 6.01791,
	2.74745 6.02673,
	2.73862 6.04439,
	2.73421 6.05321,
	2.71655 6.06204,
	2.68125 6.05101,
	2.66359 6.04218,
	2.62828 6.03556,
	2.61063 6.02673,
	2.6018 6.02673,
	2.53118 5.99805,
	2.49588 5.98039,
	2.48705 5.97598,
	2.47822 5.96715,
	2.46719 5.9495,
	2.45836 5.91419,
	2.45836 5.90977,
	"/>
<Contour name="d06" hidden="true" closed="true" simplified="true" border="0 0 1" fill="0 0 1" mode="11"
 points="3.10083 7.09226,
	3.12459 7.04742,
	3.13509 7.02503,
	3.1376 7.0139,
	3.15635 6.99134,
	3.15622 6.9858,
	3.16423 6.97455,
	3.16597 6.93018,
	3.17372 6.90784,
	3.17896 6.89665,
	3.17692 6.808,
	3.17641 6.78585,
	3.17616 6.77476,
	3.18391 6.75244,
	3.21875 6.71015,
	3.25922 6.67329,
	3.30321 6.66961,
	3.34708 6.6604,
	3.36891 6.65164,
	3.39062 6.63734,
	3.40157 6.63434,
	3.42322 6.61727,
	3.45537 6.57781,
	3.45786 6.56667,
	3.47394 6.54694,
	3.49289 6.5327,
	3.51473 6.52394,
	3.55885 6.52581,
	3.56993 6.52835,
	3.58965 6.54735,
	3.60085 6.55543,
	3.62307 6.56329,
	3.6451 6.56284,
	3.65624 6.56815,
	3.67827 6.5677,
	3.7001 6.55894,
	3.74352 6.53034,
	3.75454 6.53011,
	3.76017 6.53554,
	3.78233 6.54062,
	3.7934 6.54317,
	3.82458 6.58133,
	3.84693 6.59473,
	3.84795 6.63905,
	3.83194 6.66156,
	3.82143 6.68394,
	3.82156 6.68949,
	3.81355 6.70073,
	3.81132 6.72295,
	3.81144 6.72849,
	3.80606 6.73414,
	3.79882 6.77863,
	3.78281 6.80113,
	3.78031 6.81227,
	3.77224 6.82075,
	3.75674 6.86541,
	3.75501 6.90979,
	3.75527 6.92087,
	3.75539 6.92641,
	3.74463 6.93771,
	3.73938 6.94891,
	3.72862 6.96022,
	3.72331 6.96864,
	3.68008 7.00555,
	3.65844 7.02262,
	3.64499 7.03676,
	3.64511 7.0423,
	3.61579 7.08447,
	3.59695 7.10426,
	3.58607 7.11002,
	3.57506 7.11025,
	3.56955 7.11036,
	3.5479 7.12743,
	3.52614 7.13897,
	3.51531 7.1475,
	3.42765 7.1687,
	3.33954 7.17051,
	3.32852 7.17073,
	3.24112 7.20301,
	3.19712 7.20668,
	3.17491 7.19882,
	3.15243 7.17988,
	3.13021 7.17202,
	3.11901 7.16394,
	3.10749 7.14201,
	3.10146 7.11995,
	3.10095 7.09779,
	3.10089 7.09502,
	"/>
</Transform>

<Transform dim="0"
 xcoef=" 0 1 0 0 0 0"
 ycoef=" 0 0 1 0 0 0">
<Contour name="ax21" comment="LK bouton trace named after cfa" hidden="false" closed="true" simplified="true" border="0 1 1" fill="0.502 1 1" mode="9"
 points="3.38202 6.45577,
	3.3868 6.4503,
	3.38954 6.44893,
	3.39022 6.44757,
	3.40116 6.44483,
	3.41209 6.43868,
	3.41756 6.43595,
	3.4285 6.4257,
	3.43191 6.42023,
	3.43396 6.41749,
	3.43465 6.41476,
	3.44012 6.40929,
	3.44558 6.40587,
	3.45652 6.40246,
	3.46746 6.39767,
	3.47292 6.39425,
	3.48386 6.38332,
	3.48796 6.37785,
	3.49138 6.36691,
	3.49343 6.35598,
	3.49685 6.34504,
	3.49958 6.33957,
	3.50847 6.32864,
	3.5112 6.32659,
	3.51667 6.32454,
	3.5276 6.31702,
	3.53307 6.31292,
	3.55495 6.30198,
	3.56041 6.29925,
	3.57135 6.29036,
	3.57408 6.28763,
	3.58502 6.28011,
	3.59049 6.27737,
	3.61236 6.25823,
	3.6561 6.22884,
	3.66704 6.22132,
	3.67251 6.21859,
	3.67798 6.21449,
	3.68891 6.20902,
	3.69438 6.20629,
	3.71625 6.19945,
	3.72719 6.19604,
	3.73813 6.19125,
	3.78187 6.16254,
	3.80374 6.15092,
	3.81468 6.1434,
	3.82015 6.14067,
	3.83108 6.1311,
	3.84954 6.10923,
	3.85911 6.09829,
	3.87004 6.08804,
	3.87278 6.08531,
	3.88371 6.07915,
	3.89465 6.07437,
	3.90012 6.07232,
	3.92199 6.07027,
	3.93293 6.06959,
	3.9384 6.0689,
	3.94113 6.06753,
	3.9466 6.06753,
	3.96847 6.06275,
	3.97941 6.0566,
	3.99034 6.04703,
	4.00128 6.04019,
	4.02315 6.02926,
	4.03409 6.02584,
	4.03956 6.02447,
	4.0833 6.02311,
	4.10517 6.02311,
	4.14892 6.01969,
	4.15985 6.01627,
	4.16532 6.01422,
	4.17079 6.01422,
	4.17626 6.01149,
	4.19813 6.00944,
	4.22 6.01354,
	4.24187 6.01422,
	4.25281 6.01422,
	4.27468 6.01832,
	4.29656 6.02447,
	4.30749 6.02789,
	4.31843 6.03336,
	4.3239 6.03609,
	4.32663 6.03746,
	4.33552 6.0484,
	4.34577 6.07027,
	4.34919 6.07574,
	4.37037 6.09761,
	4.37448 6.10308,
	4.37926 6.11401,
	4.37994 6.13589,
	4.37926 6.14682,
	4.37448 6.15776,
	4.35944 6.17963,
	4.35534 6.1851,
	4.3526 6.19057,
	4.35055 6.2015,
	4.34987 6.20287,
	4.35602 6.22474,
	4.35465 6.23568,
	4.34919 6.24661,
	4.34577 6.25208,
	4.3239 6.26644,
	4.31843 6.26849,
	4.30749 6.26917,
	4.29656 6.2678,
	4.29109 6.26712,
	4.28835 6.26644,
	4.27742 6.27259,
	4.27195 6.27601,
	4.26716 6.28147,
	4.25623 6.30335,
	4.24939 6.32522,
	4.24734 6.34709,
	4.24324 6.36896,
	4.23641 6.39084,
	4.23094 6.40177,
	4.2241 6.41271,
	4.21317 6.42159,
	4.2077 6.42501,
	4.19676 6.4298,
	4.17489 6.44278,
	4.16395 6.45098,
	4.15575 6.46192,
	4.15233 6.46739,
	4.14892 6.47833,
	4.14687 6.48926,
	4.14618 6.49473,
	4.15233 6.5166,
	4.15985 6.53847,
	4.166 6.56035,
	4.16806 6.57128,
	4.16464 6.59316,
	4.16395 6.59589,
	4.15985 6.60136,
	4.13798 6.61845,
	4.12704 6.62938,
	4.11132 6.65125,
	4.10449 6.66219,
	4.08467 6.68406,
	4.07441 6.695,
	4.05254 6.70662,
	4.03067 6.7073,
	4.01973 6.70525,
	4.0088 6.69978,
	3.99786 6.69226,
	3.98692 6.68338,
	3.98146 6.67928,
	3.97052 6.67381,
	3.96779 6.67244,
	3.96642 6.67176,
	3.95548 6.67518,
	3.93361 6.67381,
	3.92267 6.66766,
	3.87893 6.63758,
	3.85706 6.62255,
	3.83997 6.60067,
	3.8304 6.58974,
	3.81946 6.58017,
	3.80921 6.56923,
	3.79828 6.56103,
	3.7764 6.54873,
	3.76547 6.54394,
	3.76 6.54258,
	3.73813 6.54599,
	3.69438 6.55761,
	3.67251 6.5624,
	3.65064 6.56445,
	3.62876 6.56513,
	3.61783 6.5624,
	3.61236 6.56171,
	3.60689 6.55966,
	3.59596 6.55351,
	3.58502 6.54599,
	3.57408 6.53574,
	3.5652 6.5248,
	3.56041 6.51934,
	3.55495 6.51524,
	3.54401 6.50908,
	3.53854 6.5084,
	3.53307 6.50908,
	3.53034 6.50977,
	3.52897 6.50977,
	3.52624 6.51182,
	3.52487 6.51182,
	3.51393 6.52002,
	3.503 6.52549,
	3.49206 6.52959,
	3.48659 6.53164,
	3.46472 6.53096,
	3.45379 6.52617,
	3.43191 6.51182,
	3.41004 6.49883,
	3.3991 6.49131,
	3.39364 6.48721,
	3.3909 6.48448,
	3.38817 6.47901,
	3.38748 6.47627,
	3.38407 6.47081,
	3.38202 6.45987,
	3.38202 6.45714,
	3.38202 6.45645,
	"/>
</Transform>

<Transform dim="0"
 xcoef=" 0 1 0 0 0 0"
 ycoef=" 0 0 1 0 0 0">
<Contour name="ax21" comment="LK bouton trace named after cfa" hidden="false" closed="true" simplified="true" border="0 1 1" fill="0.502 1 1" mode="9"
 points="2.45448 5.89789,
	2.45793 5.88868,
	2.46484 5.87947,
	2.47405 5.87256,
	2.47866 5.87026,
	2.48096 5.86796,
	2.5178 5.85414,
	2.55464 5.85299,
	2.57306 5.85299,
	2.59148 5.85875,
	2.60069 5.8622,
	2.60299 5.8645,
	2.60529 5.8645,
	2.6076 5.8668,
	2.6099 5.8668,
	2.62487 5.87832,
	2.64213 5.88868,
	2.65134 5.89443,
	2.6548 5.89789,
	2.6571 5.89789,
	2.66631 5.90595,
	2.68358 5.91746,
	2.69164 5.92667,
	2.70315 5.94394,
	2.71236 5.96236,
	2.71351 5.96696,
	2.72618 5.98423,
	2.73423 6.00265,
	2.73884 6.02107,
	2.73999 6.03949,
	2.73884 6.0487,
	2.73654 6.05331,
	2.72848 6.06252,
	2.72387 6.06597,
	2.70545 6.06827,
	2.66861 6.05561,
	2.66631 6.05561,
	2.66171 6.05216,
	2.6571 6.05216,
	2.63868 6.0441,
	2.63408 6.04064,
	2.63177 6.03834,
	2.62947 6.03834,
	2.59378 6.01301,
	2.58457 6.00956,
	2.58227 6.00726,
	2.54543 5.99344,
	2.50859 5.98308,
	2.49132 5.97157,
	2.4752 5.9566,
	2.46369 5.93933,
	2.45793 5.93128,
	2.45448 5.92206,
	2.45448 5.90364,
	2.45448 5.89904,
	"/>
</Transform>

<Transform dim="0"
 xcoef=" 0 1 0 0 0 0"
 ycoef=" 0 0 1 0 0 0">
<Contour name="d01" hidden="true" closed="true" simplified="true" border="1 0.5 0" fill="1 0.5 0" mode="9"
 points="4.86625 3.39912,
	4.90775 3.37178,
	4.99148 3.34887,
	5.03298 3.32152,
	5.11647 3.28803,
	5.13753 3.2876,
	5.14805 3.28738,
	5.15429 3.32964,
	5.15 3.37211,
	5.15049 3.3933,
	5.13519 3.4148,
	5.13543 3.4254,
	5.12013 3.44691,
	5.03627 3.46452,
	5.01534 3.47025,
	4.931 3.46668,
	4.90994 3.46711,
	4.87236 3.43608,
	4.86661 3.41501,
	4.86637 3.40442,
	"/>
<Contour name="d01" hidden="true" closed="true" simplified="true" border="1 0.5 0" fill="1 0.5 0" mode="9"
 points="4.59715 3.60598,
	4.61258 3.58976,
	4.61209 3.56857,
	4.63266 3.54696,
	4.67453 3.53551,
	4.6902 3.52989,
	4.68481 3.5247,
	4.69522 3.51919,
	4.71676 3.53995,
	4.72227 3.55042,
	4.71725 3.56113,
	4.77171 3.63949,
	4.8093 3.6705,
	4.82545 3.68607,
	4.83695 3.72822,
	4.82214 3.77091,
	4.79679 3.81382,
	4.78295 3.89888,
	4.78858 3.91465,
	4.80964 3.91422,
	4.89459 3.94427,
	4.97918 3.95844,
	5.02141 3.96286,
	5.04234 3.95714,
	5.05716 3.91445,
	5.06574 3.8295,
	5.0595 3.78724,
	5.05901 3.76606,
	5.05877 3.75546,
	5.07958 3.74445,
	5.11447 3.65896,
	5.14509 3.61594,
	5.1812 3.58341,
	5.25294 3.49716,
	5.29457 3.47512,
	5.37818 3.44691,
	5.42054 3.45664,
	5.44172 3.46151,
	5.45248 3.47188,
	5.47354 3.47145,
	5.51516 3.44941,
	5.53597 3.43839,
	5.61995 3.42606,
	5.70429 3.42964,
	5.72535 3.42921,
	5.76292 3.46022,
	5.7737 3.4706,
	5.77946 3.49168,
	5.78496 3.50216,
	5.80589 3.49644,
	5.82707 3.50129,
	5.84849 3.51676,
	5.90503 3.68515,
	5.91127 3.7274,
	5.93954 3.8116,
	5.95043 3.82727,
	5.96072 3.81646,
	5.97149 3.82684,
	5.99254 3.82641,
	6.01384 3.83656,
	6.00882 3.84727,
	5.98777 3.8477,
	5.97712 3.84261,
	5.98813 3.86358,
	5.98385 3.90606,
	5.96304 3.91708,
	5.94197 3.91752,
	5.93145 3.91773,
	5.94587 4.08698,
	5.94636 4.10817,
	5.92103 4.15107,
	5.90034 4.16739,
	5.81636 4.17971,
	5.79518 4.17484,
	5.75331 4.18629,
	5.66921 4.19332,
	5.62771 4.22066,
	5.58585 4.23211,
	5.54373 4.23297,
	5.5332 4.23319,
	5.52842 4.25448,
	5.48692 4.28183,
	5.46684 4.32462,
	5.45729 4.36721,
	5.43721 4.41,
	5.43916 4.49474,
	5.41479 4.58001,
	5.41528 4.60119,
	5.40525 4.62259,
	5.41136 4.65955,
	5.42238 4.68052,
	5.42335 4.7229,
	5.42384 4.74408,
	5.38785 4.78191,
	5.38356 4.82438,
	5.3838 4.83497,
	5.36299 4.84599,
	5.35246 4.84621,
	5.33091 4.82546,
	5.28171 4.74699,
	5.24915 4.70527,
	5.22712 4.66333,
	5.21562 4.62118,
	5.22517 4.5786,
	5.24525 4.5358,
	5.26436 4.45063,
	5.27439 4.42923,
	5.31639 4.42308,
	5.3372 4.41205,
	5.34773 4.41184,
	5.35777 4.39044,
	5.36634 4.30549,
	5.33905 4.26366,
	5.32852 4.26388,
	5.2432 4.21794,
	5.20574 4.19222,
	5.16326 4.17719,
	4.99446 4.16476,
	4.97316 4.1546,
	4.93692 4.18183,
	4.9215 4.19805,
	4.87926 4.19361,
	4.86873 4.19383,
	4.82589 4.16291,
	4.7986 4.12108,
	4.79285 4.10001,
	4.78207 4.08963,
	4.77155 4.08985,
	4.72871 4.05893,
	4.64388 4.03418,
	4.6331 4.02381,
	4.61192 4.01894,
	4.60568 3.97668,
	4.61231 3.807,
	4.61563 3.72216,
	4.61465 3.67979,
	4.59788 3.63775,
	4.59739 3.61656,
	4.59727 3.61126,
	"/>
<Contour name="d01c19" hidden="false" closed="true" simplified="true" border="0 1 0" fill="0 1 0" mode="9"
 points="4.8997 3.36336,
	4.91474 3.34756,
	4.94974 3.33798,
	4.96725 3.33318,
	4.97154 3.32867,
	5.04144 3.30509,
	5.05889 3.29809,
	5.09404 3.29515,
	5.1118 3.30144,
	5.11409 3.30582,
	5.1077 3.31481,
	5.09901 3.31941,
	5.0948 3.32836,
	5.05996 3.34458,
	5.04251 3.35158,
	5.00736 3.35451,
	4.98996 3.36373,
	4.98566 3.36824,
	4.95076 3.38224,
	4.93316 3.3826,
	4.92866 3.37827,
	4.92626 3.36946,
	4.90855 3.3654,
	4.9041 3.36327,
	4.90195 3.36553,
	"/>
<Contour name="d01cfa19" hidden="false" closed="false" simplified="false" border="0 1 1" fill="0 1 1" mode="9"
 points="5.11561 3.30728,
	5.10026 3.30981,
	5.08276 3.3146,
	5.06096 3.3239,
	5.03036 3.33339,
	4.99322 3.34522,
	4.95167 3.35715,
	4.90771 3.36026,
	"/>
<Contour name="d01c20" hidden="false" closed="true" simplified="true" border="0 1 0" fill="0 1 0" mode="9"
 points="4.57476 3.59149,
	4.58341 3.58466,
	4.58771 3.58014,
	4.60526 3.57757,
	4.62291 3.57942,
	4.63867 3.5946,
	4.64568 3.61217,
	4.65391 3.68287,
	4.65411 3.69173,
	4.67473 3.72674,
	4.67856 3.79753,
	4.68158 3.83291,
	4.6788 3.90383,
	4.67702 3.92158,
	4.67082 3.93942,
	4.64964 3.97529,
	4.64099 3.98211,
	4.62348 3.98691,
	4.61069 4.00488,
	4.60429 4.01387,
	4.60215 4.01614,
	4.59985 4.01175,
	4.61802 3.94051,
	4.622 3.92271,
	4.6304 3.90482,
	4.63978 3.83376,
	4.64115 3.7983,
	4.63415 3.78072,
	4.62893 3.74539,
	4.61711 3.7102,
	4.6101 3.69263,
	4.60269 3.65735,
	4.58867 3.6222,
	4.57727 3.60472,
	4.57486 3.59591,
	4.57481 3.59369,
	"/>
<Contour name="d01cfa20" hidden="false" closed="false" simplified="false" border="0 1 1" fill="0 1 1" mode="9"
 points="4.6078 4.00644,
	4.62264 3.98177,
	4.64409 3.95698,
	4.65847 3.91239,
	4.66154 3.85474,
	4.66196 3.77722,
	4.64698 3.70001,
	4.6237 3.64512,
	4.60523 3.60786,
	4.58277 3.58839,
	"/>
<Contour name="d08" hidden="false" closed="true" simplified="true" border="1 0 0" fill="1 0 0" mode="9"
 points="4.71105 2.81651,
	4.7272 2.80796,
	4.85803 2.8094,
	4.87921 2.84186,
	4.88766 2.85402,
	4.87579 2.87071,
	4.87208 2.88724,
	4.84006 2.91668,
	4.80738 2.91734,
	4.79921 2.91751,
	4.79085 2.90946,
	4.75788 2.8978,
	4.72453 2.8697,
	4.7119 2.85351,
	4.71115 2.82063,
	"/>
<Contour name="d08c25" hidden="false" closed="true" simplified="true" border="1 0 0" fill="0 1 0" mode="9"
 points="4.82808 2.90207,
	4.84436 2.87451,
	4.86418 2.85369,
	4.87078 2.84675,
	4.88431 2.84647,
	4.89169 2.87354,
	4.89185 2.88034,
	4.88195 2.89076,
	4.8821 2.89755,
	4.8556 2.92193,
	4.84208 2.9222,
	4.83531 2.92234,
	4.8284 2.91567,
	4.82816 2.90547,
	"/>
<Contour name="d08cfa25" hidden="false" closed="false" simplified="false" border="0 1 1" fill="0 1 1" mode="9"
 points="4.87497 2.84727,
	4.82582 2.91634,
	"/>
<Contour name="D14" hidden="false" closed="true" simplified="true" border="1 0 0" fill="1 0 0" mode="11"
 points="3.85711 3.52266,
	3.86134 3.51212,
	3.87407 3.50243,
	3.89409 3.49454,
	3.9194 3.48922,
	3.94755 3.48698,
	3.97578 3.48807,
	4.00131 3.49235,
	4.02167 3.49941,
	4.03484 3.50857,
	4.03955 3.51892,
	4.03532 3.52946,
	4.02258 3.53916,
	4.00257 3.54705,
	3.97726 3.55237,
	3.94911 3.55461,
	3.92088 3.55353,
	3.89535 3.54925,
	3.87499 3.54219,
	"/>
</Transform>

<Transform dim="0"
 xcoef=" 0 1 0 0 0 0"
 ycoef=" 0 0 1 0 0 0">
<Contour name="ax30" comment="LK bouton trace named after cfa" hidden="false" closed="true" simplified="true" border="0 1 1" fill="0.502 1 1" mode="9"
 points="4.00984 3.19058,
	4.01339 3.18426,
	4.01537 3.1811,
	4.01853 3.17873,
	4.02011 3.17794,
	4.02484 3.17163,
	4.02879 3.16531,
	4.03392 3.15899,
	4.04656 3.14675,
	4.04972 3.14399,
	4.06235 3.13728,
	4.06551 3.13649,
	4.06709 3.13649,
	4.07341 3.13451,
	4.07972 3.13412,
	4.09236 3.13609,
	4.10499 3.13688,
	4.11763 3.13688,
	4.12394 3.13728,
	4.13658 3.13609,
	4.14921 3.13254,
	4.15553 3.13136,
	4.15711 3.13057,
	4.1579 3.12978,
	4.16106 3.12899,
	4.16422 3.12701,
	4.17685 3.12267,
	4.18317 3.12148,
	4.1958 3.12069,
	4.20212 3.11635,
	4.20844 3.11438,
	4.22107 3.1124,
	4.22739 3.1124,
	4.23371 3.11122,
	4.23686 3.11082,
	4.2495 3.10569,
	4.25582 3.10332,
	4.26845 3.09661,
	4.28108 3.08911,
	4.29372 3.08003,
	4.30004 3.07529,
	4.30319 3.07253,
	4.30951 3.06858,
	4.32215 3.06581,
	4.32846 3.06384,
	4.33478 3.06068,
	4.33794 3.05831,
	4.33873 3.05752,
	4.34031 3.05713,
	4.35294 3.04449,
	4.36123 3.03186,
	4.364 3.0287,
	4.37032 3.02515,
	4.37663 3.02238,
	4.38927 3.02041,
	4.39243 3.02001,
	4.40506 3.01409,
	4.41138 3.01093,
	4.41769 3.00541,
	4.42085 3.00264,
	4.42401 3.00067,
	4.43033 2.99514,
	4.43665 2.98882,
	4.44296 2.9833,
	4.44928 2.97935,
	4.46191 2.97382,
	4.46823 2.97106,
	4.47139 2.96987,
	4.47297 2.96908,
	4.47613 2.96908,
	4.48245 2.97106,
	4.50771 2.975,
	4.51403 2.97579,
	4.52035 2.9754,
	4.54562 2.97777,
	4.55193 2.97974,
	4.55509 2.98053,
	4.55667 2.98053,
	4.56931 2.98685,
	4.57562 2.99001,
	4.58194 2.99435,
	4.58352 2.99514,
	4.58865 3.00146,
	4.5926 3.00777,
	4.59458 3.01093,
	4.6005 3.01725,
	4.60366 3.02041,
	4.60484 3.02199,
	4.61748 3.02989,
	4.64274 3.04134,
	4.6459 3.04252,
	4.65222 3.04331,
	4.67749 3.04212,
	4.70276 3.03936,
	4.71539 3.03857,
	4.72171 3.0366,
	4.72487 3.03541,
	4.73119 3.03581,
	4.73434 3.0366,
	4.74698 3.0437,
	4.7533 3.04805,
	4.75922 3.05436,
	4.76909 3.067,
	4.77501 3.07963,
	4.77856 3.09227,
	4.78014 3.09858,
	4.78093 3.1049,
	4.78014 3.11754,
	4.77817 3.13017,
	4.77698 3.14281,
	4.77659 3.14596,
	4.78212 3.17123,
	4.78172 3.18387,
	4.78133 3.19018,
	4.78133 3.19334,
	4.77896 3.19966,
	4.77501 3.20598,
	4.77027 3.21229,
	4.76751 3.21545,
	4.76435 3.22177,
	4.76001 3.22809,
	4.75487 3.2344,
	4.75251 3.23756,
	4.74935 3.23993,
	4.74461 3.24625,
	4.74185 3.24941,
	4.74027 3.25257,
	4.73829 3.25888,
	4.73395 3.2652,
	4.73276 3.26678,
	4.72013 3.27191,
	4.71697 3.2727,
	4.71539 3.27349,
	4.70276 3.28494,
	4.69644 3.29126,
	4.69131 3.29758,
	4.68499 3.30389,
	4.67867 3.30824,
	4.67551 3.31061,
	4.6692 3.31376,
	4.65656 3.31455,
	4.64393 3.32127,
	4.64077 3.32285,
	4.62814 3.33351,
	4.6159 3.34574,
	4.60326 3.35206,
	4.6001 3.35364,
	4.59379 3.35798,
	4.58313 3.37022,
	4.55786 3.38997,
	4.55154 3.3947,
	4.54601 3.40102,
	4.53693 3.41365,
	4.53259 3.41997,
	4.52114 3.43261,
	4.51482 3.43813,
	4.46428 3.47288,
	4.45165 3.47801,
	4.43901 3.48512,
	4.42638 3.49065,
	4.42006 3.49301,
	4.41375 3.4942,
	4.40111 3.49894,
	4.38848 3.50446,
	4.38532 3.50525,
	4.36005 3.51789,
	4.35689 3.51986,
	4.34426 3.52381,
	4.3411 3.525,
	4.33952 3.52579,
	4.3332 3.52657,
	4.32057 3.53171,
	4.30793 3.53566,
	4.30162 3.53723,
	4.2953 3.54,
	4.29214 3.54118,
	4.27951 3.54395,
	4.26687 3.5475,
	4.2416 3.55145,
	4.22897 3.55263,
	4.2037 3.55184,
	4.19106 3.55066,
	4.17843 3.54829,
	4.12789 3.52302,
	4.11526 3.5171,
	4.10262 3.51552,
	4.09631 3.51473,
	4.09315 3.51394,
	4.08051 3.50802,
	4.0742 3.50446,
	4.06156 3.49578,
	4.05525 3.49144,
	4.04261 3.48117,
	4.03156 3.46854,
	4.02682 3.46222,
	4.02603 3.46064,
	4.02484 3.448,
	4.02484 3.44643,
	4.02761 3.44011,
	4.02919 3.43379,
	4.02879 3.42116,
	4.028 3.41484,
	4.028 3.40852,
	4.03156 3.4022,
	4.04301 3.38957,
	4.04853 3.38325,
	4.0513 3.38009,
	4.06354 3.35483,
	4.06709 3.34219,
	4.06985 3.32956,
	4.07183 3.31692,
	4.07301 3.31061,
	4.06946 3.28534,
	4.06709 3.27902,
	4.06669 3.27586,
	4.06077 3.26323,
	4.05801 3.25691,
	4.05406 3.25059,
	4.05169 3.24743,
	4.0509 3.24585,
	4.03827 3.23401,
	4.02563 3.22138,
	4.02247 3.21822,
	4.01458 3.20558,
	4.01102 3.19926,
	4.00984 3.19295,
	4.00984 3.19137,
	4.00984 3.19097,
	"/>
</Transform>

<Transform dim="0"
 xcoef=" 0 1 0 0 0 0"
 ycoef=" 0 0 1 0 0 0">
<Contour name="d01ax17" comment="LK bouton trace named after cfa" hidden="false" closed="true" simplified="true" border="0 1 1" fill="0.502 1 1" mode="-9"
 points="5.04522 2.65874,
	5.05001 2.64597,
	5.06278 2.62042,
	5.06997 2.60764,
	5.08115 2.59487,
	5.09392 2.58289,
	5.14502 2.55495,
	5.15141 2.54936,
	5.17696 2.53419,
	5.18335 2.53019,
	5.19532 2.51981,
	5.22087 2.49586,
	5.22566 2.48947,
	5.23844 2.48069,
	5.25121 2.4767,
	5.26399 2.4743,
	5.27676 2.4759,
	5.30231 2.49027,
	5.31508 2.49666,
	5.36618 2.51023,
	5.39173 2.51582,
	5.40451 2.51981,
	5.41089 2.52221,
	5.43644 2.54217,
	5.46199 2.55015,
	5.51309 2.55175,
	5.52587 2.55175,
	5.53864 2.55495,
	5.56419 2.56612,
	5.57697 2.57171,
	5.58016 2.57411,
	5.60571 2.5757,
	5.61848 2.5757,
	5.63126 2.57331,
	5.64403 2.56772,
	5.65042 2.56532,
	5.6632 2.56373,
	5.67597 2.56373,
	5.68236 2.56453,
	5.70791 2.5757,
	5.71429 2.5789,
	5.73984 2.5797,
	5.75262 2.5789,
	5.77817 2.57012,
	5.78136 2.56932,
	5.78775 2.56453,
	5.79094 2.56213,
	5.79733 2.56133,
	5.81011 2.56293,
	5.81649 2.56453,
	5.81969 2.56612,
	5.82288 2.56612,
	5.82607 2.56852,
	5.83246 2.57091,
	5.83565 2.57171,
	5.84204 2.5765,
	5.86759 2.58449,
	5.88037 2.58848,
	5.89314 2.59566,
	5.89633 2.59806,
	5.89793 2.59806,
	5.91071 2.61004,
	5.93626 2.63,
	5.94823 2.64197,
	5.95701 2.65475,
	5.9634 2.66752,
	5.96739 2.6803,
	5.97378 2.69307,
	5.97538 2.69627,
	5.97777 2.72182,
	5.97538 2.74736,
	5.97378 2.76014,
	5.96819 2.77291,
	5.94823 2.79846,
	5.93546 2.81124,
	5.92268 2.82082,
	5.91629 2.82401,
	5.89075 2.84158,
	5.88436 2.84557,
	5.87797 2.84797,
	5.87158 2.85196,
	5.8652 2.85435,
	5.862 2.85595,
	5.84923 2.85834,
	5.84284 2.86074,
	5.83645 2.86154,
	5.83326 2.86314,
	5.82048 2.86473,
	5.8141 2.86553,
	5.80132 2.86393,
	5.78855 2.85994,
	5.78296 2.85755,
	5.77977 2.85595,
	5.76699 2.85435,
	5.74144 2.85515,
	5.72867 2.85914,
	5.70312 2.87112,
	5.69673 2.87351,
	5.69034 2.87431,
	5.68395 2.87671,
	5.67757 2.87671,
	5.66479 2.8807,
	5.63924 2.88469,
	5.62647 2.88629,
	5.61369 2.88948,
	5.60092 2.89028,
	5.59453 2.89108,
	5.58176 2.89587,
	5.53066 2.92382,
	5.51788 2.931,
	5.49233 2.94218,
	5.48595 2.94537,
	5.47956 2.94697,
	5.45401 2.95815,
	5.42846 2.96613,
	5.41569 2.97092,
	5.39014 2.9845,
	5.36459 3.00046,
	5.35181 3.00845,
	5.34542 3.01324,
	5.33265 3.01963,
	5.32626 3.02442,
	5.31349 3.02601,
	5.30071 3.02521,
	5.29433 3.01963,
	5.29113 3.01723,
	5.28953 3.01404,
	5.28315 3.00845,
	5.27995 3.00605,
	5.26718 3.00366,
	5.2544 2.99727,
	5.22886 2.97332,
	5.22247 2.96773,
	5.19692 2.95016,
	5.18414 2.94218,
	5.17217 2.9294,
	5.16498 2.91663,
	5.15939 2.90385,
	5.15221 2.89108,
	5.14742 2.88469,
	5.14103 2.87192,
	5.14103 2.86553,
	5.13943 2.86234,
	5.11787 2.83679,
	5.11149 2.8312,
	5.09871 2.82321,
	5.09233 2.81922,
	5.08115 2.80725,
	5.07795 2.80405,
	5.07476 2.79128,
	5.07316 2.78489,
	5.06678 2.77212,
	5.06278 2.76573,
	5.06199 2.76253,
	5.05719 2.75615,
	5.0548 2.74337,
	5.05799 2.7306,
	5.05879 2.72421,
	5.05799 2.71782,
	5.0556 2.71144,
	5.05161 2.70505,
	5.05081 2.70185,
	5.04841 2.69866,
	5.04602 2.68589,
	5.04522 2.66034,
	5.04522 2.65954,
	"/>
</Transform>

<Transform dim="0"
 xcoef=" 0 1 0 0 0 0"
 ycoef=" 0 0 1 0 0 0">
<Contour name="d03c19ax10" hidden="false" closed="true" simplified="true" border="0 1 0" fill="0 1 0" mode="9"
 points="2.42915 3.10211,
	2.46162 3.03915,
	2.46457 3.03521,
	2.49605 3.04308,
	2.49999 3.04406,
	2.50196 3.04406,
	2.56492 3.09523,
	2.5728 3.10113,
	2.57575 3.10408,
	2.54426 3.13163,
	2.52852 3.14639,
	2.52065 3.15327,
	2.51672 3.15622,
	2.51573 3.15721,
	2.45276 3.11785,
	2.43702 3.10703,
	2.43014 3.1031,
	"/>
</Transform>

<Transform dim="6"
 xcoef=" -0.8597504705964 1.14885216915586 0.0239817569142283 0 0 0"
 ycoef=" -1.14003952547582 0.0319042209726944 0.997614664850798 0 0 0">
<Image mag="0.00217507" contrast="1.10628" brightness="0" red="true" green="true" blue="true"
 src="FHLTD.145.jpg" />
<Contour name="domain1" hidden="false" closed="true" simplified="false" border="1 0 1" fill="1 0 1" mode="11"
 points="0 0,
	4096 0,
	4096 4096,
	0 4096,
	"/>
</Transform>

<Transform dim="0"
 xcoef=" 0 1 0 0 0 0"
 ycoef=" 0 0 1 0 0 0">
<Contour name="d07c25ax20" hidden="false" closed="true" simplified="true" border="0 1 0" fill="0 1 0" mode="9"
 points="4.95113 7.76286,
	4.98502 7.70502,
	4.98592 7.70321,
	4.98682 7.70231,
	5.04466 7.73981,
	5.07358 7.75879,
	5.05324 7.81662,
	5.05279 7.81843,
	5.05234 7.81888,
	4.99451 7.7868,
	4.96559 7.77099,
	4.95158 7.76331,
	"/>
</Transform>

<Transform dim="0"
 xcoef=" 0 1 0 0 0 0"
 ycoef=" 0 0 1 0 0 0">
<Contour name="ddh_d06ax17" comment="traced by ddh" hidden="false" closed="true" simplified="true" border="0.5 0 1" fill="0.5 0 1" mode="11"
 points="2.23261 6.86229,
	2.23547 6.85771,
	2.23949 6.85313,
	2.25782 6.84338,
	2.26241 6.84052,
	2.28075 6.83536,
	2.28991 6.83307,
	2.32659 6.8325,
	2.36327 6.83421,
	2.39994 6.83364,
	2.40911 6.82963,
	2.41369 6.82505,
	2.41942 6.81588,
	2.42344 6.81129,
	2.43318 6.79295,
	2.43948 6.78379,
	2.44292 6.7792,
	2.4475 6.77519,
	2.46584 6.76602,
	2.47501 6.76144,
	2.47959 6.75914,
	2.48876 6.75685,
	2.49793 6.7494,
	2.5071 6.7431,
	2.52544 6.7282,
	2.53461 6.72132,
	2.55237 6.70299,
	2.56097 6.69439,
	2.56555 6.69152,
	2.57415 6.6835,
	2.57644 6.68121,
	2.59478 6.67089,
	2.60395 6.66631,
	2.62228 6.66001,
	2.62687 6.65943,
	2.63145 6.65771,
	2.64062 6.65714,
	2.64521 6.65714,
	2.6475 6.65714,
	2.66584 6.66574,
	2.67501 6.67032,
	2.67959 6.67376,
	2.69793 6.68121,
	2.7071 6.68408,
	2.71627 6.68522,
	2.72085 6.68408,
	2.73919 6.67376,
	2.77357 6.63766,
	2.78274 6.62906,
	2.80108 6.62047,
	2.81941 6.61474,
	2.82858 6.61302,
	2.84692 6.60557,
	2.8836 6.58608,
	2.89277 6.58322,
	2.89735 6.58264,
	2.89964 6.58264,
	2.91798 6.57691,
	2.93632 6.56832,
	2.94549 6.56316,
	2.95007 6.56087,
	2.95924 6.55285,
	2.97586 6.53451,
	2.98789 6.51617,
	2.98904 6.51159,
	2.9919 6.507,
	2.99248 6.50471,
	2.99591 6.50013,
	2.99706 6.49783,
	3.00164 6.49439,
	3.00623 6.4921,
	3.02457 6.49325,
	3.03374 6.49611,
	3.03832 6.49841,
	3.04749 6.50528,
	3.05207 6.50815,
	3.05437 6.50987,
	3.05666 6.51044,
	3.06583 6.51674,
	3.06697 6.51789,
	3.06812 6.51789,
	3.07041 6.51961,
	3.07156 6.51961,
	3.07614 6.52247,
	3.07843 6.52305,
	3.08302 6.52591,
	3.08531 6.52763,
	3.08646 6.52763,
	3.08875 6.52935,
	3.09333 6.52992,
	3.09792 6.53164,
	3.11626 6.53394,
	3.12542 6.54024,
	3.13173 6.54941,
	3.13689 6.55858,
	3.1386 6.56316,
	3.14147 6.56775,
	3.14319 6.57233,
	3.14605 6.57691,
	3.1472 6.57921,
	3.1472 6.58035,
	3.14892 6.58264,
	3.14949 6.58494,
	3.1558 6.59411,
	3.16095 6.60327,
	3.16382 6.60786,
	3.1684 6.6262,
	3.16898 6.64453,
	3.1684 6.6537,
	3.16726 6.65829,
	3.16554 6.66058,
	3.1621 6.66975,
	3.16153 6.67892,
	3.1621 6.68809,
	3.16496 6.70642,
	3.16668 6.72476,
	3.16611 6.73393,
	3.1621 6.75227,
	3.15408 6.77061,
	3.14433 6.78894,
	3.14147 6.79811,
	3.13975 6.8027,
	3.13345 6.83937,
	3.13287 6.84396,
	3.13173 6.84625,
	3.13058 6.85542,
	3.12944 6.86,
	3.12944 6.86917,
	3.12944 6.87376,
	3.12714 6.88292,
	3.12542 6.88751,
	3.12485 6.8898,
	3.12199 6.89439,
	3.11912 6.90355,
	3.11797 6.9047,
	3.1174 6.90928,
	3.11626 6.91043,
	3.11511 6.9196,
	3.11511 6.92189,
	3.11396 6.92418,
	3.11339 6.96086,
	3.11282 6.97003,
	3.1111 6.9792,
	3.10938 6.98378,
	3.09792 7.00212,
	3.09677 7.00441,
	3.09276 7.009,
	3.09161 7.01129,
	3.07557 7.02963,
	3.06755 7.03879,
	3.06525 7.04109,
	3.05952 7.05026,
	3.05895 7.05255,
	3.0578 7.05369,
	3.0578 7.05484,
	3.05608 7.05713,
	3.05207 7.0663,
	3.04692 7.07547,
	3.03832 7.08407,
	3.02915 7.09037,
	3.02457 7.09438,
	3.02227 7.0961,
	3.01998 7.09667,
	3.0154 7.10011,
	3.00623 7.10527,
	3.00394 7.10584,
	2.99935 7.10871,
	2.99821 7.10985,
	2.99706 7.10985,
	2.99477 7.11157,
	2.9856 7.11444,
	2.98445 7.11444,
	2.98331 7.11558,
	2.97872 7.11616,
	2.97414 7.11788,
	2.97185 7.11788,
	2.9707 7.11902,
	2.96612 7.11959,
	2.95695 7.12303,
	2.95465 7.12418,
	2.95351 7.12418,
	2.95122 7.1259,
	2.94892 7.12647,
	2.93976 7.1322,
	2.92142 7.14595,
	2.90365 7.16315,
	2.89506 7.17232,
	2.88589 7.17919,
	2.87672 7.18263,
	2.87557 7.18378,
	2.8664 7.18492,
	2.86182 7.18492,
	2.85953 7.18607,
	2.84119 7.18664,
	2.83202 7.18664,
	2.82285 7.1855,
	2.81368 7.1832,
	2.8091 7.18148,
	2.80681 7.18091,
	2.80452 7.17919,
	2.78618 7.17518,
	2.77701 7.17346,
	2.77242 7.17346,
	2.76326 7.17174,
	2.75409 7.17117,
	2.74492 7.16945,
	2.74033 7.1683,
	2.73804 7.16773,
	2.72887 7.16028,
	2.72486 7.1557,
	2.72257 7.1534,
	2.72142 7.15226,
	2.72085 7.14997,
	2.71913 7.14767,
	2.71856 7.14538,
	2.71741 7.14424,
	2.71627 7.13965,
	2.71512 7.13736,
	2.71455 7.13277,
	2.71283 7.12819,
	2.71168 7.11902,
	2.71111 7.11444,
	2.71225 7.10527,
	2.71283 7.10068,
	2.71455 7.0961,
	2.72085 7.08693,
	2.72543 7.07776,
	2.7283 7.06859,
	2.73002 7.06401,
	2.73346 7.04567,
	2.73518 7.0365,
	2.73518 7.02733,
	2.7346 7.02275,
	2.73059 7.01358,
	2.72371 7.00441,
	2.70652 6.98665,
	2.69793 6.97748,
	2.68933 6.96945,
	2.68016 6.9643,
	2.67099 6.96029,
	2.66985 6.95914,
	2.66526 6.95799,
	2.64693 6.94825,
	2.64234 6.94596,
	2.64005 6.94424,
	2.63088 6.9408,
	2.61254 6.92991,
	2.60337 6.92361,
	2.59879 6.92017,
	2.58045 6.91043,
	2.56211 6.90642,
	2.55753 6.90527,
	2.52085 6.90355,
	2.50252 6.90183,
	2.49335 6.90012,
	2.48418 6.89954,
	2.46584 6.90012,
	2.46126 6.90012,
	2.44292 6.90355,
	2.43375 6.90413,
	2.42458 6.90642,
	2.41541 6.91043,
	2.40624 6.91673,
	2.39708 6.9259,
	2.39306 6.93049,
	2.38733 6.93966,
	2.38504 6.94424,
	2.3816 6.94882,
	2.37243 6.96716,
	2.36728 6.97633,
	2.35925 6.9855,
	2.35467 6.98951,
	2.3455 6.99467,
	2.33633 6.99582,
	2.32716 6.99524,
	2.31799 6.99238,
	2.30883 6.99123,
	2.29049 6.9855,
	2.2859 6.98264,
	2.27731 6.97404,
	2.2733 6.96945,
	2.26699 6.96029,
	2.26184 6.95112,
	2.25897 6.94195,
	2.25267 6.90527,
	2.24865 6.8961,
	2.24292 6.88694,
	2.23605 6.87777,
	2.23376 6.87318,
	2.23261 6.86401,
	2.23261 6.86287,
	"/>
</Transform>

<Transform dim="0"
 xcoef=" 0 1 0 0 0 0"
 ycoef=" 0 0 1 0 0 0">
<Contour name="ddh_d06ax18" comment="traced by ddh" hidden="false" closed="true" simplified="true" border="1 0 0.5" fill="1 0 0.5" mode="11"
 points="3.35121 7.94707,
	3.35331 7.92468,
	3.35751 7.90229,
	3.36241 7.89669,
	3.36801 7.89319,
	3.3729 7.8883,
	3.3757 7.8855,
	3.382 7.8743,
	3.38969 7.86311,
	3.39179 7.86031,
	3.39249 7.85751,
	3.39669 7.85192,
	3.39739 7.84912,
	3.40439 7.83792,
	3.40788 7.83303,
	3.41348 7.82743,
	3.41838 7.82393,
	3.42747 7.81484,
	3.43167 7.80994,
	3.43797 7.79944,
	3.44147 7.79385,
	3.44636 7.78265,
	3.44986 7.77706,
	3.44986 7.77566,
	3.45126 7.77426,
	3.45406 7.76306,
	3.45546 7.75187,
	3.45616 7.74907,
	3.46036 7.74347,
	3.47155 7.73508,
	3.47715 7.73298,
	3.48834 7.73368,
	3.49114 7.73368,
	3.49254 7.73508,
	3.49394 7.73508,
	3.51633 7.74977,
	3.52192 7.75327,
	3.52472 7.75397,
	3.52612 7.75397,
	3.52682 7.75537,
	3.54921 7.75887,
	3.55061 7.75887,
	3.55271 7.76096,
	3.55411 7.76096,
	3.5646 7.76796,
	3.5723 7.77916,
	3.5744 7.78195,
	3.57579 7.78335,
	3.57579 7.78475,
	3.57789 7.78755,
	3.57929 7.78825,
	3.57929 7.78965,
	3.58839 7.80014,
	3.59678 7.80924,
	3.59888 7.81204,
	3.60938 7.81973,
	3.61497 7.82393,
	3.62617 7.83023,
	3.63177 7.83373,
	3.63456 7.83443,
	3.64016 7.83862,
	3.64506 7.84142,
	3.64996 7.84562,
	3.65555 7.85122,
	3.66045 7.85541,
	3.66395 7.85961,
	3.67234 7.87081,
	3.67444 7.8736,
	3.67514 7.8764,
	3.67654 7.8778,
	3.68284 7.90019,
	3.68424 7.90579,
	3.68634 7.90859,
	3.68704 7.91138,
	3.69053 7.91698,
	3.69053 7.91838,
	3.69193 7.91978,
	3.69263 7.92258,
	3.69403 7.92398,
	3.69473 7.92678,
	3.69683 7.92958,
	3.69753 7.93237,
	3.70523 7.94217,
	3.71502 7.95336,
	3.72412 7.96316,
	3.73111 7.97295,
	3.73601 7.97855,
	3.74371 7.98974,
	3.7465 7.99464,
	3.7479 7.99604,
	3.7486 7.99884,
	3.7507 8.00164,
	3.7528 8.00723,
	3.7542 8.01003,
	3.7542 8.01143,
	3.7556 8.01283,
	3.7563 8.02402,
	3.7535 8.04641,
	3.7514 8.05761,
	3.7465 8.0688,
	3.73741 8.0793,
	3.72621 8.08559,
	3.71502 8.09049,
	3.70383 8.09749,
	3.69473 8.10518,
	3.68564 8.11568,
	3.68214 8.12057,
	3.67234 8.13037,
	3.66115 8.13736,
	3.65555 8.14016,
	3.64996 8.14156,
	3.63876 8.14156,
	3.63316 8.14156,
	3.62757 8.14366,
	3.62477 8.14366,
	3.61357 8.15066,
	3.61078 8.15206,
	3.59958 8.16115,
	3.59049 8.16955,
	3.58489 8.17444,
	3.5744 8.18144,
	3.573 8.18284,
	3.5716 8.18284,
	3.566 8.18634,
	3.5604 8.18844,
	3.5576 8.18844,
	3.55201 8.19054,
	3.54081 8.19194,
	3.51843 8.19054,
	3.51283 8.18984,
	3.49114 8.18214,
	3.48834 8.18074,
	3.48554 8.18074,
	3.47995 8.17864,
	3.47715 8.17794,
	3.47505 8.17584,
	3.46945 8.17375,
	3.46665 8.17235,
	3.46525 8.17095,
	3.46385 8.17095,
	3.45826 8.16605,
	3.44986 8.15695,
	3.44357 8.14576,
	3.44007 8.14016,
	3.43237 8.11777,
	3.43027 8.11218,
	3.42328 8.10098,
	3.41768 8.09539,
	3.40928 8.08629,
	3.39879 8.0772,
	3.39599 8.0751,
	3.38969 8.0646,
	3.3869 8.05971,
	3.3862 8.05691,
	3.3848 8.05621,
	3.3848 8.05481,
	3.3834 8.05341,
	3.3834 8.05201,
	3.382 8.05061,
	3.3799 8.04501,
	3.3785 8.04361,
	3.3785 8.04222,
	3.3771 8.04152,
	3.3764 8.03872,
	3.3743 8.03592,
	3.3722 8.03032,
	3.3701 8.02752,
	3.36731 8.01633,
	3.36661 7.99394,
	3.36451 7.98275,
	3.35891 7.97155,
	3.35681 7.96875,
	3.35681 7.96736,
	3.35541 7.96666,
	3.35401 7.96106,
	3.35261 7.95966,
	3.35121 7.95406,
	3.35121 7.94847,
	3.35121 7.94777,
	"/>
</Transform>

<Transform dim="0"
 xcoef=" 0 1 0 0 0 0"
 ycoef=" 0 0 1 0 0 0">
<Contour name="ddh_d06ax19" comment="traced by ddh" hidden="false" closed="true" simplified="true" border="1 0 0" fill="1 0 0" mode="11"
 points="2.25485 5.25888,
	2.26092 5.24675,
	2.27002 5.23462,
	2.27685 5.22248,
	2.28519 5.21035,
	2.28746 5.20428,
	2.29429 5.19215,
	2.2996 5.18001,
	2.30112 5.17394,
	2.30642 5.16181,
	2.30718 5.15574,
	2.31249 5.14361,
	2.32083 5.13147,
	2.34283 5.10796,
	2.34586 5.10493,
	2.34738 5.10341,
	2.35117 5.10038,
	2.35724 5.0981,
	2.36027 5.09735,
	2.37241 5.09507,
	2.39667 5.09659,
	2.40274 5.09886,
	2.40881 5.09962,
	2.42094 5.10417,
	2.42701 5.10645,
	2.42853 5.10796,
	2.43004 5.10796,
	2.43308 5.11024,
	2.44521 5.11327,
	2.45735 5.11327,
	2.46948 5.11024,
	2.47251 5.10948,
	2.47479 5.1072,
	2.47782 5.10645,
	2.4892 5.09507,
	2.49527 5.08294,
	2.49678 5.0708,
	2.4983 5.02226,
	2.50058 5.01013,
	2.50285 5.00406,
	2.50209 4.99193,
	2.50209 4.98586,
	2.49906 4.97373,
	2.49678 4.96766,
	2.49603 4.96462,
	2.48389 4.9578,
	2.47176 4.95401,
	2.45962 4.95552,
	2.44749 4.95932,
	2.44142 4.95932,
	2.43839 4.95932,
	2.43232 4.95704,
	2.42929 4.95477,
	2.42701 4.9487,
	2.42474 4.93656,
	2.42474 4.9305,
	2.42701 4.92443,
	2.43611 4.9123,
	2.44673 4.90092,
	2.45886 4.89106,
	2.471 4.88499,
	2.47707 4.8812,
	2.4892 4.87589,
	2.49223 4.87362,
	2.50437 4.86907,
	2.51043 4.86679,
	2.51347 4.86452,
	2.5256 4.86224,
	2.54987 4.86603,
	2.56201 4.87058,
	2.56807 4.87286,
	2.57414 4.87893,
	2.58627 4.88499,
	2.61054 4.90168,
	2.62268 4.91154,
	2.62875 4.91685,
	2.64088 4.92367,
	2.66515 4.93126,
	2.67728 4.93505,
	2.70155 4.9487,
	2.71369 4.95401,
	2.72582 4.95704,
	2.75009 4.96007,
	2.76222 4.96083,
	2.77436 4.96311,
	2.78043 4.96387,
	2.79256 4.96766,
	2.80469 4.97373,
	2.81683 4.98586,
	2.82365 4.99799,
	2.82896 5.01013,
	2.83427 5.0344,
	2.83579 5.04653,
	2.83427 5.05867,
	2.82972 5.0708,
	2.81986 5.08294,
	2.79559 5.10341,
	2.78953 5.10872,
	2.78649 5.11175,
	2.77967 5.12389,
	2.77739 5.12996,
	2.77588 5.14209,
	2.78118 5.16636,
	2.79104 5.19063,
	2.79711 5.2149,
	2.81152 5.26344,
	2.81835 5.2877,
	2.81986 5.31197,
	2.81835 5.36051,
	2.81607 5.38478,
	2.80773 5.43332,
	2.80697 5.44545,
	2.81076 5.46972,
	2.81455 5.48185,
	2.83048 5.50612,
	2.83427 5.51826,
	2.83503 5.52433,
	2.83276 5.53646,
	2.83503 5.56073,
	2.84186 5.585,
	2.84261 5.59106,
	2.8411 5.6032,
	2.84034 5.60927,
	2.84034 5.6123,
	2.83503 5.62443,
	2.83276 5.6487,
	2.832 5.66084,
	2.82441 5.68511,
	2.81531 5.69724,
	2.80318 5.70558,
	2.79104 5.70938,
	2.76677 5.71165,
	2.74251 5.71165,
	2.73644 5.70938,
	2.71217 5.69269,
	2.70004 5.68586,
	2.69397 5.68207,
	2.6879 5.68056,
	2.68183 5.67752,
	2.67577 5.67601,
	2.6697 5.67297,
	2.65756 5.66918,
	2.64543 5.6669,
	2.6333 5.66235,
	2.62723 5.66084,
	2.60296 5.64719,
	2.59689 5.64415,
	2.59386 5.64264,
	2.58172 5.64188,
	2.55746 5.63657,
	2.53319 5.62898,
	2.52105 5.62519,
	2.50892 5.61988,
	2.50285 5.61685,
	2.49072 5.60699,
	2.47858 5.59486,
	2.47555 5.59182,
	2.45128 5.57741,
	2.42701 5.56452,
	2.41488 5.55845,
	2.40274 5.54784,
	2.39288 5.5357,
	2.35875 5.48716,
	2.34131 5.46289,
	2.33828 5.45683,
	2.32842 5.40829,
	2.31856 5.38402,
	2.31553 5.37795,
	2.31173 5.36582,
	2.3087 5.35975,
	2.30718 5.35368,
	2.29581 5.32942,
	2.29429 5.32638,
	2.27078 5.30211,
	2.26168 5.28998,
	2.25561 5.27784,
	2.25485 5.26571,
	2.25485 5.25964,
	"/>
</Transform>

<Transform dim="0"
 xcoef=" 0 1 0 0 0 0"
 ycoef=" 0 0 1 0 0 0">
<Contour name="ddh_d07ax26" comment="traced by ddh" hidden="false" closed="true" simplified="true" border="0.5 0 1" fill="0.5 0 1" mode="11"
 points="3.71239 9.54897,
	3.71399 9.54468,
	3.71399 9.53611,
	3.71828 9.51898,
	3.72363 9.50184,
	3.72631 9.49328,
	3.73113 9.48471,
	3.73434 9.48043,
	3.73916 9.47186,
	3.74344 9.46865,
	3.76058 9.46168,
	3.76165 9.46061,
	3.76486 9.44348,
	3.76968 9.42634,
	3.77343 9.40921,
	3.77396 9.40493,
	3.77825 9.39636,
	3.78574 9.38779,
	3.79163 9.37922,
	3.79592 9.37066,
	3.80074 9.35352,
	3.80395 9.33639,
	3.80609 9.32782,
	3.8077 9.31068,
	3.80877 9.30212,
	3.81305 9.28498,
	3.81894 9.26785,
	3.82109 9.26356,
	3.82537 9.24643,
	3.82537 9.24214,
	3.82965 9.22501,
	3.84197 9.19074,
	3.85536 9.15647,
	3.8591 9.15219,
	3.86017 9.15111,
	3.86874 9.15058,
	3.88588 9.15219,
	3.88802 9.15219,
	3.89337 9.16075,
	3.89498 9.16504,
	3.89552 9.16932,
	3.89712 9.1736,
	3.89712 9.17575,
	3.89819 9.17789,
	3.89926 9.19502,
	3.90141 9.20359,
	3.90194 9.20787,
	3.90462 9.21644,
	3.90515 9.22072,
	3.90462 9.22501,
	3.90837 9.25928,
	3.9073 9.27641,
	3.90622 9.2807,
	3.90622 9.28284,
	3.90515 9.28498,
	3.90515 9.28605,
	3.90408 9.28712,
	3.90301 9.29141,
	3.90033 9.29569,
	3.89766 9.30426,
	3.89498 9.32139,
	3.89391 9.35566,
	3.89016 9.3728,
	3.88855 9.37708,
	3.88213 9.38565,
	3.88052 9.38779,
	3.87945 9.39207,
	3.87784 9.39422,
	3.87677 9.3985,
	3.87624 9.40707,
	3.8741 9.41563,
	3.87249 9.41992,
	3.87088 9.42206,
	3.86928 9.42634,
	3.86767 9.42849,
	3.86178 9.44562,
	3.8575 9.4499,
	3.85696 9.45205,
	3.85482 9.45365,
	3.85321 9.45794,
	3.85268 9.46222,
	3.85375 9.47079,
	3.85428 9.47507,
	3.85375 9.47935,
	3.84786 9.48792,
	3.84465 9.49221,
	3.8425 9.49435,
	3.83715 9.50292,
	3.83287 9.51148,
	3.82698 9.52005,
	3.8243 9.52433,
	3.82055 9.52862,
	3.81841 9.53076,
	3.81305 9.53933,
	3.80877 9.54789,
	3.80823 9.55646,
	3.80556 9.56503,
	3.80395 9.56931,
	3.79752 9.57788,
	3.78949 9.58591,
	3.77825 9.60305,
	3.76968 9.61001,
	3.7654 9.61269,
	3.76326 9.61322,
	3.76218 9.61322,
	3.76111 9.61429,
	3.75897 9.61483,
	3.75469 9.61751,
	3.74612 9.61911,
	3.74184 9.61858,
	3.74077 9.61858,
	3.7322 9.61054,
	3.72845 9.60626,
	3.72577 9.60198,
	3.72417 9.59983,
	3.72256 9.59555,
	3.71988 9.59127,
	3.71828 9.58913,
	3.71613 9.58056,
	3.71506 9.57949,
	3.71239 9.56235,
	3.71239 9.55378,
	3.71239 9.5495,
	"/>
</Transform>

</Section>