<?xml version="1.0"?>
<!DOCTYPE Section SYSTEM "section.dtd">

<Section index="228" thickness="0.045" alignLocked="true">
<Transform dim="6"
 xcoef=" -1.57685564784949 1.1511689478029 0.109637447360517 0 0 0"
 ycoef=" -2.46212356955299 0.0951361124248374 1.04071496662981 0 0 0">
<Image mag="0.00217507" contrast="0.917" brightness="0.12" red="true" green="true" blue="true"
 src="FHLTD.228.jpg" />
<Contour name="domain1" hidden="false" closed="true" simplified="false" border="1 0 1" fill="1 0 1" mode="11"
 points="0 0,
	4096 0,
	4096 4096,
	0 4096,
	"/>
</Transform>

<Transform dim="6"
 xcoef=" 0.604964873559125 0.992141058751621 -0.00784184619469989 0 0 0"
 ycoef=" 0.145474328401839 0.0119226582587304 0.989312073966097 0 0 0">
<Contour name="D05" hidden="false" closed="true" simplified="true" border="1 1 0" fill="1 1 0" mode="11"
 points="2.69299 3.97404,
	2.70475 3.90163,
	2.73888 3.83632,
	2.79205 3.78448,
	2.85904 3.7512,
	2.93329 3.73974,
	3.00755 3.7512,
	3.07454 3.78448,
	3.12771 3.83632,
	3.16184 3.90163,
	3.1736 3.97404,
	3.16184 4.04644,
	3.12771 4.11175,
	3.07454 4.16359,
	3.00755 4.19687,
	2.93329 4.20833,
	2.85904 4.19687,
	2.79205 4.16359,
	2.73888 4.11175,
	"/>
</Transform>

<Transform dim="6"
 xcoef=" 0.00496487355912499 0.992141058751621 -0.00784184619469989 0 0 0"
 ycoef=" -0.00452567159816172 0.0119226582587304 0.989312073966097 0 0 0">
<Contour name="d01" hidden="false" closed="true" simplified="true" border="1 0.5 0" fill="1 0.5 0" mode="9"
 points="3.75057 5.57259,
	3.77188 5.5566,
	3.8145 5.5566,
	3.83581 5.5566,
	3.86245 5.51398,
	3.88376 5.498,
	3.90507 5.49267,
	3.94236 5.45538,
	3.95835 5.43407,
	4.00097 5.42342,
	4.01162 5.41809,
	4.02228 5.42342,
	4.10752 5.38612,
	4.15014 5.37547,
	4.17145 5.37014,
	4.19276 5.37547,
	4.20341 5.3808,
	4.24603 5.35416,
	4.28865 5.33818,
	4.30996 5.32752,
	4.33127 5.30621,
	4.35258 5.30088,
	4.37389 5.30621,
	4.45381 5.27424,
	4.4911 5.23695,
	4.53372 5.22097,
	4.55503 5.21564,
	4.59765 5.2263,
	4.61896 5.24228,
	4.6456 5.2849,
	4.65092 5.29555,
	4.64027 5.31154,
	4.62961 5.29023,
	4.63494 5.37547,
	4.6456 5.41809,
	4.64027 5.4394,
	4.64027 5.45005,
	4.62961 5.46071,
	4.62961 5.50333,
	4.61896 5.52464,
	4.59765 5.54595,
	4.59232 5.58857,
	4.56568 5.63119,
	4.5497 5.64717,
	4.54437 5.68979,
	4.54437 5.7111,
	4.52306 5.72708,
	4.51241 5.73241,
	4.4911 5.72176,
	4.46979 5.70045,
	4.45913 5.68446,
	4.41651 5.7111,
	4.3952 5.72176,
	4.37922 5.76438,
	4.37389 5.78569,
	4.28865 5.81232,
	4.24603 5.83363,
	4.22472 5.85494,
	4.20341 5.89756,
	4.16079 5.94018,
	4.13948 5.96149,
	4.05424 5.9828,
	4.03293 5.98813,
	3.99031 5.97748,
	3.969 5.96149,
	3.95835 5.95084,
	3.91573 5.95617,
	3.90507 5.95084,
	3.9104 5.8656,
	3.88909 5.82298,
	3.88376 5.73774,
	3.86245 5.6525,
	3.86245 5.64184,
	3.77721 5.59922,
	3.7559 5.58324,
	3.7559 5.57791,
	"/>
</Transform>

<Transform dim="6"
 xcoef=" 0.00496487355912499 0.992141058751621 -0.00784184619469989 0 0 0"
 ycoef=" -0.00452567159816172 0.0119226582587304 0.989312073966097 0 0 0">
<Contour name="d01" hidden="false" closed="true" simplified="true" border="1 0.5 0" fill="1 0.5 0" mode="9"
 points="3.30839 5.79634,
	3.3297 5.78036,
	3.34036 5.7697,
	3.35634 5.68446,
	3.39363 5.64184,
	3.3883 5.5566,
	3.3883 5.54595,
	3.37232 5.53529,
	3.3883 5.52464,
	3.41494 5.56193,
	3.45756 5.5939,
	3.47887 5.60988,
	3.4842 5.6525,
	3.47887 5.67381,
	3.44158 5.70577,
	3.44158 5.71643,
	3.40961 5.75905,
	3.39896 5.78036,
	3.3883 5.78569,
	3.37765 5.78036,
	3.33503 5.79634,
	3.31372 5.80167,
	"/>
</Transform>

<Transform dim="6"
 xcoef=" 0.00496487355912499 0.992141058751621 -0.00784184619469989 0 0 0"
 ycoef=" -0.00452567159816172 0.0119226582587304 0.989312073966097 0 0 0">
<Contour name="d01" hidden="false" closed="true" simplified="true" border="1 0.5 0" fill="1 0.5 0" mode="9"
 points="4.56568 4.87468,
	4.59232 4.83206,
	4.63494 4.78944,
	4.67756 4.78411,
	4.7628 4.81075,
	4.8001 4.85337,
	4.81608 4.87468,
	4.82141 4.9173,
	4.81075 4.95992,
	4.77879 5.00254,
	4.75215 5.08778,
	4.72551 5.1304,
	4.7042 5.15171,
	4.66158 5.16237,
	4.64027 5.11975,
	4.62429 5.09844,
	4.64027 5.06114,
	4.62961 5.01852,
	4.60298 4.99189,
	4.61363 4.90665,
	4.57101 4.88534,
	4.56568 4.88001,
	"/>
</Transform>

<Transform dim="6"
 xcoef=" 0.00496487355912499 0.992141058751621 -0.00784184619469989 0 0 0"
 ycoef=" -0.00452567159816172 0.0119226582587304 0.989312073966097 0 0 0">
<Contour name="d01c39b" hidden="false" closed="true" simplified="true" border="0 1 0" fill="0 1 0" mode="9"
 points="4.55553 4.91486,
	4.56234 4.90124,
	4.57256 4.88761,
	4.5998 4.87058,
	4.60662 4.86888,
	4.61343 4.86377,
	4.62705 4.86036,
	4.63386 4.86718,
	4.63557 4.87058,
	4.64919 4.87228,
	4.656 4.87399,
	4.66282 4.8808,
	4.66622 4.88761,
	4.66622 4.94211,
	4.66282 4.96936,
	4.66282 4.98298,
	4.6526 5.03748,
	4.6526 5.06472,
	4.65089 5.07835,
	4.64919 5.08516,
	4.64068 5.09878,
	4.62705 5.09708,
	4.61513 5.08516,
	4.61173 5.07835,
	4.5998 5.06472,
	4.59129 5.03748,
	4.58788 5.03066,
	4.58618 5.00342,
	4.58277 4.98979,
	4.57937 4.98298,
	4.57937 4.97957,
	4.57596 4.97617,
	4.56404 4.94892,
	4.55723 4.9353,
	4.55553 4.92167,
	4.55553 4.91656,
	"/>
</Transform>

<Transform dim="6"
 xcoef=" 0.0149648735591247 0.992141058751621 -0.00784184619469989 0 0 0"
 ycoef=" -0.0145256715981617 0.0119226582587304 0.989312073966097 0 0 0">
<Contour name="d01cfa39b" hidden="false" closed="true" simplified="true" border="0 1 0" fill="0 1 0" mode="9"
 points="4.55553 4.91486,
	4.56234 4.90124,
	4.57256 4.88761,
	4.5998 4.87058,
	4.60662 4.86888,
	4.61343 4.86377,
	4.62705 4.86036,
	4.63386 4.86718,
	4.63557 4.87058,
	4.64919 4.87228,
	4.656 4.87399,
	4.66282 4.8808,
	4.66622 4.88761,
	4.66622 4.94211,
	4.66282 4.96936,
	4.66282 4.98298,
	4.6526 5.03748,
	4.6526 5.06472,
	4.65089 5.07835,
	4.64919 5.08516,
	4.64068 5.09878,
	4.62705 5.09708,
	4.61513 5.08516,
	4.61173 5.07835,
	4.5998 5.06472,
	4.59129 5.03748,
	4.58788 5.03066,
	4.58618 5.00342,
	4.58277 4.98979,
	4.57937 4.98298,
	4.57937 4.97957,
	4.57596 4.97617,
	4.56404 4.94892,
	4.55723 4.9353,
	4.55553 4.92167,
	4.55553 4.91656,
	"/>
<Contour name="d01cfa39b" hidden="false" closed="false" simplified="false" border="0 1 1" fill="0 1 1" mode="9"
 points="4.65115 5.07957,
	4.64604 5.03359,
	4.64945 4.9808,
	4.64945 4.9229,
	4.63753 4.88373,
	4.60347 4.8684,
	"/>
</Transform>

<Transform dim="6"
 xcoef=" 0.00496487355912499 0.992141058751621 -0.00784184619469989 0 0 0"
 ycoef=" -0.00452567159816172 0.0119226582587304 0.989312073966097 0 0 0">
<Contour name="d06" hidden="false" closed="true" simplified="true" border="0 0 1" fill="0 0 1" mode="9"
 points="3.70284 6.35308,
	3.73009 6.32583,
	3.75734 6.30879,
	3.77097 6.29857,
	3.82547 6.29517,
	3.85272 6.30539,
	3.90723 6.30879,
	3.92085 6.30879,
	3.97536 6.33264,
	4.00261 6.34286,
	4.01623 6.34967,
	3.9992 6.40417,
	3.9992 6.43143,
	4.02305 6.43824,
	4.0503 6.45527,
	4.07415 6.48252,
	4.08436 6.49615,
	4.07755 6.55065,
	4.02986 6.60516,
	4.00602 6.63241,
	3.97876 6.65285,
	3.96173 6.6801,
	3.95492 6.69372,
	3.90723 6.74823,
	3.85272 6.79933,
	3.79822 6.80955,
	3.77097 6.80955,
	3.74372 6.79933,
	3.7335 6.7857,
	3.74031 6.75845,
	3.75394 6.74823,
	3.74712 6.72098,
	3.75053 6.61197,
	3.74712 6.50296,
	3.7369 6.48934,
	3.7335 6.46208,
	3.71987 6.43483,
	3.70625 6.42121,
	3.70284 6.3667,
	3.70284 6.35648,
	"/>
<Contour name="d06" hidden="false" closed="true" simplified="true" border="0 0 1" fill="0 0 1" mode="9"
 points="2.86485 7.22514,
	2.97385 7.16041,
	3.02836 7.12294,
	3.08286 7.07184,
	3.09308 7.06503,
	3.12374 7.01393,
	3.13736 7.00031,
	3.1544 6.97306,
	3.20549 6.92877,
	3.26 6.89811,
	3.3145 6.87427,
	3.42351 6.87086,
	3.45076 6.87427,
	3.47801 6.8913,
	3.49504 6.91855,
	3.5223 6.91855,
	3.53592 6.91855,
	3.59043 6.88449,
	3.64493 6.88789,
	3.67218 6.89471,
	3.6824 6.92196,
	3.68581 6.94921,
	3.6824 6.97646,
	3.64152 7.08547,
	3.63471 7.09228,
	3.61086 7.14679,
	3.59383 7.17404,
	3.58702 7.18766,
	3.5768 7.19448,
	3.55295 7.22173,
	3.53252 7.27623,
	3.5257 7.30348,
	3.51889 7.31711,
	3.51889 7.33074,
	3.50867 7.35799,
	3.45757 7.40908,
	3.40648 7.44656,
	3.35197 7.45337,
	3.24296 7.45337,
	3.21571 7.44996,
	3.20209 7.44315,
	3.17484 7.43974,
	3.16121 7.43974,
	3.13396 7.42612,
	3.07945 7.42271,
	3.0522 7.42612,
	3.03858 7.42612,
	3.02495 7.43293,
	2.91594 7.43634,
	2.90232 7.43293,
	2.8921 7.4193,
	2.88869 7.3648,
	2.88528 7.33755,
	2.87166 7.32733,
	2.86485 7.32052,
	2.86485 7.26601,
	2.86485 7.23876,
	2.86485 7.22854,
	"/>
</Transform>

<Transform dim="6"
 xcoef=" 0.00496487355912499 0.992141058751621 -0.00784184619469989 0 0 0"
 ycoef=" -0.00452567159816172 0.0119226582587304 0.989312073966097 0 0 0">
<Contour name="d06" hidden="false" closed="true" simplified="true" border="0 0 1" fill="0 0 1" mode="9"
 points="3.97876 6.88789,
	3.99239 6.86064,
	4.00602 6.84702,
	4.01964 6.8402,
	4.02645 6.82998,
	4.03327 6.82658,
	4.06052 6.85042,
	4.07415 6.86064,
	4.08096 6.87427,
	4.08777 6.88108,
	4.08777 6.90833,
	4.08096 6.92196,
	4.05711 6.9458,
	4.04689 6.95943,
	4.01964 6.97306,
	3.99239 6.97306,
	3.98217 6.95943,
	3.97876 6.90493,
	3.97876 6.8913,
	"/>
</Transform>

<Transform dim="6"
 xcoef=" 0.00496487355912499 0.992141058751621 -0.00784184619469989 0 0 0"
 ycoef=" -0.00452567159816172 0.0119226582587304 0.989312073966097 0 0 0">
<Contour name="d07" hidden="false" closed="true" simplified="true" border="1 0 1" fill="1 0 1" mode="9"
 points="4.44363 8.0983,
	4.45724 8.06202,
	4.46177 7.91692,
	4.45724 7.88065,
	4.44817 7.86251,
	4.44817 7.82624,
	4.4527 7.8081,
	4.54792 7.66754,
	4.57059 7.6358,
	4.60234 7.60406,
	4.63861 7.58592,
	4.71116 7.58138,
	4.7429 7.57685,
	4.7565 7.55871,
	4.82905 7.55418,
	4.86533 7.55418,
	4.88346 7.55418,
	4.91974 7.57231,
	4.95148 7.59952,
	4.96055 7.61766,
	4.96055 7.76276,
	4.96508 7.78089,
	4.96962 7.78996,
	5.00589 7.7945,
	5.01496 7.7945,
	5.02856 7.81263,
	5.0331 7.84891,
	5.0331 7.86705,
	5.0331 7.87611,
	5.00136 7.90785,
	4.99229 7.90785,
	4.97415 7.94413,
	4.96508 7.96227,
	4.96055 8.03482,
	4.9152 8.10283,
	4.86079 8.16631,
	4.84265 8.17991,
	4.80638 8.17991,
	4.7429 8.23886,
	4.67035 8.27967,
	4.65221 8.28874,
	4.50711 8.2842,
	4.47537 8.25246,
	4.46177 8.23433,
	4.44363 8.16178,
	4.44363 8.1255,
	4.44363 8.10736,
	4.44363 8.10283,
	"/>
</Transform>

<Transform dim="6"
 xcoef=" 0.00496487355912499 0.992141058751621 -0.00784184619469989 0 0 0"
 ycoef=" -0.00452567159816172 0.0119226582587304 0.989312073966097 0 0 0">
<Contour name="d01p42" hidden="false" closed="true" simplified="true" border="1 0 1" fill="1 0 1" mode="9"
 points="3.85913 5.6083,
	3.8615 5.59071,
	3.86839 5.57485,
	3.87911 5.56226,
	3.89263 5.55417,
	3.90761 5.55139,
	3.92259 5.55417,
	3.9361 5.56226,
	3.94683 5.57485,
	3.95371 5.59071,
	3.95609 5.6083,
	3.95371 5.62588,
	3.94683 5.64175,
	3.9361 5.65434,
	3.92259 5.66242,
	3.90761 5.66521,
	3.89263 5.66242,
	3.87911 5.65434,
	3.86839 5.64175,
	"/>
</Transform>

<Transform dim="0"
 xcoef=" 0 1 0 0 0 0"
 ycoef=" 0 0 1 0 0 0">
<Contour name="ax14" comment="LK bouton trace named after cfa" hidden="false" closed="true" simplified="true" border="0 1 1" fill="0.502 1 1" mode="9"
 points="3.67175 2.899,
	3.67447 2.89355,
	3.68264 2.88266,
	3.68741 2.87721,
	3.69285 2.87313,
	3.69558 2.87109,
	3.70647 2.86836,
	3.71736 2.86768,
	3.72281 2.867,
	3.72826 2.86496,
	3.73915 2.85611,
	3.74392 2.85066,
	3.74936 2.84658,
	3.76026 2.83636,
	3.77115 2.83024,
	3.78204 2.82615,
	3.78749 2.82479,
	3.79838 2.82411,
	3.80383 2.82343,
	3.81472 2.82547,
	3.82017 2.82683,
	3.83106 2.82615,
	3.84196 2.82411,
	3.85285 2.8207,
	3.86374 2.81866,
	3.86511 2.81866,
	3.88145 2.79687,
	3.88689 2.78598,
	3.89779 2.77645,
	3.90323 2.77304,
	3.90868 2.771,
	3.9114 2.76964,
	3.9223 2.76964,
	3.92774 2.77032,
	3.93047 2.77032,
	3.93591 2.77236,
	3.94136 2.77304,
	3.95225 2.77713,
	3.9577 2.77985,
	3.96042 2.78121,
	3.96178 2.78258,
	3.96315 2.78258,
	3.96451 2.78394,
	3.96587 2.78394,
	3.97676 2.79347,
	3.98017 2.79892,
	3.98085 2.80981,
	3.98017 2.8207,
	3.98017 2.82615,
	3.97676 2.83704,
	3.95974 2.85815,
	3.95634 2.86904,
	3.94681 2.89083,
	3.93796 2.90172,
	3.92706 2.91125,
	3.92162 2.91466,
	3.91617 2.9167,
	3.90527 2.92283,
	3.89438 2.92623,
	3.85081 2.93372,
	3.83991 2.93508,
	3.82902 2.93781,
	3.81813 2.93849,
	3.8154 2.93849,
	3.81268 2.93985,
	3.80179 2.94053,
	3.79634 2.94053,
	3.79362 2.93985,
	3.78817 2.93576,
	3.77728 2.93032,
	3.77183 2.92828,
	3.72826 2.92759,
	3.71736 2.92759,
	3.69558 2.92487,
	3.68468 2.92147,
	3.67379 2.91466,
	3.67175 2.90921,
	3.67175 2.90377,
	3.67175 2.90104,
	3.67175 2.89968,
	"/>
</Transform>

</Section>