<?xml version="1.0"?>
<!DOCTYPE Section SYSTEM "section.dtd">

<Section index="86" thickness="0.045" alignLocked="true">
<Transform dim="1"
 xcoef=" 3.36999999999997 1 0 0 0 0"
 ycoef=" 2.24 0 1 0 0 0">
<Contour name="D04" hidden="false" closed="true" simplified="true" border="1 0 0" fill="1 0 0" mode="11"
 points="5.46492 7.32996,
	5.46778 7.29096,
	5.47628 7.25281,
	5.49024 7.21634,
	5.50936 7.18235,
	5.53323 7.15158,
	5.56131 7.1247,
	5.59299 7.1023,
	5.6276 7.08487,
	5.66436 7.07278,
	5.70248 7.0663,
	5.74113 7.06558,
	5.77947 7.07063,
	5.81665 7.08133,
	5.85186 7.09746,
	5.88435 7.11866,
	5.91339 7.14447,
	5.93836 7.17432,
	5.95871 7.20758,
	5.97399 7.2435,
	5.98388 7.28131,
	5.98816 7.32018,
	5.98673 7.35926,
	5.97963 7.39771,
	5.96701 7.43467,
	5.94914 7.46936,
	5.92642 7.501,
	5.89934 7.52891,
	5.86849 7.55248,
	5.83455 7.57119,
	5.79825 7.58464,
	5.76039 7.59254,
	5.72179 7.59471,
	5.6833 7.5911,
	5.64576 7.58179,
	5.60998 7.56699,
	5.57674 7.54702,
	5.54678 7.52231,
	5.52073 7.49341,
	5.49918 7.46094,
	5.48259 7.42562,
	5.47133 7.3882,
	"/>
</Transform>

<Transform dim="1"
 xcoef=" 0.54 1 0 0 0 0"
 ycoef=" -0.13 0 1 0 0 0">
<Contour name="D05" hidden="false" closed="true" simplified="true" border="1 1 0" fill="1 1 0" mode="11"
 points="2.69299 3.97404,
	2.70475 3.90163,
	2.73888 3.83632,
	2.79205 3.78448,
	2.85904 3.7512,
	2.93329 3.73974,
	3.00755 3.7512,
	3.07454 3.78448,
	3.12771 3.83632,
	3.16184 3.90163,
	3.1736 3.97404,
	3.16184 4.04644,
	3.12771 4.11175,
	3.07454 4.16359,
	3.00755 4.19687,
	2.93329 4.20833,
	2.85904 4.19687,
	2.79205 4.16359,
	2.73888 4.11175,
	"/>
</Transform>

<Transform dim="0"
 xcoef=" 0 1 0 0 0 0"
 ycoef=" 0 0 1 0 0 0">
<Contour name="d01" hidden="true" closed="true" simplified="true" border="1 0.5 0" fill="1 0.5 0" mode="9"
 points="4.85826 3.14799,
	4.88552 3.09348,
	4.89233 3.03897,
	4.91277 3.01171,
	4.94003 3.01171,
	4.95365 3.01171,
	4.95365 2.98446,
	4.90596 2.92995,
	4.90596 2.87544,
	4.9264 2.82093,
	4.9264 2.76642,
	4.87189 2.71872,
	4.86507 2.66421,
	4.88552 2.55519,
	4.89914 2.50068,
	4.93321 2.44617,
	4.94003 2.39165,
	4.95365 2.37803,
	4.9741 2.32352,
	4.99454 2.29626,
	5.10356 2.29626,
	5.15807 2.29626,
	5.18532 2.28945,
	5.23302 2.23494,
	5.26709 2.18043,
	5.3216 2.13273,
	5.34886 2.12592,
	5.40337 2.13273,
	5.43062 2.13954,
	5.44425 2.15317,
	5.46469 2.26219,
	5.46469 2.28945,
	5.47832 2.3167,
	5.49195 2.33033,
	5.49195 2.34396,
	5.54646 2.39165,
	5.56009 2.44617,
	5.56009 2.45979,
	5.58734 2.48705,
	5.64185 2.5143,
	5.66911 2.53474,
	5.68273 2.54837,
	5.68955 2.57563,
	5.70318 2.58926,
	5.70999 2.64377,
	5.75769 2.67784,
	5.77813 2.69828,
	5.77813 2.72553,
	5.79857 2.78004,
	5.80538 2.8073,
	5.77813 2.81411,
	5.72362 2.8073,
	5.69636 2.81411,
	5.67592 2.86862,
	5.65548 2.88906,
	5.54646 2.92313,
	5.47832 3.03215,
	5.37611 3.10711,
	5.3216 3.14118,
	5.26709 3.16162,
	5.23984 3.18206,
	5.18532 3.2025,
	5.15807 3.2025,
	5.10356 3.22294,
	5.0763 3.22294,
	5.06268 3.21613,
	4.95365 3.22294,
	4.89914 3.21613,
	4.87189 3.2025,
	4.85826 3.17525,
	4.85826 3.1548,
	"/>
</Transform>

<Transform dim="0"
 xcoef=" 0 1 0 0 0 0"
 ycoef=" 0 0 1 0 0 0">
<Contour name="d01c08" hidden="false" closed="true" simplified="true" border="0 1 0" fill="0 1 0" mode="9"
 points="6.3951 3.40622,
	6.40774 3.39357,
	6.44147 3.41044,
	6.45833 3.41465,
	6.49205 3.43995,
	6.50049 3.44838,
	6.50049 3.45681,
	6.50892 3.46524,
	6.54686 3.60014,
	6.55107 3.66759,
	6.53843 3.70131,
	6.50892 3.72239,
	6.47519 3.72661,
	6.44147 3.72239,
	6.4246 3.71396,
	6.42039 3.72239,
	6.41196 3.70553,
	6.41617 3.6971,
	6.42039 3.70131,
	6.44147 3.66759,
	6.42882 3.53269,
	6.39931 3.46524,
	6.3951 3.43151,
	6.3951 3.41465,
	6.3951 3.41044,
	"/>
<Contour name="d01c08" hidden="false" closed="true" simplified="true" border="0 1 0" fill="0 1 0" mode="9"
 points="6.35294 3.84465,
	6.3698 3.832,
	6.40353 3.832,
	6.43725 3.84043,
	6.47098 3.85729,
	6.49205 3.8868,
	6.48784 3.92053,
	6.47941 3.93739,
	6.46255 3.9416,
	6.42882 3.93317,
	6.41196 3.92474,
	6.40353 3.92053,
	6.40353 3.9121,
	6.38666 3.90366,
	6.37823 3.90366,
	6.36137 3.8868,
	6.35294 3.86994,
	6.35294 3.85308,
	6.35294 3.84886,
	"/>
</Transform>

<Transform dim="0"
 xcoef=" 0 1 0 0 0 0"
 ycoef=" 0 0 1 0 0 0">
<Contour name="d01cfa08" hidden="false" closed="false" simplified="false" border="0 1 1" fill="0 1 1" mode="9"
 points="6.36742 3.84828,
	6.37585 3.85249,
	6.3885 3.85671,
	6.40536 3.86092,
	6.43065 3.87779,
	6.46859 3.9368,
	"/>
<Contour name="d01cfa08" hidden="false" closed="false" simplified="false" border="0 1 1" fill="0 1 1" mode="9"
 points="6.43065 3.40564,
	6.43908 3.41828,
	6.45173 3.44779,
	6.45595 3.46044,
	6.46859 3.4773,
	6.48967 3.49416,
	6.50653 3.51524,
	6.51496 3.54054,
	6.5234 3.57004,
	6.52761 3.58269,
	6.51918 3.65857,
	6.49389 3.65857,
	6.43908 3.6923,
	"/>
</Transform>

<Transform dim="0"
 xcoef=" 0 1 0 0 0 0"
 ycoef=" 0 0 1 0 0 0">
<Contour name="d01" hidden="true" closed="true" simplified="true" border="1 0.5 0" fill="1 0.5 0" mode="9"
 points="6.30246 3.76123,
	6.3877 3.70263,
	6.47294 3.66533,
	6.51556 3.67066,
	6.53154 3.62804,
	6.53687 3.58542,
	6.52088 3.5428,
	6.49425 3.50018,
	6.45163 3.46289,
	6.44097 3.45223,
	6.44097 3.36699,
	6.44097 3.32437,
	6.44097 3.30306,
	6.47826 3.2711,
	6.49957 3.26044,
	6.51023 3.21782,
	6.52088 3.19651,
	6.5635 3.18586,
	6.60612 3.19651,
	6.61678 3.19651,
	6.70202 3.26044,
	6.718 3.30306,
	6.68604 3.3883,
	6.67538 3.40961,
	6.67538 3.45223,
	6.69669 3.48953,
	6.718 3.50018,
	6.76062 3.50551,
	6.78193 3.50551,
	6.79259 3.50551,
	6.8139 3.52682,
	6.81923 3.53215,
	6.73931 3.61739,
	6.70202 3.66001,
	6.68071 3.70263,
	6.61678 3.78787,
	6.59547 3.87311,
	6.57416 3.91573,
	6.5635 3.93704,
	6.52088 3.96367,
	6.51023 3.969,
	6.44097 3.88376,
	6.43564 3.87311,
	6.3504 3.8518,
	6.31311 3.84114,
	6.32377 3.81983,
	6.30778 3.77721,
	6.30246 3.76656,
	"/>
</Transform>

<Transform dim="0"
 xcoef=" 0 1 0 0 0 0"
 ycoef=" 0 0 1 0 0 0">
<Contour name="d03" hidden="false" closed="true" simplified="true" border="0 1 0" fill="0 1 0" mode="9"
 points="2.37599 2.68312,
	2.38846 2.67533,
	2.40094 2.67065,
	2.42588 2.66909,
	2.47577 2.68157,
	2.52566 2.68624,
	2.55061 2.70339,
	2.57555 2.72522,
	2.57711 2.72678,
	2.55684 2.75172,
	2.50695 2.7564,
	2.49448 2.75796,
	2.48201 2.7564,
	2.43212 2.74237,
	2.40717 2.73457,
	2.40094 2.73301,
	2.38846 2.7221,
	2.38223 2.71586,
	2.37911 2.71275,
	2.37599 2.6878,
	2.37599 2.68468,
	"/>
</Transform>

<Transform dim="0"
 xcoef=" 0 1 0 0 0 0"
 ycoef=" 0 0 1 0 0 0">
<Contour name="d03" hidden="false" closed="true" simplified="true" border="0 1 0" fill="0 1 0" mode="9"
 points="2.66081 3.13199,
	2.67527 3.10886,
	2.68394 3.0973,
	2.68683 3.09152,
	2.7273 3.04527,
	2.73886 3.03515,
	2.78511 3.00624,
	2.80824 3.00046,
	2.8198 2.99757,
	2.82269 2.99613,
	2.86894 3.01492,
	2.91519 3.03949,
	2.93831 3.05249,
	2.94988 3.05828,
	2.95566 3.06117,
	2.97156 3.08429,
	2.96867 3.13054,
	2.94699 3.17679,
	2.93398 3.19847,
	2.88773 3.21292,
	2.87617 3.21726,
	2.82992 3.2187,
	2.81835 3.2187,
	2.72585 3.1898,
	2.6796 3.16956,
	2.67382 3.16812,
	2.66949 3.16378,
	2.66371 3.14066,
	2.66226 3.13488,
	2.66081 3.13343,
	"/>
</Transform>

<Transform dim="0"
 xcoef=" 0 1 0 0 0 0"
 ycoef=" 0 0 1 0 0 0">
<Contour name="d06" hidden="true" closed="true" simplified="true" border="0 0 1" fill="0 0 1" mode="11"
 points="2.13184 7.4879,
	2.182 7.39873,
	2.19593 7.37922,
	2.20429 7.36807,
	2.21265 7.3625,
	2.2238 7.35135,
	2.24052 7.33742,
	2.26003 7.31513,
	2.27396 7.29283,
	2.28232 7.28169,
	2.28511 7.27054,
	2.29904 7.25103,
	2.31019 7.23989,
	2.33248 7.22874,
	2.34363 7.22317,
	2.4328 7.22317,
	2.47739 7.22317,
	2.49968 7.22595,
	2.52198 7.22317,
	2.53312 7.22317,
	2.57771 7.20645,
	2.58886 7.20645,
	2.60001 7.20087,
	2.61115 7.18973,
	2.63345 7.17579,
	2.72262 7.173,
	2.76721 7.18973,
	2.77557 7.20087,
	2.78114 7.22317,
	2.78114 7.26775,
	2.79229 7.31234,
	2.79508 7.32349,
	2.81458 7.34578,
	2.84245 7.39037,
	2.84802 7.41266,
	2.84802 7.45725,
	2.83409 7.47954,
	2.83688 7.50184,
	2.83688 7.51298,
	2.84524 7.52413,
	2.86753 7.53806,
	2.88704 7.55757,
	2.8954 7.56872,
	2.8954 7.59101,
	2.8954 7.60216,
	2.88146 7.62445,
	2.87868 7.6356,
	2.85917 7.65789,
	2.81737 7.68855,
	2.8118 7.68855,
	2.77278 7.71641,
	2.75049 7.73035,
	2.73934 7.73313,
	2.71705 7.74707,
	2.67246 7.761,
	2.62787 7.76379,
	2.60558 7.76936,
	2.58328 7.78051,
	2.56099 7.80002,
	2.55542 7.80559,
	2.54984 7.80559,
	2.54706 7.81116,
	2.54148 7.81116,
	2.51919 7.82788,
	2.4969 7.83903,
	2.4746 7.84182,
	2.45231 7.83903,
	2.40772 7.81952,
	2.36313 7.79444,
	2.31855 7.75543,
	2.28232 7.7192,
	2.24609 7.67461,
	2.2238 7.65511,
	2.15134 7.57708,
	2.13462 7.55478,
	2.13184 7.5102,
	2.13184 7.49069,
	"/>
</Transform>

<Transform dim="0"
 xcoef=" 0 1 0 0 0 0"
 ycoef=" 0 0 1 0 0 0">
<Contour name="d06" hidden="true" closed="true" simplified="true" border="0 0 1" fill="0 0 1" mode="11"
 points="4.15499 7.44332,
	4.16057 7.43217,
	4.20515 7.40152,
	4.24974 7.37644,
	4.27203 7.3625,
	4.31662 7.35693,
	4.3222 7.35693,
	4.32777 7.36807,
	4.32777 7.39037,
	4.32498 7.40152,
	4.31384 7.41266,
	4.30826 7.41266,
	4.30269 7.41824,
	4.29711 7.41824,
	4.27482 7.43217,
	4.23859 7.4684,
	4.22745 7.47954,
	4.20515 7.4879,
	4.18286 7.48512,
	4.17171 7.48233,
	4.16057 7.47118,
	4.15499 7.46561,
	4.15499 7.4461,
	"/>
</Transform>

<Transform dim="0"
 xcoef=" 0 1 0 0 0 0"
 ycoef=" 0 0 1 0 0 0">
<Contour name="d07" hidden="true" closed="true" simplified="true" border="1 0 1" fill="1 0 1" mode="9"
 points="2.8842 8.18358,
	2.95433 8.14413,
	2.9631 8.13975,
	2.99816 8.15728,
	3.0157 8.16605,
	3.02885 8.18358,
	3.02885 8.25371,
	3.02885 8.27125,
	3.0157 8.28878,
	3.00693 8.29755,
	2.9368 8.29755,
	2.90173 8.27563,
	2.88858 8.2581,
	2.8842 8.18797,
	"/>
<Contour name="d07" hidden="true" closed="true" simplified="true" border="1 0 1" fill="1 0 1" mode="9"
 points="4.0107 8.28878,
	4.01947 8.25371,
	4.01947 8.24495,
	4.02823 8.24057,
	4.08522 8.30631,
	4.09398 8.31508,
	4.09837 8.35015,
	4.09837 8.35891,
	4.13343 8.3633,
	4.15097 8.36768,
	4.15973 8.36768,
	4.1685 8.38521,
	4.18603 8.39398,
	4.19042 8.42905,
	4.19042 8.44658,
	4.15535 8.45096,
	4.13782 8.45096,
	4.10275 8.43781,
	4.08522 8.42905,
	4.05453 8.39398,
	4.037 8.38521,
	4.01947 8.36768,
	4.0107 8.35015,
	4.0107 8.31508,
	4.0107 8.29755,
	4.0107 8.29316,
	"/>
<Contour name="d07" hidden="true" closed="true" simplified="true" border="1 0 1" fill="1 0 1" mode="9"
 points="2.65188 7.88552,
	2.66065 7.86799,
	2.69572 7.84169,
	2.73078 7.82415,
	2.76585 7.79785,
	2.81407 7.72772,
	2.83598 7.69704,
	2.84475 7.67951,
	2.86228 7.66197,
	2.90173 7.59184,
	2.93241 7.56116,
	3.00255 7.53486,
	3.02008 7.53047,
	3.02885 7.53047,
	3.06391 7.50417,
	3.09898 7.49102,
	3.13404 7.46911,
	3.17788 7.40336,
	3.17349 7.36829,
	3.13843 7.33323,
	3.11213 7.26309,
	3.11213 7.24556,
	3.10336 7.22803,
	3.08583 7.21049,
	3.0157 7.21049,
	2.98063 7.21049,
	2.94995 7.17981,
	2.94995 6.89928,
	2.94995 6.82915,
	2.9631 6.79408,
	2.99816 6.76778,
	3.03323 6.75025,
	3.05076 6.74148,
	3.0683 6.72395,
	3.07706 6.71957,
	3.0946 6.75463,
	3.10336 6.77217,
	3.10775 6.78093,
	3.10336 6.78532,
	3.09021 6.77655,
	3.08145 6.81162,
	3.07268 6.82915,
	3.07268 6.86422,
	3.07268 6.88175,
	3.08145 6.89928,
	3.09898 6.91681,
	3.11651 6.98695,
	3.12528 7.00448,
	3.16034 7.0264,
	3.17349 7.03955,
	3.20856 7.0527,
	3.24363 7.08338,
	3.25239 7.11845,
	3.28746 7.14913,
	3.30499 7.16228,
	3.32253 7.16228,
	3.34883 7.18858,
	3.38389 7.21049,
	3.40142 7.22364,
	3.47156 7.23679,
	3.50224 7.26748,
	3.51977 7.26748,
	3.55484 7.28501,
	3.57237 7.29378,
	3.64251 7.29378,
	3.67757 7.29378,
	3.7477 7.32446,
	3.76524 7.32884,
	3.83537 7.37268,
	3.87044 7.39459,
	3.9055 7.40774,
	3.94057 7.42966,
	4.0107 7.45157,
	4.04577 7.45157,
	4.07645 7.47349,
	4.11152 7.48226,
	4.14658 7.48226,
	4.16412 7.48664,
	4.17288 7.49541,
	4.24301 7.51294,
	4.26055 7.52171,
	4.29123 7.55677,
	4.30876 7.56116,
	4.33068 7.59184,
	4.3263 7.66197,
	4.3263 7.67951,
	4.26055 7.72772,
	4.24301 7.74087,
	4.20795 7.75402,
	4.13782 7.75402,
	4.10275 7.75402,
	4.06768 7.76717,
	4.037 7.79785,
	4.02385 7.811,
	3.98878 7.81977,
	3.84852 7.81539,
	3.81345 7.81977,
	3.79592 7.81977,
	3.77839 7.82854,
	3.70825 7.83292,
	3.67319 7.84169,
	3.39266 7.84169,
	3.35759 7.8373,
	3.32253 7.82415,
	3.25239 7.81977,
	3.21733 7.81977,
	3.19979 7.81977,
	3.12966 7.78909,
	2.9894 7.78909,
	2.97186 7.78909,
	2.9368 7.80662,
	2.87105 7.8636,
	2.83598 7.8899,
	2.82722 7.8899,
	2.76147 7.93812,
	2.69133 7.9425,
	2.6738 7.93812,
	2.65627 7.92059,
	2.65188 7.8899,
	"/>
</Transform>

<Transform dim="0"
 xcoef=" 0 1 0 0 0 0"
 ycoef=" 0 0 1 0 0 0">
<Contour name="d08" hidden="false" closed="true" simplified="true" border="1 0 0" fill="1 0 0" mode="9"
 points="5.02704 3.54017,
	5.04916 3.50477,
	5.06686 3.48707,
	5.08457 3.45166,
	5.07572 3.38086,
	5.07572 3.31006,
	5.07572 3.29236,
	5.06686 3.27466,
	5.10669 3.20385,
	5.12439 3.19058,
	5.13324 3.18173,
	5.16864 3.18173,
	5.1775 3.18173,
	5.2129 3.21713,
	5.21732 3.22598,
	5.2129 3.23483,
	5.20847 3.2304,
	5.19962 3.2658,
	5.2129 3.28351,
	5.22175 3.35431,
	5.23502 3.37201,
	5.24387 3.40741,
	5.2483 3.42511,
	5.27042 3.46051,
	5.27928 3.47821,
	5.27928 3.51362,
	5.2837 3.53132,
	5.2837 3.54017,
	5.3545 3.54459,
	5.38991 3.52689,
	5.40761 3.51804,
	5.47841 3.51804,
	5.49611 3.51804,
	5.56691 3.57999,
	5.60232 3.6154,
	5.62002 3.6508,
	5.62002 3.7924,
	5.61559 3.82781,
	5.61559 3.83666,
	5.58461 3.86763,
	5.57134 3.88533,
	5.56691 4.02694,
	5.56691 4.03579,
	5.53151 4.04907,
	5.2483 4.05349,
	5.10669 4.04022,
	5.08457 4.00924,
	5.07572 3.97384,
	5.04916 3.93844,
	5.03589 3.92074,
	5.04031 3.77913,
	5.05801 3.74373,
	5.05801 3.70833,
	5.05359 3.69062,
	5.04031 3.67292,
	5.03146 3.60212,
	5.02704 3.56672,
	5.02704 3.54902,
	5.02704 3.54459,
	"/>
</Transform>

<Transform dim="0"
 xcoef=" 0 1 0 0 0 0"
 ycoef=" 0 0 1 0 0 0">
<Contour name="D05" hidden="false" closed="true" simplified="true" border="1 1 0" fill="1 1 0" mode="11"
 points="2.32844 3.9749,
	2.33095 3.94542,
	2.33843 3.9165,
	2.35074 3.88869,
	2.36764 3.86253,
	2.38881 3.8385,
	2.41386 3.81707,
	2.44229 3.79864,
	2.47358 3.78357,
	2.50712 3.77215,
	2.54228 3.76458,
	2.57839 3.76102,
	2.61476 3.76153,
	2.65069 3.7661,
	2.68551 3.77465,
	2.71854 3.78701,
	2.74917 3.80295,
	2.77681 3.82216,
	2.80093 3.84428,
	2.82107 3.86889,
	2.83685 3.89551,
	2.84797 3.92365,
	2.85422 3.95276,
	2.85547 3.9823,
	2.85171 4.01169,
	2.84301 4.04038,
	2.82953 4.06783,
	2.81152 4.09351,
	2.78934 4.11693,
	2.7634 4.13764,
	2.7342 4.15526,
	2.70229 4.16944,
	2.66828 4.17992,
	2.63282 4.1865,
	2.59658 4.18904,
	2.56026 4.18751,
	2.52454 4.18194,
	2.49011 4.17242,
	2.45762 4.15914,
	2.42768 4.14235,
	2.40088 4.12237,
	2.37772 4.09959,
	2.35863 4.07443,
	2.34399 4.04738,
	2.33407 4.01895,
	"/>
</Transform>

<Transform dim="0"
 xcoef=" 0 1 0 0 0 0"
 ycoef=" 0 0 1 0 0 0">
<Contour name="D11" hidden="false" closed="true" simplified="true" border="1 0.5 0" fill="1 0.5 0" mode="11"
 points="4.79151 5.30321,
	4.7933 5.28444,
	4.79847 5.26751,
	4.80654 5.25407,
	4.81669 5.24545,
	4.82795 5.24247,
	4.83922 5.24545,
	4.84937 5.25407,
	4.85744 5.26751,
	4.86261 5.28444,
	4.8644 5.30321,
	4.86261 5.32198,
	4.85744 5.33891,
	4.84937 5.35234,
	4.83922 5.36097,
	4.82795 5.36394,
	4.81669 5.36097,
	4.80654 5.35234,
	4.79847 5.33891,
	"/>
<Contour name="D11" hidden="false" closed="true" simplified="true" border="1 0.5 0" fill="1 0.5 0" mode="11"
 points="5.51547 4.11767,
	5.51987 4.0959,
	5.53264 4.07626,
	5.55252 4.06067,
	5.57758 4.05066,
	5.60536 4.04721,
	5.63313 4.05066,
	5.65819 4.06067,
	5.67808 4.07626,
	5.69085 4.0959,
	5.69525 4.11767,
	5.69085 4.13944,
	5.67808 4.15908,
	5.65819 4.17466,
	5.63313 4.18467,
	5.60536 4.18812,
	5.57758 4.18467,
	5.55252 4.17466,
	5.53264 4.15908,
	"/>
</Transform>

<Transform dim="0"
 xcoef=" 0 1 0 0 0 0"
 ycoef=" 0 0 1 0 0 0">
<Contour name="D05" hidden="false" closed="true" simplified="true" border="1 1 0" fill="1 1 0" mode="11"
 points="3.23671 4.50394,
	3.23992 4.49193,
	3.24923 4.48109,
	3.26375 4.47249,
	3.28203 4.46697,
	3.3023 4.46507,
	3.32257 4.46697,
	3.34085 4.47249,
	3.35537 4.48109,
	3.36468 4.49193,
	3.36789 4.50394,
	3.36468 4.51595,
	3.35537 4.52679,
	3.34085 4.53539,
	3.32257 4.54091,
	3.3023 4.54281,
	3.28203 4.54091,
	3.26375 4.53539,
	3.24923 4.52679,
	"/>
</Transform>

<Transform dim="0"
 xcoef=" 0 1 0 0 0 0"
 ycoef=" 0 0 1 0 0 0">
<Contour name="D05" hidden="false" closed="true" simplified="true" border="1 1 0" fill="1 1 0" mode="11"
 points="4.66855 4.64373,
	4.67035 4.62983,
	4.67558 4.61729,
	4.68372 4.60734,
	4.69398 4.60095,
	4.70536 4.59875,
	4.71673 4.60095,
	4.72699 4.60734,
	4.73513 4.61729,
	4.74036 4.62983,
	4.74216 4.64373,
	4.74036 4.65763,
	4.73513 4.67017,
	4.72699 4.68013,
	4.71673 4.68651,
	4.70536 4.68872,
	4.69398 4.68651,
	4.68372 4.68013,
	4.67558 4.67017,
	"/>
</Transform>

<Transform dim="0"
 xcoef=" 0 1 0 0 0 0"
 ycoef=" 0 0 1 0 0 0">
<Contour name="D16" hidden="false" closed="true" simplified="true" border="0 0 1" fill="0 0 1" mode="11"
 points="2.02955 2.13616,
	2.03341 2.11118,
	2.04477 2.08751,
	2.06306 2.06636,
	2.08731 2.04884,
	2.11628 2.03586,
	2.14845 2.02809,
	2.18214 2.02594,
	2.21562 2.02952,
	2.24714 2.03864,
	2.27506 2.05283,
	2.29793 2.07135,
	2.31456 2.09324,
	2.32409 2.11736,
	2.32602 2.14245,
	2.32025 2.16722,
	2.30709 2.19038,
	2.28721 2.21072,
	2.26165 2.22718,
	2.23173 2.23891,
	2.19902 2.2453,
	2.16521 2.24602,
	2.13206 2.24103,
	2.1013 2.23058,
	2.07451 2.21523,
	2.0531 2.19577,
	2.03818 2.17321,
	"/>
</Transform>

<Transform dim="0"
 xcoef=" 0 1 0 0 0 0"
 ycoef=" 0 0 1 0 0 0">
<Contour name="D19" hidden="false" closed="true" simplified="true" border="0 1 0" fill="0 1 0" mode="11"
 points="2.21988 5.97151,
	2.22283 5.94631,
	2.23148 5.92277,
	2.24527 5.90241,
	2.26329 5.88657,
	2.28436 5.87629,
	2.30712 5.87224,
	2.33006 5.87468,
	2.35169 5.88345,
	2.3706 5.89798,
	2.38554 5.91732,
	2.39554 5.94021,
	2.39995 5.96514,
	2.39847 5.99049,
	2.39121 6.0146,
	2.37863 6.03589,
	2.36157 6.05297,
	2.34113 6.06472,
	2.31866 6.07037,
	2.29562 6.06956,
	2.27353 6.06233,
	2.25382 6.04916,
	2.23778 6.03091,
	2.22647 6.00878,
	"/>
</Transform>

<Transform dim="0"
 xcoef=" 0 1 0 0 0 0"
 ycoef=" 0 0 1 0 0 0">
<Contour name="D14" hidden="false" closed="true" simplified="true" border="1 0 0" fill="1 0 0" mode="11"
 points="6.36193 6.50858,
	6.36625 6.48573,
	6.37893 6.46443,
	6.3991 6.44615,
	6.42539 6.43212,
	6.45599 6.4233,
	6.48884 6.42029,
	6.52169 6.4233,
	6.5523 6.43212,
	6.57858 6.44615,
	6.59875 6.46443,
	6.61143 6.48573,
	6.61575 6.50858,
	6.61143 6.53143,
	6.59875 6.55272,
	6.57858 6.571,
	6.5523 6.58503,
	6.52169 6.59385,
	6.48884 6.59686,
	6.45599 6.59385,
	6.42539 6.58503,
	6.3991 6.571,
	6.37893 6.55272,
	"/>
</Transform>

<Transform dim="0"
 xcoef=" 0 1 0 0 0 0"
 ycoef=" 0 0 1 0 0 0">
<Contour name="d03p06" hidden="false" closed="true" simplified="false" border="0 0 1" fill="0 0 1" mode="-9"
 points="3.07591 3.04239,
	3.05534 3.02182,
	3.07591 3.00125,
	3.09648 3.02182,
	"/>
</Transform>

<Transform dim="0"
 xcoef=" 0 1 0 0 0 0"
 ycoef=" 0 0 1 0 0 0">
<Contour name="d07p14b" hidden="false" closed="true" simplified="false" border="1 0 0" fill="1 0 0" mode="-13"
 points="3.06995 7.68184,
	3.08236 7.66447,
	3.06995 7.6471,
	3.07739 7.6471,
	3.08732 7.66199,
	3.09724 7.6471,
	3.10469 7.6471,
	3.09228 7.66447,
	3.10469 7.68184,
	3.09724 7.68184,
	3.08732 7.66695,
	3.07739 7.68184,
	"/>
<Contour name="d07p14a" hidden="false" closed="true" simplified="false" border="1 0 0" fill="1 0 0" mode="-13"
 points="3.06995 7.68184,
	3.08236 7.66447,
	3.06995 7.6471,
	3.07739 7.6471,
	3.08732 7.66199,
	3.09724 7.6471,
	3.10469 7.6471,
	3.09228 7.66447,
	3.10469 7.68184,
	3.09724 7.68184,
	3.08732 7.66695,
	3.07739 7.68184,
	"/>
</Transform>

<Transform dim="0"
 xcoef=" 0 1 0 0 0 0"
 ycoef=" 0 0 1 0 0 0">
<Contour name="d07p15a" hidden="false" closed="true" simplified="false" border="1 1 0" fill="1 1 0" mode="-13"
 points="3.26102 7.26991,
	3.26102 7.2302,
	3.22132 7.2302,
	3.22132 7.26495,
	3.21636 7.26991,
	3.21636 7.22524,
	3.26599 7.22524,
	3.26599 7.27487,
	3.21636 7.27487,
	3.22132 7.26991,
	"/>
<Contour name="d07p15b" hidden="false" closed="true" simplified="false" border="1 1 0" fill="1 1 0" mode="-13"
 points="3.26102 7.26991,
	3.26102 7.2302,
	3.22132 7.2302,
	3.22132 7.26495,
	3.21636 7.26991,
	3.21636 7.22524,
	3.26599 7.22524,
	3.26599 7.27487,
	3.21636 7.27487,
	3.22132 7.26991,
	"/>
</Transform>

<Transform dim="0"
 xcoef=" 0 1 0 0 0 0"
 ycoef=" 0 0 1 0 0 0">
<Contour name="d08p11" hidden="false" closed="true" simplified="false" border="1 0.5 0" fill="1 0.5 0" mode="-13"
 points="5.17286 3.51747,
	5.17286 3.51322,
	5.17711 3.50897,
	5.18136 3.50897,
	5.18561 3.51322,
	5.18561 3.51747,
	5.18136 3.52173,
	5.17711 3.52173,
	"/>
</Transform>

<Transform dim="0"
 xcoef=" 0 1 0 0 0 0"
 ycoef=" 0 0 1 0 0 0">
<Contour name="ax01" comment="LK bouton trace named after cfa" hidden="false" closed="true" simplified="true" border="0 1 1" fill="0.502 1 1" mode="9"
 points="5.23215 1.86635,
	5.23648 1.8548,
	5.23793 1.84324,
	5.24082 1.83746,
	5.24154 1.83457,
	5.24659 1.8288,
	5.24948 1.82735,
	5.25526 1.8223,
	5.26682 1.81507,
	5.2726 1.81146,
	5.28415 1.80207,
	5.28993 1.79702,
	5.29571 1.7934,
	5.29715 1.7934,
	5.2986 1.79196,
	5.30004 1.79196,
	5.30293 1.78907,
	5.32604 1.78185,
	5.3376 1.78113,
	5.36071 1.78257,
	5.38383 1.78835,
	5.39538 1.79052,
	5.41849 1.79124,
	5.43005 1.79124,
	5.45316 1.78763,
	5.45894 1.7869,
	5.46472 1.78474,
	5.47628 1.78329,
	5.47917 1.78329,
	5.48061 1.78329,
	5.4835 1.78113,
	5.49506 1.77896,
	5.50661 1.77968,
	5.51817 1.78763,
	5.52322 1.7934,
	5.52684 1.79918,
	5.52756 1.81074,
	5.52539 1.8223,
	5.52322 1.82807,
	5.51456 1.83963,
	5.5095 1.84541,
	5.50372 1.84974,
	5.49794 1.85263,
	5.49506 1.85335,
	5.44883 1.88441,
	5.42572 1.89813,
	5.41416 1.90608,
	5.39105 1.91836,
	5.36794 1.92919,
	5.35638 1.93353,
	5.33327 1.93714,
	5.31015 1.93714,
	5.2986 1.93641,
	5.28704 1.93353,
	5.27548 1.92775,
	5.25309 1.90969,
	5.24587 1.89813,
	5.24298 1.89236,
	5.24082 1.88947,
	5.23865 1.88369,
	5.23504 1.87791,
	5.23287 1.87213,
	5.23215 1.86708,
	"/>
</Transform>

<Transform dim="0"
 xcoef=" 0 1 0 0 0 0"
 ycoef=" 0 0 1 0 0 0">
<Contour name="d08" hidden="false" closed="true" simplified="true" border="1 0 0" fill="1 0 0" mode="9"
 points="4.35883 3.11092,
	4.37653 3.09765,
	4.41193 3.09765,
	4.42963 3.1065,
	4.43849 3.11535,
	4.45619 3.11535,
	4.46504 3.11977,
	4.46504 3.13747,
	4.50044 3.16402,
	4.53584 3.19943,
	4.53584 3.23483,
	4.53141 3.25253,
	4.53141 3.26138,
	4.49601 3.2658,
	4.46061 3.25253,
	4.42521 3.2481,
	4.38981 3.21713,
	4.37653 3.19943,
	4.36326 3.16402,
	4.35883 3.12862,
	4.35883 3.11535,
	"/>
<Contour name="d08cfa12" hidden="false" closed="false" simplified="false" border="0 1 1" fill="0 1 1" mode="9"
 points="4.52112 3.18298,
	4.48348 3.1556,
	4.41162 3.10085,
	"/>
</Transform>

<Transform dim="0"
 xcoef=" 0 1 0 0 0 0"
 ycoef=" 0 0 1 0 0 0">
<Contour name="d03" hidden="false" closed="true" simplified="true" border="0 1 0" fill="0 1 0" mode="9"
 points="2.92721 2.9756,
	2.94813 2.95467,
	2.9586 2.94552,
	3.00045 2.92459,
	3.02138 2.91936,
	3.06323 2.91805,
	3.0737 2.91805,
	3.07893 2.91805,
	3.09986 2.92721,
	3.11032 2.93113,
	3.15218 2.93636,
	3.16264 2.93767,
	3.20449 2.93113,
	3.21496 2.92851,
	3.23588 2.92721,
	3.24635 2.92721,
	3.25158 2.9259,
	3.2712 2.91151,
	3.30259 2.86966,
	3.31959 2.85004,
	3.33921 2.83042,
	3.35622 2.80949,
	3.39807 2.77025,
	3.419 2.75194,
	3.46085 2.72317,
	3.48178 2.70878,
	3.52363 2.69701,
	3.54456 2.69047,
	3.58642 2.68131,
	3.60734 2.68,
	3.6492 2.68131,
	3.65966 2.68131,
	3.70152 2.69831,
	3.72244 2.70747,
	3.7643 2.73101,
	3.80615 2.77025,
	3.82446 2.79118,
	3.83231 2.80164,
	3.83754 2.80687,
	3.84016 2.81211,
	3.84408 2.85396,
	3.84278 2.86442,
	3.82839 2.90628,
	3.81139 2.94813,
	3.79961 2.96906,
	3.79438 2.97952,
	3.77999 3.00045,
	3.77345 3.01092,
	3.7316 3.01876,
	3.72898 3.01876,
	3.70806 3.03708,
	3.69759 3.04623,
	3.69236 3.05146,
	3.67143 3.058,
	3.62958 3.06062,
	3.58772 3.0907,
	3.5668 3.10509,
	3.54587 3.12209,
	3.53541 3.13125,
	3.4517 3.17964,
	3.40984 3.21234,
	3.38892 3.22934,
	3.34706 3.25812,
	3.30521 3.28035,
	3.29474 3.28428,
	3.25289 3.28951,
	3.23196 3.29343,
	3.14825 3.27905,
	3.13779 3.27512,
	3.11686 3.26204,
	3.1064 3.2555,
	3.10116 3.25289,
	3.09724 3.24766,
	3.08285 3.2058,
	3.06454 3.16395,
	3.05277 3.14302,
	3.01092 3.1064,
	2.9913 3.08547,
	2.98737 3.08024,
	2.98476 3.07762,
	2.97952 3.05669,
	2.97691 3.04623,
	2.93636 3.01746,
	2.93244 3.01353,
	2.92982 2.9926,
	2.92851 2.98214,
	2.92721 2.97691,
	"/>
</Transform>

<Transform dim="0"
 xcoef=" 0 1 0 0 0 0"
 ycoef=" 0 0 1 0 0 0">
<Contour name="ax07" comment="LK bouton trace named after cfa" hidden="false" closed="true" simplified="true" border="0 1 1" fill="0.502 1 1" mode="9"
 points="2.12748 3.37059,
	2.13165 3.36392,
	2.145 3.35224,
	2.15835 3.34557,
	2.1717 3.33722,
	2.18505 3.32638,
	2.1984 3.31887,
	2.22342 3.293,
	2.2301 3.28716,
	2.23677 3.28299,
	2.24011 3.28216,
	2.24345 3.27966,
	2.2568 3.27465,
	2.26013 3.27215,
	2.26681 3.26964,
	2.27348 3.26547,
	2.27515 3.2638,
	2.28183 3.2613,
	2.28516 3.2588,
	2.29851 3.25379,
	2.30519 3.25212,
	2.30686 3.25045,
	2.31353 3.24879,
	2.32688 3.24128,
	2.34023 3.22876,
	2.34523 3.22209,
	2.34857 3.21541,
	2.35107 3.21208,
	2.35191 3.20874,
	2.35608 3.20207,
	2.35858 3.19539,
	2.35942 3.19205,
	2.36192 3.18872,
	2.36442 3.18204,
	2.37277 3.16869,
	2.37527 3.16536,
	2.3761 3.16202,
	2.38278 3.15534,
	2.38945 3.15117,
	2.39613 3.14533,
	2.40947 3.13782,
	2.42282 3.13365,
	2.44952 3.12948,
	2.46287 3.12781,
	2.46954 3.12614,
	2.52294 3.12281,
	2.54964 3.12531,
	2.57634 3.12948,
	2.58968 3.13198,
	2.61638 3.14283,
	2.62973 3.14784,
	2.65643 3.16202,
	2.68313 3.18288,
	2.69648 3.19122,
	2.70315 3.19539,
	2.72985 3.20123,
	2.73652 3.2029,
	2.73986 3.2029,
	2.75321 3.20957,
	2.75988 3.21291,
	2.78658 3.23544,
	2.79326 3.24128,
	2.80243 3.25463,
	2.8066 3.26798,
	2.81244 3.28132,
	2.81578 3.29467,
	2.81662 3.32137,
	2.81828 3.33472,
	2.82162 3.34807,
	2.82496 3.35474,
	2.82996 3.36142,
	2.83247 3.36475,
	2.84582 3.37059,
	2.85917 3.37393,
	2.86584 3.37643,
	2.87919 3.38478,
	2.89254 3.39813,
	2.89671 3.4048,
	2.89921 3.41148,
	2.90005 3.41815,
	2.89921 3.42482,
	2.89921 3.42816,
	2.8917 3.44151,
	2.88086 3.45486,
	2.85499 3.48156,
	2.84164 3.49407,
	2.81495 3.51159,
	2.8016 3.51994,
	2.7482 3.54413,
	2.69481 3.57083,
	2.66811 3.58501,
	2.65476 3.58835,
	2.62806 3.59085,
	2.60136 3.59002,
	2.58802 3.58918,
	2.57467 3.58668,
	2.56132 3.58668,
	2.54797 3.58501,
	2.49457 3.58501,
	2.48122 3.58334,
	2.46788 3.58334,
	2.46454 3.58334,
	2.45119 3.57667,
	2.42449 3.55414,
	2.41114 3.5458,
	2.40447 3.53912,
	2.38445 3.51243,
	2.37944 3.50575,
	2.36609 3.49574,
	2.35274 3.48823,
	2.34607 3.48489,
	2.31937 3.48907,
	2.29267 3.4899,
	2.27932 3.4874,
	2.25263 3.47488,
	2.22593 3.45736,
	2.21258 3.45152,
	2.20924 3.45152,
	2.20257 3.44819,
	2.19589 3.44652,
	2.18254 3.43984,
	2.17587 3.4365,
	2.16252 3.42733,
	2.15585 3.42399,
	2.14917 3.41898,
	2.14583 3.41732,
	2.13499 3.40397,
	2.12915 3.39062,
	2.12915 3.38394,
	2.12748 3.37727,
	2.12748 3.37143,
	"/>
</Transform>

<Transform dim="0"
 xcoef=" 0 1 0 0 0 0"
 ycoef=" 0 0 1 0 0 0">
<Contour name="ax07" comment="LK bouton trace named after cfa" hidden="false" closed="true" simplified="true" border="0 1 1" fill="0.502 1 1" mode="9"
 points="1.00707 3.12737,
	1.00847 3.12178,
	1.00847 3.11899,
	1.01126 3.1162,
	1.01266 3.11061,
	1.01685 3.10502,
	1.01685 3.10223,
	1.02802 3.09106,
	1.0392 3.08407,
	1.04479 3.07988,
	1.04758 3.07709,
	1.06993 3.0701,
	1.09228 3.06591,
	1.13697 3.06452,
	1.14256 3.06452,
	1.18726 3.05055,
	1.19005 3.05055,
	1.19284 3.04776,
	1.23754 3.04915,
	1.28224 3.04776,
	1.30458 3.04915,
	1.34928 3.06312,
	1.37163 3.0715,
	1.3828 3.07569,
	1.39258 3.08267,
	1.40096 3.09385,
	1.40515 3.09944,
	1.40376 3.11061,
	1.38839 3.15531,
	1.37023 3.17626,
	1.35906 3.18324,
	1.33671 3.18743,
	1.31436 3.18883,
	1.26967 3.19861,
	1.26408 3.19861,
	1.2529 3.2028,
	1.23056 3.20559,
	1.18586 3.2028,
	1.16351 3.2014,
	1.14116 3.19721,
	1.09647 3.19721,
	1.07412 3.19721,
	1.06294 3.19721,
	1.04199 3.18324,
	1.0364 3.17905,
	1.03361 3.17626,
	1.03082 3.17626,
	1.02244 3.16788,
	1.01545 3.1567,
	1.01126 3.15251,
	1.00707 3.14134,
	1.00707 3.13016,
	1.00707 3.12877,
	"/>
</Transform>

<Transform dim="0"
 xcoef=" 0 1 0 0 0 0"
 ycoef=" 0 0 1 0 0 0">
<Contour name="ax02" comment="LK bouton trace named after cfa" hidden="false" closed="true" simplified="true" border="0 1 1" fill="0.502 1 1" mode="9"
 points="3.681 1.68514,
	3.69174 1.66491,
	3.70186 1.65796,
	3.71197 1.65543,
	3.72209 1.65479,
	3.73221 1.65543,
	3.73726 1.65859,
	3.73979 1.66112,
	3.74422 1.67123,
	3.74738 1.69146,
	3.75623 1.71169,
	3.76318 1.73193,
	3.76761 1.74204,
	3.77014 1.7471,
	3.77077 1.74963,
	3.78595 1.76986,
	3.79606 1.77429,
	3.79859 1.77492,
	3.81819 1.78124,
	3.82325 1.78187,
	3.83336 1.78567,
	3.83842 1.7863,
	3.84854 1.78946,
	3.8498 1.79072,
	3.85233 1.79072,
	3.86244 1.79452,
	3.86497 1.79452,
	3.8694 1.79641,
	3.87951 1.80084,
	3.88457 1.804,
	3.89406 1.81412,
	3.90164 1.82423,
	3.90228 1.82676,
	3.90607 1.83182,
	3.90733 1.83435,
	3.90733 1.83561,
	3.90923 1.83814,
	3.91113 1.8432,
	3.93199 1.88366,
	3.93705 1.89378,
	3.94463 1.90389,
	3.94906 1.91401,
	3.95096 1.91907,
	3.95159 1.92412,
	3.95981 1.94435,
	3.97308 1.96459,
	3.98004 1.9747,
	3.99901 2.01516,
	4.0028 2.02528,
	4.00723 2.04551,
	4.00849 2.05057,
	4.00912 2.0708,
	4.00786 2.07586,
	4.00849 2.08597,
	4.00723 2.10621,
	4.00659 2.11632,
	4.00786 2.13655,
	4.01228 2.15678,
	4.01481 2.1669,
	4.01544 2.18713,
	4.01165 2.20736,
	4.01039 2.21242,
	3.99964 2.23265,
	3.97941 2.24972,
	3.96929 2.25857,
	3.96487 2.26363,
	3.95918 2.27375,
	3.94527 2.29398,
	3.94147 2.29904,
	3.93642 2.30283,
	3.93389 2.30536,
	3.92377 2.31042,
	3.91366 2.31358,
	3.89342 2.32496,
	3.88837 2.32812,
	3.88331 2.33001,
	3.86308 2.33191,
	3.84285 2.33001,
	3.83273 2.32812,
	3.82261 2.32369,
	3.81756 2.32116,
	3.80744 2.31294,
	3.80491 2.31042,
	3.7929 2.29018,
	3.79037 2.28513,
	3.78721 2.27501,
	3.77836 2.25478,
	3.77014 2.24466,
	3.76318 2.23455,
	3.75876 2.22443,
	3.75686 2.21937,
	3.75686 2.20926,
	3.75939 2.18903,
	3.76129 2.17891,
	3.76192 2.1688,
	3.76382 2.15868,
	3.76318 2.13845,
	3.75876 2.11822,
	3.75244 2.09799,
	3.7518 2.09293,
	3.74991 2.08787,
	3.74738 2.06764,
	3.74675 2.05752,
	3.74675 2.05247,
	3.74675 2.04994,
	3.75497 2.02971,
	3.7556 2.02465,
	3.75876 2.01453,
	3.76002 1.9943,
	3.76129 1.98924,
	3.76192 1.96901,
	3.75813 1.94878,
	3.75623 1.93866,
	3.7518 1.92855,
	3.74485 1.91843,
	3.72462 1.90452,
	3.7145 1.89504,
	3.71197 1.89251,
	3.70881 1.88745,
	3.70692 1.86722,
	3.70249 1.84699,
	3.69554 1.82676,
	3.69048 1.81664,
	3.68795 1.81159,
	3.68542 1.80147,
	3.68542 1.79641,
	3.68985 1.7863,
	3.69238 1.78124,
	3.69427 1.77112,
	3.6949 1.76607,
	3.69427 1.76101,
	3.68732 1.74078,
	3.68416 1.73066,
	3.68163 1.71043,
	3.681 1.6902,
	3.681 1.68577,
	"/>
</Transform>

<Transform dim="0"
 xcoef=" 0 1 0 0 0 0"
 ycoef=" 0 0 1 0 0 0">
<Contour name="ax09" comment="LK bouton trace named after cfa" hidden="false" closed="true" simplified="true" border="0 1 1" fill="0.502 1 1" mode="9"
 points="3.94553 1.89299,
	3.95141 1.87733,
	3.95924 1.86167,
	3.96805 1.83035,
	3.97 1.82252,
	3.97098 1.81861,
	3.97392 1.81469,
	3.97392 1.81078,
	3.97392 1.80882,
	3.98175 1.80099,
	3.98958 1.79707,
	4.00524 1.79218,
	4.0209 1.77848,
	4.03558 1.76281,
	4.05124 1.75498,
	4.05907 1.75009,
	4.07473 1.73737,
	4.08257 1.73247,
	4.0904 1.73051,
	4.09823 1.73149,
	4.11389 1.73834,
	4.12955 1.74813,
	4.14521 1.75498,
	4.16087 1.75792,
	4.17653 1.76281,
	4.19219 1.76575,
	4.22351 1.76771,
	4.23917 1.76967,
	4.25483 1.76869,
	4.26266 1.76869,
	4.27832 1.76477,
	4.29399 1.76379,
	4.32531 1.77065,
	4.34097 1.77848,
	4.3488 1.78141,
	4.35663 1.78239,
	4.36054 1.78239,
	4.36446 1.78533,
	4.39578 1.79218,
	4.4271 1.79218,
	4.44276 1.79414,
	4.45059 1.79609,
	4.45842 1.80099,
	4.46919 1.81665,
	4.47311 1.82448,
	4.47506 1.83231,
	4.47408 1.86363,
	4.47311 1.86755,
	4.47115 1.8695,
	4.47017 1.87342,
	4.46723 1.87733,
	4.4643 1.88516,
	4.4457 1.91649,
	4.44276 1.9204,
	4.43983 1.92823,
	4.43493 1.93606,
	4.42808 1.95172,
	4.40557 1.98304,
	4.37914 2.01437,
	4.37523 2.0173,
	4.37327 2.0173,
	4.36544 2.02317,
	4.35076 2.03884,
	4.34293 2.04569,
	4.3351 2.05058,
	4.32726 2.05743,
	4.3116 2.06722,
	4.30377 2.07114,
	4.27245 2.07799,
	4.25679 2.08092,
	4.24896 2.0819,
	4.18632 2.10344,
	4.17066 2.11029,
	4.155 2.11322,
	4.14717 2.11518,
	4.13151 2.12301,
	4.10018 2.13378,
	4.08452 2.13867,
	4.06886 2.13965,
	4.0532 2.13672,
	4.04929 2.13574,
	4.03363 2.12105,
	4.01405 2.08973,
	4.00622 2.07407,
	4.00328 2.06624,
	4.0023 2.05841,
	4.00035 2.0545,
	4.00035 2.03884,
	3.99349 2.02317,
	3.99154 2.01534,
	3.98371 1.99968,
	3.97881 1.99185,
	3.97294 1.97619,
	3.97 1.97228,
	3.96707 1.96445,
	3.96217 1.95662,
	3.96022 1.95466,
	3.96022 1.9527,
	3.95826 1.95074,
	3.95826 1.94879,
	3.95336 1.94096,
	3.94847 1.9253,
	3.94553 1.89397,
	"/>
</Transform>

<Transform dim="0"
 xcoef=" 0 1 0 0 0 0"
 ycoef=" 0 0 1 0 0 0">
<Contour name="ax24" comment="LK bouton trace named after cfa" hidden="false" closed="true" simplified="true" border="0 1 1" fill="0.502 1 1" mode="9"
 points="5.18557 5.41092,
	5.18781 5.40197,
	5.18864 5.3975,
	5.19144 5.38856,
	5.19479 5.37961,
	5.19563 5.37514,
	5.19591 5.37067,
	5.19535 5.36172,
	5.19675 5.35278,
	5.19843 5.34831,
	5.19899 5.34607,
	5.20821 5.32818,
	5.20877 5.32595,
	5.20793 5.32147,
	5.20653 5.317,
	5.20514 5.31477,
	5.2043 5.31253,
	5.20346 5.30359,
	5.20318 5.30135,
	5.20374 5.29688,
	5.20877 5.28793,
	5.21212 5.28346,
	5.2138 5.28122,
	5.22274 5.27228,
	5.23141 5.26529,
	5.24007 5.2474,
	5.24203 5.24293,
	5.24315 5.24069,
	5.24594 5.23175,
	5.25014 5.22281,
	5.25489 5.21386,
	5.25796 5.20939,
	5.26663 5.201,
	5.27557 5.19485,
	5.28004 5.1915,
	5.29458 5.17361,
	5.29793 5.16914,
	5.30576 5.1602,
	5.30688 5.15908,
	5.31135 5.15628,
	5.31582 5.15265,
	5.32477 5.14734,
	5.32924 5.14426,
	5.33147 5.14287,
	5.34042 5.13392,
	5.34517 5.12498,
	5.34629 5.12274,
	5.3544 5.1138,
	5.36334 5.10849,
	5.37228 5.10066,
	5.3885 5.08277,
	5.39688 5.07383,
	5.40079 5.06935,
	5.41868 5.05342,
	5.43657 5.03917,
	5.43881 5.03749,
	5.4567 5.02882,
	5.46117 5.02687,
	5.46564 5.02435,
	5.47459 5.0182,
	5.4757 5.01764,
	5.4908 4.99976,
	5.49275 4.99752,
	5.49387 4.9964,
	5.50282 4.99053,
	5.50729 4.98774,
	5.50952 4.98606,
	5.514 4.98494,
	5.52294 4.98075,
	5.52741 4.97879,
	5.5453 4.96817,
	5.54977 4.96565,
	5.55872 4.95978,
	5.56766 4.95475,
	5.58555 4.94581,
	5.5945 4.94329,
	5.59897 4.94246,
	5.6012 4.9419,
	5.61909 4.94134,
	5.62133 4.94134,
	5.63922 4.94609,
	5.64816 4.94832,
	5.65263 4.94972,
	5.65711 4.95056,
	5.66605 4.95112,
	5.675 4.95224,
	5.67947 4.95336,
	5.68394 4.95503,
	5.68618 4.95559,
	5.69512 4.96006,
	5.70407 4.96649,
	5.70854 4.97013,
	5.71077 4.97041,
	5.72866 4.96985,
	5.7309 4.97013,
	5.73984 4.97292,
	5.74431 4.97404,
	5.74655 4.97488,
	5.74879 4.97628,
	5.75102 4.97711,
	5.7555 4.98019,
	5.75997 4.98382,
	5.7622 4.9855,
	5.76668 4.98746,
	5.77115 4.98997,
	5.77338 4.99109,
	5.77786 4.99193,
	5.7868 4.995,
	5.80469 4.99892,
	5.81363 5.00031,
	5.82258 5.00283,
	5.82705 5.00367,
	5.82929 5.00395,
	5.8304 5.00423,
	5.83292 5.00562,
	5.83711 5.00926,
	5.83935 5.01094,
	5.83991 5.01094,
	5.84047 5.01149,
	5.84103 5.01149,
	5.84298 5.01289,
	5.8441 5.01373,
	5.84466 5.01373,
	5.84522 5.01429,
	5.84578 5.01429,
	5.84634 5.01485,
	5.8469 5.01485,
	5.84801 5.01569,
	5.85249 5.01736,
	5.8536 5.0182,
	5.85808 5.0196,
	5.85864 5.02016,
	5.86087 5.02072,
	5.86199 5.02156,
	5.87093 5.02435,
	5.87317 5.02547,
	5.87373 5.02547,
	5.87401 5.02603,
	5.87624 5.02659,
	5.87848 5.02771,
	5.87904 5.02771,
	5.87932 5.02827,
	5.88379 5.02938,
	5.88826 5.03106,
	5.88882 5.03106,
	5.88938 5.03162,
	5.89162 5.03218,
	5.89218 5.03274,
	5.89441 5.0333,
	5.89665 5.03441,
	5.89777 5.03469,
	5.89833 5.03525,
	5.89861 5.03525,
	5.90028 5.03609,
	5.90476 5.03889,
	5.9137 5.04615,
	5.91817 5.04979,
	5.92041 5.05174,
	5.92935 5.05733,
	5.93382 5.06041,
	5.9383 5.06237,
	5.94053 5.06348,
	5.94948 5.06544,
	5.95842 5.06684,
	5.96066 5.06768,
	5.96178 5.06824,
	5.96569 5.07271,
	5.96765 5.07494,
	5.96876 5.07606,
	5.97128 5.08053,
	5.97268 5.08277,
	5.97352 5.08501,
	5.98022 5.09395,
	5.9819 5.09619,
	5.98637 5.1001,
	5.98861 5.10234,
	5.99308 5.10485,
	6.00203 5.11156,
	6.0065 5.11491,
	6.00873 5.11659,
	6.01321 5.12106,
	6.01712 5.12554,
	6.02047 5.13001,
	6.02327 5.13448,
	6.02467 5.13672,
	6.03221 5.14566,
	6.04451 5.16355,
	6.04731 5.16802,
	6.0487 5.17026,
	6.04954 5.17249,
	6.05206 5.17697,
	6.05346 5.1792,
	6.05597 5.18815,
	6.05765 5.19262,
	6.05793 5.19709,
	6.05737 5.20604,
	6.05737 5.21051,
	6.05653 5.21945,
	6.05597 5.22392,
	6.05569 5.22616,
	6.05122 5.2351,
	6.04898 5.23958,
	6.04842 5.24069,
	6.03082 5.25858,
	6.02243 5.26753,
	6.01908 5.272,
	6.01712 5.27424,
	6.00817 5.28178,
	6.0037 5.28598,
	5.99923 5.28961,
	5.99476 5.29268,
	5.99252 5.29408,
	5.98358 5.29772,
	5.97463 5.30219,
	5.9724 5.30359,
	5.96429 5.31225,
	5.95786 5.32119,
	5.95339 5.33014,
	5.94976 5.33908,
	5.94556 5.34803,
	5.94361 5.3525,
	5.93271 5.37039,
	5.92991 5.37486,
	5.92935 5.37598,
	5.91146 5.39331,
	5.90252 5.40141,
	5.89805 5.40561,
	5.88016 5.41958,
	5.87569 5.42266,
	5.8578 5.42881,
	5.85332 5.4302,
	5.85109 5.43076,
	5.84214 5.43524,
	5.82426 5.44837,
	5.81531 5.45508,
	5.81084 5.45844,
	5.80637 5.46095,
	5.79742 5.46514,
	5.76164 5.48499,
	5.75941 5.48639,
	5.75074 5.49449,
	5.74683 5.49896,
	5.74571 5.50008,
	5.73677 5.51797,
	5.73481 5.52244,
	5.73369 5.52468,
	5.72475 5.53334,
	5.72028 5.53782,
	5.71804 5.54005,
	5.71357 5.54257,
	5.69568 5.55067,
	5.68674 5.55431,
	5.67779 5.5585,
	5.67332 5.56102,
	5.6722 5.56158,
	5.66354 5.57024,
	5.65906 5.57387,
	5.65683 5.57583,
	5.63894 5.58757,
	5.6367 5.58813,
	5.63558 5.58869,
	5.6177 5.59037,
	5.59981 5.58841,
	5.59086 5.58729,
	5.58639 5.58673,
	5.57745 5.58422,
	5.55956 5.57807,
	5.55508 5.57667,
	5.54614 5.57192,
	5.52825 5.5613,
	5.51931 5.55599,
	5.48353 5.53726,
	5.47906 5.53502,
	5.47682 5.53418,
	5.46788 5.53307,
	5.45893 5.53502,
	5.45446 5.53614,
	5.45222 5.53642,
	5.44775 5.53838,
	5.43881 5.54005,
	5.43657 5.54117,
	5.41868 5.54285,
	5.40974 5.54257,
	5.37396 5.53782,
	5.36502 5.53418,
	5.36278 5.53279,
	5.35467 5.52412,
	5.34573 5.51769,
	5.33679 5.51294,
	5.33231 5.51042,
	5.32784 5.50847,
	5.3189 5.50679,
	5.30995 5.50623,
	5.30548 5.50567,
	5.30324 5.50483,
	5.28536 5.49505,
	5.28088 5.49254,
	5.27865 5.49142,
	5.2697 5.48918,
	5.26747 5.4889,
	5.25852 5.48499,
	5.25629 5.48415,
	5.25517 5.48387,
	5.2507 5.4808,
	5.24874 5.47856,
	5.24818 5.47744,
	5.23952 5.4685,
	5.23504 5.46542,
	5.2261 5.46095,
	5.22163 5.45871,
	5.21939 5.4576,
	5.21045 5.45592,
	5.20597 5.45368,
	5.20374 5.45284,
	5.19927 5.44977,
	5.19535 5.44558,
	5.18948 5.43663,
	5.18753 5.43216,
	5.18641 5.42992,
	5.18585 5.42881,
	5.18557 5.4112,
	"/>
</Transform>

<Transform dim="0"
 xcoef=" 0 1 0 0 0 0"
 ycoef=" 0 0 1 0 0 0">
<Contour name="D05" hidden="false" closed="true" simplified="true" border="1 1 0" fill="1 1 0" mode="11"
 points="3.91943 3.68542,
	3.92353 3.65558,
	3.93552 3.62805,
	3.95447 3.60496,
	3.97891 3.58811,
	4.00695 3.5788,
	4.03641 3.57775,
	4.06501 3.58504,
	4.09054 3.60011,
	4.11102 3.62178,
	4.12486 3.64839,
	4.13099 3.67787,
	4.12894 3.70793,
	4.11885 3.73624,
	4.10152 3.76062,
	4.07829 3.77918,
	4.05096 3.79046,
	4.02164 3.79361,
	3.99261 3.78838,
	3.96612 3.77517,
	3.94421 3.75501,
	3.92859 3.72945,
	"/>
<Contour name="ax06" comment="LK bouton trace named after cfa" hidden="false" closed="true" simplified="true" border="0 1 1" fill="0.502 1 1" mode="9"
 points="3.58022 3.10191,
	3.5886 3.09668,
	3.59279 3.09458,
	3.60117 3.08725,
	3.60536 3.08358,
	3.60955 3.08097,
	3.6106 3.07992,
	3.61269 3.07939,
	3.61374 3.07939,
	3.62212 3.07468,
	3.62631 3.07311,
	3.6284 3.07259,
	3.6305 3.07102,
	3.64725 3.06526,
	3.68077 3.0684,
	3.68915 3.06892,
	3.69753 3.0684,
	3.7059 3.06526,
	3.708 3.06421,
	3.71166 3.06002,
	3.71376 3.05792,
	3.71638 3.05374,
	3.72476 3.04588,
	3.72685 3.04379,
	3.73523 3.0396,
	3.73942 3.03803,
	3.75618 3.03593,
	3.76037 3.03541,
	3.76246 3.03541,
	3.77922 3.0265,
	3.7876 3.02074,
	3.79179 3.01708,
	3.7965 3.0087,
	3.80016 3.00032,
	3.80069 2.99823,
	3.80016 2.99404,
	3.79964 2.99194,
	3.80226 2.98356,
	3.81902 2.95005,
	3.8274 2.93329,
	3.83001 2.9291,
	3.83106 2.92701,
	3.83892 2.91863,
	3.84311 2.91444,
	3.85986 2.9024,
	3.86824 2.89664,
	3.90176 2.87935,
	3.93265 2.84584,
	3.93946 2.83746,
	3.9426 2.8338,
	3.94679 2.8317,
	3.95098 2.83065,
	3.95308 2.83013,
	3.95412 2.82961,
	3.9625 2.83118,
	3.96669 2.83275,
	3.97088 2.83537,
	3.98764 2.85055,
	4.02063 2.88407,
	4.02901 2.89245,
	4.0311 2.89454,
	4.03372 2.89873,
	4.03477 2.90082,
	4.03896 2.90501,
	4.04 2.90606,
	4.05676 2.90711,
	4.06514 2.90659,
	4.07352 2.90501,
	4.09028 2.89978,
	4.09865 2.89716,
	4.10703 2.89559,
	4.11122 2.89454,
	4.12798 2.89611,
	4.13636 2.89768,
	4.14474 2.89821,
	4.14893 2.89821,
	4.16568 2.90187,
	4.16987 2.9024,
	4.18663 2.90868,
	4.19501 2.91182,
	4.20339 2.91601,
	4.22014 2.92806,
	4.22852 2.93643,
	4.23533 2.94481,
	4.24057 2.95319,
	4.24476 2.96157,
	4.24738 2.96576,
	4.25418 2.97414,
	4.26256 2.97937,
	4.26675 2.98147,
	4.26885 2.98252,
	4.30236 2.98932,
	4.31912 2.99247,
	4.3275 2.99404,
	4.33587 2.99823,
	4.35263 3.00922,
	4.35682 3.01237,
	4.36153 3.02074,
	4.36415 3.02493,
	4.37096 3.04169,
	4.3741 3.05007,
	4.3762 3.05845,
	4.37724 3.06683,
	4.37672 3.07521,
	4.3762 3.07939,
	4.36939 3.09615,
	4.36782 3.10453,
	4.36677 3.10872,
	4.36625 3.12548,
	4.36887 3.14223,
	4.37096 3.15061,
	4.37148 3.1548,
	4.37463 3.16318,
	4.3762 3.16737,
	4.38719 3.18413,
	4.405 3.21764,
	4.40814 3.22602,
	4.41024 3.24278,
	4.41128 3.25116,
	4.41914 3.26791,
	4.42699 3.27525,
	4.43118 3.27891,
	4.43328 3.28101,
	4.43904 3.28938,
	4.44166 3.29357,
	4.44794 3.31033,
	4.45108 3.31871,
	4.4537 3.33547,
	4.45265 3.35222,
	4.45213 3.3606,
	4.44951 3.37736,
	4.44846 3.38155,
	4.44637 3.38522,
	4.44794 3.38941,
	4.44689 3.39778,
	4.44584 3.40197,
	4.44218 3.41035,
	4.44113 3.41245,
	4.43328 3.42083,
	4.42909 3.42501,
	4.42071 3.43077,
	4.41861 3.43182,
	4.4029 3.44858,
	4.39871 3.45225,
	4.39034 3.45748,
	4.38824 3.45905,
	4.38458 3.46743,
	4.37934 3.48419,
	4.37829 3.48838,
	4.3741 3.49676,
	4.36206 3.51299,
	4.3453 3.52556,
	4.32854 3.53656,
	4.32435 3.5376,
	4.31598 3.53813,
	4.3076 3.53656,
	4.29084 3.52975,
	4.28665 3.5287,
	4.28456 3.52818,
	4.2678 3.53027,
	4.25104 3.5287,
	4.23428 3.52818,
	4.22591 3.52818,
	4.20915 3.53184,
	4.20077 3.53341,
	4.13374 3.53917,
	4.11698 3.54022,
	4.10023 3.54022,
	4.09185 3.54074,
	4.07509 3.53917,
	4.05833 3.53865,
	4.04995 3.5376,
	4.04576 3.53708,
	4.02901 3.53132,
	4.02063 3.5287,
	4.00387 3.52137,
	3.98711 3.51299,
	3.97873 3.50828,
	3.97455 3.50618,
	3.94103 3.48262,
	3.93684 3.47948,
	3.90333 3.46586,
	3.86981 3.45015,
	3.85305 3.4423,
	3.84887 3.4402,
	3.81535 3.43392,
	3.80697 3.43182,
	3.79021 3.42973,
	3.78184 3.42816,
	3.77765 3.42711,
	3.71062 3.39621,
	3.69386 3.38836,
	3.68601 3.38155,
	3.68234 3.37736,
	3.66558 3.34385,
	3.65877 3.32709,
	3.65092 3.31033,
	3.64516 3.30195,
	3.63154 3.28572,
	3.61479 3.27158,
	3.60641 3.26425,
	3.60431 3.2632,
	3.5907 3.24644,
	3.58389 3.23807,
	3.58232 3.23597,
	3.5818 3.23388,
	3.58075 3.23283,
	3.57813 3.22445,
	3.57761 3.21607,
	3.57761 3.21398,
	3.5818 3.2056,
	3.58441 3.20141,
	3.5996 3.18518,
	3.60746 3.17732,
	3.61007 3.17313,
	3.61269 3.15637,
	3.61217 3.15218,
	3.6106 3.148,
	3.61007 3.14695,
	3.60798 3.14642,
	3.60588 3.14485,
	3.60379 3.14433,
	3.59541 3.13909,
	3.58703 3.13281,
	3.58284 3.12914,
	3.58075 3.12757,
	3.5797 3.12652,
	3.57813 3.12391,
	3.57761 3.11553,
	3.57761 3.11134,
	3.57761 3.10924,
	3.57865 3.10715,
	3.57865 3.10505,
	3.57865 3.10453,
	"/>
</Transform>

<Transform dim="0"
 xcoef=" 0 1 0 0 0 0"
 ycoef=" 0 0 1 0 0 0">
<Contour name="ax25" comment="LK bouton trace named after cfa" hidden="false" closed="true" simplified="true" border="0 1 1" fill="0.502 1 1" mode="9"
 points="3.55768 3.45624,
	3.56591 3.427,
	3.56865 3.41969,
	3.56956 3.41603,
	3.57139 3.41421,
	3.5723 3.41055,
	3.57413 3.40964,
	3.57413 3.40781,
	3.57962 3.40141,
	3.58693 3.39684,
	3.60155 3.3941,
	3.61617 3.3941,
	3.63079 3.39136,
	3.64541 3.39136,
	3.65272 3.39227,
	3.65455 3.3941,
	3.65821 3.39501,
	3.66186 3.39776,
	3.66917 3.4005,
	3.671 3.40233,
	3.67466 3.40324,
	3.67831 3.40598,
	3.68014 3.40598,
	3.69476 3.41421,
	3.70207 3.41695,
	3.73132 3.4206,
	3.73863 3.42243,
	3.74228 3.42243,
	3.75691 3.42883,
	3.76422 3.43248,
	3.77153 3.43979,
	3.7761 3.44619,
	3.77792 3.44985,
	3.77792 3.45167,
	3.77975 3.4535,
	3.78067 3.45716,
	3.78341 3.46081,
	3.78432 3.46447,
	3.78706 3.46812,
	3.78798 3.47178,
	3.80351 3.4992,
	3.80808 3.50559,
	3.82179 3.51839,
	3.8291 3.52387,
	3.83184 3.5257,
	3.84372 3.54032,
	3.84829 3.54763,
	3.85286 3.56225,
	3.85286 3.56591,
	3.8556 3.57322,
	3.85652 3.58784,
	3.85652 3.59515,
	3.85103 3.60977,
	3.84829 3.61708,
	3.84829 3.61891,
	3.84646 3.62074,
	3.84555 3.62439,
	3.84098 3.63171,
	3.83458 3.63902,
	3.82088 3.64816,
	3.80625 3.65455,
	3.79894 3.65729,
	3.79163 3.65821,
	3.78798 3.66004,
	3.75873 3.66095,
	3.74411 3.66004,
	3.72949 3.65729,
	3.71487 3.65181,
	3.70116 3.63902,
	3.69933 3.63536,
	3.6975 3.63445,
	3.69293 3.61983,
	3.69202 3.61617,
	3.68837 3.61343,
	3.68471 3.61251,
	3.68105 3.60977,
	3.67923 3.60977,
	3.6774 3.60795,
	3.67557 3.60795,
	3.67374 3.60612,
	3.66643 3.60429,
	3.66461 3.60246,
	3.64998 3.59698,
	3.64267 3.59332,
	3.63902 3.59241,
	3.62439 3.58236,
	3.618 3.57779,
	3.61069 3.57048,
	3.60795 3.56865,
	3.59424 3.55494,
	3.58875 3.54854,
	3.5851 3.54489,
	3.57505 3.53118,
	3.56774 3.51656,
	3.56225 3.50194,
	3.55768 3.47269,
	3.55768 3.45807,
	3.55768 3.45716,
	"/>
</Transform>

<Transform dim="0"
 xcoef=" 0 1 0 0 0 0"
 ycoef=" 0 0 1 0 0 0">
<Contour name="ax27" hidden="false" closed="true" simplified="true" border="0 0 1" fill="0 0 1" mode="11"
 points="3.47331 3.79058,
	3.47689 3.78104,
	3.49358 3.76195,
	3.51267 3.74764,
	3.52579 3.72856,
	3.53414 3.71901,
	3.53772 3.70947,
	3.53772 3.70709,
	3.55561 3.688,
	3.57469 3.67608,
	3.58423 3.67369,
	3.60332 3.66296,
	3.6224 3.65461,
	3.64149 3.65461,
	3.67965 3.66653,
	3.6892 3.66773,
	3.76553 3.65938,
	3.7703 3.65938,
	3.78939 3.64864,
	3.80847 3.63314,
	3.82756 3.62002,
	3.83233 3.61644,
	3.84187 3.61405,
	3.86095 3.61405,
	3.86572 3.61405,
	3.88242 3.63314,
	3.88719 3.65222,
	3.88958 3.6713,
	3.88958 3.69039,
	3.886 3.70947,
	3.88839 3.72856,
	3.88958 3.73333,
	3.9027 3.75241,
	3.90389 3.75718,
	3.90389 3.75957,
	3.90747 3.76434,
	3.91343 3.80251,
	3.91343 3.82159,
	3.91105 3.83113,
	3.90151 3.85022,
	3.89196 3.85737,
	3.88719 3.85976,
	3.8693 3.87527,
	3.85976 3.87884,
	3.85022 3.88481,
	3.84783 3.88719,
	3.83829 3.88958,
	3.80012 3.91224,
	3.79058 3.91821,
	3.78104 3.92655,
	3.7715 3.93252,
	3.75241 3.9349,
	3.71424 3.93013,
	3.69516 3.93133,
	3.65699 3.94206,
	3.64745 3.94564,
	3.60928 3.94325,
	3.5902 3.94325,
	3.57111 3.93967,
	3.56157 3.93729,
	3.54249 3.92775,
	3.5234 3.91343,
	3.51505 3.90389,
	3.51148 3.89435,
	3.51028 3.88958,
	3.49597 3.87049,
	3.48404 3.85141,
	3.47689 3.83233,
	3.47331 3.81324,
	3.47331 3.79416,
	3.47331 3.79177,
	"/>
</Transform>

<Transform dim="6"
 xcoef=" 0.320467999536896 1.01520840736634 0.0279585218547925 0 0 0"
 ycoef=" -0.41342044898453 -0.00214052721348702 1.02448950015495 0 0 0">
<Image mag="0.00217507" contrast="0.917" brightness="0.12" red="true" green="true" blue="true"
 src="FHLTD.86.jpg" />
<Contour name="domain1" hidden="false" closed="true" simplified="false" border="1 0 1" fill="1 0 1" mode="11"
 points="0 0,
	4096 0,
	4096 4096,
	0 4096,
	"/>
</Transform>

<Transform dim="0"
 xcoef=" 0 1 0 0 0 0"
 ycoef=" 0 0 1 0 0 0">
<Contour name="ddh_d06ax10" comment="traced by ddh" hidden="false" closed="true" simplified="true" border="1 1 0" fill="1 1 0" mode="11"
 points="3.59934 7.00013,
	3.60271 6.98933,
	3.60811 6.97852,
	3.61217 6.97312,
	3.61554 6.96232,
	3.61622 6.95692,
	3.62095 6.94611,
	3.62837 6.93531,
	3.63918 6.9245,
	3.64458 6.92045,
	3.65403 6.90964,
	3.65876 6.89884,
	3.65741 6.89344,
	3.65741 6.88263,
	3.65403 6.87183,
	3.64931 6.86102,
	3.64998 6.85562,
	3.65741 6.83401,
	3.66754 6.8124,
	3.67227 6.8016,
	3.67362 6.79619,
	3.67497 6.79349,
	3.677 6.78269,
	3.67902 6.77729,
	3.6797 6.76648,
	3.67902 6.75568,
	3.68037 6.73407,
	3.6905 6.71246,
	3.6932 6.70706,
	3.70333 6.69625,
	3.71414 6.68747,
	3.71684 6.68612,
	3.73777 6.66451,
	3.74588 6.65371,
	3.75871 6.6321,
	3.77424 6.61049,
	3.79382 6.58888,
	3.79855 6.58348,
	3.80935 6.56187,
	3.81273 6.55106,
	3.81611 6.52945,
	3.81746 6.51865,
	3.81881 6.51324,
	3.82421 6.50244,
	3.82759 6.49704,
	3.83231 6.49164,
	3.83501 6.48893,
	3.84042 6.48556,
	3.85122 6.4761,
	3.85662 6.47138,
	3.87823 6.45855,
	3.92145 6.43761,
	3.94306 6.42883,
	3.96467 6.42208,
	3.97007 6.42005,
	4.01329 6.41465,
	4.0349 6.41533,
	4.05651 6.41398,
	4.06732 6.4106,
	4.08893 6.40722,
	4.09973 6.40587,
	4.12134 6.40587,
	4.13215 6.40722,
	4.15376 6.41465,
	4.17536 6.42343,
	4.19697 6.43491,
	4.20778 6.44436,
	4.22804 6.46597,
	4.23884 6.47205,
	4.28206 6.49164,
	4.30367 6.49974,
	4.31448 6.50312,
	4.35769 6.51054,
	4.3631 6.51122,
	4.38471 6.51865,
	4.40632 6.52945,
	4.40902 6.5308,
	4.41915 6.54161,
	4.42185 6.54431,
	4.42658 6.55511,
	4.42995 6.56592,
	4.4313 6.58753,
	4.4313 6.59833,
	4.4313 6.60373,
	4.4313 6.60644,
	4.42995 6.60914,
	4.42928 6.61994,
	4.42522 6.64155,
	4.4259 6.66316,
	4.42793 6.68477,
	4.42793 6.69017,
	4.43806 6.71178,
	4.44143 6.72259,
	4.45021 6.7442,
	4.45696 6.76581,
	4.45696 6.77121,
	4.46169 6.79282,
	4.46507 6.80362,
	4.46642 6.81443,
	4.47925 6.85765,
	4.48195 6.86305,
	4.48398 6.87385,
	4.48735 6.88466,
	4.48735 6.89006,
	4.48938 6.89546,
	4.49005 6.91707,
	4.49005 6.92788,
	4.4887 6.93868,
	4.48533 6.94949,
	4.47992 6.96029,
	4.47317 6.9711,
	4.46439 6.9819,
	4.45696 6.99271,
	4.45291 6.99811,
	4.44211 7.00756,
	4.4367 7.01296,
	4.42928 7.02377,
	4.4205 7.03457,
	4.40632 7.05618,
	4.39484 7.07779,
	4.39281 7.0886,
	4.39214 7.094,
	4.39551 7.11561,
	4.39686 7.12641,
	4.40024 7.13722,
	4.40632 7.14802,
	4.41037 7.15343,
	4.41577 7.16423,
	4.41847 7.16963,
	4.42252 7.17504,
	4.43333 7.19665,
	4.43535 7.20745,
	4.43468 7.22906,
	4.434 7.23446,
	4.4259 7.25607,
	4.4205 7.2608,
	4.40969 7.26688,
	4.40429 7.26958,
	4.39349 7.27836,
	4.38808 7.28241,
	4.37728 7.30402,
	4.36985 7.31482,
	4.3658 7.32023,
	4.35499 7.32765,
	4.34419 7.33306,
	4.33879 7.33576,
	4.32798 7.33778,
	4.32258 7.33913,
	4.31988 7.33913,
	4.31448 7.34116,
	4.29287 7.34454,
	4.28206 7.34926,
	4.23884 7.37695,
	4.22804 7.38303,
	4.20643 7.39788,
	4.1963 7.40869,
	4.18752 7.41949,
	4.18077 7.4303,
	4.15916 7.45191,
	4.13755 7.46069,
	4.12674 7.46474,
	4.10513 7.47014,
	4.09433 7.47082,
	4.07272 7.46947,
	4.0295 7.45866,
	4.00789 7.45123,
	3.96467 7.4411,
	3.95387 7.4384,
	3.94306 7.43435,
	3.93766 7.433,
	3.92686 7.42692,
	3.91605 7.41882,
	3.89444 7.39924,
	3.88364 7.39181,
	3.87283 7.38708,
	3.85122 7.381,
	3.84042 7.37763,
	3.83501 7.37627,
	3.7918 7.35061,
	3.77019 7.34048,
	3.74858 7.33171,
	3.73777 7.3263,
	3.72697 7.31955,
	3.70536 7.30132,
	3.68915 7.27971,
	3.68105 7.2689,
	3.67497 7.2581,
	3.65944 7.23649,
	3.64661 7.21488,
	3.63985 7.20407,
	3.62972 7.18246,
	3.62567 7.17166,
	3.62027 7.15005,
	3.61892 7.12844,
	3.61892 7.12304,
	3.6223 7.11223,
	3.62432 7.10143,
	3.62432 7.09603,
	3.62432 7.09333,
	3.62297 7.09062,
	3.62095 7.06901,
	3.61892 7.05821,
	3.61689 7.05281,
	3.60879 7.042,
	3.60271 7.0312,
	3.60001 7.02039,
	3.59934 7.00959,
	3.59934 7.00419,
	3.59934 7.00148,
	3.59934 7.00081,
	"/>
</Transform>

<Transform dim="0"
 xcoef=" 0 1 0 0 0 0"
 ycoef=" 0 0 1 0 0 0">
<Contour name="ddh_d06ax11" comment="traced by ddh" hidden="false" closed="true" simplified="true" border="0 0 1" fill="0 0 1" mode="11"
 points="0.704093 6.65574,
	0.705923 6.64989,
	0.707022 6.64696,
	0.710683 6.6411,
	0.712514 6.63854,
	0.713612 6.63744,
	0.714345 6.63707,
	0.714345 6.63634,
	0.716908 6.63414,
	0.722034 6.62828,
	0.726061 6.62279,
	0.727526 6.62133,
	0.729356 6.61876,
	0.734116 6.614,
	0.738876 6.60851,
	0.740341 6.60705,
	0.745467 6.60375,
	0.74803 6.60229,
	0.753888 6.60082,
	0.777321 6.60046,
	0.789038 6.59936,
	0.794896 6.59789,
	0.797825 6.59753,
	0.800754 6.59643,
	0.802219 6.59643,
	0.803683 6.5957,
	0.8154 6.5935,
	0.827117 6.59313,
	0.832975 6.5935,
	0.835904 6.5935,
	0.847621 6.5968,
	0.853479 6.59899,
	0.859337 6.60192,
	0.860802 6.60302,
	0.86666 6.60558,
	0.869589 6.60705,
	0.871054 6.60778,
	0.872518 6.60924,
	0.873251 6.60924,
	0.87801 6.61291,
	0.882038 6.61803,
	0.883136 6.62096,
	0.883869 6.62243,
	0.883869 6.62828,
	0.883136 6.63414,
	0.881306 6.64,
	0.881306 6.64146,
	0.878743 6.64732,
	0.875447 6.65281,
	0.873251 6.65574,
	0.867392 6.65977,
	0.864463 6.66197,
	0.861534 6.66343,
	0.860802 6.66417,
	0.854943 6.66563,
	0.852014 6.666,
	0.85055 6.66673,
	0.838833 6.66929,
	0.837369 6.66966,
	0.836636 6.66966,
	0.835904 6.67039,
	0.832975 6.67112,
	0.830046 6.67259,
	0.828581 6.67295,
	0.817231 6.67991,
	0.811739 6.68394,
	0.806613 6.68723,
	0.795262 6.69456,
	0.793798 6.69492,
	0.793431 6.69565,
	0.791967 6.69602,
	0.789038 6.69785,
	0.787573 6.69858,
	0.786841 6.69932,
	0.786109 6.69932,
	0.785376 6.70005,
	0.784644 6.70005,
	0.784278 6.70078,
	0.77842 6.70334,
	0.77549 6.70481,
	0.774026 6.70554,
	0.772561 6.70554,
	0.771829 6.70627,
	0.770364 6.70664,
	0.769632 6.70664,
	0.763774 6.70993,
	0.762309 6.71067,
	0.761577 6.7114,
	0.760112 6.71176,
	0.75938 6.7125,
	0.753522 6.71469,
	0.752057 6.71506,
	0.751325 6.71506,
	0.750593 6.71579,
	0.738876 6.71762,
	0.733018 6.71762,
	0.730089 6.71762,
	0.72423 6.71616,
	0.722766 6.71616,
	0.716908 6.71286,
	0.715443 6.71176,
	0.714711 6.71067,
	0.713246 6.7092,
	0.711415 6.70627,
	0.709219 6.70041,
	0.70812 6.69456,
	0.70812 6.6887,
	0.706289 6.67698,
	0.704825 6.67112,
	0.704093 6.66819,
	0.704093 6.65648,
	0.704093 6.65611,
	"/>
</Transform>

<Transform dim="0"
 xcoef=" 0 1 0 0 0 0"
 ycoef=" 0 0 1 0 0 0">
<Contour name="ddh_d07ax14a" comment="traced by ddh" hidden="false" closed="true" simplified="true" border="1 0 1" fill="1 0 1" mode="11"
 points="1.33003 7.71851,
	1.33231 7.71397,
	1.33401 7.7117,
	1.33458 7.70943,
	1.34252 7.70035,
	1.36069 7.68956,
	1.36977 7.68218,
	1.37431 7.67878,
	1.39077 7.66118,
	1.39986 7.65267,
	1.40383 7.64869,
	1.41291 7.64301,
	1.43108 7.62882,
	1.44016 7.62144,
	1.4447 7.61747,
	1.45379 7.61123,
	1.47195 7.60214,
	1.48103 7.59817,
	1.4992 7.59306,
	1.51736 7.59136,
	1.52645 7.59136,
	1.54461 7.59533,
	1.55369 7.59987,
	1.55823 7.60214,
	1.5764 7.61747,
	1.58548 7.62655,
	1.59457 7.6328,
	1.61273 7.64358,
	1.6309 7.65323,
	1.63998 7.65777,
	1.64906 7.66061,
	1.6536 7.66232,
	1.67177 7.66402,
	1.68085 7.66345,
	1.68539 7.66345,
	1.70356 7.6555,
	1.7081 7.6538,
	1.72626 7.65096,
	1.73535 7.65039,
	1.74443 7.65096,
	1.74897 7.65096,
	1.75805 7.65323,
	1.76259 7.6555,
	1.76713 7.65891,
	1.76941 7.66061,
	1.77168 7.66118,
	1.78076 7.66856,
	1.787 7.67764,
	1.78927 7.68218,
	1.79325 7.70035,
	1.79552 7.71851,
	1.80233 7.75484,
	1.81198 7.77301,
	1.81766 7.78209,
	1.83185 7.80026,
	1.84036 7.80764,
	1.84945 7.81388,
	1.85399 7.81615,
	1.85853 7.81956,
	1.86761 7.82183,
	1.88578 7.82296,
	1.90394 7.82523,
	1.91302 7.82637,
	1.9153 7.82637,
	1.92438 7.82978,
	1.94254 7.83943,
	1.95163 7.8451,
	1.96014 7.85362,
	1.96184 7.85816,
	1.96241 7.8627,
	1.96241 7.86497,
	1.96071 7.86951,
	1.93176 7.90584,
	1.91473 7.92344,
	1.91075 7.92741,
	1.90564 7.9365,
	1.90337 7.94104,
	1.89486 7.94955,
	1.89032 7.95409,
	1.88578 7.95636,
	1.87669 7.96374,
	1.86761 7.96942,
	1.86307 7.97226,
	1.84547 7.98872,
	1.82958 8.00689,
	1.81141 8.02448,
	1.80687 8.02676,
	1.79779 8.02903,
	1.79325 8.02846,
	1.78871 8.02676,
	1.78416 8.02392,
	1.77962 8.02392,
	1.77508 8.02278,
	1.766 8.02221,
	1.76146 8.02108,
	1.74329 8.02278,
	1.73875 8.02392,
	1.73648 8.02448,
	1.73421 8.02619,
	1.72967 8.02732,
	1.72513 8.03016,
	1.71605 8.03357,
	1.70696 8.03584,
	1.6888 8.03641,
	1.67063 8.03413,
	1.6343 8.02676,
	1.56164 8.01597,
	1.54348 8.01483,
	1.52531 8.00973,
	1.51623 8.00462,
	1.50715 7.99724,
	1.5026 7.9927,
	1.48898 7.97453,
	1.46968 7.9382,
	1.46003 7.92003,
	1.45776 7.91549,
	1.4447 7.89733,
	1.43846 7.88825,
	1.42994 7.87916,
	1.42597 7.87462,
	1.42313 7.87008,
	1.41405 7.861,
	1.38283 7.82467,
	1.36864 7.8065,
	1.36182 7.79742,
	1.35842 7.79288,
	1.34082 7.75655,
	1.33571 7.74746,
	1.33344 7.74292,
	1.33117 7.73384,
	1.33003 7.72476,
	1.33003 7.72022,
	1.33003 7.71908,
	"/>
</Transform>

<Transform dim="0"
 xcoef=" 0 1 0 0 0 0"
 ycoef=" 0 0 1 0 0 0">
<Contour name="ddh_d07ax12" comment="traced by ddh" hidden="false" closed="true" simplified="true" border="1 0 0" fill="1 0 0" mode="11"
 points="4.74934 7.70366,
	4.75308 7.6887,
	4.75402 7.68122,
	4.75402 7.67935,
	4.75869 7.67187,
	4.76524 7.65691,
	4.76804 7.64944,
	4.77272 7.64196,
	4.77272 7.64009,
	4.77926 7.63261,
	4.79422 7.62232,
	4.80918 7.61578,
	4.8391 7.60923,
	4.85405 7.60549,
	4.86901 7.60643,
	4.87649 7.60736,
	4.90641 7.60456,
	4.93633 7.59147,
	4.94381 7.5896,
	4.95876 7.59147,
	4.96624 7.59428,
	4.99616 7.59521,
	5.00364 7.59054,
	5.0186 7.57745,
	5.02234 7.57464,
	5.0373 7.56903,
	5.04104 7.56623,
	5.07095 7.55501,
	5.08591 7.55033,
	5.10087 7.54286,
	5.11583 7.53818,
	5.13079 7.53631,
	5.13827 7.53725,
	5.14201 7.53631,
	5.14575 7.53725,
	5.14762 7.53725,
	5.15883 7.52229,
	5.16351 7.51481,
	5.17099 7.50826,
	5.17847 7.50359,
	5.19343 7.49985,
	5.20091 7.49891,
	5.21586 7.49985,
	5.24578 7.49798,
	5.24952 7.49891,
	5.25139 7.49891,
	5.25793 7.49237,
	5.26074 7.48489,
	5.26541 7.47741,
	5.27944 7.46526,
	5.2944 7.45497,
	5.30562 7.44002,
	5.30936 7.43254,
	5.31496 7.42506,
	5.3187 7.41758,
	5.32525 7.4101,
	5.34021 7.40075,
	5.34769 7.39888,
	5.35143 7.39794,
	5.38134 7.40542,
	5.3963 7.40729,
	5.40378 7.4101,
	5.40565 7.4101,
	5.42061 7.42225,
	5.42996 7.43721,
	5.44211 7.46713,
	5.45988 7.52696,
	5.46922 7.55688,
	5.47203 7.57184,
	5.46829 7.5868,
	5.46362 7.59428,
	5.46081 7.59802,
	5.45707 7.59989,
	5.45333 7.60362,
	5.42341 7.62139,
	5.41593 7.62513,
	5.40846 7.63074,
	5.40098 7.63448,
	5.39724 7.63635,
	5.38228 7.63822,
	5.36732 7.63822,
	5.36358 7.63822,
	5.36171 7.63822,
	5.35517 7.64476,
	5.34769 7.6485,
	5.34395 7.65037,
	5.32899 7.65224,
	5.32151 7.65411,
	5.30655 7.66159,
	5.29907 7.66533,
	5.26915 7.67281,
	5.26167 7.67281,
	5.24672 7.67748,
	5.23176 7.68496,
	5.22428 7.6887,
	5.2168 7.69057,
	5.21306 7.69244,
	5.18314 7.69712,
	5.17566 7.69899,
	5.1607 7.69805,
	5.14575 7.69431,
	5.14201 7.69338,
	5.12705 7.69992,
	5.11209 7.70833,
	5.08217 7.72049,
	5.05225 7.72329,
	5.0373 7.72797,
	5.00738 7.74386,
	4.99242 7.75134,
	4.97746 7.75695,
	4.94754 7.75975,
	4.93259 7.76069,
	4.91763 7.76349,
	4.88771 7.77378,
	4.87275 7.78032,
	4.86527 7.78126,
	4.85031 7.78032,
	4.83536 7.78126,
	4.8204 7.77939,
	4.79048 7.7691,
	4.783 7.76723,
	4.77552 7.76256,
	4.76056 7.74947,
	4.75402 7.74199,
	4.75121 7.73825,
	4.74934 7.73077,
	4.74934 7.71581,
	4.74934 7.70833,
	4.74934 7.70459,
	"/>
</Transform>

<Transform dim="0"
 xcoef=" 0 1 0 0 0 0"
 ycoef=" 0 0 1 0 0 0">
<Contour name="d08c12" hidden="true" closed="true" simplified="true" border="1 0 0" fill="0 1 0" mode="9"
 points="4.41424 3.10366,
	4.42793 3.08997,
	4.4553 3.08655,
	4.46899 3.08655,
	4.4861 3.11392,
	4.49294 3.12761,
	4.5169 3.14814,
	4.53059 3.16183,
	4.53059 3.17552,
	4.51348 3.20289,
	4.49979 3.20631,
	4.44846 3.16183,
	4.42108 3.13788,
	4.41424 3.13103,
	4.41424 3.10708,
	"/>
</Transform>

<Transform dim="0"
 xcoef=" 0 1 0 0 0 0"
 ycoef=" 0 0 1 0 0 0">
<Contour name="ddh_d08ax12" comment="traced by ddh" hidden="false" closed="true" simplified="true" border="0 1 1" fill="0 1 1" mode="11"
 points="4.38961 2.95526,
	4.39359 2.93704,
	4.39587 2.92792,
	4.39644 2.92564,
	4.39986 2.92109,
	4.401 2.91881,
	4.41923 2.90685,
	4.42321 2.90286,
	4.42891 2.89374,
	4.43062 2.89147,
	4.43062 2.89033,
	4.44315 2.8721,
	4.44714 2.86811,
	4.44942 2.8664,
	4.45056 2.86526,
	4.4517 2.86526,
	4.45283 2.86412,
	4.45397 2.86412,
	4.45454 2.86298,
	4.45568 2.86298,
	4.46423 2.85786,
	4.48246 2.84476,
	4.48701 2.84134,
	4.50524 2.83165,
	4.50695 2.82995,
	4.50809 2.82995,
	4.5172 2.82197,
	4.53144 2.80431,
	4.53486 2.79975,
	4.54398 2.79121,
	4.54853 2.78722,
	4.55309 2.78437,
	4.55537 2.78324,
	4.55651 2.78324,
	4.55765 2.7821,
	4.55879 2.7821,
	4.56107 2.78039,
	4.57929 2.7764,
	4.59752 2.77355,
	4.60664 2.77412,
	4.62486 2.77298,
	4.64309 2.77412,
	4.65221 2.77355,
	4.65676 2.77355,
	4.67499 2.76899,
	4.69322 2.76558,
	4.71145 2.76387,
	4.71601 2.76501,
	4.72056 2.76786,
	4.72455 2.77184,
	4.72683 2.77412,
	4.73025 2.78324,
	4.73025 2.79235,
	4.72854 2.79691,
	4.72227 2.80602,
	4.71373 2.814,
	4.71031 2.81855,
	4.7086 2.82083,
	4.70689 2.82995,
	4.70575 2.83222,
	4.70347 2.85045,
	4.70347 2.85501,
	4.70518 2.85957,
	4.70575 2.86184,
	4.7086 2.8664,
	4.70917 2.86868,
	4.71088 2.87096,
	4.71145 2.87324,
	4.71942 2.88121,
	4.72854 2.88691,
	4.73309 2.89033,
	4.74221 2.89431,
	4.75132 2.90115,
	4.75474 2.90514,
	4.75588 2.90742,
	4.75702 2.90799,
	4.75702 2.90912,
	4.76158 2.91311,
	4.76442 2.91767,
	4.76841 2.92223,
	4.76955 2.9245,
	4.77753 2.93362,
	4.78436 2.94216,
	4.78721 2.94672,
	4.79518 2.95526,
	4.80373 2.96267,
	4.80601 2.96495,
	4.80601 2.96609,
	4.80715 2.96666,
	4.80715 2.9678,
	4.80943 2.96951,
	4.81455 2.97862,
	4.81797 2.98773,
	4.82025 2.99229,
	4.82139 2.99685,
	4.82424 3.00141,
	4.8305 3.01963,
	4.83449 3.03786,
	4.83506 3.05609,
	4.83449 3.0652,
	4.83449 3.06976,
	4.83335 3.07204,
	4.83335 3.07318,
	4.83221 3.07432,
	4.83221 3.0766,
	4.83107 3.07888,
	4.8305 3.08343,
	4.82879 3.08799,
	4.82595 3.09255,
	4.82595 3.09369,
	4.82481 3.09483,
	4.82424 3.0971,
	4.82253 3.09938,
	4.82253 3.10052,
	4.82139 3.10166,
	4.82139 3.1028,
	4.81398 3.11191,
	4.80772 3.12103,
	4.8043 3.12559,
	4.80202 3.13014,
	4.80145 3.13242,
	4.80031 3.13356,
	4.80031 3.13584,
	4.79917 3.13812,
	4.79689 3.15635,
	4.79518 3.16546,
	4.79518 3.16774,
	4.79405 3.17002,
	4.79291 3.17913,
	4.79177 3.18027,
	4.7912 3.18483,
	4.78778 3.19394,
	4.78493 3.1985,
	4.78151 3.20761,
	4.77525 3.21673,
	4.76727 3.22584,
	4.76272 3.22926,
	4.76044 3.23097,
	4.7593 3.23097,
	4.75474 3.23439,
	4.75018 3.23609,
	4.74791 3.2378,
	4.74563 3.23837,
	4.73651 3.24464,
	4.73196 3.24806,
	4.72797 3.25261,
	4.72341 3.25546,
	4.72113 3.25717,
	4.71999 3.25717,
	4.71771 3.25945,
	4.71316 3.2623,
	4.71088 3.26401,
	4.70974 3.26401,
	4.70746 3.26572,
	4.7029 3.26686,
	4.69379 3.27198,
	4.68468 3.27426,
	4.68012 3.27597,
	4.66189 3.27768,
	4.64366 3.27711,
	4.63911 3.27711,
	4.62088 3.27426,
	4.60265 3.27369,
	4.59353 3.27369,
	4.58442 3.27255,
	4.57531 3.27255,
	4.56619 3.27084,
	4.56163 3.2697,
	4.55765 3.26742,
	4.55309 3.26401,
	4.5491 3.25945,
	4.54682 3.25489,
	4.54568 3.25261,
	4.54512 3.2435,
	4.54625 3.23439,
	4.54568 3.21616,
	4.54284 3.20704,
	4.54056 3.20249,
	4.53201 3.19394,
	4.52746 3.18995,
	4.51834 3.18369,
	4.51606 3.18198,
	4.51379 3.18141,
	4.50467 3.17571,
	4.49556 3.17173,
	4.491 3.16888,
	4.48246 3.16033,
	4.47562 3.15122,
	4.47163 3.14723,
	4.46252 3.14097,
	4.45853 3.13641,
	4.44942 3.12957,
	4.4403 3.1216,
	4.42378 3.10394,
	4.4198 3.09938,
	4.41752 3.09483,
	4.41581 3.09255,
	4.41467 3.09141,
	4.41296 3.08685,
	4.40783 3.07774,
	4.39986 3.05951,
	4.39587 3.04128,
	4.39416 3.03217,
	4.39416 3.02305,
	4.39473 3.01849,
	4.39473 3.01622,
	4.39815 3.0071,
	4.39815 3.00482,
	4.39986 3.00254,
	4.40157 2.99343,
	4.40157 2.99115,
	4.40157 2.99001,
	4.40043 2.98887,
	4.39929 2.98432,
	4.39416 2.9752,
	4.39302 2.97292,
	4.39188 2.97178,
	4.38961 2.96267,
	4.38961 2.95811,
	4.38961 2.95583,
	"/>
</Transform>

<Transform dim="0"
 xcoef=" 0 1 0 0 0 0"
 ycoef=" 0 0 1 0 0 0">
<Contour name="ddh_d08ax10" comment="traced by ddh" hidden="false" closed="true" simplified="true" border="1 0.5 0" fill="1 0.5 0" mode="11"
 points="5.57741 3.45257,
	5.58598 3.42764,
	5.58676 3.41517,
	5.58598 3.4027,
	5.58676 3.39023,
	5.59611 3.34037,
	5.60156 3.31543,
	5.61481 3.2905,
	5.63117 3.26556,
	5.63429 3.25933,
	5.6452 3.24686,
	5.64909 3.2344,
	5.65065 3.22193,
	5.65455 3.20946,
	5.67091 3.18453,
	5.67948 3.17206,
	5.68649 3.1596,
	5.69584 3.14713,
	5.7013 3.1409,
	5.70753 3.13622,
	5.72 3.13232,
	5.74493 3.12843,
	5.76987 3.11752,
	5.7948 3.10895,
	5.81973 3.10194,
	5.8322 3.10038,
	5.85713 3.10349,
	5.8696 3.10427,
	5.88207 3.10194,
	5.907 3.09414,
	5.91947 3.09025,
	5.9257 3.08869,
	5.95064 3.08869,
	5.9631 3.08791,
	5.98804 3.08168,
	6.01297 3.07233,
	6.02544 3.06843,
	6.07531 3.06376,
	6.10024 3.05908,
	6.11271 3.0583,
	6.12517 3.05596,
	6.15011 3.05518,
	6.17504 3.05674,
	6.18128 3.05752,
	6.18439 3.05674,
	6.19063 3.05986,
	6.20309 3.06921,
	6.2179 3.09414,
	6.22257 3.10038,
	6.22881 3.10583,
	6.24127 3.11129,
	6.24751 3.1144,
	6.27244 3.1183,
	6.29737 3.11908,
	6.32231 3.12219,
	6.32854 3.12297,
	6.33166 3.12297,
	6.34412 3.12843,
	6.35659 3.137,
	6.35971 3.13856,
	6.36205 3.14167,
	6.36438 3.15414,
	6.35737 3.16661,
	6.35348 3.17284,
	6.34101 3.18453,
	6.32854 3.1931,
	6.30594 3.21803,
	6.29348 3.2305,
	6.28101 3.24141,
	6.25608 3.26634,
	6.24439 3.27881,
	6.21946 3.29751,
	6.21322 3.30219,
	6.21088 3.3053,
	6.19842 3.3092,
	6.19218 3.31309,
	6.18907 3.31543,
	6.18751 3.31543,
	6.18595 3.31699,
	6.18439 3.31699,
	6.17193 3.32556,
	6.16569 3.32868,
	6.16257 3.32946,
	6.15634 3.33413,
	6.13141 3.3466,
	6.11894 3.35128,
	6.09401 3.35517,
	6.08154 3.35673,
	6.06907 3.36063,
	6.06284 3.3614,
	6.05661 3.36063,
	6.05037 3.3614,
	6.04726 3.3614,
	6.03479 3.36764,
	6.02856 3.37075,
	6.01609 3.38088,
	6.00596 3.39335,
	6.00128 3.39958,
	5.99505 3.41205,
	5.99271 3.41828,
	5.98804 3.44322,
	5.98648 3.46815,
	5.9857 3.48062,
	5.97557 3.53049,
	5.97167 3.55542,
	5.96934 3.56789,
	5.96466 3.58036,
	5.9631 3.58659,
	5.94986 3.61152,
	5.93272 3.63646,
	5.91713 3.66139,
	5.91324 3.66762,
	5.90155 3.68009,
	5.89531 3.68632,
	5.89376 3.68788,
	5.8922 3.68788,
	5.87973 3.69957,
	5.8548 3.7136,
	5.84233 3.72061,
	5.82986 3.72606,
	5.82363 3.72918,
	5.81116 3.73074,
	5.7987 3.72918,
	5.79246 3.72684,
	5.78623 3.72606,
	5.77376 3.71905,
	5.76753 3.71671,
	5.74259 3.69879,
	5.71766 3.67386,
	5.71143 3.66918,
	5.70831 3.66607,
	5.68338 3.65282,
	5.67091 3.64581,
	5.66468 3.64191,
	5.65221 3.63022,
	5.64208 3.61776,
	5.62961 3.59282,
	5.62416 3.58036,
	5.61637 3.55542,
	5.61403 3.54295,
	5.60546 3.51802,
	5.59844 3.50555,
	5.58987 3.49309,
	5.58286 3.48062,
	5.58052 3.47439,
	5.57897 3.47127,
	5.57741 3.4588,
	5.57741 3.45335,
	"/>
</Transform>

<Transform dim="0"
 xcoef=" 0 1 0 0 0 0"
 ycoef=" 0 0 1 0 0 0">
<Contour name="ddh_d08ax07" comment="traced by ddh" hidden="false" closed="true" simplified="true" border="1 0.5 0" fill="1 0.5 0" mode="11"
 points="5.61898 4.71166,
	5.64336 4.65593,
	5.65817 4.62806,
	5.67036 4.615,
	5.68429 4.60368,
	5.69822 4.59497,
	5.71215 4.58801,
	5.71912 4.58627,
	5.72609 4.58191,
	5.74002 4.57582,
	5.74698 4.57234,
	5.75047 4.57059,
	5.75221 4.56885,
	5.75569 4.56798,
	5.76266 4.56276,
	5.76614 4.56102,
	5.77659 4.54708,
	5.77746 4.5436,
	5.7792 4.54186,
	5.7792 4.54012,
	5.7853 4.53315,
	5.78965 4.52619,
	5.78965 4.52444,
	5.81229 4.49658,
	5.82535 4.48265,
	5.84103 4.45478,
	5.84625 4.44782,
	5.87411 4.42431,
	5.88805 4.41647,
	5.89501 4.41299,
	5.90894 4.4095,
	5.96467 4.38425,
	5.9786 4.3799,
	6.00647 4.37554,
	6.01343 4.37554,
	6.0204 4.37293,
	6.02737 4.37293,
	6.0831 4.35813,
	6.09703 4.35465,
	6.12489 4.35203,
	6.15276 4.35116,
	6.18062 4.35203,
	6.19455 4.35378,
	6.20152 4.35465,
	6.20848 4.35813,
	6.23635 4.36422,
	6.26421 4.36684,
	6.27814 4.36771,
	6.29208 4.37206,
	6.31994 4.38686,
	6.33387 4.39644,
	6.3478 4.40776,
	6.35477 4.41386,
	6.35825 4.41647,
	6.37219 4.44433,
	6.37828 4.45827,
	6.38699 4.48613,
	6.38873 4.50006,
	6.39047 4.50703,
	6.39047 4.52096,
	6.3896 4.52793,
	6.37567 4.55579,
	6.36783 4.56972,
	6.36435 4.57669,
	6.36174 4.58017,
	6.36087 4.5941,
	6.36348 4.62197,
	6.36609 4.6359,
	6.3896 4.69163,
	6.39221 4.69859,
	6.39308 4.70556,
	6.39483 4.70904,
	6.39483 4.72298,
	6.38699 4.75084,
	6.38351 4.75781,
	6.38089 4.76129,
	6.37219 4.78915,
	6.3687 4.80309,
	6.36783 4.81702,
	6.36609 4.82398,
	6.36609 4.83792,
	6.36609 4.84488,
	6.36957 4.85881,
	6.37132 4.88668,
	6.37219 4.89364,
	6.3687 4.92151,
	6.36609 4.93544,
	6.35738 4.9633,
	6.35564 4.97027,
	6.3539 4.97201,
	6.35042 4.98594,
	6.34955 5.01381,
	6.35042 5.02774,
	6.34955 5.04167,
	6.34955 5.04864,
	6.34955 5.05212,
	6.34345 5.06605,
	6.34171 5.06954,
	6.34171 5.07128,
	6.33823 5.07476,
	6.33387 5.08173,
	6.31994 5.09392,
	6.30601 5.09914,
	6.27814 5.09827,
	6.26421 5.10088,
	6.25725 5.10262,
	6.25376 5.1035,
	6.25028 5.10611,
	6.24331 5.10785,
	6.22938 5.11743,
	6.21545 5.12875,
	6.205 5.14268,
	6.205 5.14442,
	6.19107 5.15748,
	6.1841 5.16009,
	6.17017 5.15835,
	6.15624 5.15139,
	6.12837 5.12875,
	6.12489 5.12526,
	6.09703 5.10959,
	6.09006 5.10611,
	6.0622 5.10175,
	6.04827 5.10001,
	6.03433 5.09566,
	6.02737 5.09218,
	6.02388 5.08956,
	6.02214 5.08782,
	6.0204 5.08782,
	6.00647 5.07563,
	5.98644 5.04777,
	5.9786 5.03384,
	5.97338 5.02687,
	5.95945 5.02077,
	5.93158 5.01816,
	5.91765 5.01555,
	5.91069 5.01468,
	5.9072 5.01294,
	5.90372 5.01294,
	5.89675 5.01032,
	5.89327 5.01032,
	5.87934 5.00597,
	5.86541 5.00336,
	5.85844 5.00075,
	5.85496 5.00075,
	5.82709 4.99117,
	5.81316 4.98681,
	5.7853 4.97462,
	5.77136 4.96679,
	5.7435 4.94241,
	5.73131 4.92934,
	5.72521 4.92238,
	5.71738 4.90845,
	5.7139 4.90148,
	5.71215 4.89974,
	5.71128 4.89626,
	5.70693 4.88929,
	5.69561 4.86143,
	5.69126 4.85446,
	5.68951 4.85272,
	5.68864 4.84924,
	5.6869 4.84749,
	5.68429 4.84053,
	5.68168 4.83704,
	5.67645 4.82311,
	5.66165 4.79525,
	5.65033 4.78132,
	5.63117 4.75345,
	5.62856 4.74649,
	5.62595 4.743,
	5.62334 4.73604,
	5.6216 4.73255,
	5.61985 4.73081,
	5.61898 4.71688,
	5.61898 4.7134,
	5.61898 4.71253,
	"/>
</Transform>

<Transform dim="0"
 xcoef=" 0 1 0 0 0 0"
 ycoef=" 0 0 1 0 0 0">
<Contour name="ddh_d08ax18" comment="traced by ddh" hidden="false" closed="true" simplified="true" border="0 1 1" fill="0 1 1" mode="11"
 points="5.83883 2.70682,
	5.84292 2.69371,
	5.84292 2.69207,
	5.85275 2.68142,
	5.85849 2.6765,
	5.86422 2.67323,
	5.8675 2.67159,
	5.87815 2.66012,
	5.88388 2.65602,
	5.89699 2.65356,
	5.90355 2.6552,
	5.90682 2.6552,
	5.9101 2.65684,
	5.91338 2.65684,
	5.93959 2.66667,
	5.94287 2.66749,
	5.94943 2.67241,
	5.9527 2.67323,
	5.95926 2.67896,
	5.96171 2.68224,
	5.96253 2.69535,
	5.96253 2.7019,
	5.96253 2.70518,
	5.96499 2.71173,
	5.96499 2.72484,
	5.96499 2.72812,
	5.95926 2.73467,
	5.9527 2.73713,
	5.94615 2.73795,
	5.93959 2.73713,
	5.93304 2.73467,
	5.92649 2.73385,
	5.92321 2.73221,
	5.89699 2.73221,
	5.88388 2.73057,
	5.87078 2.73057,
	5.86422 2.73057,
	5.85111 2.72648,
	5.84784 2.7232,
	5.8421 2.71911,
	5.83965 2.71255,
	5.83883 2.70927,
	5.83883 2.70764,
	"/>
</Transform>

<Transform dim="0"
 xcoef=" 0 1 0 0 0 0"
 ycoef=" 0 0 1 0 0 0">
<Contour name="ddh_d07ax09" comment="traced by ddh" hidden="false" closed="true" simplified="true" border="1 0 0.5" fill="1 0 0.5" mode="11"
 points="1.67776 5.86119,
	1.68463 5.8502,
	1.70522 5.83785,
	1.74916 5.82823,
	1.79309 5.82412,
	1.81506 5.82412,
	1.83703 5.81862,
	1.85899 5.80627,
	1.88096 5.79116,
	1.89195 5.7843,
	1.91391 5.78018,
	1.93588 5.76782,
	1.95785 5.75272,
	1.96883 5.74723,
	1.9908 5.74586,
	2.01277 5.73625,
	2.03473 5.72389,
	2.07867 5.70741,
	2.10064 5.70055,
	2.14457 5.69231,
	2.16654 5.68545,
	2.21047 5.66622,
	2.23244 5.66211,
	2.27638 5.64426,
	2.29834 5.6319,
	2.30933 5.62641,
	2.33129 5.62092,
	2.37523 5.61542,
	2.3972 5.61131,
	2.40818 5.60719,
	2.45211 5.57561,
	2.47271 5.55501,
	2.49468 5.53717,
	2.51664 5.52481,
	2.53861 5.5152,
	2.5496 5.51245,
	2.57156 5.5152,
	2.6155 5.52481,
	2.63746 5.52618,
	2.6814 5.5152,
	2.72533 5.50147,
	2.7473 5.49186,
	2.75829 5.48774,
	2.76378 5.48637,
	2.78574 5.49049,
	2.78849 5.49049,
	2.83243 5.51383,
	2.85439 5.52206,
	2.86538 5.52618,
	2.88734 5.5303,
	2.89833 5.53442,
	2.90382 5.53717,
	2.99169 5.5509,
	3.03562 5.55364,
	3.12349 5.55364,
	3.21136 5.55776,
	3.23333 5.56188,
	3.27727 5.57698,
	3.3212 5.58797,
	3.34317 5.60307,
	3.36514 5.62229,
	3.42417 5.71016,
	3.44751 5.75409,
	3.45163 5.76508,
	3.4585 5.77606,
	3.46536 5.79803,
	3.46948 5.80901,
	3.4736 5.85295,
	3.47497 5.87492,
	3.4736 5.89688,
	3.46536 5.91885,
	3.45575 5.92846,
	3.43378 5.94219,
	3.41182 5.9518,
	3.38985 5.96416,
	3.37887 5.96965,
	3.3569 5.97514,
	3.34591 5.98201,
	3.30198 5.99711,
	3.25804 6.00672,
	3.21411 6.00947,
	3.17018 6.00809,
	3.14821 6.00672,
	3.10427 6.00947,
	3.08231 6.0026,
	3.07681 6.00123,
	3.05485 5.98063,
	3.037 5.95867,
	3.0164 5.93807,
	2.97247 5.91061,
	2.96148 5.90512,
	2.9505 5.90237,
	2.94501 5.901,
	2.92304 5.90512,
	2.87911 5.901,
	2.83517 5.89139,
	2.8132 5.88453,
	2.79124 5.88178,
	2.76927 5.88453,
	2.72533 5.89688,
	2.71435 5.901,
	2.67042 5.90924,
	2.64845 5.91199,
	2.60451 5.90924,
	2.58255 5.90649,
	2.56058 5.90649,
	2.53861 5.90375,
	2.53587 5.901,
	2.52488 5.89963,
	2.5139 5.89551,
	2.50841 5.89276,
	2.50703 5.89002,
	2.50429 5.89002,
	2.48232 5.87217,
	2.47134 5.86256,
	2.38347 5.82274,
	2.3615 5.81588,
	2.35052 5.81176,
	2.32855 5.81588,
	2.31756 5.81725,
	2.2956 5.82686,
	2.28461 5.83235,
	2.27912 5.8351,
	2.26814 5.84471,
	2.24617 5.85707,
	2.2242 5.85981,
	2.20224 5.85844,
	2.19125 5.85707,
	2.18576 5.85432,
	2.14182 5.85157,
	2.09789 5.86393,
	2.05395 5.88315,
	2.03199 5.89688,
	2.0265 5.901,
	2.01551 5.90512,
	1.99354 5.91748,
	1.94961 5.91885,
	1.93863 5.92297,
	1.92764 5.92434,
	1.90567 5.93121,
	1.88371 5.93533,
	1.86174 5.9367,
	1.83977 5.93533,
	1.79584 5.91885,
	1.7519 5.91199,
	1.72994 5.90787,
	1.70797 5.901,
	1.69698 5.89551,
	1.686 5.8859,
	1.68051 5.87492,
	1.67776 5.86942,
	1.67776 5.86393,
	1.67776 5.86256,
	"/>
</Transform>

</Section>