<?xml version="1.0"?>
<!DOCTYPE Section SYSTEM "section.dtd">

<Section index="128" thickness="0.045" alignLocked="true">
<Transform dim="6"
 xcoef=" 0.0630421550332155 1.01161358043972 -0.0232860853193382 0 0 0"
 ycoef=" -0.167070823324978 0.0206018529314313 1.00550325163609 0 0 0">
<Contour name="D05" hidden="false" closed="true" simplified="true" border="1 1 0" fill="1 1 0" mode="11"
 points="2.69299 3.97404,
	2.70475 3.90163,
	2.73888 3.83632,
	2.79205 3.78448,
	2.85904 3.7512,
	2.93329 3.73974,
	3.00755 3.7512,
	3.07454 3.78448,
	3.12771 3.83632,
	3.16184 3.90163,
	3.1736 3.97404,
	3.16184 4.04644,
	3.12771 4.11175,
	3.07454 4.16359,
	3.00755 4.19687,
	2.93329 4.20833,
	2.85904 4.19687,
	2.79205 4.16359,
	2.73888 4.11175,
	"/>
</Transform>

<Transform dim="6"
 xcoef=" 0.0630421550332155 1.01161358043972 -0.0232860853193382 0 0 0"
 ycoef=" -0.167070823324978 0.0206018529314313 1.00550325163609 0 0 0">
<Contour name="d01" hidden="true" closed="true" simplified="true" border="1 0.5 0" fill="1 0.5 0" mode="9"
 points="6.21189 4.01163,
	6.22788 3.99032,
	6.25451 3.96901,
	6.27582 3.96368,
	6.28648 3.95302,
	6.3291 3.96901,
	6.35041 3.98499,
	6.35574 4.0063,
	6.37172 4.02761,
	6.5422 4.03826,
	6.58482 4.02761,
	6.62744 4.0063,
	6.67006 3.97433,
	6.71268 3.95835,
	6.72334 3.9477,
	6.72334 3.93704,
	6.7553 3.90508,
	6.77661 3.88909,
	6.81923 3.88377,
	6.84054 3.88377,
	6.85652 3.90508,
	6.86185 3.92639,
	6.85652 3.9477,
	6.8139 3.97433,
	6.78727 4.01163,
	6.76596 4.03294,
	6.74465 4.04359,
	6.72334 4.0649,
	6.6381 4.11818,
	6.59547 4.13949,
	6.51023 4.16612,
	6.46761 4.17145,
	6.4463 4.17678,
	6.36106 4.12883,
	6.27582 4.09687,
	6.2332 4.05957,
	6.21189 4.01695,
	"/>
</Transform>

<Transform dim="6"
 xcoef=" 0.0630421550332155 1.01161358043972 -0.0232860853193382 0 0 0"
 ycoef=" -0.167070823324978 0.0206018529314313 1.00550325163609 0 0 0">
<Contour name="d01p14" hidden="false" closed="true" simplified="true" border="1 0 0" fill="1 0 0" mode="9"
 points="5.96242 3.67322,
	5.96525 3.65534,
	5.97346 3.63921,
	5.98626 3.62641,
	6.00239 3.61819,
	6.02027 3.61536,
	6.03815 3.61819,
	6.05427 3.62641,
	6.06707 3.63921,
	6.07529 3.65534,
	6.07812 3.67322,
	6.07529 3.69109,
	6.06707 3.70722,
	6.05427 3.72002,
	6.03815 3.72824,
	6.02027 3.73107,
	6.00239 3.72824,
	5.98626 3.72002,
	5.97346 3.70722,
	"/>
</Transform>

<Transform dim="6"
 xcoef=" 0.0630421550332155 1.01161358043972 -0.0232860853193382 0 0 0"
 ycoef=" -0.167070823324978 0.0206018529314313 1.00550325163609 0 0 0">
<Contour name="d01" hidden="true" closed="true" simplified="true" border="1 0.5 0" fill="1 0.5 0" mode="9"
 points="4.94927 3.43093,
	4.9546 3.4256,
	4.95993 3.43093,
	4.95993 3.40962,
	4.97058 3.40429,
	4.97591 3.41494,
	4.99722 3.41494,
	5.00787 3.39363,
	5.02386 3.30839,
	5.02918 3.22315,
	5.02386 3.13791,
	5.02386 3.1166,
	4.99722 3.03136,
	4.97591 2.98874,
	4.97058 2.94612,
	4.97058 2.92481,
	4.98656 2.9035,
	5.02918 2.89817,
	5.05049 2.89817,
	5.06115 2.89817,
	5.0718 2.91948,
	5.08246 2.93014,
	5.08779 2.95145,
	5.08779 2.9621,
	5.11442 3.00472,
	5.15172 3.04734,
	5.23696 3.07931,
	5.25827 3.08464,
	5.26892 3.09529,
	5.31154 3.10062,
	5.35416 3.09529,
	5.37547 3.08996,
	5.39678 3.06865,
	5.40744 3.058,
	5.42875 3.05267,
	5.47137 3.02603,
	5.54063 2.95678,
	5.55661 2.93547,
	5.64185 2.94612,
	5.66316 2.95678,
	5.71111 3.12726,
	5.73774 3.16988,
	5.7484 3.19119,
	5.76971 3.2125,
	5.82298 3.29241,
	5.83897 3.30839,
	5.84962 3.30839,
	5.9029 3.38831,
	5.93486 3.42027,
	5.95084 3.44158,
	5.95084 3.4842,
	5.9615 3.50018,
	6.00412 3.52682,
	6.07871 3.60673,
	6.10534 3.64935,
	6.14796 3.68132,
	6.16927 3.6973,
	6.17993 3.70263,
	6.22255 3.6973,
	6.24386 3.70796,
	6.26517 3.70796,
	6.30246 3.73459,
	6.30246 3.77721,
	6.28115 3.7932,
	6.23853 3.7932,
	6.19591 3.78254,
	6.11067 3.78254,
	6.06805 3.78254,
	6.02543 3.7932,
	5.98281 3.77189,
	5.9615 3.76656,
	5.95084 3.76656,
	5.94019 3.77721,
	5.89757 3.7932,
	5.85495 3.82516,
	5.83897 3.86778,
	5.83897 3.87844,
	5.807 3.91573,
	5.76438 3.91573,
	5.74307 3.90508,
	5.57259 3.89975,
	5.52997 3.89442,
	5.50866 3.88909,
	5.48202 3.86246,
	5.46071 3.85713,
	5.3808 3.80385,
	5.35949 3.79852,
	5.29023 3.73459,
	5.24761 3.70796,
	5.2263 3.70263,
	5.20499 3.68665,
	5.11975 3.68665,
	5.07713 3.68665,
	5.05582 3.68665,
	5.01853 3.64935,
	5.0132 3.60673,
	4.99722 3.56411,
	4.99189 3.5428,
	4.96525 3.50018,
	4.9546 3.45756,
	4.94927 3.43625,
	"/>
</Transform>

<Transform dim="6"
 xcoef=" 0.0630421550332155 1.01161358043972 -0.0232860853193382 0 0 0"
 ycoef=" -0.167070823324978 0.0206018529314313 1.00550325163609 0 0 0">
<Contour name="d01p15" hidden="false" closed="true" simplified="true" border="1 0 1" fill="1 0 1" mode="9"
 points="5.51739 3.06354,
	5.52012 3.04978,
	5.52802 3.03738,
	5.54032 3.02753,
	5.55583 3.02121,
	5.57302 3.01903,
	5.59021 3.02121,
	5.60572 3.02753,
	5.61802 3.03738,
	5.62593 3.04978,
	5.62865 3.06354,
	5.62593 3.07729,
	5.61802 3.08969,
	5.60572 3.09954,
	5.59021 3.10586,
	5.57302 3.10804,
	5.55583 3.10586,
	5.54032 3.09954,
	5.52802 3.08969,
	"/>
</Transform>

<Transform dim="6"
 xcoef=" 0.0630421550332155 1.01161358043972 -0.0232860853193382 0 0 0"
 ycoef=" -0.167070823324978 0.0206018529314313 1.00550325163609 0 0 0">
<Contour name="d01" hidden="true" closed="true" simplified="true" border="1 0.5 0" fill="1 0.5 0" mode="9"
 points="5.84759 4.27221,
	5.88319 4.23661,
	5.89654 4.20546,
	5.91879 4.16986,
	5.94994 4.14315,
	5.95884 4.12535,
	5.99445 4.08975,
	6.01225 4.0853,
	6.03005 4.08975,
	6.0434 4.05415,
	6.05675 4.03635,
	6.07455 4.0408,
	6.079 4.0497,
	6.0523 4.1209,
	6.03895 4.15651,
	6.0345 4.19211,
	6.01225 4.26331,
	6.0078 4.29891,
	5.99445 4.33451,
	5.99445 4.37012,
	5.99445 4.37902,
	5.95884 4.40127,
	5.94104 4.41462,
	5.93214 4.41907,
	5.89654 4.40572,
	5.86094 4.38347,
	5.85204 4.37902,
	5.84759 4.30781,
	5.84759 4.27666,
	"/>
</Transform>

<Transform dim="6"
 xcoef=" 0.0630421550332155 1.01161358043972 -0.0232860853193382 0 0 0"
 ycoef=" -0.167070823324978 0.0206018529314313 1.00550325163609 0 0 0">
<Contour name="d01c16" hidden="false" closed="true" simplified="true" border="0 1 0" fill="0 1 0" mode="9"
 points="5.96789 4.31113,
	5.9768 4.30445,
	5.98793 4.26882,
	5.99016 4.19757,
	5.99016 4.18866,
	6.00129 4.17084,
	6.00575 4.16639,
	6.01466 4.13076,
	6.02802 4.11295,
	6.04583 4.10181,
	6.05474 4.10404,
	6.05696 4.12185,
	6.05696 4.13076,
	6.0347 4.20202,
	6.02579 4.23765,
	6.02356 4.27328,
	6.02356 4.28219,
	6.0102 4.31781,
	6.01243 4.35344,
	6.00129 4.36458,
	5.99239 4.3668,
	5.98571 4.36458,
	5.98793 4.36235,
	5.97903 4.36012,
	5.97012 4.34231,
	5.96789 4.32449,
	5.96789 4.31559,
	5.96789 4.31336,
	"/>
</Transform>

<Transform dim="6"
 xcoef=" 0.0630421550332155 1.01161358043972 -0.0232860853193382 0 0 0"
 ycoef=" -0.167070823324978 0.0206018529314313 1.00550325163609 0 0 0">
<Contour name="d01cfa16" hidden="false" closed="false" simplified="false" border="0 1 1" fill="0 1 1" mode="9"
 points="6.04064 4.10109,
	6.04064 4.13227,
	6.03619 4.14563,
	6.02951 4.16121,
	6.01615 4.19684,
	6.0117 4.22802,
	6.00724 4.25029,
	6.00056 4.27701,
	5.99833 4.29705,
	6.00056 4.33045,
	5.99833 4.36386,
	"/>
</Transform>

<Transform dim="6"
 xcoef=" 0.0630421550332155 1.01161358043972 -0.0232860853193382 0 0 0"
 ycoef=" -0.167070823324978 0.0206018529314313 1.00550325163609 0 0 0">
<Contour name="d03" hidden="false" closed="true" simplified="true" border="0 1 0" fill="0 1 0" mode="9"
 points="3.13796 2.76345,
	3.13993 2.75557,
	3.13993 2.75163,
	3.16358 2.72009,
	3.16949 2.7122,
	3.19906 2.69644,
	3.22468 2.66687,
	3.28776 2.62548,
	3.30747 2.56437,
	3.3193 2.53284,
	3.32521 2.51707,
	3.32718 2.50918,
	3.33901 2.49341,
	3.46319 2.37515,
	3.49472 2.31208,
	3.50261 2.29631,
	3.55386 2.23323,
	3.56765 2.21943,
	3.59919 2.21352,
	3.61496 2.21155,
	3.67803 2.22338,
	3.6938 2.22535,
	3.70169 2.22929,
	3.73322 2.25886,
	3.74899 2.27068,
	3.75688 2.2766,
	3.75885 2.30813,
	3.75885 2.3239,
	3.75885 2.32784,
	3.77264 2.34361,
	3.78841 2.34953,
	3.81995 2.35544,
	3.83375 2.37121,
	3.84163 2.37909,
	3.84952 2.41063,
	3.85149 2.4264,
	3.84557 2.45794,
	3.81404 2.52101,
	3.80615 2.53678,
	3.80418 2.59985,
	3.80615 2.66293,
	3.81601 2.726,
	3.81601 2.75754,
	3.81601 2.76542,
	3.81601 2.76937,
	3.76279 2.83244,
	3.70169 2.89157,
	3.68789 2.90734,
	3.68 2.91523,
	3.67606 2.91917,
	3.54991 2.93691,
	3.42376 2.94676,
	3.408 2.94873,
	3.40405 2.94873,
	3.37252 2.92114,
	3.35675 2.90931,
	3.32521 2.89354,
	3.30944 2.89354,
	3.30156 2.89354,
	3.27002 2.86792,
	3.23848 2.84624,
	3.17541 2.81273,
	3.15964 2.80287,
	3.15176 2.79893,
	3.13796 2.76739,
	3.13796 2.76542,
	"/>
</Transform>

<Transform dim="6"
 xcoef=" 0.0630421550332155 1.01161358043972 -0.0232860853193382 0 0 0"
 ycoef=" -0.167070823324978 0.0206018529314313 1.00550325163609 0 0 0">
<Contour name="d01c12" hidden="false" closed="true" simplified="true" border="0 1 0" fill="0 1 0" mode="9"
 points="6.32978 4.01572,
	6.33913 4.00637,
	6.37653 4.00637,
	6.39523 3.99702,
	6.47003 3.99702,
	6.50743 4.00169,
	6.54483 4.02039,
	6.5495 4.05779,
	6.54483 4.07649,
	6.39523 4.07649,
	6.35783 4.06247,
	6.33913 4.05312,
	6.32978 4.04377,
	6.32978 4.02507,
	6.32978 4.02039,
	"/>
<Contour name="d01cfa12" hidden="false" closed="false" simplified="false" border="0 1 1" fill="0 1 1" mode="9"
 points="6.54897 4.04044,
	6.49287 4.03576,
	6.4134 4.04511,
	6.3386 4.01706,
	"/>
</Transform>

<Transform dim="6"
 xcoef=" 0.0630421550332155 1.01161358043972 -0.0232860853193382 0 0 0"
 ycoef=" -0.167070823324978 0.0206018529314313 1.00550325163609 0 0 0">
<Contour name="d03" hidden="false" closed="true" simplified="true" border="0 1 0" fill="0 1 0" mode="9"
 points="2.71058 1.91354,
	2.72324 1.88824,
	2.74538 1.8661,
	2.79598 1.83763,
	2.80863 1.82814,
	2.82129 1.82498,
	2.82761 1.82498,
	2.84026 1.81549,
	2.85291 1.81233,
	2.86557 1.80284,
	2.87505 1.79968,
	2.90036 1.81865,
	2.90668 1.82182,
	2.91301 1.84712,
	2.91301 1.87242,
	2.90352 1.89773,
	2.90036 1.91038,
	2.90036 1.9167,
	2.87822 1.94201,
	2.85291 1.96098,
	2.84026 1.97047,
	2.83394 1.97047,
	2.82761 1.9768,
	2.80231 1.98312,
	2.7517 1.98312,
	2.7264 1.97996,
	2.71375 1.96731,
	2.71058 1.9167,
	"/>
</Transform>

<Transform dim="6"
 xcoef=" 0.0630421550332155 1.01161358043972 -0.0232860853193382 0 0 0"
 ycoef=" -0.167070823324978 0.0206018529314313 1.00550325163609 0 0 0">
<Contour name="d03" hidden="false" closed="true" simplified="true" border="0 1 0" fill="0 1 0" mode="9"
 points="3.23246 3.49814,
	3.24511 3.47284,
	3.25776 3.46019,
	3.28307 3.44753,
	3.29572 3.44121,
	3.34632 3.44121,
	3.37163 3.44437,
	3.38111 3.45702,
	3.38428 3.46335,
	3.33367 3.50447,
	3.32102 3.50447,
	3.29572 3.52028,
	3.28307 3.52977,
	3.25776 3.52977,
	3.24511 3.52977,
	3.23878 3.52977,
	3.23246 3.51712,
	3.23246 3.50447,
	3.23246 3.5013,
	"/>
</Transform>

<Transform dim="6"
 xcoef=" 0.0630421550332155 1.01161358043972 -0.0232860853193382 0 0 0"
 ycoef=" -0.167070823324978 0.0206018529314313 1.00550325163609 0 0 0">
<Contour name="d03c16" hidden="false" closed="true" simplified="true" border="1 0 0" fill="1 0 0" mode="9"
 points="2.72334 1.87034,
	2.74291 1.83904,
	2.75465 1.82339,
	2.81725 1.79209,
	2.8329 1.78426,
	2.86421 1.78817,
	2.87203 1.79209,
	2.87203 1.80774,
	2.8329 1.87034,
	2.82117 1.88599,
	2.75856 1.88991,
	2.72726 1.88599,
	2.72334 1.87426,
	"/>
<Contour name="d03cfa16" hidden="false" closed="false" simplified="false" border="0 1 1" fill="0 1 1" mode="9"
 points="2.72636 1.8825,
	2.78114 1.84337,
	2.87114 1.78859,
	"/>
</Transform>

<Transform dim="6"
 xcoef=" 0.0630421550332155 1.01161358043972 -0.0232860853193382 0 0 0"
 ycoef=" -0.167070823324978 0.0206018529314313 1.00550325163609 0 0 0">
<Contour name="d03c20" hidden="false" closed="true" simplified="true" border="1 0 0" fill="1 0 0" mode="9"
 points="3.23477 3.56006,
	3.23932 3.55096,
	3.25751 3.53276,
	3.29164 3.50319,
	3.32803 3.48044,
	3.33713 3.47134,
	3.37353 3.45542,
	3.39173 3.45542,
	3.40083 3.4577,
	3.40993 3.46452,
	3.40765 3.50092,
	3.40765 3.50547,
	3.34851 3.56689,
	3.33941 3.57371,
	3.33486 3.57826,
	3.33031 3.57826,
	3.29391 3.60783,
	3.27571 3.61693,
	3.25751 3.61921,
	3.23932 3.61693,
	3.23477 3.61238,
	3.23477 3.57599,
	3.23477 3.56689,
	3.23477 3.56234,
	"/>
<Contour name="d03cfa20" hidden="false" closed="false" simplified="false" border="0 1 1" fill="0 1 1" mode="9"
 points="3.40437 3.45377,
	3.3202 3.53338,
	3.23148 3.59935,
	"/>
</Transform>

<Transform dim="6"
 xcoef=" 0.0630421550332155 1.01161358043972 -0.0232860853193382 0 0 0"
 ycoef=" -0.167070823324978 0.0206018529314313 1.00550325163609 0 0 0">
<Contour name="d06c16b" hidden="false" closed="true" simplified="true" border="0 1 0" fill="0 1 0" mode="11"
 points="2.19845 6.58264,
	2.22386 6.54875,
	2.24081 6.53181,
	2.24504 6.49792,
	2.24504 6.48945,
	2.2281 6.48945,
	2.21116 6.47674,
	2.21116 6.4598,
	2.21116 6.45133,
	2.2281 6.43438,
	2.29588 6.43015,
	2.31282 6.43015,
	2.31706 6.5657,
	2.30011 6.59958,
	2.26622 6.62924,
	2.24928 6.63771,
	2.21539 6.63771,
	2.20692 6.63771,
	2.19845 6.62924,
	2.19845 6.59535,
	2.19845 6.58688,
	"/>
</Transform>

<Transform dim="6"
 xcoef=" 0.0630421550332155 1.01161358043972 -0.0232860853193382 0 0 0"
 ycoef=" -0.167070823324978 0.0206018529314313 1.00550325163609 0 0 0">
<Contour name="d08" hidden="false" closed="true" simplified="true" border="1 0 0" fill="1 0 0" mode="9"
 points="3.96521 2.69171,
	3.99829 2.62556,
	4.00243 2.5594,
	4.00656 2.52632,
	4.01896 2.49325,
	4.02723 2.47671,
	4.02723 2.41055,
	4.03137 2.37747,
	4.04791 2.36093,
	4.18022 2.30718,
	4.2133 2.29064,
	4.22984 2.27824,
	4.29599 2.2617,
	4.4283 2.25757,
	4.46138 2.2493,
	4.47792 2.2493,
	4.511 2.23689,
	4.54408 2.20381,
	4.56061 2.18728,
	4.59369 2.20381,
	4.61023 2.21208,
	4.61437 2.27824,
	4.61437 2.28651,
	4.62264 2.29478,
	4.68879 2.29478,
	4.70533 2.29478,
	4.73427 2.32372,
	4.73427 2.45603,
	4.73014 2.52219,
	4.7136 2.53873,
	4.70947 2.55527,
	4.68466 2.58421,
	4.66812 2.60075,
	4.63504 2.62142,
	4.6185 2.62142,
	4.61023 2.62142,
	4.59783 2.6545,
	4.57302 2.68758,
	4.56475 2.69585,
	4.55235 2.72893,
	4.55235 2.74547,
	4.55235 2.75373,
	4.53167 2.78681,
	4.51927 2.81989,
	4.51927 2.9522,
	4.511 2.98528,
	4.49032 3.01422,
	4.47379 3.02663,
	4.40763 3.03076,
	4.37455 3.03076,
	4.35801 3.03076,
	4.34974 3.03076,
	4.28359 2.96461,
	4.26705 2.94807,
	4.23397 2.9398,
	4.16781 2.93566,
	4.13474 2.92326,
	4.10579 2.89018,
	4.06031 2.82403,
	4.04791 2.80749,
	4.01483 2.80335,
	3.99829 2.80335,
	3.96521 2.78268,
	3.96521 2.71652,
	3.96521 2.69998,
	3.96521 2.69585,
	"/>
</Transform>

<Transform dim="6"
 xcoef=" 0.0630421550332155 1.01161358043972 -0.0232860853193382 0 0 0"
 ycoef=" -0.167070823324978 0.0206018529314313 1.00550325163609 0 0 0">
<Contour name="d08p21" hidden="false" closed="true" simplified="false" border="1 0.5 0" fill="1 0.5 0" mode="9"
 points="4.4136 2.95833,
	4.4136 2.94919,
	4.42273 2.94006,
	4.43187 2.94006,
	4.441 2.94919,
	4.441 2.95833,
	4.43187 2.96746,
	4.42273 2.96746,
	"/>
</Transform>

<Transform dim="6"
 xcoef=" 0.0630421550332155 1.01161358043972 -0.0232860853193382 0 0 0"
 ycoef=" -0.167070823324978 0.0206018529314313 1.00550325163609 0 0 0">
<Contour name="d08" hidden="false" closed="true" simplified="true" border="1 0 0" fill="1 0 0" mode="9"
 points="4.66299 3.17412,
	4.69496 3.14672,
	4.71323 3.13759,
	4.72236 3.12845,
	4.86851 3.12845,
	4.90505 3.11932,
	4.97812 3.11932,
	4.99639 3.11932,
	5.01009 3.13759,
	5.01466 3.15585,
	5.01009 3.17412,
	4.99182 3.19239,
	4.98269 3.20153,
	4.97812 3.21979,
	4.96442 3.23349,
	4.92788 3.23806,
	4.85938 3.302,
	4.82284 3.32484,
	4.74977 3.32484,
	4.71323 3.32484,
	4.69496 3.32027,
	4.66756 3.28373,
	4.66299 3.21066,
	4.66299 3.17869,
	"/>
</Transform>

<Transform dim="6"
 xcoef=" 0.0630421550332155 1.01161358043972 -0.0232860853193382 0 0 0"
 ycoef=" -0.167070823324978 0.0206018529314313 1.00550325163609 0 0 0">
<Contour name="D05" hidden="false" closed="true" simplified="true" border="1 1 0" fill="1 1 0" mode="11"
 points="2.77026 2.66975,
	2.77193 2.65549,
	2.77676 2.64262,
	2.78428 2.63241,
	2.79377 2.62585,
	2.80428 2.62359,
	2.81479 2.62585,
	2.82427 2.63241,
	2.83179 2.64262,
	2.83662 2.65549,
	2.83829 2.66975,
	2.83662 2.68402,
	2.83179 2.69688,
	2.82427 2.7071,
	2.81479 2.71365,
	2.80428 2.71591,
	2.79377 2.71365,
	2.78428 2.7071,
	2.77676 2.69688,
	"/>
</Transform>

<Transform dim="6"
 xcoef=" 0.0630421550332155 1.01161358043972 -0.0232860853193382 0 0 0"
 ycoef=" -0.167070823324978 0.0206018529314313 1.00550325163609 0 0 0">
<Contour name="D05" hidden="false" closed="true" simplified="true" border="1 1 0" fill="1 1 0" mode="11"
 points="2.91117 2.69648,
	2.91355 2.67996,
	2.92045 2.66506,
	2.9312 2.65324,
	2.94474 2.64565,
	2.95976 2.64303,
	2.97477 2.64565,
	2.98832 2.65324,
	2.99906 2.66506,
	3.00597 2.67996,
	3.00834 2.69648,
	3.00597 2.71299,
	2.99906 2.72789,
	2.98832 2.73971,
	2.97477 2.74731,
	2.95976 2.74992,
	2.94474 2.74731,
	2.9312 2.73971,
	2.92045 2.72789,
	"/>
</Transform>

<Transform dim="6"
 xcoef=" 0.0630421550332155 1.01161358043972 -0.0232860853193382 0 0 0"
 ycoef=" -0.167070823324978 0.0206018529314313 1.00550325163609 0 0 0">
<Contour name="D11" hidden="false" closed="true" simplified="true" border="1 0.5 0" fill="1 0.5 0" mode="11"
 points="5.12677 4.38247,
	5.12855 4.37346,
	5.13373 4.36533,
	5.14179 4.35888,
	5.15195 4.35474,
	5.16321 4.35332,
	5.17447 4.35474,
	5.18463 4.35888,
	5.19269 4.36533,
	5.19787 4.37346,
	5.19965 4.38247,
	5.19787 4.39148,
	5.19269 4.39961,
	5.18463 4.40605,
	5.17447 4.4102,
	5.16321 4.41162,
	5.15195 4.4102,
	5.14179 4.40605,
	5.13373 4.39961,
	"/>
</Transform>

<Transform dim="6"
 xcoef=" 0.0630421550332155 1.01161358043972 -0.0232860853193382 0 0 0"
 ycoef=" -0.167070823324978 0.0206018529314313 1.00550325163609 0 0 0">
<Contour name="D11" hidden="false" closed="true" simplified="true" border="1 0.5 0" fill="1 0.5 0" mode="11"
 points="4.00439 5.17931,
	4.00725 5.15829,
	4.01553 5.13933,
	4.02843 5.12428,
	4.04468 5.11461,
	4.0627 5.11129,
	4.08072 5.11461,
	4.09697 5.12428,
	4.10987 5.13933,
	4.11815 5.15829,
	4.121 5.17931,
	4.11815 5.20033,
	4.10987 5.21929,
	4.09697 5.23434,
	4.08072 5.244,
	4.0627 5.24733,
	4.04468 5.244,
	4.02843 5.23434,
	4.01553 5.21929,
	"/>
</Transform>

<Transform dim="6"
 xcoef=" 0.0630421550332155 1.01161358043972 -0.0232860853193382 0 0 0"
 ycoef=" -0.167070823324978 0.0206018529314313 1.00550325163609 0 0 0">
<Contour name="D11" hidden="false" closed="true" simplified="true" border="1 0.5 0" fill="1 0.5 0" mode="11"
 points="4.87897 4.59626,
	4.88099 4.58124,
	4.88686 4.5677,
	4.896 4.55695,
	4.90751 4.55005,
	4.92027 4.54767,
	4.93303 4.55005,
	4.94455 4.55695,
	4.95368 4.5677,
	4.95955 4.58124,
	4.96157 4.59626,
	4.95955 4.61127,
	4.95368 4.62481,
	4.94455 4.63556,
	4.93303 4.64247,
	4.92027 4.64484,
	4.90751 4.64247,
	4.896 4.63556,
	4.88686 4.62481,
	"/>
</Transform>

<Transform dim="6"
 xcoef=" 0.0630421550332155 1.01161358043972 -0.0232860853193382 0 0 0"
 ycoef=" -0.167070823324978 0.0206018529314313 1.00550325163609 0 0 0">
<Contour name="D14" hidden="false" closed="true" simplified="true" border="1 0 0" fill="1 0 0" mode="11"
 points="4.90327 4.40676,
	4.90624 4.38574,
	4.91486 4.36678,
	4.9283 4.35173,
	4.94523 4.34207,
	4.964 4.33874,
	4.98277 4.34207,
	4.9997 4.35173,
	5.01314 4.36678,
	5.02176 4.38574,
	5.02473 4.40676,
	5.02176 4.42778,
	5.01314 4.44675,
	4.9997 4.4618,
	4.98277 4.47146,
	4.964 4.47479,
	4.94523 4.47146,
	4.9283 4.4618,
	4.91486 4.44675,
	"/>
<Contour name="D14" hidden="false" closed="true" simplified="true" border="1 0 0" fill="1 0 0" mode="11"
 points="5.23852 5.32021,
	5.23959 5.3112,
	5.2427 5.30308,
	5.24753 5.29663,
	5.25363 5.29249,
	5.26039 5.29106,
	5.26714 5.29249,
	5.27324 5.29663,
	5.27807 5.30308,
	5.28118 5.3112,
	5.28225 5.32021,
	5.28118 5.32922,
	5.27807 5.33735,
	5.27324 5.3438,
	5.26714 5.34794,
	5.26039 5.34937,
	5.25363 5.34794,
	5.24753 5.3438,
	5.2427 5.33735,
	"/>
</Transform>

<Transform dim="6"
 xcoef=" 0.0630421550332155 1.01161358043972 -0.0232860853193382 0 0 0"
 ycoef=" -0.167070823324978 0.0206018529314313 1.00550325163609 0 0 0">
<Contour name="D15" hidden="false" closed="true" simplified="true" border="1 1 0" fill="1 1 0" mode="11"
 points="6.36576 5.46355,
	6.37188 5.43338,
	6.38983 5.40536,
	6.41833 5.38147,
	6.45535 5.36342,
	6.49826 5.35248,
	6.54401 5.34943,
	6.58935 5.35449,
	6.63105 5.3673,
	6.66617 5.38696,
	6.69219 5.41205,
	6.70727 5.4408,
	6.71034 5.47117,
	6.70119 5.501,
	6.68045 5.52817,
	6.6496 5.55074,
	6.61085 5.56712,
	6.56693 5.57614,
	6.52098 5.57715,
	6.47625 5.5701,
	6.43593 5.55547,
	6.40288 5.53431,
	6.37944 5.50812,
	"/>
</Transform>

<Transform dim="6"
 xcoef=" 0.0630421550332155 1.01161358043972 -0.0232860853193382 0 0 0"
 ycoef=" -0.167070823324978 0.0206018529314313 1.00550325163609 0 0 0">
<Contour name="D16" hidden="false" closed="true" simplified="true" border="0 0 1" fill="0 0 1" mode="11"
 points="3.08007 3.55957,
	3.08125 3.5478,
	3.08467 3.53718,
	3.08999 3.52876,
	3.0967 3.52335,
	3.10413 3.52148,
	3.11156 3.52335,
	3.11827 3.52876,
	3.12359 3.53718,
	3.12701 3.5478,
	3.12819 3.55957,
	3.12701 3.57134,
	3.12359 3.58196,
	3.11827 3.59039,
	3.11156 3.5958,
	3.10413 3.59766,
	3.0967 3.5958,
	3.08999 3.59039,
	3.08467 3.58196,
	"/>
</Transform>

<Transform dim="6"
 xcoef=" 0.0630421550332155 1.01161358043972 -0.0232860853193382 0 0 0"
 ycoef=" -0.167070823324978 0.0206018529314313 1.00550325163609 0 0 0">
<Contour name="D16" hidden="false" closed="true" simplified="true" border="0 0 1" fill="0 0 1" mode="11"
 points="2.11375 2.09205,
	2.11824 2.06725,
	2.13127 2.04476,
	2.15165 2.02668,
	2.17746 2.01469,
	2.2063 2.00992,
	2.23548 2.01279,
	2.26229 2.02306,
	2.28423 2.03976,
	2.29924 2.06133,
	2.30593 2.08576,
	2.30368 2.11078,
	2.2927 2.13406,
	2.27401 2.15342,
	2.24935 2.16706,
	2.22102 2.17371,
	2.19166 2.17275,
	2.16401 2.16426,
	2.14065 2.14905,
	2.12375 2.12853,
	"/>
</Transform>

<Transform dim="6"
 xcoef=" 0.0630421550332155 1.01161358043972 -0.0232860853193382 0 0 0"
 ycoef=" -0.167070823324978 0.0206018529314313 1.00550325163609 0 0 0">
<Contour name="d06c30" hidden="false" closed="true" simplified="true" border="0 1 0" fill="0 1 0" mode="11"
 points="2.94379 6.97315,
	2.95231 6.96464,
	2.95657 6.96038,
	2.96082 6.96038,
	2.97785 6.94974,
	3.01191 6.9391,
	3.02042 6.93697,
	3.03745 6.92632,
	3.07151 6.91568,
	3.08854 6.91568,
	3.10556 6.91994,
	3.11408 6.92207,
	3.13111 6.93484,
	3.12898 6.95187,
	3.11408 6.96677,
	3.09705 6.97315,
	3.06299 6.97102,
	3.04596 6.96889,
	3.02894 6.97315,
	2.99488 6.99018,
	2.97785 6.99657,
	2.96934 6.99869,
	2.95231 6.99444,
	2.94379 6.98805,
	2.94379 6.97954,
	2.94379 6.97528,
	"/>
<Contour name="d06cfa30" hidden="false" closed="false" simplified="false" border="0 1 1" fill="0 1 1" mode="11"
 points="3.1343 6.93707,
	3.08108 6.93494,
	3.03851 6.94345,
	3.00445 6.95835,
	2.94911 6.97964,
	"/>
</Transform>

<Transform dim="6"
 xcoef=" 0.0630421550332155 1.01161358043972 -0.0232860853193382 0 0 0"
 ycoef=" -0.167070823324978 0.0206018529314313 1.00550325163609 0 0 0">
<Contour name="d06cfa16b" hidden="false" closed="false" simplified="false" border="0 1 1" fill="0 1 1" mode="11"
 points="2.1992 6.62603,
	2.26274 6.5879,
	2.29239 6.53284,
	2.29239 6.4693,
	2.22038 6.43965,
	"/>
<Contour name="d06" hidden="true" closed="true" simplified="true" border="0 0 1" fill="0 0 1" mode="11"
 points="2.16249 6.36486,
	2.16806 6.35371,
	2.17921 6.34256,
	2.18478 6.32027,
	2.182 6.27568,
	2.17364 6.25339,
	2.17364 6.24224,
	2.17921 6.2311,
	2.22101 6.19487,
	2.24331 6.17536,
	2.24888 6.16979,
	2.26003 6.16979,
	2.27953 6.18093,
	2.32412 6.18093,
	2.34641 6.17815,
	2.391 6.16143,
	2.4133 6.14749,
	2.42444 6.13913,
	2.44674 6.13356,
	2.49132 6.13356,
	2.51362 6.13356,
	2.5582 6.15307,
	2.57771 6.167,
	2.58328 6.17815,
	2.59443 6.18651,
	2.63902 6.18651,
	2.66131 6.20044,
	2.67803 6.21716,
	2.69197 6.23946,
	2.69754 6.24503,
	2.69754 6.28962,
	2.69754 6.31191,
	2.71147 6.3342,
	2.71983 6.3565,
	2.72819 6.36764,
	2.72819 6.41223,
	2.72819 6.42338,
	2.73934 6.44567,
	2.74213 6.49026,
	2.73934 6.51255,
	2.73934 6.5237,
	2.72541 6.54321,
	2.71705 6.55435,
	2.71705 6.59894,
	2.71426 6.62124,
	2.70869 6.63238,
	2.69754 6.64074,
	2.69197 6.64632,
	2.66967 6.6491,
	2.64738 6.64074,
	2.63623 6.63238,
	2.62509 6.6296,
	2.6223 6.62681,
	2.58607 6.66304,
	2.56378 6.70484,
	2.54706 6.72713,
	2.51362 6.76336,
	2.49132 6.77729,
	2.44674 6.78008,
	2.42444 6.78008,
	2.41887 6.78565,
	2.32969 6.78286,
	2.3074 6.78008,
	2.29625 6.78008,
	2.25167 6.76336,
	2.22937 6.755,
	2.2238 6.74942,
	2.2015 6.74385,
	2.19036 6.73828,
	2.17921 6.72713,
	2.17364 6.71598,
	2.17364 6.6714,
	2.17364 6.6491,
	2.17642 6.63796,
	2.19872 6.61566,
	2.24331 6.59058,
	2.28511 6.55993,
	2.30461 6.54042,
	2.31297 6.52927,
	2.31019 6.48469,
	2.29068 6.46239,
	2.27953 6.45125,
	2.27117 6.44567,
	2.182 6.44567,
	2.17085 6.44289,
	2.16249 6.43174,
	2.16249 6.38715,
	2.16249 6.36764,
	"/>
</Transform>

<Transform dim="6"
 xcoef=" 0.0630421550332155 1.01161358043972 -0.0232860853193382 0 0 0"
 ycoef=" -0.167070823324978 0.0206018529314313 1.00550325163609 0 0 0">
<Contour name="d06p30" hidden="false" closed="true" simplified="false" border="0 1 1" fill="0 1 1" mode="-13"
 points="3.02776 6.90513,
	3.03769 6.8952,
	2.99798 6.8555,
	3.00791 6.84557,
	3.04761 6.88528,
	3.05754 6.87535,
	3.05754 6.90513,
	"/>
</Transform>

<Transform dim="6"
 xcoef=" 0.0630421550332155 1.01161358043972 -0.0232860853193382 0 0 0"
 ycoef=" -0.167070823324978 0.0206018529314313 1.00550325163609 0 0 0">
<Contour name="d07p22" hidden="false" closed="true" simplified="false" border="0.251 0 0.502" fill="0.251 0 0.502" mode="-13"
 points="4.19407 7.22772,
	4.1767 7.21035,
	4.19407 7.19298,
	4.21144 7.21035,
	"/>
</Transform>

<Transform dim="6"
 xcoef=" 0.0630421550332155 1.01161358043972 -0.0232860853193382 0 0 0"
 ycoef=" -0.167070823324978 0.0206018529314313 1.00550325163609 0 0 0">
<Contour name="d07p23" hidden="false" closed="true" simplified="false" border="1 1 0" fill="1 1 0" mode="-13"
 points="3.79455 7.5131,
	3.79455 7.47339,
	3.75484 7.47339,
	3.75484 7.50813,
	3.74988 7.5131,
	3.74988 7.46843,
	3.79951 7.46843,
	3.79951 7.51806,
	3.74988 7.51806,
	3.75484 7.5131,
	"/>
</Transform>

<Transform dim="6"
 xcoef=" 0.0630421550332155 1.01161358043972 -0.0232860853193382 0 0 0"
 ycoef=" -0.167070823324978 0.0206018529314313 1.00550325163609 0 0 0">
<Contour name="d08p20" hidden="false" closed="true" simplified="false" border="0 1 1" fill="0 1 1" mode="9"
 points="4.10122 2.42032,
	4.10972 2.41182,
	4.0757 2.3778,
	4.08421 2.36929,
	4.11823 2.40331,
	4.12673 2.39481,
	4.12673 2.42032,
	"/>
</Transform>

<Transform dim="6"
 xcoef=" 0.133042155033215 1.01161358043972 -0.0232860853193382 0 0 0"
 ycoef=" -0.0570708233249776 0.0206018529314313 1.00550325163609 0 0 0">
<Contour name="d01p13" hidden="false" closed="true" simplified="false" border="1 0 0.5" fill="1 0 0.5" mode="-13"
 points="5.09854 3.10309,
	5.13771 3.10309,
	5.11812 3.13899,
	"/>
</Transform>

<Transform dim="0"
 xcoef=" 0 1 0 0 0 0"
 ycoef=" 0 0 1 0 0 0">
<Contour name="d06" hidden="true" closed="true" simplified="true" border="0 0 1" fill="0 0 1" mode="11"
 points="2.7828 6.91863,
	2.79329 6.89624,
	2.82544 6.85678,
	2.84434 6.83976,
	2.85209 6.81743,
	2.85158 6.79527,
	2.85132 6.78419,
	2.86183 6.7618,
	2.86714 6.75338,
	2.91024 6.71092,
	2.95366 6.68233,
	2.97537 6.66802,
	2.9915 6.65106,
	3.07796 6.57723,
	3.0996 6.56016,
	3.11043 6.55163,
	3.11305 6.54602,
	3.11856 6.54591,
	3.16203 6.52008,
	3.18381 6.50855,
	3.22761 6.49656,
	3.27166 6.49566,
	3.29369 6.49521,
	3.31585 6.5003,
	3.32705 6.50838,
	3.33275 6.51658,
	3.35496 6.52444,
	3.39902 6.52353,
	3.42105 6.52308,
	3.43206 6.52286,
	3.45102 6.50861,
	3.47292 6.50263,
	3.51697 6.50172,
	3.53657 6.51518,
	3.55354 6.53423,
	3.56192 6.5396,
	3.57344 6.56153,
	3.57395 6.5837,
	3.56857 6.58935,
	3.55762 6.59235,
	3.53592 6.60665,
	3.52509 6.61518,
	3.53937 6.63706,
	3.58412 6.66663,
	3.60116 6.68845,
	3.60673 6.69111,
	3.60499 6.73549,
	3.56465 6.77789,
	3.52142 6.8148,
	3.50247 6.82905,
	3.49165 6.83759,
	3.46982 6.84635,
	3.42589 6.85279,
	3.40385 6.85324,
	3.36006 6.86523,
	3.34123 6.88502,
	3.33573 6.88513,
	3.26611 6.97246,
	3.2444 6.98677,
	3.23633 6.99525,
	3.19228 6.99615,
	3.17025 6.9966,
	3.1593 6.99959,
	3.1538 6.99971,
	3.14841 7.00537,
	3.10468 7.02012,
	3.08284 7.02888,
	2.99486 7.03622,
	2.95081 7.03712,
	2.90649 7.02695,
	2.89542 7.0244,
	2.87301 7.00823,
	2.85323 6.98647,
	2.8086 6.96244,
	2.79745 6.95712,
	2.78894 6.94622,
	2.78331 6.94078,
	2.78286 6.9214,
	"/>
</Transform>

<Transform dim="0"
 xcoef=" 0 1 0 0 0 0"
 ycoef=" 0 0 1 0 0 0">
<Contour name="d01ax14" comment="LK bouton trace named after cfa" hidden="false" closed="true" simplified="true" border="0 1 1" fill="0.502 1 1" mode="-9"
 points="6.83045 4.9192,
	6.83139 4.91546,
	6.83419 4.91172,
	6.84166 4.91079,
	6.85661 4.90518,
	6.87155 4.90332,
	6.87903 4.90238,
	6.88276 4.90238,
	6.88463 4.90051,
	6.88837 4.89958,
	6.89584 4.89491,
	6.90331 4.88837,
	6.90892 4.88183,
	6.91172 4.87809,
	6.91266 4.87436,
	6.91452 4.87249,
	6.91452 4.87062,
	6.91639 4.86969,
	6.922 4.85474,
	6.92387 4.85287,
	6.92667 4.83793,
	6.92667 4.83045,
	6.92667 4.82672,
	6.922 4.81177,
	6.9192 4.79682,
	6.91733 4.79309,
	6.91733 4.76319,
	6.91826 4.75572,
	6.922 4.74825,
	6.92387 4.74544,
	6.93134 4.73891,
	6.94535 4.72956,
	6.9603 4.72863,
	6.97524 4.72956,
	6.97898 4.73143,
	6.98085 4.73143,
	6.98272 4.7333,
	6.98645 4.73424,
	6.9986 4.74918,
	7.00981 4.76226,
	7.01541 4.7688,
	7.01728 4.77254,
	7.01915 4.7744,
	7.01915 4.77627,
	7.03036 4.79122,
	7.05651 4.81551,
	7.06212 4.82204,
	7.06586 4.82578,
	7.06679 4.82952,
	7.06959 4.83325,
	7.07239 4.84073,
	7.07426 4.84446,
	7.07426 4.84633,
	7.07613 4.8482,
	7.07893 4.90799,
	7.07893 4.92293,
	7.07333 4.95282,
	7.07146 4.96777,
	7.06586 4.98272,
	7.06399 4.99019,
	7.06212 4.99112,
	7.06212 4.99299,
	7.05465 5.00047,
	7.04717 5.00607,
	7.03316 5.01448,
	7.02942 5.01728,
	7.01448 5.02289,
	6.99953 5.02382,
	6.98459 5.02102,
	6.96964 5.01635,
	6.96217 5.01261,
	6.9603 5.01261,
	6.95843 5.01074,
	6.95096 5.00794,
	6.94722 5.00514,
	6.94535 5.00514,
	6.93788 5.00047,
	6.93414 4.99766,
	6.9304 4.99673,
	6.92854 4.99486,
	6.91359 4.98926,
	6.91172 4.98739,
	6.89678 4.98365,
	6.88183 4.98178,
	6.87436 4.98085,
	6.87249 4.98178,
	6.86501 4.97898,
	6.86128 4.97805,
	6.85941 4.97805,
	6.85194 4.97244,
	6.8454 4.96497,
	6.84353 4.9575,
	6.84166 4.95376,
	6.84166 4.95002,
	6.83512 4.93508,
	6.83232 4.9276,
	6.83045 4.92387,
	6.83045 4.92013,
	"/>
</Transform>

<Transform dim="0"
 xcoef=" 0 1 0 0 0 0"
 ycoef=" 0 0 1 0 0 0">
<Contour name="ax10" comment="LK bouton trace named after cfa" hidden="false" closed="true" simplified="true" border="0 1 1" fill="0.502 1 1" mode="9"
 points="1.78021 3.7575,
	1.78167 3.75604,
	1.78167 3.75458,
	1.78313 3.75312,
	1.78313 3.75166,
	1.80138 3.7283,
	1.82474 3.70641,
	1.83569 3.69473,
	1.84736 3.68743,
	1.85904 3.68232,
	1.87072 3.6794,
	1.87656 3.67794,
	1.89992 3.66845,
	1.9116 3.66334,
	1.92327 3.65531,
	1.93495 3.64437,
	1.95466 3.62101,
	1.9605 3.61517,
	1.97218 3.60933,
	1.98385 3.60641,
	2.00721 3.6086,
	2.01889 3.60787,
	2.04225 3.60349,
	2.05392 3.59838,
	2.05684 3.59619,
	2.06268 3.59473,
	2.06852 3.59546,
	2.0802 3.59473,
	2.08604 3.59546,
	2.1094 3.59181,
	2.12108 3.59035,
	2.13275 3.59108,
	2.13859 3.59181,
	2.14151 3.59181,
	2.14735 3.594,
	2.15027 3.594,
	2.17363 3.60276,
	2.19698 3.61882,
	2.20793 3.6305,
	2.21231 3.63634,
	2.22545 3.65969,
	2.23202 3.67137,
	2.23202 3.67429,
	2.23421 3.67721,
	2.23567 3.68305,
	2.23567 3.68597,
	2.23713 3.68743,
	2.23932 3.69911,
	2.23932 3.72246,
	2.23932 3.72538,
	2.23786 3.72684,
	2.2364 3.73268,
	2.22983 3.74436,
	2.22545 3.7502,
	2.21377 3.76042,
	2.20793 3.76626,
	2.20209 3.76918,
	2.19042 3.77794,
	2.18458 3.78159,
	2.18166 3.78232,
	2.17582 3.7867,
	2.15246 3.79691,
	2.1291 3.80421,
	2.12326 3.8064,
	2.09991 3.82684,
	2.08823 3.83706,
	2.08531 3.83998,
	2.07363 3.84655,
	2.06195 3.85677,
	2.05684 3.8626,
	2.01013 3.89618,
	1.98677 3.91005,
	1.97583 3.91808,
	1.97145 3.92976,
	1.97072 3.93559,
	1.96999 3.93851,
	1.97145 3.94435,
	1.9824 3.95165,
	1.99407 3.96114,
	1.99845 3.96698,
	2.00137 3.97282,
	2.0021 3.97866,
	2.00064 3.99034,
	1.99918 3.99618,
	1.97583 4.04289,
	1.97072 4.06625,
	1.97583 4.07792,
	1.97802 4.08376,
	1.97802 4.0896,
	1.97437 4.10128,
	1.97218 4.10712,
	1.97145 4.11296,
	1.97291 4.12464,
	1.97364 4.13048,
	1.98094 4.15383,
	1.98969 4.17719,
	1.99261 4.20055,
	1.99334 4.2239,
	1.99115 4.24726,
	1.98604 4.25894,
	1.9824 4.26478,
	1.97072 4.27427,
	1.95904 4.28083,
	1.94736 4.28302,
	1.94152 4.28375,
	1.93568 4.28229,
	1.93276 4.28156,
	1.9313 4.28156,
	1.92035 4.26989,
	1.91451 4.26478,
	1.91087 4.25894,
	1.90576 4.2531,
	1.89846 4.24142,
	1.88678 4.22974,
	1.8751 4.21952,
	1.86926 4.21441,
	1.86634 4.21222,
	1.86561 4.20055,
	1.87218 4.17719,
	1.87583 4.16551,
	1.87583 4.15383,
	1.87729 4.14799,
	1.87729 4.13632,
	1.88167 4.11296,
	1.88897 4.0896,
	1.89043 4.08376,
	1.89335 4.07792,
	1.89481 4.075,
	1.89846 4.05165,
	1.89773 4.03997,
	1.89335 4.03413,
	1.88824 4.02245,
	1.88094 3.9991,
	1.86853 3.95238,
	1.85904 3.92903,
	1.84517 3.90567,
	1.82766 3.88231,
	1.82474 3.87939,
	1.80138 3.86625,
	1.79043 3.85604,
	1.78824 3.85312,
	1.78678 3.84728,
	1.78532 3.84436,
	1.78751 3.83268,
	1.79116 3.821,
	1.79262 3.81516,
	1.79189 3.80932,
	1.78167 3.78597,
	1.78021 3.77429,
	1.78094 3.76845,
	1.78021 3.76261,
	1.78021 3.75969,
	1.78021 3.75823,
	"/>
</Transform>

<Transform dim="6"
 xcoef=" -0.250371530719077 1.09528718603977 0.0152665110142765 0 0 0"
 ycoef=" -0.77523474086974 0.0224438174057423 1.00122696666874 0 0 0">
<Image mag="0.00217507" contrast="1.04834" brightness="0.06" red="true" green="true" blue="true"
 src="FHLTD.128.jpg" />
<Contour name="domain1" hidden="false" closed="true" simplified="false" border="1 0 1" fill="1 0 1" mode="11"
 points="0 0,
	4096 0,
	4096 4096,
	0 4096,
	"/>
</Transform>

<Transform dim="0"
 xcoef=" 0 1 0 0 0 0"
 ycoef=" 0 0 1 0 0 0">
<Contour name="ax15" comment="LK bouton trace named after cfa" hidden="false" closed="true" simplified="true" border="0 1 1" fill="0.502 1 1" mode="9"
 points="3.04144 1.93455,
	3.05212 1.92386,
	3.0735 1.90716,
	3.08419 1.90048,
	3.08953 1.89647,
	3.0922 1.8938,
	3.11358 1.88311,
	3.12427 1.8771,
	3.12694 1.8751,
	3.12828 1.8751,
	3.13095 1.87242,
	3.13629 1.86975,
	3.13897 1.86842,
	3.14097 1.86574,
	3.14631 1.8624,
	3.14899 1.8604,
	3.15166 1.85973,
	3.17303 1.84504,
	3.18372 1.83568,
	3.20376 1.81431,
	3.2218 1.79293,
	3.23783 1.77155,
	3.24184 1.76621,
	3.24451 1.76354,
	3.24585 1.76087,
	3.25052 1.75552,
	3.26589 1.73415,
	3.27323 1.72346,
	3.28192 1.71277,
	3.29194 1.70275,
	3.29728 1.69807,
	3.30797 1.69073,
	3.31331 1.68672,
	3.31999 1.67603,
	3.33068 1.66735,
	3.33336 1.66668,
	3.34404 1.65666,
	3.34538 1.65131,
	3.34939 1.64597,
	3.35206 1.64397,
	3.37344 1.6433,
	3.37878 1.6433,
	3.40016 1.64931,
	3.42153 1.65399,
	3.43222 1.65599,
	3.44291 1.66133,
	3.44825 1.66601,
	3.45026 1.66868,
	3.47163 1.67269,
	3.48232 1.67336,
	3.49301 1.67202,
	3.49835 1.67069,
	3.51973 1.67135,
	3.53042 1.67937,
	3.54111 1.68872,
	3.54712 1.69941,
	3.5538 1.72079,
	3.55513 1.74216,
	3.55647 1.75285,
	3.55714 1.77423,
	3.55647 1.7956,
	3.55447 1.80629,
	3.55313 1.81164,
	3.54845 1.82232,
	3.54511 1.83301,
	3.53576 1.85439,
	3.52374 1.87576,
	3.51773 1.88645,
	3.50102 1.90783,
	3.491 1.91852,
	3.4743 1.93989,
	3.47096 1.94524,
	3.46629 1.95058,
	3.46094 1.96127,
	3.45694 1.97196,
	3.44959 1.98264,
	3.44491 1.98732,
	3.43957 1.99066,
	3.42888 1.99534,
	3.41819 1.99801,
	3.39682 2.00536,
	3.37544 2.01003,
	3.36475 2.01271,
	3.34338 2.01538,
	3.322 2.02072,
	3.30062 2.02941,
	3.28993 2.03475,
	3.28459 2.03742,
	3.2739 2.03876,
	3.25253 2.03809,
	3.23115 2.03408,
	3.22046 2.03141,
	3.19909 2.02273,
	3.1884 2.01805,
	3.17771 2.01471,
	3.17237 2.01271,
	3.15099 2.0087,
	3.14565 2.00669,
	3.1403 2.00669,
	3.12961 2.00402,
	3.11892 2.00001,
	3.10824 1.99467,
	3.09755 1.98532,
	3.09354 1.97997,
	3.09087 1.97463,
	3.08152 1.96461,
	3.07617 1.96394,
	3.0735 1.96394,
	3.06281 1.95993,
	3.05747 1.9586,
	3.04678 1.95125,
	3.04344 1.9459,
	3.04144 1.94056,
	3.04144 1.93522,
	"/>
</Transform>

<Transform dim="0"
 xcoef=" 0 1 0 0 0 0"
 ycoef=" 0 0 1 0 0 0">
<Contour name="D04" hidden="false" closed="true" simplified="true" border="1 0 0" fill="1 0 0" mode="11"
 points="4.03517 6.44841,
	4.03711 6.40959,
	4.04463 6.37149,
	4.05759 6.33495,
	4.0757 6.30078,
	4.09859 6.26971,
	4.12572 6.24242,
	4.1565 6.21951,
	4.1903 6.20148,
	4.22635 6.18872,
	4.26386 6.18151,
	4.30203 6.18001,
	4.34003 6.18425,
	4.37701 6.19414,
	4.41217 6.20946,
	4.44476 6.22988,
	4.47404 6.25494,
	4.4994 6.28411,
	4.52026 6.31676,
	4.53618 6.35216,
	4.54682 6.38954,
	4.55194 6.4281,
	4.55142 6.46697,
	4.54528 6.50534,
	4.53366 6.54233,
	4.5168 6.57718,
	4.49507 6.60909,
	4.46896 6.63738,
	4.43901 6.66144,
	4.40591 6.68073,
	4.37035 6.69483,
	4.33312 6.70345,
	4.29503 6.70639,
	4.25692 6.70358,
	4.21962 6.69508,
	4.18392 6.6811,
	4.15062 6.66192,
	4.12046 6.63796,
	4.09406 6.60976,
	4.07202 6.57792,
	4.05482 6.54315,
	4.04284 6.50618,
	"/>
<Contour name="d07" hidden="true" closed="true" simplified="true" border="1 0 1" fill="1 0 1" mode="9"
 points="5.20968 6.4629,
	5.245 6.43964,
	5.26271 6.43025,
	5.29855 6.42952,
	5.31658 6.43366,
	5.33492 6.45133,
	5.34105 6.52336,
	5.34147 6.54138,
	5.3372 6.55049,
	5.30125 6.54672,
	5.28334 6.54708,
	5.2651 6.53392,
	5.22895 6.52114,
	5.21509 6.50338,
	5.20978 6.46742,
	"/>
<Contour name="d07" hidden="true" closed="true" simplified="true" border="1 0 1" fill="1 0 1" mode="9"
 points="3.44207 7.95119,
	3.58337 7.66419,
	3.60495 7.62768,
	3.61808 7.61388,
	3.68934 7.59438,
	3.72477 7.57561,
	3.7554 7.54342,
	3.77249 7.507,
	3.77656 7.48887,
	3.77042 7.41685,
	3.75615 7.38107,
	3.75532 7.345,
	3.75938 7.32688,
	3.83013 7.28485,
	3.86555 7.26609,
	3.93703 7.2556,
	3.97236 7.23233,
	3.99007 7.22295,
	4.13343 7.22001,
	4.16938 7.22378,
	4.1872 7.21891,
	4.22252 7.19564,
	4.26128 7.1272,
	4.33203 7.08516,
	4.40299 7.05214,
	4.4381 7.01986,
	4.50906 6.98684,
	4.54439 6.96357,
	4.61003 6.89458,
	4.68181 6.89762,
	4.71765 6.89688,
	4.73557 6.89652,
	4.76621 6.86432,
	4.77882 6.82799,
	4.77716 6.75587,
	4.76289 6.72008,
	4.76206 6.68403,
	4.7929 6.66085,
	4.82854 6.6511,
	4.84635 6.64622,
	4.85531 6.64604,
	4.89178 6.67235,
	4.90085 6.67667,
	4.90251 6.74879,
	4.90292 6.76682,
	4.89437 6.78504,
	4.89603 6.85716,
	4.89645 6.87518,
	4.9103 6.89294,
	4.91051 6.90195,
	4.94239 6.92384,
	4.95156 6.93268,
	4.9875 6.93645,
	5.00136 6.9542,
	5.00302 7.02632,
	5.02615 7.05741,
	5.03532 7.06625,
	5.1071 7.06928,
	5.14294 7.06855,
	5.17909 7.08134,
	5.19295 7.09909,
	5.2292 7.11639,
	5.26567 7.1427,
	5.284 7.16036,
	5.3562 7.18143,
	5.42861 7.21151,
	5.44247 7.22926,
	5.44413 7.30138,
	5.4311 7.31969,
	5.35931 7.31665,
	5.3415 7.32152,
	5.32389 7.33541,
	5.25231 7.34139,
	5.18021 7.32483,
	5.14407 7.31204,
	5.10812 7.30826,
	5.09009 7.30413,
	5.05342 7.2688,
	5.01707 7.247,
	4.8737 7.24994,
	4.80202 7.2514,
	4.73085 7.27541,
	4.65927 7.28139,
	4.62343 7.28212,
	4.60551 7.28249,
	4.56925 7.26519,
	4.53258 7.22987,
	4.51445 7.22122,
	4.44121 7.15508,
	4.36953 7.15655,
	4.35182 7.16593,
	4.3167 7.19822,
	4.30358 7.21201,
	4.37212 7.26923,
	4.39535 7.30484,
	4.4015 7.37686,
	4.37097 7.41356,
	4.35377 7.44548,
	4.32314 7.47767,
	4.30542 7.48706,
	4.28792 7.50546,
	4.27083 7.54188,
	4.23571 7.57416,
	4.20029 7.59293,
	4.18257 7.60231,
	4.16507 7.6207,
	4.12964 7.63947,
	4.11193 7.64885,
	3.8251 7.65023,
	3.75342 7.65169,
	3.68235 7.6802,
	3.66079 7.71672,
	3.63108 7.78948,
	3.60503 7.82609,
	3.59648 7.84431,
	3.57898 7.8627,
	3.57533 7.89885,
	3.54563 7.97161,
	3.54157 7.98973,
	3.50634 8.01751,
	3.47061 8.02276,
	3.45248 8.01411,
	3.44331 8.00528,
	3.44248 7.96921,
	3.44217 7.95569,
	"/>
<Contour name="d07cfa22ax18" hidden="false" closed="false" simplified="false" border="0 1 1" fill="0 1 1" mode="9"
 points="5.04169 6.97707,
	5.03901 6.95519,
	5.02519 6.9226,
	4.99206 6.90354,
	4.94364 6.88262,
	4.90809 6.85265,
	4.89183 6.80914,
	4.89939 6.75856,
	"/>
<Contour name="d07cfa22ax18" hidden="false" closed="false" simplified="false" border="0 1 1" fill="0 1 1" mode="9"
 points="5.3668 7.18524,
	5.28773 7.15836,
	5.22792 7.11575,
	5.16593 7.07317,
	5.10885 7.05461,
	"/>
</Transform>

<Transform dim="0"
 xcoef=" 0 1 0 0 0 0"
 ycoef=" 0 0 1 0 0 0">
<Contour name="ax18" comment="LK bouton trace named after cfa" hidden="false" closed="true" simplified="true" border="0 1 1" fill="0.502 1 1" mode="9"
 points="4.80733 6.33491,
	4.81168 6.32498,
	4.81416 6.32002,
	4.82099 6.31009,
	4.82905 6.30017,
	4.83277 6.2952,
	4.8427 6.28527,
	4.86256 6.27038,
	4.86504 6.26976,
	4.86752 6.2679,
	4.87248 6.26604,
	4.88241 6.25611,
	4.88737 6.25239,
	4.90723 6.24432,
	4.91219 6.24308,
	4.91467 6.24122,
	4.9246 6.23874,
	4.92957 6.23812,
	4.93949 6.2344,
	4.95935 6.22943,
	4.9792 6.22757,
	4.99906 6.22695,
	5.00402 6.22757,
	5.02388 6.23812,
	5.0338 6.24494,
	5.05366 6.2648,
	5.06234 6.27473,
	5.0822 6.29396,
	5.09089 6.30389,
	5.10392 6.32374,
	5.10764 6.33367,
	5.11012 6.3436,
	5.11136 6.34856,
	5.11198 6.35104,
	5.1157 6.35601,
	5.13432 6.37586,
	5.15417 6.39448,
	5.17403 6.41061,
	5.18395 6.41867,
	5.1883 6.42364,
	5.19202 6.43356,
	5.19326 6.43853,
	5.19326 6.43977,
	5.19512 6.44225,
	5.19574 6.44473,
	5.20815 6.46459,
	5.21126 6.47451,
	5.21312 6.48444,
	5.21312 6.48941,
	5.21684 6.50926,
	5.2187 6.51919,
	5.22056 6.52167,
	5.22366 6.5316,
	5.22925 6.54152,
	5.23421 6.54587,
	5.23669 6.54835,
	5.24166 6.55021,
	5.24662 6.55393,
	5.25159 6.55642,
	5.26151 6.55704,
	5.28137 6.55517,
	5.28633 6.55331,
	5.29626 6.55207,
	5.30619 6.55207,
	5.31115 6.55393,
	5.31611 6.55704,
	5.33597 6.57689,
	5.33845 6.57813,
	5.34838 6.58806,
	5.35334 6.59302,
	5.36389 6.61288,
	5.36823 6.6228,
	5.36947 6.62777,
	5.37506 6.6377,
	5.38498 6.64638,
	5.39181 6.65631,
	5.39429 6.66127,
	5.40112 6.6712,
	5.41228 6.69106,
	5.41973 6.70098,
	5.43959 6.72022,
	5.44951 6.7258,
	5.46937 6.73201,
	5.47185 6.73325,
	5.48178 6.74131,
	5.50101 6.75931,
	5.51094 6.76737,
	5.5159 6.77172,
	5.519 6.77668,
	5.52149 6.79653,
	5.52211 6.8015,
	5.52397 6.80646,
	5.52707 6.81143,
	5.5432 6.83128,
	5.55623 6.85113,
	5.56678 6.87099,
	5.56864 6.88092,
	5.56926 6.89084,
	5.56802 6.9107,
	5.5643 6.93055,
	5.56182 6.94048,
	5.55437 6.96034,
	5.55065 6.97026,
	5.54817 6.97523,
	5.54506 6.98515,
	5.53576 7.00501,
	5.48984 7.08443,
	5.4644 7.12414,
	5.44827 7.14399,
	5.44021 7.15392,
	5.43028 7.16385,
	5.42035 7.17191,
	5.4005 7.18494,
	5.39057 7.18991,
	5.3856 7.19177,
	5.36575 7.19053,
	5.35582 7.19053,
	5.3459 7.18929,
	5.32604 7.18246,
	5.30619 7.1744,
	5.28633 7.16323,
	5.26648 7.1502,
	5.25655 7.14337,
	5.21684 7.12104,
	5.21188 7.11793,
	5.20939 7.11669,
	5.18954 7.09808,
	5.17961 7.08815,
	5.17465 7.08319,
	5.15479 7.07016,
	5.14983 7.06768,
	5.12997 7.05403,
	5.12501 7.04906,
	5.11508 7.04224,
	5.10516 7.03727,
	5.09523 7.03107,
	5.09027 7.02921,
	5.08034 7.02238,
	5.07041 7.01308,
	5.06545 7.00811,
	5.06048 6.99818,
	5.05738 6.98826,
	5.05366 6.9684,
	5.05118 6.95847,
	5.04621 6.94855,
	5.04311 6.94358,
	5.03815 6.93924,
	4.99844 6.91939,
	4.95873 6.89829,
	4.93887 6.88464,
	4.93391 6.88092,
	4.91654 6.86106,
	4.90723 6.84121,
	4.90289 6.82135,
	4.89978 6.8015,
	4.89854 6.76179,
	4.89792 6.74193,
	4.89792 6.73201,
	4.90102 6.71215,
	4.90289 6.70222,
	4.90413 6.69726,
	4.90537 6.69478,
	4.90475 6.68485,
	4.89978 6.67492,
	4.88117 6.65507,
	4.87124 6.647,
	4.86628 6.64328,
	4.85635 6.63894,
	4.84642 6.63087,
	4.8365 6.62156,
	4.83277 6.6166,
	4.83029 6.61164,
	4.82905 6.60171,
	4.83339 6.59178,
	4.8365 6.58682,
	4.83836 6.58434,
	4.84022 6.57441,
	4.84022 6.57193,
	4.8427 6.56696,
	4.84891 6.54711,
	4.85015 6.54214,
	4.85139 6.53966,
	4.85449 6.51981,
	4.85511 6.50988,
	4.85449 6.49995,
	4.84518 6.46024,
	4.83774 6.44039,
	4.8185 6.40068,
	4.8154 6.39572,
	4.81106 6.38579,
	4.80858 6.37586,
	4.80733 6.36593,
	4.80733 6.34608,
	4.80733 6.33615,
	4.80733 6.33553,
	"/>
</Transform>

<Transform dim="0"
 xcoef=" 0 1 0 0 0 0"
 ycoef=" 0 0 1 0 0 0">
<Contour name="d07cfa23ax19" hidden="false" closed="false" simplified="false" border="0 1 1" fill="0 1 1" mode="9"
 points="3.46989 7.89739,
	3.48645 7.84573,
	3.51833 7.78482,
	3.55246 7.72608,
	3.58438 7.66741,
	"/>
</Transform>

<Transform dim="0"
 xcoef=" 0 1 0 0 0 0"
 ycoef=" 0 0 1 0 0 0">
<Contour name="ax19" comment="LK bouton trace named after cfa" hidden="false" closed="true" simplified="true" border="0 1 1" fill="0.502 1 1" mode="-9"
 points="3.01585 7.92204,
	3.01792 7.91929,
	3.01792 7.91791,
	3.02687 7.90689,
	3.03031 7.90139,
	3.03788 7.87936,
	3.04683 7.85733,
	3.05303 7.84632,
	3.06335 7.83599,
	3.07437 7.83048,
	3.07988 7.82635,
	3.0902 7.81534,
	3.09777 7.80432,
	3.10122 7.79331,
	3.10122 7.79056,
	3.10328 7.78505,
	3.10397 7.77954,
	3.10603 7.77403,
	3.10741 7.76302,
	3.11361 7.74099,
	3.11498 7.73548,
	3.11636 7.73411,
	3.11636 7.73273,
	3.1198 7.72722,
	3.12875 7.70588,
	3.13219 7.70038,
	3.15216 7.67835,
	3.16317 7.66871,
	3.16799 7.6632,
	3.17487 7.65219,
	3.17694 7.64668,
	3.17763 7.63567,
	3.17763 7.63291,
	3.18589 7.61088,
	3.1969 7.58886,
	3.20379 7.57784,
	3.20929 7.56683,
	3.21687 7.55581,
	3.22306 7.5448,
	3.23063 7.53378,
	3.23958 7.52277,
	3.24371 7.51726,
	3.25473 7.50625,
	3.26023 7.5035,
	3.28226 7.48697,
	3.29328 7.47734,
	3.31118 7.45531,
	3.32081 7.44429,
	3.32632 7.43947,
	3.33183 7.43741,
	3.33458 7.43603,
	3.3456 7.43534,
	3.35661 7.43121,
	3.36762 7.42364,
	3.37864 7.41469,
	3.38139 7.41194,
	3.3869 7.40919,
	3.39791 7.40781,
	3.40342 7.4085,
	3.40617 7.40919,
	3.41168 7.41332,
	3.41581 7.41882,
	3.42132 7.42984,
	3.42476 7.44085,
	3.42614 7.44636,
	3.43233 7.45737,
	3.45436 7.47183,
	3.45987 7.47665,
	3.46262 7.4794,
	3.47708 7.50143,
	3.48672 7.51244,
	3.49222 7.51726,
	3.49773 7.52002,
	3.50874 7.52828,
	3.51701 7.53929,
	3.52871 7.56132,
	3.54316 7.58335,
	3.54592 7.58886,
	3.55349 7.59987,
	3.56519 7.6219,
	3.57001 7.63291,
	3.57345 7.64393,
	3.57414 7.64943,
	3.57139 7.66045,
	3.56657 7.67146,
	3.54248 7.71552,
	3.53835 7.72103,
	3.52733 7.74306,
	3.51907 7.76509,
	3.49773 7.80914,
	3.49291 7.82016,
	3.49016 7.82566,
	3.48465 7.84769,
	3.47639 7.86972,
	3.47088 7.89175,
	3.45161 7.93581,
	3.44679 7.94682,
	3.43784 7.95784,
	3.42683 7.96816,
	3.41581 7.97711,
	3.39378 7.98744,
	3.38828 7.98881,
	3.36625 7.98606,
	3.36074 7.98537,
	3.33871 7.97711,
	3.3332 7.97642,
	3.31118 7.97986,
	3.28915 7.9895,
	3.27813 7.99432,
	3.27263 7.99707,
	3.26161 7.99983,
	3.2506 8.00052,
	3.22857 7.99914,
	3.20654 7.99639,
	3.20103 7.9957,
	3.19002 7.99088,
	3.18451 7.98606,
	3.16248 7.97298,
	3.15147 7.96747,
	3.14596 7.96541,
	3.12393 7.96128,
	3.1019 7.95921,
	3.09089 7.95852,
	3.07988 7.95646,
	3.07437 7.95784,
	3.05234 7.95646,
	3.04132 7.95302,
	3.03582 7.95095,
	3.0248 7.94269,
	3.01723 7.93168,
	3.01585 7.92617,
	3.01585 7.92342,
	3.01585 7.92273,
	"/>
</Transform>

<Transform dim="0"
 xcoef=" 0 1 0 0 0 0"
 ycoef=" 0 0 1 0 0 0">
<Contour name="ax29" comment="LK bouton trace named after cfa" hidden="false" closed="true" simplified="true" border="0 1 1" fill="0.502 1 1" mode="9"
 points="0.319522 2.90648,
	0.325551 2.89683,
	0.334594 2.88839,
	0.353887 2.87573,
	0.363533 2.87031,
	0.368356 2.86729,
	0.377399 2.85825,
	0.392471 2.83896,
	0.396691 2.83474,
	0.402117 2.83052,
	0.40272 2.82931,
	0.422012 2.82569,
	0.431658 2.82388,
	0.441305 2.82328,
	0.450951 2.81966,
	0.460597 2.81484,
	0.46542 2.81183,
	0.467831 2.81062,
	0.483506 2.79193,
	0.502799 2.78409,
	0.512445 2.77927,
	0.531737 2.7654,
	0.54078 2.75576,
	0.544397 2.75093,
	0.545603 2.74611,
	0.547412 2.7437,
	0.548618 2.74249,
	0.549221 2.73767,
	0.551029 2.73285,
	0.557058 2.7232,
	0.560072 2.71838,
	0.560675 2.71778,
	0.563087 2.71597,
	0.564293 2.71476,
	0.569116 2.71295,
	0.571527 2.71235,
	0.572733 2.71235,
	0.573939 2.71114,
	0.575144 2.71114,
	0.576953 2.70934,
	0.586599 2.70632,
	0.596245 2.70512,
	0.605891 2.70512,
	0.608303 2.70512,
	0.614332 2.70632,
	0.623978 2.70813,
	0.633624 2.71114,
	0.63483 2.71295,
	0.644476 2.71717,
	0.654122 2.7232,
	0.658945 2.72501,
	0.663768 2.72863,
	0.68306 2.73707,
	0.692707 2.74069,
	0.702353 2.7431,
	0.711999 2.7443,
	0.71441 2.74491,
	0.715616 2.74611,
	0.754201 2.74611,
	0.763847 2.74551,
	0.783139 2.74189,
	0.792785 2.73948,
	0.797608 2.73767,
	0.8169 2.72561,
	0.821723 2.7226,
	0.826546 2.71838,
	0.845839 2.70813,
	0.855485 2.7027,
	0.874777 2.69487,
	0.8796 2.69306,
	0.898892 2.6804,
	0.908539 2.67196,
	0.927831 2.65869,
	0.932654 2.65568,
	0.971238 2.62373,
	0.980884 2.61529,
	0.988722 2.60624,
	0.989928 2.60383,
	1.00922 2.59057,
	1.02851 2.58273,
	1.0478 2.57911,
	1.05745 2.5773,
	1.09603 2.57972,
	1.11533 2.57851,
	1.12497 2.57791,
	1.13462 2.57851,
	1.15391 2.58273,
	1.16356 2.58514,
	1.1732 2.58574,
	1.17803 2.58635,
	1.19732 2.57972,
	1.20697 2.5761,
	1.22626 2.57308,
	1.22867 2.57248,
	1.24796 2.5755,
	1.26725 2.57972,
	1.30584 2.58574,
	1.31548 2.58635,
	1.33478 2.58454,
	1.34442 2.58333,
	1.42159 2.58514,
	1.44088 2.57972,
	1.45053 2.5773,
	1.46018 2.57248,
	1.47947 2.56585,
	1.49876 2.56042,
	1.50841 2.55801,
	1.5277 2.5562,
	1.53735 2.5556,
	1.55664 2.55138,
	1.56628 2.55017,
	1.58558 2.55078,
	1.59522 2.55078,
	1.60487 2.55319,
	1.61451 2.55741,
	1.62416 2.56344,
	1.63381 2.57067,
	1.63863 2.57489,
	1.64104 2.5773,
	1.64285 2.58213,
	1.64406 2.58454,
	1.64586 2.60383,
	1.64647 2.61348,
	1.63742 2.65206,
	1.632 2.67135,
	1.63019 2.681,
	1.632 2.70029,
	1.63381 2.70994,
	1.63441 2.72923,
	1.63441 2.73888,
	1.63441 2.7437,
	1.62898 2.76299,
	1.61994 2.78228,
	1.60969 2.80158,
	1.59643 2.82087,
	1.59522 2.82328,
	1.57774 2.84257,
	1.5699 2.85222,
	1.55181 2.87091,
	1.54217 2.87875,
	1.53252 2.88477,
	1.5277 2.88779,
	1.52529 2.8896,
	1.51564 2.89141,
	1.51082 2.89201,
	1.49153 2.8902,
	1.47223 2.88719,
	1.46259 2.88477,
	1.45776 2.88357,
	1.41918 2.86548,
	1.40953 2.86247,
	1.37095 2.85403,
	1.3613 2.85222,
	1.35648 2.85101,
	1.35407 2.85041,
	1.31548 2.85764,
	1.29619 2.86126,
	1.2769 2.86367,
	1.26725 2.86488,
	1.24796 2.86548,
	1.20938 2.86428,
	1.19008 2.86367,
	1.1515 2.85945,
	1.11292 2.85041,
	1.10809 2.8486,
	1.0888 2.84438,
	1.07915 2.84137,
	1.05986 2.83775,
	1.05022 2.83835,
	1.04057 2.84016,
	1.00199 2.85282,
	0.992339 2.85523,
	0.973047 2.85704,
	0.953755 2.85764,
	0.934462 2.85704,
	0.924816 2.85644,
	0.905524 2.86006,
	0.895878 2.86126,
	0.886232 2.86006,
	0.876586 2.85764,
	0.857294 2.84981,
	0.847647 2.84679,
	0.809063 2.84318,
	0.731894 2.8486,
	0.722248 2.85101,
	0.712602 2.85463,
	0.693309 2.86428,
	0.683663 2.8691,
	0.664371 2.87694,
	0.654725 2.88055,
	0.649902 2.88236,
	0.64749 2.88357,
	0.637844 2.88357,
	0.635433 2.88417,
	0.625787 2.8902,
	0.620964 2.89261,
	0.601671 2.89744,
	0.596848 2.89924,
	0.558264 2.90226,
	0.548618 2.90286,
	0.543795 2.90346,
	0.524502 2.9101,
	0.514856 2.91371,
	0.510033 2.91612,
	0.490741 2.91793,
	0.481095 2.91793,
	0.476272 2.91914,
	0.47386 2.91974,
	0.469037 2.92336,
	0.466626 2.92517,
	0.456377 2.94446,
	0.454568 2.94928,
	0.446128 2.95893,
	0.441305 2.96375,
	0.422012 2.96556,
	0.412366 2.96616,
	0.40272 2.96436,
	0.397897 2.96255,
	0.378605 2.94928,
	0.368959 2.94325,
	0.349666 2.93421,
	0.344843 2.93361,
	0.34002 2.9318,
	0.330374 2.92637,
	0.322537 2.91733,
	0.320125 2.91251,
	0.319522 2.90768,
	0.319522 2.90708,
	"/>
</Transform>

<Transform dim="0"
 xcoef=" 0 1 0 0 0 0"
 ycoef=" 0 0 1 0 0 0">
<Contour name="d03" hidden="false" closed="true" simplified="true" border="0 1 0" fill="0 1 0" mode="9"
 points="4.01876 3.16333,
	4.04013 3.14087,
	4.04615 3.13131,
	4.06752 3.10885,
	4.11688 3.07953,
	4.12923 3.07298,
	4.15372 3.05046,
	4.16608 3.04392,
	4.26609 3.04187,
	4.31659 3.06286,
	4.34181 3.07178,
	4.36405 3.08704,
	4.40882 3.13016,
	4.42189 3.15507,
	4.42516 3.16129,
	4.41607 3.17405,
	4.44536 3.22379,
	4.44964 3.27402,
	4.45022 3.29918,
	4.42013 3.35012,
	4.40501 3.37245,
	4.39266 3.379,
	4.36758 3.37637,
	4.34215 3.35801,
	4.32936 3.3457,
	4.2787 3.31842,
	4.17863 3.31733,
	4.12862 3.31835,
	4.10348 3.31257,
	4.07819 3.30051,
	4.05269 3.27901,
	4.02973 3.2323,
	4.01977 3.20735,
	4.01919 3.18219,
	4.0189 3.16961,
	4.01883 3.16647,
	"/>
<Contour name="D11" hidden="false" closed="true" simplified="true" border="1 0.5 0" fill="1 0.5 0" mode="11"
 points="3.94443 3.97752,
	3.94718 3.94736,
	3.95663 3.91863,
	3.97231 3.89283,
	3.99342 3.87128,
	4.01883 3.85512,
	4.04724 3.84517,
	4.07717 3.84197,
	4.10706 3.84566,
	4.13535 3.85607,
	4.1606 3.87266,
	4.18146 3.89455,
	4.19687 3.92062,
	4.20602 3.94949,
	4.20843 3.9797,
	4.20398 4.00963,
	4.19292 4.03777,
	4.17578 4.06263,
	4.1535 4.08292,
	4.1272 4.0976,
	4.09827 4.10589,
	4.06821 4.10737,
	4.03856 4.10196,
	4.0109 4.08995,
	3.98664 4.07195,
	3.96704 4.0489,
	3.95313 4.02199,
	"/>
<Contour name="D14" hidden="false" closed="true" simplified="true" border="1 0 0" fill="1 0 0" mode="11"
 points="3.94239 3.68038,
	3.94554 3.66389,
	3.95543 3.64887,
	3.9711 3.63678,
	3.99099 3.62883,
	4.01318 3.62578,
	4.0355 3.62792,
	4.05574 3.63505,
	4.07195 3.64648,
	4.08252 3.66109,
	4.08642 3.67743,
	4.08327 3.69392,
	4.07339 3.70894,
	4.05772 3.72102,
	4.03783 3.72897,
	4.01563 3.73203,
	3.99332 3.72988,
	3.97307 3.72275,
	3.95687 3.71133,
	"/>
<Contour name="D14" hidden="false" closed="true" simplified="true" border="1 0 0" fill="1 0 0" mode="11"
 points="3.7844 3.5031,
	3.78581 3.49691,
	3.79019 3.49126,
	3.79709 3.48671,
	3.80587 3.48369,
	3.81564 3.48252,
	3.82545 3.48329,
	3.83435 3.48594,
	3.84147 3.49021,
	3.8461 3.49568,
	3.84779 3.5018,
	3.84638 3.50799,
	3.84201 3.51363,
	3.83509 3.51819,
	3.82633 3.5212,
	3.81656 3.52238,
	3.80674 3.5216,
	3.79783 3.51895,
	3.79073 3.51468,
	"/>
<Contour name="D14" hidden="false" closed="true" simplified="true" border="1 0 0" fill="1 0 0" mode="11"
 points="4.27551 3.48706,
	4.27688 3.47039,
	4.2816 3.45529,
	4.28921 3.44322,
	4.29898 3.43538,
	4.30993 3.43252,
	4.32101 3.43493,
	4.33113 3.44236,
	4.3393 3.4541,
	4.3447 3.469,
	4.34683 3.4856,
	4.34547 3.50225,
	4.34075 3.51736,
	4.33313 3.52943,
	4.32337 3.53727,
	4.31241 3.54013,
	4.30133 3.53773,
	4.29122 3.53029,
	4.28306 3.51854,
	"/>
</Transform>

<Transform dim="0"
 xcoef=" 0 1 0 0 0 0"
 ycoef=" 0 0 1 0 0 0">
<Contour name="ax30" comment="LK bouton trace named after cfa" hidden="false" closed="true" simplified="true" border="0 1 1" fill="0.502 1 1" mode="9"
 points="3.95318 3.59768,
	3.95694 3.58765,
	3.95694 3.58514,
	3.96196 3.57511,
	3.96384 3.5726,
	3.96384 3.57134,
	3.9676 3.56633,
	3.97011 3.56194,
	3.97387 3.55692,
	3.97889 3.54689,
	3.98077 3.54188,
	3.98077 3.54062,
	3.98202 3.54,
	3.98579 3.52996,
	3.98704 3.52871,
	3.99018 3.51868,
	3.99206 3.51366,
	3.99331 3.50363,
	3.99456 3.50112,
	3.99582 3.49109,
	3.9977 3.48607,
	4.00146 3.46601,
	4.00271 3.45598,
	4.00271 3.45096,
	4.00836 3.4309,
	4.01024 3.42588,
	4.01087 3.42337,
	4.01776 3.41334,
	4.02717 3.40456,
	4.0372 3.39955,
	4.04723 3.39641,
	4.05225 3.39516,
	4.06228 3.39516,
	4.07168 3.39641,
	4.0767 3.39767,
	4.07921 3.39767,
	4.08924 3.40331,
	4.09426 3.40645,
	4.09551 3.40645,
	4.10053 3.40958,
	4.10178 3.41083,
	4.10303 3.41083,
	4.11307 3.41648,
	4.1231 3.42024,
	4.13313 3.42275,
	4.15319 3.42337,
	4.15821 3.42337,
	4.16824 3.42087,
	4.1883 3.42149,
	4.19332 3.42212,
	4.19583 3.42212,
	4.20084 3.424,
	4.21025 3.43027,
	4.21965 3.43905,
	4.22216 3.44093,
	4.22342 3.44344,
	4.22592 3.44595,
	4.23219 3.45598,
	4.23345 3.46099,
	4.2347 3.46225,
	4.23596 3.47228,
	4.2347 3.49234,
	4.23407 3.49485,
	4.23282 3.49611,
	4.23219 3.49861,
	4.23219 3.49987,
	4.22028 3.51993,
	4.21276 3.52871,
	4.20461 3.53874,
	4.19646 3.54752,
	4.19144 3.55253,
	4.18956 3.55504,
	4.18705 3.5563,
	4.17702 3.56507,
	4.16761 3.57134,
	4.16385 3.57448,
	4.15884 3.57887,
	4.15633 3.58138,
	4.14442 3.60144,
	4.14191 3.60646,
	4.14003 3.60834,
	4.1394 3.61085,
	4.13752 3.61335,
	4.13564 3.63342,
	4.13501 3.64345,
	4.13313 3.65348,
	4.13188 3.6585,
	4.12999 3.661,
	4.12999 3.66226,
	4.12623 3.66727,
	4.11808 3.67417,
	4.11307 3.67605,
	4.093 3.67605,
	4.08297 3.67543,
	4.07795 3.67543,
	4.03783 3.66602,
	4.03281 3.66477,
	4.02779 3.66477,
	4.01776 3.66289,
	4.01275 3.66226,
	4.01024 3.66226,
	4.00021 3.6585,
	3.9977 3.65787,
	3.99519 3.65599,
	3.98516 3.65223,
	3.98391 3.65097,
	3.9814 3.65035,
	3.97889 3.64846,
	3.97764 3.64846,
	3.97262 3.64408,
	3.97262 3.64282,
	3.96948 3.63906,
	3.96133 3.62965,
	3.95945 3.62715,
	3.9582 3.62589,
	3.9582 3.62464,
	3.95632 3.62213,
	3.95318 3.6121,
	3.95318 3.60207,
	3.95318 3.59956,
	3.95318 3.59831,
	"/>
</Transform>

<Transform dim="0"
 xcoef=" 0 1 0 0 0 0"
 ycoef=" 0 0 1 0 0 0">
<Contour name="d07c22ax18" hidden="true" closed="true" simplified="true" border="0 1 0" fill="0 1 0" mode="9"
 points="5.09667 7.1202,
	5.1091 7.04789,
	5.11475 7.01173,
	5.11814 6.99479,
	5.26276 7.07162,
	5.33506 7.11003,
	5.37122 7.12924,
	5.38026 7.13376,
	5.38365 7.13715,
	5.35879 7.20945,
	5.34636 7.24561,
	5.34297 7.249,
	5.19835 7.20155,
	5.18028 7.1959,
	5.10797 7.13376,
	5.09893 7.12585,
	5.09667 7.12359,
	5.09667 7.12133,
	"/>
<Contour name="d07c22ax18" hidden="true" closed="true" simplified="true" border="0 1 0" fill="0 1 0" mode="9"
 points="4.84924 6.75865,
	4.92155 6.74735,
	4.93058 6.74622,
	4.9351 6.74509,
	4.93962 6.74622,
	4.94979 6.78238,
	4.95431 6.80046,
	4.95657 6.80949,
	5.02888 6.8513,
	5.04696 6.8626,
	5.056 6.86712,
	5.06503 6.87389,
	5.08537 6.91005,
	5.09554 6.92813,
	5.10006 6.93717,
	5.10232 6.94056,
	4.9577 7.03094,
	4.90121 6.95863,
	4.87296 6.92248,
	4.86957 6.91796,
	4.8515 6.77334,
	4.85037 6.7643,
	4.84924 6.75978,
	"/>
</Transform>

<Transform dim="0"
 xcoef=" 0 1 0 0 0 0"
 ycoef=" 0 0 1 0 0 0">
<Contour name="d07c23ax19" hidden="false" closed="true" simplified="true" border="0 1 0" fill="0 1 0" mode="9"
 points="3.43425 7.87416,
	3.49639 7.7479,
	3.52697 7.68477,
	3.54276 7.6532,
	3.5467 7.64531,
	3.5472 7.64433,
	3.57876 7.66356,
	3.59454 7.67293,
	3.60244 7.67737,
	3.60638 7.67984,
	3.60835 7.68132,
	3.54226 7.80758,
	3.50922 7.87071,
	3.49245 7.90228,
	3.4885 7.91017,
	3.48752 7.91165,
	3.45595 7.88995,
	3.44017 7.87909,
	3.43622 7.87614,
	3.43425 7.87466,
	"/>
</Transform>

<Transform dim="0"
 xcoef=" 0 1 0 0 0 0"
 ycoef=" 0 0 1 0 0 0">
<Contour name="ddh_d06ax14a" comment="traced by ddh" hidden="false" closed="true" simplified="true" border="0 1 0" fill="0 1 0" mode="11"
 points="3.63567 5.66322,
	3.63956 5.6494,
	3.64172 5.64594,
	3.64431 5.64378,
	3.64604 5.64205,
	3.65986 5.63601,
	3.66634 5.63255,
	3.6698 5.63125,
	3.67066 5.63039,
	3.67757 5.62737,
	3.70478 5.61225,
	3.70651 5.61182,
	3.70738 5.61095,
	3.71429 5.60879,
	3.71774 5.6075,
	3.71947 5.60706,
	3.72033 5.60706,
	3.7212 5.6062,
	3.72293 5.6062,
	3.72638 5.60491,
	3.72984 5.60447,
	3.7307 5.60361,
	3.73761 5.60188,
	3.74107 5.60145,
	3.74193 5.60059,
	3.74539 5.60015,
	3.7523 5.59799,
	3.75403 5.59799,
	3.76785 5.59367,
	3.78167 5.59324,
	3.7834 5.59324,
	3.78513 5.59411,
	3.78685 5.59411,
	3.79031 5.59627,
	3.79204 5.59713,
	3.79376 5.59886,
	3.79679 5.60059,
	3.79808 5.60231,
	3.79938 5.60577,
	3.79981 5.61959,
	3.79765 5.63341,
	3.79722 5.64724,
	3.79679 5.65069,
	3.79679 5.65155,
	3.79592 5.65242,
	3.79376 5.65933,
	3.79247 5.66106,
	3.79247 5.66192,
	3.7916 5.66279,
	3.79031 5.66624,
	3.78124 5.67963,
	3.77605 5.68525,
	3.76958 5.69173,
	3.76828 5.69302,
	3.76742 5.69302,
	3.76137 5.6982,
	3.75791 5.70123,
	3.75532 5.70339,
	3.74841 5.70728,
	3.74495 5.70857,
	3.74452 5.70944,
	3.74279 5.70987,
	3.7415 5.71116,
	3.73459 5.71419,
	3.72077 5.72196,
	3.71472 5.72585,
	3.71299 5.72671,
	3.71256 5.72758,
	3.71169 5.72758,
	3.70997 5.72887,
	3.7091 5.72974,
	3.70824 5.72974,
	3.70694 5.73103,
	3.70522 5.73146,
	3.70435 5.73233,
	3.70262 5.73276,
	3.7009 5.73406,
	3.69917 5.73449,
	3.6983 5.73535,
	3.69139 5.73622,
	3.68448 5.73535,
	3.68103 5.73492,
	3.67412 5.73276,
	3.67066 5.73103,
	3.66893 5.73103,
	3.66202 5.72715,
	3.66073 5.72628,
	3.659 5.72455,
	3.65727 5.72369,
	3.65079 5.71764,
	3.64604 5.71073,
	3.64474 5.709,
	3.64258 5.70209,
	3.63956 5.68827,
	3.63567 5.67445,
	3.63567 5.66754,
	3.63567 5.66408,
	3.63567 5.66365,
	"/>
</Transform>

<Transform dim="0"
 xcoef=" 0 1 0 0 0 0"
 ycoef=" 0 0 1 0 0 0">
<Contour name="ddh_d06ax14b" comment="traced by ddh" hidden="false" closed="true" simplified="true" border="0 1 1" fill="0 1 1" mode="11"
 points="2.71595 6.10422,
	2.71789 6.09384,
	2.71919 6.07307,
	2.72892 6.03154,
	2.73152 6.02116,
	2.73217 6.01596,
	2.73606 6.01077,
	2.74645 6.00234,
	2.75164 5.99779,
	2.75748 5.98741,
	2.76072 5.98222,
	2.77111 5.97313,
	2.78149 5.96599,
	2.82303 5.94458,
	2.83341 5.94133,
	2.85418 5.93225,
	2.86456 5.92706,
	2.87494 5.91992,
	2.88533 5.91148,
	2.88987 5.90629,
	2.89636 5.8959,
	2.89766 5.89331,
	2.90285 5.88877,
	2.90804 5.88552,
	2.92881 5.87773,
	2.934 5.87449,
	2.94373 5.86411,
	2.95022 5.85372,
	2.95866 5.84334,
	2.96385 5.8388,
	2.97424 5.83295,
	2.98462 5.82387,
	2.98981 5.82127,
	3.00019 5.81868,
	3.02096 5.81673,
	3.02615 5.81608,
	3.03654 5.81024,
	3.04692 5.80051,
	3.05211 5.79661,
	3.0625 5.79142,
	3.07288 5.78818,
	3.09365 5.78558,
	3.13518 5.78688,
	3.14556 5.78688,
	3.15076 5.78688,
	3.15335 5.78688,
	3.16374 5.79337,
	3.16633 5.79596,
	3.17671 5.81673,
	3.17996 5.82711,
	3.17931 5.83231,
	3.17931 5.8349,
	3.17671 5.84009,
	3.16633 5.84853,
	3.15595 5.85502,
	3.14556 5.8654,
	3.13064 5.88617,
	3.11182 5.90694,
	3.10403 5.91732,
	3.08521 5.93809,
	3.07483 5.94588,
	3.05406 5.95561,
	3.04887 5.95691,
	3.0281 5.95756,
	3.00733 5.95691,
	2.99695 5.95886,
	2.99176 5.96015,
	2.98137 5.96859,
	2.97683 5.97313,
	2.97099 5.98352,
	2.96969 5.98481,
	2.9684 5.99001,
	2.9671 6.01077,
	2.96645 6.02116,
	2.96191 6.04192,
	2.95866 6.05231,
	2.95412 6.06269,
	2.95217 6.06788,
	2.94893 6.07307,
	2.94438 6.08346,
	2.93919 6.08865,
	2.92881 6.09449,
	2.92427 6.09968,
	2.92167 6.10228,
	2.92037 6.10228,
	2.90999 6.10877,
	2.8996 6.11331,
	2.87884 6.11526,
	2.85807 6.11201,
	2.8373 6.11396,
	2.82692 6.11785,
	2.82432 6.1185,
	2.82173 6.12045,
	2.82043 6.12045,
	2.81005 6.12953,
	2.80745 6.13213,
	2.80161 6.14251,
	2.79317 6.1529,
	2.78279 6.16198,
	2.77241 6.16912,
	2.76202 6.17366,
	2.75164 6.17496,
	2.74126 6.17496,
	2.73606 6.17107,
	2.73347 6.16912,
	2.72698 6.15874,
	2.71919 6.13797,
	2.71724 6.13278,
	2.71595 6.1224,
	2.71595 6.11201,
	2.71595 6.10682,
	2.71595 6.10487,
	"/>
</Transform>

<Transform dim="0"
 xcoef=" 0 1 0 0 0 0"
 ycoef=" 0 0 1 0 0 0">
<Contour name="ddh_d06ax15" comment="traced by ddh" hidden="false" closed="true" simplified="true" border="1 0.5 0" fill="1 0.5 0" mode="11"
 points="1.55672 8.47318,
	1.55947 8.4688,
	1.5633 8.46441,
	1.56714 8.46113,
	1.57481 8.4529,
	1.58194 8.44578,
	1.58632 8.44194,
	1.58852 8.4403,
	1.59729 8.43701,
	1.60167 8.43536,
	1.60386 8.43536,
	1.60825 8.43372,
	1.61702 8.43207,
	1.62579 8.42933,
	1.62689 8.42933,
	1.62798 8.42824,
	1.63675 8.4255,
	1.64552 8.42166,
	1.65429 8.42111,
	1.67183 8.42276,
	1.67622 8.4233,
	1.67732 8.4233,
	1.67841 8.4244,
	1.68718 8.42659,
	1.69595 8.42714,
	1.69815 8.42714,
	1.70034 8.42824,
	1.71788 8.42824,
	1.72226 8.42769,
	1.72446 8.42659,
	1.72884 8.42659,
	1.73323 8.4255,
	1.73542 8.4255,
	1.73652 8.4255,
	1.73761 8.4244,
	1.742 8.42385,
	1.77708 8.41179,
	1.79462 8.40686,
	1.81216 8.40522,
	1.82093 8.40576,
	1.82531 8.40686,
	1.82751 8.40741,
	1.8286 8.40741,
	1.8308 8.40905,
	1.83189 8.40905,
	1.83573 8.41234,
	1.83847 8.41673,
	1.83902 8.42111,
	1.83737 8.42988,
	1.83683 8.43207,
	1.82586 8.44907,
	1.81874 8.45729,
	1.81654 8.45948,
	1.80777 8.46441,
	1.799 8.46825,
	1.79023 8.47044,
	1.78804 8.47154,
	1.78694 8.47154,
	1.78585 8.47264,
	1.78366 8.47318,
	1.78146 8.47483,
	1.78037 8.47483,
	1.77598 8.47812,
	1.77379 8.47921,
	1.76721 8.48634,
	1.76502 8.49018,
	1.75899 8.4984,
	1.75789 8.50004,
	1.75022 8.50881,
	1.74638 8.5121,
	1.74474 8.51375,
	1.7272 8.51978,
	1.70966 8.52307,
	1.70089 8.52526,
	1.6965 8.52635,
	1.69431 8.5269,
	1.69321 8.5269,
	1.69212 8.528,
	1.67457 8.53129,
	1.67019 8.53238,
	1.65265 8.53293,
	1.64826 8.53184,
	1.63072 8.53129,
	1.62195 8.5291,
	1.61757 8.52745,
	1.61318 8.5269,
	1.60441 8.52416,
	1.60222 8.52307,
	1.60003 8.52307,
	1.59893 8.52197,
	1.59674 8.52197,
	1.59235 8.51923,
	1.59126 8.51923,
	1.59016 8.51813,
	1.58797 8.51758,
	1.58687 8.51649,
	1.58468 8.51594,
	1.57646 8.50991,
	1.5644 8.49292,
	1.5633 8.49073,
	1.56221 8.49018,
	1.56221 8.48908,
	1.55727 8.48031,
	1.55672 8.47593,
	1.55672 8.47373,
	"/>
</Transform>

<Transform dim="0"
 xcoef=" 0 1 0 0 0 0"
 ycoef=" 0 0 1 0 0 0">
<Contour name="ddh_d06ax18" comment="traced by ddh" hidden="false" closed="true" simplified="true" border="1 0 0.5" fill="1 0 0.5" mode="11"
 points="3.551 8.17864,
	3.55255 8.17553,
	3.55411 8.1631,
	3.56188 8.13822,
	3.5751 8.11412,
	3.58131 8.11023,
	3.58442 8.1079,
	3.59686 8.10712,
	3.60308 8.1079,
	3.60619 8.10946,
	3.63107 8.1149,
	3.63728 8.11645,
	3.64039 8.11723,
	3.64661 8.12189,
	3.6505 8.12811,
	3.65128 8.13433,
	3.6505 8.14055,
	3.6435 8.15299,
	3.63806 8.15921,
	3.63417 8.16387,
	3.62562 8.17553,
	3.62018 8.1802,
	3.61707 8.18253,
	3.6163 8.18408,
	3.60386 8.18719,
	3.57898 8.1903,
	3.56654 8.19263,
	3.56033 8.19263,
	3.55411 8.19108,
	3.55177 8.18797,
	3.551 8.18175,
	3.551 8.17942,
	"/>
</Transform>

<Transform dim="0"
 xcoef=" 0 1 0 0 0 0"
 ycoef=" 0 0 1 0 0 0">
<Contour name="ddh_d07ax19" comment="traced by ddh" hidden="false" closed="true" simplified="true" border="0.5 0 1" fill="0.5 0 1" mode="11"
 points="3.06357 7.70863,
	3.06555 7.69281,
	3.07 7.67698,
	3.07198 7.66907,
	3.07346 7.65324,
	3.07396 7.63742,
	3.07297 7.63544,
	3.07247 7.62753,
	3.0705 7.61962,
	3.07148 7.60379,
	3.07346 7.59984,
	3.07445 7.59588,
	3.0789 7.58797,
	3.08039 7.58599,
	3.08236 7.585,
	3.09028 7.56917,
	3.09423 7.56126,
	3.09572 7.55731,
	3.10561 7.54148,
	3.10561 7.54049,
	3.10808 7.53654,
	3.10857 7.53456,
	3.11154 7.5306,
	3.115 7.52269,
	3.11945 7.51478,
	3.12489 7.49895,
	3.13429 7.48313,
	3.13676 7.47917,
	3.13775 7.47719,
	3.14121 7.47324,
	3.14912 7.46829,
	3.15308 7.46631,
	3.16099 7.46434,
	3.16495 7.46285,
	3.17286 7.45642,
	3.20253 7.42477,
	3.20995 7.41686,
	3.23369 7.38521,
	3.23962 7.3773,
	3.24308 7.37334,
	3.24556 7.36939,
	3.24655 7.36741,
	3.25347 7.3595,
	3.26138 7.35208,
	3.26336 7.3501,
	3.26732 7.34812,
	3.27276 7.34021,
	3.27918 7.3323,
	3.28314 7.32884,
	3.29105 7.32537,
	3.29303 7.32537,
	3.30094 7.3318,
	3.30292 7.33329,
	3.3049 7.33724,
	3.30688 7.34516,
	3.30787 7.35307,
	3.30836 7.35702,
	3.31083 7.36494,
	3.31232 7.38076,
	3.31281 7.39659,
	3.31083 7.41241,
	3.31034 7.41637,
	3.30441 7.43219,
	3.30292 7.43615,
	3.29847 7.44406,
	3.28512 7.45989,
	3.28166 7.46384,
	3.27968 7.46532,
	3.27721 7.46928,
	3.27028 7.47719,
	3.26237 7.48511,
	3.25841 7.48906,
	3.24556 7.50489,
	3.23814 7.5123,
	3.23023 7.51873,
	3.22231 7.52318,
	3.21094 7.53901,
	3.20946 7.54099,
	3.20797 7.54494,
	3.20649 7.54692,
	3.20501 7.55088,
	3.19561 7.5667,
	3.19116 7.57461,
	3.18671 7.59044,
	3.18424 7.59835,
	3.17682 7.61418,
	3.17484 7.61813,
	3.17336 7.62011,
	3.17187 7.62407,
	3.16891 7.62802,
	3.16792 7.63,
	3.16396 7.63396,
	3.15605 7.6394,
	3.15209 7.64187,
	3.14962 7.64583,
	3.14616 7.64978,
	3.13627 7.66561,
	3.13429 7.66956,
	3.13132 7.67352,
	3.13033 7.6755,
	3.12242 7.68341,
	3.11451 7.68984,
	3.10709 7.69775,
	3.10066 7.70566,
	3.09967 7.70764,
	3.09572 7.7111,
	3.08929 7.71902,
	3.08138 7.72594,
	3.0794 7.72742,
	3.07742 7.72792,
	3.06951 7.72643,
	3.06506 7.71852,
	3.06357 7.71456,
	3.06357 7.71061,
	3.06357 7.70912,
	"/>
</Transform>

<Transform dim="0"
 xcoef=" 0 1 0 0 0 0"
 ycoef=" 0 0 1 0 0 0">
<Contour name="ddh_d07ax17" comment="traced by ddh" hidden="false" closed="true" simplified="true" border="1 0 0" fill="1 0 0" mode="11"
 points="4.71785 7.42919,
	4.71878 7.42548,
	4.72341 7.41853,
	4.72712 7.41529,
	4.73407 7.41158,
	4.73778 7.41019,
	4.73963 7.40926,
	4.74334 7.4088,
	4.75075 7.40602,
	4.75261 7.40509,
	4.75353 7.40509,
	4.75492 7.4037,
	4.75678 7.40324,
	4.7577 7.40231,
	4.75863 7.40231,
	4.76234 7.39953,
	4.76326 7.39953,
	4.77809 7.39073,
	4.7818 7.38841,
	4.78921 7.38609,
	4.79663 7.38285,
	4.80404 7.38053,
	4.80775 7.37914,
	4.81516 7.37914,
	4.82258 7.38053,
	4.82629 7.38146,
	4.82999 7.38331,
	4.83602 7.39026,
	4.83833 7.39397,
	4.83972 7.39582,
	4.84019 7.39768,
	4.84111 7.3986,
	4.84111 7.39953,
	4.84204 7.40046,
	4.84204 7.40139,
	4.84297 7.40185,
	4.84343 7.4037,
	4.84482 7.40556,
	4.85131 7.42038,
	4.85177 7.42224,
	4.8527 7.42316,
	4.85733 7.43799,
	4.85965 7.44541,
	4.86058 7.44912,
	4.86058 7.45653,
	4.85919 7.46394,
	4.85687 7.47136,
	4.85594 7.47507,
	4.8527 7.48248,
	4.84899 7.49731,
	4.8476 7.50102,
	4.84667 7.50287,
	4.84667 7.5038,
	4.84436 7.5075,
	4.84158 7.51028,
	4.83787 7.51353,
	4.83046 7.5177,
	4.8286 7.51816,
	4.82675 7.51955,
	4.81192 7.52002,
	4.80821 7.52002,
	4.79338 7.51723,
	4.79153 7.51677,
	4.7906 7.51677,
	4.78968 7.51584,
	4.78782 7.51538,
	4.7869 7.51538,
	4.78597 7.51445,
	4.78412 7.51445,
	4.7767 7.51167,
	4.77577 7.51167,
	4.77485 7.51075,
	4.77299 7.51028,
	4.77207 7.51028,
	4.77114 7.50936,
	4.76743 7.50889,
	4.76558 7.50797,
	4.75817 7.50704,
	4.75446 7.50611,
	4.75261 7.50565,
	4.75075 7.50426,
	4.74704 7.50287,
	4.73963 7.49824,
	4.73639 7.49545,
	4.73129 7.4885,
	4.72944 7.48526,
	4.72804 7.48341,
	4.72758 7.48155,
	4.72619 7.4797,
	4.7248 7.47599,
	4.72341 7.46858,
	4.72248 7.46487,
	4.72156 7.46302,
	4.71831 7.44819,
	4.71785 7.43336,
	4.71785 7.42965,
	"/>
</Transform>

<Transform dim="0"
 xcoef=" 0 1 0 0 0 0"
 ycoef=" 0 0 1 0 0 0">
<Contour name="ddh_d07ax21" comment="traced by ddh" hidden="false" closed="true" simplified="true" border="0 1 0" fill="0 1 0" mode="11"
 points="2.34236 7.75384,
	2.34476 7.74742,
	2.34877 7.72175,
	2.35439 7.69608,
	2.35519 7.68966,
	2.3592 7.67683,
	2.36401 7.65116,
	2.36482 7.64474,
	2.36722 7.63833,
	2.36722 7.61266,
	2.36722 7.59982,
	2.36722 7.5934,
	2.37284 7.58057,
	2.37685 7.57415,
	2.38246 7.56773,
	2.3953 7.55891,
	2.40813 7.55329,
	2.42097 7.54607,
	2.42418 7.54447,
	2.42578 7.54287,
	2.42739 7.54287,
	2.43781 7.53003,
	2.44985 7.5172,
	2.46188 7.50677,
	2.4683 7.50196,
	2.49397 7.49634,
	2.5068 7.49313,
	2.51001 7.49072,
	2.51322 7.48992,
	2.52605 7.4827,
	2.55172 7.47227,
	2.56456 7.46746,
	2.59023 7.45543,
	2.60306 7.45543,
	2.6159 7.45784,
	2.62873 7.46185,
	2.64157 7.47067,
	2.65119 7.48351,
	2.65601 7.49634,
	2.6544 7.50917,
	2.65119 7.52201,
	2.64397 7.53484,
	2.62633 7.56051,
	2.62071 7.56693,
	2.6175 7.57014,
	2.61349 7.57656,
	2.60788 7.58297,
	2.59985 7.59581,
	2.59665 7.60223,
	2.59424 7.60544,
	2.59424 7.60704,
	2.59263 7.60864,
	2.59263 7.61025,
	2.59103 7.61185,
	2.59103 7.61346,
	2.58943 7.61506,
	2.58862 7.61827,
	2.58702 7.61988,
	2.58461 7.62629,
	2.58221 7.6295,
	2.5798 7.63592,
	2.57579 7.64234,
	2.57338 7.64875,
	2.56456 7.66159,
	2.55814 7.67442,
	2.54851 7.70009,
	2.5429 7.71293,
	2.52686 7.7386,
	2.52044 7.74501,
	2.5076 7.75223,
	2.48193 7.76026,
	2.4691 7.76186,
	2.46589 7.76186,
	2.45306 7.76667,
	2.42739 7.78272,
	2.40172 7.79234,
	2.38888 7.79234,
	2.37605 7.79074,
	2.36321 7.78753,
	2.35679 7.78593,
	2.35038 7.78191,
	2.34717 7.78031,
	2.34316 7.77389,
	2.34236 7.76106,
	2.34236 7.75464,
	"/>
</Transform>

<Transform dim="0"
 xcoef=" 0 1 0 0 0 0"
 ycoef=" 0 0 1 0 0 0">
<Contour name="ddh_d07ax24" comment="traced by ddh" hidden="false" closed="true" simplified="true" border="1 0.5 0" fill="1 0.5 0" mode="11"
 points="3.62807 8.59176,
	3.62909 8.58972,
	3.6296 8.58157,
	3.6296 8.57953,
	3.63113 8.57545,
	3.63113 8.57341,
	3.63266 8.56933,
	3.63317 8.56729,
	3.63929 8.55914,
	3.64643 8.55098,
	3.64948 8.5469,
	3.65101 8.54282,
	3.65203 8.53467,
	3.65254 8.53059,
	3.65254 8.52855,
	3.65662 8.52039,
	3.65866 8.51631,
	3.67191 8.5,
	3.67497 8.49592,
	3.67803 8.48777,
	3.67956 8.48369,
	3.68211 8.46738,
	3.68466 8.45922,
	3.68517 8.45106,
	3.69282 8.43475,
	3.69485 8.43067,
	3.70148 8.42252,
	3.70352 8.42048,
	3.71168 8.41487,
	3.71983 8.40773,
	3.73615 8.39805,
	3.74379 8.39397,
	3.74787 8.39244,
	3.76418 8.38275,
	3.77795 8.36695,
	3.78101 8.36287,
	3.78203 8.36083,
	3.81414 8.32872,
	3.8223 8.32362,
	3.82434 8.32209,
	3.82842 8.32056,
	3.83657 8.31495,
	3.84065 8.31087,
	3.84473 8.30782,
	3.84677 8.3068,
	3.85085 8.30323,
	3.859 8.29864,
	3.86716 8.29201,
	3.87481 8.28437,
	3.87684 8.28284,
	3.87939 8.27876,
	3.88296 8.27468,
	3.88857 8.26652,
	3.89571 8.25837,
	3.90182 8.25021,
	3.91559 8.2339,
	3.92221 8.22625,
	3.93037 8.21911,
	3.93853 8.213,
	3.94261 8.20994,
	3.95025 8.20178,
	3.95229 8.19974,
	3.96045 8.19465,
	3.9686 8.19108,
	3.97268 8.18955,
	3.97472 8.18802,
	3.99103 8.18394,
	4.00735 8.18343,
	4.01143 8.18343,
	4.01958 8.18547,
	4.02774 8.18649,
	4.03589 8.18853,
	4.03997 8.18904,
	4.04813 8.1921,
	4.05221 8.19312,
	4.05629 8.19516,
	4.05832 8.19668,
	4.05934 8.19668,
	4.0675 8.20127,
	4.06852 8.20127,
	4.07668 8.20841,
	4.08076 8.21198,
	4.08381 8.21606,
	4.08738 8.22421,
	4.08789 8.22625,
	4.08789 8.22727,
	4.08891 8.22778,
	4.08993 8.23594,
	4.08993 8.24002,
	4.08687 8.24817,
	4.08483 8.25225,
	4.0777 8.26041,
	4.06954 8.26805,
	4.06138 8.27417,
	4.05731 8.27774,
	4.05272 8.2859,
	4.05221 8.30221,
	4.05323 8.31036,
	4.05527 8.31852,
	4.06087 8.32668,
	4.06801 8.33483,
	4.07617 8.34299,
	4.07821 8.34503,
	4.08228 8.34758,
	4.09044 8.35421,
	4.10675 8.36542,
	4.11083 8.36746,
	4.12714 8.37918,
	4.1353 8.38479,
	4.13938 8.38734,
	4.14754 8.39448,
	4.15161 8.39856,
	4.15467 8.40263,
	4.15671 8.40671,
	4.15977 8.41079,
	4.16436 8.41844,
	4.16742 8.42659,
	4.16844 8.43067,
	4.16946 8.43169,
	4.16946 8.43577,
	4.17251 8.44393,
	4.17302 8.448,
	4.17506 8.45208,
	4.17812 8.45616,
	4.18016 8.46024,
	4.18322 8.46432,
	4.18781 8.47247,
	4.19902 8.48879,
	4.20463 8.49694,
	4.2133 8.51326,
	4.21534 8.51733,
	4.22043 8.53365,
	4.22145 8.53569,
	4.22298 8.552,
	4.22349 8.56831,
	4.22298 8.57647,
	4.22145 8.58055,
	4.21992 8.5887,
	4.21737 8.59686,
	4.20922 8.61317,
	4.20667 8.61725,
	4.19902 8.6249,
	4.19494 8.62795,
	4.19291 8.62897,
	4.18526 8.63713,
	4.17863 8.64529,
	4.17455 8.65344,
	4.17353 8.65752,
	4.17506 8.67383,
	4.17455 8.69015,
	4.172 8.70646,
	4.16997 8.71462,
	4.16334 8.73093,
	4.15365 8.74724,
	4.13071 8.77987,
	4.12154 8.79618,
	4.11746 8.80434,
	4.11236 8.81249,
	4.10624 8.82065,
	4.0986 8.82881,
	4.09044 8.83543,
	4.08228 8.84053,
	4.04966 8.85786,
	4.03335 8.86704,
	4.02519 8.87163,
	4.01703 8.87724,
	4.00072 8.88641,
	3.99307 8.89151,
	3.99052 8.89508,
	3.98645 8.89865,
	3.98339 8.90272,
	3.97931 8.90578,
	3.963 8.91547,
	3.94668 8.92668,
	3.93853 8.93229,
	3.93037 8.93688,
	3.92221 8.93943,
	3.9059 8.94045,
	3.88959 8.9379,
	3.87328 8.93688,
	3.86512 8.93637,
	3.83249 8.9277,
	3.81618 8.92006,
	3.80802 8.91496,
	3.80599 8.91394,
	3.79834 8.90578,
	3.78763 8.88947,
	3.78305 8.88131,
	3.77234 8.865,
	3.76571 8.85684,
	3.75807 8.84869,
	3.74991 8.84155,
	3.74175 8.83339,
	3.72544 8.81912,
	3.71728 8.81096,
	3.71321 8.80791,
	3.70913 8.80383,
	3.7025 8.79567,
	3.69384 8.77936,
	3.6918 8.7712,
	3.69027 8.76712,
	3.68823 8.75081,
	3.68823 8.7345,
	3.6867 8.71819,
	3.68568 8.71003,
	3.6816 8.70187,
	3.68058 8.69983,
	3.67293 8.69168,
	3.66886 8.68811,
	3.65254 8.67791,
	3.6449 8.66976,
	3.64133 8.66568,
	3.63368 8.64937,
	3.63113 8.64121,
	3.63113 8.63305,
	3.62909 8.61674,
	3.62858 8.60043,
	3.62807 8.59227,
	"/>
</Transform>

<Transform dim="0"
 xcoef=" 0 1 0 0 0 0"
 ycoef=" 0 0 1 0 0 0">
<Contour name="ddh_d08ax14a" comment="traced by ddh" hidden="false" closed="true" simplified="true" border="1 0.5 0" fill="1 0.5 0" mode="11"
 points="4.32197 3.81707,
	4.3254 3.80793,
	4.32997 3.79879,
	4.33282 3.79422,
	4.34196 3.78565,
	4.3511 3.7788,
	4.35339 3.77708,
	4.35453 3.77594,
	4.36367 3.77423,
	4.37281 3.77594,
	4.37737 3.77651,
	4.38194 3.77823,
	4.39108 3.77937,
	4.40936 3.77994,
	4.4185 3.78051,
	4.42764 3.77994,
	4.43678 3.77594,
	4.44591 3.76966,
	4.45505 3.76223,
	4.46134 3.7531,
	4.46476 3.74853,
	4.46933 3.73939,
	4.47504 3.72111,
	4.47447 3.71197,
	4.46819 3.6937,
	4.46705 3.69141,
	4.44877 3.67485,
	4.43963 3.66685,
	4.43506 3.66342,
	4.43049 3.66114,
	4.41222 3.65486,
	4.40308 3.65086,
	4.39851 3.64914,
	4.39394 3.64629,
	4.39165 3.64515,
	4.38651 3.63601,
	4.38366 3.63144,
	4.38252 3.62915,
	4.38309 3.62459,
	4.38594 3.61545,
	4.38766 3.61088,
	4.39051 3.60631,
	4.39165 3.60402,
	4.40879 3.58575,
	4.41279 3.58118,
	4.41564 3.57204,
	4.41621 3.56747,
	4.41564 3.5629,
	4.41621 3.55833,
	4.41507 3.54919,
	4.41393 3.54462,
	4.42021 3.47151,
	4.42307 3.43496,
	4.42992 3.39841,
	4.43449 3.38013,
	4.43849 3.37099,
	4.44877 3.35271,
	4.4522 3.34357,
	4.45619 3.3253,
	4.45791 3.31616,
	4.46076 3.30702,
	4.46076 3.30588,
	4.46248 3.30359,
	4.4659 3.29445,
	4.46705 3.28988,
	4.46933 3.28532,
	4.46933 3.28303,
	4.47219 3.27846,
	4.47847 3.26018,
	4.48018 3.25105,
	4.48075 3.23277,
	4.48018 3.2282,
	4.47847 3.22363,
	4.47733 3.22135,
	4.47733 3.21906,
	4.47561 3.21449,
	4.47276 3.19621,
	4.47105 3.18708,
	4.47105 3.18251,
	4.46933 3.17794,
	4.46933 3.1688,
	4.47047 3.15966,
	4.4699 3.15052,
	4.46362 3.13224,
	4.45905 3.11397,
	4.45277 3.09569,
	4.44877 3.07741,
	4.44591 3.05914,
	4.44534 3.05,
	4.44591 3.04086,
	4.44591 3.03857,
	4.45334 3.0203,
	4.45448 3.01573,
	4.45448 3.00659,
	4.45391 3.00202,
	4.45562 2.99288,
	4.46076 2.98374,
	4.46419 2.97917,
	4.46819 2.97004,
	4.4699 2.9609,
	4.47162 2.95633,
	4.4779 2.94719,
	4.4819 2.94262,
	4.48304 2.94148,
	4.49789 2.90492,
	4.50132 2.89578,
	4.50246 2.89121,
	4.5036 2.88893,
	4.5036 2.88779,
	4.50474 2.88665,
	4.50531 2.88436,
	4.5116 2.87522,
	4.5156 2.87065,
	4.53387 2.85752,
	4.55215 2.85009,
	4.55672 2.84952,
	4.56129 2.84781,
	4.57043 2.84781,
	4.575 2.84781,
	4.58413 2.85009,
	4.58642 2.85123,
	4.5887 2.85123,
	4.59327 2.85295,
	4.59556 2.85352,
	4.6047 2.85866,
	4.61212 2.86723,
	4.61326 2.86951,
	4.61555 2.87065,
	4.61898 2.87522,
	4.62069 2.87979,
	4.62183 2.88893,
	4.62126 2.8935,
	4.61955 2.89807,
	4.60641 2.91635,
	4.60013 2.92548,
	4.59042 2.94376,
	4.57957 2.96204,
	4.57557 2.97118,
	4.57271 2.98032,
	4.56871 2.99859,
	4.56814 3.00316,
	4.55672 3.03972,
	4.55329 3.04886,
	4.54987 3.06713,
	4.54929 3.0717,
	4.54587 3.08084,
	4.53502 3.09912,
	4.53159 3.10826,
	4.53102 3.11739,
	4.53159 3.12653,
	4.53102 3.1311,
	4.53159 3.14024,
	4.53102 3.14938,
	4.53216 3.16766,
	4.53444 3.18593,
	4.53559 3.20421,
	4.53616 3.20878,
	4.53273 3.22706,
	4.52816 3.24533,
	4.52531 3.26361,
	4.52473 3.26818,
	4.52416 3.27047,
	4.52588 3.2796,
	4.52873 3.28874,
	4.53045 3.29331,
	4.5333 3.29788,
	4.53502 3.30245,
	4.5373 3.30474,
	4.53844 3.30702,
	4.53844 3.30816,
	4.54472 3.3173,
	4.54987 3.32644,
	4.55272 3.33101,
	4.55272 3.33329,
	4.55386 3.33558,
	4.55786 3.34015,
	4.563 3.34929,
	4.56928 3.35842,
	4.57671 3.36699,
	4.58585 3.37327,
	4.60355 3.39155,
	4.61441 3.40983,
	4.62297 3.4184,
	4.63211 3.42525,
	4.65039 3.43439,
	4.65953 3.43896,
	4.6641 3.44124,
	4.67209 3.44981,
	4.68466 3.46809,
	4.69551 3.48636,
	4.69894 3.4955,
	4.70808 3.51378,
	4.71893 3.53206,
	4.72807 3.55033,
	4.73264 3.55947,
	4.73663 3.57775,
	4.73835 3.58689,
	4.73835 3.59603,
	4.74806 3.6143,
	4.75263 3.62344,
	4.75377 3.62573,
	4.77148 3.644,
	4.77604 3.648,
	4.78233 3.65714,
	4.78747 3.66628,
	4.78975 3.67085,
	4.79375 3.68913,
	4.79489 3.6937,
	4.79318 3.70283,
	4.78918 3.71197,
	4.78633 3.71654,
	4.78233 3.72054,
	4.77319 3.72568,
	4.75491 3.73025,
	4.73663 3.73368,
	4.73207 3.73539,
	4.7235 3.74282,
	4.72178 3.7451,
	4.71722 3.76338,
	4.71093 3.79993,
	4.70808 3.81821,
	4.70751 3.82735,
	4.70693 3.83192,
	4.70636 3.8342,
	4.70522 3.83534,
	4.70465 3.83991,
	4.69665 3.85819,
	4.67838 3.87247,
	4.67381 3.87532,
	4.67152 3.87761,
	4.66238 3.88218,
	4.65781 3.88561,
	4.65325 3.89017,
	4.64982 3.89474,
	4.64753 3.89703,
	4.64468 3.9016,
	4.64296 3.90388,
	4.64239 3.90617,
	4.64468 3.91531,
	4.6481 3.92444,
	4.65667 3.94272,
	4.65781 3.94501,
	4.65896 3.95414,
	4.65953 3.95871,
	4.65781 3.96785,
	4.65724 3.97242,
	4.6561 3.97471,
	4.64696 3.9827,
	4.64239 3.98385,
	4.63325 3.98327,
	4.62412 3.97928,
	4.61955 3.97585,
	4.60184 3.95757,
	4.59327 3.94843,
	4.59099 3.94615,
	4.58185 3.94215,
	4.56357 3.93644,
	4.55443 3.93358,
	4.53616 3.93016,
	4.53159 3.93187,
	4.52245 3.93701,
	4.51331 3.94044,
	4.49503 3.94444,
	4.45848 3.94843,
	4.4402 3.95129,
	4.42193 3.94843,
	4.41279 3.94672,
	4.4105 3.94615,
	4.40936 3.94615,
	4.39108 3.93187,
	4.37281 3.91416,
	4.36538 3.90502,
	4.3551 3.88675,
	4.3471 3.87761,
	4.33397 3.85933,
	4.33054 3.85476,
	4.32597 3.84562,
	4.32369 3.84105,
	4.32197 3.83192,
	4.32197 3.82278,
	4.32197 3.81821,
	4.32197 3.81764,
	"/>
</Transform>

<Transform dim="0"
 xcoef=" 0 1 0 0 0 0"
 ycoef=" 0 0 1 0 0 0">
<Contour name="ddh_d08ax14b" comment="traced by ddh" hidden="false" closed="true" simplified="true" border="0.5 0 1" fill="0.5 0 1" mode="11"
 points="5.18333 4.29007,
	5.18552 4.28134,
	5.18552 4.28025,
	5.18715 4.27806,
	5.1877 4.27588,
	5.19425 4.26715,
	5.19643 4.26497,
	5.19752 4.26278,
	5.20189 4.25842,
	5.20789 4.24969,
	5.21498 4.24096,
	5.22644 4.2235,
	5.22917 4.21913,
	5.23026 4.21695,
	5.23135 4.2164,
	5.23135 4.21531,
	5.23845 4.20658,
	5.25536 4.19076,
	5.25973 4.18803,
	5.26409 4.18421,
	5.26846 4.18203,
	5.27282 4.17766,
	5.28155 4.17057,
	5.28865 4.16238,
	5.29083 4.1602,
	5.29192 4.15802,
	5.2941 4.15692,
	5.2941 4.15583,
	5.29792 4.15147,
	5.30011 4.14929,
	5.30174 4.14819,
	5.31047 4.1411,
	5.31484 4.13837,
	5.31702 4.13673,
	5.31757 4.13564,
	5.31866 4.13564,
	5.32302 4.13128,
	5.32739 4.128,
	5.33012 4.12364,
	5.33121 4.12146,
	5.33557 4.11709,
	5.33776 4.11273,
	5.3383 4.11054,
	5.34649 4.10236,
	5.35085 4.09854,
	5.35958 4.09363,
	5.39451 4.06143,
	5.40324 4.05434,
	5.41197 4.04943,
	5.4207 4.04342,
	5.43816 4.02978,
	5.45562 4.01396,
	5.46435 4.00686,
	5.46872 4.00359,
	5.47745 3.99486,
	5.49164 3.9774,
	5.49873 3.96867,
	5.50364 3.95994,
	5.50692 3.95557,
	5.51565 3.94684,
	5.51783 3.94466,
	5.51892 3.94357,
	5.52001 3.94357,
	5.52438 3.93975,
	5.53311 3.93484,
	5.54184 3.93156,
	5.55057 3.92993,
	5.55275 3.92938,
	5.55384 3.92829,
	5.5713 3.9272,
	5.58004 3.92611,
	5.5975 3.92556,
	5.61496 3.92611,
	5.61932 3.92556,
	5.63679 3.9272,
	5.64552 3.9272,
	5.64988 3.92774,
	5.66734 3.93374,
	5.67171 3.93647,
	5.67553 3.94084,
	5.6788 3.94957,
	5.68044 3.95393,
	5.68098 3.95612,
	5.67935 3.96485,
	5.67444 3.97358,
	5.67116 3.97794,
	5.66953 3.98013,
	5.65206 3.98831,
	5.64333 3.99213,
	5.63897 3.99377,
	5.6346 3.99431,
	5.62587 3.99377,
	5.61714 3.99431,
	5.60841 3.99704,
	5.60405 3.99923,
	5.59531 4.00686,
	5.58658 4.01341,
	5.58222 4.01614,
	5.57567 4.02433,
	5.57458 4.02542,
	5.57403 4.0276,
	5.57294 4.02869,
	5.57294 4.02978,
	5.56803 4.03851,
	5.5653 4.04288,
	5.55657 4.05052,
	5.54784 4.05598,
	5.53038 4.06471,
	5.52601 4.06689,
	5.52165 4.07016,
	5.50528 4.08762,
	5.50091 4.09035,
	5.484 4.10781,
	5.47745 4.11654,
	5.47418 4.12091,
	5.47199 4.12309,
	5.46326 4.12746,
	5.45453 4.13346,
	5.4458 4.13837,
	5.42834 4.14547,
	5.41961 4.14874,
	5.41524 4.14983,
	5.41251 4.15256,
	5.41142 4.15256,
	5.40269 4.16129,
	5.39396 4.16784,
	5.38523 4.17166,
	5.38087 4.17384,
	5.37977 4.17384,
	5.37868 4.17493,
	5.37759 4.17493,
	5.3765 4.17602,
	5.37541 4.17602,
	5.37323 4.17766,
	5.37213 4.17875,
	5.37104 4.17875,
	5.36395 4.18639,
	5.36122 4.19076,
	5.35304 4.19949,
	5.34485 4.20658,
	5.33612 4.21258,
	5.32739 4.21695,
	5.32302 4.21968,
	5.31429 4.22732,
	5.31211 4.22895,
	5.31102 4.22895,
	5.30229 4.2355,
	5.29792 4.23823,
	5.28919 4.24532,
	5.28483 4.2486,
	5.28264 4.25078,
	5.27391 4.25678,
	5.26955 4.25951,
	5.25372 4.27643,
	5.24554 4.28516,
	5.24117 4.28898,
	5.23244 4.29498,
	5.21498 4.30098,
	5.20625 4.30371,
	5.19752 4.30426,
	5.18879 4.30371,
	5.18442 4.29989,
	5.18442 4.2988,
	5.18333 4.29771,
	5.18333 4.29334,
	5.18333 4.29116,
	5.18333 4.29061,
	"/>
</Transform>

<Transform dim="0"
 xcoef=" 0 1 0 0 0 0"
 ycoef=" 0 0 1 0 0 0">
<Contour name="ddh_d08ax18" comment="traced by ddh" hidden="false" closed="true" simplified="true" border="0 1 1" fill="0 1 1" mode="11"
 points="4.98171 2.55046,
	4.9832 2.54648,
	4.9832 2.5445,
	4.98568 2.54052,
	4.98767 2.53854,
	4.98866 2.53655,
	4.99264 2.53357,
	5.00058 2.53109,
	5.00853 2.53009,
	5.01648 2.52811,
	5.02045 2.52711,
	5.03634 2.51718,
	5.04429 2.51221,
	5.04528 2.51122,
	5.04628 2.51122,
	5.04727 2.51023,
	5.05522 2.50874,
	5.07111 2.50973,
	5.07509 2.51122,
	5.08303 2.51271,
	5.08502 2.51271,
	5.08701 2.5142,
	5.11879 2.52662,
	5.12674 2.53109,
	5.13071 2.53357,
	5.1327 2.53456,
	5.14065 2.54201,
	5.14512 2.54996,
	5.14611 2.55195,
	5.14661 2.55592,
	5.1476 2.55791,
	5.1471 2.5738,
	5.14462 2.58969,
	5.14313 2.59764,
	5.14065 2.60559,
	5.1322 2.62148,
	5.13022 2.62347,
	5.12624 2.62546,
	5.11035 2.62645,
	5.09446 2.62595,
	5.07856 2.62148,
	5.07459 2.61999,
	5.05869 2.60857,
	5.05174 2.60112,
	5.04379 2.59416,
	5.03982 2.59118,
	5.03684 2.5887,
	5.02889 2.58572,
	5.02492 2.58324,
	5.02095 2.58224,
	5.00505 2.57529,
	4.99711 2.57132,
	4.99313 2.56933,
	4.98916 2.56635,
	4.98717 2.56436,
	4.98469 2.56039,
	4.9827 2.5584,
	4.98171 2.55443,
	4.98171 2.55095,
	"/>
</Transform>

</Section>