<?xml version="1.0"?>
<!DOCTYPE Section SYSTEM "section.dtd">

<Section index="151" thickness="0.045" alignLocked="true">
<Transform dim="6"
 xcoef=" 0.175276068322581 1.00825716264578 -0.0267809606108929 0 0 0"
 ycoef=" 0.24328579196274 0.0178847787628444 1.01373276289052 0 0 0">
<Contour name="D05" hidden="false" closed="true" simplified="true" border="1 1 0" fill="1 1 0" mode="11"
 points="2.69299 3.97404,
	2.70475 3.90163,
	2.73888 3.83632,
	2.79205 3.78448,
	2.85904 3.7512,
	2.93329 3.73974,
	3.00755 3.7512,
	3.07454 3.78448,
	3.12771 3.83632,
	3.16184 3.90163,
	3.1736 3.97404,
	3.16184 4.04644,
	3.12771 4.11175,
	3.07454 4.16359,
	3.00755 4.19687,
	2.93329 4.20833,
	2.85904 4.19687,
	2.79205 4.16359,
	2.73888 4.11175,
	"/>
</Transform>

<Transform dim="6"
 xcoef=" 0.0952760683225813 1.00825716264578 -0.0267809606108929 0 0 0"
 ycoef=" -0.17671420803726 0.0178847787628444 1.01373276289052 0 0 0">
<Contour name="d01" hidden="true" closed="true" simplified="true" border="1 0.5 0" fill="1 0.5 0" mode="9"
 points="4.59232 4.38988,
	4.61896 4.34726,
	4.66158 4.32595,
	4.67756 4.24071,
	4.67756 4.23005,
	4.69355 4.20874,
	4.69887 4.19809,
	4.68822 4.17678,
	4.67756 4.16612,
	4.67756 4.1235,
	4.67756 4.10219,
	4.73617 4.02761,
	4.75215 4.0063,
	4.78411 4.03293,
	4.80542 4.03826,
	4.84272 4.02228,
	4.84272 4.00097,
	4.82673 3.98498,
	4.82141 3.96367,
	4.82673 3.92105,
	4.84272 3.90507,
	4.85337 3.90507,
	4.87468 3.88376,
	4.91197 3.85712,
	4.93328 3.84114,
	5.01852 3.83049,
	5.06114 3.8145,
	5.08245 3.80918,
	5.12507 3.77721,
	5.16769 3.7559,
	5.25293 3.69197,
	5.29023 3.65468,
	5.31686 3.61206,
	5.40211 3.59075,
	5.42342 3.58542,
	5.43407 3.57477,
	5.44473 3.57477,
	5.46071 3.55878,
	5.54595 3.55346,
	5.58857 3.56944,
	5.63119 3.55346,
	5.6525 3.5428,
	5.67381 3.52149,
	5.71643 3.51084,
	5.73774 3.50018,
	5.75905 3.50551,
	5.79634 3.54813,
	5.81765 3.53747,
	5.82831 3.53747,
	5.84962 3.55346,
	5.86027 3.55346,
	5.87093 3.56411,
	5.89224 3.56944,
	5.90822 3.61206,
	5.90289 3.65468,
	5.90289 3.66533,
	5.9242 3.68132,
	5.93486 3.69197,
	5.94551 3.69197,
	5.96149 3.71328,
	5.96682 3.7559,
	5.96149 3.84114,
	5.96149 3.88376,
	5.98813 3.92105,
	6.00944 3.93171,
	6.04674 3.969,
	6.06272 4.01162,
	6.06805 4.09686,
	6.06805 4.10752,
	6.04674 4.12883,
	6.00412 4.15547,
	5.91887 4.18743,
	5.87625 4.19276,
	5.85494 4.19276,
	5.81765 4.23005,
	5.79634 4.24603,
	5.78569 4.25669,
	5.76438 4.26202,
	5.72176 4.29931,
	5.68979 4.33127,
	5.64717 4.34193,
	5.60455 4.33127,
	5.58324 4.32062,
	5.57259 4.32595,
	5.52997 4.32062,
	5.44473 4.3366,
	5.40211 4.35258,
	5.31686 4.36857,
	5.27424 4.37922,
	5.23162 4.37922,
	5.14638 4.40053,
	5.12507 4.40586,
	5.11442 4.40586,
	5.10376 4.41651,
	5.09844 4.45913,
	5.09844 4.48044,
	5.06114 4.52306,
	5.03451 4.56568,
	4.99721 4.6083,
	4.97058 4.65092,
	4.94394 4.73617,
	4.90132 4.77346,
	4.8587 4.78944,
	4.83739 4.78411,
	4.84804 4.74149,
	4.84804 4.69887,
	4.85337 4.67756,
	4.83739 4.59232,
	4.87468 4.55503,
	4.89066 4.53905,
	4.90132 4.53372,
	4.89599 4.52306,
	4.87468 4.52306,
	4.85337 4.51241,
	4.83206 4.51241,
	4.81075 4.49643,
	4.78411 4.45913,
	4.74149 4.45381,
	4.69887 4.4325,
	4.65625 4.42717,
	4.63494 4.41119,
	4.59232 4.40586,
	4.59232 4.3952,
	"/>
</Transform>

<Transform dim="6"
 xcoef=" 0.0952760683225813 1.00825716264578 -0.0267809606108929 0 0 0"
 ycoef=" -0.17671420803726 0.0178847787628444 1.01373276289052 0 0 0">
<Contour name="d01" hidden="true" closed="true" simplified="true" border="1 0.5 0" fill="1 0.5 0" mode="9"
 points="5.78036 3.13791,
	5.81232 3.05267,
	5.83363 3.03669,
	5.85494 3.03136,
	5.92953 2.9621,
	5.93486 2.91948,
	5.95617 2.90883,
	5.99879 2.91415,
	6.01477 2.93546,
	6.00944 2.97808,
	5.99879 2.98874,
	5.98813 3.03136,
	5.97748 3.05267,
	5.95617 3.07398,
	5.94018 3.1166,
	5.92953 3.13791,
	5.91887 3.14324,
	5.89756 3.13791,
	5.86027 3.16987,
	5.84429 3.19118,
	5.82831 3.2338,
	5.82831 3.24446,
	5.81765 3.25511,
	5.80167 3.23913,
	5.78569 3.19651,
	5.78036 3.15389,
	5.78036 3.14324,
	"/>
</Transform>

<Transform dim="6"
 xcoef=" 0.0952760683225813 1.00825716264578 -0.0267809606108929 0 0 0"
 ycoef=" -0.17671420803726 0.0178847787628444 1.01373276289052 0 0 0">
<Contour name="d03" hidden="false" closed="true" simplified="true" border="0 1 0" fill="0 1 0" mode="9"
 points="3.2389 2.38295,
	3.26276 2.36356,
	3.26873 2.35909,
	3.29259 2.36207,
	3.30452 2.36356,
	3.31048 2.36356,
	3.3582 2.38146,
	3.38206 2.38593,
	3.40592 2.38742,
	3.42978 2.38593,
	3.4775 2.36804,
	3.48943 2.36356,
	3.50135 2.35611,
	3.52521 2.33672,
	3.54907 2.32032,
	3.59679 2.29497,
	3.62065 2.28155,
	3.66837 2.24725,
	3.68328 2.22488,
	3.70863 2.17716,
	3.7146 2.16523,
	3.72354 2.11751,
	3.72951 2.09366,
	3.72802 2.04594,
	3.70118 1.99822,
	3.68179 1.9505,
	3.68776 1.92664,
	3.69074 1.91471,
	3.69074 1.90875,
	3.7146 1.89831,
	3.72653 1.89383,
	3.75039 1.89532,
	3.76828 1.91769,
	3.77275 1.92366,
	3.77574 1.93559,
	3.77723 1.94155,
	3.82346 1.9669,
	3.87117 1.99524,
	3.8831 2.00418,
	3.90995 2.0519,
	3.9174 2.06383,
	3.95766 2.11155,
	3.98003 2.13541,
	3.99047 2.14734,
	3.99644 2.1533,
	4.0188 2.20102,
	4.04714 2.24874,
	4.0531 2.2726,
	4.05758 2.32032,
	4.05907 2.34418,
	4.05012 2.3919,
	4.03372 2.41576,
	4.02626 2.42769,
	3.98003 2.46497,
	3.95617 2.48435,
	3.90845 2.51716,
	3.89652 2.52611,
	3.89056 2.52909,
	3.86968 2.55295,
	3.85924 2.56488,
	3.85328 2.57084,
	3.82942 2.61856,
	3.82495 2.62452,
	3.77723 2.63795,
	3.72951 2.6454,
	3.71758 2.64689,
	3.70565 2.65137,
	3.65793 2.68119,
	3.63407 2.69759,
	3.62811 2.70058,
	3.62512 2.70207,
	3.6132 2.6961,
	3.60723 2.69312,
	3.51179 2.71847,
	3.48793 2.72593,
	3.44022 2.72444,
	3.42829 2.72294,
	3.40443 2.70505,
	3.35671 2.69759,
	3.35373 2.69759,
	3.3075 2.65882,
	3.28513 2.6111,
	3.2732 2.58724,
	3.26724 2.57532,
	3.2568 2.5276,
	3.25232 2.50374,
	3.24934 2.49181,
	3.25381 2.46795,
	3.24785 2.44409,
	3.24338 2.43216,
	3.2389 2.38444,
	"/>
</Transform>

<Transform dim="6"
 xcoef=" 0.0952760683225813 1.00825716264578 -0.0267809606108929 0 0 0"
 ycoef=" -0.17671420803726 0.0178847787628444 1.01373276289052 0 0 0">
<Contour name="d06" hidden="true" closed="true" simplified="true" border="0 0 1" fill="0 0 1" mode="11"
 points="2.69452 5.73991,
	2.70815 5.71266,
	2.73199 5.68541,
	2.74221 5.67519,
	2.74221 5.56618,
	2.74221 5.53893,
	2.76946 5.51508,
	2.79672 5.51849,
	2.82397 5.53552,
	2.841 5.56277,
	2.85122 5.59003,
	2.85463 5.61728,
	2.87847 5.67178,
	2.88869 5.78079,
	2.88869 5.80804,
	2.88869 5.82167,
	2.88188 5.82848,
	2.85463 5.82848,
	2.82737 5.83529,
	2.77287 5.83189,
	2.74562 5.82848,
	2.71837 5.81485,
	2.70474 5.80123,
	2.69452 5.77398,
	2.69452 5.74672,
	2.69452 5.74332,
	"/>
</Transform>

<Transform dim="6"
 xcoef=" 0.0952760683225813 1.00825716264578 -0.0267809606108929 0 0 0"
 ycoef=" -0.17671420803726 0.0178847787628444 1.01373276289052 0 0 0">
<Contour name="d06c18" hidden="false" closed="true" simplified="true" border="0 1 0" fill="0 1 0" mode="11"
 points="3.4184 7.73905,
	3.43534 7.72211,
	3.46923 7.72211,
	3.49888 7.75176,
	3.51582 7.74752,
	3.52006 7.74329,
	3.537 7.77717,
	3.56666 7.81106,
	3.57936 7.828,
	3.59207 7.86189,
	3.59631 7.92967,
	3.5836 7.94661,
	3.56666 7.94661,
	3.55818 7.94661,
	3.54124 7.92967,
	3.53277 7.92119,
	3.52853 7.88731,
	3.52853 7.87036,
	3.47347 7.80259,
	3.46076 7.78565,
	3.44381 7.78565,
	3.43534 7.78565,
	3.4184 7.7687,
	3.4184 7.75176,
	3.4184 7.74329,
	"/>
<Contour name="d06cfa18" hidden="true" closed="false" simplified="false" border="0 1 1" fill="0 1 1" mode="11"
 points="3.57588 7.94764,
	3.5674 7.89257,
	3.53775 7.8375,
	3.48269 7.77396,
	3.41915 7.73584,
	"/>
</Transform>

<Transform dim="6"
 xcoef=" 0.0952760683225813 1.00825716264578 -0.0267809606108929 0 0 0"
 ycoef=" -0.17671420803726 0.0178847787628444 1.01373276289052 0 0 0">
<Contour name="d06c19" hidden="true" closed="true" simplified="true" border="0 1 0" fill="0 1 0" mode="11"
 points="2.67161 5.65497,
	2.69843 5.60133,
	2.69843 5.57452,
	2.71184 5.5477,
	2.73195 5.52088,
	2.75877 5.49742,
	2.77217 5.50077,
	2.78223 5.52759,
	2.78558 5.63485,
	2.78558 5.68849,
	2.78558 5.7019,
	2.76882 5.72871,
	2.75541 5.73877,
	2.7286 5.73877,
	2.71519 5.73542,
	2.68837 5.7086,
	2.67832 5.69519,
	2.67161 5.68849,
	2.67161 5.66167,
	2.67161 5.65832,
	"/>
<Contour name="d06cfa19" hidden="true" closed="false" simplified="false" border="0 1 1" fill="0 1 1" mode="11"
 points="2.70538 5.72594,
	2.72549 5.70918,
	2.74896 5.68907,
	2.75231 5.6589,
	2.75231 5.62538,
	2.75231 5.56839,
	2.75901 5.52482,
	2.77242 5.498,
	"/>
</Transform>

<Transform dim="6"
 xcoef=" 0.0952760683225813 1.00825716264578 -0.0267809606108929 0 0 0"
 ycoef=" -0.17671420803726 0.0178847787628444 1.01373276289052 0 0 0">
<Contour name="d08" hidden="false" closed="true" simplified="true" border="1 0 0" fill="1 0 0" mode="9"
 points="3.88702 1.53597,
	3.916 1.47801,
	3.93049 1.44903,
	3.93773 1.39107,
	3.96309 1.33673,
	4.01743 1.28601,
	4.04641 1.28601,
	4.0609 1.28601,
	4.07539 1.29326,
	4.08264 1.30775,
	4.08988 1.31499,
	4.14784 1.31499,
	4.17682 1.31499,
	4.2058 1.33311,
	4.21667 1.34035,
	4.27101 1.39107,
	4.32535 1.42367,
	4.33622 1.43816,
	4.33622 1.45265,
	4.37606 1.51061,
	4.39055 1.53959,
	4.40504 1.53959,
	4.43402 1.56495,
	4.44852 1.5722,
	4.50648 1.61929,
	4.52097 1.63016,
	4.53546 1.63378,
	4.56081 1.65551,
	4.57531 1.66276,
	4.60066 1.69174,
	4.60791 1.70623,
	4.66587 1.74608,
	4.69485 1.75695,
	4.72383 1.76057,
	4.73832 1.76057,
	4.7673 1.77868,
	4.79266 1.80766,
	4.80353 1.82215,
	4.80715 1.85113,
	4.80353 1.88011,
	4.78904 1.90909,
	4.77817 1.91996,
	4.72021 1.92358,
	4.66225 1.9417,
	4.54632 1.94532,
	4.51734 1.94532,
	4.45938 1.93083,
	4.40142 1.93083,
	4.37244 1.93083,
	4.31448 1.91272,
	4.2855 1.8946,
	4.22754 1.88736,
	4.19856 1.89098,
	4.16958 1.90185,
	4.11162 1.89823,
	4.09713 1.89098,
	4.08264 1.87649,
	4.06815 1.86925,
	4.03916 1.84389,
	4.01018 1.83664,
	3.9812 1.81128,
	3.95947 1.7823,
	3.95222 1.76781,
	3.90151 1.7171,
	3.89064 1.68812,
	3.88702 1.5722,
	3.88702 1.54321,
	3.88702 1.53959,
	"/>
<Contour name="d08" hidden="false" closed="true" simplified="true" border="1 0 0" fill="1 0 0" mode="9"
 points="4.0935 2.28584,
	4.11886 2.22788,
	4.13697 2.1989,
	4.16233 2.18079,
	4.17682 2.17716,
	4.19131 2.18079,
	4.21667 2.20252,
	4.23116 2.21339,
	4.24565 2.24237,
	4.2529 2.27135,
	4.25652 2.28584,
	4.27101 2.29671,
	4.27463 2.3112,
	4.26739 2.33656,
	4.26739 2.35105,
	4.26376 2.35829,
	4.2058 2.35467,
	4.19131 2.3438,
	4.13335 2.34018,
	4.11886 2.34018,
	4.10437 2.33293,
	4.0935 2.31844,
	4.0935 2.28946,
	"/>
<Contour name="d08" hidden="false" closed="true" simplified="true" border="1 0 0" fill="1 0 0" mode="9"
 points="4.42678 2.65534,
	4.47387 2.59738,
	4.47387 2.5684,
	4.47387 2.55391,
	4.48112 2.53942,
	4.48474 2.53218,
	4.5427 2.5358,
	4.55719 2.53942,
	4.57168 2.55391,
	4.58255 2.58289,
	4.58255 2.64085,
	4.55357 2.65534,
	4.52821 2.68432,
	4.49923 2.69519,
	4.47025 2.69881,
	4.45576 2.70968,
	4.42678 2.70606,
	4.42678 2.67708,
	4.42678 2.66259,
	4.42678 2.65897,
	"/>
</Transform>

<Transform dim="6"
 xcoef=" 0.0952760683225813 1.00825716264578 -0.0267809606108929 0 0 0"
 ycoef=" -0.17671420803726 0.0178847787628444 1.01373276289052 0 0 0">
<Contour name="d08" hidden="false" closed="true" simplified="false" border="1 0 0" fill="1 0 0" mode="9"
 points="3.98886 1.60647,
	3.96146 1.60647,
	3.96146 1.62017,
	3.97516 1.63387,
	4.01626 1.64757,
	3.98886 1.66128,
	3.97516 1.68868,
	3.94776 1.66128,
	3.93405 1.63387,
	3.93405 1.60647,
	3.90665 1.60647,
	3.94776 1.57907,
	"/>
</Transform>

<Transform dim="6"
 xcoef=" 0.0952760683225813 1.00825716264578 -0.0267809606108929 0 0 0"
 ycoef=" -0.17671420803726 0.0178847787628444 1.01373276289052 0 0 0">
<Contour name="d08c24" hidden="false" closed="true" simplified="true" border="1 0 0" fill="0 1 0" mode="9"
 points="4.17471 2.18317,
	4.18497 2.1729,
	4.23972 2.17632,
	4.29105 2.2037,
	4.28079 2.21054,
	4.28421 2.23792,
	4.28421 2.24476,
	4.29447 2.25845,
	4.29447 2.28582,
	4.29447 2.29951,
	4.28421 2.3132,
	4.28421 2.32004,
	4.25683 2.32346,
	4.24315 2.3132,
	4.2363 2.29951,
	4.18497 2.24476,
	4.18155 2.21739,
	4.17471 2.2037,
	4.17471 2.19001,
	4.17471 2.18659,
	"/>
<Contour name="d08cfa24" hidden="false" closed="false" simplified="false" border="0 1 1" fill="0 1 1" mode="9"
 points="4.28501 2.30697,
	4.23711 2.23511,
	4.17551 2.17694,
	"/>
</Transform>

<Transform dim="6"
 xcoef=" 0.0952760683225813 1.00825716264578 -0.0267809606108929 0 0 0"
 ycoef=" -0.17671420803726 0.0178847787628444 1.01373276289052 0 0 0">
<Contour name="D11" hidden="false" closed="true" simplified="true" border="1 0.5 0" fill="1 0.5 0" mode="11"
 points="2.71196 4.47722,
	2.71624 4.43893,
	2.72866 4.40439,
	2.74801 4.37698,
	2.77239 4.35938,
	2.79942 4.35332,
	2.82644 4.35938,
	2.85082 4.37698,
	2.87017 4.40439,
	2.88259 4.43893,
	2.88687 4.47722,
	2.88259 4.5155,
	2.87017 4.55004,
	2.85082 4.57745,
	2.82644 4.59505,
	2.79942 4.60111,
	2.77239 4.59505,
	2.74801 4.57745,
	2.72866 4.55004,
	"/>
</Transform>

<Transform dim="6"
 xcoef=" 0.0952760683225813 1.00825716264578 -0.0267809606108929 0 0 0"
 ycoef=" -0.17671420803726 0.0178847787628444 1.01373276289052 0 0 0">
<Contour name="D14" hidden="false" closed="true" simplified="true" border="1 0 0" fill="1 0 0" mode="11"
 points="3.88778 3.40586,
	3.89052 3.38784,
	3.89845 3.37159,
	3.91081 3.35869,
	3.92639 3.3504,
	3.94366 3.34755,
	3.96092 3.3504,
	3.9765 3.35869,
	3.98886 3.37159,
	3.9968 3.38784,
	3.99953 3.40586,
	3.9968 3.42387,
	3.98886 3.44013,
	3.9765 3.45303,
	3.96092 3.46131,
	3.94366 3.46416,
	3.92639 3.46131,
	3.91081 3.45303,
	3.89845 3.44013,
	"/>
<Contour name="D14" hidden="false" closed="true" simplified="true" border="1 0 0" fill="1 0 0" mode="11"
 points="3.30959 3.0536,
	3.31256 3.04083,
	3.32119 3.02932,
	3.33462 3.02018,
	3.35155 3.01432,
	3.37032 3.0123,
	3.38909 3.01432,
	3.40602 3.02018,
	3.41946 3.02932,
	3.42808 3.04083,
	3.43106 3.0536,
	3.42808 3.06636,
	3.41946 3.07787,
	3.40602 3.08701,
	3.38909 3.09287,
	3.37032 3.0949,
	3.35155 3.09287,
	3.33462 3.08701,
	3.32119 3.07787,
	"/>
</Transform>

<Transform dim="6"
 xcoef=" 0.0952760683225813 1.00825716264578 -0.0267809606108929 0 0 0"
 ycoef=" -0.17671420803726 0.0178847787628444 1.01373276289052 0 0 0">
<Contour name="D14" hidden="false" closed="true" simplified="true" border="1 0 0" fill="1 0 0" mode="11"
 points="4.43682 4.32416,
	4.43766 4.31816,
	4.44007 4.31274,
	4.44383 4.30844,
	4.44857 4.30568,
	4.45383 4.30473,
	4.45908 4.30568,
	4.46382 4.30844,
	4.46759 4.31274,
	4.47 4.31816,
	4.47083 4.32416,
	4.47 4.33017,
	4.46759 4.33559,
	4.46382 4.33989,
	4.45908 4.34265,
	4.45383 4.3436,
	4.44857 4.34265,
	4.44383 4.33989,
	4.44007 4.33559,
	"/>
</Transform>

<Transform dim="6"
 xcoef=" 0.0952760683225813 1.00825716264578 -0.0267809606108929 0 0 0"
 ycoef=" -0.17671420803726 0.0178847787628444 1.01373276289052 0 0 0">
<Contour name="d01p23" hidden="false" closed="true" simplified="false" border="1 1 0" fill="1 1 0" mode="-13"
 points="5.02019 4.48059,
	5.02019 4.42836,
	4.96797 4.42836,
	4.96797 4.47406,
	4.96144 4.48059,
	4.96144 4.42184,
	5.02672 4.42184,
	5.02672 4.48712,
	4.96144 4.48712,
	4.96797 4.48059,
	"/>
</Transform>

<Transform dim="6"
 xcoef=" 0.0952760683225813 1.00825716264578 -0.0267809606108929 0 0 0"
 ycoef=" -0.17671420803726 0.0178847787628444 1.01373276289052 0 0 0">
<Contour name="d06p18" hidden="false" closed="true" simplified="false" border="1 0 0" fill="1 0 0" mode="-13"
 points="3.42977 7.29721,
	3.41488 7.29721,
	3.41488 7.30465,
	3.42232 7.31209,
	3.44466 7.31954,
	3.42977 7.32698,
	3.42232 7.34187,
	3.40743 7.32698,
	3.39999 7.31209,
	3.39999 7.29721,
	3.3851 7.29721,
	3.40743 7.28232,
	"/>
</Transform>

<Transform dim="6"
 xcoef=" 0.0952760683225813 1.00825716264578 -0.0267809606108929 0 0 0"
 ycoef=" -0.17671420803726 0.0178847787628444 1.01373276289052 0 0 0">
<Contour name="d07p25" hidden="false" closed="true" simplified="false" border="1 1 0" fill="1 1 0" mode="-9"
 points="4.31815 7.67936,
	4.31815 7.63965,
	4.27844 7.63965,
	4.27844 7.6744,
	4.27348 7.67936,
	4.27348 7.63469,
	4.32311 7.63469,
	4.32311 7.68432,
	4.27348 7.68432,
	4.27844 7.67936,
	"/>
</Transform>

<Transform dim="6"
 xcoef=" 0.0952760683225813 1.00825716264578 -0.0267809606108929 0 0 0"
 ycoef=" -0.17671420803726 0.0178847787628444 1.01373276289052 0 0 0">
<Contour name="d07p26" hidden="false" closed="true" simplified="false" border="0 0 1" fill="0 0 1" mode="-9"
 points="4.13948 7.86051,
	4.12211 7.84314,
	4.13948 7.82577,
	4.15685 7.84314,
	"/>
</Transform>

<Transform dim="0"
 xcoef=" 0 1 0 0 0 0"
 ycoef=" 0 0 1 0 0 0">
<Contour name="d01ax14" comment="LK bouton trace named after cfa" hidden="false" closed="true" simplified="true" border="0 1 1" fill="0.502 1 1" mode="-9"
 points="6.97132 3.19823,
	6.99029 3.17488,
	7.00488 3.15154,
	7.01655 3.13987,
	7.01947 3.13695,
	7.02531 3.13549,
	7.04865 3.11944,
	7.072 3.10047,
	7.07783 3.09755,
	7.08367 3.09172,
	7.10701 3.08734,
	7.11869 3.08734,
	7.13036 3.09026,
	7.14203 3.10193,
	7.15224 3.12528,
	7.15662 3.13695,
	7.15954 3.14278,
	7.18288 3.16613,
	7.19456 3.17634,
	7.19747 3.18802,
	7.19747 3.21136,
	7.20039 3.2347,
	7.20039 3.25805,
	7.20039 3.26389,
	7.19018 3.28723,
	7.16829 3.30912,
	7.14495 3.32371,
	7.13328 3.33392,
	7.1216 3.34122,
	7.09826 3.36456,
	7.09388 3.3704,
	7.09096 3.37331,
	7.08513 3.39666,
	7.07929 3.40833,
	7.07491 3.41417,
	7.05157 3.42876,
	7.0399 3.43168,
	7.01655 3.43168,
	6.99321 3.41709,
	6.98445 3.40687,
	6.98299 3.38353,
	6.97862 3.36018,
	7.0005 3.31349,
	7.00634 3.29015,
	7.0078 3.28431,
	7.00634 3.27848,
	6.99758 3.2668,
	6.98591 3.25659,
	6.98008 3.25075,
	6.9757 3.23908,
	6.97278 3.23325,
	6.97132 3.2099,
	6.97132 3.19969,
	"/>
</Transform>

<Transform dim="0"
 xcoef=" 0 1 0 0 0 0"
 ycoef=" 0 0 1 0 0 0">
<Contour name="ax03" comment="LK bouton trace named after cfa" hidden="false" closed="true" simplified="false" border="0 1 1" fill="0.502 1 1" mode="9"
 points="4.55074 4.05768,
	4.55534 4.04849,
	4.56223 4.03929,
	4.57143 4.0301,
	4.58062 4.02263,
	4.58522 4.0186,
	4.59441 4.01343,
	4.60361 4.00654,
	4.60821 4.00251,
	4.6105 4.00079,
	4.61568 3.99159,
	4.61797 3.987,
	4.62027 3.9778,
	4.622 3.95941,
	4.62257 3.95482,
	4.62257 3.95252,
	4.6243 3.94792,
	4.62717 3.94332,
	4.63636 3.9347,
	4.64096 3.93183,
	4.65935 3.92781,
	4.67774 3.92666,
	4.68693 3.92723,
	4.69153 3.92838,
	4.69613 3.93068,
	4.70073 3.93413,
	4.70532 3.93643,
	4.70992 3.937,
	4.71452 3.93643,
	4.72371 3.93126,
	4.72601 3.92953,
	4.73521 3.92723,
	4.75359 3.92551,
	4.77198 3.92149,
	4.78118 3.91804,
	4.79957 3.90827,
	4.80876 3.90425,
	4.81796 3.90137,
	4.82715 3.90195,
	4.83175 3.9031,
	4.83635 3.9054,
	4.84554 3.90654,
	4.85014 3.90482,
	4.86853 3.90252,
	4.87772 3.90252,
	4.88002 3.9031,
	4.88347 3.90769,
	4.88289 3.91229,
	4.88002 3.91689,
	4.876 3.92149,
	4.8668 3.92838,
	4.86221 3.93183,
	4.84497 3.94964,
	4.84037 3.95309,
	4.83864 3.95482,
	4.83577 3.96401,
	4.83347 3.96861,
	4.83175 3.97091,
	4.8306 3.9801,
	4.83979 4.01688,
	4.84439 4.03527,
	4.84382 4.05366,
	4.84267 4.06285,
	4.84094 4.06745,
	4.83692 4.07205,
	4.83232 4.07435,
	4.82313 4.0755,
	4.81393 4.0755,
	4.80934 4.07492,
	4.79095 4.06745,
	4.78175 4.06113,
	4.76451 4.04274,
	4.75992 4.03814,
	4.75072 4.03182,
	4.74153 4.02895,
	4.73693 4.0278,
	4.72774 4.0278,
	4.71912 4.03699,
	4.68234 4.06573,
	4.67314 4.0732,
	4.66855 4.07664,
	4.66625 4.07894,
	4.64786 4.08986,
	4.63866 4.09273,
	4.62027 4.09503,
	4.60188 4.09906,
	4.59269 4.09906,
	4.58809 4.09906,
	4.5789 4.09503,
	4.5743 4.09388,
	4.56511 4.08871,
	4.56051 4.08469,
	4.55476 4.0755,
	4.55131 4.0663,
	4.55074 4.0617,
	4.55074 4.0594,
	4.55074 4.05826,
	"/>
</Transform>

<Transform dim="0"
 xcoef=" 0 1 0 0 0 0"
 ycoef=" 0 0 1 0 0 0">
<Contour name="ax10" comment="LK bouton trace named after cfa" hidden="false" closed="true" simplified="true" border="0 1 1" fill="0.502 1 1" mode="9"
 points="1.54279 2.40746,
	1.55858 2.39364,
	1.56648 2.38871,
	1.59806 2.38574,
	1.61386 2.38574,
	1.62965 2.39265,
	1.6336 2.39463,
	1.64939 2.40943,
	1.65531 2.41733,
	1.65926 2.42029,
	1.69282 2.48346,
	1.70171 2.49926,
	1.70565 2.50715,
	1.70862 2.53874,
	1.7096 2.55453,
	1.7096 2.56243,
	1.71158 2.57033,
	1.71849 2.58612,
	1.73132 2.60191,
	1.73921 2.60685,
	1.74514 2.61474,
	1.75994 2.64633,
	1.76883 2.66212,
	1.77968 2.67792,
	1.78265 2.68187,
	1.78265 2.68384,
	1.78561 2.68779,
	1.79054 2.70358,
	1.79252 2.71148,
	1.79252 2.72727,
	1.78659 2.75886,
	1.78462 2.77465,
	1.77968 2.79044,
	1.77574 2.79834,
	1.76883 2.80624,
	1.75303 2.81117,
	1.73724 2.8092,
	1.72145 2.80525,
	1.71355 2.80327,
	1.7096 2.8013,
	1.67802 2.77169,
	1.6484 2.74109,
	1.64051 2.73319,
	1.63557 2.7253,
	1.62175 2.7095,
	1.61978 2.70555,
	1.61781 2.68976,
	1.61781 2.67397,
	1.61781 2.67002,
	1.61188 2.65423,
	1.60892 2.64633,
	1.60596 2.64238,
	1.603 2.63449,
	1.60201 2.63054,
	1.60201 2.62856,
	1.60004 2.62659,
	1.5951 2.6108,
	1.59313 2.595,
	1.59115 2.58711,
	1.58918 2.55552,
	1.58622 2.53973,
	1.58128 2.52393,
	1.5724 2.50814,
	1.56549 2.49235,
	1.56352 2.47655,
	1.56253 2.46866,
	1.55858 2.46076,
	1.55661 2.45681,
	1.5497 2.44892,
	1.54575 2.44102,
	1.54279 2.42523,
	1.54279 2.40943,
	1.54279 2.40845,
	"/>
</Transform>

<Transform dim="0"
 xcoef=" 0 1 0 0 0 0"
 ycoef=" 0 0 1 0 0 0">
<Contour name="ax10" comment="LK bouton trace named after cfa" hidden="false" closed="true" simplified="true" border="0 1 1" fill="0.502 1 1" mode="9"
 points="1.93651 3.11371,
	"/>
<Contour name="ax10" comment="LK bouton trace named after cfa" hidden="false" closed="true" simplified="true" border="0 1 1" fill="0.502 1 1" mode="9"
 points="1.93849 3.10976,
	1.97402 3.04659,
	1.98389 3.0308,
	1.99968 3.01698,
	2.01548 3.01106,
	2.02337 3.00908,
	2.03917 3.01303,
	2.05496 3.02093,
	2.07075 3.03277,
	2.08852 3.06436,
	2.09247 3.07226,
	2.15564 3.092,
	2.17143 3.09792,
	2.17933 3.10187,
	2.20697 3.13345,
	2.23855 3.13938,
	2.25435 3.14333,
	2.28593 3.15714,
	2.30173 3.16504,
	2.33331 3.17294,
	2.3649 3.17294,
	2.38069 3.17096,
	2.38859 3.16701,
	2.42018 3.16307,
	2.43597 3.16307,
	2.45176 3.16899,
	2.46755 3.17886,
	2.47545 3.18281,
	2.48927 3.19663,
	2.49519 3.21242,
	2.49717 3.22821,
	2.4873 3.24401,
	2.4715 3.2598,
	2.43992 3.28546,
	2.4261 3.30126,
	2.40833 3.33284,
	2.39846 3.34864,
	2.36687 3.3743,
	2.35108 3.38417,
	2.31949 3.41576,
	2.3037 3.43155,
	2.2958 3.43945,
	2.26422 3.45326,
	2.24843 3.45919,
	2.24053 3.45919,
	2.17736 3.48485,
	2.14577 3.49472,
	2.12998 3.49472,
	2.09839 3.48682,
	2.09049 3.48288,
	2.07865 3.47301,
	2.07075 3.46511,
	2.07075 3.46116,
	2.05496 3.44537,
	2.04311 3.43155,
	2.01153 3.40589,
	1.99574 3.39207,
	1.97402 3.36048,
	1.96612 3.34666,
	1.9602 3.33876,
	1.95823 3.33087,
	1.95428 3.32692,
	1.95428 3.32297,
	1.94836 3.31508,
	1.94638 3.30718,
	1.92861 3.27559,
	1.92467 3.2677,
	1.92269 3.2519,
	1.91874 3.24401,
	1.91677 3.18083,
	1.91677 3.17294,
	1.92269 3.15714,
	1.92467 3.14135,
	1.93059 3.12556,
	"/>
</Transform>

<Transform dim="0"
 xcoef=" 0 1 0 0 0 0"
 ycoef=" 0 0 1 0 0 0">
<Contour name="d03" hidden="false" closed="true" simplified="true" border="0 1 0" fill="0 1 0" mode="9"
 points="3.01492 2.74196,
	3.024 2.72931,
	3.04867 2.71328,
	3.09884 2.71239,
	3.11163 2.72153,
	3.11742 2.82127,
	3.11775 2.83374,
	3.07815 2.87812,
	3.05306 2.87856,
	3.04051 2.87878,
	3.01799 2.85734,
	3.01534 2.75755,
	3.015 2.74507,
	"/>
<Contour name="d03cfa22ax11" hidden="false" closed="false" simplified="false" border="0 1 1" fill="0 1 1" mode="9"
 points="3.02201 2.86825,
	3.01868 2.82792,
	3.01743 2.78082,
	3.01606 2.72923,
	"/>
</Transform>

<Transform dim="0"
 xcoef=" 0 1 0 0 0 0"
 ycoef=" 0 0 1 0 0 0">
<Contour name="ax11" comment="LK bouton trace named after cfa" hidden="false" closed="true" simplified="false" border="0 1 1" fill="0.502 1 1" mode="9"
 points="2.39654 2.49643,
	2.40418 2.47607,
	2.40545 2.47098,
	2.41054 2.4608,
	2.41245 2.45571,
	2.42517 2.43535,
	2.42963 2.4309,
	2.43217 2.42835,
	2.44235 2.42708,
	2.45253 2.4239,
	2.46271 2.41945,
	2.47289 2.41372,
	2.47798 2.41054,
	2.48179 2.40736,
	2.48688 2.40545,
	2.49706 2.40418,
	2.50215 2.40481,
	2.51233 2.4099,
	2.51742 2.41181,
	2.5276 2.41245,
	2.53778 2.41181,
	2.54796 2.40863,
	2.55814 2.4099,
	2.56832 2.41499,
	2.57341 2.41627,
	2.57595 2.41754,
	2.59631 2.42072,
	2.60649 2.42263,
	2.60903 2.42263,
	2.61158 2.4239,
	2.62176 2.42454,
	2.63194 2.42772,
	2.63702 2.42963,
	2.64211 2.43026,
	2.64466 2.43026,
	2.6472 2.43153,
	2.65738 2.42963,
	2.66756 2.42454,
	2.67265 2.42199,
	2.69301 2.41881,
	2.73373 2.41817,
	2.74391 2.41817,
	2.76426 2.42199,
	2.78462 2.42454,
	2.78971 2.42517,
	2.7948 2.42708,
	2.79735 2.42708,
	2.80752 2.43281,
	2.81007 2.43344,
	2.81261 2.43599,
	2.81516 2.43662,
	2.82534 2.44426,
	2.83552 2.44935,
	2.8457 2.45571,
	2.86605 2.46462,
	2.8686 2.46589,
	2.86987 2.46589,
	2.87242 2.4678,
	2.87751 2.46907,
	2.8826 2.47225,
	2.88514 2.4748,
	2.88641 2.47607,
	2.88896 2.47607,
	2.89914 2.47988,
	2.90932 2.48561,
	2.91441 2.48943,
	2.92331 2.49961,
	2.92777 2.50979,
	2.92967 2.53014,
	2.92967 2.54032,
	2.93095 2.54541,
	2.93095 2.55559,
	2.93158 2.56068,
	2.93158 2.56323,
	2.93349 2.56832,
	2.93413 2.57341,
	2.93604 2.57849,
	2.93667 2.59885,
	2.93604 2.60903,
	2.93731 2.62939,
	2.94367 2.63957,
	2.94431 2.64466,
	2.94749 2.65484,
	2.94812 2.65993,
	2.95067 2.66502,
	2.9583 2.6752,
	2.97866 2.69555,
	2.98375 2.69937,
	2.9863 2.70192,
	2.99138 2.70446,
	2.99584 2.70891,
	2.99711 2.71909,
	2.99584 2.72927,
	2.99393 2.73436,
	2.99329 2.74454,
	2.99647 2.78526,
	2.99775 2.79035,
	2.99775 2.79289,
	2.99966 2.79798,
	3.0022 2.81834,
	3.00156 2.82852,
	3.00093 2.83361,
	3.0022 2.84379,
	2.99647 2.8845,
	2.99584 2.88959,
	2.99266 2.89977,
	2.99011 2.90486,
	2.9723 2.92522,
	2.96212 2.93413,
	2.95958 2.93667,
	2.93922 2.95003,
	2.8985 2.96912,
	2.87814 2.97866,
	2.87305 2.98057,
	2.85269 2.98184,
	2.85015 2.98184,
	2.80943 2.96276,
	2.79925 2.95894,
	2.79416 2.95767,
	2.77381 2.94812,
	2.75345 2.94367,
	2.74836 2.94303,
	2.73818 2.93858,
	2.728 2.9354,
	2.71782 2.93031,
	2.70764 2.92649,
	2.69746 2.92077,
	2.69237 2.91759,
	2.65802 2.87687,
	2.65293 2.87242,
	2.61221 2.85142,
	2.60712 2.84824,
	2.60267 2.84315,
	2.6014 2.84061,
	2.59631 2.83552,
	2.58613 2.82916,
	2.58358 2.82725,
	2.58104 2.82661,
	2.57849 2.8247,
	2.57595 2.82407,
	2.57341 2.82216,
	2.56323 2.81834,
	2.54287 2.80434,
	2.53778 2.80053,
	2.53523 2.79862,
	2.53269 2.79798,
	2.49261 2.77572,
	2.48243 2.76935,
	2.47416 2.75917,
	2.46334 2.73882,
	2.44489 2.6981,
	2.43472 2.67774,
	2.42963 2.66756,
	2.41754 2.6472,
	2.41372 2.64211,
	2.40863 2.63194,
	2.40545 2.62176,
	2.40418 2.61158,
	2.40354 2.60903,
	2.40036 2.60394,
	2.39718 2.59376,
	2.39654 2.58867,
	2.39909 2.56832,
	2.39972 2.55814,
	2.39845 2.53778,
	2.39718 2.5276,
	2.39654 2.50724,
	2.39654 2.49706,
	"/>
</Transform>

<Transform dim="0"
 xcoef=" 0 1 0 0 0 0"
 ycoef=" 0 0 1 0 0 0">
<Contour name="ax19" comment="LK bouton trace named after cfa" hidden="false" closed="true" simplified="true" border="0 1 1" fill="0.502 1 1" mode="-9"
 points="2.75037 8.42089,
	2.75612 8.41066,
	2.75804 8.40555,
	2.76443 8.39532,
	2.78105 8.37487,
	2.78424 8.36976,
	2.80213 8.34931,
	2.80661 8.3442,
	2.80853 8.34164,
	2.8098 8.34036,
	2.8098 8.33908,
	2.81811 8.32886,
	2.82322 8.32375,
	2.82834 8.32055,
	2.83856 8.31672,
	2.85901 8.31608,
	2.86924 8.31735,
	2.88969 8.32375,
	2.89991 8.3263,
	2.90886 8.33397,
	2.91142 8.33653,
	2.9127 8.33908,
	2.90822 8.34931,
	2.90694 8.35186,
	2.88969 8.37232,
	2.8801 8.38254,
	2.87563 8.38765,
	2.87116 8.39788,
	2.87052 8.4081,
	2.87371 8.41833,
	2.87627 8.42344,
	2.87627 8.43367,
	2.87435 8.44389,
	2.87371 8.44645,
	2.86413 8.45667,
	2.8539 8.4637,
	2.84368 8.46946,
	2.82322 8.47265,
	2.813 8.47329,
	2.80277 8.47201,
	2.78232 8.46562,
	2.7721 8.46115,
	2.76954 8.45987,
	2.75996 8.45092,
	2.75548 8.44581,
	2.75229 8.4407,
	2.75037 8.43047,
	2.75037 8.42536,
	2.75037 8.4228,
	2.75037 8.42152,
	"/>
</Transform>

<Transform dim="0"
 xcoef=" 0 1 0 0 0 0"
 ycoef=" 0 0 1 0 0 0">
<Contour name="ax20" comment="LK bouton trace named after cfa" hidden="false" closed="true" simplified="true" border="0 1 1" fill="0.502 1 1" mode="9"
 points="5.92161 8.09411,
	5.92542 8.08902,
	5.92669 8.08648,
	5.93178 8.08139,
	5.93305 8.08139,
	5.94005 8.07122,
	5.94132 8.06104,
	5.93623 8.04069,
	5.9356 8.03051,
	5.94005 8.02034,
	5.94704 8.01016,
	5.95022 8.00507,
	5.9515 7.99999,
	5.94959 7.98981,
	5.94577 7.97964,
	5.94323 7.97455,
	5.94259 7.972,
	5.94068 7.96946,
	5.93814 7.95928,
	5.93687 7.9542,
	5.93687 7.94402,
	5.93687 7.93893,
	5.93687 7.93639,
	5.94132 7.92621,
	5.9445 7.92113,
	5.94641 7.91604,
	5.94959 7.91095,
	5.9515 7.90586,
	5.9534 7.90332,
	5.95658 7.88297,
	5.95531 7.87279,
	5.95595 7.86262,
	5.95786 7.85753,
	5.96485 7.84735,
	5.97439 7.84099,
	5.97948 7.83908,
	5.98457 7.8359,
	6.00492 7.82891,
	6.01509 7.82446,
	6.02018 7.82191,
	6.02527 7.8181,
	6.03545 7.81301,
	6.04562 7.80601,
	6.05071 7.8022,
	6.05516 7.79711,
	6.06152 7.78693,
	6.06343 7.78185,
	6.06343 7.7793,
	6.05834 7.77612,
	6.05325 7.77421,
	6.0329 7.77231,
	6.02273 7.76785,
	6.02018 7.76531,
	6.01509 7.75513,
	6.01446 7.75259,
	6.01509 7.75005,
	6.02463 7.74051,
	6.02654 7.73796,
	6.02654 7.73288,
	6.02591 7.73033,
	6.02463 7.72906,
	6.00428 7.72461,
	5.99919 7.72206,
	5.99411 7.71698,
	5.9922 7.71189,
	5.99156 7.70171,
	5.9922 7.69154,
	5.9922 7.68899,
	5.99919 7.66864,
	6.00301 7.64829,
	6.00365 7.63811,
	6.00746 7.61776,
	6.00937 7.60759,
	6.01001 7.6025,
	6.01446 7.59232,
	6.017 7.58724,
	6.02527 7.5777,
	6.03545 7.57324,
	6.04562 7.57197,
	6.05071 7.57134,
	6.06088 7.57324,
	6.06597 7.57388,
	6.07615 7.57706,
	6.08632 7.57897,
	6.10668 7.58533,
	6.10922 7.58533,
	6.14992 7.60123,
	6.17027 7.6095,
	6.18045 7.61268,
	6.2008 7.61585,
	6.21098 7.61649,
	6.22115 7.6184,
	6.2415 7.60822,
	6.25168 7.6025,
	6.26185 7.59487,
	6.30001 7.55416,
	6.32036 7.53445,
	6.33054 7.52618,
	6.35089 7.51283,
	6.36107 7.50901,
	6.37124 7.50647,
	6.38142 7.50519,
	6.38396 7.50456,
	6.39414 7.5071,
	6.39541 7.5071,
	6.41576 7.523,
	6.43611 7.53381,
	6.44629 7.53636,
	6.45646 7.54081,
	6.47682 7.5548,
	6.48699 7.5618,
	6.50734 7.57324,
	6.51752 7.57897,
	6.52769 7.58914,
	6.53024 7.59423,
	6.53215 7.60441,
	6.54805 7.64511,
	6.5525 7.66546,
	6.55313 7.67564,
	6.55377 7.68072,
	6.55695 7.68581,
	6.55886 7.68836,
	6.56394 7.6909,
	6.57412 7.69281,
	6.57921 7.69408,
	6.58175 7.69408,
	6.5843 7.69535,
	6.60401 7.71443,
	6.6161 7.73478,
	6.618 7.73987,
	6.63772 7.75895,
	6.64217 7.76404,
	6.65489 7.78439,
	6.67715 7.82509,
	6.68224 7.84544,
	6.68542 7.86579,
	6.68669 7.88615,
	6.68987 7.9065,
	6.69941 7.9472,
	6.70386 7.95738,
	6.70704 7.96755,
	6.7045 7.97773,
	6.70386 7.98282,
	6.7045 7.9879,
	6.69623 8.00825,
	6.69432 8.01843,
	6.69305 8.03878,
	6.69623 8.12019,
	6.6975 8.14054,
	6.6975 8.14563,
	6.70768 8.18633,
	6.70958 8.19142,
	6.71086 8.20159,
	6.71022 8.22194,
	6.71022 8.23212,
	6.70768 8.25247,
	6.70322 8.27282,
	6.70004 8.283,
	6.6905 8.30335,
	6.66634 8.34405,
	6.64599 8.36313,
	6.6409 8.36567,
	6.6002 8.36822,
	6.57984 8.37203,
	6.56967 8.37649,
	6.54932 8.39493,
	6.53914 8.40447,
	6.53405 8.40956,
	6.52388 8.41528,
	6.52133 8.41719,
	6.51116 8.4191,
	6.49081 8.41783,
	6.48572 8.41783,
	6.48063 8.41592,
	6.47936 8.41528,
	6.46918 8.41973,
	6.4641 8.42164,
	6.46155 8.42228,
	6.4412 8.4191,
	6.43103 8.41719,
	6.42594 8.41655,
	6.42339 8.41528,
	6.40304 8.42228,
	6.38269 8.41465,
	6.3776 8.41274,
	6.35725 8.41019,
	6.34708 8.40829,
	6.3458 8.40765,
	6.32545 8.41337,
	6.3051 8.42037,
	6.29493 8.42673,
	6.28475 8.435,
	6.27457 8.43627,
	6.25422 8.435,
	6.25168 8.435,
	6.21098 8.41719,
	6.2008 8.41147,
	6.18045 8.39302,
	6.17536 8.38793,
	6.15501 8.38475,
	6.14992 8.38412,
	6.13975 8.37839,
	6.13466 8.37458,
	6.12385 8.35423,
	6.11876 8.34405,
	6.11749 8.33896,
	6.10095 8.31861,
	6.09332 8.30844,
	6.08823 8.30398,
	6.08569 8.30144,
	6.07996 8.29127,
	6.07297 8.28109,
	6.06279 8.27091,
	6.05262 8.26519,
	6.03227 8.24865,
	6.02718 8.24484,
	6.02463 8.24357,
	6.01955 8.23848,
	6.01446 8.2283,
	6.01128 8.21813,
	6.00937 8.20795,
	6.00301 8.19778,
	5.99792 8.19269,
	5.97757 8.17933,
	5.97503 8.1787,
	5.96994 8.17488,
	5.96485 8.17234,
	5.95468 8.16343,
	5.9445 8.1558,
	5.93941 8.15262,
	5.9356 8.14753,
	5.93305 8.14499,
	5.92797 8.13481,
	5.92479 8.12464,
	5.92288 8.10429,
	5.92161 8.09475,
	"/>
</Transform>

<Transform dim="0"
 xcoef=" 0 1 0 0 0 0"
 ycoef=" 0 0 1 0 0 0">
<Contour name="D04" hidden="false" closed="true" simplified="true" border="1 0 0" fill="1 0 0" mode="11"
 points="5.51977 7.3076,
	5.52158 7.2691,
	5.52901 7.23133,
	5.5419 7.19513,
	5.55996 7.16128,
	5.58282 7.13052,
	5.60995 7.10353,
	5.64077 7.08089,
	5.67462 7.0631,
	5.71075 7.05054,
	5.74837 7.04348,
	5.78667 7.04209,
	5.82481 7.0464,
	5.86195 7.0563,
	5.89727 7.07159,
	5.93004 7.09193,
	5.9595 7.11687,
	5.98504 7.14586,
	6.00608 7.1783,
	6.02217 7.21345,
	6.03297 7.25056,
	6.03823 7.28881,
	6.03783 7.32736,
	6.0318 7.3654,
	6.02026 7.40206,
	6.00345 7.43658,
	5.98176 7.46817,
	5.95564 7.49617,
	5.92568 7.51995,
	5.89252 7.53899,
	5.85689 7.55288,
	5.81956 7.56133,
	5.78135 7.56415,
	5.7431 7.56126,
	5.70564 7.55274,
	5.66978 7.53877,
	5.63631 7.51966,
	5.60596 7.49582,
	5.57938 7.46778,
	5.55716 7.43615,
	5.53979 7.40161,
	5.52765 7.36491,
	"/>
<Contour name="d07" hidden="true" closed="true" simplified="true" border="1 0 1" fill="1 0 1" mode="9"
 points="3.65306 7.52893,
	3.70574 7.48104,
	3.73235 7.46716,
	3.74566 7.46021,
	3.76854 7.43298,
	3.77829 7.41939,
	3.78486 7.41257,
	3.78752 7.38569,
	3.79053 7.37222,
	3.80366 7.35857,
	3.91009 7.30303,
	3.96348 7.28197,
	4.07126 7.27671,
	4.1251 7.27241,
	4.18028 7.31839,
	4.23226 7.37114,
	4.2532 7.3976,
	4.26704 7.41077,
	4.29418 7.417,
	4.30793 7.42682,
	4.3546 7.53332,
	4.37216 7.55984,
	4.39957 7.57613,
	4.41332 7.58595,
	4.46716 7.58164,
	4.52073 7.56728,
	4.57476 7.56968,
	4.62842 7.55867,
	4.68244 7.56108,
	4.73664 7.57018,
	4.76378 7.57641,
	4.77735 7.57952,
	4.80503 7.60587,
	4.85958 7.62838,
	4.9144 7.66096,
	5.01136 7.75652,
	4.98245 7.81069,
	4.95602 7.83128,
	4.90209 7.83223,
	4.84798 7.82648,
	4.83441 7.82337,
	4.81614 7.77002,
	4.80531 7.74338,
	4.77772 7.72039,
	4.76388 7.70722,
	4.73665 7.69764,
	4.68174 7.66172,
	4.67482 7.65512,
	4.62125 7.66949,
	4.5674 7.67379,
	4.55392 7.67403,
	4.52749 7.69462,
	4.51427 7.70492,
	4.50771 7.71174,
	4.48057 7.70551,
	4.467 7.7024,
	4.41369 7.72682,
	4.36056 7.75794,
	4.33404 7.77518,
	4.26611 7.8837,
	4.24394 7.93775,
	4.24465 7.96457,
	4.25885 7.99116,
	4.26293 8.01791,
	4.26099 8.07161,
	4.26844 8.09831,
	4.26241 8.12525,
	4.25594 8.13543,
	4.20076 8.08944,
	4.18657 8.06286,
	4.1784 8.00934,
	4.17698 7.95571,
	4.16544 7.90225,
	4.15807 7.8789,
	4.10317 7.84297,
	4.07602 7.83675,
	4.06245 7.83363,
	4.00736 7.791,
	3.95289 7.77184,
	3.92539 7.7522,
	3.91164 7.74238,
	3.8845 7.73615,
	3.87102 7.73639,
	3.81611 7.70047,
	3.76138 7.67124,
	3.74772 7.66477,
	3.72607 7.61149,
	3.71569 7.60161,
	3.68846 7.59203,
	3.67489 7.58891,
	3.66815 7.58903,
	3.65768 7.5758,
	3.6536 7.54904,
	3.65324 7.53563,
	3.65315 7.53228,
	"/>
</Transform>

<Transform dim="0"
 xcoef=" 0 1 0 0 0 0"
 ycoef=" 0 0 1 0 0 0">
<Contour name="ax20" comment="LK bouton trace named after cfa" hidden="false" closed="true" simplified="true" border="0 1 1" fill="0.502 1 1" mode="9"
 points="5.2603 7.57566,
	5.26328 7.56969,
	5.27521 7.5585,
	5.28118 7.55403,
	5.28416 7.55179,
	5.28715 7.55104,
	5.29908 7.54284,
	5.31102 7.53762,
	5.33489 7.52941,
	5.34682 7.52419,
	5.34981 7.52195,
	5.36174 7.51822,
	5.38561 7.51449,
	5.39755 7.51449,
	5.40948 7.51897,
	5.41545 7.52195,
	5.41843 7.52419,
	5.42142 7.52494,
	5.42738 7.52867,
	5.45125 7.53687,
	5.45424 7.53687,
	5.45722 7.53911,
	5.50496 7.54955,
	5.52883 7.55701,
	5.5527 7.56,
	5.57657 7.56074,
	5.62431 7.5585,
	5.63028 7.5585,
	5.64221 7.56074,
	5.65415 7.55701,
	5.66608 7.55179,
	5.67205 7.54955,
	5.67802 7.54881,
	5.681 7.54881,
	5.68697 7.54582,
	5.6989 7.54433,
	5.71084 7.54433,
	5.7168 7.54508,
	5.72277 7.54955,
	5.72799 7.55552,
	5.73172 7.56746,
	5.73396 7.57939,
	5.73471 7.59133,
	5.73694 7.60326,
	5.73769 7.60923,
	5.73769 7.61221,
	5.7444 7.62415,
	5.7541 7.63608,
	5.76604 7.64652,
	5.78021 7.67039,
	5.7817 7.67636,
	5.7817 7.6883,
	5.77946 7.70023,
	5.77797 7.7062,
	5.76529 7.73007,
	5.7638 7.73305,
	5.74217 7.75618,
	5.73023 7.76363,
	5.7183 7.7696,
	5.70636 7.77333,
	5.69443 7.77482,
	5.68846 7.77632,
	5.66459 7.77706,
	5.64072 7.77632,
	5.62878 7.77632,
	5.61685 7.77408,
	5.60491 7.77333,
	5.59298 7.77408,
	5.58104 7.77632,
	5.56911 7.77706,
	5.54524 7.77482,
	5.52137 7.77109,
	5.50944 7.76736,
	5.48557 7.75692,
	5.47363 7.75394,
	5.44976 7.75021,
	5.44827 7.74872,
	5.44529 7.74797,
	5.44379 7.74648,
	5.44081 7.74573,
	5.42888 7.73604,
	5.41918 7.7241,
	5.41396 7.71813,
	5.41097 7.71515,
	5.40948 7.71515,
	5.39755 7.70545,
	5.38561 7.69874,
	5.36174 7.68755,
	5.314 7.65846,
	5.31102 7.65622,
	5.30953 7.65473,
	5.30803 7.65473,
	5.28416 7.63459,
	5.27969 7.62862,
	5.27671 7.62638,
	5.26925 7.61445,
	5.26701 7.60848,
	5.26477 7.6055,
	5.26104 7.59356,
	5.2603 7.58163,
	5.2603 7.57641,
	"/>
</Transform>

<Transform dim="0"
 xcoef=" 0 1 0 0 0 0"
 ycoef=" 0 0 1 0 0 0">
<Contour name="d06" hidden="true" closed="true" simplified="true" border="0 0 1" fill="0 0 1" mode="11"
 points="3.16825 7.10213,
	3.17103 7.08971,
	3.1801 7.08028,
	3.18624 7.07708,
	3.18607 7.0709,
	3.22825 7.02069,
	3.23315 6.97114,
	3.25424 6.94603,
	3.28089 6.8961,
	3.28677 6.88363,
	3.28546 6.83419,
	3.28513 6.82183,
	3.30557 6.77201,
	3.31735 6.74707,
	3.34187 6.73427,
	3.5407 6.73076,
	3.56556 6.73032,
	3.59016 6.72061,
	3.61462 6.70472,
	3.62687 6.69832,
	3.67634 6.68818,
	3.72597 6.68421,
	3.73227 6.68719,
	3.72923 6.69034,
	3.75409 6.6899,
	3.76652 6.68968,
	3.77274 6.68957,
	3.77911 6.69564,
	3.78174 6.79452,
	3.77994 6.84401,
	3.7595 6.89384,
	3.76082 6.94328,
	3.76098 6.94946,
	3.743 6.97451,
	3.73082 6.984,
	3.72788 6.99024,
	3.70302 6.99068,
	3.68177 7.0096,
	3.66967 7.02218,
	3.65677 7.12134,
	3.64809 7.14622,
	3.63322 7.17121,
	3.62423 7.18374,
	3.60379 7.23356,
	3.59513 7.25845,
	3.59529 7.26463,
	3.58041 7.28962,
	3.56832 7.30221,
	3.55916 7.30854,
	3.56292 7.33322,
	3.56325 7.34557,
	3.5698 7.35783,
	3.56931 7.45676,
	3.57062 7.5062,
	3.57717 7.51845,
	3.60251 7.53656,
	3.62182 7.56095,
	3.63146 7.57314,
	3.63212 7.59786,
	3.63245 7.61022,
	3.64864 7.63466,
	3.65518 7.64692,
	3.68069 7.6712,
	3.69344 7.68334,
	3.70343 7.7079,
	3.72583 7.73223,
	3.73547 7.74443,
	3.7399 7.79382,
	3.74056 7.81854,
	3.75675 7.84298,
	3.7574 7.8677,
	3.75757 7.87388,
	3.76395 7.87995,
	3.76738 7.89226,
	3.78667 7.91665,
	3.79297 7.91963,
	3.79363 7.94435,
	3.79379 7.95053,
	3.77581 7.97558,
	3.76069 7.9913,
	3.75447 7.99141,
	3.74548 8.00394,
	3.72071 8.00747,
	3.70828 8.00768,
	3.69561 7.99864,
	3.68252 7.97414,
	3.66323 7.94975,
	3.65047 7.9376,
	3.6436 7.91299,
	3.64228 7.86355,
	3.63231 7.83899,
	3.60696 7.82089,
	3.55602 7.77542,
	3.53378 7.75726,
	3.52102 7.74512,
	3.51448 7.73287,
	3.51415 7.72051,
	3.50107 7.69601,
	3.50042 7.67129,
	3.50009 7.65893,
	3.47466 7.63773,
	3.46215 7.63487,
	3.45593 7.63498,
	3.45217 7.61031,
	3.45494 7.59789,
	3.49418 7.55393,
	3.51773 7.50404,
	3.51642 7.4546,
	3.51626 7.44842,
	3.49385 7.42408,
	3.48109 7.41194,
	3.45615 7.40929,
	3.44994 7.4094,
	3.447 7.41564,
	3.42541 7.4222,
	3.32599 7.42396,
	3.31357 7.42418,
	3.30409 7.41816,
	3.29133 7.40601,
	3.28495 7.39994,
	3.28429 7.37522,
	3.28708 7.36281,
	3.29917 7.35023,
	3.30195 7.33782,
	3.29541 7.32557,
	3.24562 7.32336,
	3.23294 7.3143,
	3.22656 7.30824,
	3.22394 7.20935,
	3.22051 7.19704,
	3.18191 7.14826,
	3.17553 7.14219,
	3.16866 7.11758,
	3.16833 7.10522,
	"/>
</Transform>

<Transform dim="0"
 xcoef=" 0 1 0 0 0 0"
 ycoef=" 0 0 1 0 0 0">
<Contour name="ax21" comment="LK bouton trace named after cfa" hidden="false" closed="true" simplified="true" border="0 1 1" fill="0.502 1 1" mode="9"
 points="3.43741 6.39744,
	3.44374 6.38477,
	3.44691 6.37844,
	3.45166 6.37211,
	3.46432 6.3634,
	3.47066 6.36023,
	3.47224 6.35865,
	3.47857 6.35707,
	3.48016 6.35707,
	3.48174 6.35548,
	3.50707 6.34915,
	3.53241 6.34677,
	3.55774 6.34282,
	3.56407 6.34044,
	3.57674 6.33886,
	3.58307 6.33807,
	3.59574 6.33094,
	3.60207 6.3254,
	3.61078 6.31273,
	3.63612 6.29927,
	3.64799 6.28898,
	3.65828 6.27632,
	3.65907 6.27315,
	3.66303 6.26682,
	3.66541 6.25415,
	3.66541 6.25098,
	3.66699 6.2494,
	3.6662 6.23673,
	3.67016 6.2304,
	3.68282 6.21773,
	3.68837 6.2114,
	3.6947 6.19873,
	3.70262 6.1734,
	3.70657 6.16707,
	3.70657 6.16548,
	3.71132 6.15915,
	3.71766 6.1544,
	3.72399 6.15123,
	3.74932 6.14728,
	3.75566 6.14253,
	3.77861 6.11719,
	3.78416 6.11086,
	3.78653 6.10453,
	3.78891 6.10136,
	3.7897 6.09819,
	3.79445 6.09186,
	3.79524 6.08869,
	3.7992 6.08236,
	3.8087 6.05703,
	3.81661 6.04436,
	3.82057 6.03803,
	3.82216 6.03486,
	3.82532 6.03169,
	3.83166 6.02773,
	3.83799 6.02219,
	3.84116 6.01982,
	3.85382 6.01665,
	3.87916 6.01586,
	3.89182 6.01665,
	3.89816 6.01586,
	3.90132 6.01507,
	3.90449 6.01269,
	3.90686 6.00636,
	3.91082 6.00003,
	3.91399 5.99686,
	3.93932 5.9834,
	3.98999 5.96123,
	4.00266 5.95253,
	4.01532 5.94144,
	4.02482 5.92878,
	4.05016 5.90423,
	4.06282 5.89553,
	4.08816 5.88286,
	4.10082 5.87811,
	4.12616 5.87336,
	4.15149 5.86228,
	4.15782 5.86069,
	4.20849 5.8599,
	4.22116 5.8599,
	4.23382 5.86228,
	4.24649 5.86623,
	4.25282 5.86782,
	4.27816 5.87811,
	4.29082 5.88128,
	4.30349 5.88286,
	4.30666 5.88286,
	4.31932 5.88761,
	4.33199 5.88998,
	4.38266 5.91453,
	4.39532 5.91611,
	4.42065 5.91611,
	4.43332 5.91769,
	4.45865 5.92798,
	4.46499 5.93036,
	4.47132 5.93115,
	4.49665 5.93986,
	4.54732 5.9644,
	4.55999 5.96836,
	4.58532 5.97232,
	4.59799 5.97707,
	4.61065 5.98419,
	4.6154 5.99053,
	4.62728 6.01586,
	4.63599 6.02853,
	4.64786 6.03961,
	4.65895 6.05228,
	4.67557 6.07761,
	4.68903 6.10294,
	4.6914 6.10928,
	4.6922 6.11561,
	4.69061 6.12828,
	4.68507 6.14094,
	4.6732 6.15361,
	4.66686 6.15994,
	4.65261 6.18528,
	4.64628 6.19794,
	4.63678 6.21061,
	4.63361 6.21378,
	4.62095 6.21773,
	4.60828 6.22011,
	4.60195 6.22169,
	4.59878 6.22169,
	4.58849 6.23436,
	4.57582 6.25969,
	4.56949 6.27236,
	4.55682 6.28423,
	4.53149 6.2969,
	4.52832 6.29848,
	4.47924 6.34915,
	4.47053 6.36182,
	4.46499 6.36815,
	4.46182 6.37132,
	4.44836 6.39665,
	4.44124 6.42198,
	4.4357 6.44732,
	4.42857 6.45998,
	4.42461 6.46632,
	4.41828 6.47107,
	4.39295 6.48136,
	4.38107 6.49402,
	4.37553 6.50036,
	4.36286 6.52569,
	4.35891 6.53836,
	4.35732 6.55102,
	4.35099 6.56369,
	4.3407 6.57636,
	4.33436 6.58032,
	4.3312 6.5819,
	4.31932 6.59457,
	4.30191 6.6199,
	4.29716 6.62623,
	4.29082 6.63098,
	4.27816 6.63732,
	4.27182 6.64048,
	4.25995 6.65315,
	4.24411 6.67848,
	4.23541 6.69115,
	4.22511 6.70382,
	4.21245 6.71252,
	4.19978 6.71727,
	4.18711 6.71807,
	4.18078 6.71727,
	4.15545 6.70619,
	4.14911 6.70302,
	4.12378 6.69748,
	4.11111 6.69669,
	4.09845 6.68957,
	4.09211 6.68482,
	4.08024 6.67215,
	4.07391 6.66582,
	4.07074 6.66265,
	4.04541 6.64998,
	4.03907 6.64761,
	4.02641 6.64602,
	3.97574 6.64602,
	3.96307 6.64523,
	3.95041 6.64207,
	3.89974 6.61752,
	3.87441 6.60565,
	3.86807 6.60248,
	3.85541 6.59219,
	3.83482 6.56686,
	3.82374 6.55419,
	3.82216 6.55261,
	3.79682 6.55261,
	3.78416 6.55261,
	3.77782 6.55023,
	3.72716 6.54232,
	3.71449 6.53994,
	3.70182 6.53915,
	3.69549 6.53836,
	3.69232 6.53836,
	3.68599 6.53598,
	3.67332 6.53361,
	3.67016 6.53202,
	3.66699 6.53202,
	3.66382 6.52965,
	3.65116 6.52648,
	3.64799 6.52411,
	3.64641 6.52411,
	3.64482 6.52252,
	3.64324 6.52252,
	3.63691 6.51857,
	3.62424 6.51382,
	3.61791 6.50986,
	3.59257 6.50115,
	3.57991 6.49957,
	3.52924 6.50036,
	3.51657 6.49877,
	3.49124 6.48848,
	3.48491 6.48452,
	3.48174 6.48373,
	3.46907 6.47502,
	3.45641 6.46473,
	3.45166 6.4584,
	3.44849 6.45523,
	3.44216 6.44257,
	3.43978 6.43623,
	3.43741 6.4109,
	3.43741 6.39823,
	"/>
</Transform>

<Transform dim="0"
 xcoef=" 0 1 0 0 0 0"
 ycoef=" 0 0 1 0 0 0">
<Contour name="ax21" comment="LK bouton trace named after cfa" hidden="false" closed="true" simplified="true" border="0 1 1" fill="0.502 1 1" mode="9"
 points="5.71819 6.86735,
	5.7208 6.86213,
	5.7221 6.85952,
	5.7221 6.84908,
	5.72537 6.83864,
	5.72602 6.83603,
	5.73581 6.82559,
	5.74103 6.82102,
	5.75147 6.81449,
	5.75669 6.81188,
	5.77758 6.81123,
	5.81935 6.8158,
	5.84023 6.81775,
	5.882 6.81775,
	5.90288 6.81775,
	5.91333 6.81775,
	5.91855 6.81775,
	5.92116 6.81775,
	5.92638 6.82036,
	5.94726 6.82493,
	5.95248 6.82559,
	5.96293 6.83015,
	5.97337 6.83081,
	5.97859 6.83342,
	5.98903 6.83538,
	5.99425 6.83668,
	6.00469 6.8419,
	6.00991 6.84321,
	6.01252 6.84386,
	6.01775 6.84908,
	6.0197 6.85169,
	6.03015 6.85822,
	6.03537 6.85952,
	6.04581 6.86605,
	6.04842 6.86735,
	6.06669 6.88824,
	6.06865 6.89085,
	6.0693 6.90129,
	6.06865 6.90651,
	6.06735 6.90912,
	6.0569 6.91826,
	6.05429 6.92022,
	6.04385 6.92218,
	6.00208 6.92609,
	5.96031 6.92348,
	5.94987 6.91761,
	5.92899 6.90782,
	5.91855 6.90455,
	5.91594 6.90325,
	5.91333 6.90325,
	5.91202 6.90325,
	5.90941 6.90064,
	5.82587 6.89933,
	5.74234 6.88171,
	5.73189 6.87975,
	5.72667 6.87845,
	5.72602 6.87845,
	5.72276 6.87649,
	5.71949 6.87127,
	5.71884 6.87062,
	"/>
</Transform>

<Transform dim="0"
 xcoef=" 0 1 0 0 0 0"
 ycoef=" 0 0 1 0 0 0">
<Contour name="D10" hidden="false" closed="true" simplified="true" border="0 1 1" fill="0 1 1" mode="11"
 points="5.28322 2.09469,
	5.2909 2.06203,
	5.3149 2.03227,
	5.3529 2.00832,
	5.40115 1.99251,
	5.45494 1.98641,
	5.50901 1.99061,
	5.55806 2.0047,
	5.59728 2.02729,
	5.62285 2.05617,
	5.63225 2.08853,
	5.62458 2.12119,
	5.60056 2.15095,
	5.56258 2.1749,
	5.51432 2.19071,
	5.46053 2.19681,
	5.40646 2.19261,
	5.35742 2.17852,
	5.31819 2.15593,
	"/>
<Contour name="d01ax17" comment="LK bouton trace named after cfa" hidden="false" closed="true" simplified="true" border="0 1 1" fill="0.502 1 1" mode="-9"
 points="4.9276 2.60372,
	4.93404 2.59341,
	4.94242 2.5831,
	4.94693 2.57859,
	4.95208 2.57537,
	4.96239 2.57344,
	4.9727 2.57279,
	4.98301 2.57021,
	4.98817 2.56893,
	4.99848 2.56441,
	5.00879 2.55733,
	5.01909 2.55217,
	5.03971 2.53864,
	5.04487 2.53542,
	5.05518 2.53155,
	5.06549 2.52898,
	5.08611 2.52575,
	5.09126 2.52511,
	5.11188 2.51802,
	5.15312 2.50642,
	5.16343 2.50385,
	5.17374 2.5032,
	5.18405 2.50513,
	5.20467 2.51158,
	5.21498 2.5148,
	5.25621 2.51931,
	5.26652 2.52253,
	5.27168 2.52382,
	5.27426 2.52447,
	5.27941 2.52769,
	5.28972 2.53155,
	5.31034 2.53477,
	5.33096 2.53542,
	5.35158 2.53477,
	5.36189 2.53477,
	5.36704 2.53413,
	5.36962 2.53413,
	5.39024 2.5438,
	5.40055 2.54702,
	5.42117 2.54895,
	5.42374 2.54895,
	5.43405 2.55282,
	5.44436 2.55797,
	5.45467 2.56506,
	5.46498 2.57344,
	5.47529 2.57923,
	5.49591 2.58568,
	5.50622 2.58761,
	5.51137 2.5889,
	5.55261 2.58954,
	5.56292 2.59019,
	5.57323 2.59212,
	5.57839 2.59405,
	5.58096 2.59534,
	5.58612 2.6005,
	5.60674 2.61274,
	5.61705 2.61918,
	5.6222 2.62305,
	5.62736 2.62821,
	5.63767 2.63014,
	5.64798 2.63078,
	5.65055 2.63078,
	5.66086 2.63529,
	5.66537 2.6398,
	5.66795 2.64238,
	5.67439 2.65269,
	5.6847 2.663,
	5.69501 2.67138,
	5.70017 2.6746,
	5.70146 2.6746,
	5.70661 2.67782,
	5.71177 2.67975,
	5.71434 2.6804,
	5.71692 2.68233,
	5.72723 2.68491,
	5.73239 2.68813,
	5.7369 2.69264,
	5.73947 2.69522,
	5.74978 2.71584,
	5.75687 2.72615,
	5.76525 2.73646,
	5.76976 2.74161,
	5.77942 2.76223,
	5.78136 2.77254,
	5.78136 2.79316,
	5.78007 2.80347,
	5.77556 2.81378,
	5.76976 2.82409,
	5.75558 2.84471,
	5.75365 2.84728,
	5.75172 2.85244,
	5.74849 2.85759,
	5.74334 2.87821,
	5.73561 2.88852,
	5.7253 2.89625,
	5.72014 2.90012,
	5.70983 2.90463,
	5.69952 2.90721,
	5.69824 2.90721,
	5.6963 2.90914,
	5.67568 2.90978,
	5.66537 2.91043,
	5.66022 2.91043,
	5.6396 2.91365,
	5.63444 2.91558,
	5.62929 2.91623,
	5.60867 2.9246,
	5.58805 2.93685,
	5.57774 2.94522,
	5.57323 2.95038,
	5.57001 2.95553,
	5.56035 2.96584,
	5.55004 2.97486,
	5.53973 2.98002,
	5.53457 2.98195,
	5.52942 2.9826,
	5.51911 2.98066,
	5.5146 2.97873,
	5.5088 2.9768,
	5.50622 2.97551,
	5.4856 2.97615,
	5.48302 2.97615,
	5.47271 2.98195,
	5.47078 2.98324,
	5.46563 2.98775,
	5.45532 2.99226,
	5.45403 2.99355,
	5.44372 2.99613,
	5.43341 2.99742,
	5.43083 2.9987,
	5.41021 2.99935,
	5.3999 2.99999,
	5.39475 3.00064,
	5.38959 3.00257,
	5.38702 3.00321,
	5.38573 3.00386,
	5.37671 3.0045,
	5.35609 3.00257,
	5.33547 2.99613,
	5.32516 2.9929,
	5.30454 2.98131,
	5.29423 2.97422,
	5.25299 2.94265,
	5.23237 2.92654,
	5.22722 2.92267,
	5.21691 2.91816,
	5.21175 2.91623,
	5.20918 2.91558,
	5.19887 2.90721,
	5.1892 2.89754,
	5.17567 2.87692,
	5.16987 2.86661,
	5.16021 2.85824,
	5.13959 2.84599,
	5.12928 2.83891,
	5.12477 2.8344,
	5.12155 2.82924,
	5.11704 2.82409,
	5.0758 2.79638,
	5.03456 2.7661,
	5.0294 2.76223,
	5.00879 2.75192,
	5.00363 2.74805,
	4.99397 2.73774,
	4.99139 2.73517,
	4.98623 2.72486,
	4.9785 2.70424,
	4.97335 2.68362,
	4.97141 2.67331,
	4.96819 2.663,
	4.95981 2.65269,
	4.94951 2.6456,
	4.9392 2.63594,
	4.93662 2.63336,
	4.93082 2.62305,
	4.92889 2.61274,
	4.92824 2.60759,
	4.9276 2.60501,
	4.9276 2.60436,
	"/>
</Transform>

<Transform dim="0"
 xcoef=" 0 1 0 0 0 0"
 ycoef=" 0 0 1 0 0 0">
<Contour name="d03c22ax11" hidden="false" closed="true" simplified="true" border="0 1 0" fill="0 1 0" mode="9"
 points="2.93042 2.71839,
	2.93477 2.7173,
	3.00436 2.72709,
	3.03916 2.73144,
	3.04786 2.73253,
	3.04895 2.76732,
	3.04786 2.83691,
	3.04786 2.85431,
	3.04786 2.86301,
	3.04786 2.86736,
	2.97827 2.87062,
	2.96087 2.87062,
	2.95652 2.87062,
	2.95435 2.86953,
	2.9326 2.73035,
	2.93042 2.72165,
	2.93042 2.71948,
	"/>
</Transform>

<Transform dim="0"
 xcoef=" 0 1 0 0 0 0"
 ycoef=" 0 0 1 0 0 0">
<Contour name="ddh_d06ax17" comment="traced by ddh" hidden="false" closed="true" simplified="true" border="0.5 0 1" fill="0.5 0 1" mode="11"
 points="2.32265 6.7889,
	2.3259 6.77852,
	2.33109 6.76814,
	2.33433 6.76295,
	2.33563 6.76035,
	2.33822 6.75775,
	2.34147 6.75256,
	2.34277 6.74997,
	2.36353 6.73115,
	2.37261 6.72077,
	2.37715 6.71039,
	2.3778 6.70001,
	2.37715 6.68963,
	2.37521 6.67925,
	2.36807 6.65849,
	2.36418 6.64811,
	2.36158 6.63773,
	2.36028 6.62735,
	2.35963 6.62475,
	2.36223 6.61437,
	2.36223 6.61308,
	2.36418 6.61048,
	2.36418 6.60918,
	2.37261 6.5988,
	2.37715 6.59361,
	2.37845 6.59102,
	2.38818 6.58128,
	2.38818 6.57999,
	2.39791 6.56961,
	2.40829 6.56247,
	2.41867 6.56052,
	2.43944 6.56377,
	2.44463 6.56507,
	2.44982 6.56766,
	2.45111 6.56766,
	2.45371 6.56961,
	2.46409 6.5735,
	2.46928 6.5748,
	2.47187 6.57609,
	2.49264 6.57674,
	2.50302 6.5748,
	2.52378 6.56507,
	2.52897 6.56117,
	2.53156 6.55858,
	2.53416 6.55793,
	2.54454 6.55209,
	2.55492 6.5482,
	2.57568 6.54366,
	2.58087 6.54236,
	2.58347 6.54236,
	2.59385 6.53717,
	2.59644 6.53587,
	2.60552 6.52549,
	2.60617 6.52289,
	2.60812 6.5203,
	2.61201 6.50992,
	2.61461 6.50473,
	2.6185 6.49954,
	2.62888 6.48981,
	2.63861 6.48137,
	2.64834 6.47164,
	2.65353 6.46645,
	2.65872 6.46256,
	2.66132 6.45996,
	2.66392 6.45866,
	2.68338 6.43855,
	2.69376 6.43012,
	2.70414 6.42428,
	2.71452 6.42039,
	2.71971 6.41779,
	2.74047 6.4126,
	2.75085 6.4139,
	2.75604 6.4152,
	2.75864 6.41584,
	2.76383 6.41909,
	2.76902 6.42103,
	2.77875 6.43077,
	2.78524 6.44115,
	2.78848 6.45153,
	2.78978 6.45218,
	2.79173 6.46256,
	2.79432 6.46775,
	2.79562 6.47034,
	2.806 6.47878,
	2.81638 6.48267,
	2.83714 6.48462,
	2.84233 6.48397,
	2.85206 6.47813,
	2.86244 6.47099,
	2.87282 6.46126,
	2.87607 6.45607,
	2.88515 6.44569,
	2.89553 6.43596,
	2.90591 6.42752,
	2.91629 6.41714,
	2.92148 6.41195,
	2.92732 6.40157,
	2.93057 6.38081,
	2.93057 6.37821,
	2.93446 6.36783,
	2.93705 6.36264,
	2.94549 6.35226,
	2.94808 6.34967,
	2.95846 6.34318,
	2.96106 6.34123,
	2.96625 6.33929,
	2.97663 6.33929,
	2.98182 6.34059,
	2.98442 6.34123,
	2.98701 6.34318,
	2.98961 6.34383,
	2.99999 6.35161,
	3.00518 6.35616,
	3.00777 6.3568,
	3.01037 6.35875,
	3.01296 6.3594,
	3.01426 6.3607,
	3.01556 6.3607,
	3.02075 6.36394,
	3.02594 6.36589,
	3.03113 6.36913,
	3.05189 6.37692,
	3.05708 6.37886,
	3.05967 6.37951,
	3.06097 6.38081,
	3.08173 6.38535,
	3.09211 6.38665,
	3.09471 6.38665,
	3.0999 6.3886,
	3.10249 6.3886,
	3.10768 6.39054,
	3.11028 6.39054,
	3.13104 6.39898,
	3.13623 6.40222,
	3.14531 6.4126,
	3.14531 6.4139,
	3.14726 6.41584,
	3.14791 6.41844,
	3.16283 6.4392,
	3.16413 6.4418,
	3.18294 6.46191,
	3.19138 6.47229,
	3.19268 6.47229,
	3.19787 6.47683,
	3.20111 6.48202,
	3.2063 6.48656,
	3.2089 6.48916,
	3.2089 6.49045,
	3.21344 6.49565,
	3.21344 6.49694,
	3.21798 6.50213,
	3.22122 6.50732,
	3.22836 6.52808,
	3.2342 6.56961,
	3.23614 6.57999,
	3.24847 6.62151,
	3.25042 6.63189,
	3.25172 6.63449,
	3.25236 6.63968,
	3.25431 6.64487,
	3.25626 6.66563,
	3.25626 6.67601,
	3.25431 6.68639,
	3.25301 6.70715,
	3.25431 6.72791,
	3.24977 6.76943,
	3.24782 6.81096,
	3.24782 6.85248,
	3.24782 6.85767,
	3.24328 6.87843,
	3.23809 6.88881,
	3.23095 6.89919,
	3.22771 6.90438,
	3.22122 6.92514,
	3.21668 6.93552,
	3.21538 6.93812,
	3.21019 6.94266,
	3.18943 6.95109,
	3.17905 6.95628,
	3.17646 6.95823,
	3.16997 6.96861,
	3.16608 6.97899,
	3.16348 6.98418,
	3.16218 6.98678,
	3.15245 6.99716,
	3.14207 7.00364,
	3.12131 7.01403,
	3.10055 7.0257,
	3.09017 7.03284,
	3.06941 7.04387,
	3.05903 7.04906,
	3.04865 7.05555,
	3.04346 7.05879,
	3.03826 7.06333,
	3.03113 7.07371,
	3.02788 7.0789,
	3.02269 7.08345,
	3.01231 7.08993,
	2.99155 7.09966,
	2.98117 7.10486,
	2.97079 7.10745,
	2.96041 7.10875,
	2.95003 7.1081,
	2.92927 7.10291,
	2.90851 7.09318,
	2.88775 7.08539,
	2.87737 7.0815,
	2.86699 7.0789,
	2.86179 7.07696,
	2.8566 7.07631,
	2.84622 7.07242,
	2.8047 7.06528,
	2.78394 7.06268,
	2.76318 7.06268,
	2.74242 7.06398,
	2.72166 7.06074,
	2.71128 7.05749,
	2.7009 7.05165,
	2.69635 7.04646,
	2.69052 7.03608,
	2.68922 7.03349,
	2.68857 7.01273,
	2.68857 7.00235,
	2.68987 6.99197,
	2.69181 6.98678,
	2.69181 6.9764,
	2.69181 6.97121,
	2.68792 6.96082,
	2.68273 6.95628,
	2.67754 6.95304,
	2.67494 6.95109,
	2.67235 6.95044,
	2.66975 6.9485,
	2.66716 6.94785,
	2.66456 6.9459,
	2.6438 6.93877,
	2.62304 6.93358,
	2.61266 6.93098,
	2.61007 6.92903,
	2.60488 6.92839,
	2.60228 6.92644,
	2.5919 6.9232,
	2.58671 6.9219,
	2.58411 6.9206,
	2.58282 6.9193,
	2.58022 6.91865,
	2.57763 6.91671,
	2.57244 6.91476,
	2.56725 6.91152,
	2.56465 6.90892,
	2.55946 6.90698,
	2.55427 6.90373,
	2.55168 6.90179,
	2.54648 6.89984,
	2.5361 6.89335,
	2.52572 6.88816,
	2.50496 6.88102,
	2.49458 6.87713,
	2.47382 6.87518,
	2.46344 6.87454,
	2.44268 6.87713,
	2.43749 6.87778,
	2.43489 6.87778,
	2.41413 6.88751,
	2.40894 6.88881,
	2.39856 6.88751,
	2.39597 6.88751,
	2.38559 6.88232,
	2.37521 6.87454,
	2.36482 6.86416,
	2.35704 6.85378,
	2.34796 6.84339,
	2.34017 6.83301,
	2.33044 6.82263,
	2.32849 6.81744,
	2.32655 6.81485,
	2.3233 6.80447,
	2.32265 6.79409,
	2.32265 6.78955,
	"/>
</Transform>

<Transform dim="0"
 xcoef=" 0 1 0 0 0 0"
 ycoef=" 0 0 1 0 0 0">
<Contour name="ddh_d06ax18" comment="traced by ddh" hidden="false" closed="true" simplified="true" border="1 0 0.5" fill="1 0 0.5" mode="11"
 points="3.3871 7.93085,
	3.38881 7.92178,
	3.39164 7.9127,
	3.39334 7.90362,
	3.39561 7.86732,
	3.39732 7.85824,
	3.39845 7.85711,
	3.39902 7.85484,
	3.40526 7.84633,
	3.40753 7.84463,
	3.41036 7.84009,
	3.41206 7.83782,
	3.41604 7.83498,
	3.4183 7.83442,
	3.42284 7.83101,
	3.42511 7.82988,
	3.42738 7.83045,
	3.42851 7.83045,
	3.42965 7.83158,
	3.43192 7.83215,
	3.43532 7.83555,
	3.43646 7.83669,
	3.43646 7.83782,
	3.44156 7.84633,
	3.44383 7.85087,
	3.4444 7.85314,
	3.4461 7.85484,
	3.4461 7.85597,
	3.44723 7.85711,
	3.44723 7.85824,
	3.45007 7.86221,
	3.45404 7.86618,
	3.46255 7.87129,
	3.46709 7.87356,
	3.47616 7.87356,
	3.4807 7.87299,
	3.48524 7.87129,
	3.49262 7.86278,
	3.49772 7.8537,
	3.49942 7.84917,
	3.49942 7.8469,
	3.50056 7.84463,
	3.50169 7.83555,
	3.50283 7.83101,
	3.50339 7.82194,
	3.50339 7.8174,
	3.50509 7.80832,
	3.50566 7.79925,
	3.5068 7.79471,
	3.50907 7.79017,
	3.50963 7.7879,
	3.51077 7.78677,
	3.51417 7.77826,
	3.51701 7.77372,
	3.52098 7.76975,
	3.52325 7.76805,
	3.52779 7.76635,
	3.53232 7.76635,
	3.5414 7.76805,
	3.54594 7.76975,
	3.55048 7.77032,
	3.55501 7.77202,
	3.55955 7.77485,
	3.56069 7.77599,
	3.56182 7.77599,
	3.56976 7.78223,
	3.57373 7.78563,
	3.57487 7.7879,
	3.57714 7.78904,
	3.58962 7.80549,
	3.59699 7.81456,
	3.60323 7.82307,
	3.60607 7.82591,
	3.60663 7.82818,
	3.60834 7.82988,
	3.60834 7.83101,
	3.61004 7.83328,
	3.61004 7.83442,
	3.61514 7.84349,
	3.61798 7.85257,
	3.61855 7.85484,
	3.61968 7.85541,
	3.62308 7.86448,
	3.62762 7.87356,
	3.62819 7.87583,
	3.62989 7.8781,
	3.63046 7.88037,
	3.63216 7.88263,
	3.63216 7.88377,
	3.63386 7.88604,
	3.63386 7.88717,
	3.635 7.88831,
	3.6367 7.89284,
	3.63783 7.89398,
	3.63783 7.89511,
	3.63954 7.89738,
	3.6401 7.89965,
	3.64124 7.90079,
	3.6418 7.90306,
	3.64294 7.90419,
	3.64351 7.90873,
	3.64634 7.9178,
	3.64691 7.92688,
	3.64578 7.94503,
	3.64521 7.95411,
	3.64351 7.96318,
	3.64294 7.97226,
	3.6418 7.97453,
	3.64124 7.97907,
	3.6384 7.98814,
	3.63727 7.99268,
	3.63727 7.99382,
	3.63159 8.00289,
	3.62422 8.01083,
	3.62025 8.01424,
	3.61798 8.01537,
	3.61684 8.01651,
	3.59869 8.02275,
	3.58962 8.02502,
	3.58054 8.02842,
	3.57827 8.02899,
	3.57373 8.03182,
	3.57146 8.03239,
	3.5692 8.03409,
	3.56693 8.03466,
	3.56239 8.03806,
	3.56012 8.03863,
	3.55615 8.04147,
	3.55388 8.0426,
	3.55161 8.04487,
	3.55048 8.04487,
	3.54197 8.05111,
	3.5397 8.05224,
	3.53516 8.05622,
	3.52665 8.06132,
	3.52211 8.06472,
	3.5136 8.06983,
	3.51133 8.0704,
	3.50963 8.0721,
	3.50056 8.07607,
	3.49942 8.07607,
	3.49829 8.0772,
	3.49715 8.0772,
	3.49488 8.07891,
	3.48581 8.07834,
	3.46766 8.07494,
	3.46312 8.07323,
	3.45404 8.06756,
	3.44667 8.05905,
	3.44156 8.05054,
	3.44156 8.04941,
	3.44043 8.04827,
	3.43873 8.04374,
	3.43759 8.0426,
	3.43759 8.04147,
	3.43589 8.0392,
	3.43532 8.03693,
	3.42568 8.01878,
	3.4183 8.01083,
	3.4098 8.00403,
	3.40242 7.99665,
	3.39902 7.99325,
	3.39391 7.98474,
	3.39221 7.9802,
	3.39108 7.97907,
	3.3871 7.96092,
	3.3871 7.94276,
	3.3871 7.93369,
	3.3871 7.93142,
	"/>
</Transform>

<Transform dim="0"
 xcoef=" 0 1 0 0 0 0"
 ycoef=" 0 0 1 0 0 0">
<Contour name="ddh_d06ax19" comment="traced by ddh" hidden="false" closed="true" simplified="true" border="1 0 0" fill="1 0 0" mode="11"
 points="2.11607 5.49854,
	2.12896 5.47427,
	2.13503 5.46214,
	2.13882 5.45607,
	2.14868 5.44393,
	2.19722 5.41208,
	2.22148 5.3954,
	2.23362 5.38781,
	2.23969 5.38326,
	2.24272 5.38175,
	2.24727 5.37568,
	2.25865 5.35141,
	2.2632 5.33928,
	2.26395 5.33321,
	2.27609 5.30894,
	2.27912 5.30287,
	2.28822 5.29074,
	2.2905 5.2877,
	2.30263 5.28164,
	2.31477 5.27329,
	2.32614 5.26344,
	2.336 5.2513,
	2.35117 5.22703,
	2.3542 5.22324,
	2.35951 5.21869,
	2.36255 5.21717,
	2.37316 5.2058,
	2.38151 5.19518,
	2.38302 5.19442,
	2.38378 5.19139,
	2.38606 5.18911,
	2.38682 5.18608,
	2.3944 5.17394,
	2.39971 5.16788,
	2.41488 5.14437,
	2.42777 5.12161,
	2.43232 5.10948,
	2.43459 5.1072,
	2.44294 5.08294,
	2.44749 5.0708,
	2.4528 5.04653,
	2.4528 5.0344,
	2.44976 5.02226,
	2.4437 5.01013,
	2.4399 5.00406,
	2.43459 4.99951,
	2.42929 4.99344,
	2.40578 4.97752,
	2.38151 4.96993,
	2.36937 4.96918,
	2.3633 4.96993,
	2.35724 4.97297,
	2.35117 4.97828,
	2.34207 4.98965,
	2.33828 4.99496,
	2.336 5.00103,
	2.336 5.00406,
	2.33449 5.0071,
	2.33373 5.03136,
	2.33297 5.0435,
	2.32766 5.05563,
	2.32008 5.06777,
	2.31553 5.07383,
	2.30946 5.07839,
	2.29808 5.08218,
	2.2905 5.08294,
	2.27836 5.08218,
	2.2723 5.08218,
	2.26623 5.08066,
	2.2541 5.07459,
	2.24348 5.06322,
	2.23741 5.05108,
	2.23589 5.04805,
	2.23362 5.03591,
	2.23438 5.02378,
	2.23438 5.01771,
	2.23741 5.00558,
	2.24044 4.99951,
	2.24348 4.97524,
	2.24575 4.96311,
	2.24879 4.95704,
	2.24954 4.95401,
	2.2685 4.92974,
	2.27836 4.9176,
	2.30263 4.90395,
	2.31477 4.89713,
	2.33904 4.87817,
	2.3633 4.86072,
	2.38757 4.84783,
	2.39971 4.8448,
	2.40578 4.84404,
	2.40881 4.84328,
	2.43308 4.85162,
	2.43915 4.8539,
	2.44521 4.85466,
	2.46948 4.86755,
	2.49375 4.87893,
	2.50588 4.8903,
	2.51802 4.8994,
	2.52864 4.91154,
	2.54153 4.93581,
	2.55139 4.94794,
	2.56276 4.96007,
	2.5749 4.96993,
	2.59917 4.98283,
	2.6113 4.98814,
	2.61737 4.99117,
	2.64164 4.99724,
	2.66591 5.00103,
	2.66894 5.00179,
	2.67197 5.00103,
	2.68411 5.00406,
	2.69018 5.00558,
	2.70231 5.01089,
	2.71444 5.01771,
	2.72658 5.02985,
	2.73037 5.03591,
	2.73189 5.03895,
	2.73416 5.08749,
	2.73189 5.09962,
	2.7281 5.11175,
	2.7243 5.13602,
	2.71824 5.16029,
	2.71596 5.17243,
	2.71672 5.18456,
	2.719 5.1967,
	2.72885 5.22096,
	2.73113 5.22703,
	2.73796 5.23917,
	2.74326 5.24523,
	2.75767 5.2695,
	2.76829 5.29377,
	2.77284 5.30591,
	2.77891 5.31804,
	2.78194 5.32107,
	2.79332 5.34534,
	2.79863 5.35748,
	2.80773 5.40601,
	2.81 5.41815,
	2.80849 5.44242,
	2.80394 5.46669,
	2.79559 5.49096,
	2.79332 5.50309,
	2.7918 5.50916,
	2.80166 5.53343,
	2.80242 5.54556,
	2.80318 5.55163,
	2.80166 5.56376,
	2.78725 5.6123,
	2.77663 5.63657,
	2.7736 5.64264,
	2.76981 5.65477,
	2.76753 5.6669,
	2.76602 5.69117,
	2.75843 5.71544,
	2.74781 5.73971,
	2.74175 5.75185,
	2.7334 5.77611,
	2.73113 5.78218,
	2.72885 5.78446,
	2.72279 5.78597,
	2.71672 5.78294,
	2.69473 5.76019,
	2.67046 5.73971,
	2.65832 5.72985,
	2.63405 5.71544,
	2.62192 5.70786,
	2.60979 5.70179,
	2.58552 5.69345,
	2.57338 5.68966,
	2.52484 5.68131,
	2.50058 5.67601,
	2.49451 5.67373,
	2.47024 5.66084,
	2.45811 5.65553,
	2.43384 5.6487,
	2.40957 5.64339,
	2.4035 5.64188,
	2.37923 5.62898,
	2.3671 5.62292,
	2.36103 5.61988,
	2.358 5.61837,
	2.34586 5.61761,
	2.32159 5.61837,
	2.30946 5.61761,
	2.29732 5.61837,
	2.28519 5.6214,
	2.26092 5.62292,
	2.25485 5.6214,
	2.23058 5.61078,
	2.21845 5.60699,
	2.16991 5.60244,
	2.15778 5.60017,
	2.15474 5.60017,
	2.14868 5.59789,
	2.14261 5.59334,
	2.13654 5.58727,
	2.13351 5.585,
	2.12213 5.56073,
	2.11834 5.54859,
	2.11682 5.53646,
	2.11607 5.51219,
	2.11607 5.50006,
	2.11607 5.4993,
	"/>
</Transform>

<Transform dim="6"
 xcoef=" 0.00572788008452058 1.08519704618609 0.0139220656344447 0 0 0"
 ycoef=" -1.2740295897806 0.0417632056825114 1.02220086198298 0 0 0">
<Image mag="0.00217507" contrast="0.922734" brightness="0.09" red="true" green="true" blue="true"
 src="FHLTD.151.jpg" />
<Contour name="domain1" hidden="false" closed="true" simplified="false" border="1 0 1" fill="1 0 1" mode="11"
 points="0 0,
	4096 0,
	4096 4096,
	0 4096,
	"/>
</Transform>

<Transform dim="0"
 xcoef=" 0 1 0 0 0 0"
 ycoef=" 0 0 1 0 0 0">
<Contour name="ddh_d07ax26" comment="traced by ddh" hidden="false" closed="true" simplified="true" border="0.5 0 1" fill="0.5 0 1" mode="11"
 points="4.04239 8.77594,
	4.04457 8.75271,
	4.04385 8.7469,
	4.04457 8.74109,
	4.04675 8.73529,
	4.06054 8.71205,
	4.06926 8.70044,
	4.07942 8.67721,
	4.08378 8.65397,
	4.08523 8.64817,
	4.08595 8.63655,
	4.08813 8.62493,
	4.09902 8.6017,
	4.10193 8.59589,
	4.1208 8.57266,
	4.12225 8.56976,
	4.1208 8.56395,
	4.12008 8.51748,
	4.11572 8.49425,
	4.10919 8.47102,
	4.10773 8.46521,
	4.10991 8.44198,
	4.11645 8.41875,
	4.11935 8.41294,
	4.12298 8.38971,
	4.1208 8.37809,
	4.11354 8.35486,
	4.11499 8.34905,
	4.11499 8.34615,
	4.12734 8.32292,
	4.13532 8.3113,
	4.13677 8.3084,
	4.14258 8.30331,
	4.14549 8.30114,
	4.1571 8.29896,
	4.16872 8.29823,
	4.18033 8.30041,
	4.20357 8.30041,
	4.2268 8.29751,
	4.23261 8.29678,
	4.24422 8.29025,
	4.25584 8.28662,
	4.27907 8.28299,
	4.28488 8.28226,
	4.29649 8.2779,
	4.3023 8.27427,
	4.30521 8.27137,
	4.30811 8.26556,
	4.31537 8.24233,
	4.3161 8.23652,
	4.31101 8.22491,
	4.30375 8.21329,
	4.28488 8.19006,
	4.27689 8.17844,
	4.27399 8.17263,
	4.27254 8.16102,
	4.25656 8.11455,
	4.25366 8.10294,
	4.25511 8.0797,
	4.25584 8.06809,
	4.25584 8.06228,
	4.26165 8.03905,
	4.25947 8.01582,
	4.25874 8.0042,
	4.25947 7.99258,
	4.25874 7.98097,
	4.25293 7.95774,
	4.2493 7.94612,
	4.24858 7.94031,
	4.25003 7.9287,
	4.25366 7.91708,
	4.26455 7.89385,
	4.27834 7.87061,
	4.29359 7.84738,
	4.30158 7.83577,
	4.31101 7.82415,
	4.31537 7.81834,
	4.32553 7.79511,
	4.32844 7.78349,
	4.32844 7.78204,
	4.32989 7.78059,
	4.32989 7.77914,
	4.33933 7.76825,
	4.34514 7.76389,
	4.34804 7.76171,
	4.35966 7.75808,
	4.37127 7.75663,
	4.38289 7.75155,
	4.3887 7.74792,
	4.40031 7.7363,
	4.41193 7.72687,
	4.42355 7.72033,
	4.43516 7.71598,
	4.44678 7.71307,
	4.49324 7.70944,
	4.50486 7.70872,
	4.51067 7.70726,
	4.52156 7.69637,
	4.53317 7.68694,
	4.54479 7.6804,
	4.56802 7.67242,
	4.59125 7.66661,
	4.60287 7.66298,
	4.64933 7.65572,
	4.66095 7.65499,
	4.66676 7.65499,
	4.67837 7.65717,
	4.68999 7.66298,
	4.6958 7.66733,
	4.70161 7.67024,
	4.72484 7.68766,
	4.74444 7.71089,
	4.74589 7.71235,
	4.74734 7.71235,
	4.75823 7.72396,
	4.76332 7.72977,
	4.76912 7.7334,
	4.77493 7.73848,
	4.77784 7.74139,
	4.78945 7.74865,
	4.80107 7.75808,
	4.81051 7.7697,
	4.81268 7.7726,
	4.81414 7.78422,
	4.81051 7.80745,
	4.80978 7.81326,
	4.81123 7.81907,
	4.81414 7.82488,
	4.82285 7.83649,
	4.83374 7.84738,
	4.83592 7.859,
	4.83374 7.86481,
	4.82938 7.86989,
	4.81777 7.87497,
	4.81196 7.87933,
	4.80034 7.88368,
	4.78873 7.88949,
	4.78292 7.8924,
	4.7713 7.90401,
	4.75751 7.92724,
	4.75025 7.93886,
	4.74662 7.94467,
	4.74517 7.94757,
	4.72411 7.9708,
	4.7183 7.97589,
	4.70669 7.98315,
	4.70378 7.9846,
	4.69217 7.99476,
	4.68273 8.00638,
	4.67474 8.02961,
	4.67184 8.04123,
	4.66095 8.06446,
	4.65151 8.08769,
	4.64062 8.11092,
	4.63844 8.11673,
	4.63481 8.12254,
	4.61521 8.14577,
	4.59996 8.169,
	4.59561 8.17481,
	4.5927 8.17771,
	4.56875 8.22418,
	4.56439 8.2358,
	4.56221 8.24741,
	4.55858 8.25903,
	4.55277 8.27064,
	4.54479 8.28226,
	4.52156 8.32872,
	4.51865 8.33453,
	4.50921 8.34615,
	4.48743 8.36938,
	4.48235 8.37519,
	4.47945 8.37809,
	4.47364 8.38971,
	4.46565 8.41294,
	4.45622 8.43617,
	4.45113 8.44779,
	4.4475 8.4536,
	4.42645 8.47683,
	4.41193 8.50006,
	4.40903 8.50587,
	4.38579 8.52184,
	4.37418 8.5291,
	4.36837 8.53273,
	4.36329 8.53781,
	4.35603 8.54943,
	4.35022 8.56105,
	4.34732 8.58428,
	4.34586 8.59589,
	4.34732 8.61913,
	4.34877 8.63074,
	4.34877 8.64236,
	4.34659 8.65397,
	4.3357 8.67721,
	4.32989 8.68882,
	4.32699 8.69463,
	4.32408 8.70625,
	4.3219 8.71205,
	4.31464 8.72367,
	4.30884 8.72948,
	4.30593 8.73238,
	4.30012 8.73529,
	4.27689 8.73746,
	4.27108 8.73674,
	4.25947 8.73819,
	4.25366 8.73964,
	4.24204 8.74618,
	4.23043 8.75489,
	4.22462 8.75852,
	4.213 8.76796,
	4.18977 8.77739,
	4.18687 8.77885,
	4.17525 8.77957,
	4.16364 8.78175,
	4.15783 8.78248,
	4.1346 8.77885,
	4.12879 8.77812,
	4.11717 8.77885,
	4.10556 8.7832,
	4.09975 8.78538,
	4.09684 8.78611,
	4.09176 8.79119,
	4.08595 8.8028,
	4.08378 8.80861,
	4.08015 8.81369,
	4.07434 8.81805,
	4.06272 8.81878,
	4.05691 8.81878,
	4.05111 8.81442,
	4.04457 8.8028,
	4.04239 8.797,
	4.04239 8.78538,
	4.04239 8.77957,
	4.04239 8.77667,
	"/>
</Transform>

<Transform dim="0"
 xcoef=" 0 1 0 0 0 0"
 ycoef=" 0 0 1 0 0 0">
<Contour name="ddh_d07ax27" comment="traced by ddh" hidden="false" closed="true" simplified="true" border="1 0 0.5" fill="1 0 0.5" mode="11"
 points="3.28355 6.56337,
	3.28515 6.5591,
	3.28782 6.55483,
	3.28942 6.5527,
	3.28995 6.55057,
	3.29742 6.5447,
	3.30595 6.54044,
	3.30755 6.53884,
	3.30968 6.5383,
	3.31342 6.5351,
	3.31768 6.5335,
	3.32621 6.53297,
	3.36035 6.51537,
	3.36888 6.5111,
	3.37101 6.51004,
	3.38808 6.50897,
	3.39661 6.50684,
	3.40514 6.5063,
	3.41368 6.5047,
	3.41794 6.5031,
	3.43501 6.50097,
	3.45207 6.50044,
	3.46061 6.50097,
	3.46914 6.50257,
	3.47341 6.50417,
	3.47554 6.5047,
	3.47661 6.50577,
	3.47767 6.50577,
	3.48194 6.50844,
	3.48834 6.51644,
	3.49367 6.52444,
	3.49527 6.5287,
	3.49634 6.52924,
	3.49741 6.5335,
	3.50007 6.53777,
	3.50167 6.5399,
	3.5022 6.54204,
	3.50807 6.55003,
	3.5102 6.5511,
	3.5134 6.55537,
	3.51714 6.55803,
	3.52407 6.5655,
	3.5278 6.56763,
	3.52994 6.56977,
	3.53207 6.5703,
	3.53634 6.57297,
	3.5406 6.57457,
	3.54167 6.57563,
	3.54274 6.57563,
	3.54487 6.57723,
	3.547 6.57777,
	3.54807 6.57777,
	3.5502 6.57937,
	3.55447 6.58043,
	3.55873 6.5831,
	3.5598 6.5831,
	3.56407 6.5863,
	3.5662 6.5879,
	3.56833 6.58843,
	3.57207 6.59163,
	3.5742 6.59323,
	3.57633 6.59377,
	3.57953 6.59697,
	3.58167 6.5991,
	3.5838 6.60017,
	3.58913 6.60816,
	3.59287 6.61243,
	3.5934 6.61456,
	3.60033 6.6231,
	3.6046 6.62576,
	3.60673 6.6263,
	3.61527 6.6311,
	3.61953 6.63216,
	3.62273 6.63483,
	3.63126 6.63963,
	3.635 6.6423,
	3.63606 6.6423,
	3.6446 6.64976,
	3.64726 6.65403,
	3.6478 6.6583,
	3.64726 6.66683,
	3.64673 6.67109,
	3.6462 6.67323,
	3.643 6.67749,
	3.6414 6.67963,
	3.6414 6.68069,
	3.6382 6.68336,
	3.63606 6.68549,
	3.6318 6.68816,
	3.62753 6.69189,
	3.6238 6.69456,
	3.62273 6.69563,
	3.6206 6.69616,
	3.6126 6.70256,
	3.61047 6.70309,
	3.60247 6.70843,
	3.60033 6.70896,
	3.59607 6.71163,
	3.5918 6.71323,
	3.58327 6.71429,
	3.57473 6.71643,
	3.55767 6.71856,
	3.5406 6.71963,
	3.50647 6.71856,
	3.49794 6.71803,
	3.49367 6.71696,
	3.47661 6.71643,
	3.46807 6.71536,
	3.46381 6.71483,
	3.46167 6.71376,
	3.44461 6.71429,
	3.43608 6.71483,
	3.42754 6.71643,
	3.41048 6.71696,
	3.39341 6.71643,
	3.38488 6.71643,
	3.37635 6.71429,
	3.36781 6.71323,
	3.36355 6.71216,
	3.35928 6.70949,
	3.35555 6.70789,
	3.34755 6.70256,
	3.34648 6.70256,
	3.34328 6.69829,
	3.33955 6.69509,
	3.33795 6.69349,
	3.33741 6.69136,
	3.33208 6.68283,
	3.33208 6.68176,
	3.32941 6.67749,
	3.32781 6.67536,
	3.32675 6.67429,
	3.32675 6.67216,
	3.32141 6.66363,
	3.32088 6.6615,
	3.31822 6.65723,
	3.31555 6.6487,
	3.31075 6.64016,
	3.31022 6.63803,
	3.30755 6.6343,
	3.30595 6.63216,
	3.30488 6.6279,
	3.30222 6.62363,
	3.30062 6.6215,
	3.29742 6.61296,
	3.29742 6.6119,
	3.29422 6.60763,
	3.28995 6.5991,
	3.28888 6.59697,
	3.28888 6.59483,
	3.28515 6.5863,
	3.28355 6.58203,
	3.28355 6.56497,
	3.28355 6.5639,
	"/>
</Transform>

</Section>