<?xml version="1.0"?>
<!DOCTYPE Section SYSTEM "section.dtd">

<Section index="111" thickness="0.045" alignLocked="true">
<Transform dim="6"
 xcoef=" -0.195437549579133 1.08227075282531 0.028109460952694 0 0 0"
 ycoef=" -0.233543786327638 0.00950168631349873 0.914549634236124 0 0 0">
<Image mag="0.00217507" contrast="0.821401" brightness="0.15" red="true" green="true" blue="true"
 src="FHLTD.111.jpg" />
<Contour name="domain1" hidden="false" closed="true" simplified="false" border="1 0 1" fill="1 0 1" mode="11"
 points="0 0,
	4096 0,
	4096 4096,
	0 4096,
	"/>
</Transform>

<Transform dim="0"
 xcoef=" 0 1 0 0 0 0"
 ycoef=" 0 0 1 0 0 0">
<Contour name="D04" hidden="false" closed="true" simplified="true" border="1 0 0" fill="1 0 0" mode="11"
 points="3.50842 6.07043,
	3.51126 6.03153,
	3.51975 5.99335,
	3.53373 5.95673,
	3.55289 5.92245,
	3.57683 5.89128,
	3.60499 5.86389,
	3.63677 5.84088,
	3.6715 5.82275,
	3.70839 5.8099,
	3.74666 5.8026,
	3.78546 5.80102,
	3.82395 5.8052,
	3.86129 5.81503,
	3.89665 5.83031,
	3.92929 5.8507,
	3.95847 5.87576,
	3.98356 5.90493,
	4.00402 5.9376,
	4.0194 5.97303,
	4.02936 6.01046,
	4.0337 6.04907,
	4.0323 6.08802,
	4.02521 6.12647,
	4.01258 6.16355,
	3.99467 6.1985,
	3.97189 6.23051,
	3.94473 6.2589,
	3.91379 6.28306,
	3.87973 6.30245,
	3.8433 6.31665,
	3.8053 6.32535,
	3.76655 6.32837,
	3.72791 6.32563,
	3.69021 6.31719,
	3.65428 6.30325,
	3.62089 6.2841,
	3.59079 6.26016,
	3.56461 6.23196,
	3.54294 6.2001,
	3.52625 6.1653,
	3.51491 6.12829,
	"/>
<Contour name="D05" hidden="false" closed="true" simplified="true" border="1 1 0" fill="1 1 0" mode="11"
 points="2.44061 4.3056,
	2.45235 4.23324,
	2.48655 4.16744,
	2.53988 4.11464,
	2.6071 4.08001,
	2.68162 4.06695,
	2.75619 4.07671,
	2.82347 4.10836,
	2.8769 4.15881,
	2.91122 4.22308,
	2.9231 4.29493,
	2.91136 4.36729,
	2.87716 4.43308,
	2.82384 4.48589,
	2.75662 4.52052,
	2.68208 4.53358,
	2.60753 4.52382,
	2.54024 4.49216,
	2.48681 4.44172,
	"/>
<Contour name="d01" hidden="false" closed="true" simplified="true" border="1 0.5 0" fill="1 0.5 0" mode="9"
 points="5.89449 4.10125,
	5.89984 4.09583,
	5.90519 4.10102,
	5.91049 4.05846,
	5.91047 4.03724,
	5.92115 4.01578,
	5.94254 4.01,
	5.96395 4.02013,
	5.98534 4.01966,
	6.02815 4.04524,
	6.05494 4.08709,
	6.071 4.10796,
	6.07101 4.11857,
	6.08172 4.12894,
	6.08708 4.15004,
	6.09244 4.16054,
	6.0871 4.17126,
	6.00154 4.18377,
	5.98016 4.19485,
	5.95876 4.19532,
	5.93736 4.18519,
	5.91595 4.16444,
	5.89986 4.12236,
	5.8945 4.10655,
	"/>
<Contour name="d02" hidden="false" closed="true" simplified="true" border="0.5 0 1" fill="0.5 0 1" mode="9"
 points="3.8542 6.96524,
	3.87929 6.93977,
	3.89183 6.91457,
	3.89801 6.81476,
	3.89796 6.76493,
	3.89793 6.74001,
	3.91048 6.71481,
	3.96068 6.68256,
	4.06115 6.66787,
	4.11137 6.63562,
	4.13644 6.58522,
	4.14269 6.56017,
	4.16151 6.53484,
	4.21172 6.51503,
	4.22428 6.5023,
	4.32475 6.48762,
	4.37499 6.48651,
	4.42522 6.47294,
	4.52569 6.46448,
	4.5445 6.43915,
	4.55697 6.3392,
	4.56951 6.32646,
	4.5695 6.31401,
	4.5946 6.28852,
	4.69505 6.24893,
	4.70761 6.24865,
	4.72018 6.26083,
	4.72019 6.27329,
	4.75792 6.3223,
	4.78305 6.3342,
	4.8333 6.33931,
	4.85842 6.33875,
	4.95268 6.39897,
	4.97155 6.4297,
	4.93391 6.46791,
	4.93392 6.48037,
	4.98418 6.5104,
	5.02819 6.55304,
	5.04076 6.56522,
	5.04085 6.66489,
	5.0409 6.71473,
	5.00956 6.76526,
	4.98446 6.79073,
	4.95935 6.80374,
	4.92172 6.85441,
	4.89662 6.87366,
	4.84639 6.88723,
	4.74596 6.93928,
	4.72086 6.96476,
	4.69576 6.97778,
	4.65184 7.02858,
	4.65185 7.04104,
	4.62675 7.06651,
	4.60164 7.0733,
	4.58908 7.07358,
	4.57026 7.09891,
	4.46983 7.15097,
	4.44473 7.17021,
	4.39449 7.1651,
	4.36931 7.11581,
	4.31906 7.09824,
	4.26882 7.09312,
	4.23108 7.04412,
	4.18083 7.02654,
	4.13058 7.02765,
	4.10546 7.02821,
	4.09291 7.02849,
	4.04262 6.99223,
	3.99238 6.98088,
	3.8919 6.98933,
	3.86679 6.99612,
	3.85422 6.99016,
	3.85421 6.97147,
	"/>
<Contour name="d02" hidden="false" closed="true" simplified="true" border="0.5 0 1" fill="0.5 0 1" mode="9"
 points="5.45311 5.71637,
	5.47039 5.70312,
	5.53955 5.70159,
	5.55686 5.71408,
	5.56121 5.74828,
	5.55691 5.76553,
	5.53963 5.78306,
	5.52234 5.78773,
	5.48776 5.77992,
	5.45747 5.74629,
	5.45313 5.72924,
	5.45312 5.72067,
	"/>
<Contour name="d02" hidden="false" closed="true" simplified="true" border="0.5 0 1" fill="0.5 0 1" mode="9"
 points="5.04655 5.99463,
	5.06954 5.9713,
	5.07939 5.95803,
	5.08596 5.95136,
	5.11226 5.94752,
	5.16489 5.96267,
	5.21753 5.98433,
	5.23068 5.9873,
	5.25373 6.01288,
	5.28005 6.03187,
	5.29321 6.03811,
	5.30638 6.05087,
	5.30968 6.06384,
	5.3064 6.07043,
	5.31298 6.07681,
	5.31629 6.10283,
	5.31302 6.11596,
	5.29987 6.12929,
	5.27358 6.1364,
	5.22096 6.13429,
	5.16832 6.09958,
	5.11568 6.07792,
	5.08937 6.06871,
	5.07621 6.05921,
	5.06962 6.05284,
	5.0696 6.03979,
	5.05314 6.01406,
	5.04656 6.00769,
	5.04655 5.9979,
	"/>
<Contour name="d02" hidden="false" closed="true" simplified="true" border="0.5 0 1" fill="0.5 0 1" mode="9"
 points="3.15306 6.42126,
	3.17239 6.41364,
	3.18206 6.41583,
	3.19899 6.43224,
	3.20867 6.43682,
	3.24735 6.43836,
	3.26668 6.43793,
	3.27635 6.44251,
	3.28119 6.44241,
	3.28603 6.45189,
	3.28846 6.45664,
	3.28604 6.46148,
	3.24738 6.47432,
	3.22805 6.47955,
	3.18939 6.50198,
	3.17973 6.50459,
	3.1749 6.5047,
	3.16279 6.48579,
	3.1652 6.47614,
	3.15793 6.46671,
	3.15309 6.44764,
	3.15307 6.42846,
	3.15306 6.42366,
	"/>
<Contour name="d02" hidden="false" closed="true" simplified="true" border="0.5 0 1" fill="0.5 0 1" mode="9"
 points="5.62701 6.97915,
	5.63158 6.96085,
	5.64074 6.95156,
	5.71409 6.94993,
	5.75077 6.95367,
	5.7829 6.98479,
	5.79667 7.00268,
	5.83334 7.00187,
	5.85169 7.006,
	5.88838 7.02794,
	5.90674 7.04571,
	5.91134 7.06381,
	5.91134 7.0729,
	5.89303 7.0915,
	5.85635 7.09686,
	5.81968 7.09312,
	5.80133 7.09353,
	5.76927 7.11697,
	5.75094 7.12648,
	5.71427 7.12729,
	5.67757 7.10991,
	5.65922 7.09667,
	5.64084 7.0607,
	5.64084 7.0516,
	5.63166 7.04271,
	5.62704 7.00643,
	5.62702 6.98824,
	5.62702 6.9837,
	"/>
<Contour name="d02c08" hidden="false" closed="true" simplified="true" border="0 1 0" fill="0 1 0" mode="9"
 points="5.51475 5.76464,
	5.52801 5.74327,
	5.5333 5.72207,
	5.54393 5.71919,
	5.55455 5.7216,
	5.55723 5.73208,
	5.54927 5.75334,
	5.53601 5.77472,
	5.53071 5.7801,
	5.52007 5.77771,
	5.51476 5.77255,
	5.51475 5.76728,
	"/>
<Contour name="d02cfa08" hidden="false" closed="false" simplified="false" border="0 1 1" fill="0 1 1" mode="9"
 points="5.51851 5.77378,
	5.53107 5.76283,
	5.53824 5.7502,
	5.54541 5.73402,
	5.5436 5.72159,
	"/>
<Contour name="d02c39" hidden="false" closed="true" simplified="true" border="0 1 0" fill="0 1 0" mode="9"
 points="5.69736 6.96252,
	5.71231 6.96034,
	5.72725 6.96186,
	5.73473 6.9654,
	5.7422 6.96524,
	5.75715 6.97232,
	5.7721 6.98311,
	5.77958 6.9885,
	5.80948 6.99711,
	5.82443 7.00233,
	5.82816 7.00596,
	5.82817 7.01336,
	5.8207 7.01538,
	5.80576 7.01201,
	5.79081 7.01234,
	5.78335 7.01436,
	5.77961 7.02186,
	5.77588 7.02564,
	5.76841 7.02581,
	5.75345 7.01872,
	5.73852 7.01905,
	5.73104 7.01922,
	5.72356 7.01197,
	5.71795 6.99728,
	5.71794 6.99357,
	5.71047 6.98817,
	5.70672 6.98826,
	5.69737 6.97365,
	5.69736 6.96623,
	5.69736 6.96437,
	"/>
<Contour name="d02cfa39" hidden="false" closed="false" simplified="false" border="0 1 1" fill="0 1 1" mode="9"
 points="5.82669 7.01639,
	5.77997 6.9989,
	5.73698 6.97391,
	5.70335 6.96539,
	"/>
<Contour name="d03" hidden="false" closed="true" simplified="true" border="0 1 0" fill="0 1 0" mode="9"
 points="3.08983 3.1172,
	3.10827 3.07768,
	3.11933 3.05788,
	3.12299 3.01869,
	3.12421 2.99911,
	3.11678 2.96016,
	3.11554 2.95042,
	3.1143 2.94556,
	3.12535 2.90621,
	3.12904 2.89635,
	3.13642 2.88641,
	3.14134 2.87652,
	3.14992 2.83722,
	3.15115 2.8323,
	3.16962 2.81601,
	3.17454 2.81101,
	3.17947 2.80846,
	3.25831 2.80183,
	3.29772 2.78752,
	3.31742 2.78097,
	3.33713 2.77197,
	3.37653 2.74299,
	3.40236 2.70454,
	3.41589 2.68469,
	3.42697 2.66489,
	3.43311 2.65497,
	3.4368 2.64511,
	3.44048 2.62548,
	3.44417 2.62173,
	3.45402 2.61907,
	3.5329 2.64177,
	3.61177 2.66202,
	3.6512 2.66971,
	3.66106 2.67193,
	3.70048 2.66862,
	3.72019 2.66695,
	3.73005 2.66796,
	3.73991 2.67141,
	3.74484 2.67374,
	3.75841 2.69177,
	3.7375 2.73134,
	3.72152 2.7708,
	3.71784 2.78066,
	3.7056 2.85915,
	3.69705 2.93756,
	3.69338 2.97675,
	3.69339 2.98651,
	3.68604 3.02578,
	3.68359 3.03562,
	3.68236 3.04053,
	3.67498 3.05048,
	3.67006 3.05548,
	3.65035 3.06447,
	3.64049 3.06957,
	3.60107 3.07045,
	3.59123 3.07433,
	3.55182 3.09842,
	3.53212 3.10985,
	3.51241 3.11884,
	3.43359 3.14381,
	3.41389 3.1528,
	3.37448 3.16467,
	3.35476 3.16999,
	3.33507 3.17898,
	3.29689 3.20305,
	3.2686 3.24278,
	3.25506 3.26264,
	3.24767 3.27257,
	3.24398 3.27754,
	3.23413 3.28265,
	3.23167 3.28393,
	3.19224 3.27502,
	3.1528 3.26368,
	3.11336 3.24621,
	3.10843 3.24388,
	3.09609 3.2246,
	3.09362 3.21976,
	3.09976 3.20008,
	3.10221 3.19025,
	3.09355 3.15133,
	3.09107 3.13183,
	3.08983 3.12209,
	3.08983 3.11841,
	"/>
<Contour name="d06" hidden="false" closed="true" simplified="true" border="0 0 1" fill="0 0 1" mode="9"
 points="1.47666 6.80068,
	1.48504 6.79217,
	1.57456 6.79573,
	1.59695 6.79524,
	1.60254 6.79511,
	1.62495 6.81127,
	1.64733 6.81632,
	1.69209 6.81533,
	1.71447 6.80929,
	1.72565 6.80349,
	1.73684 6.80325,
	1.74524 6.80861,
	1.75644 6.81946,
	1.76203 6.81934,
	1.78443 6.83272,
	1.80683 6.85165,
	1.80964 6.86268,
	1.83204 6.88439,
	1.86565 6.92805,
	1.87126 6.93902,
	1.91327 6.9825,
	1.93566 6.99865,
	1.94407 7.00957,
	1.94688 7.0206,
	1.94688 7.02616,
	1.95808 7.037,
	1.98048 7.04761,
	1.99168 7.05291,
	2.00286 7.05266,
	2.02525 7.06049,
	2.07001 7.06228,
	2.09241 7.07844,
	2.10361 7.08652,
	2.14838 7.09385,
	2.17077 7.10446,
	2.26029 7.10248,
	2.28267 7.10198,
	2.28827 7.10186,
	2.31063 7.08471,
	2.32182 7.07336,
	2.34419 7.06454,
	2.43371 7.05424,
	2.47846 7.0477,
	2.50083 7.03888,
	2.54559 7.03511,
	2.55677 7.02932,
	2.60154 7.02555,
	2.64628 7.00236,
	2.69101 6.97362,
	2.71338 6.96202,
	2.72456 6.95623,
	2.73574 6.94487,
	2.78048 6.91891,
	2.80285 6.90454,
	2.83918 6.86488,
	2.88392 6.83892,
	2.90629 6.82733,
	2.92866 6.82405,
	2.93426 6.82393,
	2.94547 6.83479,
	2.95106 6.84021,
	2.97344 6.83694,
	3.06297 6.83773,
	3.10773 6.83952,
	3.11893 6.84482,
	3.13013 6.85568,
	3.13017 6.90008,
	3.13578 6.91105,
	3.14698 6.91913,
	3.16935 6.91863,
	3.18055 6.92116,
	3.19175 6.92924,
	3.19459 6.97358,
	3.19184 7.01804,
	3.17789 7.06275,
	3.1779 7.07385,
	3.16674 7.0963,
	3.15835 7.10204,
	3.14438 7.12455,
	3.13043 7.16926,
	3.13048 7.21365,
	3.1305 7.23586,
	3.13051 7.24695,
	3.11653 7.26669,
	3.09418 7.28939,
	3.07181 7.30376,
	3.06063 7.31233,
	3.05504 7.31246,
	3.04944 7.31813,
	3.00469 7.3219,
	2.99909 7.32202,
	2.9767 7.30864,
	2.79765 7.30983,
	2.70812 7.31458,
	2.70535 7.33684,
	2.68578 7.3567,
	2.64105 7.38544,
	2.5963 7.38921,
	2.57391 7.39525,
	2.52915 7.39624,
	2.51796 7.39372,
	2.49556 7.37756,
	2.47316 7.35585,
	2.46195 7.3339,
	2.44235 7.31214,
	2.39755 7.27983,
	2.37516 7.26922,
	2.35277 7.26694,
	2.33039 7.25911,
	2.31919 7.25381,
	2.27719 7.21588,
	2.2324 7.18913,
	2.14288 7.18833,
	2.09811 7.18932,
	2.07573 7.18427,
	2.03094 7.15472,
	1.98615 7.13352,
	1.89662 7.12717,
	1.87424 7.12767,
	1.7847 7.10467,
	1.77349 7.0966,
	1.76506 7.05238,
	1.76505 7.04127,
	1.72025 7.0062,
	1.70905 6.99534,
	1.69504 6.97345,
	1.67264 6.95452,
	1.62785 6.93053,
	1.62226 6.92511,
	1.61106 6.92258,
	1.60546 6.91716,
	1.56068 6.90149,
	1.54949 6.89897,
	1.54389 6.89909,
	1.5215 6.88294,
	1.4795 6.84224,
	1.47668 6.82009,
	1.47666 6.809,
	1.47666 6.80344,
	"/>
<Contour name="d06" hidden="false" closed="true" simplified="true" border="0 0 1" fill="0 0 1" mode="9"
 points="3.62222 6.54507,
	3.6334 6.53373,
	3.64458 6.52793,
	3.66415 6.50808,
	3.67533 6.4995,
	3.68929 6.47699,
	3.71166 6.45706,
	3.7564 6.43665,
	3.77878 6.42783,
	3.78996 6.42481,
	3.80114 6.41624,
	3.81511 6.3965,
	3.82348 6.37412,
	3.84305 6.35981,
	3.84585 6.35419,
	3.85144 6.35407,
	3.86263 6.3455,
	3.88499 6.33668,
	3.97452 6.33193,
	4.01927 6.33094,
	4.04166 6.33044,
	4.05284 6.32187,
	4.05844 6.32175,
	4.06402 6.31607,
	4.07522 6.3186,
	4.08362 6.32674,
	4.12839 6.32574,
	4.15077 6.32803,
	4.16197 6.33887,
	4.1648 6.38322,
	4.15643 6.4056,
	4.15366 6.42787,
	4.14807 6.43908,
	4.14808 6.44464,
	4.13411 6.46437,
	4.12853 6.4756,
	4.10896 6.49546,
	4.08939 6.50976,
	4.06703 6.52969,
	4.04466 6.54405,
	4.02229 6.55287,
	3.93278 6.56041,
	3.84323 6.54296,
	3.82084 6.53513,
	3.80965 6.52983,
	3.76488 6.53082,
	3.74251 6.53409,
	3.73132 6.53711,
	3.72572 6.53724,
	3.70335 6.55438,
	3.69217 6.55741,
	3.68099 6.56598,
	3.65862 6.57202,
	3.63623 6.56974,
	3.62504 6.56444,
	3.62222 6.5534,
	3.62222 6.54785,
	"/>
<Contour name="d06c13" hidden="false" closed="true" simplified="true" border="0 1 0" fill="0 1 0" mode="9"
 points="1.49484 6.768,
	1.5077 6.75814,
	1.55917 6.76339,
	1.5849 6.76282,
	1.59777 6.76253,
	1.61065 6.76863,
	1.61708 6.76849,
	1.62997 6.78096,
	1.73291 6.77869,
	1.75865 6.77812,
	1.76831 6.79067,
	1.77155 6.81613,
	1.77156 6.8289,
	1.77156 6.83528,
	1.72011 6.85556,
	1.70725 6.86223,
	1.70403 6.85591,
	1.60108 6.85181,
	1.57533 6.83962,
	1.56245 6.82714,
	1.55601 6.8209,
	1.53027 6.81827,
	1.5174 6.81537,
	1.51096 6.81551,
	1.49808 6.80303,
	1.49485 6.77758,
	1.49484 6.77119,
	"/>
<Contour name="d06cfa13" hidden="false" closed="false" simplified="false" border="0 1 1" fill="0 1 1" mode="9"
 points="1.4932 6.77844,
	1.53825 6.79659,
	1.58975 6.80821,
	1.65409 6.81637,
	1.72486 6.81161,
	1.76991 6.81381,
	"/>
<Contour name="d07" hidden="false" closed="true" simplified="true" border="1 0 1" fill="1 0 1" mode="9"
 points="4.7319 7.77174,
	4.76375 7.74846,
	4.78195 7.73902,
	4.9276 7.7358,
	4.96403 7.735,
	4.97313 7.73479,
	4.99593 7.77041,
	4.99594 7.78847,
	4.99595 7.79751,
	4.92317 7.85782,
	4.90497 7.86273,
	4.89587 7.87197,
	4.82304 7.87358,
	4.80484 7.87398,
	4.78661 7.85632,
	4.75017 7.83455,
	4.73195 7.81689,
	4.73191 7.78077,
	4.73191 7.77625,
	"/>
<Contour name="d07" hidden="false" closed="true" simplified="true" border="1 0 1" fill="1 0 1" mode="9"
 points="3.88537 7.94399,
	3.95816 7.89722,
	3.97636 7.8878,
	3.99908 7.85117,
	4.03092 7.81885,
	4.04912 7.81394,
	4.08554 7.82216,
	4.10376 7.83079,
	4.12199 7.84845,
	4.14024 7.88417,
	4.14027 7.92029,
	4.14029 7.93835,
	4.1403 7.94739,
	4.10388 7.9527,
	4.06748 7.96705,
	3.9947 8.01834,
	3.96285 8.04162,
	3.95375 8.04182,
	3.94465 8.05105,
	3.90824 8.05186,
	3.89002 8.03872,
	3.88539 7.96657,
	3.88537 7.94851,
	"/>
<Contour name="d07" hidden="false" closed="true" simplified="true" border="1 0 1" fill="1 0 1" mode="9"
 points="3.68861 6.88721,
	3.6977 6.87798,
	3.77054 6.87636,
	3.80694 6.86653,
	3.84334 6.84315,
	3.87975 6.83783,
	3.89796 6.83743,
	3.90258 6.90957,
	3.84802 6.97851,
	3.81162 7.00189,
	3.77521 7.00269,
	3.757 7.0031,
	3.73879 6.99448,
	3.70233 6.95915,
	3.68866 6.94139,
	3.68862 6.90527,
	3.68861 6.89173,
	"/>
<Contour name="d07" hidden="false" closed="true" simplified="true" border="1 0 1" fill="1 0 1" mode="9"
 points="3.71625 7.22977,
	3.72533 7.21151,
	3.76172 7.1791,
	3.79811 7.15571,
	3.81632 7.14628,
	3.88915 7.14467,
	3.92556 7.14386,
	3.99841 7.16032,
	4.00753 7.16915,
	4.08037 7.18108,
	4.22604 7.18238,
	4.29888 7.18077,
	4.30798 7.18057,
	4.3262 7.19822,
	4.34445 7.23394,
	4.34901 7.2519,
	4.38091 7.28281,
	4.38561 7.42719,
	4.4084 7.46282,
	4.40843 7.49893,
	4.39934 7.50817,
	4.32653 7.53235,
	4.30833 7.53728,
	4.29922 7.53748,
	4.29013 7.54671,
	4.27192 7.54712,
	4.19911 7.57581,
	4.16271 7.59016,
	4.1445 7.59056,
	4.07628 7.6553,
	4.05809 7.66924,
	4.02167 7.67005,
	4.00346 7.66593,
	3.96701 7.63513,
	3.96244 7.61718,
	3.96243 7.60814,
	3.81676 7.60685,
	3.78034 7.60765,
	3.76213 7.59902,
	3.7439 7.58137,
	3.73478 7.56351,
	3.7393 7.52729,
	3.75292 7.49086,
	3.75733 7.34626,
	3.74819 7.31035,
	3.72539 7.27472,
	3.71627 7.25687,
	3.71625 7.23881,
	3.71625 7.23429,
	"/>
<Contour name="d07" hidden="false" closed="true" simplified="true" border="1 0 1" fill="1 0 1" mode="9"
 points="4.41273 7.23243,
	4.46273 7.16359,
	4.53553 7.12134,
	4.57195 7.12505,
	4.59475 7.16067,
	4.60387 7.17853,
	4.60842 7.18294,
	4.59932 7.18766,
	4.59946 7.33216,
	4.59953 7.4044,
	4.59957 7.44052,
	4.59958 7.45859,
	4.59049 7.46782,
	4.55407 7.46863,
	4.54497 7.46883,
	4.47663 7.4026,
	4.44473 7.3717,
	4.43105 7.35394,
	4.41736 7.31812,
	4.41275 7.24597,
	4.41274 7.23694,
	"/>
<Contour name="d07p20" hidden="false" closed="true" simplified="false" border="0 1 1" fill="0 1 1" mode="9"
 points="4.30728 7.49038,
	4.32547 7.47191,
	4.25257 7.40127,
	4.27076 7.38281,
	4.34367 7.45344,
	4.36185 7.43499,
	4.3619 7.48917,
	"/>
<Contour name="d07c17" hidden="false" closed="true" simplified="true" border="1 0 0" fill="0 1 0" mode="9"
 points="4.76866 7.70341,
	4.81612 7.67587,
	4.91108 7.67083,
	4.95855 7.66978,
	4.9823 7.67219,
	4.99417 7.67782,
	5.00012 7.68357,
	5.00016 7.73067,
	4.9972 7.74251,
	4.97646 7.76652,
	4.95272 7.77293,
	4.94086 7.77614,
	4.9171 7.76489,
	4.89335 7.75952,
	4.79839 7.75869,
	4.78652 7.756,
	4.77464 7.74743,
	4.76868 7.72402,
	4.76867 7.71224,
	4.76866 7.70636,
	"/>
<Contour name="d07cfa17" hidden="false" closed="false" simplified="false" border="0 1 1" fill="0 1 1" mode="9"
 points="4.76439 7.73146,
	4.80592 7.7217,
	4.86231 7.72046,
	4.95431 7.72431,
	4.98994 7.74707,
	"/>
<Contour name="d07c18" hidden="false" closed="true" simplified="true" border="1 0 0" fill="0 1 0" mode="9"
 points="3.91435 8.05495,
	3.92916 8.03107,
	3.93211 8.01923,
	3.94398 8.01307,
	3.95584 8.00104,
	4.00329 7.9735,
	4.02702 7.96414,
	4.04777 7.94602,
	4.05964 7.93987,
	4.08339 7.93934,
	4.09525 7.93908,
	4.11307 7.95635,
	4.12198 7.96499,
	4.12497 7.9767,
	4.10125 8.00077,
	4.08939 8.0128,
	4.07752 8.01601,
	4.0538 8.03126,
	4.04786 8.03139,
	4.00041 8.05893,
	3.97965 8.07411,
	3.93217 8.08104,
	3.9203 8.07837,
	3.91436 8.06672,
	3.91435 8.05788,
	"/>
<Contour name="d07cfa18" hidden="false" closed="false" simplified="false" border="0 1 1" fill="0 1 1" mode="9"
 points="3.91302 8.06232,
	3.98421 8.0313,
	4.05243 7.99152,
	4.10877 7.95201,
	"/>
<Contour name="d07c19" hidden="false" closed="true" simplified="true" border="1 0 0" fill="0 1 0" mode="9"
 points="3.65439 6.83201,
	3.66624 6.81291,
	3.70181 6.7768,
	3.7208 6.76932,
	3.75878 6.76612,
	3.79676 6.76764,
	3.80627 6.77214,
	3.84425 6.7713,
	3.86325 6.77088,
	3.87273 6.77067,
	3.87987 6.77993,
	3.88231 6.85523,
	3.88232 6.85994,
	3.86571 6.86973,
	3.8681 6.87439,
	3.84911 6.87716,
	3.83961 6.88208,
	3.83486 6.88218,
	3.79928 6.91123,
	3.78979 6.9185,
	3.75181 6.9217,
	3.71383 6.92018,
	3.69719 6.90407,
	3.68768 6.89721,
	3.68293 6.89731,
	3.6663 6.8812,
	3.65918 6.87194,
	3.65441 6.8532,
	3.65439 6.83437,
	"/>
<Contour name="d07cfa19" hidden="false" closed="false" simplified="false" border="0 1 1" fill="0 1 1" mode="9"
 points="3.88808 6.83124,
	3.88337 6.86431,
	3.85726 6.87196,
	3.8193 6.89399,
	3.76947 6.91393,
	3.71724 6.91509,
	3.69109 6.88505,
	"/>
<Contour name="d07c20" hidden="false" closed="true" simplified="true" border="1 0 0" fill="0 1 0" mode="9"
 points="4.57108 7.14613,
	4.5853 7.12933,
	4.59004 7.12451,
	4.60904 7.12409,
	4.62804 7.13074,
	4.63994 7.16816,
	4.64239 7.24346,
	4.64009 7.31887,
	4.63535 7.3284,
	4.63536 7.33782,
	4.62826 7.35681,
	4.62115 7.36639,
	4.61878 7.37586,
	4.61403 7.38067,
	4.59504 7.38109,
	4.57604 7.36503,
	4.57128 7.35571,
	4.57114 7.20501,
	4.5711 7.16733,
	4.57108 7.14848,
	"/>
<Contour name="d07cfa20" hidden="false" closed="false" simplified="false" border="0 1 1" fill="0 1 1" mode="9"
 points="4.60796 7.38286,
	4.6079 7.31456,
	4.60786 7.27924,
	4.60781 7.22743,
	4.60301 7.16866,
	4.57686 7.13627,
	"/>
<Contour name="d08" hidden="false" closed="true" simplified="true" border="1 0 0" fill="1 0 0" mode="9"
 points="4.62678 3.99275,
	4.64008 3.97483,
	4.6756 3.95642,
	4.69336 3.9428,
	4.76441 3.91037,
	4.83549 3.9044,
	4.87103 3.90361,
	4.8888 3.90762,
	4.91993 3.93779,
	4.92007 4.0788,
	4.92008 4.09643,
	4.89789 4.12336,
	4.86237 4.14177,
	4.82686 4.17341,
	4.82245 4.20876,
	4.81802 4.21767,
	4.74694 4.21483,
	4.68024 4.15461,
	4.64467 4.12455,
	4.63132 4.10722,
	4.62682 4.03681,
	4.62678 4.00156,
	4.62678 3.99715,
	"/>
<Contour name="d08" hidden="false" closed="true" simplified="true" border="1 0 0" fill="1 0 0" mode="9"
 points="5.36409 3.83101,
	5.38184 3.8174,
	5.41737 3.8078,
	5.45291 3.80701,
	5.52398 3.79222,
	5.54175 3.79182,
	5.57732 3.82189,
	5.58179 3.83941,
	5.56847 3.85293,
	5.5507 3.85773,
	5.47967 3.90337,
	5.44412 3.90856,
	5.40858 3.90494,
	5.3908 3.89212,
	5.37303 3.8881,
	5.36413 3.87948,
	5.3641 3.84423,
	5.36409 3.83542,
	"/>
<Contour name="d08" hidden="false" closed="true" simplified="true" border="1 0 0" fill="1 0 0" mode="9"
 points="6.12352 3.57624,
	6.15899 3.50495,
	6.15898 3.49614,
	6.17674 3.47812,
	6.20781 3.45539,
	6.22558 3.44619,
	6.24782 3.47655,
	6.28339 3.50661,
	6.28786 3.54176,
	6.28346 3.57711,
	6.26571 3.59513,
	6.23018 3.60473,
	6.15909 3.6063,
	6.12355 3.60268,
	6.12353 3.58505,
	6.12353 3.58065,
	"/>
<Contour name="d08" hidden="false" closed="true" simplified="true" border="1 0 0" fill="1 0 0" mode="9"
 points="3.58635 3.74189,
	3.59854 3.72548,
	3.60668 3.7253,
	3.63513 3.69641,
	3.70022 3.69094,
	3.7165 3.69866,
	3.74905 3.70197,
	3.78162 3.72143,
	3.79789 3.7251,
	3.86303 3.77209,
	3.87931 3.77173,
	3.91187 3.78311,
	3.94443 3.80257,
	3.97701 3.8301,
	4.00957 3.84956,
	4.04215 3.87709,
	4.05843 3.89287,
	4.05847 3.92515,
	4.05441 3.94139,
	3.92422 3.94427,
	3.89167 3.94095,
	3.8754 3.94131,
	3.85912 3.9336,
	3.85504 3.92562,
	3.78993 3.90688,
	3.75737 3.8955,
	3.7248 3.87603,
	3.65965 3.81695,
	3.64336 3.80116,
	3.61081 3.78574,
	3.59452 3.77399,
	3.58638 3.7661,
	3.58636 3.74995,
	3.58636 3.74592,
	"/>
<Contour name="d08" hidden="false" closed="true" simplified="true" border="1 0 0" fill="1 0 0" mode="9"
 points="3.38475 2.3834,
	3.39302 2.35027,
	3.40131 2.33362,
	3.43451 2.32054,
	3.46772 2.3198,
	3.47602 2.32373,
	3.47605 2.35667,
	3.47606 2.36491,
	3.45947 2.38175,
	3.43874 2.41515,
	3.40971 2.4405,
	3.40141 2.44068,
	3.39312 2.44909,
	3.38481 2.44105,
	3.38478 2.40811,
	3.38476 2.39164,
	3.38476 2.38751,
	"/>
<Contour name="d08c20" hidden="false" closed="true" simplified="true" border="1 0 0" fill="0 1 0" mode="9"
 points="3.34326 2.35154,
	3.36728 2.32716,
	3.39474 2.31292,
	3.40848 2.30921,
	3.41536 2.30906,
	3.42911 2.32239,
	3.43256 2.33594,
	3.42231 2.39069,
	3.41201 2.40455,
	3.41202 2.41136,
	3.40516 2.41833,
	3.40174 2.43204,
	3.38115 2.45975,
	3.37428 2.46672,
	3.36055 2.46703,
	3.35367 2.46718,
	3.34336 2.45378,
	3.34331 2.39925,
	3.34328 2.37199,
	3.34327 2.35836,
	3.34326 2.35495,
	"/>
<Contour name="d08cfa20" hidden="false" closed="false" simplified="false" border="0 1 1" fill="0 1 1" mode="9"
 points="3.37851 2.44679,
	3.37846 2.39227,
	3.39215 2.35108,
	3.4196 2.30957,
	"/>
<Contour name="d07cfa19" hidden="false" closed="true" simplified="true" border="0 1 0" fill="0 1 0" mode="9"
 points="3.66442 6.82183,
	3.67627 6.80273,
	3.71184 6.76662,
	3.73083 6.75914,
	3.76881 6.75594,
	3.80679 6.75746,
	3.8163 6.76196,
	3.85428 6.76112,
	3.87328 6.7607,
	3.88276 6.76049,
	3.8899 6.76975,
	3.89234 6.84505,
	3.89235 6.84976,
	3.87574 6.85955,
	3.87813 6.86421,
	3.85913 6.86698,
	3.84964 6.8719,
	3.84489 6.872,
	3.80931 6.90105,
	3.79982 6.90832,
	3.76184 6.91152,
	3.72386 6.91,
	3.70722 6.89389,
	3.69771 6.88703,
	3.69296 6.88713,
	3.67633 6.87102,
	3.66921 6.86176,
	3.66444 6.84302,
	3.66442 6.82419,
	"/>
<Contour name="D05" hidden="false" closed="true" simplified="true" border="1 1 0" fill="1 1 0" mode="11"
 points="2.88517 3.25665,
	2.88758 3.23704,
	2.89461 3.21925,
	2.90558 3.205,
	2.91939 3.1957,
	2.93473 3.19227,
	2.95006 3.19503,
	2.96391 3.20371,
	2.97489 3.21747,
	2.98196 3.23495,
	2.98441 3.25446,
	2.982 3.27406,
	2.97496 3.29186,
	2.96401 3.3061,
	2.95018 3.31539,
	2.93485 3.31883,
	2.91951 3.31607,
	2.90568 3.30739,
	2.89468 3.29363,
	"/>
<Contour name="D05" hidden="false" closed="true" simplified="true" border="1 1 0" fill="1 1 0" mode="11"
 points="2.27656 4.27323,
	2.2804 4.24385,
	2.29188 4.21522,
	2.31063 4.18822,
	2.33608 4.16371,
	2.3674 4.14245,
	2.40364 4.1251,
	2.44367 4.11221,
	2.48622 4.10418,
	2.52997 4.10126,
	2.57356 4.10354,
	2.61562 4.11096,
	2.65483 4.12328,
	2.68999 4.1401,
	2.71997 4.16091,
	2.74384 4.18506,
	2.76087 4.2118,
	2.77053 4.24029,
	2.7725 4.26962,
	2.76672 4.29891,
	2.75339 4.32722,
	2.73289 4.35367,
	2.7059 4.37744,
	2.67325 4.39778,
	2.63595 4.41405,
	2.59517 4.42576,
	2.55219 4.43253,
	2.50835 4.43415,
	2.46502 4.43057,
	2.42355 4.42191,
	2.38524 4.40842,
	2.35128 4.39054,
	2.32275 4.36883,
	2.30052 4.34396,
	2.28529 4.31671,
	"/>
<Contour name="D05" hidden="false" closed="true" simplified="true" border="1 1 0" fill="1 1 0" mode="11"
 points="3.92555 4.02817,
	3.92715 4.02089,
	3.93185 4.01425,
	3.93916 4.00891,
	3.94838 4.00537,
	3.9586 4.00399,
	3.96882 4.00491,
	3.97805 4.00804,
	3.98537 4.01306,
	3.99008 4.0195,
	3.9917 4.0267,
	3.99009 4.03398,
	3.9854 4.04062,
	3.97809 4.04597,
	3.96887 4.0495,
	3.95865 4.05087,
	3.94843 4.04995,
	3.9392 4.04683,
	3.93187 4.0418,
	"/>
<Contour name="D05" hidden="false" closed="true" simplified="true" border="1 1 0" fill="1 1 0" mode="11"
 points="3.44944 5.24104,
	3.45127 5.22145,
	3.45662 5.20368,
	3.46497 5.1895,
	3.47551 5.18028,
	3.48718 5.17693,
	3.49887 5.17977,
	3.50942 5.18851,
	3.51779 5.20233,
	3.52318 5.21986,
	3.52505 5.23936,
	3.52322 5.25896,
	3.51786 5.27673,
	3.50952 5.2909,
	3.49898 5.30013,
	3.4873 5.30349,
	3.47562 5.30065,
	3.46507 5.29189,
	3.4567 5.27808,
	"/>
<Contour name="D05" hidden="false" closed="true" simplified="true" border="1 1 0" fill="1 1 0" mode="11"
 points="3.91058 5.16688,
	3.91402 5.15036,
	3.92405 5.1353,
	3.93969 5.12318,
	3.9594 5.11519,
	3.98125 5.11209,
	4.00311 5.11422,
	4.02283 5.12134,
	4.03849 5.13276,
	4.04856 5.14738,
	4.05203 5.16375,
	4.04859 5.18027,
	4.03855 5.19533,
	4.02291 5.20746,
	4.0032 5.21545,
	3.98135 5.21854,
	3.95949 5.21642,
	3.93977 5.2093,
	3.92411 5.19786,
	"/>
<Contour name="D11" hidden="false" closed="true" simplified="true" border="1 0.5 0" fill="1 0.5 0" mode="11"
 points="5.21755 4.86459,
	5.21993 4.85632,
	5.22685 4.84874,
	5.23764 4.84262,
	5.25123 4.83853,
	5.2663 4.8369,
	5.28137 4.83787,
	5.29498 4.84135,
	5.30578 4.847,
	5.31271 4.85426,
	5.31511 4.86244,
	5.31273 4.87071,
	5.30581 4.87829,
	5.29502 4.88441,
	5.28142 4.88848,
	5.26635 4.89012,
	5.25127 4.88915,
	5.23768 4.88568,
	5.22688 4.88003,
	"/>
<Contour name="D11" hidden="false" closed="true" simplified="true" border="1 0.5 0" fill="1 0.5 0" mode="11"
 points="4.42179 4.18061,
	4.42511 4.14988,
	4.43478 4.12201,
	4.44987 4.09973,
	4.46889 4.08523,
	4.48998 4.0799,
	4.51109 4.0843,
	4.53015 4.09796,
	4.54528 4.11957,
	4.555 4.14701,
	4.55838 4.17759,
	4.55506 4.20831,
	4.54539 4.23617,
	4.5303 4.25845,
	4.51127 4.27296,
	4.49018 4.27828,
	4.46907 4.2739,
	4.45002 4.26023,
	4.43489 4.23861,
	"/>
<Contour name="D11" hidden="false" closed="true" simplified="true" border="1 0.5 0" fill="1 0.5 0" mode="11"
 points="3.90053 4.87437,
	3.90243 4.86162,
	3.90797 4.85003,
	3.91659 4.84074,
	3.92746 4.83466,
	3.93952 4.83238,
	3.95157 4.83412,
	3.96246 4.83973,
	3.97111 4.84864,
	3.97666 4.85998,
	3.97858 4.87264,
	3.97668 4.88539,
	3.97115 4.89699,
	3.96253 4.90627,
	3.95165 4.91235,
	3.9396 4.91463,
	3.92754 4.91289,
	3.91666 4.90728,
	3.90802 4.89838,
	"/>
<Contour name="D12" hidden="false" closed="true" simplified="true" border="0.5 0 1" fill="0.5 0 1" mode="11"
 points="4.13891 4.21105,
	4.14164 4.18782,
	4.14958 4.16673,
	4.16197 4.14987,
	4.1776 4.13887,
	4.19493 4.13482,
	4.21226 4.1381,
	4.22791 4.14841,
	4.24034 4.16472,
	4.24833 4.18546,
	4.25109 4.20857,
	4.24838 4.23181,
	4.24042 4.25289,
	4.22803 4.26976,
	4.2124 4.28075,
	4.19508 4.28481,
	4.17774 4.28152,
	4.16209 4.27122,
	4.14966 4.2549,
	"/>
<Contour name="D12" hidden="false" closed="true" simplified="true" border="0.5 0 1" fill="0.5 0 1" mode="11"
 points="3.84972 2.77556,
	3.85103 2.76582,
	3.85483 2.75696,
	3.86076 2.74987,
	3.86823 2.74524,
	3.87652 2.74351,
	3.88482 2.74487,
	3.8923 2.74917,
	3.89824 2.756,
	3.90205 2.76469,
	3.90338 2.77438,
	3.90207 2.78411,
	3.89828 2.79297,
	3.89235 2.80006,
	3.88488 2.80469,
	3.87658 2.80642,
	3.86829 2.80506,
	3.86081 2.80076,
	3.85487 2.79393,
	"/>
<Contour name="D13" hidden="false" closed="true" simplified="true" border="1 0 0.5" fill="1 0 0.5" mode="11"
 points="5.26622 4.75223,
	5.26753 4.74248,
	5.27132 4.73363,
	5.27725 4.72654,
	5.28472 4.72191,
	5.29301 4.72018,
	5.30131 4.72154,
	5.30879 4.72585,
	5.31473 4.73267,
	5.31856 4.74135,
	5.31988 4.75104,
	5.31857 4.76079,
	5.31477 4.76964,
	5.30884 4.77673,
	5.30137 4.78136,
	5.29308 4.78309,
	5.28478 4.78173,
	5.2773 4.77743,
	5.27136 4.7706,
	"/>
<Contour name="D13" hidden="false" closed="true" simplified="true" border="1 0 0.5" fill="1 0 0.5" mode="11"
 points="5.65148 4.65661,
	5.65443 4.63187,
	5.66308 4.60943,
	5.67655 4.59147,
	5.69354 4.57975,
	5.71238 4.57543,
	5.73121 4.57892,
	5.74823 4.58988,
	5.76173 4.60725,
	5.77042 4.62931,
	5.77342 4.65392,
	5.77046 4.67865,
	5.76182 4.7011,
	5.74836 4.71906,
	5.73136 4.73077,
	5.71253 4.7351,
	5.69368 4.7316,
	5.67668 4.72065,
	5.66317 4.70328,
	"/>
<Contour name="D14" hidden="false" closed="true" simplified="true" border="1 0 0" fill="1 0 0" mode="11"
 points="5.41316 5.37315,
	5.41667 5.33792,
	5.4271 5.30444,
	5.44387 5.2745,
	5.46609 5.24972,
	5.49256 5.23144,
	5.52184 5.22065,
	5.55237 5.21791,
	5.58248 5.2234,
	5.61058 5.23679,
	5.63512 5.25738,
	5.6548 5.28405,
	5.66856 5.31537,
	5.67565 5.34965,
	5.67568 5.38504,
	5.66866 5.41962,
	5.65497 5.45156,
	5.63534 5.4791,
	5.61083 5.50077,
	5.58277 5.51541,
	5.55266 5.52222,
	5.52213 5.52084,
	5.49283 5.51134,
	5.46633 5.49423,
	5.44406 5.47044,
	5.42724 5.44125,
	"/>
<Contour name="D15" hidden="false" closed="true" simplified="true" border="1 1 0" fill="1 1 0" mode="11"
 points="5.97946 5.85658,
	5.98206 5.82254,
	5.98984 5.78939,
	6.00258 5.75811,
	6.0199 5.72963,
	6.04128 5.70478,
	6.06611 5.6843,
	6.09363 5.66879,
	6.12304 5.65873,
	6.15347 5.65439,
	6.18402 5.65592,
	6.21379 5.66326,
	6.24188 5.67619,
	6.26749 5.69434,
	6.28985 5.71718,
	6.30829 5.74402,
	6.32227 5.77407,
	6.33139 5.80644,
	6.33537 5.84017,
	6.33407 5.87427,
	6.32757 5.90774,
	6.31605 5.93957,
	6.29982 5.96884,
	6.2794 5.99468,
	6.25537 6.01631,
	6.22845 6.0331,
	6.19943 6.04456,
	6.16917 6.05035,
	6.13857 6.05029,
	6.10852 6.04439,
	6.07993 6.03283,
	6.05362 6.01593,
	6.03039 5.99421,
	6.01092 5.9683,
	5.99577 5.93898,
	5.98541 5.9071,
	"/>
<Contour name="D16" hidden="false" closed="true" simplified="true" border="0 0 1" fill="0 0 1" mode="11"
 points="2.58221 3.35123,
	2.58387 3.33639,
	2.58872 3.32293,
	2.59628 3.31216,
	2.60581 3.30514,
	2.61638 3.30256,
	2.62696 3.30468,
	2.6365 3.31127,
	2.64408 3.3217,
	2.64895 3.33495,
	2.65064 3.34972,
	2.64898 3.36457,
	2.64413 3.37803,
	2.63657 3.38879,
	2.62704 3.39581,
	2.61647 3.39839,
	2.6059 3.39628,
	2.59636 3.38968,
	2.58878 3.37925,
	"/>
<Contour name="D16" hidden="false" closed="true" simplified="true" border="0 0 1" fill="0 0 1" mode="11"
 points="2.01755 2.20178,
	2.02127 2.17463,
	2.03218 2.14972,
	2.0493 2.12928,
	2.07111 2.1151,
	2.09567 2.10847,
	2.1208 2.10996,
	2.14426 2.11944,
	2.16399 2.13607,
	2.17819 2.15838,
	2.18565 2.18437,
	2.18567 2.21174,
	2.17827 2.23807,
	2.16411 2.26101,
	2.14442 2.27851,
	2.12097 2.28903,
	2.09585 2.29162,
	2.07128 2.28608,
	2.04944 2.27287,
	2.03228 2.25319,
	"/>
<Contour name="D14" hidden="false" closed="true" simplified="true" border="1 0 0" fill="1 0 0" mode="11"
 points="3.55261 3.6472,
	3.55389 3.64163,
	3.5576 3.63654,
	3.56339 3.63244,
	3.57067 3.62971,
	3.57876 3.62866,
	3.58685 3.62936,
	3.59415 3.63175,
	3.59993 3.6356,
	3.60365 3.64053,
	3.60494 3.64605,
	3.60366 3.65163,
	3.59995 3.65672,
	3.59417 3.66082,
	3.58688 3.66353,
	3.5788 3.6646,
	3.57071 3.66389,
	3.56341 3.6615,
	3.55762 3.65766,
	"/>
<Contour name="d02" hidden="false" closed="true" simplified="true" border="0.5 0 1" fill="0.5 0 1" mode="9"
 points="4.8383 6.00351,
	4.85438 5.97122,
	4.86639 5.90706,
	4.86636 5.87512,
	4.88642 5.81079,
	4.89445 5.79464,
	4.89444 5.78666,
	4.90249 5.7785,
	4.90248 5.77051,
	4.91052 5.76234,
	4.91052 5.75436,
	4.93464 5.72188,
	4.94269 5.7217,
	5.04344 5.84325,
	5.05956 5.85887,
	5.06362 5.89073,
	5.06363 5.90669,
	5.05559 5.91485,
	5.04354 5.94707,
	5.03551 5.96322,
	5.03551 5.97121,
	4.98325 6.03225,
	4.97118 6.0445,
	4.95112 6.10883,
	4.93503 6.12515,
	4.90283 6.13385,
	4.88673 6.13421,
	4.85451 6.11496,
	4.84242 6.09926,
	4.83833 6.03546,
	4.83831 6.0075,
	"/>
<Contour name="d02" hidden="false" closed="true" simplified="true" border="0.5 0 1" fill="0.5 0 1" mode="9"
 points="4.57994 5.24658,
	4.61214 5.24188,
	4.74098 5.26299,
	4.77319 5.27025,
	4.8054 5.28551,
	4.83763 5.30876,
	4.85374 5.31639,
	4.91814 5.31496,
	4.95035 5.31824,
	5.01475 5.31283,
	5.04695 5.30413,
	5.17576 5.30527,
	5.22814 5.36002,
	5.24025 5.39169,
	5.24433 5.45549,
	5.23634 5.51955,
	5.21625 5.55194,
	5.18406 5.56463,
	5.15186 5.56535,
	5.08744 5.5468,
	5.05924 5.52347,
	5.04312 5.50785,
	5.0109 5.49658,
	5.00284 5.49277,
	4.97066 5.50945,
	4.95457 5.52179,
	4.93847 5.51815,
	4.90624 5.49491,
	4.89012 5.48328,
	4.87403 5.47965,
	4.85791 5.46803,
	4.79348 5.4415,
	4.7693 5.41409,
	4.75721 5.39838,
	4.75317 5.3825,
	4.72496 5.35518,
	4.70885 5.34355,
	4.64443 5.32102,
	4.63637 5.31321,
	4.60415 5.30194,
	4.58804 5.29032,
	4.57997 5.27452,
	4.57995 5.25856,
	4.57995 5.25057,
	"/>
<Contour name="d02c46" hidden="false" closed="true" simplified="true" border="0 1 0" fill="0 1 0" mode="-13"
 points="4.82152 5.30113,
	4.83761 5.28879,
	4.902 5.27938,
	4.9181 5.27503,
	4.95032 5.28231,
	5.01471 5.27289,
	5.07912 5.27546,
	5.09523 5.2791,
	5.10327 5.27892,
	5.11939 5.29454,
	5.12343 5.31042,
	5.11137 5.32666,
	5.07918 5.33536,
	5.04698 5.33607,
	5.01478 5.34877,
	4.95039 5.35818,
	4.91818 5.35889,
	4.85376 5.33635,
	4.82556 5.31701,
	4.82152 5.30512,
	"/>
<Contour name="d02cfa46" hidden="false" closed="false" simplified="false" border="0 1 1" fill="0 1 1" mode="-13"
 points="5.12412 5.30346,
	5.09593 5.29609,
	5.05568 5.30497,
	5.01946 5.30976,
	4.97519 5.31873,
	4.92689 5.3198,
	4.87455 5.31297,
	4.82221 5.29815,
	"/>
<Contour name="D13" hidden="false" closed="true" simplified="true" border="1 0 0.5" fill="1 0 0.5" mode="11"
 points="5.22757 4.05736,
	5.22913 4.0419,
	5.23368 4.02789,
	5.2408 4.01669,
	5.24977 4.00941,
	5.25973 4.00674,
	5.26968 4.00897,
	5.27866 4.01585,
	5.2858 4.02674,
	5.29038 4.04055,
	5.29197 4.05594,
	5.29041 4.0714,
	5.28585 4.08541,
	5.27874 4.09661,
	5.26977 4.1039,
	5.25982 4.10656,
	5.24986 4.10434,
	5.24088 4.09745,
	5.23374 4.08656,
	"/>
<Contour name="d08" hidden="false" closed="true" simplified="true" border="1 0 0" fill="1 0 0" mode="9"
 points="3.60942 3.41329,
	3.62486 3.38227,
	3.62866 3.32085,
	3.62863 3.29018,
	3.62862 3.27484,
	3.66335 3.21656,
	3.68264 3.18547,
	3.69422 3.16988,
	3.70968 3.16954,
	3.71356 3.18479,
	3.74064 3.20718,
	3.75611 3.21451,
	3.76384 3.21817,
	3.76782 3.34077,
	3.76788 3.40211,
	3.7679 3.41745,
	3.74474 3.44862,
	3.71385 3.47998,
	3.69069 3.51116,
	3.67911 3.52676,
	3.64819 3.53127,
	3.63273 3.53162,
	3.625 3.53179,
	3.60953 3.51679,
	3.60947 3.45545,
	3.60944 3.42478,
	3.60943 3.41712,
	"/>
<Contour name="d06p13" hidden="false" closed="true" simplified="false" border="1 0 0.5" fill="1 0 0.5" mode="-13"
 points="2.31771 7.14892,
	2.34761 7.14826,
	2.33269 7.17577,
	"/>
<Contour name="d08p16" hidden="false" closed="true" simplified="false" border="0 0 1" fill="0 0 1" mode="-13"
 points="4.20039 3.48556,
	4.18544 3.47107,
	4.20036 3.45592,
	4.21531 3.47041,
	"/>
</Transform>

<Transform dim="0"
 xcoef=" 0 1 0 0 0 0"
 ycoef=" 0 0 1 0 0 0">
<Contour name="d01" hidden="false" closed="true" simplified="true" border="1 0.5 0" fill="1 0.5 0" mode="9"
 points="4.83415 3.16707,
	4.88193 3.05745,
	4.9024 3.00271,
	4.90918 2.94828,
	4.94328 2.83896,
	4.96375 2.78422,
	5.07316 2.74108,
	5.10051 2.72691,
	5.12787 2.72631,
	5.15522 2.71213,
	5.20993 2.70413,
	5.31939 2.71528,
	5.34677 2.72146,
	5.40152 2.75417,
	5.42889 2.76714,
	5.47682 2.81358,
	5.4837 2.84057,
	5.48371 2.85414,
	5.44271 2.90255,
	5.4359 2.92983,
	5.43591 2.94341,
	5.53177 3.04307,
	5.64129 3.11529,
	5.69605 3.148,
	5.72342 3.15418,
	5.75077 3.14679,
	5.76444 3.13292,
	5.78496 3.13926,
	5.77134 3.19384,
	5.75084 3.22143,
	5.73037 3.27617,
	5.71681 3.38503,
	5.71691 3.49361,
	5.71692 3.50717,
	5.70325 3.52105,
	5.70328 3.54819,
	5.68962 3.57563,
	5.66921 3.68465,
	5.66922 3.69822,
	5.61453 3.73336,
	5.58716 3.73397,
	5.55979 3.71422,
	5.55978 3.70064,
	5.53239 3.68089,
	5.31346 3.65181,
	5.20398 3.61352,
	5.14922 3.5808,
	5.12868 3.55411,
	5.1218 3.52713,
	5.10126 3.50043,
	5.05334 3.46757,
	5.03279 3.44088,
	5.01906 3.3869,
	4.96431 3.36776,
	4.86848 3.29523,
	4.84794 3.27533,
	4.8342 3.22135,
	4.83416 3.17385,
	"/>
<Contour name="d03" hidden="false" closed="true" simplified="true" border="0 1 0" fill="0 1 0" mode="9"
 points="4.56363 3.09407,
	4.5739 3.06113,
	4.59038 3.0485,
	4.59656 3.04427,
	4.62956 3.06399,
	4.63575 3.07202,
	4.64608 3.10452,
	4.65023 3.12078,
	4.67705 3.1529,
	4.68324 3.16095,
	4.68534 3.19362,
	4.67919 3.22646,
	4.66891 3.25941,
	4.63593 3.254,
	4.61943 3.24823,
	4.61118 3.24228,
	4.59466 3.20993,
	4.5864 3.19375,
	4.57191 3.12865,
	4.56363 3.09612,
	"/>
<Contour name="d03" hidden="false" closed="true" simplified="true" border="0 1 0" fill="0 1 0" mode="9"
 points="4.4686 2.87331,
	4.47064 2.8569,
	4.4727 2.84868,
	4.47269 2.8446,
	4.53862 2.80837,
	4.54067 2.80629,
	4.55718 2.8141,
	4.56132 2.84672,
	4.56139 2.91214,
	4.5676 2.94472,
	4.56761 2.94881,
	4.5532 2.96549,
	4.54496 2.97181,
	4.52847 2.97217,
	4.51198 2.96845,
	4.50373 2.96249,
	4.48102 2.93028,
	4.47275 2.89775,
	4.4686 2.88148,
	4.4686 2.87535,
	"/>
<Contour name="d03cfa10ax08" hidden="false" closed="false" simplified="false" border="0 1 1" fill="0 1 1" mode="9"
 points="4.66188 3.12524,
	4.6304 3.07529,
	4.57538 3.04533,
	"/>
<Contour name="d08" hidden="false" closed="true" simplified="true" border="1 0 0" fill="1 0 0" mode="9"
 points="3.84383 2.90836,
	3.86156 2.87271,
	3.91037 2.80553,
	3.91923 2.78771,
	3.95474 2.75608,
	3.99026 2.73767,
	4.06134 2.7405,
	4.07912 2.74452,
	4.09691 2.76175,
	4.11469 2.77017,
	4.25685 2.77584,
	4.29241 2.79708,
	4.31019 2.79669,
	4.31909 2.8053,
	4.35463 2.80893,
	4.36351 2.80873,
	4.37241 2.81735,
	4.39018 2.82137,
	4.40353 2.8387,
	4.42131 2.84712,
	4.43908 2.84672,
	4.47912 2.91634,
	4.47914 2.93397,
	4.53696 3.0032,
	4.53699 3.03846,
	4.54591 3.07351,
	4.55926 3.09085,
	4.56384 3.23176,
	4.56385 3.24939,
	4.56386 3.2582,
	4.55498 3.26721,
	4.53285 3.33821,
	4.49733 3.37425,
	4.46182 3.40147,
	4.42629 3.41548,
	4.40853 3.42469,
	4.38191 3.46053,
	4.34641 3.49657,
	4.27533 3.50255,
	4.25756 3.50735,
	4.22205 3.53898,
	4.2132 3.57443,
	4.21322 3.59206,
	4.21323 3.60087,
	4.24436 3.63103,
	4.24887 3.70144,
	4.2489 3.73669,
	4.24448 3.75443,
	4.24449 3.76324,
	4.23561 3.76784,
	4.21782 3.7506,
	4.20893 3.74199,
	4.19556 3.70703,
	4.16887 3.67237,
	4.15109 3.65514,
	4.12884 3.62036,
	4.11992 3.58531,
	4.11102 3.56788,
	4.11095 3.49738,
	4.10205 3.47995,
	4.07092 3.4586,
	4.05759 3.44127,
	4.05752 3.37076,
	4.0575 3.35314,
	4.05749 3.34432,
	3.92408 3.21065,
	3.90184 3.17589,
	3.89294 3.15846,
	3.88842 3.08806,
	3.87952 3.07063,
	3.87951 3.06182,
	3.87062 3.0532,
	3.8706 3.03557,
	3.8528 3.0007,
	3.84388 2.96565,
	3.84385 2.9304,
	3.84383 2.91277,
	"/>
<Contour name="d08c18" hidden="false" closed="true" simplified="true" border="1 0 0" fill="0 1 0" mode="9"
 points="5.10234 2.55799,
	5.11264 2.54413,
	5.14012 2.54011,
	5.15386 2.54321,
	5.16074 2.54987,
	5.16075 2.55669,
	5.17449 2.5632,
	5.18829 2.61742,
	5.18834 2.67194,
	5.16776 2.69966,
	5.11279 2.70088,
	5.10247 2.69088,
	5.10237 2.58184,
	5.10235 2.5682,
	5.10235 2.56139,
	"/>
<Contour name="ax02" comment="LK bouton trace named after cfa" hidden="false" closed="true" simplified="true" border="0 1 1" fill="0.502 1 1" mode="9"
 points="4.28175 2.76628,
	4.29344 2.7597,
	4.29929 2.75751,
	4.32268 2.75605,
	4.33438 2.75532,
	4.34608 2.74728,
	4.35193 2.74289,
	4.35485 2.7407,
	4.3607 2.7385,
	4.36362 2.73631,
	4.37532 2.73631,
	4.37824 2.73631,
	4.38994 2.74508,
	4.40164 2.74874,
	4.41333 2.74947,
	4.42503 2.74874,
	4.43088 2.74874,
	4.44258 2.74581,
	4.4455 2.74508,
	4.46889 2.72973,
	4.48059 2.72023,
	4.48644 2.71584,
	4.48863 2.71365,
	4.50033 2.71292,
	4.51203 2.71438,
	4.52372 2.72096,
	4.52957 2.72535,
	4.53469 2.73119,
	4.53761 2.73704,
	4.54273 2.74216,
	4.55443 2.74801,
	4.55954 2.75312,
	4.56174 2.75897,
	4.56247 2.77067,
	4.56247 2.77359,
	4.56027 2.77652,
	4.55808 2.78237,
	4.55077 2.79406,
	4.54638 2.79991,
	4.54492 2.80284,
	4.5398 2.80868,
	4.51641 2.82769,
	4.50471 2.835,
	4.49887 2.83939,
	4.4974 2.83939,
	4.49594 2.84085,
	4.49448 2.84085,
	4.49302 2.84231,
	4.46962 2.84597,
	4.44623 2.8467,
	4.43453 2.8467,
	4.42869 2.84597,
	4.42576 2.84597,
	4.41406 2.84085,
	4.40237 2.83208,
	4.39067 2.82623,
	4.36728 2.81746,
	4.35558 2.81161,
	4.34388 2.80284,
	4.32049 2.80211,
	4.31464 2.80137,
	4.30295 2.79406,
	4.2971 2.79114,
	4.29125 2.78675,
	4.2854 2.7809,
	4.28321 2.77798,
	4.28175 2.77213,
	4.28175 2.76701,
	"/>
</Transform>

<Transform dim="0"
 xcoef=" 0 1 0 0 0 0"
 ycoef=" 0 0 1 0 0 0">
<Contour name="ax08" comment="LK bouton trace named after cfa" hidden="false" closed="true" simplified="true" border="0 1 1" fill="0.502 1 1" mode="9"
 points="4.56222 2.90316,
	4.56476 2.89638,
	4.56646 2.88283,
	4.56646 2.85573,
	4.56731 2.84218,
	4.56815 2.83879,
	4.56561 2.82524,
	4.56476 2.79814,
	4.56731 2.79137,
	4.58086 2.77866,
	4.59441 2.77104,
	4.60796 2.76173,
	4.62151 2.74902,
	4.62744 2.74225,
	4.65454 2.72616,
	4.66809 2.71938,
	4.69519 2.71091,
	4.72229 2.69905,
	4.73584 2.69143,
	4.74261 2.6872,
	4.74769 2.6601,
	4.74939 2.64655,
	4.75024 2.63977,
	4.75616 2.62622,
	4.75786 2.62283,
	4.76463 2.61606,
	4.77818 2.60928,
	4.79173 2.60759,
	4.80528 2.60844,
	4.83238 2.62199,
	4.84593 2.6313,
	4.87303 2.64485,
	4.90014 2.65586,
	4.91369 2.66179,
	4.92724 2.66941,
	4.93401 2.67619,
	4.9374 2.67788,
	4.94248 2.68466,
	4.94587 2.69143,
	4.95264 2.69567,
	4.95857 2.70244,
	4.96535 2.71599,
	4.96873 2.72277,
	4.97382 2.72954,
	5.00092 2.75241,
	5.01023 2.76596,
	5.01277 2.77273,
	5.01362 2.77951,
	5.01447 2.7829,
	5.01277 2.78967,
	5.01277 2.79306,
	5.00346 2.80661,
	4.98144 2.83371,
	4.97297 2.84726,
	4.96111 2.87436,
	4.95688 2.88791,
	4.94587 2.91501,
	4.93655 2.94211,
	4.93147 2.95566,
	4.91623 2.98276,
	4.91199 2.99632,
	4.90691 3.02342,
	4.90606 3.03019,
	4.90606 3.03358,
	4.89759 3.06068,
	4.89167 3.07423,
	4.87219 3.10133,
	4.86118 3.11488,
	4.85356 3.12843,
	4.84424 3.14198,
	4.83323 3.15553,
	4.82646 3.16231,
	4.81291 3.16823,
	4.79935 3.17162,
	4.79258 3.17332,
	4.7858 3.17247,
	4.78242 3.17247,
	4.76887 3.1784,
	4.75532 3.18263,
	4.74177 3.18263,
	4.73499 3.18094,
	4.70789 3.16739,
	4.70112 3.164,
	4.69434 3.16231,
	4.69095 3.16061,
	4.68418 3.16061,
	4.67063 3.15638,
	4.66385 3.15299,
	4.65708 3.14706,
	4.64776 3.13436,
	4.64522 3.12758,
	4.6359 3.11403,
	4.62235 3.10472,
	4.61558 3.10133,
	4.6088 3.0954,
	4.59525 3.08609,
	4.58932 3.07931,
	4.58509 3.07254,
	4.5834 3.07084,
	4.58255 3.06745,
	4.58001 3.06407,
	4.57493 3.05052,
	4.57323 3.03697,
	4.57323 3.03019,
	4.57577 3.01664,
	4.57493 3.00309,
	4.57577 2.98954,
	4.57408 2.98276,
	4.57154 2.97938,
	4.569 2.96583,
	4.56815 2.93873,
	4.56392 2.92518,
	4.56222 2.9184,
	4.56222 2.90485,
	4.56222 2.904,
	"/>
</Transform>

<Transform dim="0"
 xcoef=" 0 1 0 0 0 0"
 ycoef=" 0 0 1 0 0 0">
<Contour name="d03" hidden="false" closed="true" simplified="true" border="0 1 0" fill="0 1 0" mode="9"
 points="3.5633 2.4943,
	3.57595 2.44363,
	3.59813 2.39589,
	3.61716 2.37342,
	3.64254 2.35081,
	3.65523 2.34424,
	3.68063 2.34682,
	3.68699 2.34668,
	3.69019 2.3718,
	3.68704 2.39708,
	3.67436 2.42255,
	3.66493 2.52355,
	3.66498 2.57395,
	3.66182 2.58662,
	3.65547 2.59305,
	3.64912 2.59319,
	3.64278 2.59964,
	3.61738 2.6002,
	3.60467 2.60048,
	3.57926 2.58529,
	3.56655 2.57297,
	3.56333 2.52265,
	3.5633 2.49745,
	"/>
<Contour name="d03" hidden="false" closed="true" simplified="true" border="0 1 0" fill="0 1 0" mode="9"
 points="3.51854 2.18032,
	3.53756 2.1547,
	3.58833 2.11893,
	3.61372 2.10262,
	3.63913 2.10205,
	3.64547 2.10191,
	3.66138 2.12677,
	3.66457 2.15189,
	3.66459 2.16449,
	3.64556 2.19011,
	3.59798 2.23841,
	3.58528 2.24498,
	3.57893 2.25143,
	3.55354 2.25199,
	3.54084 2.25227,
	3.52813 2.2431,
	3.52177 2.23695,
	3.51855 2.18662,
	3.51854 2.18347,
	"/>
</Transform>

<Transform dim="0"
 xcoef=" 0 1 0 0 0 0"
 ycoef=" 0 0 1 0 0 0">
<Contour name="ax09" comment="LK bouton trace named after cfa" hidden="false" closed="true" simplified="true" border="0 1 1" fill="0.502 1 1" mode="9"
 points="3.66474 2.49581,
	3.67217 2.48094,
	3.6731 2.47351,
	3.67217 2.44378,
	3.67217 2.43634,
	3.67589 2.42148,
	3.68704 2.39174,
	3.69354 2.37688,
	3.69819 2.36201,
	3.69912 2.35829,
	3.69726 2.35086,
	3.70005 2.33599,
	3.70098 2.33227,
	3.71491 2.31927,
	3.72978 2.31183,
	3.74465 2.30719,
	3.77438 2.29325,
	3.7781 2.29139,
	3.78832 2.27652,
	3.80133 2.26166,
	3.80876 2.25608,
	3.82177 2.24121,
	3.83664 2.22728,
	3.84407 2.2217,
	3.8515 2.21427,
	3.85522 2.21055,
	3.86265 2.20683,
	3.87752 2.20405,
	3.88496 2.20312,
	3.89239 2.20033,
	3.92212 2.19754,
	3.93699 2.20312,
	3.94442 2.20962,
	3.95464 2.22449,
	3.96951 2.28396,
	3.98159 2.29882,
	3.98252 2.30254,
	3.98531 2.30626,
	3.98624 2.30997,
	3.99088 2.31741,
	3.99274 2.32484,
	3.99739 2.33227,
	3.99739 2.33413,
	4.00018 2.33785,
	4.0011 2.34157,
	4.01504 2.35643,
	4.02155 2.36387,
	4.02619 2.3713,
	4.02526 2.38617,
	4.02341 2.3936,
	4.01597 2.40847,
	4.00575 2.42333,
	3.99832 2.4382,
	3.9881 2.45307,
	3.97973 2.46794,
	3.9723 2.47537,
	3.95743 2.4828,
	3.9277 2.48652,
	3.91283 2.49117,
	3.90911 2.4921,
	3.89425 2.50696,
	3.88217 2.52183,
	3.8673 2.52926,
	3.83757 2.53763,
	3.80783 2.54785,
	3.8004 2.54971,
	3.77066 2.56643,
	3.7558 2.57479,
	3.74093 2.58501,
	3.7335 2.5878,
	3.72606 2.58873,
	3.7112 2.58687,
	3.69912 2.57201,
	3.6954 2.57108,
	3.68053 2.55621,
	3.67217 2.54134,
	3.66659 2.52648,
	3.66474 2.51904,
	3.66474 2.50417,
	3.66474 2.49674,
	"/>
</Transform>

<Transform dim="0"
 xcoef=" 0 1 0 0 0 0"
 ycoef=" 0 0 1 0 0 0">
<Contour name="ax15" comment="LK bouton trace named after cfa" hidden="false" closed="true" simplified="true" border="0 1 1" fill="0.502 1 1" mode="9"
 points="2.79115 1.80393,
	2.79918 1.7737,
	2.8006 1.76614,
	2.80107 1.76236,
	2.80107 1.76047,
	2.80674 1.75291,
	2.8143 1.74725,
	2.81761 1.74347,
	2.81997 1.73969,
	2.82658 1.73213,
	2.83414 1.72646,
	2.84925 1.71749,
	2.86437 1.70946,
	2.87193 1.70568,
	2.87948 1.70096,
	2.88704 1.69529,
	2.8946 1.69056,
	2.92483 1.67734,
	2.93239 1.67545,
	2.93617 1.67498,
	2.93995 1.67309,
	2.94372 1.67261,
	2.9475 1.6712,
	2.97773 1.66836,
	2.99285 1.66836,
	3.00041 1.66836,
	3.00797 1.66931,
	3.01552 1.66931,
	3.03064 1.666,
	3.04575 1.66175,
	3.05331 1.66033,
	3.06087 1.66411,
	3.06843 1.6712,
	3.07221 1.67498,
	3.07976 1.68017,
	3.08732 1.68442,
	3.0911 1.68773,
	3.09866 1.69151,
	3.10244 1.6934,
	3.10622 1.69434,
	3.12133 1.70426,
	3.127 1.71182,
	3.13031 1.71513,
	3.13786 1.71985,
	3.15298 1.72693,
	3.18321 1.7378,
	3.18699 1.73874,
	3.21722 1.7515,
	3.23233 1.75717,
	3.23611 1.75858,
	3.25123 1.76189,
	3.25879 1.76614,
	3.26634 1.77323,
	3.27815 1.78834,
	3.28524 1.80346,
	3.28807 1.80724,
	3.28996 1.81101,
	3.29043 1.81479,
	3.2928 1.82235,
	3.29421 1.82613,
	3.29421 1.84124,
	3.29091 1.85636,
	3.2876 1.86392,
	3.28571 1.8677,
	3.27957 1.87525,
	3.27626 1.87903,
	3.26729 1.89415,
	3.26304 1.90171,
	3.25737 1.90926,
	3.24745 1.92438,
	3.2243 1.95461,
	3.21675 1.96217,
	3.20163 1.97492,
	3.18652 1.98437,
	3.17896 1.98862,
	3.16384 2.00232,
	3.1492 2.01743,
	3.1355 2.03255,
	3.12794 2.0368,
	3.12416 2.03869,
	3.12039 2.03963,
	3.10527 2.04672,
	3.09771 2.05003,
	3.09393 2.05192,
	3.08638 2.05381,
	3.07126 2.05569,
	3.0637 2.05711,
	3.03347 2.05758,
	3.01836 2.05806,
	3.00324 2.05758,
	2.99946 2.05758,
	2.98435 2.05333,
	2.97679 2.05003,
	2.96923 2.04766,
	2.96545 2.04625,
	2.95034 2.03775,
	2.94845 2.03727,
	2.94798 2.03633,
	2.94703 2.03633,
	2.94325 2.03255,
	2.92814 2.02357,
	2.92058 2.01932,
	2.91302 2.01224,
	2.90546 2.00704,
	2.89082 1.9924,
	2.88751 1.98862,
	2.88562 1.98673,
	2.86484 1.9565,
	2.86106 1.94894,
	2.8502 1.93383,
	2.83792 1.91871,
	2.8313 1.91115,
	2.82847 1.90737,
	2.81194 1.87714,
	2.80863 1.86959,
	2.80674 1.86581,
	2.80438 1.85825,
	2.80343 1.85447,
	2.79588 1.83936,
	2.79352 1.8318,
	2.79115 1.81668,
	2.79115 1.80912,
	2.79115 1.80535,
	2.79115 1.8044,
	"/>
</Transform>

<Transform dim="0"
 xcoef=" 0 1 0 0 0 0"
 ycoef=" 0 0 1 0 0 0">
<Contour name="D09" hidden="false" closed="true" simplified="true" border="0 1 0" fill="0 1 0" mode="11"
 points="5.31018 1.5199,
	5.3167 1.48856,
	5.3357 1.46,
	5.36529 1.43702,
	5.4026 1.42185,
	5.44397 1.416,
	5.48534 1.42002,
	5.52268 1.43354,
	5.55232 1.45521,
	5.57137 1.48293,
	5.57795 1.51397,
	5.57143 1.54531,
	5.55243 1.57386,
	5.52284 1.59685,
	5.48553 1.61201,
	5.44416 1.61786,
	5.40279 1.61384,
	5.36545 1.60033,
	5.33581 1.57865,
	"/>
<Contour name="d08" hidden="false" closed="true" simplified="true" border="1 0 0" fill="1 0 0" mode="9"
 points="4.96044 2.68645,
	4.98889 2.65354,
	5.00515 2.64107,
	5.00919 2.60869,
	5.00509 2.5765,
	5.00507 2.56036,
	5.0376 2.53543,
	5.07013 2.5226,
	5.10268 2.52188,
	5.11896 2.52555,
	5.13525 2.54134,
	5.14747 2.57335,
	5.14754 2.63792,
	5.13128 2.65442,
	5.12316 2.67074,
	5.12319 2.70303,
	5.1232 2.71109,
	5.10694 2.7276,
	5.07441 2.73639,
	5.00931 2.73783,
	4.97676 2.73452,
	4.96048 2.72277,
	4.96045 2.69049,
	"/>
</Transform>

<Transform dim="0"
 xcoef=" 0 1 0 0 0 0"
 ycoef=" 0 0 1 0 0 0">
<Contour name="ax26" comment="LK bouton trace named after cfa" hidden="false" closed="true" simplified="true" border="0 1 1" fill="0.502 1 1" mode="9"
 points="4.79899 2.40156,
	4.80863 2.39124,
	4.83065 2.3754,
	4.84167 2.36646,
	4.84717 2.36233,
	4.86645 2.3403,
	4.87058 2.32929,
	4.87471 2.30726,
	4.87677 2.29625,
	4.87746 2.28523,
	4.89673 2.24118,
	4.8988 2.23567,
	4.9105 2.21365,
	4.91532 2.20264,
	4.92151 2.19162,
	4.92564 2.18612,
	4.93115 2.1751,
	4.93459 2.1696,
	4.93803 2.15858,
	4.94216 2.15308,
	4.94285 2.14757,
	4.94629 2.14206,
	4.95042 2.13105,
	4.95249 2.12554,
	4.95386 2.11453,
	4.95455 2.10902,
	4.95455 2.10765,
	4.95042 2.10214,
	4.94905 2.10076,
	4.93803 2.0987,
	4.93253 2.09663,
	4.92151 2.08769,
	4.91876 2.08562,
	4.91256 2.07461,
	4.90775 2.06359,
	4.9043 2.05258,
	4.90293 2.04157,
	4.90293 2.03055,
	4.91188 2.00853,
	4.9339 1.96448,
	4.94973 1.94245,
	4.97245 1.8984,
	4.97727 1.88738,
	4.98346 1.87637,
	4.98622 1.87086,
	4.98966 1.85985,
	4.99035 1.85434,
	4.99103 1.85159,
	4.99103 1.85021,
	4.99448 1.84471,
	4.99516 1.84195,
	4.99929 1.83645,
	5.02132 1.82062,
	5.02407 1.81786,
	5.02545 1.80685,
	5.02614 1.80134,
	5.02476 1.79033,
	5.02545 1.77932,
	5.03096 1.7683,
	5.03922 1.75729,
	5.04335 1.75178,
	5.04885 1.74765,
	5.05849 1.73664,
	5.06331 1.73113,
	5.0695 1.72012,
	5.07501 1.71461,
	5.07776 1.70911,
	5.08327 1.70498,
	5.08465 1.7036,
	5.10667 1.69878,
	5.10943 1.69741,
	5.12044 1.69672,
	5.14246 1.69259,
	5.16449 1.68639,
	5.17 1.68502,
	5.19134 1.67263,
	5.20235 1.66781,
	5.21336 1.66712,
	5.21887 1.66643,
	5.22988 1.6685,
	5.23539 1.67056,
	5.2464 1.67813,
	5.25122 1.68295,
	5.2581 1.69396,
	5.26292 1.70498,
	5.27669 1.74903,
	5.28151 1.76004,
	5.2877 1.77106,
	5.28839 1.77381,
	5.2939 1.77932,
	5.29734 1.78482,
	5.29871 1.79033,
	5.2994 1.81236,
	5.29871 1.82337,
	5.29252 1.8454,
	5.29045 1.8509,
	5.28977 1.85366,
	5.28632 1.85916,
	5.28288 1.87017,
	5.28151 1.87568,
	5.26843 1.89771,
	5.26567 1.90321,
	5.2643 1.91423,
	5.26636 1.93625,
	5.26843 1.94727,
	5.27187 1.95828,
	5.27669 1.96929,
	5.28013 1.98031,
	5.28219 1.98581,
	5.28426 1.99683,
	5.28839 2.00784,
	5.30766 2.02987,
	5.329 2.04983,
	5.33382 2.05533,
	5.33726 2.06084,
	5.34621 2.07185,
	5.35447 2.09388,
	5.35653 2.09939,
	5.35722 2.12141,
	5.35584 2.14344,
	5.35516 2.15445,
	5.35447 2.15996,
	5.35584 2.17097,
	5.35584 2.18199,
	5.35722 2.18474,
	5.36617 2.19575,
	5.36755 2.19713,
	5.36961 2.20814,
	5.3703 2.21089,
	5.36686 2.22191,
	5.36479 2.23292,
	5.3641 2.23843,
	5.36342 2.24118,
	5.36892 2.26321,
	5.37099 2.27422,
	5.37168 2.28523,
	5.36961 2.29625,
	5.36823 2.30175,
	5.36342 2.31277,
	5.35653 2.32378,
	5.35309 2.32929,
	5.34277 2.3403,
	5.33726 2.34512,
	5.31523 2.35544,
	5.27118 2.3816,
	5.26017 2.38848,
	5.25466 2.39261,
	5.25328 2.39812,
	5.2526 2.40087,
	5.25466 2.40638,
	5.25328 2.41739,
	5.25122 2.4229,
	5.24984 2.42565,
	5.23883 2.43598,
	5.22782 2.44424,
	5.2168 2.45112,
	5.2113 2.45387,
	5.20028 2.45731,
	5.18927 2.45938,
	5.16724 2.46695,
	5.15623 2.47177,
	5.1342 2.47934,
	5.12319 2.48141,
	5.11769 2.48209,
	5.09566 2.49104,
	5.09015 2.4938,
	5.07914 2.49655,
	5.06813 2.49724,
	5.0461 2.49655,
	5.03509 2.49586,
	5.03233 2.49586,
	5.01031 2.48829,
	4.99929 2.48622,
	4.98828 2.48209,
	4.98277 2.48003,
	4.96075 2.46626,
	4.94973 2.45938,
	4.93872 2.45387,
	4.93597 2.4525,
	4.91394 2.46213,
	4.90843 2.46489,
	4.90568 2.46626,
	4.90017 2.46695,
	4.89467 2.46902,
	4.87264 2.47246,
	4.86714 2.47383,
	4.84511 2.47315,
	4.8341 2.46695,
	4.82308 2.45869,
	4.81345 2.44768,
	4.80725 2.43667,
	4.80243 2.42565,
	4.79899 2.41464,
	4.79899 2.40363,
	4.79899 2.40225,
	"/>
</Transform>

<Transform dim="0"
 xcoef=" 0 1 0 0 0 0"
 ycoef=" 0 0 1 0 0 0">
<Contour name="d03c10ax08" hidden="false" closed="true" simplified="true" border="0 1 0" fill="0 1 0" mode="9"
 points="4.56154 3.05534,
	4.59349 3.02938,
	4.60147 3.0224,
	4.66535 3.0763,
	4.68132 3.08927,
	4.68931 3.09626,
	4.6913 3.09826,
	4.65936 3.1302,
	4.64339 3.14617,
	4.63541 3.15415,
	4.63141 3.15815,
	4.63042 3.15914,
	4.57652 3.09526,
	4.56454 3.06332,
	4.56154 3.05633,
	"/>
</Transform>

</Section>