<?xml version="1.0"?>
<!DOCTYPE Section SYSTEM "section.dtd">

<Section index="180" thickness="0.045" alignLocked="true">
<Transform dim="6"
 xcoef=" -0.865312555307315 1.01761928370745 -0.0231945005889915 0 0 0"
 ycoef=" -0.483116029753597 0.0201428596538127 1.00140857851713 0 0 0">
<Contour name="D04" hidden="false" closed="true" simplified="true" border="1 0 0" fill="1 0 0" mode="11"
 points="5.46492 7.28996,
	5.46778 7.25096,
	5.47628 7.21281,
	5.49024 7.17634,
	5.50936 7.14235,
	5.53323 7.11158,
	5.56131 7.0847,
	5.59299 7.0623,
	5.6276 7.04487,
	5.66436 7.03278,
	5.70248 7.0263,
	5.74113 7.02558,
	5.77947 7.03063,
	5.81665 7.04133,
	5.85186 7.05746,
	5.88435 7.07866,
	5.91339 7.10447,
	5.93836 7.13432,
	5.95871 7.16758,
	5.97399 7.2035,
	5.98388 7.24131,
	5.98816 7.28018,
	5.98673 7.31926,
	5.97963 7.35771,
	5.96701 7.39467,
	5.94914 7.42936,
	5.92642 7.461,
	5.89934 7.48891,
	5.86849 7.51248,
	5.83455 7.53119,
	5.79825 7.54464,
	5.76039 7.55254,
	5.72179 7.55471,
	5.6833 7.5511,
	5.64576 7.54179,
	5.60998 7.52699,
	5.57674 7.50702,
	5.54678 7.48231,
	5.52073 7.45341,
	5.49918 7.42094,
	5.48259 7.38562,
	5.47133 7.3482,
	"/>
</Transform>

<Transform dim="6"
 xcoef=" 0.444687444692685 1.01761928370745 -0.0231945005889915 0 0 0"
 ycoef=" 0.456883970246404 0.0201428596538127 1.00140857851713 0 0 0">
<Contour name="D05" hidden="false" closed="true" simplified="true" border="1 1 0" fill="1 1 0" mode="11"
 points="2.69299 3.97404,
	2.70475 3.90163,
	2.73888 3.83632,
	2.79205 3.78448,
	2.85904 3.7512,
	2.93329 3.73974,
	3.00755 3.7512,
	3.07454 3.78448,
	3.12771 3.83632,
	3.16184 3.90163,
	3.1736 3.97404,
	3.16184 4.04644,
	3.12771 4.11175,
	3.07454 4.16359,
	3.00755 4.19687,
	2.93329 4.20833,
	2.85904 4.19687,
	2.79205 4.16359,
	2.73888 4.11175,
	"/>
</Transform>

<Transform dim="6"
 xcoef=" 0.0446874446926857 1.01761928370745 -0.0231945005889915 0 0 0"
 ycoef=" -0.163116029753597 0.0201428596538127 1.00140857851713 0 0 0">
<Contour name="d01" hidden="true" closed="true" simplified="true" border="1 0.5 0" fill="1 0.5 0" mode="9"
 points="5.37014 5.04516,
	5.3808 5.02385,
	5.39145 5.0132,
	5.47669 4.98123,
	5.56193 4.98123,
	5.58324 4.99721,
	5.60988 5.03983,
	5.62053 5.08245,
	5.62053 5.12507,
	5.59922 5.1304,
	5.5566 5.12507,
	5.51398 5.10909,
	5.42874 5.09311,
	5.38612 5.09311,
	5.3808 5.08245,
	5.38612 5.0718,
	5.37014 5.06114,
	5.37014 5.05049,
	"/>
</Transform>

<Transform dim="6"
 xcoef=" 0.0446874446926857 1.01761928370745 -0.0231945005889915 0 0 0"
 ycoef=" -0.163116029753597 0.0201428596538127 1.00140857851713 0 0 0">
<Contour name="d01" hidden="true" closed="true" simplified="true" border="1 0.5 0" fill="1 0.5 0" mode="9"
 points="4.21407 4.51774,
	4.28333 4.43782,
	4.278 4.41651,
	4.24071 4.37922,
	4.22472 4.36324,
	4.23005 4.32062,
	4.27267 4.28865,
	4.29398 4.27267,
	4.31529 4.23005,
	4.32595 4.20874,
	4.34726 4.19809,
	4.36857 4.17678,
	4.41119 4.16079,
	4.58167 4.15014,
	4.66691 4.15547,
	4.70953 4.16079,
	4.88001 4.13948,
	4.92263 4.12883,
	4.96525 4.10752,
	4.98656 4.09686,
	5.02918 4.09154,
	5.05049 4.09154,
	5.22097 4.03826,
	5.24228 4.03826,
	5.26359 4.01695,
	5.27424 4.0063,
	5.31686 4.01695,
	5.35416 4.05424,
	5.3808 4.13948,
	5.40743 4.1821,
	5.42342 4.20341,
	5.42342 4.24603,
	5.40743 4.33127,
	5.40743 4.37389,
	5.38612 4.3952,
	5.3435 4.41119,
	5.33818 4.42717,
	5.3435 4.46979,
	5.33818 4.51241,
	5.32752 4.53372,
	5.29023 4.57101,
	5.27957 4.59232,
	5.26892 4.60298,
	5.26359 4.68822,
	5.26359 4.70953,
	5.24761 4.72551,
	5.16237 4.70953,
	5.14106 4.7042,
	5.05582 4.72018,
	4.97058 4.71486,
	4.92796 4.70953,
	4.90665 4.69887,
	4.73617 4.71486,
	4.65092 4.73084,
	4.63494 4.73617,
	4.64027 4.74149,
	4.59765 4.75748,
	4.57634 4.7628,
	4.56036 4.75748,
	4.58167 4.74682,
	4.58699 4.74149,
	4.56568 4.72551,
	4.53905 4.68289,
	4.50708 4.65092,
	4.48577 4.65092,
	4.44315 4.66691,
	4.42184 4.67756,
	4.38455 4.72018,
	4.36324 4.72551,
	4.34193 4.71486,
	4.33127 4.71486,
	4.32062 4.7042,
	4.30996 4.7042,
	4.26734 4.67224,
	4.25136 4.58699,
	4.22472 4.54437,
	4.21407 4.52306,
	"/>
</Transform>

<Transform dim="6"
 xcoef=" 0.0446874446926857 1.01761928370745 -0.0231945005889915 0 0 0"
 ycoef=" -0.163116029753597 0.0201428596538127 1.00140857851713 0 0 0">
<Contour name="d01" hidden="true" closed="true" simplified="true" border="1 0.5 0" fill="1 0.5 0" mode="9"
 points="3.52149 5.58857,
	3.53747 5.56726,
	3.52682 5.55128,
	3.54813 5.50866,
	3.55878 5.49267,
	3.59608 5.45538,
	3.64935 5.3808,
	3.67066 5.36481,
	3.68132 5.35416,
	3.70263 5.34883,
	3.74525 5.38612,
	3.76123 5.42874,
	3.75057 5.45005,
	3.70795 5.45538,
	3.68664 5.46071,
	3.67066 5.47669,
	3.66533 5.498,
	3.64935 5.51931,
	3.56411 5.56726,
	3.52682 5.5939,
	"/>
</Transform>

<Transform dim="6"
 xcoef=" 0.0446874446926857 1.01761928370745 -0.0231945005889915 0 0 0"
 ycoef=" -0.163116029753597 0.0201428596538127 1.00140857851713 0 0 0">
<Contour name="d01c31" hidden="false" closed="true" simplified="true" border="0 1 0" fill="0 1 0" mode="9"
 points="4.74488 4.70581,
	4.75884 4.68348,
	4.76721 4.63882,
	4.77 4.62766,
	4.77 4.62207,
	4.78117 4.61091,
	4.8035 4.59695,
	4.81466 4.58858,
	4.82583 4.58579,
	4.83699 4.58858,
	4.85653 4.61091,
	4.87048 4.63045,
	4.87886 4.64161,
	4.90119 4.64999,
	4.94584 4.64999,
	4.96817 4.64999,
	4.9905 4.65557,
	5.00167 4.66115,
	5.01283 4.67231,
	5.05749 4.68627,
	5.06307 4.68627,
	5.06865 4.69185,
	5.06586 4.70302,
	5.0212 4.70581,
	4.99887 4.70302,
	4.95422 4.7086,
	4.90956 4.7086,
	4.8649 4.71418,
	4.84257 4.71697,
	4.79791 4.71418,
	4.75326 4.71697,
	4.74488 4.71418,
	4.74767 4.71139,
	4.74488 4.7086,
	"/>
</Transform>

<Transform dim="6"
 xcoef=" 0.0446874446926857 1.01761928370745 -0.0231945005889915 0 0 0"
 ycoef=" -0.163116029753597 0.0201428596538127 1.00140857851713 0 0 0">
<Contour name="d01cfa31" hidden="false" closed="false" simplified="false" border="0 1 1" fill="0 1 1" mode="9"
 points="5.06897 4.69585,
	5.01036 4.69027,
	4.92383 4.68748,
	4.81498 4.69306,
	4.75358 4.70143,
	"/>
</Transform>

<Transform dim="6"
 xcoef=" 0.0446874446926857 1.01761928370745 -0.0231945005889915 0 0 0"
 ycoef=" -0.163116029753597 0.0201428596538127 1.00140857851713 0 0 0">
<Contour name="d03" hidden="false" closed="true" simplified="true" border="0 1 0" fill="0 1 0" mode="9"
 points="3.33089 2.44864,
	3.3507 2.35112,
	3.35831 2.32674,
	3.36136 2.31456,
	3.38422 2.2658,
	3.39793 2.24142,
	3.40555 2.22923,
	3.42841 2.20485,
	3.44517 2.18047,
	3.45888 2.15609,
	3.47564 2.13171,
	3.4985 2.10885,
	3.52288 2.11037,
	3.53507 2.1119,
	3.54116 2.1119,
	3.54421 2.1119,
	3.58535 2.16066,
	3.63411 2.18961,
	3.68287 2.20637,
	3.68896 2.20789,
	3.73772 2.2018,
	3.74991 2.2018,
	3.75601 2.20027,
	3.80477 2.21399,
	3.81696 2.21856,
	3.85505 2.26732,
	3.87181 2.2917,
	3.87486 2.29779,
	3.89924 2.30694,
	3.91143 2.31151,
	3.96019 2.30237,
	4.00895 2.31913,
	4.03333 2.32674,
	4.07904 2.42426,
	4.10799 2.47302,
	4.11104 2.47759,
	4.08666 2.50197,
	4.07447 2.51416,
	4.02571 2.54464,
	4.01352 2.55226,
	3.98914 2.57511,
	3.98305 2.58121,
	3.93429 2.60559,
	3.90991 2.61778,
	3.86115 2.65282,
	3.84591 2.6772,
	3.84591 2.70158,
	3.84591 2.70768,
	3.8261 2.73206,
	3.81543 2.74272,
	3.76668 2.75796,
	3.66916 2.77472,
	3.64478 2.77929,
	3.59602 2.79301,
	3.54726 2.78996,
	3.4985 2.77472,
	3.47412 2.76101,
	3.46802 2.75796,
	3.46498 2.74577,
	3.46345 2.72139,
	3.47107 2.67263,
	3.46955 2.64825,
	3.46802 2.63606,
	3.46345 2.62387,
	3.45431 2.61168,
	3.44364 2.60406,
	3.39488 2.58273,
	3.38269 2.57511,
	3.34917 2.52635,
	3.34003 2.51416,
	3.33241 2.4654,
	3.33089 2.45321,
	3.33089 2.45017,
	"/>
</Transform>

<Transform dim="6"
 xcoef=" 0.0446874446926857 1.01761928370745 -0.0231945005889915 0 0 0"
 ycoef=" -0.163116029753597 0.0201428596538127 1.00140857851713 0 0 0">
<Contour name="d03" hidden="false" closed="true" simplified="true" border="0 1 0" fill="0 1 0" mode="9"
 points="2.8371 2.9225,
	2.84975 2.87189,
	2.85608 2.85924,
	2.85608 2.80863,
	2.84975 2.79598,
	2.84975 2.77068,
	2.90036 2.72956,
	3.00157 2.72324,
	3.02687 2.71691,
	3.03952 2.71375,
	3.06483 2.69477,
	3.09013 2.68212,
	3.10278 2.67896,
	3.12808 2.66314,
	3.17869 2.65049,
	3.19134 2.64733,
	3.20399 2.63784,
	3.21664 2.63784,
	3.23878 2.62202,
	3.2546 2.64733,
	3.2546 2.69793,
	3.25776 2.72324,
	3.28939 2.77384,
	3.29888 2.78649,
	3.30837 2.8118,
	3.31153 2.8624,
	3.30204 2.88771,
	3.29888 2.90036,
	3.2799 2.92566,
	3.23562 2.96045,
	3.18502 3.00157,
	3.15971 3.02687,
	3.14706 3.03952,
	3.13441 3.04585,
	3.10911 3.07115,
	3.0838 3.09013,
	3.0332 3.09962,
	2.98259 3.10278,
	2.95729 3.09646,
	2.91301 3.04901,
	2.87189 3.01106,
	2.8371 2.96045,
	2.8371 2.93515,
	2.8371 2.92566,
	"/>
</Transform>

<Transform dim="6"
 xcoef=" 0.0446874446926857 1.01761928370745 -0.0231945005889915 0 0 0"
 ycoef=" -0.163116029753597 0.0201428596538127 1.00140857851713 0 0 0">
<Contour name="d03" hidden="false" closed="true" simplified="true" border="0 1 0" fill="0 1 0" mode="9"
 points="3.89983 2.07801,
	3.91564 2.05271,
	3.93778 2.0274,
	3.96308 2.01159,
	4.01369 2.01159,
	4.02634 2.01159,
	4.03899 2.02424,
	4.04216 2.07485,
	4.03267 2.10015,
	4.03267 2.1128,
	4.02634 2.12545,
	4.00104 2.14443,
	3.95043 2.14443,
	3.92513 2.14443,
	3.91248 2.14443,
	3.90299 2.13178,
	3.89983 2.08117,
	"/>
</Transform>

<Transform dim="6"
 xcoef=" 0.0446874446926857 1.01761928370745 -0.0231945005889915 0 0 0"
 ycoef=" -0.163116029753597 0.0201428596538127 1.00140857851713 0 0 0">
<Contour name="d03c26" hidden="false" closed="true" simplified="true" border="1 0 0" fill="1 0 0" mode="9"
 points="3.547 2.12876,
	3.55543 2.11753,
	3.6453 2.11472,
	3.65653 2.12034,
	3.679 2.14,
	3.68181 2.14561,
	3.72674 2.14561,
	3.74921 2.14842,
	3.76887 2.16246,
	3.77729 2.1737,
	3.77729 2.19616,
	3.77729 2.2074,
	3.77448 2.21302,
	3.72955 2.23267,
	3.68461 2.23267,
	3.66215 2.22987,
	3.63968 2.21302,
	3.62845 2.20459,
	3.60598 2.19897,
	3.58351 2.18493,
	3.56385 2.16527,
	3.54981 2.14281,
	3.547 2.13157,
	"/>
<Contour name="d03cfa26" hidden="false" closed="false" simplified="false" border="0 1 1" fill="0 1 1" mode="9"
 points="3.54667 2.12627,
	3.60003 2.15154,
	3.65339 2.18243,
	3.71798 2.19928,
	3.77696 2.19928,
	"/>
</Transform>

<Transform dim="6"
 xcoef=" 0.0446874446926857 1.01761928370745 -0.0231945005889915 0 0 0"
 ycoef=" -0.163116029753597 0.0201428596538127 1.00140857851713 0 0 0">
<Contour name="d03c27" hidden="false" closed="true" simplified="true" border="1 0 0" fill="1 0 0" mode="9"
 points="3.81942 2.6764,
	3.82503 2.66517,
	3.86997 2.62866,
	3.9149 2.60338,
	3.93737 2.59496,
	3.95984 2.58092,
	3.97107 2.57249,
	4.016 2.57249,
	4.02724 2.57249,
	4.03286 2.57249,
	4.03847 2.57811,
	4.03847 2.60057,
	4.01881 2.62304,
	4.00758 2.63427,
	4.00477 2.63708,
	3.99915 2.63427,
	3.97669 2.63989,
	3.97107 2.63989,
	3.93456 2.67921,
	3.88963 2.70448,
	3.86716 2.71853,
	3.84469 2.72695,
	3.83346 2.72695,
	3.82784 2.72695,
	3.81942 2.71572,
	3.81942 2.69325,
	3.81942 2.68202,
	3.81942 2.67921,
	"/>
<Contour name="d03cfa27" hidden="false" closed="false" simplified="false" border="0 1 1" fill="0 1 1" mode="9"
 points="3.84998 2.71884,
	3.87806 2.65986,
	3.91738 2.62054,
	3.98759 2.58684,
	4.0241 2.5728,
	"/>
</Transform>

<Transform dim="6"
 xcoef=" 0.0446874446926857 1.01761928370745 -0.0231945005889915 0 0 0"
 ycoef=" -0.163116029753597 0.0201428596538127 1.00140857851713 0 0 0">
<Contour name="d06" hidden="true" closed="true" simplified="true" border="0 0 1" fill="0 0 1" mode="11"
 points="2.81716 7.28645,
	2.82056 7.2592,
	2.84441 7.23195,
	2.86485 7.21151,
	2.87166 7.2047,
	2.86825 7.17744,
	2.86144 7.16382,
	2.86144 7.05481,
	2.85803 7.00031,
	2.86825 6.97306,
	2.88528 6.94921,
	2.8921 6.93899,
	2.91594 6.91855,
	2.92957 6.90833,
	2.93979 6.88449,
	2.93979 6.82998,
	2.93979 6.81636,
	2.95001 6.78911,
	2.95341 6.76185,
	2.96704 6.7346,
	3.01132 6.69032,
	3.03176 6.66647,
	3.04198 6.65285,
	3.04198 6.59834,
	3.04539 6.57109,
	3.07264 6.55747,
	3.09989 6.53021,
	3.1544 6.49615,
	3.16121 6.49274,
	3.18505 6.51318,
	3.19868 6.51999,
	3.24637 6.57109,
	3.2634 6.58472,
	3.2634 6.59153,
	3.24978 6.60516,
	3.23615 6.60856,
	3.22253 6.62219,
	3.21571 6.63581,
	3.2089 6.64263,
	3.2089 6.66988,
	3.22253 6.68351,
	3.23615 6.68691,
	3.34516 6.66307,
	3.39966 6.65966,
	3.41329 6.65285,
	3.51889 6.56769,
	3.53252 6.56087,
	3.55636 6.58472,
	3.56317 6.58472,
	3.56658 6.63922,
	3.56658 6.66647,
	3.56658 6.6801,
	3.54955 6.70735,
	3.54614 6.76185,
	3.54955 6.78911,
	3.55977 6.81636,
	3.56317 6.87086,
	3.56317 6.89811,
	3.56317 6.91174,
	3.55636 6.92537,
	3.55636 6.93218,
	3.54614 6.9424,
	3.53933 6.9969,
	3.53933 7.02415,
	3.53933 7.03778,
	3.49164 7.08206,
	3.46779 7.10591,
	3.45757 7.11613,
	3.44395 7.11953,
	3.4167 7.14338,
	3.38944 7.16041,
	3.38263 7.16723,
	3.37582 7.16723,
	3.369 7.17404,
	3.26 7.18426,
	3.15099 7.18426,
	3.12374 7.18766,
	3.11011 7.19107,
	3.09649 7.20129,
	3.04198 7.21151,
	3.01473 7.21492,
	3.00111 7.21832,
	2.97385 7.23535,
	2.92276 7.28645,
	2.90913 7.3137,
	2.90232 7.32733,
	2.90232 7.33414,
	2.88869 7.34777,
	2.87166 7.37161,
	2.84441 7.37161,
	2.83078 7.36821,
	2.81716 7.35458,
	2.81716 7.30008,
	2.81716 7.28986,
	"/>
</Transform>

<Transform dim="6"
 xcoef=" 0.0446874446926857 1.01761928370745 -0.0231945005889915 0 0 0"
 ycoef=" -0.163116029753597 0.0201428596538127 1.00140857851713 0 0 0">
<Contour name="d06" hidden="true" closed="true" simplified="true" border="0 0 1" fill="0 0 1" mode="11"
 points="4.01964 7.03097,
	4.05371 6.97646,
	4.07755 6.95262,
	4.08436 6.9458,
	4.13887 6.9458,
	4.19337 6.96624,
	4.21722 6.99009,
	4.21722 7.04459,
	4.19337 7.06844,
	4.16612 7.08206,
	4.15931 7.08206,
	4.15249 7.08888,
	4.12524 7.0991,
	4.09799 7.1025,
	4.08436 7.10931,
	4.05711 7.10591,
	4.02986 7.07866,
	4.01964 7.06503,
	4.01964 7.03778,
	4.01964 7.03437,
	"/>
</Transform>

<Transform dim="6"
 xcoef=" 0.0446874446926857 1.01761928370745 -0.0231945005889915 0 0 0"
 ycoef=" -0.163116029753597 0.0201428596538127 1.00140857851713 0 0 0">
<Contour name="d06c24" hidden="false" closed="true" simplified="true" border="0 1 0" fill="0 1 0" mode="11"
 points="4.07407 7.09954,
	4.09126 7.08235,
	4.16002 7.04797,
	4.17721 7.03938,
	4.18581 7.03508,
	4.1944 7.06946,
	4.19011 7.10384,
	4.15572 7.11673,
	4.08696 7.11673,
	4.07837 7.11673,
	4.07407 7.10384,
	"/>
<Contour name="d06cfa24" hidden="false" closed="false" simplified="false" border="0 1 1" fill="0 1 1" mode="11"
 points="4.18829 7.05938,
	4.08085 7.11095,
	"/>
</Transform>

<Transform dim="6"
 xcoef=" 0.0446874446926857 1.01761928370745 -0.0231945005889915 0 0 0"
 ycoef=" -0.163116029753597 0.0201428596538127 1.00140857851713 0 0 0">
<Contour name="d07" hidden="true" closed="true" simplified="true" border="1 0 1" fill="1 0 1" mode="9"
 points="4.96508 7.29119,
	4.98322 7.27758,
	5.01949 7.26852,
	5.09204 7.23678,
	5.12832 7.24131,
	5.16006 7.25491,
	5.17366 7.27305,
	5.17819 7.30932,
	5.17366 7.32746,
	5.16006 7.3456,
	5.08751 7.35013,
	5.01496 7.34106,
	4.97868 7.31839,
	4.96508 7.30026,
	4.96508 7.29572,
	"/>
<Contour name="d07" hidden="true" closed="true" simplified="true" border="1 0 1" fill="1 0 1" mode="9"
 points="3.74081 7.28665,
	3.74988 7.26852,
	3.74988 7.25945,
	3.76802 7.24131,
	3.84057 7.23224,
	4.13077 7.25038,
	4.20331 7.22771,
	4.23959 7.2141,
	4.27133 7.17783,
	4.30307 7.10528,
	4.28947 7.06901,
	4.28493 7.05994,
	4.24866 7.0554,
	4.23052 7.0418,
	4.22145 7.00552,
	4.28947 6.94204,
	4.35748 6.8695,
	4.39829 6.79695,
	4.41643 6.76067,
	4.44817 6.72893,
	4.46631 6.73347,
	4.47537 6.738,
	4.47537 6.81055,
	4.47537 6.82869,
	4.48444 6.83775,
	4.55699 6.80601,
	4.62954 6.76521,
	4.64768 6.76067,
	4.65675 6.76067,
	4.67035 6.79695,
	4.5978 6.94204,
	4.52525 7.00099,
	4.4527 7.03727,
	4.44363 7.0418,
	4.44363 7.11435,
	4.40282 7.1869,
	4.39376 7.20503,
	4.38922 7.27758,
	4.40282 7.31386,
	4.4255 7.35013,
	4.46177 7.38641,
	4.47084 7.40455,
	4.47991 7.47709,
	4.47991 7.54964,
	4.47991 7.58592,
	4.54792 7.65393,
	4.5842 7.663,
	4.60234 7.66754,
	4.67035 7.74008,
	4.70209 7.77636,
	4.72023 7.81263,
	4.71569 7.88518,
	4.71116 7.92146,
	4.67035 7.99401,
	4.66128 8.01214,
	4.62501 8.02121,
	4.47991 7.98947,
	4.44363 7.97587,
	4.40736 7.94413,
	4.33481 7.90785,
	4.31667 7.89425,
	4.24412 7.89425,
	4.22599 7.89425,
	4.18971 7.88065,
	4.15344 7.85344,
	4.14437 7.84437,
	4.12623 7.83984,
	4.08996 7.8081,
	4.07635 7.73555,
	4.04461 7.70381,
	3.97206 7.6766,
	3.94032 7.64486,
	3.92219 7.62673,
	3.88591 7.55418,
	3.79523 7.40908,
	3.76802 7.3728,
	3.74988 7.33653,
	3.74081 7.31839,
	3.74081 7.30026,
	3.74081 7.29119,
	"/>
</Transform>

<Transform dim="6"
 xcoef=" 0.0446874446926857 1.01761928370745 -0.0231945005889915 0 0 0"
 ycoef=" -0.163116029753597 0.0201428596538127 1.00140857851713 0 0 0">
<Contour name="d07c32" hidden="false" closed="true" simplified="true" border="1 0 0" fill="0 1 0" mode="9"
 points="4.23114 6.93848,
	4.24964 6.9089,
	4.30881 6.86451,
	4.3384 6.83862,
	4.36059 6.81273,
	4.39018 6.78314,
	4.40498 6.78314,
	4.40867 6.81273,
	4.40128 6.87191,
	4.39758 6.8867,
	4.3495 6.94218,
	4.31991 6.96807,
	4.29032 6.98287,
	4.26073 6.99026,
	4.24594 6.99026,
	4.23114 6.98287,
	4.23114 6.95328,
	4.23114 6.94218,
	"/>
<Contour name="d07cfa32" hidden="false" closed="false" simplified="false" border="0 1 1" fill="0 1 1" mode="9"
 points="4.23518 6.9822,
	4.27217 6.94521,
	4.32395 6.91193,
	4.36093 6.86385,
	4.40531 6.79727,
	"/>
</Transform>

<Transform dim="6"
 xcoef=" 0.0446874446926857 1.01761928370745 -0.0231945005889915 0 0 0"
 ycoef=" -0.163116029753597 0.0201428596538127 1.00140857851713 0 0 0">
<Contour name="d01p31" hidden="false" closed="true" simplified="false" border="1 0.5 0" fill="1 0.5 0" mode="-13"
 points="4.91574 4.61442,
	4.91574 4.6079,
	4.92227 4.60137,
	4.9288 4.60137,
	4.93532 4.6079,
	4.93532 4.61442,
	4.9288 4.62095,
	4.92227 4.62095,
	"/>
</Transform>

<Transform dim="6"
 xcoef=" 0.0446874446926857 1.01761928370745 -0.0231945005889915 0 0 0"
 ycoef=" -0.163116029753597 0.0201428596538127 1.00140857851713 0 0 0">
<Contour name="d03p26" hidden="false" closed="true" simplified="false" border="0 0 1" fill="0 0 1" mode="-9"
 points="3.64013 2.27833,
	3.61956 2.25776,
	3.64013 2.23719,
	3.6607 2.25776,
	"/>
</Transform>

<Transform dim="6"
 xcoef=" 0.0446874446926857 1.01761928370745 -0.0231945005889915 0 0 0"
 ycoef=" -0.163116029753597 0.0201428596538127 1.00140857851713 0 0 0">
<Contour name="d03p27" hidden="false" closed="true" simplified="false" border="1 0 1" fill="1 0 1" mode="-9"
 points="3.85466 2.59277,
	3.85466 2.58102,
	3.86641 2.56926,
	3.87817 2.56926,
	3.88992 2.58102,
	3.88992 2.59277,
	3.87817 2.60452,
	3.86641 2.60452,
	"/>
</Transform>

<Transform dim="6"
 xcoef=" 0.0446874446926857 1.01761928370745 -0.0231945005889915 0 0 0"
 ycoef=" -0.163116029753597 0.0201428596538127 1.00140857851713 0 0 0">
<Contour name="d06p21" hidden="false" closed="true" simplified="false" border="1 0 0" fill="1 0 0" mode="-9"
 points="3.45458 6.7339,
	3.45458 6.72894,
	3.45954 6.72398,
	3.46451 6.72398,
	3.46947 6.72894,
	3.46947 6.7339,
	3.46451 6.73887,
	3.45954 6.73887,
	"/>
</Transform>

<Transform dim="6"
 xcoef=" 0.0446874446926857 1.01761928370745 -0.0231945005889915 0 0 0"
 ycoef=" -0.163116029753597 0.0201428596538127 1.00140857851713 0 0 0">
<Contour name="d06p22" hidden="false" closed="true" simplified="false" border="0.251 0 0.502" fill="0.251 0 0.502" mode="-13"
 points="2.95332 7.17561,
	2.93595 7.15824,
	2.95332 7.14087,
	2.97069 7.15824,
	"/>
</Transform>

<Transform dim="6"
 xcoef=" 0.0446874446926857 1.01761928370745 -0.0231945005889915 0 0 0"
 ycoef=" -0.163116029753597 0.0201428596538127 1.00140857851713 0 0 0">
<Contour name="d07p32" hidden="false" closed="true" simplified="false" border="0.5 0 1" fill="0.5 0 1" mode="9"
 points="4.27348 7.3518,
	4.26603 7.34932,
	4.27348 7.34684,
	4.26852 7.33939,
	4.27596 7.34435,
	4.27844 7.33691,
	4.28092 7.34435,
	4.28837 7.33939,
	4.28341 7.34684,
	4.29085 7.34932,
	4.28341 7.3518,
	4.28837 7.35924,
	4.28092 7.35428,
	4.27844 7.36172,
	4.27596 7.35428,
	4.26852 7.35924,
	"/>
</Transform>

<Transform dim="0"
 xcoef=" 0 1 0 0 0 0"
 ycoef=" 0 0 1 0 0 0">
<Contour name="d01cfa35ax04" hidden="false" closed="false" simplified="false" border="0 1 1" fill="0 1 1" mode="9"
 points="3.61219 4.89194,
	3.5732 4.8969,
	3.53224 4.9061,
	3.50348 4.90877,
	3.47238 4.89893,
	3.44535 4.88693,
	"/>
<Contour name="d01cfa35ax04" hidden="false" closed="false" simplified="false" border="0 1 1" fill="0 1 1" mode="9"
 points="3.90749 4.75212,
	3.90146 4.75852,
	3.88553 4.78185,
	3.85328 4.81178,
	3.81479 4.83975,
	3.77637 4.86981,
	3.7334 4.88114,
	3.70455 4.87962,
	"/>
<Contour name="d01" hidden="true" closed="true" simplified="true" border="1 0.5 0" fill="1 0.5 0" mode="9"
 points="3.31122 4.8677,
	3.3273 4.85065,
	3.34351 4.83986,
	3.3762 4.82875,
	3.39266 4.82842,
	3.40094 4.83034,
	3.41572 4.84678,
	3.42433 4.86334,
	3.43911 4.87978,
	3.47232 4.89165,
	3.50577 4.914,
	3.52208 4.90739,
	3.58779 4.8998,
	3.71899 4.87624,
	3.78435 4.854,
	3.81704 4.84289,
	3.83326 4.83211,
	3.86341 4.80011,
	3.91126 4.73222,
	3.93935 4.70028,
	3.94749 4.69593,
	3.97295 4.72889,
	3.98811 4.76205,
	4.00945 4.79509,
	4.02666 4.82822,
	4.05007 4.86121,
	4.0525 4.8779,
	4.03886 4.91164,
	4.03307 4.92849,
	4.02971 4.96203,
	4.01608 4.99577,
	4.00617 5.0127,
	3.97813 5.04674,
	3.97009 5.05527,
	3.93765 5.07684,
	3.87247 5.10743,
	3.83965 5.11227,
	3.77385 5.11569,
	3.70791 5.11284,
	3.69968 5.113,
	3.68304 5.10497,
	3.66629 5.09275,
	3.63303 5.07878,
	3.56629 5.04038,
	3.54959 5.03025,
	3.48327 5.01068,
	3.41719 5.00154,
	3.38767 4.97076,
	3.38131 4.96252,
	3.38466 4.92899,
	3.38222 4.9123,
	3.38212 4.90812,
	3.34953 4.92341,
	3.34141 4.92776,
	3.3249 4.926,
	3.31657 4.92199,
	3.31169 4.88861,
	3.31131 4.87188,
	3.31126 4.8698,
	"/>
</Transform>

<Transform dim="0"
 xcoef=" 0 1 0 0 0 0"
 ycoef=" 0 0 1 0 0 0">
<Contour name="ax04" comment="LK bouton trace named after cfa" hidden="false" closed="true" simplified="true" border="0 1 1" fill="0.502 1 1" mode="9"
 points="3.24736 4.62072,
	3.25328 4.60719,
	3.26089 4.55306,
	3.26258 4.526,
	3.2778 4.49894,
	3.28118 4.49218,
	3.28541 4.46511,
	3.28541 4.45158,
	3.28541 4.44482,
	3.28541 4.44144,
	3.2964 4.4279,
	3.30994 4.41691,
	3.33361 4.3907,
	3.34038 4.38647,
	3.35391 4.37463,
	3.36067 4.36871,
	3.36406 4.36533,
	3.37759 4.35856,
	3.38435 4.35602,
	3.40803 4.32896,
	3.4148 4.32304,
	3.41903 4.31712,
	3.42495 4.30359,
	3.42664 4.30021,
	3.4334 4.29429,
	3.46046 4.27991,
	3.46554 4.27315,
	3.46807 4.26638,
	3.46807 4.25962,
	3.46807 4.25623,
	3.46131 4.2427,
	3.45793 4.23594,
	3.45624 4.23256,
	3.45539 4.20549,
	3.45962 4.19196,
	3.46723 4.17843,
	3.48076 4.16829,
	3.50782 4.15475,
	3.52135 4.15053,
	3.53488 4.14799,
	3.54841 4.14376,
	3.57547 4.13953,
	3.589 4.14038,
	3.59577 4.14207,
	3.59915 4.14207,
	3.60592 4.14461,
	3.61945 4.1463,
	3.62621 4.1463,
	3.63298 4.14799,
	3.63974 4.15137,
	3.66681 4.15306,
	3.68034 4.15222,
	3.7074 4.15475,
	3.72093 4.15645,
	3.72769 4.15898,
	3.75476 4.16152,
	3.76829 4.16406,
	3.78182 4.16913,
	3.78858 4.17251,
	3.79535 4.17759,
	3.80634 4.19112,
	3.81395 4.20465,
	3.81903 4.21141,
	3.82579 4.22495,
	3.83678 4.23848,
	3.84947 4.25201,
	3.85708 4.26554,
	3.86807 4.2926,
	3.87315 4.29936,
	3.88668 4.31289,
	3.89344 4.31966,
	3.89683 4.32304,
	3.90613 4.3501,
	3.90867 4.37716,
	3.91966 4.43129,
	3.92304 4.44482,
	3.92473 4.45158,
	3.92389 4.45835,
	3.92643 4.46511,
	3.92727 4.49218,
	3.94165 4.51924,
	3.94672 4.53277,
	3.94841 4.53615,
	3.95264 4.56321,
	3.95433 4.56998,
	3.96025 4.58351,
	3.96448 4.59704,
	3.96871 4.6241,
	3.96786 4.63086,
	3.95518 4.65793,
	3.94841 4.67146,
	3.94334 4.67822,
	3.94165 4.6816,
	3.93488 4.68752,
	3.9315 4.69006,
	3.92473 4.70359,
	3.90528 4.73065,
	3.87822 4.75771,
	3.86638 4.77125,
	3.83932 4.79492,
	3.82579 4.80676,
	3.81226 4.81691,
	3.7852 4.83298,
	3.77167 4.84228,
	3.75814 4.84905,
	3.70402 4.86511,
	3.69048 4.8685,
	3.68372 4.87103,
	3.6296 4.87526,
	3.60254 4.87611,
	3.57547 4.87864,
	3.54841 4.88372,
	3.52135 4.88118,
	3.50782 4.87864,
	3.49429 4.87442,
	3.48076 4.87188,
	3.46723 4.86681,
	3.46046 4.86427,
	3.4537 4.86342,
	3.44017 4.8575,
	3.42664 4.8482,
	3.41311 4.83636,
	3.40634 4.83129,
	3.39958 4.8279,
	3.39619 4.82621,
	3.38266 4.81268,
	3.37759 4.80592,
	3.36406 4.8,
	3.35053 4.79662,
	3.34376 4.79577,
	3.34038 4.79577,
	3.33361 4.79154,
	3.33023 4.7907,
	3.3167 4.78055,
	3.30402 4.76702,
	3.29387 4.75349,
	3.29133 4.75095,
	3.2871 4.73742,
	3.28626 4.72389,
	3.28203 4.71712,
	3.2778 4.70359,
	3.27526 4.70021,
	3.26596 4.67315,
	3.25158 4.64609,
	3.2482 4.63256,
	3.24736 4.62579,
	3.24736 4.62241,
	3.24736 4.62156,
	"/>
</Transform>

<Transform dim="0"
 xcoef=" 0 1 0 0 0 0"
 ycoef=" 0 0 1 0 0 0">
<Contour name="d03" hidden="false" closed="true" simplified="true" border="0 1 0" fill="0 1 0" mode="9"
 points="2.47522 2.52297,
	2.49335 2.5005,
	2.51792 2.48737,
	2.71675 2.48337,
	2.7416 2.48288,
	2.7666 2.48869,
	2.78878 2.5072,
	2.79528 2.5197,
	2.79643 2.57021,
	2.79361 2.5829,
	2.79375 2.58921,
	2.77258 2.6149,
	2.76652 2.62135,
	2.66724 2.62966,
	2.56783 2.63166,
	2.5179 2.62319,
	2.4958 2.60784,
	2.48315 2.59862,
	2.47673 2.58927,
	2.47558 2.53876,
	2.47529 2.52614,
	"/>
<Contour name="d03cfa29ax12" hidden="false" closed="false" simplified="false" border="0 1 1" fill="0 1 1" mode="9"
 points="2.51821 2.4823,
	2.58191 2.49224,
	2.69777 2.48991,
	2.76948 2.48847,
	"/>
</Transform>

<Transform dim="0"
 xcoef=" 0 1 0 0 0 0"
 ycoef=" 0 0 1 0 0 0">
<Contour name="ax12" comment="LK bouton trace named after cfa" hidden="false" closed="true" simplified="true" border="0 1 1" fill="0.502 1 1" mode="9"
 points="2.19664 2.15582,
	2.19923 2.15064,
	2.20053 2.14804,
	2.21025 2.13768,
	2.23034 2.12018,
	2.2407 2.11241,
	2.25107 2.10333,
	2.27181 2.08843,
	2.28218 2.08325,
	2.28736 2.08065,
	2.28995 2.07871,
	2.29513 2.07806,
	2.3055 2.07417,
	2.31587 2.06834,
	2.32105 2.0651,
	2.33142 2.06381,
	2.35216 2.05733,
	2.35734 2.05538,
	2.36771 2.05409,
	2.38844 2.04761,
	2.39881 2.04566,
	2.40918 2.04566,
	2.42991 2.05085,
	2.45065 2.06316,
	2.46102 2.07158,
	2.47138 2.07547,
	2.47657 2.07677,
	2.47916 2.07871,
	2.48953 2.0826,
	2.4999 2.08843,
	2.52063 2.0975,
	2.531 2.10204,
	2.55173 2.10722,
	2.55692 2.10852,
	2.56729 2.10917,
	2.57765 2.10657,
	2.58802 2.10593,
	2.60876 2.11046,
	2.62949 2.11694,
	2.63079 2.11694,
	2.63338 2.11953,
	2.64375 2.12277,
	2.65411 2.12472,
	2.6593 2.12796,
	2.66967 2.13184,
	2.6904 2.13638,
	2.71114 2.14221,
	2.7215 2.14416,
	2.72669 2.1448,
	2.73706 2.14416,
	2.74742 2.14221,
	2.75779 2.13768,
	2.76816 2.1312,
	2.77334 2.12796,
	2.77853 2.12601,
	2.78889 2.12472,
	2.79926 2.12601,
	2.82 2.13962,
	2.84008 2.15971,
	2.84527 2.16489,
	2.86276 2.18563,
	2.88544 2.2271,
	2.89387 2.24783,
	2.89516 2.25302,
	2.90553 2.27375,
	2.91071 2.28412,
	2.91266 2.28671,
	2.91331 2.2893,
	2.91071 2.29967,
	2.90553 2.31004,
	2.89646 2.32041,
	2.89387 2.323,
	2.8835 2.32883,
	2.87831 2.33272,
	2.86795 2.34309,
	2.85628 2.36382,
	2.85304 2.369,
	2.84332 2.38974,
	2.84008 2.39492,
	2.82972 2.40529,
	2.81935 2.41436,
	2.81028 2.42473,
	2.8025 2.4351,
	2.79667 2.44547,
	2.78177 2.4662,
	2.77658 2.47009,
	2.76621 2.47527,
	2.76103 2.47657,
	2.75066 2.47657,
	2.72993 2.47333,
	2.68846 2.47138,
	2.60552 2.47203,
	2.56405 2.47333,
	2.52257 2.47138,
	2.51739 2.47138,
	2.50702 2.46814,
	2.49666 2.46296,
	2.48629 2.45583,
	2.46555 2.43639,
	2.46037 2.43121,
	2.45519 2.43056,
	2.45 2.42862,
	2.43963 2.42667,
	2.43445 2.42473,
	2.43186 2.42473,
	2.42149 2.42019,
	2.41112 2.41436,
	2.39622 2.39363,
	2.39233 2.38326,
	2.39168 2.37289,
	2.39104 2.36771,
	2.39039 2.36512,
	2.38261 2.35475,
	2.37743 2.35151,
	2.36706 2.34827,
	2.35669 2.34373,
	2.34697 2.33337,
	2.3392 2.323,
	2.33661 2.31781,
	2.33207 2.31263,
	2.33142 2.31004,
	2.323 2.29967,
	2.31587 2.2893,
	2.31393 2.28412,
	2.31263 2.28282,
	2.31198 2.28023,
	2.30809 2.27505,
	2.29578 2.25496,
	2.28995 2.24459,
	2.27958 2.23682,
	2.2744 2.23293,
	2.26468 2.22321,
	2.2595 2.21803,
	2.25431 2.21479,
	2.24394 2.20571,
	2.23358 2.19794,
	2.21284 2.18627,
	2.20766 2.18239,
	2.19923 2.17202,
	2.19664 2.16684,
	2.19664 2.15647,
	"/>
</Transform>

<Transform dim="0"
 xcoef=" 0 1 0 0 0 0"
 ycoef=" 0 0 1 0 0 0">
<Contour name="ax23" comment="LK bouton trace named after cfa" hidden="false" closed="true" simplified="true" border="0 1 1" fill="0.502 1 1" mode="9"
 points="4.03254 8.7645,
	4.03845 8.74086,
	4.03993 8.71723,
	4.04362 8.70541,
	4.04805 8.69951,
	4.05101 8.69729,
	4.05248 8.69581,
	4.05544 8.69507,
	4.05839 8.69286,
	4.08202 8.68769,
	4.12929 8.68104,
	4.14111 8.67883,
	4.16474 8.6707,
	4.18838 8.66405,
	4.21201 8.66184,
	4.25928 8.66036,
	4.26519 8.65962,
	4.31246 8.66258,
	4.33609 8.66701,
	4.35972 8.67513,
	4.38336 8.68473,
	4.38927 8.68769,
	4.39074 8.68769,
	4.39665 8.69286,
	4.39961 8.69877,
	4.40256 8.7224,
	4.40108 8.72536,
	4.4033 8.74899,
	4.40404 8.76081,
	4.40404 8.76671,
	4.39813 8.77853,
	4.39591 8.78444,
	4.39517 8.79626,
	4.39739 8.81989,
	4.39887 8.8258,
	4.39813 8.83762,
	4.39739 8.84352,
	4.38927 8.85534,
	4.3841 8.86125,
	4.38114 8.86716,
	4.37745 8.87898,
	4.36932 8.89079,
	4.35751 8.90187,
	4.34569 8.91,
	4.33609 8.93363,
	4.33461 8.93954,
	4.32797 8.95135,
	4.32501 8.95726,
	4.31541 8.96908,
	4.29178 8.98754,
	4.28587 8.99198,
	4.27996 8.99493,
	4.26076 9.01856,
	4.25042 9.03038,
	4.22678 9.0518,
	4.21497 9.0614,
	4.20315 9.06805,
	4.19724 9.06952,
	4.19429 9.071,
	4.18247 9.071,
	4.15883 9.06805,
	4.15293 9.06731,
	4.14111 9.06362,
	4.12929 9.05771,
	4.10566 9.04072,
	4.09458 9.03038,
	4.08572 9.01856,
	4.08424 9.01709,
	4.0835 9.01413,
	4.08129 9.01118,
	4.07981 9.0097,
	4.08055 8.99788,
	4.08424 8.98607,
	4.08055 8.96243,
	4.07981 8.9388,
	4.07464 8.92698,
	4.07316 8.92403,
	4.07316 8.92255,
	4.07168 8.92107,
	4.06799 8.89744,
	4.06578 8.87381,
	4.06651 8.85017,
	4.06578 8.84426,
	4.06134 8.83835,
	4.05839 8.83245,
	4.05322 8.82654,
	4.04953 8.82063,
	4.04362 8.81472,
	4.04362 8.81324,
	4.04214 8.81177,
	4.0414 8.80881,
	4.03771 8.8029,
	4.03254 8.77927,
	4.03254 8.76745,
	4.03254 8.76524,
	"/>
</Transform>

<Transform dim="0"
 xcoef=" 0 1 0 0 0 0"
 ycoef=" 0 0 1 0 0 0">
<Contour name="d01c35ax04" hidden="false" closed="true" simplified="true" border="0 1 0" fill="0 1 0" mode="9"
 points="3.69885 4.8195,
	3.80008 4.75465,
	3.85069 4.72301,
	3.86335 4.71431,
	3.86888 4.71115,
	3.91634 4.76176,
	3.94006 4.78707,
	3.9456 4.7934,
	3.94876 4.79656,
	3.94955 4.79735,
	3.90052 4.84797,
	3.87521 4.87328,
	3.86335 4.88593,
	3.85702 4.89226,
	3.85386 4.89463,
	3.75263 4.91519,
	3.72732 4.92073,
	3.71467 4.9231,
	3.70834 4.92389,
	3.70676 4.92468,
	3.70518 4.92389,
	3.69885 4.82266,
	3.69885 4.82029,
	"/>
<Contour name="d01c35ax04" hidden="false" closed="true" simplified="true" border="0 1 0" fill="0 1 0" mode="9"
 points="3.43549 4.91914,
	3.45052 4.86853,
	3.45843 4.84322,
	3.46159 4.83057,
	3.46396 4.82424,
	3.46475 4.82266,
	3.51537 4.84401,
	3.5217 4.8448,
	3.57231 4.84006,
	3.59762 4.83769,
	3.61027 4.8369,
	3.6166 4.8361,
	3.61739 4.83927,
	3.61344 4.88988,
	3.61106 4.91519,
	3.61027 4.92784,
	3.60948 4.93417,
	3.60948 4.93733,
	3.60948 4.93892,
	3.55887 4.94129,
	3.50825 4.94208,
	3.45764 4.92705,
	3.44498 4.9231,
	3.43866 4.92152,
	3.43549 4.91994,
	"/>
</Transform>

<Transform dim="0"
 xcoef=" 0 1 0 0 0 0"
 ycoef=" 0 0 1 0 0 0">
<Contour name="d03c29ax12" hidden="false" closed="true" simplified="true" border="0 1 0" fill="0 1 0" mode="9"
 points="2.50919 2.42504,
	2.51782 2.42396,
	2.6559 2.43152,
	2.72494 2.43475,
	2.75946 2.43691,
	2.76377 2.43799,
	2.76809 2.50703,
	2.76917 2.52429,
	2.77024 2.53292,
	2.76917 2.53508,
	2.63109 2.53508,
	2.56204 2.53508,
	2.52752 2.53508,
	2.52321 2.53508,
	2.52105 2.534,
	2.5135 2.46496,
	2.51026 2.43044,
	2.50919 2.42612,
	"/>
</Transform>

<Transform dim="6"
 xcoef=" -0.966443814398303 1.15785094525116 0.0312856572988835 0 0 0"
 ycoef=" -1.40970730284784 0.0520126372131841 1.06412712781205 0 0 0">
<Image mag="0.00217507" contrast="0.917" brightness="0.12" red="true" green="true" blue="true"
 src="FHLTD.180.jpg" />
<Contour name="domain1" hidden="false" closed="true" simplified="false" border="1 0 1" fill="1 0 1" mode="11"
 points="0 0,
	4096 0,
	4096 4096,
	0 4096,
	"/>
</Transform>

<Transform dim="0"
 xcoef=" 0 1 0 0 0 0"
 ycoef=" 0 0 1 0 0 0">
<Contour name="ddh_d06ax20" comment="traced by ddh" hidden="false" closed="true" simplified="true" border="1 1 0" fill="1 1 0" mode="11"
 points="3.93768 6.3363,
	3.93858 6.33269,
	3.93904 6.33088,
	3.93994 6.32998,
	3.94129 6.32637,
	3.94174 6.32457,
	3.94445 6.32096,
	3.94851 6.31374,
	3.94986 6.31193,
	3.95077 6.31103,
	3.95077 6.31013,
	3.97288 6.28125,
	3.97603 6.27764,
	3.97964 6.27087,
	3.98235 6.26365,
	3.98235 6.26275,
	3.98325 6.26185,
	3.98461 6.25463,
	3.98686 6.24741,
	3.98822 6.2438,
	3.98867 6.24199,
	3.99002 6.24019,
	3.99002 6.23929,
	4.0004 6.2253,
	4.00401 6.22395,
	4.01123 6.2235,
	4.01484 6.2235,
	4.02206 6.2253,
	4.02567 6.22665,
	4.03289 6.23071,
	4.0365 6.23252,
	4.04372 6.23793,
	4.04642 6.24109,
	4.04778 6.2429,
	4.04778 6.2438,
	4.05003 6.24741,
	4.05139 6.25102,
	4.05274 6.25824,
	4.05454 6.28712,
	4.05635 6.30155,
	4.05725 6.30336,
	4.05861 6.3178,
	4.05861 6.32502,
	4.05861 6.32863,
	4.0577 6.33043,
	4.05725 6.33765,
	4.05545 6.34487,
	4.05229 6.35209,
	4.04778 6.35931,
	4.04417 6.36247,
	4.04146 6.36563,
	4.03785 6.36924,
	4.03108 6.37465,
	4.02612 6.38142,
	4.02341 6.38503,
	4.01529 6.39947,
	4.01258 6.40308,
	4.00987 6.40578,
	4.00356 6.41255,
	3.99995 6.41526,
	3.99724 6.41797,
	3.99002 6.42473,
	3.98325 6.42925,
	3.97603 6.43286,
	3.97423 6.43421,
	3.97333 6.43421,
	3.97288 6.43511,
	3.97197 6.43511,
	3.97017 6.43646,
	3.96295 6.43782,
	3.95573 6.43782,
	3.95212 6.43692,
	3.94896 6.43331,
	3.94716 6.4297,
	3.9458 6.42248,
	3.94625 6.40804,
	3.94716 6.40082,
	3.94716 6.3936,
	3.94445 6.37916,
	3.94445 6.37555,
	3.94264 6.36833,
	3.94219 6.36472,
	3.93813 6.35028,
	3.93768 6.34307,
	3.93768 6.33946,
	3.93768 6.33765,
	3.93768 6.33675,
	"/>
</Transform>

</Section>