<?xml version="1.0"?>
<!DOCTYPE Section SYSTEM "section.dtd">

<Section index="54" thickness="0.045" alignLocked="true">
<Transform dim="0"
 xcoef=" 0 1 0 0 0 0"
 ycoef=" 0 0 1 0 0 0">
<Contour name="D04" hidden="false" closed="true" simplified="true" border="1 0 0" fill="1 0 0" mode="11"
 points="0.18492 4.84996,
	0.18778 4.81096,
	0.19628 4.77281,
	0.21024 4.73634,
	0.22936 4.70235,
	0.25323 4.67158,
	0.28131 4.6447,
	0.31299 4.6223,
	0.3476 4.60487,
	0.38436 4.59278,
	0.42248 4.5863,
	0.46113 4.58558,
	0.49947 4.59063,
	0.53665 4.60133,
	0.57186 4.61746,
	0.60435 4.63866,
	0.63339 4.66447,
	0.65836 4.69432,
	0.67871 4.72758,
	0.69399 4.7635,
	0.70388 4.80131,
	0.70816 4.84018,
	0.70673 4.87926,
	0.69963 4.91771,
	0.68701 4.95467,
	0.66914 4.98936,
	0.64642 5.021,
	0.61934 5.04891,
	0.58849 5.07248,
	0.55455 5.09119,
	0.51825 5.10464,
	0.48039 5.11254,
	0.44179 5.11471,
	0.4033 5.1111,
	0.36576 5.10179,
	0.32998 5.08699,
	0.29674 5.06702,
	0.26678 5.04231,
	0.24073 5.01341,
	0.21918 4.98094,
	0.20259 4.94562,
	0.19133 4.9082,
	"/>
<Contour name="D05" hidden="false" closed="true" simplified="true" border="1 1 0" fill="1 1 0" mode="11"
 points="3.04299 4.63404,
	3.05475 4.56163,
	3.08888 4.49632,
	3.14205 4.44448,
	3.20904 4.4112,
	3.28329 4.39974,
	3.35755 4.4112,
	3.42454 4.44448,
	3.47771 4.49632,
	3.51184 4.56163,
	3.5236 4.63404,
	3.51184 4.70644,
	3.47771 4.77175,
	3.42454 4.82359,
	3.35755 4.85687,
	3.28329 4.86833,
	3.20904 4.85687,
	3.14205 4.82359,
	3.08888 4.77175,
	"/>
<Contour name="d01" hidden="true" closed="true" simplified="true" border="1 0.5 0" fill="1 0.5 0" mode="-11"
 points="6.14836 0.671403,
	6.16422 0.634396,
	6.1695 0.592103,
	6.18536 0.576243,
	6.20651 0.570956,
	6.2488 0.53395,
	6.29109 0.51809,
	6.33339 0.491657,
	6.35453 0.48637,
	6.37568 0.491657,
	6.38625 0.50223,
	6.47084 0.491657,
	6.49199 0.491657,
	6.53428 0.528663,
	6.55543 0.544523,
	6.56071 0.56567,
	6.47613 0.570956,
	6.43383 0.586816,
	6.42326 0.59739,
	6.40211 0.592103,
	6.39683 0.586816,
	6.4074 0.576243,
	6.36511 0.58153,
	6.35453 0.576243,
	6.33339 0.59739,
	6.29109 0.623823,
	6.20651 0.650256,
	6.18008 0.687262,
	6.15893 0.681976,
	6.15364 0.676689,
	"/>
<Contour name="d01" hidden="true" closed="true" simplified="true" border="1 0.5 0" fill="1 0.5 0" mode="-11"
 points="4.77912 1.80803,
	4.78969 1.76574,
	4.87428 1.71816,
	4.91657 1.69172,
	4.95886 1.64943,
	5.0223 1.57013,
	5.0646 1.5437,
	5.14918 1.52784,
	5.19147 1.49612,
	5.20205 1.49612,
	5.22319 1.47497,
	5.30778 1.47497,
	5.35007 1.48554,
	5.39237 1.48554,
	5.47167 1.5437,
	5.51396 1.5437,
	5.59855 1.51198,
	5.64084 1.51198,
	5.72542 1.48554,
	5.81001 1.49083,
	5.97918 1.52255,
	6.02148 1.52255,
	6.06377 1.53312,
	6.08492 1.54898,
	6.12721 1.55956,
	6.14836 1.57013,
	6.15893 1.5807,
	6.1695 1.5807,
	6.19065 1.59656,
	6.27523 1.57013,
	6.35982 1.57013,
	6.40211 1.57542,
	6.44441 1.59128,
	6.4867 1.62828,
	6.53957 1.71287,
	6.55543 1.75516,
	6.566 1.77631,
	6.65059 1.83446,
	6.69288 1.8609,
	6.72989 1.8979,
	6.72989 1.94019,
	6.70874 1.95605,
	6.69817 1.9772,
	6.67702 1.99306,
	6.63473 1.99835,
	6.59243 1.99306,
	6.57129 1.99306,
	6.4867 2.02478,
	6.44441 2.05121,
	6.35982 2.06707,
	6.27523 2.11465,
	6.23294 2.14109,
	6.19065 2.17809,
	6.14836 2.20453,
	6.14307 2.20981,
	6.18536 2.22039,
	6.19065 2.22567,
	6.1695 2.24153,
	6.08492 2.24682,
	5.91574 2.24153,
	5.87345 2.23096,
	5.8523 2.20981,
	5.81001 2.19924,
	5.78886 2.20453,
	5.773 2.22039,
	5.73071 2.23096,
	5.70956 2.23096,
	5.69899 2.22567,
	5.70428 2.22039,
	5.66199 2.22567,
	5.61969 2.24153,
	5.53511 2.25739,
	5.36593 2.26268,
	5.28135 2.26268,
	5.23905 2.26268,
	5.19676 2.25211,
	5.11218 2.25211,
	5.02759 2.22567,
	4.9853 2.19395,
	4.97472 2.17281,
	4.93243 2.13051,
	4.89542 2.09879,
	4.88485 2.08822,
	4.87956 2.04593,
	4.85313 2.00363,
	4.8267 1.91905,
	4.80555 1.87676,
	4.80555 1.85561,
	4.81084 1.84504,
	4.80026 1.80803,
	4.79498 1.89261,
	4.78969 1.8979,
	4.77912 1.88733,
	4.77912 1.84504,
	4.77912 1.82389,
	4.77912 1.81332,
	"/>
<Contour name="d01c02" hidden="false" closed="true" simplified="true" border="0 1 0" fill="0 1 0" mode="9"
 points="4.83953 1.69889,
	4.90277 1.64831,
	4.92806 1.61458,
	4.96178 1.58929,
	4.99551 1.57664,
	5.00816 1.58929,
	4.99551 1.62301,
	4.97022 1.65674,
	4.93649 1.69046,
	4.92384 1.69889,
	4.89012 1.73262,
	4.87326 1.74105,
	4.85639 1.73684,
	4.84375 1.72419,
	4.83953 1.70733,
	4.83953 1.70311,
	"/>
<Contour name="d01cfa02" hidden="false" closed="false" simplified="false" border="0 1 1" fill="0 1 1" mode="9"
 points="5.00577 1.58027,
	4.94254 1.64772,
	4.86666 1.70674,
	"/>
<Contour name="d03" hidden="false" closed="true" simplified="true" border="0 1 0" fill="0 1 0" mode="9"
 points="2.63624 3.10251,
	2.70797 3.05768,
	2.77971 3.03302,
	2.81557 3.01733,
	2.88731 2.97025,
	2.92318 2.94784,
	2.99491 2.91645,
	3.06665 2.90973,
	3.13838 2.90748,
	3.17425 2.90973,
	3.21011 2.90748,
	3.21908 2.90524,
	3.29082 2.85144,
	3.29978 2.84696,
	3.33565 2.8492,
	3.35358 2.8492,
	3.38945 2.85593,
	3.40738 2.86041,
	3.48808 3.00388,
	3.49257 3.01284,
	3.49705 3.15631,
	3.49705 3.22805,
	3.48584 3.29978,
	3.48584 3.30427,
	3.55758 3.34462,
	3.59344 3.36255,
	3.60017 3.36927,
	3.59569 3.40514,
	3.5912 3.42308,
	3.58896 3.43204,
	3.51723 3.4836,
	3.48136 3.50153,
	3.46343 3.5105,
	3.39169 3.50153,
	3.35582 3.5105,
	3.33789 3.51499,
	3.32892 3.51723,
	3.30651 3.54861,
	3.16304 3.59344,
	3.1451 3.59793,
	3.07337 3.5643,
	3.00164 3.52395,
	2.9837 3.51274,
	2.91421 3.44101,
	2.89852 3.42308,
	2.88955 3.41411,
	2.81782 3.36927,
	2.79988 3.35807,
	2.72815 3.34013,
	2.69228 3.32892,
	2.67435 3.3222,
	2.66538 3.31772,
	2.65417 3.28185,
	2.66314 3.21011,
	2.66986 3.17425,
	2.67211 3.15631,
	2.63848 3.12045,
	2.63624 3.10475,
	"/>
<Contour name="D10" hidden="false" closed="true" simplified="true" border="0 1 1" fill="0 1 1" mode="11"
 points="3.61631 3.08679,
	3.62518 3.04064,
	3.65095 2.999,
	3.69107 2.96595,
	3.74163 2.94474,
	3.79768 2.93743,
	3.85373 2.94474,
	3.90429 2.96595,
	3.94441 2.999,
	3.97018 3.04064,
	3.97905 3.08679,
	3.97018 3.13295,
	3.94441 3.17459,
	3.90429 3.20763,
	3.85373 3.22885,
	3.79768 3.23616,
	3.74163 3.22885,
	3.69107 3.20763,
	3.65095 3.17459,
	"/>
<Contour name="d06" hidden="true" closed="true" simplified="true" border="0 0 1" fill="0 0 1" mode="11"
 points="1.27543 7.98792,
	1.32702 7.89907,
	1.33562 7.85321,
	1.38148 7.81882,
	1.40441 7.80449,
	1.41587 7.79876,
	1.46173 7.79876,
	1.48466 7.79876,
	1.50759 7.81022,
	1.54485 7.85608,
	1.56778 7.86468,
	1.59071 7.87901,
	1.60217 7.88474,
	1.60217 7.89047,
	1.61363 7.90194,
	1.62223 7.92487,
	1.62223 7.9478,
	1.61937 7.95926,
	1.59071 8.00512,
	1.49899 8.07677,
	1.49039 8.08537,
	1.49039 8.09684,
	1.47319 8.1169,
	1.45313 8.13123,
	1.4302 8.13983,
	1.38434 8.14269,
	1.33849 8.13983,
	1.32702 8.13696,
	1.30696 8.1169,
	1.29263 8.09397,
	1.2869 8.08824,
	1.28403 8.07677,
	1.27543 8.06531,
	1.27543 8.01945,
	1.27543 7.99652,
	1.27543 7.99079,
	"/>
<Contour name="d06" hidden="true" closed="true" simplified="true" border="0 0 1" fill="0 0 1" mode="11"
 points="1.86872 7.47488,
	1.88305 7.45196,
	1.92604 7.4061,
	1.94897 7.38317,
	1.99196 7.34877,
	2.01489 7.33444,
	2.10661 7.33444,
	2.15247 7.33444,
	2.16393 7.33444,
	2.1754 7.34018,
	2.18113 7.34591,
	2.22699 7.35164,
	2.24705 7.3717,
	2.25852 7.3803,
	2.35023 7.37744,
	2.3617 7.38317,
	2.38463 7.38603,
	2.40469 7.4061,
	2.41615 7.42903,
	2.43335 7.44909,
	2.44195 7.46055,
	2.46488 7.47202,
	2.51074 7.47488,
	2.53366 7.47488,
	2.57952 7.49495,
	2.60245 7.50928,
	2.62538 7.50928,
	2.63685 7.51214,
	2.65977 7.53507,
	2.70563 7.5666,
	2.72283 7.58666,
	2.74576 7.60099,
	2.75149 7.60673,
	2.76296 7.60959,
	2.78015 7.63252,
	2.78588 7.64399,
	2.78588 7.65545,
	2.78588 7.66118,
	2.76296 7.67551,
	2.75722 7.67551,
	2.73429 7.68984,
	2.71137 7.69844,
	2.61965 7.70131,
	2.59672 7.70131,
	2.58526 7.70131,
	2.56233 7.71277,
	2.54226 7.72997,
	2.52793 7.7529,
	2.5222 7.76436,
	2.51074 7.7701,
	2.41902 7.77296,
	2.37316 7.78729,
	2.35023 7.79303,
	2.30437 7.79303,
	2.25852 7.80162,
	2.21266 7.81882,
	2.18973 7.83029,
	2.14387 7.82742,
	2.12094 7.82455,
	2.10948 7.81882,
	2.09801 7.80736,
	2.08941 7.78443,
	2.08082 7.77296,
	2.05789 7.76436,
	2.03496 7.75003,
	1.9891 7.74717,
	1.94324 7.75577,
	1.92031 7.7701,
	1.90885 7.77583,
	1.88592 7.77583,
	1.87445 7.76723,
	1.87445 7.72137,
	1.89452 7.67551,
	1.90598 7.66405,
	1.90885 7.61819,
	1.89452 7.59526,
	1.88592 7.57233,
	1.88305 7.5494,
	1.87445 7.52647,
	1.86872 7.52074,
	1.86872 7.47775,
	"/>
<Contour name="d07" hidden="true" closed="true" simplified="true" border="1 0 1" fill="1 0 1" mode="9"
 points="3.57069 6.79029,
	3.59176 6.73411,
	3.6058 6.70602,
	3.63038 6.67793,
	3.68656 6.65687,
	3.7006 6.65336,
	3.71816 6.68145,
	3.7322 6.69549,
	3.73922 6.70953,
	3.74624 6.71656,
	3.74976 6.82891,
	3.74976 6.857,
	3.75327 6.87104,
	3.7638 6.88508,
	3.81998 6.92019,
	3.86562 6.96584,
	3.89371 6.97286,
	3.92179 6.9869,
	3.94988 6.99041,
	3.9569 6.99041,
	3.97095 7.00446,
	3.99553 7.02201,
	4.00957 7.03606,
	4.03766 7.04659,
	4.09383 7.04659,
	4.12192 7.0501,
	4.15001 7.06063,
	4.20619 7.05712,
	4.23427 7.03957,
	4.24832 7.02552,
	4.30449 7.00095,
	4.36067 7.00446,
	4.38876 7.0185,
	4.4028 7.02201,
	4.40982 7.02201,
	4.42387 7.03606,
	4.43089 7.0501,
	4.43089 7.16245,
	4.42738 7.1765,
	4.41334 7.19054,
	4.40631 7.20459,
	4.39227 7.21512,
	4.38525 7.22214,
	4.3712 7.22565,
	4.31503 7.26427,
	4.28694 7.28183,
	4.2729 7.28534,
	4.26587 7.29236,
	4.25885 7.29236,
	4.20268 7.32747,
	4.15352 7.36609,
	4.04117 7.36609,
	4.01308 7.36609,
	3.98499 7.37663,
	3.92882 7.38014,
	3.90073 7.37663,
	3.87264 7.36258,
	3.84806 7.338,
	3.83753 7.30992,
	3.83753 7.29587,
	3.83051 7.28885,
	3.81295 7.23267,
	3.79891 7.20459,
	3.79891 7.19054,
	3.78487 7.16245,
	3.78135 7.14841,
	3.76731 7.13437,
	3.76029 7.10628,
	3.76029 7.09926,
	3.74624 7.08872,
	3.7322 7.06063,
	3.72869 7.04659,
	3.70762 7.02201,
	3.65145 6.99393,
	3.62687 6.97286,
	3.58825 6.91668,
	3.58123 6.90264,
	3.5742 6.89562,
	3.57069 6.83944,
	3.57069 6.81135,
	3.57069 6.79731,
	3.57069 6.7938,
	"/>
<Contour name="d07" hidden="true" closed="true" simplified="true" border="1 0 1" fill="1 0 1" mode="9"
 points="1.99776 8.4861,
	2.01883 8.42993,
	2.02585 8.41588,
	2.12767 8.30353,
	2.24002 8.20873,
	2.2962 8.17713,
	2.35237 8.17713,
	2.36642 8.18416,
	2.38748 8.21224,
	2.38397 8.24033,
	2.38046 8.25438,
	2.33482 8.31055,
	2.27864 8.36322,
	2.25056 8.38428,
	2.24704 8.3878,
	2.25758 8.41588,
	2.26109 8.44397,
	2.25407 8.50015,
	2.23651 8.52824,
	2.18385 8.58441,
	2.12767 8.62303,
	2.07149 8.62303,
	2.04341 8.61952,
	2.02936 8.61952,
	2.00127 8.59494,
	1.99776 8.53877,
	1.99776 8.51068,
	1.99776 8.49664,
	1.99776 8.48961,
	"/>
<Contour name="d07" hidden="true" closed="true" simplified="true" border="1 0 1" fill="1 0 1" mode="9"
 points="2.9352 7.82954,
	2.97382 7.77337,
	3.00191 7.74879,
	3.05809 7.71719,
	3.08617 7.71719,
	3.10022 7.71368,
	3.11426 7.71719,
	3.13884 7.74177,
	3.14586 7.75581,
	3.14586 7.81199,
	3.14586 7.84008,
	3.14235 7.85412,
	3.13182 7.86466,
	3.01947 7.86817,
	2.96329 7.86817,
	2.9352 7.84359,
	2.9352 7.83306,
	"/>
<Contour name="d07" hidden="true" closed="true" simplified="true" border="1 0 1" fill="1 0 1" mode="9"
 points="3.55665 7.15894,
	3.56718 7.1449,
	3.59527 7.14139,
	3.60931 7.1449,
	3.62336 7.15894,
	3.67954 7.1765,
	3.73571 7.1765,
	3.7638 7.19054,
	3.77784 7.19756,
	3.79189 7.19756,
	3.81998 7.21512,
	3.83402 7.21863,
	3.84455 7.24672,
	3.84455 7.30289,
	3.84455 7.31694,
	3.827 7.34503,
	3.81295 7.35556,
	3.75678 7.36609,
	3.7006 7.36258,
	3.64442 7.34854,
	3.62336 7.32396,
	3.59527 7.29938,
	3.58123 7.27129,
	3.5742 7.25725,
	3.57069 7.22916,
	3.55665 7.20107,
	3.55665 7.17299,
	3.55665 7.16245,
	"/>
<Contour name="d07c01" hidden="false" closed="true" simplified="true" border="1 0 0" fill="0 1 0" mode="9"
 points="3.88153 6.95784,
	3.88544 6.9422,
	3.89326 6.93438,
	4.01835 6.93047,
	4.08089 6.93047,
	4.11216 6.95002,
	4.14343 6.96174,
	4.20597 6.96174,
	4.23724 6.96956,
	4.26852 6.9852,
	4.27633 6.98911,
	4.27633 7.02038,
	4.2607 7.05165,
	4.22943 7.07119,
	4.21379 7.07901,
	4.15125 7.08292,
	4.13561 7.08292,
	4.10434 7.07119,
	3.97926 7.04383,
	3.94799 7.03992,
	3.91671 7.0282,
	3.90108 7.02038,
	3.88544 7.00474,
	3.88153 6.97347,
	3.88153 6.96174,
	"/>
<Contour name="d07cfa01" hidden="false" closed="false" simplified="false" border="0 1 1" fill="0 1 1" mode="9"
 points="4.28175 7.00625,
	4.19575 7.02579,
	4.10976 7.01407,
	3.96904 6.99452,
	3.88695 6.97107,
	"/>
<Contour name="d07c05" hidden="false" closed="true" simplified="true" border="1 0 0" fill="0 1 0" mode="9"
 points="2.9864 7.86079,
	3.00203 7.84516,
	3.06457 7.83343,
	3.09585 7.83734,
	3.11148 7.84125,
	3.12321 7.85297,
	3.1193 7.88424,
	3.10757 7.89988,
	3.04503 7.89988,
	3.01376 7.89988,
	2.99812 7.89988,
	2.9864 7.88815,
	2.9864 7.87252,
	2.9864 7.8647,
	"/>
<Contour name="d07cfa05" hidden="false" closed="false" simplified="false" border="0 1 1" fill="0 1 1" mode="9"
 points="3.1208 7.87011,
	3.04654 7.87011,
	2.98399 7.87011,
	"/>
<Contour name="d07c08" hidden="false" closed="true" simplified="true" border="1 0 0" fill="0 1 0" mode="9"
 points="3.57664 7.12592,
	3.58837 7.11419,
	3.65091 7.1181,
	3.68218 7.12201,
	3.69782 7.13374,
	3.72909 7.14155,
	3.76036 7.14155,
	3.77599 7.14155,
	3.78772 7.15719,
	3.78772 7.18846,
	3.78772 7.2041,
	3.76036 7.22364,
	3.74472 7.22755,
	3.72909 7.21582,
	3.66654 7.20019,
	3.604 7.19237,
	3.58837 7.18455,
	3.57664 7.16892,
	3.57664 7.13765,
	3.57664 7.12983,
	"/>
<Contour name="d07cfa08" hidden="false" closed="false" simplified="false" border="0 1 1" fill="0 1 1" mode="9"
 points="3.57815 7.13524,
	3.61333 7.15869,
	3.66805 7.17433,
	3.72668 7.18215,
	3.78923 7.19387,
	"/>
<Contour name="d08" hidden="false" closed="true" simplified="true" border="1 0 0" fill="1 0 0" mode="9"
 points="5.61772 4.98555,
	5.63209 4.97118,
	5.66083 4.95681,
	5.67519 4.95322,
	5.70393 4.93167,
	5.7614 4.92808,
	5.79013 4.92808,
	5.79732 4.93526,
	5.82605 4.94245,
	5.84042 4.94245,
	5.85479 4.94963,
	5.86556 4.964,
	5.86197 4.99273,
	5.8045 5.01788,
	5.77577 5.02865,
	5.7614 5.03943,
	5.64646 5.03943,
	5.63209 5.03584,
	5.61772 5.02147,
	5.61772 4.99273,
	5.61772 4.98914,
	"/>
<Contour name="d08" hidden="false" closed="true" simplified="true" border="1 0 0" fill="1 0 0" mode="9"
 points="5.00351 4.6982,
	5.01428 4.68742,
	5.01428 4.68024,
	5.03584 4.6551,
	5.04302 4.64073,
	5.0538 4.63354,
	5.09331 4.57607,
	5.11845 4.5186,
	5.11845 4.46113,
	5.12204 4.4324,
	5.15078 4.37493,
	5.17233 4.34619,
	5.20106 4.32823,
	5.21543 4.32823,
	5.2298 4.33542,
	5.24417 4.34978,
	5.25135 4.35697,
	5.26572 4.35697,
	5.2729 4.35697,
	5.29086 4.36774,
	5.30523 4.36056,
	5.31241 4.36056,
	5.35911 4.40725,
	5.38425 4.4324,
	5.38425 4.43958,
	5.39503 4.45395,
	5.4525 4.45754,
	5.48123 4.46113,
	5.50997 4.48628,
	5.53152 4.51501,
	5.54589 4.52938,
	5.55666 4.55811,
	5.55307 4.67305,
	5.55307 4.73053,
	5.55307 4.74489,
	5.53511 4.77363,
	5.52433 4.788,
	5.46686 4.79518,
	5.40939 4.79518,
	5.38066 4.80236,
	5.36629 4.81314,
	5.35911 4.81314,
	5.30164 4.84906,
	5.28727 4.85624,
	5.17233 4.85265,
	5.05739 4.85624,
	5.03224 4.83828,
	5.0071 4.80955,
	5.00351 4.75208,
	5.00351 4.72334,
	5.00351 4.70897,
	5.00351 4.70179,
	"/>
<Contour name="d08" hidden="false" closed="true" simplified="true" border="1 0 0" fill="1 0 0" mode="9"
 points="4.45581 4.09042,
	4.50535 4.08733,
	4.55489 4.09352,
	4.57967 4.10281,
	4.59205 4.109,
	4.58895 4.12139,
	4.61373 4.12139,
	4.66327 4.14926,
	4.71281 4.1988,
	4.73449 4.22357,
	4.75926 4.22667,
	4.78403 4.23905,
	4.79642 4.24525,
	4.8088 4.24525,
	4.83358 4.25454,
	4.85835 4.25763,
	4.88312 4.27002,
	4.88622 4.27312,
	4.88002 4.27931,
	4.89241 4.29169,
	4.8955 4.31647,
	4.87073 4.32576,
	4.86454 4.33195,
	4.66637 4.32266,
	4.65708 4.31027,
	4.65398 4.29789,
	4.64469 4.29479,
	4.5487 4.2019,
	4.49916 4.15545,
	4.48677 4.14926,
	4.47439 4.13687,
	4.46819 4.13068,
	4.462 4.10591,
	4.45581 4.09352,
	"/>
<Contour name="d08" hidden="false" closed="true" simplified="true" border="1 0 0" fill="1 0 0" mode="9"
 points="5.97307 3.80555,
	5.98856 3.78388,
	6.01333 3.7653,
	6.02571 3.7591,
	6.0381 3.7591,
	6.05048 3.75291,
	6.06287 3.75291,
	6.16196 3.70027,
	6.2115 3.6724,
	6.22389 3.66621,
	6.27343 3.66621,
	6.2982 3.66621,
	6.30439 3.66931,
	6.30439 3.71885,
	6.3013 3.73124,
	6.27962 3.74672,
	6.27962 3.7591,
	6.27343 3.7653,
	6.27343 3.77768,
	6.23937 3.82723,
	6.23318 3.83961,
	6.22079 3.852,
	6.17125 3.88296,
	6.14957 3.89844,
	6.10003 3.91083,
	6.07526 3.91702,
	6.02571 3.91393,
	6.00404 3.89225,
	5.98856 3.86748,
	5.97927 3.85509,
	5.97307 3.8489,
	5.97307 3.82413,
	5.97307 3.81174,
	5.97307 3.80865,
	"/>
<Contour name="d08c05" hidden="false" closed="true" simplified="true" border="1 0 0" fill="0 1 0" mode="9"
 points="6.02422 3.74004,
	6.03901 3.72525,
	6.07282 3.70835,
	6.08972 3.6999,
	6.10663 3.68511,
	6.11508 3.67877,
	6.1193 3.67454,
	6.12353 3.67454,
	6.14043 3.66398,
	6.20805 3.66186,
	6.22495 3.66186,
	6.22918 3.66186,
	6.23341 3.66609,
	6.23341 3.68299,
	6.21862 3.69356,
	6.20171 3.69567,
	6.19326 3.70201,
	6.17636 3.70835,
	6.15945 3.71891,
	6.151 3.72103,
	6.13832 3.73793,
	6.13198 3.74638,
	6.11508 3.75272,
	6.10663 3.75695,
	6.08972 3.75906,
	6.08127 3.76329,
	6.04746 3.76329,
	6.03901 3.76329,
	6.03056 3.75906,
	6.02422 3.75061,
	6.02422 3.74216,
	"/>
<Contour name="d08cfa05" hidden="false" closed="false" simplified="false" border="0 1 1" fill="0 1 1" mode="9"
 points="6.02738 3.76493,
	6.03372 3.7607,
	6.08232 3.73323,
	6.1605 3.70365,
	6.23445 3.67195,
	"/>
<Contour name="d06p01" hidden="false" closed="true" simplified="false" border="1 0 0" fill="1 0 0" mode="-9"
 points="1.97064 7.66695,
	1.97064 7.66199,
	1.9756 7.65702,
	1.98056 7.65702,
	1.98553 7.66199,
	1.98553 7.66695,
	1.98056 7.67191,
	1.9756 7.67191,
	"/>
<Contour name="d06p03" hidden="false" closed="true" simplified="false" border="1 1 0" fill="1 1 0" mode="-13"
 points="2.59846 7.62476,
	2.59846 7.58506,
	2.55876 7.58506,
	2.55876 7.6198,
	2.55379 7.62476,
	2.55379 7.5801,
	2.60342 7.5801,
	2.60342 7.62973,
	2.55379 7.62973,
	2.55876 7.62476,
	"/>
<Contour name="d07p04" hidden="false" closed="true" simplified="false" border="0 0 1" fill="0 0 1" mode="-13"
 points="2.72005 7.12102,
	2.70268 7.10365,
	2.72005 7.08628,
	2.73743 7.10365,
	"/>
<Contour name="d08p01" hidden="false" closed="true" simplified="false" border="1 0 0" fill="1 0 0" mode="-9"
 points="5.08568 4.80174,
	5.08568 4.79748,
	5.08993 4.79323,
	5.09418 4.79323,
	5.09844 4.79748,
	5.09844 4.80174,
	5.09418 4.80599,
	5.08993 4.80599,
	"/>
<Contour name="d01p02" hidden="false" closed="true" simplified="false" border="0.251 0 0.502" fill="0.251 0 0.502" mode="-13"
 points="5.00061 1.74843,
	4.97776 1.72559,
	5.00061 1.70274,
	5.02346 1.72559,
	"/>
<Contour name="d07" hidden="true" closed="true" simplified="true" border="1 0 1" fill="1 0 1" mode="9"
 points="2.94224 8.17087,
	2.95125 8.15284,
	2.95858 8.14383,
	2.96252 8.13988,
	2.97153 8.14045,
	2.98956 8.14439,
	3.02562 8.15453,
	3.03464 8.15679,
	3.05267 8.16693,
	3.08873 8.19003,
	3.09774 8.19566,
	3.11408 8.21369,
	3.12197 8.23172,
	3.12535 8.24074,
	3.12929 8.25877,
	3.12929 8.26328,
	3.12929 8.26553,
	3.1276 8.26722,
	3.05549 8.28919,
	3.03746 8.28863,
	3.0014 8.26159,
	2.99238 8.25313,
	2.97435 8.24863,
	2.95632 8.2306,
	2.95238 8.22158,
	2.94618 8.20355,
	2.9428 8.19454,
	2.94224 8.17651,
	2.94224 8.172,
	2.94224 8.17144,
	"/>
</Transform>

<Transform dim="0"
 xcoef=" 0 1 0 0 0 0"
 ycoef=" 0 0 1 0 0 0">
<Contour name="ax01" comment="LK bouton trace named after cfa" hidden="false" closed="true" simplified="true" border="0 1 1" fill="0.502 1 1" mode="9"
 points="6.85947 1.03771,
	6.86618 1.01624,
	6.86819 1.01088,
	6.87624 1.00014,
	6.8816 0.996119,
	6.90307 0.990082,
	6.9138 0.98874,
	6.91917 0.987398,
	6.92051 0.986057,
	6.92319 0.985386,
	6.93392 0.978007,
	6.93527 0.978007,
	6.946 0.967946,
	6.95136 0.96325,
	6.9621 0.959896,
	6.96746 0.958555,
	6.9782 0.957884,
	6.99966 0.953859,
	7.04259 0.955201,
	7.06406 0.956542,
	7.10699 0.956542,
	7.12845 0.957213,
	7.14992 0.96325,
	7.15528 0.967275,
	7.16065 0.969287,
	7.17138 0.976666,
	7.17675 0.978678,
	7.19821 0.993435,
	7.20895 1.00081,
	7.21431 1.00484,
	7.23578 1.01758,
	7.24651 1.02362,
	7.24919 1.0263,
	7.25993 1.031,
	7.26529 1.03301,
	7.26798 1.03368,
	7.27267 1.03704,
	7.2834 1.04106,
	7.28877 1.04307,
	7.2995 1.04978,
	7.30487 1.05246,
	7.31426 1.0632,
	7.31694 1.06856,
	7.32432 1.09003,
	7.32499 1.09271,
	7.33036 1.09607,
	7.3317 1.09741,
	7.34243 1.10076,
	7.34512 1.1021,
	7.38805 1.10009,
	7.39878 1.09808,
	7.42025 1.09808,
	7.44171 1.10143,
	7.46318 1.10344,
	7.47391 1.10412,
	7.49537 1.1021,
	7.51684 1.09875,
	7.52757 1.09607,
	7.5383 1.09607,
	7.55977 1.09271,
	7.5705 1.0907,
	7.61343 1.086,
	7.6349 1.08265,
	7.67783 1.0793,
	7.69929 1.0746,
	7.72076 1.07326,
	7.73149 1.07259,
	7.73686 1.07192,
	7.75832 1.07326,
	7.77979 1.07661,
	7.79052 1.07997,
	7.79454 1.08466,
	7.79656 1.09003,
	7.79656 1.10076,
	7.79656 1.10613,
	7.7932 1.11686,
	7.78717 1.12759,
	7.76905 1.14906,
	7.75228 1.17052,
	7.73082 1.19065,
	7.72009 1.19937,
	7.71807 1.20138,
	7.7174 1.20272,
	7.71472 1.20272,
	7.70399 1.21144,
	7.68252 1.22419,
	7.67984 1.22553,
	7.67716 1.22553,
	7.67514 1.22821,
	7.65368 1.23425,
	7.64295 1.23693,
	7.63758 1.23894,
	7.6349 1.24029,
	7.61343 1.24364,
	7.59197 1.24968,
	7.54904 1.25907,
	7.54367 1.26108,
	7.5383 1.26108,
	7.53294 1.26309,
	7.51147 1.26645,
	7.50074 1.26913,
	7.47927 1.27047,
	7.39341 1.27114,
	7.37195 1.27114,
	7.35048 1.26779,
	7.34512 1.26645,
	7.34243 1.26645,
	7.33707 1.26443,
	7.33438 1.26309,
	7.32902 1.26242,
	7.31829 1.25638,
	7.29682 1.24096,
	7.28609 1.23089,
	7.28139 1.22553,
	7.27938 1.22284,
	7.27871 1.22016,
	7.27536 1.2148,
	7.27334 1.20406,
	7.27334 1.1987,
	7.27133 1.19333,
	7.26999 1.1826,
	7.26663 1.17723,
	7.26194 1.1665,
	7.25791 1.16113,
	7.25255 1.15577,
	7.24718 1.15241,
	7.23645 1.14839,
	7.23108 1.14503,
	7.2284 1.14302,
	7.22303 1.14168,
	7.22035 1.14101,
	7.21498 1.13765,
	7.19352 1.13296,
	7.17205 1.12961,
	7.16132 1.12826,
	7.15059 1.12424,
	7.13986 1.1182,
	7.13449 1.11485,
	7.13181 1.11284,
	7.12912 1.11216,
	7.12644 1.11015,
	7.10498 1.10948,
	7.09961 1.10948,
	7.08888 1.11284,
	7.08351 1.11485,
	7.07814 1.1182,
	7.05668 1.12692,
	7.03521 1.12692,
	7.02448 1.12692,
	6.98155 1.13363,
	6.96009 1.1343,
	6.94935 1.13497,
	6.90642 1.12759,
	6.89569 1.12424,
	6.88496 1.11686,
	6.8749 1.10814,
	6.87087 1.10277,
	6.86483 1.09204,
	6.86282 1.08936,
	6.86081 1.07863,
	6.86081 1.07594,
	6.86282 1.07058,
	6.86148 1.06789,
	6.86081 1.05716,
	6.85947 1.05179,
	6.85947 1.04106,
	6.85947 1.03838,
	"/>
</Transform>

<Transform dim="0"
 xcoef=" 0 1 0 0 0 0"
 ycoef=" 0 0 1 0 0 0">
<Contour name="d06" hidden="true" closed="true" simplified="true" border="0 0 1" fill="0 0 1" mode="11"
 points="1.77987 6.83287,
	1.79993 6.78701,
	1.81713 6.76408,
	1.84006 6.74402,
	1.88592 6.71822,
	1.93178 6.70389,
	1.95471 6.70389,
	2.00056 6.71249,
	2.0063 6.71249,
	2.02922 6.73255,
	2.03496 6.75548,
	2.03496 6.80134,
	2.03496 6.82427,
	2.03496 6.83574,
	1.99196 6.873,
	1.96904 6.88446,
	1.94897 6.90166,
	1.93751 6.91026,
	1.91458 6.91885,
	1.86872 6.92745,
	1.84579 6.92459,
	1.8028 6.88159,
	1.78274 6.85866,
	1.77987 6.83574,
	"/>
<Contour name="d07" hidden="true" closed="true" simplified="true" border="1 0 1" fill="1 0 1" mode="9"
 points="2.21545 6.63229,
	2.233 6.6042,
	2.28918 6.56207,
	2.34535 6.53749,
	2.3594 6.53047,
	2.38748 6.52696,
	2.40153 6.52345,
	2.41557 6.52696,
	2.42259 6.54101,
	2.44717 6.56909,
	2.45419 6.58314,
	2.45419 6.63931,
	2.45068 6.6674,
	2.43664 6.67091,
	2.42259 6.68145,
	2.36642 6.68145,
	2.31024 6.67091,
	2.25407 6.67091,
	2.22598 6.6674,
	2.21545 6.65336,
	2.21545 6.63931,
	2.21545 6.6358,
	"/>
<Contour name="d07" hidden="true" closed="true" simplified="true" border="1 0 1" fill="1 0 1" mode="9"
 points="2.22949 7.04659,
	2.24704 7.0185,
	2.27513 6.99744,
	2.28215 6.99041,
	2.33833 6.99041,
	2.39451 6.96935,
	2.45068 6.96584,
	2.47877 6.97637,
	2.48579 6.98339,
	2.51388 6.99041,
	2.54197 7.00446,
	2.57006 7.02904,
	2.59112 7.0501,
	2.6473 7.04659,
	2.70348 7.01499,
	2.73156 7.00446,
	2.84392 6.98339,
	2.90009 6.96584,
	2.95627 6.97286,
	2.97031 6.97988,
	2.99489 7.00797,
	3.05106 7.04308,
	3.06511 7.04659,
	3.12128 7.09223,
	3.14937 7.1133,
	3.16342 7.12734,
	3.17044 7.14139,
	3.17044 7.19756,
	3.16342 7.22565,
	3.16342 7.28183,
	3.16342 7.30992,
	3.15288 7.338,
	3.14937 7.39418,
	3.13884 7.42227,
	3.11426 7.45036,
	3.10373 7.4644,
	3.09671 7.49249,
	3.08969 7.50653,
	3.08969 7.51355,
	3.05106 7.56622,
	2.99489 7.60133,
	2.98787 7.60133,
	2.98084 7.60835,
	2.92467 7.63293,
	2.89658 7.64346,
	2.88254 7.64346,
	2.86849 7.63644,
	2.85445 7.6224,
	2.79827 7.61888,
	2.77018 7.61537,
	2.75965 7.60133,
	2.75614 7.37663,
	2.75263 7.32045,
	2.74912 7.3064,
	2.7737 7.28183,
	2.78423 7.26778,
	2.78774 7.25374,
	2.78774 7.24672,
	2.73507 7.19405,
	2.70699 7.1765,
	2.65081 7.15192,
	2.62272 7.1449,
	2.59463 7.1449,
	2.53846 7.12734,
	2.51037 7.12383,
	2.49633 7.12032,
	2.46824 7.09926,
	2.24353 7.09223,
	2.23651 7.08521,
	2.23651 7.07819,
	2.22949 7.07117,
	2.22949 7.05712,
	2.22949 7.0501,
	"/>
<Contour name="d07c02" hidden="false" closed="true" simplified="true" border="1 0 0" fill="0 1 0" mode="9"
 points="2.23589 6.55131,
	2.29843 6.50831,
	2.3297 6.49659,
	2.36097 6.49268,
	2.39224 6.49659,
	2.39615 6.52786,
	2.39224 6.54349,
	2.36879 6.57476,
	2.36097 6.58649,
	2.35706 6.58258,
	2.34925 6.5904,
	2.2867 6.60213,
	2.25543 6.60213,
	2.2398 6.5904,
	2.23589 6.55913,
	2.23589 6.55522,
	"/>
<Contour name="d07cfa02" hidden="false" closed="false" simplified="false" border="0 1 1" fill="0 1 1" mode="9"
 points="2.22958 6.58409,
	2.26476 6.56454,
	2.33121 6.53327,
	2.38984 6.52936,
	"/>
</Transform>

<Transform dim="0"
 xcoef=" 0 1 0 0 0 0"
 ycoef=" 0 0 1 0 0 0">
<Contour name="ax28" comment="LK bouton trace named after cfa" hidden="false" closed="true" simplified="true" border="0 1 1" fill="0.502 1 1" mode="9"
 points="5.43783 3.26958,
	5.44373 3.25386,
	5.44471 3.24993,
	5.44815 3.24207,
	5.45159 3.22635,
	5.45208 3.21063,
	5.45208 3.20277,
	5.45159 3.19884,
	5.44864 3.19098,
	5.44717 3.17526,
	5.44668 3.15954,
	5.44668 3.15561,
	5.45355 3.12418,
	5.45552 3.11632,
	5.45601 3.11435,
	5.45601 3.11337,
	5.45846 3.10944,
	5.46043 3.10158,
	5.46485 3.09372,
	5.47075 3.08586,
	5.47271 3.08193,
	5.47959 3.07407,
	5.48352 3.07014,
	5.48646 3.06621,
	5.49039 3.06228,
	5.50611 3.05147,
	5.52183 3.04214,
	5.53755 3.02888,
	5.54148 3.02495,
	5.5572 3.01218,
	5.56113 3.00923,
	5.56752 3.00137,
	5.58324 2.98565,
	5.59699 2.96993,
	5.59994 2.966,
	5.63039 2.93604,
	5.63432 2.93211,
	5.64218 2.92818,
	5.65004 2.92572,
	5.6579 2.92228,
	5.67362 2.91295,
	5.68148 2.91,
	5.68934 2.90607,
	5.69327 2.90362,
	5.70113 2.89625,
	5.70359 2.89232,
	5.71046 2.88446,
	5.71439 2.88053,
	5.72225 2.87513,
	5.72618 2.87316,
	5.7419 2.8707,
	5.74976 2.86923,
	5.75762 2.86628,
	5.76155 2.86432,
	5.76351 2.86334,
	5.77137 2.85548,
	5.7753 2.85155,
	5.77678 2.84958,
	5.7925 2.8427,
	5.79643 2.84123,
	5.80036 2.83878,
	5.80232 2.8373,
	5.81804 2.83681,
	5.8259 2.83681,
	5.83376 2.83583,
	5.83769 2.83534,
	5.84555 2.8319,
	5.84948 2.82944,
	5.85734 2.82306,
	5.87306 2.81569,
	5.87699 2.81372,
	5.89271 2.81127,
	5.90842 2.81028,
	5.91628 2.81028,
	5.92414 2.81127,
	5.92611 2.81127,
	5.93004 2.81323,
	5.932 2.81421,
	5.93888 2.82207,
	5.94085 2.82404,
	5.94232 2.82797,
	5.94478 2.84369,
	5.94625 2.85155,
	5.94674 2.85548,
	5.9492 2.85941,
	5.95263 2.86334,
	5.95362 2.8653,
	5.96148 2.87316,
	5.96344 2.87513,
	5.96492 2.87906,
	5.96541 2.88691,
	5.96442 2.89477,
	5.96344 2.8987,
	5.95853 2.90656,
	5.95804 2.91442,
	5.96541 2.94586,
	5.96885 2.96158,
	5.97327 2.9773,
	5.97474 2.99302,
	5.97621 3.00088,
	5.97621 3.00284,
	5.97867 3.00677,
	5.98014 3.0107,
	5.98063 3.01856,
	5.98063 3.02249,
	5.97867 3.03035,
	5.97278 3.04607,
	5.96983 3.05393,
	5.9659 3.06965,
	5.96099 3.08537,
	5.96 3.0893,
	5.95558 3.09716,
	5.93986 3.10993,
	5.93593 3.11288,
	5.93299 3.11681,
	5.92955 3.12467,
	5.92758 3.1286,
	5.92316 3.14432,
	5.92169 3.15218,
	5.92071 3.1561,
	5.91923 3.17182,
	5.91579 3.17968,
	5.91383 3.18361,
	5.90793 3.19147,
	5.90057 3.19884,
	5.89664 3.20277,
	5.88092 3.21505,
	5.8652 3.22635,
	5.84948 3.23667,
	5.84751 3.23765,
	5.84211 3.24551,
	5.83818 3.25337,
	5.83671 3.2573,
	5.83572 3.26516,
	5.83671 3.27302,
	5.83867 3.28088,
	5.84014 3.28481,
	5.85046 3.30052,
	5.86176 3.31624,
	5.86569 3.3241,
	5.86814 3.32803,
	5.86913 3.33,
	5.87158 3.34572,
	5.87257 3.35358,
	5.87207 3.36144,
	5.86765 3.37716,
	5.86323 3.38501,
	5.86078 3.38894,
	5.85439 3.3968,
	5.85243 3.39877,
	5.84407 3.41449,
	5.84014 3.42235,
	5.83769 3.42628,
	5.83671 3.42824,
	5.82197 3.44396,
	5.82 3.44593,
	5.78857 3.46263,
	5.78071 3.46656,
	5.76499 3.47294,
	5.74927 3.47687,
	5.74534 3.47786,
	5.7139 3.47638,
	5.70604 3.4754,
	5.69818 3.47687,
	5.69425 3.47736,
	5.68639 3.48031,
	5.68246 3.48129,
	5.66674 3.49063,
	5.65888 3.49407,
	5.64316 3.49554,
	5.63531 3.49407,
	5.62745 3.49112,
	5.62352 3.48965,
	5.62253 3.48965,
	5.60927 3.47393,
	5.6019 3.46656,
	5.59994 3.46508,
	5.59208 3.46214,
	5.57636 3.45919,
	5.57243 3.4587,
	5.56457 3.45575,
	5.56064 3.45428,
	5.55867 3.45379,
	5.54296 3.44151,
	5.52724 3.43021,
	5.51938 3.4248,
	5.50415 3.40958,
	5.49187 3.39386,
	5.48696 3.386,
	5.48499 3.38207,
	5.48401 3.3801,
	5.48057 3.37617,
	5.47566 3.36831,
	5.47173 3.36045,
	5.46927 3.35652,
	5.46289 3.3408,
	5.44766 3.30937,
	5.44078 3.29365,
	5.43882 3.28972,
	5.43783 3.28579,
	5.43783 3.27007,
	"/>
</Transform>

<Transform dim="6"
 xcoef=" -0.255835201736305 1.05236097073383 0.015665103746807 0 0 0"
 ycoef=" -0.361709964332649 0.0276427757459331 1.01526627379952 0 0 0">
<Image mag="0.00217507" contrast="0.917" brightness="0.12" red="true" green="true" blue="true"
 src="FHLTD.54.jpg" />
<Contour name="domain1" hidden="false" closed="true" simplified="false" border="1 0 1" fill="1 0 1" mode="11"
 points="0 0,
	4096 0,
	4096 4096,
	0 4096,
	"/>
</Transform>

<Transform dim="0"
 xcoef=" 0 1 0 0 0 0"
 ycoef=" 0 0 1 0 0 0">
<Contour name="ddh_d06ax07" comment="traced by ddh 12/20/18" hidden="false" closed="true" simplified="true" border="0.5 0 1" fill="0.5 0 1" mode="11"
 points="1.93474 8.68707,
	1.9373 8.67064,
	1.93833 8.66243,
	1.93936 8.65832,
	1.95168 8.64241,
	1.95527 8.6383,
	1.95938 8.63574,
	1.96246 8.63214,
	1.96297 8.63009,
	1.96759 8.62342,
	1.97016 8.61931,
	1.97272 8.61623,
	1.97375 8.61418,
	1.9758 8.61212,
	1.9794 8.60956,
	1.9871 8.60648,
	1.9912 8.60494,
	1.99942 8.60545,
	2.01584 8.60802,
	2.01995 8.60956,
	2.02406 8.61007,
	2.03227 8.61264,
	2.03638 8.61418,
	2.04459 8.61931,
	2.0528 8.62547,
	2.05434 8.6265,
	2.06204 8.6342,
	2.06615 8.63779,
	2.08155 8.64652,
	2.08463 8.64908,
	2.08668 8.65011,
	2.08771 8.65114,
	2.08976 8.65165,
	2.09746 8.6573,
	2.10106 8.65935,
	2.10208 8.66038,
	2.10311 8.66038,
	2.10568 8.66294,
	2.1067 8.66294,
	2.1144 8.66808,
	2.12159 8.67475,
	2.12518 8.67732,
	2.12775 8.68142,
	2.12775 8.68245,
	2.12929 8.6845,
	2.1298 8.68656,
	2.13083 8.68758,
	2.13288 8.6958,
	2.13442 8.71222,
	2.13391 8.72044,
	2.1334 8.72454,
	2.1298 8.73276,
	2.12313 8.73994,
	2.12056 8.74251,
	2.11235 8.7461,
	2.10876 8.74816,
	2.10054 8.75072,
	2.09233 8.75534,
	2.08566 8.76202,
	2.0836 8.76407,
	2.08155 8.76818,
	2.08052 8.76869,
	2.0795 8.7728,
	2.08001 8.78101,
	2.08104 8.78512,
	2.08104 8.78614,
	2.08206 8.78717,
	2.08258 8.78922,
	2.08258 8.79025,
	2.0836 8.79128,
	2.08617 8.79949,
	2.09079 8.8077,
	2.09336 8.81181,
	2.10003 8.82824,
	2.10106 8.83234,
	2.09952 8.84056,
	2.099 8.84261,
	2.09541 8.84569,
	2.0872 8.84928,
	2.07898 8.8498,
	2.06256 8.84928,
	2.0605 8.84826,
	2.04408 8.84569,
	2.03586 8.84312,
	2.03176 8.84107,
	2.03073 8.84107,
	2.02868 8.83953,
	2.02457 8.83799,
	2.00814 8.82875,
	2.00404 8.82618,
	2.00198 8.82516,
	1.99531 8.81694,
	1.99223 8.81335,
	1.98812 8.80616,
	1.98504 8.80206,
	1.98453 8.8,
	1.97426 8.7846,
	1.97272 8.78306,
	1.97272 8.78204,
	1.97118 8.77998,
	1.97016 8.77896,
	1.97016 8.77793,
	1.96862 8.77588,
	1.96862 8.77485,
	1.96348 8.76664,
	1.96297 8.76458,
	1.96194 8.76407,
	1.9604 8.75996,
	1.95938 8.75791,
	1.95938 8.75688,
	1.95424 8.74918,
	1.95116 8.74097,
	1.95014 8.73892,
	1.94911 8.73789,
	1.9486 8.73584,
	1.94757 8.73481,
	1.94654 8.7307,
	1.94398 8.7266,
	1.94244 8.72249,
	1.94141 8.72044,
	1.94038 8.71941,
	1.93525 8.70298,
	1.93474 8.69477,
	1.93474 8.69066,
	1.93474 8.68861,
	1.93474 8.68758,
	"/>
</Transform>

<Transform dim="0"
 xcoef=" 0 1 0 0 0 0"
 ycoef=" 0 0 1 0 0 0">
<Contour name="ddh_d06ax08" comment="traced by ddh" hidden="false" closed="true" simplified="true" border="1 0 0.5" fill="1 0 0.5" mode="11"
 points="1.40406 8.77648,
	1.40583 8.77471,
	1.40848 8.76764,
	1.41202 8.73932,
	1.41202 8.73225,
	1.41556 8.71809,
	1.41645 8.71455,
	1.41645 8.71278,
	1.4191 8.70924,
	1.4191 8.70747,
	1.4306 8.69332,
	1.43768 8.68889,
	1.44476 8.68624,
	1.45891 8.68536,
	1.47307 8.68978,
	1.48722 8.69774,
	1.4943 8.70217,
	1.49784 8.70393,
	1.51111 8.71809,
	1.51731 8.72517,
	1.52084 8.72871,
	1.52438 8.73048,
	1.53058 8.73755,
	1.53942 8.75171,
	1.53942 8.75348,
	1.54119 8.75525,
	1.54119 8.7694,
	1.54031 8.77648,
	1.53765 8.78356,
	1.52792 8.79595,
	1.51377 8.8101,
	1.51111 8.81276,
	1.50757 8.81364,
	1.50403 8.8163,
	1.48988 8.81983,
	1.48811 8.8216,
	1.47395 8.82337,
	1.4598 8.82337,
	1.44564 8.81983,
	1.43856 8.81718,
	1.43237 8.81276,
	1.42883 8.81187,
	1.41468 8.80214,
	1.40848 8.79595,
	1.40583 8.79241,
	1.40406 8.78533,
	1.40406 8.77825,
	1.40406 8.77737,
	"/>
</Transform>

<Transform dim="0"
 xcoef=" 0 1 0 0 0 0"
 ycoef=" 0 0 1 0 0 0">
<Contour name="ddh_d08ax11" comment="traced by ddh" hidden="false" closed="true" simplified="true" border="1 0 1" fill="1 0 1" mode="11"
 points="5.9644 2.77615,
	5.96681 2.7607,
	5.97019 2.75298,
	5.9726 2.74912,
	5.97646 2.74575,
	5.9919 2.74285,
	5.99962 2.74333,
	6.00348 2.74478,
	6.01892 2.74623,
	6.02279 2.74623,
	6.02665 2.74526,
	6.03051 2.74333,
	6.03823 2.7414,
	6.04595 2.74044,
	6.06139 2.74092,
	6.07683 2.7443,
	6.08455 2.74623,
	6.08648 2.74671,
	6.0942 2.7525,
	6.12364 2.7829,
	6.1304 2.78966,
	6.14584 2.80365,
	6.16128 2.80944,
	6.19216 2.81089,
	6.2076 2.81234,
	6.21533 2.81475,
	6.21919 2.81523,
	6.23463 2.82054,
	6.25007 2.82681,
	6.25779 2.82971,
	6.26551 2.83357,
	6.26937 2.83598,
	6.2713 2.83791,
	6.27516 2.84563,
	6.27709 2.85336,
	6.27661 2.86108,
	6.27516 2.86494,
	6.27275 2.8688,
	6.26551 2.87555,
	6.26165 2.87797,
	6.24621 2.88279,
	6.23077 2.88665,
	6.22691 2.88713,
	6.22498 2.88713,
	6.21726 2.89099,
	6.20181 2.89534,
	6.18637 2.89727,
	6.17865 2.89823,
	6.17479 2.8992,
	6.16707 2.89823,
	6.15935 2.89823,
	6.14391 2.89679,
	6.12847 2.89775,
	6.12074 2.8992,
	6.11688 2.89968,
	6.10916 2.90209,
	6.10144 2.90354,
	6.086 2.90451,
	6.07828 2.90402,
	6.07442 2.90354,
	6.0667 2.90016,
	6.05898 2.89582,
	6.05512 2.89293,
	6.04884 2.8852,
	6.04112 2.87893,
	6.0334 2.87459,
	6.02954 2.87266,
	6.02182 2.87121,
	6.0141 2.8688,
	6.01024 2.86783,
	6.00252 2.86252,
	5.99866 2.85963,
	5.99142 2.85191,
	5.98611 2.84419,
	5.98177 2.83647,
	5.97887 2.82875,
	5.97743 2.82681,
	5.97646 2.82295,
	5.97212 2.81523,
	5.96922 2.80751,
	5.96536 2.79979,
	5.96536 2.79207,
	5.9644 2.78435,
	5.9644 2.77663,
	"/>
</Transform>

<Transform dim="0"
 xcoef=" 0 1 0 0 0 0"
 ycoef=" 0 0 1 0 0 0">
<Contour name="ddh_d08ax09b" comment="traced by ddh" hidden="false" closed="true" simplified="true" border="0 1 1" fill="0 1 1" mode="11"
 points="3.86347 3.73386,
	3.86823 3.72623,
	3.87109 3.72242,
	3.8749 3.72052,
	3.87871 3.7167,
	3.88253 3.7148,
	3.88634 3.71099,
	3.90159 3.70432,
	3.90921 3.70146,
	3.91302 3.70146,
	3.91683 3.69955,
	3.92446 3.69955,
	3.93971 3.69574,
	3.94733 3.69574,
	3.95114 3.69383,
	3.98164 3.69193,
	4.01213 3.69288,
	4.01976 3.69288,
	4.05025 3.6986,
	4.11125 3.69955,
	4.14174 3.7005,
	4.15699 3.7005,
	4.18749 3.70336,
	4.24848 3.71289,
	4.26373 3.71766,
	4.38571 3.73958,
	4.41621 3.74244,
	4.4467 3.74244,
	4.46195 3.73958,
	4.46958 3.73672,
	4.4772 3.73672,
	4.5077 3.72623,
	4.51151 3.72623,
	4.51532 3.72433,
	4.52294 3.72338,
	4.53819 3.71861,
	4.56869 3.7148,
	4.58394 3.71003,
	4.58775 3.70813,
	4.603 3.70622,
	4.61824 3.70146,
	4.63349 3.69955,
	4.66399 3.69002,
	4.67924 3.68526,
	4.68305 3.68335,
	4.68495 3.68335,
	4.69258 3.67668,
	4.69448 3.67668,
	4.69544 3.67477,
	4.69925 3.67382,
	4.7145 3.66143,
	4.72974 3.65095,
	4.73356 3.64999,
	4.73451 3.64809,
	4.73832 3.64714,
	4.74213 3.64428,
	4.74595 3.64428,
	4.75357 3.64046,
	4.75548 3.64046,
	4.75738 3.63856,
	4.81837 3.64046,
	4.84887 3.63951,
	4.85649 3.63856,
	4.86031 3.63856,
	4.86412 3.6357,
	4.87174 3.63379,
	4.87365 3.63189,
	4.87555 3.63189,
	4.87746 3.62998,
	4.87937 3.62998,
	4.88127 3.62808,
	4.88508 3.62712,
	4.8889 3.62426,
	4.90414 3.62045,
	4.91177 3.61855,
	4.94226 3.61759,
	4.97276 3.61283,
	4.98801 3.61283,
	5.00326 3.61569,
	5.06425 3.61855,
	5.09474 3.62522,
	5.09856 3.62522,
	5.10237 3.62808,
	5.10618 3.62903,
	5.10809 3.62903,
	5.10999 3.63093,
	5.1138 3.63093,
	5.11762 3.63379,
	5.12143 3.63475,
	5.13668 3.64618,
	5.1443 3.65285,
	5.15002 3.65952,
	5.18051 3.68335,
	5.19576 3.69002,
	5.21101 3.69479,
	5.21863 3.7005,
	5.23388 3.70146,
	5.24913 3.70432,
	5.26438 3.71003,
	5.27963 3.72052,
	5.28725 3.72719,
	5.29106 3.731,
	5.29297 3.73291,
	5.29487 3.73291,
	5.30726 3.74815,
	5.31775 3.7634,
	5.32061 3.77103,
	5.32061 3.77293,
	5.32251 3.77484,
	5.32251 3.77674,
	5.32537 3.78056,
	5.32537 3.78246,
	5.32728 3.78341,
	5.32728 3.78532,
	5.32918 3.78723,
	5.33204 3.79485,
	5.33681 3.80247,
	5.33776 3.80629,
	5.33967 3.80819,
	5.33967 3.81582,
	5.34157 3.81963,
	5.34157 3.82725,
	5.33967 3.83488,
	5.33395 3.8425,
	5.3187 3.84727,
	5.2882 3.84727,
	5.25771 3.84441,
	5.24246 3.84155,
	5.23865 3.84059,
	5.23674 3.83869,
	5.23293 3.83869,
	5.22531 3.83488,
	5.22149 3.83392,
	5.21959 3.83202,
	5.21196 3.83011,
	5.21101 3.82821,
	5.20339 3.8263,
	5.18814 3.81772,
	5.18433 3.81486,
	5.16908 3.80915,
	5.16145 3.80533,
	5.1605 3.80343,
	5.1586 3.80343,
	5.15192 3.7958,
	5.12429 3.7796,
	5.11666 3.77388,
	5.10142 3.76531,
	5.08617 3.75482,
	5.07854 3.75006,
	5.0633 3.74434,
	5.05567 3.74148,
	4.99468 3.74053,
	4.96418 3.74148,
	4.94894 3.74244,
	4.94131 3.74339,
	4.92606 3.74911,
	4.91844 3.75101,
	4.91463 3.75101,
	4.907 3.75387,
	4.87651 3.75673,
	4.84601 3.75768,
	4.81551 3.77198,
	4.80789 3.77484,
	4.77739 3.77388,
	4.76215 3.77579,
	4.75452 3.7796,
	4.73927 3.79104,
	4.73165 3.79485,
	4.7164 3.80533,
	4.70115 3.81391,
	4.68591 3.82439,
	4.65541 3.84059,
	4.64779 3.84345,
	4.64397 3.84536,
	4.62873 3.84631,
	4.6211 3.84536,
	4.56011 3.84917,
	4.54486 3.85108,
	4.52961 3.85584,
	4.51437 3.86251,
	4.49912 3.86633,
	4.49149 3.86918,
	4.48387 3.87014,
	4.45337 3.87967,
	4.43813 3.88729,
	4.42288 3.89777,
	4.41907 3.90063,
	4.41525 3.90159,
	4.40001 3.91683,
	4.39048 3.93208,
	4.38666 3.93971,
	4.38095 3.94733,
	4.36475 3.97783,
	4.35522 3.99307,
	4.34378 4.00832,
	4.33044 4.02262,
	4.31519 4.03405,
	4.31138 4.03787,
	4.28088 4.05597,
	4.26563 4.0655,
	4.25801 4.07122,
	4.24276 4.07789,
	4.21227 4.08456,
	4.19702 4.08742,
	4.16652 4.08933,
	4.15127 4.08837,
	4.14365 4.08742,
	4.13984 4.08742,
	4.12459 4.08266,
	4.09409 4.06836,
	4.07884 4.06169,
	4.0636 4.05311,
	4.05597 4.0493,
	4.05216 4.04644,
	4.05025 4.04454,
	4.04835 4.04454,
	4.0331 4.03119,
	4.02071 4.01595,
	4.00642 3.98545,
	3.9864 3.95495,
	3.97687 3.93971,
	3.96163 3.90921,
	3.954 3.89396,
	3.95019 3.88634,
	3.94447 3.87871,
	3.92827 3.84822,
	3.9073 3.81772,
	3.90445 3.81391,
	3.90254 3.812,
	3.90159 3.80819,
	3.89777 3.80438,
	3.89777 3.80247,
	3.89396 3.79866,
	3.88539 3.78341,
	3.88157 3.77579,
	3.87967 3.77198,
	3.87776 3.77007,
	3.87776 3.76817,
	3.87586 3.76626,
	3.8749 3.76245,
	3.86918 3.75482,
	3.86633 3.75101,
	3.86347 3.73576,
	3.86347 3.73481,
	"/>
</Transform>

</Section>