<?xml version="1.0"?>
<!DOCTYPE Section SYSTEM "section.dtd">

<Section index="122" thickness="0.045" alignLocked="true">
<Transform dim="6"
 xcoef=" 1.72608454827879 0.996086308759986 -0.000964851020997429 0 0 0"
 ycoef=" 0.946237389316816 0.0222136107421414 1.00417679313991 0 0 0">
<Contour name="D04" hidden="false" closed="true" simplified="true" border="1 0 0" fill="1 0 0" mode="11"
 points="5.46492 7.32996,
	5.46778 7.29096,
	5.47628 7.25281,
	5.49024 7.21634,
	5.50936 7.18235,
	5.53323 7.15158,
	5.56131 7.1247,
	5.59299 7.1023,
	5.6276 7.08487,
	5.66436 7.07278,
	5.70248 7.0663,
	5.74113 7.06558,
	5.77947 7.07063,
	5.81665 7.08133,
	5.85186 7.09746,
	5.88435 7.11866,
	5.91339 7.14447,
	5.93836 7.17432,
	5.95871 7.20758,
	5.97399 7.2435,
	5.98388 7.28131,
	5.98816 7.32018,
	5.98673 7.35926,
	5.97963 7.39771,
	5.96701 7.43467,
	5.94914 7.46936,
	5.92642 7.501,
	5.89934 7.52891,
	5.86849 7.55248,
	5.83455 7.57119,
	5.79825 7.58464,
	5.76039 7.59254,
	5.72179 7.59471,
	5.6833 7.5911,
	5.64576 7.58179,
	5.60998 7.56699,
	5.57674 7.54702,
	5.54678 7.52231,
	5.52073 7.49341,
	5.49918 7.46094,
	5.48259 7.42562,
	5.47133 7.3882,
	"/>
</Transform>

<Transform dim="6"
 xcoef=" 0.266084548278782 0.996086308759986 -0.000964851020997429 0 0 0"
 ycoef=" -0.403762610683185 0.0222136107421414 1.00417679313991 0 0 0">
<Contour name="D05" hidden="false" closed="true" simplified="true" border="1 1 0" fill="1 1 0" mode="11"
 points="2.69299 3.97404,
	2.70475 3.90163,
	2.73888 3.83632,
	2.79205 3.78448,
	2.85904 3.7512,
	2.93329 3.73974,
	3.00755 3.7512,
	3.07454 3.78448,
	3.12771 3.83632,
	3.16184 3.90163,
	3.1736 3.97404,
	3.16184 4.04644,
	3.12771 4.11175,
	3.07454 4.16359,
	3.00755 4.19687,
	2.93329 4.20833,
	2.85904 4.19687,
	2.79205 4.16359,
	2.73888 4.11175,
	"/>
</Transform>

<Transform dim="6"
 xcoef=" 0.0460845482787822 0.996086308759986 -0.000964851020997429 0 0 0"
 ycoef=" -0.173762610683185 0.0222136107421414 1.00417679313991 0 0 0">
<Contour name="d01" hidden="true" closed="true" simplified="true" border="1 0.5 0" fill="1 0.5 0" mode="9"
 points="6.40901 4.02761,
	6.43032 4.01163,
	6.44098 4.01163,
	6.46229 3.99564,
	6.50491 3.97966,
	6.5422 3.94237,
	6.58482 3.92106,
	6.62211 3.88909,
	6.66473 3.91573,
	6.70735 3.95835,
	6.71801 3.97966,
	6.70735 4.02228,
	6.6967 4.04359,
	6.67539 4.05957,
	6.63277 4.0649,
	6.54753 4.05957,
	6.46229 4.08621,
	6.44098 4.08621,
	6.41967 4.07023,
	6.40901 4.05957,
	6.40901 4.03826,
	6.40901 4.03294,
	"/>
</Transform>

<Transform dim="6"
 xcoef=" 0.0460845482787822 0.996086308759986 -0.000964851020997429 0 0 0"
 ycoef=" -0.173762610683185 0.0222136107421414 1.00417679313991 0 0 0">
<Contour name="d01" hidden="true" closed="true" simplified="true" border="1 0.5 0" fill="1 0.5 0" mode="9"
 points="5.37855 2.72233,
	5.38563 2.70344,
	5.40216 2.71288,
	5.43993 2.69636,
	5.47063 2.66566,
	5.48007 2.65622,
	5.48479 2.64677,
	5.50368 2.63025,
	5.51313 2.62316,
	5.53438 2.58539,
	5.54146 2.5665,
	5.55327 2.54761,
	5.55799 2.52872,
	5.56271 2.51927,
	5.56743 2.4815,
	5.56743 2.44372,
	5.56035 2.40594,
	5.55799 2.38705,
	5.54854 2.36817,
	5.52021 2.33275,
	5.50604 2.32094,
	5.47299 2.28553,
	5.45882 2.27372,
	5.46118 2.25483,
	5.49896 2.25011,
	5.51785 2.25247,
	5.52729 2.25247,
	5.56507 2.27608,
	5.60285 2.27844,
	5.64063 2.27608,
	5.65951 2.27844,
	5.66896 2.28081,
	5.67368 2.28081,
	5.6784 2.28553,
	5.68785 2.28553,
	5.70674 2.29261,
	5.72562 2.29497,
	5.74451 2.30678,
	5.75396 2.3115,
	5.76812 2.33039,
	5.78229 2.36817,
	5.78937 2.38705,
	5.7941 2.3965,
	5.7941 2.40594,
	5.80118 2.42483,
	5.8059 2.46261,
	5.8059 2.50039,
	5.80118 2.53816,
	5.79646 2.55705,
	5.77993 2.57122,
	5.76104 2.5783,
	5.74215 2.59011,
	5.72562 2.60664,
	5.68785 2.63025,
	5.67132 2.64677,
	5.66188 2.65386,
	5.65715 2.66094,
	5.6241 2.69872,
	5.61229 2.71761,
	5.60521 2.72705,
	5.60049 2.74594,
	5.60049 2.75538,
	5.59104 2.76483,
	5.57215 2.76719,
	5.4966 2.76011,
	5.45882 2.75774,
	5.42105 2.75066,
	5.40216 2.74594,
	5.39271 2.74594,
	5.38799 2.74594,
	5.37855 2.73649,
	5.37855 2.72705,
	5.37855 2.72469,
	"/>
</Transform>

<Transform dim="6"
 xcoef=" 0.0460845482787822 0.996086308759986 -0.000964851020997429 0 0 0"
 ycoef=" -0.173762610683185 0.0222136107421414 1.00417679313991 0 0 0">
<Contour name="d01c47" hidden="false" closed="true" simplified="true" border="0 1 0" fill="0 1 0" mode="9"
 points="5.38091 2.69872,
	5.39271 2.67983,
	5.40924 2.6633,
	5.42813 2.6515,
	5.46118 2.61844,
	5.47771 2.60191,
	5.48952 2.58302,
	5.50132 2.54525,
	5.50604 2.5358,
	5.51549 2.46025,
	5.52257 2.44136,
	5.52729 2.40358,
	5.52729 2.3658,
	5.51785 2.34692,
	5.50132 2.33275,
	5.49188 2.33039,
	5.47299 2.31858,
	5.45646 2.30206,
	5.4541 2.28317,
	5.45646 2.27372,
	5.45882 2.269,
	5.46827 2.27136,
	5.49896 2.30678,
	5.53674 2.34455,
	5.5509 2.36344,
	5.55563 2.38233,
	5.55327 2.53344,
	5.54146 2.57122,
	5.51785 2.609,
	5.50604 2.62788,
	5.48952 2.64677,
	5.48479 2.65622,
	5.46591 2.67511,
	5.45882 2.68455,
	5.4423 2.69636,
	5.43757 2.69636,
	5.42813 2.70344,
	5.40924 2.70816,
	5.3998 2.71288,
	5.39507 2.71052,
	5.39743 2.70816,
	5.38799 2.70816,
	5.38327 2.70816,
	5.38091 2.70108,
	"/>
</Transform>

<Transform dim="6"
 xcoef=" 0.0460845482787822 0.996086308759986 -0.000964851020997429 0 0 0"
 ycoef=" -0.173762610683185 0.0222136107421414 1.00417679313991 0 0 0">
<Contour name="d01cfa47" hidden="false" closed="false" simplified="false" border="0 1 1" fill="0 1 1" mode="9"
 points="5.46351 2.28604,
	5.46588 2.29076,
	5.48476 2.31201,
	5.51782 2.3309,
	5.53199 2.34979,
	5.53671 2.39229,
	5.53907 2.43479,
	5.53907 2.47965,
	5.52726 2.51978,
	5.50837 2.57173,
	5.47768 2.60242,
	5.43518 2.652,
	5.39977 2.69923,
	"/>
</Transform>

<Transform dim="6"
 xcoef=" 0.0460845482787822 0.996086308759986 -0.000964851020997429 0 0 0"
 ycoef=" -0.173762610683185 0.0222136107421414 1.00417679313991 0 0 0">
<Contour name="d03" hidden="false" closed="true" simplified="true" border="0 1 0" fill="0 1 0" mode="9"
 points="2.96056 3.07488,
	3.01181 3.01181,
	3.01181 2.94873,
	3.01181 2.9172,
	3.01378 2.90143,
	3.02955 2.86989,
	3.06109 2.85215,
	3.09262 2.84821,
	3.10642 2.83835,
	3.12022 2.80682,
	3.1281 2.77528,
	3.13007 2.75951,
	3.14387 2.72797,
	3.16752 2.69644,
	3.17344 2.68067,
	3.17738 2.64913,
	3.17541 2.64125,
	3.13007 2.57817,
	3.12416 2.5624,
	3.11825 2.53087,
	3.11628 2.5151,
	3.08671 2.45202,
	3.07883 2.43625,
	3.067 2.37318,
	3.067 2.36529,
	3.06503 2.36332,
	3.08474 2.33179,
	3.10051 2.32193,
	3.13204 2.31208,
	3.19512 2.33967,
	3.21089 2.34558,
	3.24242 2.3515,
	3.25819 2.35544,
	3.26608 2.35741,
	3.32915 2.34558,
	3.39223 2.34164,
	3.408 2.34164,
	3.43953 2.33376,
	3.45333 2.32982,
	3.5164 2.37515,
	3.54794 2.39289,
	3.55583 2.39683,
	3.58736 2.39092,
	3.60313 2.38895,
	3.63467 2.37318,
	3.66621 2.3515,
	3.68198 2.33573,
	3.68986 2.32982,
	3.70563 2.32587,
	3.7214 2.33573,
	3.72534 2.33967,
	3.73125 2.37121,
	3.73322 2.37909,
	3.71548 2.44217,
	3.70957 2.4737,
	3.7076 2.48947,
	3.71943 2.61562,
	3.7214 2.62351,
	3.74505 2.65504,
	3.75688 2.67081,
	3.78644 2.69249,
	3.7963 2.72403,
	3.80024 2.7398,
	3.81207 2.7536,
	3.80024 2.81667,
	3.80221 2.84821,
	3.83178 2.87975,
	3.86134 2.90143,
	3.86923 2.93297,
	3.87514 2.94873,
	3.89682 2.98027,
	3.90668 2.99604,
	3.93822 3.0059,
	3.95398 3.00984,
	4.01706 3.00195,
	4.0486 3.01575,
	4.07816 3.03349,
	4.08999 3.06503,
	4.08999 3.06897,
	4.12153 3.08671,
	4.12547 3.09065,
	4.12547 3.10642,
	4.12547 3.1143,
	4.0821 3.17738,
	4.05845 3.20892,
	4.0486 3.22468,
	4.03283 3.23848,
	4.02494 3.2444,
	3.96187 3.2168,
	3.91456 3.15373,
	3.90274 3.12219,
	3.89879 3.10642,
	3.87711 3.07488,
	3.87317 3.06897,
	3.8101 3.05714,
	3.77856 3.04729,
	3.76279 3.03546,
	3.73125 3.02363,
	3.69971 3.01575,
	3.69183 3.01378,
	3.66029 3.01969,
	3.64452 3.02363,
	3.63664 3.02363,
	3.62087 3.03152,
	3.50458 3.15767,
	3.47895 3.18921,
	3.41588 3.22666,
	3.408 3.22863,
	3.37646 3.20695,
	3.36069 3.19512,
	3.34492 3.18723,
	3.28185 3.18526,
	3.21877 3.18723,
	3.1557 3.19709,
	3.12416 3.203,
	3.09262 3.19709,
	3.07685 3.19315,
	3.04532 3.17344,
	3.01378 3.14781,
	2.98224 3.11628,
	2.96844 3.10051,
	2.9645 3.08474,
	2.96056 3.07685,
	"/>
</Transform>

<Transform dim="6"
 xcoef=" 0.0460845482787822 0.996086308759986 -0.000964851020997429 0 0 0"
 ycoef=" -0.173762610683185 0.0222136107421414 1.00417679313991 0 0 0">
<Contour name="d03" hidden="false" closed="true" simplified="true" border="0 1 0" fill="0 1 0" mode="9"
 points="4.11806 2.25513,
	4.16234 2.21401,
	4.18765 2.1982,
	4.23825 2.17606,
	4.26356 2.16657,
	4.31416 2.16657,
	4.36477 2.1729,
	4.39007 2.1729,
	4.40272 2.1729,
	4.42803 2.18555,
	4.44068 2.19504,
	4.447 2.20136,
	4.45333 2.22666,
	4.45017 2.25197,
	4.45017 2.25829,
	4.44384 2.26462,
	4.44068 2.27727,
	4.40589 2.32471,
	4.38375 2.34685,
	4.37109 2.35951,
	4.35844 2.36583,
	4.34579 2.37848,
	4.32049 2.3943,
	4.30784 2.39746,
	4.28253 2.4196,
	4.25723 2.43541,
	4.23193 2.44174,
	4.18132 2.44174,
	4.15602 2.44174,
	4.14337 2.43858,
	4.13072 2.41327,
	4.12439 2.38797,
	4.12123 2.28676,
	4.11806 2.26146,
	4.11806 2.25829,
	"/>
</Transform>

<Transform dim="6"
 xcoef=" 0.0460845482787822 0.996086308759986 -0.000964851020997429 0 0 0"
 ycoef=" -0.173762610683185 0.0222136107421414 1.00417679313991 0 0 0">
<Contour name="d03p16" hidden="false" closed="true" simplified="false" border="0 0 1" fill="0 0 1" mode="9"
 points="3.16597 2.44455,
	3.13106 2.40964,
	3.16597 2.37473,
	3.20089 2.40964,
	"/>
</Transform>

<Transform dim="6"
 xcoef=" 0.0460845482787822 0.996086308759986 -0.000964851020997429 0 0 0"
 ycoef=" -0.173762610683185 0.0222136107421414 1.00417679313991 0 0 0">
<Contour name="d03c14b" hidden="false" closed="true" simplified="true" border="1 0 0" fill="1 0 0" mode="9"
 points="3.85416 1.75687,
	3.88546 1.73339,
	3.90111 1.72557,
	3.90894 1.72165,
	3.97154 1.74904,
	3.9872 1.7647,
	3.99502 1.7647,
	4.01459 1.796,
	4.01067 1.8273,
	3.99893 1.83904,
	3.93633 1.83904,
	3.92068 1.83513,
	3.91285 1.83513,
	3.88155 1.81556,
	3.85416 1.78817,
	3.85416 1.76078,
	"/>
<Contour name="d03cfa14b" hidden="false" closed="false" simplified="false" border="0 1 1" fill="0 1 1" mode="9"
 points="4.00586 1.82381,
	3.97847 1.80815,
	3.93152 1.80033,
	3.89239 1.77685,
	3.85718 1.74164,
	"/>
</Transform>

<Transform dim="6"
 xcoef=" 0.0460845482787822 0.996086308759986 -0.000964851020997429 0 0 0"
 ycoef=" -0.173762610683185 0.0222136107421414 1.00417679313991 0 0 0">
<Contour name="d03c15" hidden="false" closed="true" simplified="true" border="1 0 0" fill="1 0 0" mode="9"
 points="4.0185 3.23202,
	4.04589 3.20071,
	4.0811 3.13811,
	4.10849 3.11072,
	4.1398 3.09898,
	4.15545 3.09898,
	4.15936 3.1068,
	4.15154 3.13811,
	4.15154 3.15376,
	4.13197 3.18506,
	4.12415 3.19289,
	4.11241 3.22419,
	4.09284 3.25158,
	4.0811 3.26723,
	4.0498 3.26723,
	4.03415 3.26723,
	4.02241 3.25158,
	4.0185 3.23593,
	"/>
<Contour name="d03cfa15" hidden="false" closed="false" simplified="false" border="0 1 1" fill="0 1 1" mode="9"
 points="4.03325 3.26374,
	4.06456 3.23243,
	4.09977 3.17765,
	4.13499 3.0994,
	"/>
</Transform>

<Transform dim="6"
 xcoef=" 0.0460845482787822 0.996086308759986 -0.000964851020997429 0 0 0"
 ycoef=" -0.173762610683185 0.0222136107421414 1.00417679313991 0 0 0">
<Contour name="d06" hidden="true" closed="true" simplified="true" border="0 0 1" fill="0 0 1" mode="11"
 points="2.44116 6.6714,
	2.46346 6.6491,
	2.48575 6.63517,
	2.4969 6.6296,
	2.51919 6.6296,
	2.54148 6.63517,
	2.55263 6.63517,
	2.56378 6.64632,
	2.58607 6.65746,
	2.63066 6.65746,
	2.64181 6.65746,
	2.66689 6.64353,
	2.67803 6.63517,
	2.72262 6.63238,
	2.73377 6.63238,
	2.74491 6.63796,
	2.75049 6.63796,
	2.75606 6.64353,
	2.80065 6.64632,
	2.84524 6.64353,
	2.88982 6.62124,
	2.93441 6.62124,
	2.9567 6.62124,
	2.96785 6.61845,
	2.98736 6.60173,
	2.99851 6.59615,
	3.00129 6.57386,
	2.98179 6.55157,
	2.9372 6.51813,
	2.92605 6.51255,
	2.88146 6.51255,
	2.83688 6.5237,
	2.81458 6.53206,
	2.79229 6.53485,
	2.78114 6.53485,
	2.75885 6.52091,
	2.75606 6.47633,
	2.76163 6.46518,
	2.76163 6.44289,
	2.79786 6.35371,
	2.80901 6.33142,
	2.82852 6.31191,
	2.85081 6.30355,
	2.8731 6.30355,
	2.88425 6.30355,
	2.90376 6.31748,
	2.94834 6.32027,
	2.95949 6.32027,
	2.979 6.33978,
	2.99015 6.34256,
	2.99572 6.34256,
	3.01523 6.35928,
	3.02637 6.36207,
	3.04588 6.38158,
	3.05145 6.39272,
	3.09604 6.42059,
	3.11833 6.43453,
	3.12948 6.4401,
	3.17407 6.4401,
	3.19636 6.4401,
	3.20751 6.44289,
	3.21308 6.44289,
	3.23259 6.45961,
	3.25488 6.46239,
	3.27718 6.45961,
	3.29947 6.45125,
	3.31062 6.44567,
	3.31619 6.44289,
	3.31898 6.46518,
	3.33012 6.46797,
	3.34963 6.48747,
	3.34963 6.57665,
	3.34963 6.59894,
	3.36635 6.62124,
	3.38865 6.64074,
	3.39979 6.65189,
	3.39979 6.69648,
	3.39701 6.71877,
	3.38865 6.74106,
	3.38029 6.75221,
	3.36078 6.7968,
	3.35242 6.81909,
	3.35242 6.84139,
	3.35242 6.85253,
	3.34406 6.87483,
	3.3357 6.88597,
	3.32734 6.90548,
	3.32455 6.91663,
	3.27996 6.94171,
	3.23538 6.96121,
	3.21308 6.96957,
	3.20194 6.97236,
	3.17964 6.98629,
	3.15735 6.99466,
	3.1462 7.00023,
	3.05703 7.00023,
	3.04588 7.00302,
	3.00408 7.03646,
	2.98179 7.05039,
	2.9372 7.06711,
	2.89261 7.06711,
	2.88146 7.06711,
	2.85917 7.07547,
	2.81458 7.07826,
	2.79229 7.07268,
	2.7477 7.03924,
	2.73655 7.0281,
	2.72819 7.0058,
	2.72262 6.99466,
	2.72262 6.90548,
	2.71705 6.88319,
	2.67525 6.84139,
	2.65295 6.82188,
	2.63066 6.81631,
	2.61951 6.81073,
	2.53034 6.81073,
	2.51919 6.80795,
	2.48296 6.76893,
	2.46346 6.75221,
	2.4551 6.74385,
	2.44952 6.72156,
	2.44395 6.71598,
	2.44116 6.67418,
	"/>
</Transform>

<Transform dim="6"
 xcoef=" 0.0460845482787822 0.996086308759986 -0.000964851020997429 0 0 0"
 ycoef=" -0.173762610683185 0.0222136107421414 1.00417679313991 0 0 0">
<Contour name="d06c14b" hidden="true" closed="true" simplified="true" border="0 1 0" fill="0 1 0" mode="11"
 points="2.73701 6.4052,
	2.7634 6.34488,
	2.7634 6.3298,
	2.78979 6.30341,
	2.80487 6.29964,
	2.81995 6.30341,
	2.82749 6.31849,
	2.83503 6.32226,
	2.8388 6.38258,
	2.83126 6.41274,
	2.82372 6.42028,
	2.82372 6.42782,
	2.81618 6.43536,
	2.81241 6.45044,
	2.78979 6.4806,
	2.77471 6.48814,
	2.75963 6.48437,
	2.73701 6.45798,
	2.73701 6.42782,
	2.73701 6.41274,
	2.73701 6.40897,
	"/>
<Contour name="d06cfa14b" hidden="true" closed="false" simplified="false" border="0 1 1" fill="0 1 1" mode="11"
 points="2.76609 6.48124,
	2.76609 6.45108,
	2.78494 6.38322,
	2.82264 6.31159,
	"/>
</Transform>

<Transform dim="6"
 xcoef=" 0.0460845482787822 0.996086308759986 -0.000964851020997429 0 0 0"
 ycoef=" -0.173762610683185 0.0222136107421414 1.00417679313991 0 0 0">
<Contour name="d07" hidden="true" closed="true" simplified="true" border="1 0 1" fill="1 0 1" mode="9"
 points="3.09694 7.41361,
	3.11054 7.39548,
	3.18309 7.35467,
	3.21937 7.332,
	3.25564 7.32746,
	3.27378 7.33653,
	3.34633 7.34106,
	3.3826 7.3592,
	3.38714 7.36374,
	3.3826 7.38187,
	3.38714 7.41815,
	3.3826 7.43629,
	3.36447 7.44989,
	3.29192 7.44989,
	3.25564 7.44989,
	3.24657 7.44989,
	3.2239 7.48616,
	3.15135 7.4907,
	3.13322 7.4907,
	3.12415 7.4907,
	3.10601 7.47256,
	3.09694 7.46349,
	3.09694 7.42722,
	3.09694 7.41815,
	"/>
<Contour name="d07" hidden="true" closed="true" simplified="true" border="1 0 1" fill="1 0 1" mode="9"
 points="3.60025 7.3592,
	3.63652 7.33653,
	3.66373 7.30479,
	3.6864 7.28212,
	3.77255 7.14155,
	3.8179 7.09168,
	3.963 7.09621,
	3.99927 7.09168,
	4.14437 7.0418,
	4.16251 7.03273,
	4.23506 7.03273,
	4.27133 7.03273,
	4.28947 7.02366,
	4.36202 7.01913,
	4.39829 7.02366,
	4.41643 7.02366,
	4.4527 7.03727,
	4.52525 7.09168,
	4.56153 7.12795,
	4.56606 7.13702,
	4.55246 7.15062,
	4.47991 7.16423,
	4.44363 7.16423,
	4.4255 7.16423,
	4.41643 7.16423,
	4.38015 7.2005,
	4.37562 7.3456,
	4.37562 7.41815,
	4.37108 7.43629,
	4.34388 7.47256,
	4.32574 7.4907,
	4.31667 7.50883,
	4.24412 7.55871,
	4.22599 7.56778,
	4.21238 7.58592,
	4.17611 7.60859,
	4.16704 7.61766,
	4.1489 7.62219,
	4.11263 7.6494,
	4.07635 7.663,
	4.04008 7.66754,
	4.02194 7.66754,
	3.94939 7.62219,
	3.87684 7.55418,
	3.73175 7.55418,
	3.71361 7.55418,
	3.69547 7.54511,
	3.6592 7.50883,
	3.61385 7.43629,
	3.60025 7.40001,
	3.60025 7.36374,
	"/>
<Contour name="d07" hidden="true" closed="true" simplified="true" border="1 0 1" fill="1 0 1" mode="9"
 points="2.70245 7.53604,
	2.72966 7.46349,
	2.72966 7.44535,
	2.7478 7.40908,
	2.7614 7.39094,
	2.77954 7.38187,
	2.85209 7.38187,
	2.87022 7.38187,
	2.88836 7.40001,
	2.9065 7.40908,
	2.91557 7.41815,
	2.93371 7.42268,
	2.95638 7.45442,
	2.96998 7.4907,
	3.00625 7.50883,
	3.04253 7.5179,
	3.03346 7.55418,
	3.02893 7.57231,
	3.02893 7.58138,
	2.95638 7.58592,
	2.9201 7.59499,
	2.84755 7.63126,
	2.81128 7.6358,
	2.775 7.63126,
	2.75687 7.63126,
	2.72059 7.60406,
	2.70699 7.58592,
	2.70245 7.54964,
	2.70245 7.54057,
	"/>
</Transform>

<Transform dim="6"
 xcoef=" 0.0460845482787822 0.996086308759986 -0.000964851020997429 0 0 0"
 ycoef=" -0.173762610683185 0.0222136107421414 1.00417679313991 0 0 0">
<Contour name="d07c21" hidden="true" closed="true" simplified="true" border="1 0 0" fill="0 1 0" mode="9"
 points="2.68007 7.48186,
	2.70634 7.42931,
	2.72933 7.40632,
	2.73919 7.39318,
	2.75233 7.38989,
	2.76875 7.41617,
	2.77532 7.42931,
	2.7786 7.43588,
	2.77203 7.43916,
	2.76546 7.43588,
	2.74576 7.48514,
	2.74247 7.51142,
	2.7359 7.52455,
	2.72277 7.53769,
	2.70963 7.54098,
	2.69649 7.53769,
	2.68335 7.52455,
	2.68007 7.49828,
	2.68007 7.48514,
	"/>
<Contour name="d07cfa21" hidden="false" closed="false" simplified="false" border="0 1 1" fill="0 1 1" mode="9"
 points="2.70449 7.53291,
	2.70449 7.50007,
	2.73405 7.44423,
	2.75376 7.39825,
	"/>
</Transform>

<Transform dim="6"
 xcoef=" 0.0460845482787822 0.996086308759986 -0.000964851020997429 0 0 0"
 ycoef=" -0.173762610683185 0.0222136107421414 1.00417679313991 0 0 0">
<Contour name="d08" hidden="false" closed="true" simplified="true" border="1 0 0" fill="1 0 0" mode="9"
 points="3.7931 2.69488,
	3.80931 2.66246,
	3.81336 2.64625,
	3.81336 2.63815,
	3.93493 2.52063,
	3.95114 2.50847,
	3.98356 2.50037,
	4.0484 2.50037,
	4.08082 2.49631,
	4.14566 2.46389,
	4.2105 2.44768,
	4.27534 2.41932,
	4.29155 2.41121,
	4.32397 2.41121,
	4.34018 2.41121,
	4.34829 2.41121,
	4.3807 2.43553,
	4.44554 2.43958,
	4.47796 2.44363,
	4.51038 2.45579,
	4.51444 2.58547,
	4.51038 2.61789,
	4.48607 2.65031,
	4.44149 2.77998,
	4.42933 2.8124,
	4.42528 2.82861,
	4.39691 2.85293,
	4.3807 2.86914,
	4.36044 2.93398,
	4.33613 2.9664,
	4.30371 2.99071,
	4.2875 2.99476,
	4.25508 3.01908,
	4.19024 3.04745,
	4.17403 3.0515,
	4.14161 3.07176,
	4.10919 3.07176,
	4.09298 3.06771,
	4.06056 3.03934,
	4.03625 3.00692,
	3.97141 3.00287,
	3.93899 3.00287,
	3.92278 3.00287,
	3.89036 2.9745,
	3.8701 2.94208,
	3.86604 2.92587,
	3.85389 2.90966,
	3.85389 2.90156,
	3.83768 2.8894,
	3.82147 2.8894,
	3.80526 2.8813,
	3.79715 2.87319,
	3.8012 2.80835,
	3.80526 2.77593,
	3.80526 2.76783,
	3.79715 2.75972,
	3.7931 2.69894,
	"/>
</Transform>

<Transform dim="6"
 xcoef=" 0.0460845482787822 0.996086308759986 -0.000964851020997429 0 0 0"
 ycoef=" -0.173762610683185 0.0222136107421414 1.00417679313991 0 0 0">
<Contour name="d08" hidden="false" closed="true" simplified="true" border="1 0 0" fill="1 0 0" mode="9"
 points="4.32907 2.0591,
	4.36215 2.03016,
	4.39523 2.03016,
	4.41176 2.03429,
	4.44484 2.06323,
	4.46138 2.0715,
	4.46965 2.07977,
	4.47379 2.0715,
	4.50686 2.08391,
	4.53581 2.11285,
	4.53581 2.12939,
	4.53581 2.13766,
	4.52754 2.14593,
	4.511 2.14593,
	4.50273 2.15833,
	4.48619 2.17074,
	4.45311 2.17901,
	4.38696 2.17487,
	4.35388 2.1542,
	4.33734 2.14179,
	4.32907 2.12525,
	4.32907 2.06323,
	"/>
</Transform>

<Transform dim="6"
 xcoef=" 0.0460845482787822 0.996086308759986 -0.000964851020997429 0 0 0"
 ycoef=" -0.173762610683185 0.0222136107421414 1.00417679313991 0 0 0">
<Contour name="d08" hidden="false" closed="true" simplified="true" border="1 0 0" fill="1 0 0" mode="9"
 points="3.63443 2.22862,
	3.65097 2.19555,
	3.67992 2.1666,
	3.71299 2.1666,
	3.72953 2.1666,
	3.74607 2.17487,
	3.75848 2.19141,
	3.78742 2.19555,
	3.79569 2.19555,
	3.80396 2.21208,
	3.80809 2.22035,
	3.80396 2.23689,
	3.74607 2.29478,
	3.71299 2.30718,
	3.64684 2.30305,
	3.63443 2.28651,
	3.63443 2.25343,
	3.63443 2.23689,
	3.63443 2.23276,
	"/>
</Transform>

<Transform dim="6"
 xcoef=" 0.0460845482787822 0.996086308759986 -0.000964851020997429 0 0 0"
 ycoef=" -0.173762610683185 0.0222136107421414 1.00417679313991 0 0 0">
<Contour name="D05" hidden="false" closed="true" simplified="true" border="1 1 0" fill="1 1 0" mode="11"
 points="2.4836 4.1371,
	2.48662 4.10675,
	2.49559 4.07747,
	2.51019 4.05027,
	2.5299 4.02612,
	2.55405 4.00587,
	2.58177 3.99022,
	2.61209 3.97972,
	2.64396 3.97474,
	2.67626 3.97545,
	2.70784 3.98183,
	2.73762 3.99367,
	2.76453 4.01053,
	2.78764 4.03183,
	2.80613 4.05682,
	2.81936 4.08463,
	2.82687 4.11428,
	2.82838 4.14473,
	2.82385 4.17491,
	2.81344 4.20377,
	2.7975 4.23029,
	2.77661 4.25354,
	2.75149 4.2727,
	2.72302 4.28711,
	2.69221 4.29626,
	2.66013 4.29983,
	2.6279 4.29768,
	2.59667 4.28991,
	2.56752 4.27677,
	2.54147 4.25874,
	2.51945 4.23644,
	2.50221 4.21066,
	2.49038 4.18229,
	"/>
<Contour name="D05" hidden="false" closed="true" simplified="true" border="1 1 0" fill="1 1 0" mode="11"
 points="2.70224 2.87139,
	2.70414 2.86238,
	2.70967 2.85426,
	2.71826 2.84781,
	2.7291 2.84367,
	2.74111 2.84224,
	2.75312 2.84367,
	2.76396 2.84781,
	2.77256 2.85426,
	2.77808 2.86238,
	2.77998 2.87139,
	2.77808 2.8804,
	2.77256 2.88853,
	2.76396 2.89498,
	2.75312 2.89912,
	2.74111 2.90054,
	2.7291 2.89912,
	2.71826 2.89498,
	2.70967 2.88853,
	"/>
</Transform>

<Transform dim="6"
 xcoef=" 0.0460845482787822 0.996086308759986 -0.000964851020997429 0 0 0"
 ycoef=" -0.173762610683185 0.0222136107421414 1.00417679313991 0 0 0">
<Contour name="D05" hidden="false" closed="true" simplified="true" border="1 1 0" fill="1 1 0" mode="11"
 points="1.38066 3.41072,
	1.38268 3.40321,
	1.38854 3.39644,
	1.39768 3.39106,
	1.40919 3.38761,
	1.42196 3.38642,
	1.43472 3.38761,
	1.44623 3.39106,
	1.45537 3.39644,
	1.46123 3.40321,
	1.46325 3.41072,
	1.46123 3.41822,
	1.45537 3.42499,
	1.44623 3.43037,
	1.43472 3.43382,
	1.42196 3.43501,
	1.40919 3.43382,
	1.39768 3.43037,
	1.38854 3.42499,
	"/>
</Transform>

<Transform dim="6"
 xcoef=" 0.0460845482787822 0.996086308759986 -0.000964851020997429 0 0 0"
 ycoef=" -0.173762610683185 0.0222136107421414 1.00417679313991 0 0 0">
<Contour name="D11" hidden="false" closed="true" simplified="true" border="1 0.5 0" fill="1 0.5 0" mode="11"
 points="4.1453 4.06908,
	4.15303 4.0428,
	4.17546 4.0191,
	4.21039 4.00029,
	4.25441 3.98821,
	4.30321 3.98405,
	4.352 3.98821,
	4.39602 4.00029,
	4.43096 4.0191,
	4.45339 4.0428,
	4.46112 4.06908,
	4.45339 4.09535,
	4.43096 4.11906,
	4.39602 4.13787,
	4.352 4.14995,
	4.30321 4.15411,
	4.25441 4.14995,
	4.21039 4.13787,
	4.17546 4.11906,
	"/>
</Transform>

<Transform dim="6"
 xcoef=" 0.0460845482787822 0.996086308759986 -0.000964851020997429 0 0 0"
 ycoef=" -0.173762610683185 0.0222136107421414 1.00417679313991 0 0 0">
<Contour name="D11" hidden="false" closed="true" simplified="true" border="1 0.5 0" fill="1 0.5 0" mode="11"
 points="3.08608 4.61083,
	3.08882 4.59432,
	3.09676 4.57942,
	3.10912 4.56759,
	3.12469 4.56,
	3.14196 4.55739,
	3.15923 4.56,
	3.1748 4.56759,
	3.18717 4.57942,
	3.1951 4.59432,
	3.19784 4.61083,
	3.1951 4.62735,
	3.18717 4.64225,
	3.1748 4.65407,
	3.15923 4.66166,
	3.14196 4.66428,
	3.12469 4.66166,
	3.10912 4.65407,
	3.09676 4.64225,
	"/>
</Transform>

<Transform dim="6"
 xcoef=" 0.0460845482787822 0.996086308759986 -0.000964851020997429 0 0 0"
 ycoef=" -0.173762610683185 0.0222136107421414 1.00417679313991 0 0 0">
<Contour name="D10" hidden="false" closed="true" simplified="true" border="0 1 1" fill="0 1 1" mode="11"
 points="4.9227 1.86563,
	4.92702 1.83534,
	4.93977 1.80646,
	4.96035 1.78035,
	4.9878 1.75823,
	5.02085 1.74113,
	5.05794 1.72986,
	5.09734 1.72493,
	5.1372 1.72658,
	5.17567 1.73473,
	5.21095 1.749,
	5.24138 1.76873,
	5.26554 1.79298,
	5.2823 1.82063,
	5.29089 1.85039,
	5.29089 1.88086,
	5.2823 1.91062,
	5.26554 1.93827,
	5.24138 1.96253,
	5.21095 1.98225,
	5.17567 1.99652,
	5.1372 2.00467,
	5.09734 2.00632,
	5.05794 2.00139,
	5.02085 1.99012,
	4.9878 1.97302,
	4.96035 1.9509,
	4.93977 1.92479,
	"/>
<Contour name="D10" hidden="false" closed="true" simplified="true" border="0 1 1" fill="0 1 1" mode="11"
 points="4.8644 2.55071,
	4.86665 2.5372,
	4.87321 2.52501,
	4.88342 2.51534,
	4.89629 2.50912,
	4.91055 2.50698,
	4.92482 2.50912,
	4.93768 2.51534,
	4.9479 2.52501,
	4.95445 2.5372,
	4.95671 2.55071,
	4.95445 2.56423,
	4.9479 2.57642,
	4.93768 2.58609,
	4.92482 2.5923,
	4.91055 2.59444,
	4.89629 2.5923,
	4.88342 2.58609,
	4.87321 2.57642,
	"/>
</Transform>

<Transform dim="6"
 xcoef=" 0.0460845482787822 0.996086308759986 -0.000964851020997429 0 0 0"
 ycoef=" -0.173762610683185 0.0222136107421414 1.00417679313991 0 0 0">
<Contour name="D14" hidden="false" closed="true" simplified="true" border="1 0 0" fill="1 0 0" mode="11"
 points="5.21909 4.68857,
	5.22242 4.67356,
	5.23208 4.66001,
	5.24713 4.64926,
	5.26609 4.64236,
	5.28711 4.63998,
	5.30813 4.64236,
	5.32709 4.64926,
	5.34214 4.66001,
	5.3518 4.67356,
	5.35513 4.68857,
	5.3518 4.70359,
	5.34214 4.71713,
	5.32709 4.72788,
	5.30813 4.73478,
	5.28711 4.73716,
	5.26609 4.73478,
	5.24713 4.72788,
	5.23208 4.71713,
	"/>
<Contour name="D14" hidden="false" closed="true" simplified="true" border="1 0 0" fill="1 0 0" mode="11"
 points="5.19479 5.29106,
	5.19586 5.28205,
	5.19897 5.27392,
	5.2038 5.26748,
	5.2099 5.26333,
	5.21666 5.26191,
	5.22341 5.26333,
	5.22951 5.26748,
	5.23435 5.27392,
	5.23745 5.28205,
	5.23852 5.29106,
	5.23745 5.30007,
	5.23435 5.3082,
	5.22951 5.31465,
	5.22341 5.31879,
	5.21666 5.32021,
	5.2099 5.31879,
	5.2038 5.31465,
	5.19897 5.3082,
	"/>
</Transform>

<Transform dim="6"
 xcoef=" 0.0460845482787822 0.996086308759986 -0.000964851020997429 0 0 0"
 ycoef=" -0.173762610683185 0.0222136107421414 1.00417679313991 0 0 0">
<Contour name="D15" hidden="false" closed="true" simplified="true" border="1 1 0" fill="1 1 0" mode="11"
 points="6.16655 5.54129,
	6.17035 5.51104,
	6.18156 5.48249,
	6.19954 5.45723,
	6.22328 5.43667,
	6.25146 5.42197,
	6.28251 5.41394,
	6.31467 5.41304,
	6.34616 5.41931,
	6.37522 5.43241,
	6.40021 5.4516,
	6.41973 5.47581,
	6.43271 5.50368,
	6.4384 5.53366,
	6.43649 5.56406,
	6.42709 5.59319,
	6.41073 5.61942,
	6.38831 5.64127,
	6.3611 5.65753,
	6.33061 5.66728,
	6.29856 5.66999,
	6.26673 5.66549,
	6.23691 5.65404,
	6.21076 5.63629,
	6.18976 5.61322,
	6.17506 5.58612,
	"/>
</Transform>

<Transform dim="6"
 xcoef=" 0.0460845482787822 0.996086308759986 -0.000964851020997429 0 0 0"
 ycoef=" -0.173762610683185 0.0222136107421414 1.00417679313991 0 0 0">
<Contour name="D16" hidden="false" closed="true" simplified="true" border="0 0 1" fill="0 0 1" mode="11"
 points="2.85553 3.43928,
	2.8574 3.4238,
	2.86281 3.40983,
	2.87123 3.39874,
	2.88185 3.39162,
	2.89362 3.38916,
	2.9054 3.39162,
	2.91601 3.39874,
	2.92444 3.40983,
	2.92985 3.4238,
	2.93172 3.43928,
	2.92985 3.45477,
	2.92444 3.46874,
	2.91601 3.47983,
	2.9054 3.48695,
	2.89362 3.48941,
	2.88185 3.48695,
	2.87123 3.47983,
	2.86281 3.46874,
	"/>
</Transform>

<Transform dim="6"
 xcoef=" 0.0460845482787822 0.996086308759986 -0.000964851020997429 0 0 0"
 ycoef=" -0.173762610683185 0.0222136107421414 1.00417679313991 0 0 0">
<Contour name="D16" hidden="false" closed="true" simplified="true" border="0 0 1" fill="0 0 1" mode="11"
 points="3.07606 2.16824,
	3.07871 2.14903,
	3.0864 2.13171,
	3.09838 2.11796,
	3.11346 2.10913,
	3.13019 2.10609,
	3.14692 2.10913,
	3.16201 2.11796,
	3.17398 2.13171,
	3.18167 2.14903,
	3.18432 2.16824,
	3.18167 2.18744,
	3.17398 2.20477,
	3.16201 2.21852,
	3.14692 2.22734,
	3.13019 2.23039,
	3.11346 2.22734,
	3.09838 2.21852,
	3.0864 2.20477,
	"/>
</Transform>

<Transform dim="6"
 xcoef=" 0.0460845482787822 0.996086308759986 -0.000964851020997429 0 0 0"
 ycoef=" -0.173762610683185 0.0222136107421414 1.00417679313991 0 0 0">
<Contour name="D14" hidden="false" closed="true" simplified="true" border="1 0 0" fill="1 0 0" mode="11"
 points="3.78175 3.44329,
	3.78293 3.43896,
	3.78635 3.43505,
	3.79167 3.43194,
	3.79838 3.42995,
	3.80581 3.42926,
	3.81325 3.42995,
	3.81995 3.43194,
	3.82528 3.43505,
	3.82869 3.43896,
	3.82987 3.44329,
	3.82869 3.44763,
	3.82528 3.45154,
	3.81995 3.45465,
	3.81325 3.45664,
	3.80581 3.45733,
	3.79838 3.45664,
	3.79167 3.45465,
	3.78635 3.45154,
	"/>
</Transform>

<Transform dim="6"
 xcoef=" 0.0460845482787822 0.996086308759986 -0.000964851020997429 0 0 0"
 ycoef=" -0.173762610683185 0.0222136107421414 1.00417679313991 0 0 0">
<Contour name="D14" hidden="false" closed="true" simplified="true" border="1 0 0" fill="1 0 0" mode="11"
 points="3.85794 3.47337,
	3.85853 3.46717,
	3.86023 3.46158,
	3.8629 3.45715,
	3.86625 3.4543,
	3.86997 3.45332,
	3.87368 3.4543,
	3.87704 3.45715,
	3.8797 3.46158,
	3.88141 3.46717,
	3.88199 3.47337,
	3.88141 3.47956,
	3.8797 3.48515,
	3.87704 3.48959,
	3.87368 3.49243,
	3.86997 3.49341,
	3.86625 3.49243,
	3.8629 3.48959,
	3.86023 3.48515,
	"/>
</Transform>

<Transform dim="6"
 xcoef=" 0.0460845482787822 0.996086308759986 -0.000964851020997429 0 0 0"
 ycoef=" -0.173762610683185 0.0222136107421414 1.00417679313991 0 0 0">
<Contour name="D14" hidden="false" closed="true" simplified="true" border="1 0 0" fill="1 0 0" mode="11"
 points="4.84431 5.16342,
	4.84637 5.15413,
	4.85235 5.14575,
	4.86166 5.13909,
	4.8734 5.13482,
	4.88641 5.13335,
	4.89942 5.13482,
	4.91115 5.13909,
	4.92047 5.14575,
	4.92645 5.15413,
	4.92851 5.16342,
	4.92645 5.17272,
	4.92047 5.1811,
	4.91115 5.18775,
	4.89942 5.19202,
	4.88641 5.1935,
	4.8734 5.19202,
	4.86166 5.18775,
	4.85235 5.1811,
	"/>
</Transform>

<Transform dim="6"
 xcoef=" 0.0460845482787822 0.996086308759986 -0.000964851020997429 0 0 0"
 ycoef=" -0.173762610683185 0.0222136107421414 1.00417679313991 0 0 0">
<Contour name="D14" hidden="false" closed="true" simplified="true" border="1 0 0" fill="1 0 0" mode="11"
 points="4.94856 4.12493,
	4.95199 4.10573,
	4.96196 4.0884,
	4.97748 4.07465,
	4.99704 4.06582,
	5.01873 4.06278,
	5.04041 4.06582,
	5.05997 4.07465,
	5.07549 4.0884,
	5.08546 4.10573,
	5.08889 4.12493,
	5.08546 4.14414,
	5.07549 4.16146,
	5.05997 4.17521,
	5.04041 4.18404,
	5.01873 4.18708,
	4.99704 4.18404,
	4.97748 4.17521,
	4.96196 4.16146,
	"/>
</Transform>

<Transform dim="6"
 xcoef=" 0.0460845482787822 0.996086308759986 -0.000964851020997429 0 0 0"
 ycoef=" -0.173762610683185 0.0222136107421414 1.00417679313991 0 0 0">
<Contour name="d01p11" hidden="false" closed="true" simplified="false" border="1 0.5 0" fill="1 0.5 0" mode="-13"
 points="5.55553 3.03128,
	5.55553 3.02475,
	5.56206 3.01822,
	5.56858 3.01822,
	5.57511 3.02475,
	5.57511 3.03128,
	5.56858 3.0378,
	5.56206 3.0378,
	"/>
</Transform>

<Transform dim="6"
 xcoef=" 0.0460845482787822 0.996086308759986 -0.000964851020997429 0 0 0"
 ycoef=" -0.173762610683185 0.0222136107421414 1.00417679313991 0 0 0">
<Contour name="d01p12" hidden="false" closed="true" simplified="false" border="0.5 0 1" fill="0.5 0 1" mode="9"
 points="5.72853 3.76573,
	5.71874 3.76246,
	5.72853 3.7592,
	5.722 3.74941,
	5.73179 3.75593,
	5.73506 3.74614,
	5.73832 3.75593,
	5.74812 3.74941,
	5.74159 3.7592,
	5.75138 3.76246,
	5.74159 3.76573,
	5.74812 3.77552,
	5.73832 3.76899,
	5.73506 3.77878,
	5.73179 3.76899,
	5.722 3.77552,
	"/>
</Transform>

<Transform dim="6"
 xcoef=" 0.0460845482787822 0.996086308759986 -0.000964851020997429 0 0 0"
 ycoef=" -0.173762610683185 0.0222136107421414 1.00417679313991 0 0 0">
<Contour name="d03p14a" hidden="false" closed="true" simplified="false" border="1 0 0" fill="1 0 0" mode="-13"
 points="3.61956 2.46935,
	3.63426 2.44877,
	3.61956 2.4282,
	3.62838 2.4282,
	3.64013 2.44584,
	3.65189 2.4282,
	3.6607 2.4282,
	3.64601 2.44877,
	3.6607 2.46935,
	3.65189 2.46935,
	3.64013 2.45171,
	3.62838 2.46935,
	"/>
<Contour name="d03p14b" hidden="false" closed="true" simplified="false" border="1 0 0" fill="1 0 0" mode="-13"
 points="3.61956 2.46935,
	3.63426 2.44877,
	3.61956 2.4282,
	3.62838 2.4282,
	3.64013 2.44584,
	3.65189 2.4282,
	3.6607 2.4282,
	3.64601 2.44877,
	3.6607 2.46935,
	3.65189 2.46935,
	3.64013 2.45171,
	3.62838 2.46935,
	"/>
</Transform>

<Transform dim="6"
 xcoef=" 0.0460845482787822 0.996086308759986 -0.000964851020997429 0 0 0"
 ycoef=" -0.173762610683185 0.0222136107421414 1.00417679313991 0 0 0">
<Contour name="d03p15" hidden="false" closed="true" simplified="false" border="1 1 0" fill="1 1 0" mode="-13"
 points="3.75768 2.93366,
	3.75768 2.88664,
	3.71066 2.88664,
	3.71066 2.92778,
	3.70479 2.93366,
	3.70479 2.88076,
	3.76356 2.88076,
	3.76356 2.93953,
	3.70479 2.93953,
	3.71066 2.93366,
	"/>
</Transform>

<Transform dim="6"
 xcoef=" 0.0460845482787822 0.996086308759986 -0.000964851020997429 0 0 0"
 ycoef=" -0.173762610683185 0.0222136107421414 1.00417679313991 0 0 0">
<Contour name="d06p14" hidden="false" closed="true" simplified="false" border="1 0 0" fill="1 0 0" mode="-13"
 points="3.14439 6.60238,
	3.1568 6.58501,
	3.14439 6.56764,
	3.15184 6.56764,
	3.16176 6.58253,
	3.17169 6.56764,
	3.17913 6.56764,
	3.16673 6.58501,
	3.17913 6.60238,
	3.17169 6.60238,
	3.16176 6.58749,
	3.15184 6.60238,
	"/>
</Transform>

<Transform dim="6"
 xcoef=" 0.0460845482787822 0.996086308759986 -0.000964851020997429 0 0 0"
 ycoef=" -0.173762610683185 0.0222136107421414 1.00417679313991 0 0 0">
<Contour name="d06p16" hidden="false" closed="true" simplified="false" border="0 0 1" fill="0 0 1" mode="-13"
 points="2.71509 6.75624,
	2.69772 6.73887,
	2.71509 6.7215,
	2.73246 6.73887,
	"/>
</Transform>

<Transform dim="6"
 xcoef=" 0.0460845482787822 0.996086308759986 -0.000964851020997429 0 0 0"
 ycoef=" -0.173762610683185 0.0222136107421414 1.00417679313991 0 0 0">
<Contour name="d07p21" hidden="false" closed="true" simplified="false" border="1 0 0" fill="1 0 0" mode="-9"
 points="3.66551 7.38654,
	3.66551 7.38158,
	3.67047 7.37661,
	3.67544 7.37661,
	3.6804 7.38158,
	3.6804 7.38654,
	3.67544 7.3915,
	3.67047 7.3915,
	"/>
</Transform>

<Transform dim="0"
 xcoef=" 0 1 0 0 0 0"
 ycoef=" 0 0 1 0 0 0">
<Contour name="d01" hidden="true" closed="true" simplified="true" border="1 0.5 0" fill="1 0.5 0" mode="9"
 points="4.91499 3.34834,
	4.99515 3.27228,
	5.02186 3.22925,
	5.01111 3.18705,
	4.95756 3.10865,
	4.94683 3.08767,
	4.94679 3.04523,
	4.94677 3.02401,
	4.94676 3.01339,
	4.95745 3.00255,
	5.04303 3.00066,
	5.08581 2.9944,
	5.1072 2.99393,
	5.12858 2.97754,
	5.13926 2.96139,
	5.16063 2.945,
	5.20342 2.94405,
	5.28903 2.9793,
	5.33185 3.01018,
	5.41745 3.03482,
	5.46023 3.03387,
	5.49765 3.00651,
	5.51903 2.99013,
	5.5297 2.96867,
	5.54039 2.95782,
	5.55645 2.97338,
	5.56715 2.97845,
	5.56716 2.98906,
	5.59929 3.03079,
	5.6796 3.1139,
	5.7385 3.19218,
	5.78137 3.27611,
	5.81885 3.31242,
	5.83494 3.35452,
	5.84029 3.3597,
	5.8296 3.36524,
	5.8082 3.36041,
	5.84033 3.39684,
	5.84569 3.41794,
	5.80858 3.75831,
	5.8461 3.84236,
	5.88892 3.87324,
	5.93171 3.8776,
	5.9531 3.87713,
	5.97451 3.88727,
	5.9959 3.8868,
	6.08152 3.92204,
	6.09221 3.9218,
	6.09758 3.9429,
	6.0869 3.96436,
	6.04413 3.98122,
	6.02275 3.99231,
	5.97996 3.98795,
	5.95858 4.00434,
	5.91579 3.99997,
	5.9051 4.00021,
	5.88902 3.97405,
	5.87296 3.95848,
	5.85156 3.95365,
	5.83015 3.9382,
	5.78736 3.92855,
	5.74455 3.90827,
	5.72315 3.89813,
	5.71244 3.88776,
	5.72313 3.88222,
	5.73384 3.88729,
	5.69636 3.85628,
	5.61077 3.84226,
	5.52519 3.83884,
	5.43963 3.84604,
	5.39684 3.84699,
	5.37545 3.84746,
	5.28982 3.7963,
	5.24699 3.7548,
	5.22558 3.73406,
	5.18278 3.71909,
	5.09716 3.67323,
	5.05436 3.66357,
	5.03297 3.66405,
	4.99017 3.64908,
	4.96876 3.63363,
	4.96868 3.54875,
	4.9579 3.4641,
	4.94181 3.42201,
	4.92039 3.40127,
	4.915 3.35894,
	4.915 3.35365,
	"/>
</Transform>

<Transform dim="0"
 xcoef=" 0 1 0 0 0 0"
 ycoef=" 0 0 1 0 0 0">
<Contour name="ax08" comment="LK bouton trace named after cfa" hidden="false" closed="true" simplified="true" border="0 1 1" fill="0.502 1 1" mode="9"
 points="4.75589 3.07743,
	4.75823 3.07119,
	4.75823 3.0587,
	4.75979 3.04621,
	4.76136 3.03996,
	4.78243 3.01576,
	4.78868 3.00951,
	4.79336 3.00405,
	4.80585 3.00093,
	4.83084 3.00171,
	4.83708 3.00405,
	4.8402 3.00639,
	4.85269 3.00873,
	4.90266 3.01186,
	4.91515 3.01108,
	4.92764 3.00873,
	4.93389 3.00795,
	4.94638 3.01029,
	4.95184 3.0142,
	4.95418 3.01732,
	4.95574 3.02981,
	4.95418 3.0423,
	4.9495 3.05479,
	4.94716 3.06104,
	4.94638 3.06728,
	4.94794 3.07977,
	4.95652 3.10476,
	4.96121 3.11725,
	4.96277 3.12349,
	4.96902 3.13598,
	4.98775 3.16097,
	4.99868 3.17346,
	5.00415 3.1797,
	5.01117 3.19219,
	5.01351 3.19844,
	5.01273 3.21093,
	5.00727 3.22342,
	5.00337 3.22967,
	4.97916 3.25387,
	4.96667 3.26089,
	4.94169 3.26558,
	4.9292 3.26636,
	4.91671 3.26089,
	4.89173 3.2445,
	4.87924 3.23669,
	4.87299 3.23279,
	4.86987 3.23123,
	4.85738 3.22108,
	4.84489 3.21483,
	4.83864 3.21171,
	4.8324 3.21015,
	4.81991 3.2039,
	4.81366 3.2,
	4.80742 3.19766,
	4.78243 3.17424,
	4.77619 3.16877,
	4.7637 3.16018,
	4.75979 3.15394,
	4.75823 3.15082,
	4.75823 3.13833,
	4.76292 3.12583,
	4.76448 3.11959,
	4.76448 3.11334,
	4.75667 3.08836,
	4.75589 3.08212,
	4.75589 3.07899,
	4.75589 3.07821,
	"/>
</Transform>

<Transform dim="0"
 xcoef=" 0 1 0 0 0 0"
 ycoef=" 0 0 1 0 0 0">
<Contour name="d03" hidden="false" closed="true" simplified="true" border="0 1 0" fill="0 1 0" mode="9"
 points="3.71518 1.94919,
	3.73103 1.92364,
	3.75324 1.89795,
	3.80401 1.86218,
	3.81986 1.83979,
	3.82621 1.83334,
	3.85162 1.84538,
	3.85796 1.84524,
	3.87387 1.87009,
	3.89612 1.89164,
	3.94692 1.89052,
	3.96916 1.91208,
	3.96919 1.93727,
	3.96603 1.94994,
	3.947 1.97556,
	3.94066 1.982,
	3.83905 1.98425,
	3.78825 1.98537,
	3.76285 1.99223,
	3.75016 1.99881,
	3.72475 1.99937,
	3.71521 1.98699,
	3.71519 1.96179,
	3.71518 1.95234,
	"/>
<Contour name="d03" hidden="false" closed="true" simplified="true" border="0 1 0" fill="0 1 0" mode="9"
 points="3.31209 2.12819,
	3.32477 2.10271,
	3.35014 2.08011,
	3.37554 2.07009,
	3.47714 2.0584,
	3.48984 2.05497,
	3.49619 2.05483,
	3.50888 2.0451,
	3.55967 2.03137,
	3.58508 2.04026,
	3.59779 2.04628,
	3.60414 2.04929,
	3.60424 2.15008,
	3.59794 2.20061,
	3.59478 2.21329,
	3.58843 2.21972,
	3.58527 2.23239,
	3.54086 2.27746,
	3.51547 2.29693,
	3.49326 2.31002,
	3.46786 2.31058,
	3.45515 2.30771,
	3.42974 2.28937,
	3.38206 2.24319,
	3.35981 2.22163,
	3.3471 2.20931,
	3.34708 2.19672,
	3.34073 2.18425,
	3.31848 2.15955,
	3.31211 2.14709,
	3.3121 2.13449,
	3.31209 2.13134,
	"/>
<Contour name="d03cfa37ax15" hidden="false" closed="false" simplified="false" border="0 1 1" fill="0 1 1" mode="9"
 points="3.33918 2.08089,
	3.38249 2.0922,
	3.43506 2.07876,
	3.5062 2.06185,
	3.55257 2.03935,
	"/>
</Transform>

<Transform dim="1"
 xcoef=" 0.01 1 0 0 0 0"
 ycoef=" 0.03 0 1 0 0 0">
<Contour name="ax15" comment="LK bouton trace named after cfa" hidden="false" closed="true" simplified="true" border="0 1 1" fill="0.502 1 1" mode="9"
 points="2.96302 1.76844,
	2.9669 1.75809,
	2.97207 1.74774,
	2.97854 1.7374,
	2.98371 1.73287,
	2.98889 1.72963,
	2.99924 1.72705,
	3.00441 1.7264,
	3.01476 1.72058,
	3.03416 1.69988,
	3.04451 1.68954,
	3.06132 1.66884,
	3.07361 1.64815,
	3.07555 1.64297,
	3.07878 1.6378,
	3.07943 1.63521,
	3.08719 1.62486,
	3.09625 1.61451,
	3.13764 1.58282,
	3.14799 1.57312,
	3.15833 1.56472,
	3.17903 1.55501,
	3.18938 1.55113,
	3.19973 1.54855,
	3.2049 1.54661,
	3.21525 1.54531,
	3.22042 1.54467,
	3.23077 1.54531,
	3.24112 1.54919,
	3.24629 1.55113,
	3.25664 1.55243,
	3.26181 1.55372,
	3.27216 1.55372,
	3.27733 1.55501,
	3.28251 1.55307,
	3.29286 1.54596,
	3.31355 1.52591,
	3.31873 1.52268,
	3.32131 1.52138,
	3.33166 1.52009,
	3.33683 1.51944,
	3.34201 1.52009,
	3.3446 1.52009,
	3.36529 1.53044,
	3.40668 1.54855,
	3.42738 1.55566,
	3.43255 1.5576,
	3.4429 1.5576,
	3.45325 1.55243,
	3.45842 1.54919,
	3.46877 1.54531,
	3.47394 1.54337,
	3.48429 1.54273,
	3.48947 1.54337,
	3.49981 1.5479,
	3.51016 1.55501,
	3.52051 1.56536,
	3.52374 1.57054,
	3.52956 1.59123,
	3.53086 1.60158,
	3.53086 1.60675,
	3.53021 1.60805,
	3.5328 1.6184,
	3.53409 1.62874,
	3.54314 1.64944,
	3.54573 1.65461,
	3.55349 1.66496,
	3.56319 1.67531,
	3.56772 1.68048,
	3.57031 1.68242,
	3.591 1.68954,
	3.59359 1.68889,
	3.59876 1.68501,
	3.60264 1.67984,
	3.60459 1.67466,
	3.6007 1.65397,
	3.60135 1.65138,
	3.60329 1.64879,
	3.60847 1.64621,
	3.61364 1.6475,
	3.61623 1.64879,
	3.62593 1.65914,
	3.63563 1.67984,
	3.63757 1.68501,
	3.63822 1.69536,
	3.63692 1.70571,
	3.63045 1.7264,
	3.6311 1.73157,
	3.62916 1.73675,
	3.62787 1.7471,
	3.6311 1.76779,
	3.63434 1.77814,
	3.63822 1.79884,
	3.63951 1.81953,
	3.63886 1.82988,
	3.63951 1.84023,
	3.63757 1.86092,
	3.63692 1.87127,
	3.63692 1.87644,
	3.64662 1.89714,
	3.64856 1.90231,
	3.64921 1.90749,
	3.64986 1.91008,
	3.64856 1.92042,
	3.63757 1.94112,
	3.62916 1.95147,
	3.61881 1.96117,
	3.60847 1.96764,
	3.60329 1.97087,
	3.59876 1.97604,
	3.59747 1.97863,
	3.59812 1.99933,
	3.59618 2.00967,
	3.59036 2.02002,
	3.58001 2.02908,
	3.57419 2.03942,
	3.57095 2.0446,
	3.56061 2.05171,
	3.51922 2.07176,
	3.50887 2.07499,
	3.49852 2.07693,
	3.45713 2.09116,
	3.44678 2.09375,
	3.43643 2.09828,
	3.39504 2.10539,
	3.37435 2.10733,
	3.364 2.10668,
	3.35365 2.10733,
	3.3433 2.10927,
	3.33813 2.10992,
	3.33295 2.11186,
	3.32261 2.11897,
	3.31743 2.12027,
	3.31485 2.12156,
	3.3045 2.12285,
	3.29415 2.12091,
	3.25276 2.10086,
	3.24241 2.09504,
	3.23724 2.09246,
	3.21654 2.08987,
	3.20619 2.08922,
	3.1855 2.08017,
	3.1648 2.06853,
	3.15445 2.06077,
	3.15187 2.05883,
	3.15057 2.05753,
	3.12988 2.05559,
	3.11953 2.05301,
	3.09883 2.04201,
	3.08849 2.03813,
	3.07814 2.03554,
	3.07555 2.03425,
	3.07426 2.03296,
	3.07167 2.03231,
	3.06908 2.03037,
	3.06779 2.03037,
	3.06262 2.02584,
	3.05227 2.01873,
	3.04257 2.00838,
	3.03739 2.00385,
	3.03351 1.99868,
	3.02834 1.9935,
	3.01799 1.98639,
	3.01346 1.98122,
	3.01088 1.97863,
	3.00829 1.97346,
	3.00376 1.96828,
	3.00053 1.96311,
	2.99018 1.95664,
	2.98501 1.95276,
	2.97725 1.94306,
	2.97531 1.94047,
	2.97337 1.9353,
	2.97272 1.92495,
	2.97466 1.90425,
	2.97531 1.89908,
	2.97531 1.89649,
	2.97207 1.89132,
	2.97013 1.88097,
	2.96884 1.87839,
	2.96884 1.86804,
	2.96884 1.86545,
	2.97078 1.86028,
	2.97078 1.8551,
	2.97919 1.83441,
	2.98048 1.82406,
	2.98177 1.81888,
	2.98113 1.81371,
	2.97919 1.80854,
	2.97595 1.80336,
	2.9669 1.79302,
	2.96431 1.78784,
	2.96302 1.78267,
	2.96302 1.77232,
	2.96302 1.76973,
	2.96302 1.76909,
	"/>
</Transform>

<Transform dim="0"
 xcoef=" 0 1 0 0 0 0"
 ycoef=" 0 0 1 0 0 0">
<Contour name="ax18" comment="LK bouton trace named after cfa" hidden="false" closed="true" simplified="true" border="0 1 1" fill="0.502 1 1" mode="9"
 points="4.69571 6.18451,
	4.69753 6.18087,
	4.70208 6.15175,
	4.70299 6.14447,
	4.70481 6.14083,
	4.70663 6.12627,
	4.70845 6.12263,
	4.70936 6.11535,
	4.713 6.10807,
	4.71391 6.10443,
	4.72392 6.08987,
	4.73211 6.07622,
	4.74212 6.06166,
	4.74758 6.05438,
	4.75486 6.0471,
	4.75668 6.04528,
	4.77124 6.04346,
	4.77853 6.04346,
	4.78217 6.04437,
	4.78399 6.04437,
	4.78581 6.04619,
	4.78945 6.0471,
	4.79673 6.05256,
	4.80037 6.05984,
	4.80219 6.06712,
	4.80219 6.07076,
	4.80401 6.0744,
	4.80401 6.08896,
	4.80219 6.09624,
	4.794 6.10989,
	4.78763 6.12445,
	4.78763 6.15357,
	4.78672 6.16813,
	4.78672 6.17541,
	4.78945 6.18269,
	4.78854 6.19725,
	4.78672 6.20453,
	4.78763 6.21909,
	4.79491 6.22364,
	4.80765 6.23638,
	4.8122 6.24366,
	4.81675 6.25822,
	4.81766 6.27278,
	4.81038 6.28734,
	4.80401 6.29462,
	4.78945 6.30099,
	4.78217 6.30281,
	4.7676 6.3019,
	4.75395 6.29371,
	4.74758 6.28734,
	4.74667 6.2837,
	4.74485 6.28188,
	4.74212 6.26732,
	4.73939 6.26004,
	4.73757 6.25822,
	4.73484 6.25094,
	4.73302 6.2473,
	4.72574 6.24457,
	4.71118 6.23547,
	4.70663 6.22819,
	4.70572 6.22091,
	4.70299 6.21727,
	4.70299 6.21545,
	4.69844 6.20817,
	4.69571 6.19361,
	4.69571 6.18633,
	4.69571 6.18542,
	"/>
</Transform>

<Transform dim="0"
 xcoef=" 0 1 0 0 0 0"
 ycoef=" 0 0 1 0 0 0">
<Contour name="ax19" comment="LK bouton trace named after cfa" hidden="false" closed="true" simplified="true" border="0 1 1" fill="0.502 1 1" mode="-9"
 points="3.27396 7.35769,
	3.27804 7.34837,
	3.28095 7.33906,
	3.28444 7.32043,
	3.28502 7.31577,
	3.29376 7.29714,
	3.30715 7.27852,
	3.30831 7.27619,
	3.30773 7.26687,
	3.30656 7.26222,
	3.30424 7.25989,
	3.30132 7.25523,
	3.30191 7.25057,
	3.30365 7.24592,
	3.30656 7.24126,
	3.30889 7.23951,
	3.31355 7.23835,
	3.33218 7.24009,
	3.35081 7.24359,
	3.36944 7.25116,
	3.3706 7.25232,
	3.37176 7.25232,
	3.37409 7.25465,
	3.37642 7.25581,
	3.38282 7.26513,
	3.38341 7.26746,
	3.38632 7.27211,
	3.38806 7.27677,
	3.38923 7.2791,
	3.38923 7.28841,
	3.38748 7.29773,
	3.38632 7.30238,
	3.3869 7.3117,
	3.3869 7.31636,
	3.3869 7.31868,
	3.3933 7.33731,
	3.3933 7.34663,
	3.39272 7.35128,
	3.38981 7.3606,
	3.38457 7.36991,
	3.38166 7.37457,
	3.37293 7.38388,
	3.36827 7.38738,
	3.35896 7.39203,
	3.3543 7.39494,
	3.34964 7.39669,
	3.34033 7.39785,
	3.3217 7.39669,
	3.31239 7.39436,
	3.29376 7.38621,
	3.28444 7.37864,
	3.27979 7.37399,
	3.27746 7.37166,
	3.27513 7.367,
	3.27396 7.36234,
	3.27396 7.35827,
	"/>
</Transform>

<Transform dim="0"
 xcoef=" 0 1 0 0 0 0"
 ycoef=" 0 0 1 0 0 0">
<Contour name="D16" hidden="false" closed="true" simplified="true" border="0 0 1" fill="0 0 1" mode="11"
 points="2.02962 2.20151,
	2.03324 2.17799,
	2.04381 2.1566,
	2.06026 2.13946,
	2.081 2.12823,
	2.10402 2.124,
	2.12703 2.12721,
	2.1478 2.13752,
	2.16429 2.15394,
	2.17489 2.17486,
	2.17855 2.19822,
	2.17493 2.22174,
	2.16438 2.24312,
	2.14792 2.26027,
	2.12717 2.2715,
	2.10417 2.27573,
	2.08114 2.27252,
	2.06038 2.26221,
	2.04389 2.24579,
	"/>
</Transform>

<Transform dim="0"
 xcoef=" 0 1 0 0 0 0"
 ycoef=" 0 0 1 0 0 0">
<Contour name="ax29" comment="LK bouton trace named after cfa" hidden="false" closed="true" simplified="true" border="0 1 1" fill="0.502 1 1" mode="9"
 points="0.477014 2.75751,
	0.484352 2.72815,
	0.494443 2.6988,
	0.497195 2.69146,
	0.502699 2.68412,
	0.530219 2.65477,
	0.543979 2.64009,
	0.551318 2.63275,
	0.554987 2.62908,
	0.672406 2.56854,
	0.687083 2.56303,
	0.701761 2.55936,
	0.716438 2.55753,
	0.775147 2.55569,
	0.804502 2.55202,
	0.833857 2.5456,
	0.892566 2.51808,
	0.899905 2.51441,
	0.92926 2.50432,
	0.943937 2.50065,
	0.973292 2.49698,
	1.00265 2.49882,
	1.06136 2.50891,
	1.12007 2.51258,
	1.17877 2.51441,
	1.19345 2.51533,
	1.22281 2.52175,
	1.34023 2.52634,
	1.39893 2.52909,
	1.42829 2.52634,
	1.45764 2.51992,
	1.47232 2.51625,
	1.50168 2.51441,
	1.51635 2.5135,
	1.52369 2.51166,
	1.55305 2.51625,
	1.56772 2.519,
	1.59708 2.53276,
	1.62643 2.5401,
	1.68514 2.55019,
	1.69982 2.54927,
	1.7145 2.54652,
	1.72917 2.54193,
	1.74385 2.53918,
	1.75119 2.53826,
	1.75853 2.53918,
	1.7622 2.53918,
	1.79155 2.54927,
	1.79889 2.54927,
	1.80623 2.54744,
	1.81357 2.54377,
	1.84292 2.52267,
	1.84659 2.51992,
	1.87595 2.51074,
	1.89063 2.50799,
	1.94934 2.50432,
	1.96401 2.50432,
	1.97135 2.50432,
	1.97869 2.50249,
	1.98603 2.49882,
	1.99979 2.48414,
	2.00162 2.4768,
	2.00988 2.46212,
	2.01538 2.45479,
	2.03006 2.42543,
	2.03832 2.41075,
	2.04474 2.40342,
	2.05942 2.39516,
	2.07409 2.38874,
	2.08877 2.3869,
	2.11812 2.38599,
	2.14748 2.3869,
	2.16216 2.38782,
	2.17683 2.38507,
	2.19151 2.37956,
	2.20619 2.37131,
	2.22087 2.3603,
	2.23554 2.35204,
	2.24288 2.34838,
	2.25756 2.34379,
	2.2649 2.34195,
	2.27224 2.33462,
	2.27591 2.33095,
	2.27958 2.32911,
	2.28324 2.32544,
	2.29792 2.3181,
	2.3126 2.31352,
	2.34195 2.3126,
	2.35663 2.3126,
	2.36397 2.31352,
	2.39332 2.30985,
	2.42268 2.30067,
	2.43002 2.29792,
	2.4447 2.28875,
	2.45937 2.27499,
	2.46855 2.26031,
	2.47405 2.25297,
	2.48139 2.24563,
	2.48506 2.24196,
	2.49974 2.23187,
	2.50707 2.22729,
	2.51074 2.22637,
	2.52542 2.21444,
	2.53276 2.20894,
	2.56211 2.19426,
	2.61991 2.16766,
	2.62725 2.16491,
	2.6566 2.1594,
	2.68595 2.15665,
	2.70063 2.15574,
	2.71531 2.15665,
	2.72265 2.1594,
	2.72999 2.16399,
	2.73366 2.16674,
	2.74099 2.16766,
	2.74466 2.1695,
	2.74833 2.1695,
	2.752 2.17133,
	2.75567 2.17133,
	2.76301 2.17408,
	2.77769 2.17592,
	2.80704 2.18234,
	2.81438 2.18417,
	2.81805 2.18509,
	2.81989 2.18509,
	2.82355 2.18784,
	2.82447 2.19518,
	2.82355 2.20252,
	2.8208 2.20986,
	2.81989 2.21353,
	2.81805 2.21536,
	2.81622 2.2227,
	2.81622 2.22454,
	2.81346 2.2282,
	2.80796 2.24288,
	2.79879 2.25664,
	2.79145 2.26215,
	2.76209 2.2704,
	2.74742 2.27224,
	2.71806 2.27132,
	2.71072 2.27224,
	2.68137 2.28967,
	2.6777 2.29058,
	2.67403 2.29334,
	2.66669 2.29517,
	2.66486 2.29517,
	2.66119 2.29792,
	2.64651 2.30251,
	2.61715 2.30801,
	2.60248 2.30893,
	2.59514 2.30985,
	2.5878 2.31352,
	2.58597 2.31352,
	2.5823 2.31627,
	2.58046 2.31627,
	2.57679 2.31902,
	2.57312 2.31994,
	2.56578 2.32452,
	2.56211 2.32544,
	2.56028 2.32544,
	2.55661 2.32819,
	2.55294 2.32911,
	2.54927 2.33186,
	2.53459 2.33645,
	2.53092 2.3392,
	2.52359 2.34104,
	2.50891 2.34929,
	2.49423 2.35938,
	2.47955 2.3658,
	2.47222 2.36856,
	2.45754 2.36947,
	2.42818 2.36672,
	2.41351 2.36856,
	2.39883 2.37223,
	2.38415 2.37773,
	2.38048 2.37865,
	2.37681 2.3814,
	2.37314 2.38232,
	2.35847 2.39241,
	2.3548 2.39608,
	2.34746 2.41075,
	2.34379 2.41809,
	2.3392 2.44745,
	2.3392 2.46212,
	2.34379 2.4768,
	2.34654 2.48414,
	2.34838 2.48781,
	2.34746 2.50249,
	2.34654 2.50983,
	2.33828 2.5245,
	2.31719 2.55386,
	2.31352 2.5612,
	2.30893 2.57587,
	2.30159 2.59055,
	2.29792 2.59789,
	2.28324 2.61165,
	2.26857 2.61807,
	2.26123 2.62266,
	2.25756 2.62449,
	2.25022 2.63183,
	2.24655 2.6355,
	2.2172 2.64926,
	2.20252 2.6566,
	2.17316 2.66486,
	2.14381 2.6621,
	2.12913 2.6621,
	2.09978 2.67403,
	2.07042 2.67678,
	2.05575 2.67953,
	2.04107 2.68504,
	2.01171 2.70063,
	1.99704 2.70705,
	1.96768 2.71347,
	1.90897 2.71898,
	1.90163 2.7199,
	1.8943 2.72265,
	1.86494 2.72357,
	1.8576 2.72357,
	1.84292 2.72999,
	1.83559 2.73457,
	1.82916 2.74099,
	1.82183 2.74558,
	1.81632 2.75292,
	1.78697 2.77952,
	1.77229 2.79328,
	1.74293 2.81622,
	1.72826 2.82722,
	1.66955 2.85291,
	1.66221 2.85566,
	1.65487 2.86025,
	1.64937 2.86667,
	1.64203 2.87217,
	1.63836 2.87493,
	1.609 2.88135,
	1.59433 2.88226,
	1.58699 2.8841,
	1.57231 2.89144,
	1.55763 2.90428,
	1.54296 2.91254,
	1.5136 2.91162,
	1.49892 2.90887,
	1.48425 2.90428,
	1.46957 2.90245,
	1.46223 2.90245,
	1.44755 2.89878,
	1.43288 2.90336,
	1.40352 2.90703,
	1.37417 2.90336,
	1.35949 2.90245,
	1.35215 2.90061,
	1.29344 2.90887,
	1.27876 2.9107,
	1.27143 2.91254,
	1.26776 2.91254,
	1.2384 2.92721,
	1.22372 2.93547,
	1.20905 2.94097,
	1.19437 2.94464,
	1.16501 2.94556,
	1.15034 2.94464,
	1.13566 2.94556,
	1.12098 2.94464,
	1.11364 2.94373,
	1.09897 2.93455,
	1.09163 2.92997,
	1.07695 2.9263,
	1.0476 2.92263,
	1.04026 2.92171,
	1.0109 2.90795,
	0.996225 2.90245,
	0.988886 2.89878,
	0.985217 2.89694,
	0.955862 2.89602,
	0.926508 2.89694,
	0.897153 2.89602,
	0.867798 2.8841,
	0.860459 2.88135,
	0.85679 2.87951,
	0.798081 2.87584,
	0.768726 2.87401,
	0.761387 2.87309,
	0.74671 2.86759,
	0.717355 2.86117,
	0.658646 2.85107,
	0.629291 2.84465,
	0.621953 2.84374,
	0.592598 2.83365,
	0.533888 2.81805,
	0.519211 2.81346,
	0.511872 2.81163,
	0.497195 2.80429,
	0.489856 2.80062,
	0.486187 2.79879,
	0.479766 2.78411,
	0.477014 2.76943,
	0.477014 2.76209,
	0.477014 2.75842,
	"/>
</Transform>

<Transform dim="0"
 xcoef=" 0 1 0 0 0 0"
 ycoef=" 0 0 1 0 0 0">
<Contour name="d03c37ax15" hidden="false" closed="true" simplified="true" border="0 1 0" fill="0 1 0" mode="9"
 points="3.329 2.02708,
	3.33223 2.02547,
	3.53873 1.98756,
	3.54518 1.98595,
	3.54841 1.98514,
	3.55002 1.98514,
	3.55808 2.08839,
	3.55889 2.10129,
	3.55808 2.10452,
	3.45484 2.13275,
	3.40321 2.14727,
	3.3774 2.15453,
	3.36449 2.15776,
	3.35804 2.16018,
	3.35481 2.16099,
	3.3532 2.16018,
	3.33465 2.05693,
	3.32981 2.03112,
	3.329 2.02789,
	"/>
</Transform>

<Transform dim="0"
 xcoef=" 0 1 0 0 0 0"
 ycoef=" 0 0 1 0 0 0">
<Contour name="ddh_d06ax11" comment="traced by ddh" hidden="false" closed="true" simplified="true" border="0 0 1" fill="0 0 1" mode="11"
 points="2.68593 6.67485,
	2.68593 6.6739,
	"/>
</Transform>

<Transform dim="0"
 xcoef=" 0 1 0 0 0 0"
 ycoef=" 0 0 1 0 0 0">
<Contour name="ddh_d06ax11" comment="traced by ddh" hidden="false" closed="true" simplified="true" border="0 0 1" fill="0 0 1" mode="11"
 points="2.4982 6.6782,
	2.49916 6.67724,
	2.49916 6.67342,
	2.50059 6.6696,
	2.50584 6.66196,
	2.52065 6.64715,
	2.52686 6.63951,
	2.53021 6.63616,
	2.53785 6.63091,
	2.54119 6.62756,
	2.54167 6.62565,
	2.54167 6.6247,
	2.5431 6.62279,
	2.5431 6.62183,
	2.54788 6.61419,
	2.55122 6.61037,
	2.55313 6.60941,
	2.56078 6.6032,
	2.5646 6.60034,
	2.56746 6.59651,
	2.57129 6.59365,
	2.5732 6.59222,
	2.57415 6.59222,
	2.57606 6.59078,
	2.58371 6.58839,
	2.59135 6.58696,
	2.60663 6.58792,
	2.63721 6.59651,
	2.65249 6.59986,
	2.68306 6.60034,
	2.69835 6.6032,
	2.70599 6.60559,
	2.71363 6.61084,
	2.71698 6.61849,
	2.71841 6.62613,
	2.71793 6.63377,
	2.71793 6.63568,
	2.71698 6.63759,
	2.71698 6.63951,
	2.71363 6.64715,
	2.71172 6.65097,
	2.70886 6.65479,
	2.70121 6.66243,
	2.69835 6.66626,
	2.69118 6.67055,
	2.68736 6.67247,
	2.68354 6.67342,
	2.67972 6.67533,
	2.67876 6.67533,
	2.6716 6.68059,
	2.66825 6.6825,
	2.66491 6.68536,
	2.66013 6.69301,
	2.65679 6.70065,
	2.65536 6.70447,
	2.65201 6.70781,
	2.65106 6.70972,
	2.64389 6.71737,
	2.64103 6.72119,
	2.63338 6.72692,
	2.62574 6.73122,
	2.6181 6.73456,
	2.61428 6.73552,
	2.59899 6.73552,
	2.59517 6.73456,
	2.57988 6.73504,
	2.57606 6.73504,
	2.56125 6.74221,
	2.55361 6.74316,
	2.54597 6.74221,
	2.53833 6.73886,
	2.53116 6.73122,
	2.52591 6.72358,
	2.52352 6.71976,
	2.52017 6.71593,
	2.51779 6.71211,
	2.5111 6.70447,
	2.50346 6.6973,
	2.49916 6.68966,
	2.4982 6.68202,
	2.4982 6.67867,
	"/>
</Transform>

<Transform dim="0"
 xcoef=" 0 1 0 0 0 0"
 ycoef=" 0 0 1 0 0 0">
<Contour name="ddh_d06ax14a" comment="traced by ddh" hidden="false" closed="true" simplified="true" border="0 1 0" fill="0 1 0" mode="11"
 points="3.78437 5.64086,
	3.78504 5.63547,
	3.78908 5.6247,
	3.79043 5.62201,
	3.79043 5.62066,
	3.79514 5.61527,
	3.79851 5.60989,
	3.80255 5.60585,
	3.80726 5.60315,
	3.81197 5.59911,
	3.81736 5.59709,
	3.82275 5.59372,
	3.8241 5.59372,
	3.82544 5.59238,
	3.83622 5.58766,
	3.8416 5.58632,
	3.86315 5.5742,
	3.87393 5.56746,
	3.8847 5.56275,
	3.89547 5.55938,
	3.90625 5.55871,
	3.91702 5.55938,
	3.91837 5.55938,
	3.91971 5.56073,
	3.92443 5.56275,
	3.92712 5.56342,
	3.948 5.57622,
	3.95338 5.57824,
	3.95877 5.5816,
	3.96146 5.58295,
	3.96281 5.58295,
	3.96348 5.5843,
	3.96618 5.58497,
	3.9682 5.58699,
	3.96954 5.58699,
	3.98032 5.5944,
	3.98907 5.60383,
	3.99311 5.60921,
	3.99446 5.61191,
	3.99446 5.61325,
	3.99581 5.6146,
	3.99917 5.62537,
	3.99985 5.63076,
	3.99783 5.64153,
	3.99581 5.64692,
	3.99244 5.65231,
	3.98975 5.655,
	3.98503 5.65837,
	3.98301 5.66039,
	3.9783 5.66241,
	3.97561 5.66376,
	3.97426 5.66376,
	3.97156 5.66578,
	3.96079 5.66982,
	3.9554 5.67116,
	3.95002 5.67386,
	3.94867 5.67386,
	3.93857 5.67992,
	3.93722 5.67992,
	3.93184 5.68328,
	3.92914 5.6853,
	3.9278 5.6853,
	3.92712 5.68665,
	3.92578 5.68665,
	3.92443 5.688,
	3.92308 5.688,
	3.91298 5.69473,
	3.90759 5.69675,
	3.90625 5.69675,
	3.9049 5.6981,
	3.88335 5.70348,
	3.88066 5.70348,
	3.87527 5.70551,
	3.8645 5.70618,
	3.85372 5.70551,
	3.84834 5.70551,
	3.84295 5.70416,
	3.8416 5.70281,
	3.83891 5.70214,
	3.82948 5.69406,
	3.82746 5.69136,
	3.82342 5.688,
	3.81467 5.6779,
	3.79514 5.66376,
	3.78773 5.65298,
	3.78504 5.64759,
	3.78437 5.64221,
	3.78437 5.64153,
	"/>
</Transform>

<Transform dim="0"
 xcoef=" 0 1 0 0 0 0"
 ycoef=" 0 0 1 0 0 0">
<Contour name="ddh_d06ax14b" comment="traced by ddh" hidden="false" closed="true" simplified="true" border="0 1 1" fill="0 1 1" mode="11"
 points="1.72278 6.9143,
	1.72516 6.90479,
	1.72516 6.9036,
	1.72694 6.90122,
	1.72753 6.89884,
	1.73467 6.88932,
	1.74359 6.87981,
	1.75846 6.86078,
	1.76738 6.85127,
	1.77689 6.84353,
	1.78165 6.84175,
	1.79117 6.83521,
	1.81019 6.8251,
	1.84825 6.80666,
	1.85777 6.8031,
	1.86728 6.79834,
	1.88631 6.78228,
	1.89583 6.77455,
	1.90534 6.76563,
	1.91307 6.75612,
	1.91307 6.75374,
	1.9321 6.73768,
	1.95113 6.72282,
	1.95886 6.7133,
	1.96303 6.70854,
	1.96897 6.69903,
	1.97076 6.68951,
	1.97135 6.68476,
	1.97135 6.68238,
	1.97314 6.67762,
	1.97373 6.67524,
	1.97195 6.66573,
	1.96778 6.65621,
	1.96541 6.65145,
	1.94816 6.63242,
	1.93924 6.62291,
	1.93746 6.62053,
	1.9321 6.6015,
	1.93091 6.59674,
	1.93389 6.55868,
	1.93389 6.55393,
	1.93805 6.54441,
	1.94043 6.53966,
	1.94875 6.53014,
	1.95351 6.52538,
	1.95589 6.523,
	1.95886 6.51825,
	1.96065 6.51587,
	1.99871 6.49208,
	2.01774 6.48078,
	2.02725 6.47484,
	2.03201 6.47305,
	2.03677 6.47246,
	2.03915 6.47246,
	2.04866 6.46889,
	2.05342 6.4671,
	2.05817 6.46651,
	2.06769 6.45759,
	2.07007 6.45283,
	2.07245 6.44332,
	2.07542 6.43856,
	2.08018 6.4344,
	2.08969 6.42845,
	2.09445 6.42607,
	2.09683 6.42488,
	2.10813 6.40585,
	2.11764 6.38682,
	2.12597 6.37731,
	2.13073 6.37255,
	2.14975 6.36244,
	2.15927 6.35887,
	2.16878 6.35709,
	2.1783 6.3565,
	2.18781 6.35352,
	2.19257 6.35233,
	2.2116 6.34222,
	2.21636 6.33984,
	2.22587 6.33092,
	2.23717 6.31189,
	2.2449 6.30238,
	2.24728 6.3,
	2.2568 6.29405,
	2.26155 6.29108,
	2.28058 6.27384,
	2.28891 6.26432,
	2.29129 6.26194,
	2.29664 6.24291,
	2.29783 6.2334,
	2.29248 6.21437,
	2.29129 6.20961,
	2.29188 6.20485,
	2.29248 6.20247,
	2.29902 6.19296,
	2.31745 6.17869,
	2.32697 6.17215,
	2.33648 6.16917,
	2.346 6.16739,
	2.38406 6.16679,
	2.40309 6.1662,
	2.4126 6.1656,
	2.41736 6.16501,
	2.43639 6.15668,
	2.4459 6.15252,
	2.45542 6.14717,
	2.46493 6.14063,
	2.47445 6.1329,
	2.47921 6.12933,
	2.48158 6.12814,
	2.50061 6.10911,
	2.50537 6.10435,
	2.5131 6.09484,
	2.51726 6.09008,
	2.52024 6.08532,
	2.53748 6.06629,
	2.5464 6.05678,
	2.55057 6.05202,
	2.56008 6.04726,
	2.56246 6.04548,
	2.57198 6.0431,
	2.57435 6.04191,
	2.59338 6.04132,
	2.6029 6.04191,
	2.60528 6.0431,
	2.61479 6.0437,
	2.61955 6.0437,
	2.62133 6.04607,
	2.63085 6.04667,
	2.66891 6.0437,
	2.67842 6.0431,
	2.68318 6.0431,
	2.68794 6.04488,
	2.69269 6.04786,
	2.69686 6.05262,
	2.69864 6.05499,
	2.70102 6.06451,
	2.70221 6.06927,
	2.69805 6.0883,
	2.69567 6.09781,
	2.68853 6.11684,
	2.67723 6.13587,
	2.66712 6.1549,
	2.66237 6.16441,
	2.66058 6.16679,
	2.65939 6.16798,
	2.6588 6.17274,
	2.65701 6.17452,
	2.65582 6.18404,
	2.65523 6.1888,
	2.65701 6.20783,
	2.66356 6.22686,
	2.67248 6.24589,
	2.67426 6.2554,
	2.67485 6.26016,
	2.68199 6.27919,
	2.68556 6.2887,
	2.68734 6.29822,
	2.68972 6.30297,
	2.69745 6.31249,
	2.70697 6.32141,
	2.71172 6.32557,
	2.72124 6.33152,
	2.74027 6.3452,
	2.74978 6.35293,
	2.75335 6.35768,
	2.75573 6.36006,
	2.76108 6.36958,
	2.76346 6.37434,
	2.76524 6.38385,
	2.76584 6.38861,
	2.76524 6.39336,
	2.76227 6.40288,
	2.75335 6.42191,
	2.74919 6.43142,
	2.748 6.43618,
	2.73908 6.45521,
	2.73373 6.47424,
	2.73135 6.48376,
	2.72778 6.49327,
	2.72243 6.5123,
	2.71827 6.53133,
	2.71708 6.53609,
	2.71232 6.5456,
	2.70637 6.55512,
	2.69805 6.56463,
	2.68853 6.56761,
	2.67902 6.56939,
	2.6695 6.56939,
	2.65047 6.56642,
	2.64096 6.56463,
	2.6362 6.56344,
	2.63144 6.56344,
	2.62669 6.56523,
	2.60766 6.56523,
	2.59814 6.56523,
	2.57911 6.5682,
	2.5696 6.57177,
	2.55057 6.57593,
	2.54581 6.57712,
	2.50775 6.59734,
	2.49824 6.60091,
	2.49348 6.60269,
	2.47445 6.60626,
	2.46493 6.60804,
	2.4459 6.60983,
	2.43639 6.61161,
	2.43401 6.61221,
	2.41498 6.62469,
	2.39595 6.63599,
	2.38644 6.64016,
	2.37692 6.64313,
	2.37216 6.64491,
	2.35313 6.64789,
	2.31507 6.64372,
	2.29605 6.63837,
	2.28653 6.63718,
	2.27702 6.63837,
	2.27226 6.63956,
	2.26988 6.63956,
	2.25085 6.64551,
	2.24847 6.6461,
	2.24728 6.6461,
	2.23836 6.65562,
	2.2336 6.66037,
	2.22766 6.66989,
	2.21874 6.68892,
	2.21398 6.69843,
	2.20744 6.71746,
	2.20328 6.72698,
	2.2009 6.73174,
	2.19554 6.75077,
	2.19436 6.75552,
	2.1896 6.76504,
	2.1777 6.78407,
	2.17176 6.79358,
	2.16878 6.79834,
	2.15986 6.80785,
	2.15035 6.81618,
	2.13132 6.82629,
	2.12181 6.83045,
	2.11705 6.83224,
	2.11467 6.83283,
	2.10515 6.84175,
	2.1004 6.84651,
	2.09802 6.84889,
	2.09504 6.85364,
	2.08969 6.87267,
	2.08434 6.88219,
	2.0778 6.8917,
	2.07364 6.89587,
	2.06412 6.90122,
	2.05936 6.9036,
	2.04985 6.90538,
	2.04509 6.90657,
	2.03558 6.90717,
	1.99752 6.91609,
	1.97849 6.91668,
	1.96897 6.91727,
	1.95946 6.91668,
	1.9547 6.91609,
	1.93567 6.92025,
	1.91664 6.92976,
	1.90713 6.93452,
	1.8881 6.94225,
	1.88334 6.94463,
	1.87383 6.94582,
	1.8548 6.95058,
	1.84528 6.95414,
	1.84052 6.95652,
	1.83814 6.95831,
	1.83339 6.9595,
	1.8322 6.9595,
	1.83101 6.96069,
	1.82625 6.96128,
	1.82149 6.96306,
	1.80246 6.96604,
	1.78343 6.96604,
	1.77392 6.96604,
	1.77154 6.96485,
	1.76678 6.96425,
	1.76559 6.96425,
	1.76322 6.96247,
	1.7537 6.9589,
	1.73467 6.94285,
	1.72694 6.93333,
	1.72278 6.92382,
	1.72278 6.9149,
	"/>
</Transform>

<Transform dim="0"
 xcoef=" 0 1 0 0 0 0"
 ycoef=" 0 0 1 0 0 0">
<Contour name="ddh_d06ax15" comment="traced by ddh" hidden="false" closed="true" simplified="true" border="1 0.5 0" fill="1 0.5 0" mode="11"
 points="1.65155 8.56856,
	1.65429 8.55979,
	1.65923 8.55102,
	1.66197 8.54718,
	1.6658 8.5428,
	1.6658 8.5417,
	1.6669 8.54115,
	1.6669 8.54006,
	1.66855 8.53787,
	1.66964 8.53677,
	1.67129 8.53238,
	1.67293 8.53019,
	1.67457 8.52581,
	1.67457 8.51704,
	1.67348 8.51265,
	1.66855 8.50443,
	1.6658 8.50059,
	1.66471 8.4995,
	1.66471 8.4984,
	1.66306 8.49621,
	1.66197 8.49182,
	1.66197 8.48744,
	1.66197 8.48524,
	1.66361 8.48086,
	1.66635 8.47647,
	1.67019 8.47209,
	1.67896 8.46661,
	1.68773 8.46387,
	1.70527 8.46058,
	1.71404 8.46058,
	1.73158 8.46332,
	1.74912 8.46387,
	1.76666 8.46058,
	1.77105 8.45893,
	1.77324 8.45893,
	1.77763 8.45729,
	1.7864 8.45236,
	1.78859 8.45071,
	1.79078 8.45016,
	1.79462 8.44742,
	1.79681 8.44633,
	1.79791 8.44523,
	1.799 8.44523,
	1.80339 8.44249,
	1.80448 8.44249,
	1.80777 8.43975,
	1.81654 8.43646,
	1.82093 8.43481,
	1.82203 8.43481,
	1.82312 8.43372,
	1.82751 8.43317,
	1.8297 8.43262,
	1.8308 8.43153,
	1.83957 8.43153,
	1.84834 8.43427,
	1.84943 8.43427,
	1.85765 8.44084,
	1.85875 8.44304,
	1.86588 8.45181,
	1.87136 8.46003,
	1.87465 8.46441,
	1.87958 8.47318,
	1.88287 8.47702,
	1.88506 8.47921,
	1.88616 8.48086,
	1.89054 8.48524,
	1.89383 8.48853,
	1.89767 8.49292,
	1.90205 8.49566,
	1.90534 8.4995,
	1.92234 8.51155,
	1.93056 8.51813,
	1.93275 8.52033,
	1.93659 8.52307,
	1.93988 8.52745,
	1.94152 8.52964,
	1.94262 8.53019,
	1.94316 8.53238,
	1.94645 8.53677,
	1.9481 8.54115,
	1.94865 8.54992,
	1.947 8.5587,
	1.94591 8.56308,
	1.94481 8.56418,
	1.94316 8.56856,
	1.93714 8.57733,
	1.93385 8.58172,
	1.92562 8.58884,
	1.92234 8.59213,
	1.9185 8.59652,
	1.91685 8.59761,
	1.91685 8.59871,
	1.91411 8.602,
	1.9026 8.61844,
	1.89219 8.63544,
	1.8889 8.63982,
	1.88177 8.6464,
	1.87739 8.65023,
	1.87629 8.65133,
	1.8752 8.65133,
	1.86642 8.65736,
	1.86533 8.65846,
	1.86423 8.65846,
	1.86204 8.6601,
	1.85985 8.66065,
	1.85765 8.66229,
	1.85656 8.66229,
	1.85601 8.66339,
	1.85162 8.66449,
	1.84943 8.66558,
	1.84066 8.66723,
	1.83628 8.66832,
	1.83408 8.66942,
	1.81654 8.66942,
	1.799 8.66613,
	1.76392 8.65517,
	1.76173 8.65352,
	1.75734 8.65243,
	1.75296 8.65023,
	1.74857 8.64969,
	1.73103 8.64421,
	1.72994 8.64311,
	1.72117 8.64092,
	1.7124 8.63653,
	1.7102 8.63489,
	1.70911 8.63379,
	1.70801 8.63379,
	1.70363 8.6305,
	1.69705 8.62283,
	1.69595 8.62064,
	1.68883 8.61351,
	1.68499 8.61022,
	1.68115 8.60803,
	1.67238 8.60145,
	1.668 8.59871,
	1.66361 8.59487,
	1.65649 8.5872,
	1.65375 8.58281,
	1.6521 8.57843,
	1.65155 8.56966,
	1.65155 8.56911,
	"/>
</Transform>

<Transform dim="0"
 xcoef=" 0 1 0 0 0 0"
 ycoef=" 0 0 1 0 0 0">
<Contour name="ddh_d07ax20" comment="traced by ddh" hidden="false" closed="true" simplified="true" border="1 0.5 0" fill="1 0.5 0" mode="11"
 points="4.74756 7.01121,
	4.7493 7.00771,
	4.7493 7.00422,
	4.75367 6.99723,
	4.75717 6.99373,
	4.78514 6.97712,
	4.79912 6.97188,
	4.80611 6.96926,
	4.80961 6.96838,
	4.82359 6.95964,
	4.83059 6.95702,
	4.83758 6.95178,
	4.85156 6.94479,
	4.85506 6.93779,
	4.85855 6.92381,
	4.85943 6.90983,
	4.85943 6.90283,
	4.85156 6.87487,
	4.84632 6.86088,
	4.84282 6.8469,
	4.84282 6.83291,
	4.84544 6.81893,
	4.84719 6.81194,
	4.84719 6.81019,
	4.84981 6.80669,
	4.84981 6.80495,
	4.85244 6.80145,
	4.85331 6.79795,
	4.85593 6.79533,
	4.85681 6.79184,
	4.86729 6.77873,
	4.88128 6.76824,
	4.90925 6.75163,
	4.91624 6.74814,
	4.93022 6.73677,
	4.93721 6.73328,
	4.96518 6.70968,
	4.97217 6.70269,
	4.97567 6.69919,
	5.00364 6.68433,
	5.01063 6.68259,
	5.01413 6.68084,
	5.01762 6.68084,
	5.04559 6.6721,
	5.07356 6.66948,
	5.08754 6.6686,
	5.10152 6.67035,
	5.10764 6.67734,
	5.11026 6.68084,
	5.11114 6.69482,
	5.10852 6.70881,
	5.09978 6.73677,
	5.0989 6.74027,
	5.09453 6.74726,
	5.08842 6.76125,
	5.08317 6.76824,
	5.07531 6.78222,
	5.07094 6.78921,
	5.06657 6.8032,
	5.06657 6.81718,
	5.07443 6.84515,
	5.07618 6.85214,
	5.08055 6.85913,
	5.08142 6.86263,
	5.08405 6.86613,
	5.08667 6.87312,
	5.08667 6.87487,
	5.09453 6.88885,
	5.0989 6.90283,
	5.10415 6.9308,
	5.10502 6.94479,
	5.1024 6.97275,
	5.1024 6.97625,
	5.09978 6.98324,
	5.09978 6.98674,
	5.09715 6.99373,
	5.09715 6.99723,
	5.08929 7.01121,
	5.07793 7.02519,
	5.06482 7.03656,
	5.00888 7.07239,
	4.9949 7.082,
	4.96693 7.10473,
	4.95994 7.10822,
	4.95295 7.11347,
	4.94945 7.11522,
	4.9477 7.11522,
	4.94421 7.11784,
	4.94246 7.11784,
	4.93896 7.12046,
	4.93197 7.12308,
	4.93022 7.12308,
	4.92673 7.1257,
	4.91274 7.13007,
	4.89876 7.13007,
	4.89177 7.13007,
	4.87778 7.1257,
	4.87079 7.12133,
	4.84282 7.09774,
	4.81485 7.07938,
	4.80087 7.07152,
	4.7729 7.05841,
	4.75892 7.04704,
	4.75105 7.03306,
	4.74843 7.02607,
	4.74756 7.01208,
	"/>
</Transform>

<Transform dim="0"
 xcoef=" 0 1 0 0 0 0"
 ycoef=" 0 0 1 0 0 0">
<Contour name="ddh_d07ax19" comment="traced by ddh" hidden="false" closed="true" simplified="true" border="0.5 0 1" fill="0.5 0 1" mode="11"
 points="3.2634 7.02983,
	3.27613 7.00355,
	3.29132 6.97727,
	3.29543 6.9707,
	3.29871 6.96413,
	3.29953 6.96248,
	3.29994 6.9592,
	3.30076 6.95756,
	3.2983 6.94442,
	3.29748 6.93785,
	3.29789 6.93128,
	3.30117 6.91813,
	3.30528 6.90499,
	3.31021 6.89185,
	3.31185 6.88857,
	3.31267 6.88528,
	3.31267 6.88364,
	3.31555 6.87707,
	3.31678 6.8705,
	3.3213 6.85736,
	3.32253 6.85407,
	3.33156 6.84093,
	3.33649 6.83436,
	3.33854 6.83108,
	3.33978 6.82779,
	3.34347 6.82122,
	3.34511 6.81465,
	3.34552 6.81301,
	3.34676 6.81137,
	3.35045 6.79823,
	3.35333 6.79166,
	3.35743 6.78509,
	3.36688 6.77195,
	3.36934 6.76866,
	3.37386 6.75552,
	3.37509 6.75223,
	3.3792 6.74566,
	3.38166 6.74238,
	3.3948 6.73006,
	3.40096 6.7239,
	3.4026 6.72226,
	3.40589 6.72061,
	3.41246 6.71528,
	3.41903 6.71199,
	3.42231 6.71117,
	3.4256 6.70871,
	3.43217 6.70583,
	3.44531 6.70214,
	3.45845 6.70008,
	3.47159 6.69967,
	3.48473 6.69639,
	3.4913 6.69474,
	3.51758 6.68489,
	3.52415 6.6816,
	3.5373 6.6738,
	3.55044 6.67011,
	3.55701 6.66887,
	3.56029 6.66887,
	3.57343 6.666,
	3.58 6.66477,
	3.59314 6.66395,
	3.59971 6.66436,
	3.61285 6.66271,
	3.61942 6.66148,
	3.62271 6.66066,
	3.62928 6.66066,
	3.63585 6.66189,
	3.64242 6.66395,
	3.64406 6.66436,
	3.64571 6.66559,
	3.64735 6.666,
	3.65063 6.66887,
	3.65228 6.67052,
	3.65885 6.67503,
	3.66213 6.67709,
	3.6687 6.68242,
	3.67199 6.68489,
	3.68513 6.69228,
	3.68677 6.69351,
	3.69334 6.69639,
	3.70648 6.70337,
	3.70812 6.70378,
	3.70977 6.70501,
	3.71305 6.70624,
	3.71469 6.70747,
	3.71634 6.70788,
	3.72291 6.7124,
	3.72907 6.71856,
	3.73194 6.72185,
	3.73317 6.72349,
	3.73482 6.73006,
	3.73523 6.73663,
	3.73523 6.73827,
	3.7303 6.75141,
	3.72948 6.7547,
	3.72578 6.76127,
	3.72414 6.76455,
	3.72332 6.76537,
	3.72291 6.76702,
	3.72291 6.76784,
	3.72085 6.77112,
	3.71141 6.79741,
	3.70894 6.80398,
	3.7073 6.80726,
	3.70607 6.8089,
	3.7032 6.81547,
	3.6995 6.82204,
	3.69786 6.82861,
	3.69745 6.8319,
	3.68554 6.85818,
	3.67815 6.87132,
	3.67322 6.87789,
	3.66583 6.89103,
	3.65926 6.90417,
	3.65638 6.91731,
	3.65433 6.92388,
	3.65392 6.92553,
	3.65187 6.92881,
	3.65145 6.9321,
	3.64817 6.93867,
	3.64406 6.94524,
	3.64201 6.94852,
	3.63749 6.96166,
	3.63215 6.9748,
	3.60793 7.02737,
	3.60012 7.04051,
	3.59848 7.04379,
	3.59314 7.05036,
	3.59068 7.05365,
	3.58411 7.05981,
	3.58082 7.06268,
	3.57056 7.07582,
	3.56522 7.08239,
	3.54633 7.10867,
	3.54181 7.11524,
	3.52005 7.14153,
	3.51348 7.14769,
	3.50034 7.15549,
	3.49377 7.15836,
	3.4872 7.15959,
	3.47406 7.1637,
	3.46092 7.17191,
	3.45434 7.17561,
	3.44777 7.18095,
	3.44449 7.18382,
	3.4371 7.19696,
	3.43053 7.2101,
	3.42478 7.22324,
	3.42314 7.22653,
	3.42273 7.22817,
	3.41657 7.23474,
	3.41328 7.23803,
	3.41 7.24049,
	3.40343 7.24254,
	3.40014 7.24337,
	3.37386 7.24378,
	3.36729 7.24337,
	3.35415 7.2409,
	3.35086 7.24049,
	3.34922 7.24049,
	3.33608 7.23433,
	3.33279 7.23269,
	3.33115 7.23187,
	3.31801 7.22037,
	3.31514 7.21708,
	3.31308 7.2138,
	3.31144 7.21257,
	3.31144 7.21175,
	3.3098 7.2101,
	3.30159 7.19696,
	3.29871 7.19039,
	3.29543 7.17725,
	3.29543 7.17397,
	3.29501 7.17232,
	3.28639 7.15918,
	3.27859 7.14604,
	3.27407 7.1329,
	3.27284 7.12962,
	3.27202 7.12305,
	3.27161 7.10991,
	3.27243 7.10334,
	3.27161 7.09019,
	3.26545 7.06391,
	3.26381 7.05734,
	3.2634 7.03106,
	3.2634 7.03024,
	"/>
</Transform>

<Transform dim="0"
 xcoef=" 0 1 0 0 0 0"
 ycoef=" 0 0 1 0 0 0">
<Contour name="ddh_d07ax17" comment="traced by ddh" hidden="false" closed="true" simplified="true" border="1 0 0" fill="1 0 0" mode="11"
 points="4.82434 7.4834,
	4.83299 7.46802,
	4.83779 7.4613,
	4.85316 7.45073,
	4.86853 7.44305,
	4.8839 7.43344,
	4.89927 7.42191,
	4.90696 7.41423,
	4.92233 7.40558,
	4.93001 7.4027,
	4.9377 7.40174,
	4.95307 7.4027,
	4.95691 7.4027,
	4.96075 7.40462,
	4.97612 7.39886,
	4.99149 7.39021,
	5.00686 7.38541,
	5.0107 7.38445,
	5.02607 7.38829,
	5.04145 7.39886,
	5.04913 7.4027,
	5.05682 7.40078,
	5.0645 7.39598,
	5.07219 7.38925,
	5.09332 7.35851,
	5.09716 7.35083,
	5.09908 7.34794,
	5.11445 7.34122,
	5.14519 7.33834,
	5.14904 7.33834,
	5.16345 7.32969,
	5.17305 7.31432,
	5.17593 7.31048,
	5.18074 7.29511,
	5.18266 7.28742,
	5.18074 7.27974,
	5.17978 7.26437,
	5.17978 7.25668,
	5.18842 7.24131,
	5.19611 7.23459,
	5.20379 7.23075,
	5.21916 7.21826,
	5.22685 7.21153,
	5.23838 7.19616,
	5.25183 7.18079,
	5.25951 7.17311,
	5.2672 7.17023,
	5.27488 7.16927,
	5.29025 7.17023,
	5.30562 7.16734,
	5.32099 7.16062,
	5.33636 7.15005,
	5.34405 7.14621,
	5.34789 7.14429,
	5.35557 7.13756,
	5.35942 7.13372,
	5.37479 7.12604,
	5.39016 7.12508,
	5.39784 7.12508,
	5.42858 7.13468,
	5.44395 7.14237,
	5.45932 7.14813,
	5.47469 7.14909,
	5.49006 7.14621,
	5.49775 7.14429,
	5.51312 7.14429,
	5.52849 7.14621,
	5.54386 7.15293,
	5.55155 7.15774,
	5.57652 7.18848,
	5.58901 7.20385,
	5.59958 7.21922,
	5.60822 7.23459,
	5.61495 7.24996,
	5.61783 7.26533,
	5.61591 7.2807,
	5.61591 7.28838,
	5.61399 7.29223,
	5.61399 7.29991,
	5.62167 7.31432,
	5.6284 7.32201,
	5.63608 7.32489,
	5.65145 7.32585,
	5.66682 7.32393,
	5.67451 7.32105,
	5.67643 7.32105,
	5.68027 7.31816,
	5.68219 7.31816,
	5.68988 7.3124,
	5.70525 7.30376,
	5.71293 7.29991,
	5.72734 7.2855,
	5.73599 7.27013,
	5.7456 7.23939,
	5.74656 7.22402,
	5.74752 7.21634,
	5.7456 7.20865,
	5.74752 7.19328,
	5.74944 7.1856,
	5.75136 7.18175,
	5.7552 7.17887,
	5.76289 7.17791,
	5.77826 7.18079,
	5.7821 7.18175,
	5.78594 7.18464,
	5.78978 7.1856,
	5.79747 7.19136,
	5.80131 7.19905,
	5.80419 7.21442,
	5.80419 7.2221,
	5.81284 7.23747,
	5.81572 7.24131,
	5.81764 7.249,
	5.8186 7.26437,
	5.81764 7.27974,
	5.81668 7.28742,
	5.81092 7.30279,
	5.80323 7.31816,
	5.79843 7.32585,
	5.79651 7.32969,
	5.78114 7.33834,
	5.76577 7.34506,
	5.75808 7.34698,
	5.74271 7.35371,
	5.73503 7.35755,
	5.72734 7.36331,
	5.71197 7.37196,
	5.70429 7.3758,
	5.68892 7.37965,
	5.68123 7.38061,
	5.65049 7.3758,
	5.63512 7.37484,
	5.61975 7.3758,
	5.60438 7.38061,
	5.58901 7.38061,
	5.58133 7.38061,
	5.55058 7.38541,
	5.53521 7.38829,
	5.51984 7.39309,
	5.50447 7.39598,
	5.47373 7.3979,
	5.45836 7.40078,
	5.42762 7.41039,
	5.41225 7.41711,
	5.40457 7.42095,
	5.40072 7.42384,
	5.39304 7.43921,
	5.3892 7.44689,
	5.38824 7.45073,
	5.39016 7.45842,
	5.40169 7.47379,
	5.40745 7.48147,
	5.42282 7.49684,
	5.42666 7.50069,
	5.42954 7.51606,
	5.42858 7.52374,
	5.4257 7.53143,
	5.4209 7.53911,
	5.40553 7.54776,
	5.37479 7.5564,
	5.35942 7.5564,
	5.35173 7.5564,
	5.32099 7.56697,
	5.25951 7.58522,
	5.22877 7.59867,
	5.2134 7.60828,
	5.20571 7.61404,
	5.19034 7.62845,
	5.1596 7.64286,
	5.12886 7.64574,
	5.12502 7.64574,
	5.06354 7.6688,
	5.04817 7.6736,
	5.04048 7.67648,
	5.00974 7.67841,
	5.00206 7.67937,
	4.99822 7.67937,
	4.99053 7.68321,
	4.97516 7.68609,
	4.94442 7.68417,
	4.92905 7.67841,
	4.91368 7.67072,
	4.89831 7.65823,
	4.89062 7.65247,
	4.88294 7.6371,
	4.87333 7.62173,
	4.86084 7.60636,
	4.84547 7.57562,
	4.83203 7.54488,
	4.82818 7.52951,
	4.8253 7.49877,
	4.82434 7.48436,
	"/>
</Transform>

<Transform dim="6"
 xcoef=" -0.303163084005082 1.09868409491596 0.0133671725453792 0 0 0"
 ycoef=" -0.824887623691499 0.0219197661171317 0.993379158903095 0 0 0">
<Image mag="0.00217507" contrast="0.917" brightness="0.12" red="true" green="true" blue="true"
 src="FHLTD.122.jpg" />
<Contour name="domain1" hidden="false" closed="true" simplified="false" border="1 0 1" fill="1 0 1" mode="11"
 points="0 0,
	4096 0,
	4096 4096,
	0 4096,
	"/>
</Transform>

<Transform dim="0"
 xcoef=" 0 1 0 0 0 0"
 ycoef=" 0 0 1 0 0 0">
<Contour name="ddh_d07ax21" comment="traced by ddh" hidden="false" closed="true" simplified="true" border="0 1 0" fill="0 1 0" mode="11"
 points="2.48712 7.42716,
	2.49467 7.41443,
	2.49785 7.40807,
	2.50262 7.40171,
	2.50541 7.39853,
	2.51813 7.39177,
	2.53086 7.38859,
	2.53722 7.3866,
	2.53881 7.3858,
	2.54199 7.38541,
	2.54517 7.38421,
	2.55153 7.37984,
	2.55471 7.37666,
	2.56107 7.37189,
	2.56426 7.3699,
	2.57062 7.36791,
	2.58334 7.36712,
	2.58652 7.36632,
	2.59925 7.36632,
	2.61197 7.3691,
	2.61356 7.3691,
	2.61515 7.3699,
	2.61833 7.3699,
	2.62151 7.37109,
	2.62788 7.37189,
	2.63424 7.37189,
	2.63583 7.37268,
	2.64219 7.37308,
	2.64855 7.37427,
	2.65173 7.37547,
	2.65332 7.37547,
	2.65491 7.37666,
	2.65809 7.37745,
	2.67082 7.38302,
	2.68354 7.38938,
	2.69627 7.39415,
	2.70899 7.39972,
	2.71535 7.4025,
	2.71853 7.4033,
	2.72489 7.40767,
	2.72808 7.41085,
	2.72847 7.41404,
	2.72808 7.41722,
	2.72808 7.41881,
	2.72291 7.43153,
	2.71694 7.44425,
	2.71456 7.45062,
	2.70859 7.47606,
	2.7078 7.47925,
	2.69786 7.50469,
	2.69666 7.50787,
	2.69507 7.5206,
	2.69507 7.52378,
	2.69308 7.53014,
	2.68593 7.54286,
	2.68235 7.54923,
	2.67798 7.56195,
	2.67678 7.56831,
	2.67599 7.57149,
	2.67201 7.57786,
	2.66565 7.59058,
	2.66287 7.59694,
	2.65929 7.6033,
	2.65491 7.60966,
	2.65332 7.61285,
	2.64259 7.62557,
	2.63941 7.62875,
	2.63304 7.63153,
	2.62986 7.63273,
	2.61714 7.63511,
	2.61078 7.63631,
	2.58533 7.6375,
	2.57897 7.63829,
	2.56624 7.64227,
	2.55988 7.64426,
	2.55352 7.64704,
	2.54716 7.64903,
	2.5408 7.64982,
	2.53443 7.64943,
	2.53125 7.64863,
	2.52966 7.64823,
	2.5233 7.64426,
	2.52012 7.64187,
	2.51853 7.64108,
	2.51416 7.63471,
	2.51137 7.62199,
	2.51058 7.61881,
	2.51058 7.61563,
	2.51257 7.60927,
	2.51376 7.60291,
	2.51575 7.59654,
	2.52807 7.5711,
	2.52966 7.56791,
	2.53125 7.56155,
	2.53245 7.55837,
	2.53324 7.55678,
	2.53404 7.55042,
	2.53364 7.54406,
	2.53404 7.5377,
	2.53443 7.53451,
	2.53563 7.53133,
	2.53642 7.52497,
	2.53483 7.51225,
	2.53165 7.49952,
	2.52966 7.49316,
	2.52807 7.48998,
	2.5229 7.48362,
	2.51893 7.47726,
	2.51575 7.47408,
	2.51376 7.4709,
	2.50859 7.46453,
	2.507 7.46294,
	2.50541 7.45976,
	2.49944 7.4542,
	2.49427 7.44783,
	2.49109 7.44147,
	2.48911 7.43829,
	2.48712 7.43193,
	2.48712 7.42875,
	2.48712 7.42755,
	"/>
</Transform>

<Transform dim="0"
 xcoef=" 0 1 0 0 0 0"
 ycoef=" 0 0 1 0 0 0">
<Contour name="ddh_d07ax24" comment="traced by ddh" hidden="false" closed="true" simplified="true" border="1 0.5 0" fill="1 0.5 0" mode="11"
 points="3.76037 8.4126,
	3.77058 8.39336,
	3.77299 8.38856,
	3.78681 8.36933,
	3.79342 8.35971,
	3.79883 8.35009,
	3.81566 8.31163,
	3.82527 8.2924,
	3.82768 8.28759,
	3.83489 8.27798,
	3.83609 8.27557,
	3.8403 8.27136,
	3.85232 8.25213,
	3.85833 8.24252,
	3.86133 8.23771,
	3.87095 8.2293,
	3.87576 8.22509,
	3.87816 8.22268,
	3.89739 8.21427,
	3.9022 8.21187,
	3.90701 8.21067,
	3.91121 8.20766,
	3.91362 8.20586,
	3.91422 8.20345,
	3.92684 8.18422,
	3.95569 8.14576,
	3.95929 8.14095,
	3.96831 8.13254,
	3.98453 8.11331,
	3.99415 8.10489,
	3.99896 8.10068,
	4.00797 8.09468,
	4.01398 8.08566,
	4.01639 8.08085,
	4.01999 8.07604,
	4.02119 8.07484,
	4.02119 8.07364,
	4.03862 8.05441,
	4.05184 8.03518,
	4.05545 8.03037,
	4.06507 8.02196,
	4.07468 8.01655,
	4.07709 8.01534,
	4.09632 8.01354,
	4.10113 8.01354,
	4.10353 8.01354,
	4.11315 8.01835,
	4.11795 8.02196,
	4.12036 8.02316,
	4.12697 8.03277,
	4.13118 8.03758,
	4.13358 8.03938,
	4.13418 8.04179,
	4.13598 8.04419,
	4.13598 8.04539,
	4.14139 8.05501,
	4.145 8.06463,
	4.1474 8.08386,
	4.1486 8.09347,
	4.15521 8.1127,
	4.17384 8.15117,
	4.17865 8.16078,
	4.18166 8.1704,
	4.18286 8.18002,
	4.18226 8.18963,
	4.18226 8.19203,
	4.17565 8.21127,
	4.17384 8.22088,
	4.17264 8.22569,
	4.17144 8.22809,
	4.17084 8.2329,
	4.17384 8.25213,
	4.17985 8.27136,
	4.18166 8.27617,
	4.18346 8.2954,
	4.18406 8.31464,
	4.18346 8.31704,
	4.18526 8.32666,
	4.18827 8.33627,
	4.18947 8.34108,
	4.19067 8.34348,
	4.19127 8.3531,
	4.19007 8.36271,
	4.18346 8.38195,
	4.18166 8.38675,
	4.18046 8.38916,
	4.17985 8.39397,
	4.17204 8.4132,
	4.16543 8.42281,
	4.16423 8.42762,
	4.16122 8.46608,
	4.15942 8.48532,
	4.15642 8.50455,
	4.15221 8.52378,
	4.15041 8.53339,
	4.1492 8.5382,
	4.14079 8.55743,
	4.13839 8.56224,
	4.13538 8.57186,
	4.13418 8.58147,
	4.12757 8.6007,
	4.12396 8.61032,
	4.12276 8.61272,
	4.11795 8.61753,
	4.09872 8.62895,
	4.07949 8.63616,
	4.07468 8.63737,
	4.06507 8.64217,
	4.0266 8.65299,
	4.00737 8.659,
	4.00256 8.6602,
	3.98333 8.6608,
	3.94487 8.6602,
	3.92564 8.65539,
	3.90641 8.64938,
	3.89679 8.64578,
	3.89198 8.64398,
	3.88717 8.64097,
	3.87756 8.63256,
	3.86915 8.62294,
	3.86674 8.62054,
	3.86133 8.61092,
	3.85352 8.60131,
	3.8445 8.59169,
	3.83669 8.58207,
	3.83249 8.57727,
	3.80784 8.5388,
	3.79643 8.51957,
	3.78621 8.50034,
	3.7796 8.49072,
	3.77659 8.48592,
	3.76878 8.4763,
	3.76337 8.46669,
	3.76157 8.46188,
	3.76097 8.44265,
	3.76157 8.43303,
	3.76217 8.42822,
	3.76037 8.42341,
	3.76037 8.4138,
	3.76037 8.4132,
	"/>
</Transform>

<Transform dim="0"
 xcoef=" 0 1 0 0 0 0"
 ycoef=" 0 0 1 0 0 0">
<Contour name="ddh_d08ax14a" comment="traced by ddh" hidden="false" closed="true" simplified="true" border="1 0.5 0" fill="1 0.5 0" mode="11"
 points="4.27503 3.82344,
	4.27644 3.8206,
	4.27644 3.81777,
	4.27998 3.8121,
	4.28423 3.80077,
	4.28459 3.79935,
	4.28813 3.79369,
	4.28848 3.79227,
	4.28955 3.79121,
	4.2899 3.78837,
	4.29309 3.78271,
	4.29557 3.77704,
	4.29628 3.77421,
	4.29946 3.76854,
	4.30407 3.75721,
	4.3069 3.75154,
	4.30867 3.74871,
	4.30903 3.74729,
	4.31788 3.73595,
	4.32922 3.72745,
	4.34055 3.72037,
	4.34622 3.71825,
	4.36888 3.70302,
	4.39155 3.69026,
	4.40289 3.68424,
	4.40855 3.68283,
	4.41422 3.67999,
	4.41705 3.67858,
	4.41989 3.67787,
	4.43122 3.67185,
	4.43689 3.66972,
	4.45956 3.6637,
	4.46522 3.66158,
	4.47089 3.66087,
	4.48222 3.65626,
	4.48789 3.65414,
	4.49072 3.65307,
	4.50206 3.6513,
	4.50773 3.64953,
	4.51056 3.64812,
	4.52189 3.6467,
	4.53323 3.64812,
	4.53889 3.64918,
	4.54456 3.6513,
	4.5559 3.66087,
	4.57856 3.67256,
	4.58423 3.67433,
	4.5899 3.67397,
	4.59273 3.67362,
	4.5984 3.67114,
	4.60973 3.66441,
	4.6324 3.65697,
	4.64373 3.65555,
	4.65507 3.65839,
	4.66073 3.6598,
	4.6664 3.66228,
	4.67207 3.66618,
	4.6749 3.66724,
	4.68057 3.67185,
	4.68624 3.67433,
	4.6919 3.67822,
	4.70324 3.68424,
	4.7259 3.69345,
	4.73724 3.69983,
	4.74291 3.70337,
	4.74574 3.70443,
	4.74857 3.70656,
	4.74999 3.70797,
	4.75566 3.71081,
	4.75849 3.71222,
	4.78116 3.71612,
	4.79249 3.71506,
	4.81516 3.70691,
	4.82083 3.70443,
	4.82649 3.70408,
	4.83216 3.70302,
	4.83358 3.70266,
	4.83924 3.70408,
	4.84208 3.70408,
	4.86475 3.71541,
	4.87041 3.71825,
	4.87325 3.71966,
	4.87466 3.72002,
	4.87537 3.72002,
	4.87679 3.72108,
	4.88352 3.73241,
	4.88458 3.73525,
	4.88635 3.73808,
	4.88741 3.7395,
	4.88741 3.7402,
	4.88918 3.74304,
	4.89025 3.74587,
	4.89202 3.74871,
	4.89308 3.75012,
	4.89343 3.75154,
	4.89414 3.75225,
	4.89414 3.75296,
	4.89521 3.75437,
	4.89556 3.75579,
	4.89733 3.75862,
	4.90158 3.76996,
	4.90229 3.77562,
	4.90158 3.78129,
	4.90016 3.78696,
	4.89946 3.78837,
	4.89946 3.78908,
	4.89875 3.78979,
	4.89839 3.79121,
	4.89627 3.79404,
	4.89556 3.79546,
	4.8906 3.80077,
	4.88635 3.80644,
	4.88387 3.80892,
	4.87254 3.81388,
	4.86687 3.81671,
	4.8612 3.8206,
	4.85589 3.82521,
	4.85022 3.8284,
	4.84739 3.83017,
	4.83606 3.84044,
	4.83039 3.8454,
	4.82756 3.84788,
	4.82649 3.84929,
	4.82578 3.85,
	4.82472 3.86134,
	4.82472 3.86417,
	4.82472 3.86559,
	4.82614 3.86842,
	4.82614 3.87125,
	4.82756 3.87409,
	4.82756 3.8755,
	4.82933 3.87834,
	4.83322 3.88967,
	4.8357 3.89534,
	4.83641 3.89675,
	4.83889 3.89959,
	4.84172 3.91092,
	4.8396 4.00159,
	4.83889 4.02426,
	4.83854 4.0271,
	4.83429 4.03843,
	4.83216 4.0441,
	4.83181 4.04551,
	4.82791 4.05118,
	4.81835 4.06251,
	4.81303 4.06676,
	4.80914 4.07243,
	4.78647 4.09014,
	4.77514 4.10112,
	4.76593 4.11245,
	4.75389 4.13512,
	4.7507 4.14079,
	4.74999 4.14362,
	4.73901 4.15319,
	4.71634 4.16452,
	4.71067 4.16629,
	4.70501 4.16735,
	4.69367 4.16806,
	4.68801 4.16912,
	4.68517 4.17054,
	4.67951 4.1716,
	4.67667 4.17196,
	4.66534 4.17692,
	4.65967 4.1794,
	4.65684 4.18081,
	4.65542 4.18152,
	4.64409 4.18329,
	4.64267 4.18365,
	4.63134 4.1801,
	4.60867 4.16912,
	4.603 4.16664,
	4.60017 4.16558,
	4.5945 4.16487,
	4.58317 4.15992,
	4.58175 4.15921,
	4.55908 4.14008,
	4.55377 4.13512,
	4.552 4.13229,
	4.54669 4.12733,
	4.54527 4.12591,
	4.53394 4.12025,
	4.52827 4.11741,
	4.51693 4.11423,
	4.51127 4.11352,
	4.5056 4.11104,
	4.49993 4.10785,
	4.4971 4.10608,
	4.49143 4.10112,
	4.48435 4.08979,
	4.47302 4.07881,
	4.47018 4.07704,
	4.46452 4.07456,
	4.45318 4.07137,
	4.44185 4.0696,
	4.41918 4.07101,
	4.40785 4.06924,
	4.40501 4.06818,
	4.39403 4.05897,
	4.37632 4.0363,
	4.37243 4.03064,
	4.37172 4.02922,
	4.36038 4.02037,
	4.34905 4.01399,
	4.32638 4.00336,
	4.31505 3.99734,
	4.31222 3.99557,
	4.30194 3.98424,
	4.30053 3.98282,
	4.29769 3.97716,
	4.29415 3.96582,
	4.29026 3.92049,
	4.28919 3.89782,
	4.28955 3.88648,
	4.2899 3.88082,
	4.28778 3.86948,
	4.28423 3.85815,
	4.27928 3.84681,
	4.2768 3.84115,
	4.27573 3.83831,
	4.27503 3.82698,
	4.27503 3.82415,
	4.27503 3.82379,
	"/>
</Transform>

<Transform dim="0"
 xcoef=" 0 1 0 0 0 0"
 ycoef=" 0 0 1 0 0 0">
<Contour name="ddh_d08ax14b" comment="traced by ddh" hidden="false" closed="true" simplified="true" border="0.5 0 1" fill="0.5 0 1" mode="11"
 points="5.80795 3.71844,
	5.80907 3.71393,
	5.80907 3.70943,
	5.81189 3.70042,
	5.81189 3.69817,
	5.81471 3.68916,
	5.81696 3.67114,
	5.81808 3.66664,
	5.81808 3.66213,
	5.82034 3.65312,
	5.8209 3.64862,
	5.82597 3.6306,
	5.82934 3.62159,
	5.83779 3.60357,
	5.84061 3.58556,
	5.84061 3.57655,
	5.84567 3.54051,
	5.8468 3.5315,
	5.8468 3.527,
	5.84793 3.52249,
	5.84849 3.52024,
	5.84849 3.51912,
	5.84962 3.51799,
	5.84962 3.51574,
	5.85243 3.51123,
	5.85356 3.50673,
	5.85581 3.50222,
	5.85693 3.49772,
	5.85862 3.49547,
	5.85862 3.49434,
	5.85975 3.49378,
	5.85975 3.49265,
	5.86763 3.48421,
	5.87214 3.48139,
	5.87664 3.4797,
	5.87889 3.47858,
	5.89691 3.47858,
	5.90142 3.47858,
	5.90367 3.47801,
	5.91268 3.4797,
	5.91493 3.48139,
	5.92394 3.48477,
	5.93295 3.49153,
	5.9352 3.49322,
	5.93633 3.49322,
	5.93858 3.4949,
	5.9566 3.5011,
	5.97461 3.50617,
	5.98362 3.50842,
	5.98813 3.50898,
	5.99038 3.50898,
	5.99151 3.51011,
	5.99376 3.51011,
	6.00277 3.51405,
	6.01178 3.52024,
	6.01628 3.52418,
	6.02247 3.53319,
	6.02529 3.5377,
	6.02923 3.54671,
	6.03148 3.55121,
	6.0343 3.56022,
	6.03542 3.56247,
	6.03599 3.56698,
	6.03768 3.57148,
	6.03768 3.57373,
	6.04218 3.58274,
	6.04387 3.58725,
	6.05006 3.59625,
	6.05119 3.59851,
	6.05344 3.60076,
	6.05569 3.60189,
	6.0602 3.60639,
	6.06921 3.61315,
	6.07765 3.62216,
	6.0816 3.62666,
	6.08385 3.63116,
	6.08385 3.63229,
	6.08554 3.63454,
	6.08779 3.64355,
	6.08891 3.64806,
	6.08779 3.65256,
	6.08723 3.65481,
	6.08723 3.65594,
	6.0861 3.65707,
	6.08497 3.66157,
	6.08216 3.66607,
	6.07991 3.66833,
	6.07371 3.67734,
	6.0709 3.68184,
	6.06358 3.69085,
	6.05907 3.69986,
	6.05569 3.70436,
	6.05119 3.71337,
	6.05006 3.71562,
	6.04781 3.71731,
	6.04556 3.72182,
	6.03937 3.73083,
	6.03768 3.73308,
	6.03486 3.74209,
	6.03374 3.74659,
	6.02979 3.7556,
	6.02754 3.7601,
	6.02191 3.77812,
	6.01459 3.79614,
	6.0129 3.79839,
	6.01178 3.79952,
	6.01178 3.80065,
	6.00277 3.80909,
	5.98475 3.82092,
	5.9825 3.82148,
	5.98024 3.82317,
	5.97574 3.82486,
	5.95772 3.83499,
	5.9566 3.83499,
	5.95547 3.83612,
	5.95322 3.83668,
	5.94421 3.84344,
	5.9352 3.84907,
	5.93295 3.85132,
	5.92394 3.85582,
	5.91943 3.85808,
	5.90142 3.86314,
	5.89241 3.86483,
	5.87439 3.86596,
	5.86538 3.86709,
	5.86088 3.86765,
	5.84286 3.86652,
	5.83835 3.86596,
	5.83385 3.86427,
	5.82653 3.85582,
	5.82371 3.85132,
	5.82203 3.84907,
	5.81921 3.84006,
	5.81752 3.83781,
	5.81245 3.81979,
	5.81076 3.81078,
	5.80907 3.77474,
	5.80964 3.76574,
	5.80907 3.74772,
	5.80795 3.73871,
	5.80795 3.72069,
	5.80795 3.719,
	"/>
</Transform>

<Transform dim="0"
 xcoef=" 0 1 0 0 0 0"
 ycoef=" 0 0 1 0 0 0">
<Contour name="ddh_d08ax13" comment="traced by ddh" hidden="false" closed="true" simplified="true" border="1 0 0.5" fill="1 0 0.5" mode="11"
 points="5.45835 4.00941,
	5.45949 4.00635,
	5.46293 4.00024,
	5.46522 3.99719,
	5.4656 3.99566,
	5.46789 3.99261,
	5.47476 3.9804,
	5.47591 3.97734,
	5.47629 3.96513,
	5.47896 3.95291,
	5.48087 3.94681,
	5.49079 3.92238,
	5.4927 3.91016,
	5.49423 3.90406,
	5.49461 3.90138,
	5.49919 3.88917,
	5.50301 3.88306,
	5.50492 3.88001,
	5.51102 3.87428,
	5.51408 3.87161,
	5.51713 3.8697,
	5.51866 3.86894,
	5.52171 3.86627,
	5.52248 3.8655,
	5.52324 3.8655,
	5.524 3.86474,
	5.52477 3.86474,
	5.52553 3.86398,
	5.52706 3.8636,
	5.52782 3.86283,
	5.53087 3.86245,
	5.53393 3.8613,
	5.54003 3.86054,
	5.55225 3.86169,
	5.55836 3.86245,
	5.56141 3.86283,
	5.56446 3.86398,
	5.57057 3.86474,
	5.57668 3.86627,
	5.58278 3.86665,
	5.595 3.86894,
	5.59805 3.86894,
	5.59958 3.8697,
	5.60263 3.8697,
	5.60874 3.87085,
	5.62095 3.87123,
	5.62706 3.87085,
	5.63012 3.87085,
	5.63317 3.8697,
	5.64538 3.86856,
	5.65149 3.86856,
	5.6576 3.86932,
	5.66981 3.86932,
	5.68203 3.87161,
	5.69424 3.8781,
	5.69577 3.87886,
	5.69882 3.88192,
	5.70493 3.88612,
	5.71714 3.89604,
	5.7202 3.89871,
	5.72172 3.90024,
	5.72783 3.90444,
	5.73165 3.90978,
	5.73737 3.91589,
	5.73928 3.91894,
	5.74195 3.93116,
	5.74157 3.93726,
	5.73966 3.94337,
	5.73928 3.9449,
	5.73852 3.94566,
	5.73852 3.94642,
	5.73661 3.94948,
	5.73394 3.95253,
	5.72783 3.95711,
	5.72478 3.9594,
	5.70035 3.97238,
	5.6973 3.97429,
	5.69424 3.97543,
	5.69119 3.97772,
	5.68966 3.97849,
	5.6889 3.97849,
	5.68584 3.98078,
	5.68432 3.98116,
	5.67821 3.98536,
	5.6721 3.98879,
	5.666 3.99376,
	5.66332 3.99681,
	5.66142 3.99986,
	5.66065 4.00139,
	5.65912 4.00292,
	5.65722 4.00597,
	5.65683 4.0075,
	5.65607 4.00826,
	5.65569 4.00979,
	5.65378 4.01284,
	5.65264 4.01589,
	5.64424 4.02811,
	5.64348 4.02964,
	5.64042 4.03231,
	5.63431 4.03574,
	5.62821 4.03842,
	5.6221 4.04032,
	5.61905 4.04185,
	5.60683 4.04376,
	5.59462 4.04414,
	5.57019 4.04338,
	5.55797 4.04223,
	5.55492 4.04185,
	5.55339 4.04185,
	5.55034 4.04071,
	5.54423 4.03956,
	5.53202 4.03612,
	5.5198 4.03345,
	5.50759 4.03307,
	5.49537 4.03422,
	5.48927 4.0346,
	5.47705 4.03345,
	5.474 4.03269,
	5.47247 4.03269,
	5.46942 4.03116,
	5.46637 4.02849,
	5.46484 4.02773,
	5.46217 4.02467,
	5.45949 4.01857,
	5.45835 4.01551,
	5.45835 4.00979,
	"/>
</Transform>

<Transform dim="0"
 xcoef=" 0 1 0 0 0 0"
 ycoef=" 0 0 1 0 0 0">
<Contour name="ddh_d08ax18" comment="traced by ddh" hidden="false" closed="true" simplified="true" border="0 1 1" fill="0 1 1" mode="11"
 points="5.04628 2.5584,
	5.04876 2.55046,
	5.04876 2.54847,
	5.05273 2.54052,
	5.05522 2.53655,
	5.06118 2.52066,
	5.06267 2.51668,
	5.06267 2.50874,
	5.06515 2.50079,
	5.06565 2.4988,
	5.06664 2.49781,
	5.06664 2.49681,
	5.06813 2.49483,
	5.06813 2.49383,
	5.0731 2.48589,
	5.0731 2.48489,
	5.07459 2.48291,
	5.07707 2.47496,
	5.07856 2.47099,
	5.08601 2.46602,
	5.088 2.46503,
	5.08999 2.46503,
	5.09197 2.46354,
	5.09595 2.46304,
	5.10389 2.46354,
	5.10787 2.46403,
	5.11184 2.46652,
	5.11383 2.46751,
	5.12128 2.47496,
	5.12624 2.48191,
	5.12773 2.4839,
	5.12873 2.48787,
	5.13022 2.48986,
	5.13121 2.49383,
	5.1322 2.49483,
	5.1332 2.4988,
	5.13419 2.50079,
	5.13419 2.50178,
	5.13518 2.50277,
	5.13667 2.50675,
	5.13767 2.50874,
	5.13767 2.50973,
	5.13866 2.51072,
	5.13866 2.51172,
	5.13965 2.51271,
	5.14114 2.51668,
	5.14263 2.51867,
	5.14263 2.51966,
	5.14512 2.52364,
	5.14611 2.52562,
	5.1471 2.52662,
	5.1481 2.53059,
	5.14909 2.53158,
	5.15108 2.53953,
	5.15108 2.55542,
	5.14959 2.57132,
	5.14859 2.57529,
	5.1481 2.58324,
	5.14611 2.59118,
	5.14313 2.59913,
	5.14065 2.6031,
	5.13965 2.60459,
	5.13568 2.60857,
	5.13469 2.60857,
	5.1327 2.61006,
	5.12873 2.61155,
	5.12674 2.61254,
	5.11085 2.61304,
	5.10687 2.61204,
	5.10489 2.61204,
	5.09694 2.60906,
	5.09495 2.60906,
	5.09297 2.60807,
	5.09098 2.60807,
	5.0875 2.60559,
	5.07956 2.6031,
	5.07757 2.60261,
	5.06962 2.59814,
	5.06763 2.59665,
	5.06565 2.59615,
	5.06465 2.59516,
	5.06366 2.59516,
	5.05671 2.5887,
	5.05025 2.58125,
	5.04727 2.5733,
	5.04628 2.56536,
	5.04628 2.56138,
	5.04628 2.5594,
	5.04628 2.5589,
	"/>
</Transform>

<Transform dim="0"
 xcoef=" 0 1 0 0 0 0"
 ycoef=" 0 0 1 0 0 0">
<Contour name="ddh_d08ax19" comment="traced by ddh" hidden="false" closed="true" simplified="true" border="1 0 1" fill="1 0 1" mode="11"
 points="3.96165 1.40347,
	3.96708 1.38609,
	3.96925 1.3774,
	3.96925 1.37305,
	3.98664 1.33829,
	4.00402 1.32308,
	4.01271 1.3057,
	4.01596 1.28832,
	4.02357 1.27094,
	4.029 1.26225,
	4.04638 1.24705,
	4.06376 1.23836,
	4.09852 1.2351,
	4.1159 1.2351,
	4.12459 1.23184,
	4.15935 1.23292,
	4.19411 1.23618,
	4.22887 1.2351,
	4.24626 1.23618,
	4.26364 1.24053,
	4.27233 1.24161,
	4.28102 1.24487,
	4.31578 1.24596,
	4.35054 1.24487,
	4.36792 1.24705,
	4.3853 1.25356,
	4.42006 1.27094,
	4.43527 1.28724,
	4.43961 1.29158,
	4.4483 1.29701,
	4.4646 1.31331,
	4.48306 1.34807,
	4.51239 1.41759,
	4.52217 1.45235,
	4.52977 1.46973,
	4.54281 1.48711,
	4.54933 1.49472,
	4.58409 1.52079,
	4.60147 1.53491,
	4.61342 1.55229,
	4.6145 1.56098,
	4.61342 1.57836,
	4.61124 1.58705,
	4.60038 1.60443,
	4.59821 1.60878,
	4.58083 1.62398,
	4.56345 1.63376,
	4.55476 1.63485,
	4.53738 1.63376,
	4.52869 1.63267,
	4.51131 1.64245,
	4.50044 1.65983,
	4.49284 1.69459,
	4.4885 1.71197,
	4.47872 1.72935,
	4.46351 1.74673,
	4.44613 1.76303,
	4.44287 1.76737,
	4.43961 1.78475,
	4.44504 1.80213,
	4.45048 1.81082,
	4.45917 1.81951,
	4.46894 1.83689,
	4.47003 1.84558,
	4.46894 1.85427,
	4.46568 1.86296,
	4.46351 1.86731,
	4.44613 1.8836,
	4.42875 1.89121,
	4.39399 1.89338,
	4.35923 1.89121,
	4.35054 1.89121,
	4.33316 1.88578,
	4.32447 1.88469,
	4.30709 1.87926,
	4.27233 1.86405,
	4.25495 1.8521,
	4.22127 1.81843,
	4.21693 1.81408,
	4.19629 1.77932,
	4.18542 1.76194,
	4.17999 1.75325,
	4.16261 1.73804,
	4.14523 1.72501,
	4.13654 1.71632,
	4.13437 1.71414,
	4.1322 1.71414,
	4.13002 1.71197,
	4.12568 1.71089,
	4.12351 1.70871,
	4.11916 1.70763,
	4.11047 1.70111,
	4.09309 1.69242,
	4.0844 1.6859,
	4.07462 1.66852,
	4.07245 1.65114,
	4.07245 1.63376,
	4.07354 1.62507,
	4.07245 1.61638,
	4.06485 1.599,
	4.06267 1.58162,
	4.05833 1.56424,
	4.05507 1.55555,
	4.04855 1.54686,
	4.03986 1.54034,
	4.03552 1.53708,
	4.01814 1.53165,
	4.00076 1.52839,
	3.98338 1.52079,
	3.97469 1.51644,
	3.96817 1.50775,
	3.96817 1.49906,
	3.97577 1.48277,
	3.9812 1.47408,
	3.98664 1.4567,
	3.98555 1.45235,
	3.96925 1.43497,
	3.96165 1.41759,
	3.96165 1.4089,
	3.96165 1.40456,
	"/>
</Transform>

</Section>