<?xml version="1.0"?>
<!DOCTYPE Section SYSTEM "section.dtd">

<Section index="132" thickness="0.045" alignLocked="true">
<Transform dim="6"
 xcoef=" 1.53304215503322 1.01161358043972 -0.0232860853193382 0 0 0"
 ycoef=" 0.762929176675024 0.0206018529314313 1.00550325163609 0 0 0">
<Contour name="D04" hidden="false" closed="true" simplified="true" border="1 0 0" fill="1 0 0" mode="11"
 points="5.46492 7.32996,
	5.46778 7.29096,
	5.47628 7.25281,
	5.49024 7.21634,
	5.50936 7.18235,
	5.53323 7.15158,
	5.56131 7.1247,
	5.59299 7.1023,
	5.6276 7.08487,
	5.66436 7.07278,
	5.70248 7.0663,
	5.74113 7.06558,
	5.77947 7.07063,
	5.81665 7.08133,
	5.85186 7.09746,
	5.88435 7.11866,
	5.91339 7.14447,
	5.93836 7.17432,
	5.95871 7.20758,
	5.97399 7.2435,
	5.98388 7.28131,
	5.98816 7.32018,
	5.98673 7.35926,
	5.97963 7.39771,
	5.96701 7.43467,
	5.94914 7.46936,
	5.92642 7.501,
	5.89934 7.52891,
	5.86849 7.55248,
	5.83455 7.57119,
	5.79825 7.58464,
	5.76039 7.59254,
	5.72179 7.59471,
	5.6833 7.5911,
	5.64576 7.58179,
	5.60998 7.56699,
	5.57674 7.54702,
	5.54678 7.52231,
	5.52073 7.49341,
	5.49918 7.46094,
	5.48259 7.42562,
	5.47133 7.3882,
	"/>
</Transform>

<Transform dim="6"
 xcoef=" 0.0630421550332155 1.01161358043972 -0.0232860853193382 0 0 0"
 ycoef=" -0.167070823324978 0.0206018529314313 1.00550325163609 0 0 0">
<Contour name="D05" hidden="false" closed="true" simplified="true" border="1 1 0" fill="1 1 0" mode="11"
 points="2.69299 3.97404,
	2.70475 3.90163,
	2.73888 3.83632,
	2.79205 3.78448,
	2.85904 3.7512,
	2.93329 3.73974,
	3.00755 3.7512,
	3.07454 3.78448,
	3.12771 3.83632,
	3.16184 3.90163,
	3.1736 3.97404,
	3.16184 4.04644,
	3.12771 4.11175,
	3.07454 4.16359,
	3.00755 4.19687,
	2.93329 4.20833,
	2.85904 4.19687,
	2.79205 4.16359,
	2.73888 4.11175,
	"/>
</Transform>

<Transform dim="6"
 xcoef=" 0.0630421550332155 1.01161358043972 -0.0232860853193382 0 0 0"
 ycoef=" -0.167070823324978 0.0206018529314313 1.00550325163609 0 0 0">
<Contour name="d01" hidden="true" closed="true" simplified="true" border="1 0.5 0" fill="1 0.5 0" mode="9"
 points="6.21251 3.80494,
	6.24366 3.76934,
	6.25701 3.75154,
	6.27036 3.71593,
	6.27481 3.69813,
	6.25256 3.66253,
	6.24811 3.64473,
	6.27481 3.60913,
	6.29261 3.57353,
	6.30151 3.55573,
	6.33711 3.55573,
	6.35046 3.57353,
	6.38162 3.59578,
	6.45282 3.61803,
	6.48842 3.64918,
	6.50177 3.68478,
	6.49732 3.72038,
	6.47507 3.75599,
	6.43947 3.78269,
	6.41277 3.81829,
	6.39942 3.85389,
	6.39052 3.92509,
	6.39052 3.9607,
	6.39052 3.9785,
	6.39052 3.9874,
	6.37272 4.00075,
	6.36381 4.00965,
	6.34601 4.00075,
	6.33266 3.92954,
	6.33711 3.89394,
	6.31041 3.85834,
	6.30151 3.85389,
	6.26591 3.86724,
	6.23031 3.84944,
	6.21696 3.83164,
	6.21251 3.81384,
	6.21251 3.80939,
	"/>
</Transform>

<Transform dim="6"
 xcoef=" 0.0630421550332155 1.01161358043972 -0.0232860853193382 0 0 0"
 ycoef=" -0.167070823324978 0.0206018529314313 1.00550325163609 0 0 0">
<Contour name="d01" hidden="true" closed="true" simplified="true" border="1 0.5 0" fill="1 0.5 0" mode="9"
 points="4.81402 4.74247,
	4.83446 4.70159,
	4.83957 4.69137,
	4.86001 4.67604,
	4.87023 4.66837,
	4.91112 4.6556,
	4.952 4.64793,
	4.99288 4.6326,
	5.01333 4.62749,
	5.05421 4.63004,
	5.07465 4.63004,
	5.08487 4.62749,
	5.12575 4.64282,
	5.12831 4.65304,
	5.12575 4.67348,
	5.10787 4.69392,
	5.06698 4.71692,
	5.0261 4.74503,
	5.00566 4.75525,
	4.92389 4.76803,
	4.84213 4.77314,
	4.83191 4.77314,
	4.81913 4.75269,
	4.81402 4.74503,
	"/>
</Transform>

<Transform dim="6"
 xcoef=" 0.0630421550332155 1.01161358043972 -0.0232860853193382 0 0 0"
 ycoef=" -0.167070823324978 0.0206018529314313 1.00550325163609 0 0 0">
<Contour name="d01" hidden="true" closed="true" simplified="true" border="1 0.5 0" fill="1 0.5 0" mode="9"
 points="4.92335 2.81269,
	4.93253 2.80351,
	5.00595 2.79434,
	5.0243 2.79434,
	5.06101 2.82187,
	5.07018 2.84022,
	5.03806 2.87693,
	5.00136 2.89987,
	4.983 2.89987,
	4.96465 2.8861,
	4.96006 2.86775,
	4.96006 2.85857,
	4.92794 2.83104,
	4.92335 2.81728,
	"/>
</Transform>

<Transform dim="6"
 xcoef=" 0.0630421550332155 1.01161358043972 -0.0232860853193382 0 0 0"
 ycoef=" -0.167070823324978 0.0206018529314313 1.00550325163609 0 0 0">
<Contour name="d03" hidden="false" closed="true" simplified="true" border="0 1 0" fill="0 1 0" mode="9"
 points="3.15176 2.62153,
	3.18526 2.55846,
	3.21089 2.52692,
	3.22468 2.51115,
	3.2306 2.50327,
	3.26214 2.48356,
	3.2779 2.4737,
	3.34098 2.44808,
	3.37252 2.43625,
	3.3804 2.43231,
	3.41194 2.40077,
	3.42771 2.38698,
	3.49078 2.34953,
	3.50655 2.34164,
	3.52232 2.32982,
	3.58539 2.26674,
	3.60116 2.25097,
	3.66424 2.21155,
	3.69577 2.20367,
	3.71154 2.19972,
	3.77462 2.1741,
	3.80615 2.15833,
	3.82192 2.15833,
	3.83769 2.16819,
	3.84557 2.1741,
	3.8712 2.23717,
	3.88303 2.26871,
	3.89091 2.30025,
	3.89485 2.31602,
	3.92048 2.37909,
	3.92245 2.41063,
	3.92245 2.41851,
	3.92245 2.42246,
	3.89091 2.44611,
	3.87514 2.45399,
	3.8436 2.46188,
	3.81207 2.46385,
	3.7963 2.46779,
	3.76476 2.48356,
	3.77067 2.54663,
	3.76673 2.5624,
	3.75293 2.59394,
	3.74505 2.60971,
	3.68592 2.67081,
	3.65438 2.69841,
	3.6465 2.70432,
	3.63073 2.73586,
	3.59131 2.79893,
	3.57948 2.8147,
	3.54794 2.84032,
	3.53217 2.85412,
	3.52429 2.86004,
	3.49275 2.86595,
	3.42968 2.85609,
	3.41391 2.85215,
	3.38237 2.83244,
	3.3666 2.82258,
	3.33507 2.81076,
	3.32718 2.80879,
	3.30156 2.77922,
	3.24045 2.72009,
	3.20892 2.69446,
	3.20497 2.69052,
	3.18921 2.69052,
	3.18132 2.69052,
	3.16752 2.67673,
	3.15964 2.66884,
	3.15373 2.6373,
	3.15176 2.62351,
	"/>
</Transform>

<Transform dim="6"
 xcoef=" 0.0630421550332155 1.01161358043972 -0.0232860853193382 0 0 0"
 ycoef=" -0.167070823324978 0.0206018529314313 1.00550325163609 0 0 0">
<Contour name="d03" hidden="false" closed="true" simplified="true" border="0 1 0" fill="0 1 0" mode="9"
 points="3.24511 3.51395,
	3.26409 3.46335,
	3.29572 3.41274,
	3.30837 3.38744,
	3.32735 3.3653,
	3.35265 3.34,
	3.3653 3.32735,
	3.37795 3.32102,
	3.38111 3.31469,
	3.43172 3.31469,
	3.48233 3.32418,
	3.49498 3.32735,
	3.51395 3.34949,
	3.52661 3.37479,
	3.55191 3.39693,
	3.57721 3.40009,
	3.58986 3.40009,
	3.61517 3.42223,
	3.62149 3.47284,
	3.61833 3.57405,
	3.60884 3.59935,
	3.58986 3.62149,
	3.53926 3.66261,
	3.52661 3.66577,
	3.52028 3.6721,
	3.49498 3.67842,
	3.39377 3.68791,
	3.29255 3.69108,
	3.26725 3.68791,
	3.24511 3.66577,
	3.24511 3.56456,
	3.24511 3.51712,
	"/>
</Transform>

<Transform dim="6"
 xcoef=" 0.0630421550332155 1.01161358043972 -0.0232860853193382 0 0 0"
 ycoef=" -0.167070823324978 0.0206018529314313 1.00550325163609 0 0 0">
<Contour name="d06" hidden="true" closed="true" simplified="true" border="0 0 1" fill="0 0 1" mode="11"
 points="2.74213 6.76893,
	2.77836 6.72992,
	2.79508 6.71598,
	2.8118 6.69648,
	2.81737 6.68533,
	2.82016 6.66304,
	2.83409 6.61845,
	2.83409 6.59615,
	2.83688 6.58501,
	2.85081 6.5655,
	2.87032 6.54599,
	2.88425 6.5237,
	2.90376 6.50141,
	2.92326 6.48747,
	3.01244 6.45125,
	3.03473 6.4401,
	3.12391 6.42059,
	3.1685 6.40108,
	3.17964 6.39551,
	3.19079 6.38436,
	3.27996 6.33142,
	3.30226 6.32027,
	3.39143 6.32027,
	3.43602 6.33699,
	3.45553 6.34535,
	3.47782 6.34256,
	3.50011 6.35092,
	3.5447 6.35092,
	3.567 6.35092,
	3.58929 6.35928,
	3.61158 6.37879,
	3.62273 6.38994,
	3.64502 6.39272,
	3.66453 6.41223,
	3.6701 6.42338,
	3.66732 6.46797,
	3.65896 6.47911,
	3.6506 6.50141,
	3.63945 6.51255,
	3.63388 6.51813,
	3.6283 6.51813,
	3.62552 6.5237,
	3.61994 6.5237,
	3.60601 6.54599,
	3.59765 6.56829,
	3.59765 6.59058,
	3.59208 6.61288,
	3.5865 6.62402,
	3.5865 6.63517,
	3.59486 6.64632,
	3.61716 6.65468,
	3.6283 6.66025,
	3.63388 6.66025,
	3.63945 6.66582,
	3.63945 6.6714,
	3.64502 6.67697,
	3.6506 6.69926,
	3.64781 6.71041,
	3.6283 6.7327,
	3.58372 6.74106,
	3.49454 6.74664,
	3.44995 6.76614,
	3.40537 6.78008,
	3.31619 6.81631,
	3.2716 6.83303,
	3.24931 6.84696,
	3.16292 6.88319,
	3.14063 6.89991,
	3.11833 6.91105,
	3.11276 6.91663,
	3.06817 6.93335,
	3.0626 6.93335,
	3.05703 6.93892,
	3.05145 6.93892,
	3.00687 6.96679,
	2.99572 6.97236,
	2.95113 6.97236,
	2.92884 6.964,
	2.90654 6.95007,
	2.88425 6.94449,
	2.83966 6.94449,
	2.82852 6.94449,
	2.80901 6.93056,
	2.80344 6.91941,
	2.80065 6.87483,
	2.79229 6.85253,
	2.76721 6.80795,
	2.7477 6.79122,
	2.74213 6.78008,
	2.74213 6.77172,
	"/>
</Transform>

<Transform dim="6"
 xcoef=" 0.0630421550332155 1.01161358043972 -0.0232860853193382 0 0 0"
 ycoef=" -0.167070823324978 0.0206018529314313 1.00550325163609 0 0 0">
<Contour name="d06c16" hidden="false" closed="true" simplified="true" border="0 1 0" fill="0 1 0" mode="11"
 points="2.00783 6.39626,
	2.03748 6.36661,
	2.07137 6.3539,
	2.10526 6.3539,
	2.13915 6.33696,
	2.17303 6.31154,
	2.20692 6.31154,
	2.22386 6.32425,
	2.22386 6.35814,
	2.22386 6.37508,
	2.21963 6.38355,
	2.20269 6.38355,
	2.19845 6.41744,
	2.18151 6.45133,
	2.17303 6.4598,
	2.03748 6.45556,
	2.02054 6.44709,
	2.00783 6.43015,
	2.00783 6.40049,
	"/>
<Contour name="d06c16" hidden="false" closed="true" simplified="true" border="0 1 0" fill="0 1 0" mode="11"
 points="2.29588 6.28189,
	2.32976 6.25224,
	2.33824 6.24377,
	2.40601 6.24377,
	2.42295 6.24377,
	2.4399 6.25647,
	2.57545 6.26071,
	2.59239 6.26495,
	2.60086 6.26918,
	2.60086 6.30307,
	2.60086 6.32001,
	2.59239 6.33696,
	2.58816 6.34543,
	2.57968 6.34543,
	2.56274 6.36237,
	2.5458 6.37084,
	2.41025 6.37508,
	2.34247 6.36237,
	2.334 6.36237,
	2.30435 6.33272,
	2.29588 6.31578,
	2.29588 6.28612,
	"/>
<Contour name="d06cfa16" hidden="false" closed="false" simplified="false" border="0 1 1" fill="0 1 1" mode="11"
 points="2.02552 6.45659,
	2.05094 6.4227,
	2.08906 6.4227,
	2.12295 6.40152,
	2.16955 6.34222,
	2.21191 6.3168,
	"/>
<Contour name="d06cfa16" hidden="false" closed="false" simplified="false" border="0 1 1" fill="0 1 1" mode="11"
 points="2.29239 6.3041,
	2.34322 6.3041,
	2.39405 6.31257,
	2.47877 6.31257,
	2.55078 6.31257,
	2.59738 6.28715,
	"/>
</Transform>

<Transform dim="6"
 xcoef=" 0.0630421550332155 1.01161358043972 -0.0232860853193382 0 0 0"
 ycoef=" -0.167070823324978 0.0206018529314313 1.00550325163609 0 0 0">
<Contour name="d07" hidden="true" closed="true" simplified="true" border="1 0 1" fill="1 0 1" mode="9"
 points="3.89952 8.22526,
	3.91765 8.20712,
	4.06275 8.1391,
	4.08542 8.10736,
	4.09903 8.09376,
	4.10356 8.08923,
	4.1353 8.1255,
	4.14437 8.1255,
	4.15797 8.16178,
	4.15797 8.30687,
	4.1489 8.32501,
	4.11263 8.35675,
	4.09449 8.37036,
	4.08996 8.4429,
	4.08996 8.46104,
	4.07182 8.46558,
	4.05368 8.46104,
	4.02648 8.42477,
	4.01741 8.40663,
	4.01741 8.37036,
	4.01287 8.35222,
	3.963 8.27967,
	3.95393 8.2706,
	3.91765 8.26607,
	3.90405 8.25246,
	3.89952 8.23433,
	3.89952 8.22979,
	"/>
</Transform>

<Transform dim="6"
 xcoef=" 0.0630421550332155 1.01161358043972 -0.0232860853193382 0 0 0"
 ycoef=" -0.167070823324978 0.0206018529314313 1.00550325163609 0 0 0">
<Contour name="d07p24" hidden="false" closed="true" simplified="false" border="1 0 0" fill="1 0 0" mode="-13"
 points="3.95293 7.73377,
	3.9756 7.70203,
	3.95293 7.67029,
	3.96654 7.67029,
	3.98467 7.6975,
	4.00281 7.67029,
	4.01641 7.67029,
	3.99374 7.70203,
	4.01641 7.73377,
	4.00281 7.73377,
	3.98467 7.70657,
	3.96654 7.73377,
	"/>
</Transform>

<Transform dim="6"
 xcoef=" 0.0630421550332155 1.01161358043972 -0.0232860853193382 0 0 0"
 ycoef=" -0.167070823324978 0.0206018529314313 1.00550325163609 0 0 0">
<Contour name="d07c24" hidden="true" closed="true" simplified="true" border="1 0 0" fill="0 1 0" mode="9"
 points="3.92483 8.27827,
	3.92932 8.26032,
	3.93829 8.25359,
	3.95625 8.25359,
	3.96522 8.25359,
	3.99888 8.28276,
	4.0101 8.30071,
	4.01684 8.30744,
	4.01684 8.31642,
	4.02132 8.3254,
	4.03703 8.34335,
	4.04376 8.35233,
	4.04825 8.37028,
	4.0505 8.37925,
	4.05723 8.38823,
	4.05723 8.42414,
	4.05723 8.44209,
	4.05723 8.44658,
	4.03928 8.44882,
	4.0303 8.44882,
	4.01235 8.43311,
	4.00337 8.42414,
	3.99888 8.41516,
	3.99888 8.41067,
	3.954 8.33886,
	3.94278 8.32091,
	3.93381 8.31193,
	3.92707 8.29398,
	3.92483 8.285,
	3.92483 8.28052,
	"/>
<Contour name="d07cfa24" hidden="false" closed="false" simplified="false" border="0 1 1" fill="0 1 1" mode="9"
 points="4.04684 8.44892,
	4.03113 8.39281,
	3.99074 8.32325,
	3.96156 8.28061,
	3.92117 8.2649,
	"/>
</Transform>

<Transform dim="6"
 xcoef=" 0.0630421550332155 1.01161358043972 -0.0232860853193382 0 0 0"
 ycoef=" -0.167070823324978 0.0206018529314313 1.00550325163609 0 0 0">
<Contour name="d08" hidden="false" closed="true" simplified="true" border="1 0 0" fill="1 0 0" mode="9"
 points="3.98589 2.62556,
	4.05204 2.49325,
	4.08099 2.42709,
	4.10166 2.39401,
	4.10166 2.32786,
	4.13887 2.26584,
	4.20089 2.21622,
	4.23397 2.18314,
	4.30013 2.1542,
	4.43244 2.1542,
	4.49859 2.1666,
	4.63091 2.1666,
	4.69706 2.1666,
	4.73014 2.1666,
	4.76322 2.17901,
	4.77976 2.18728,
	4.84591 2.19141,
	4.85005 2.22449,
	4.84591 2.25757,
	4.83764 2.27411,
	4.80456 2.29478,
	4.77149 2.29891,
	4.73841 2.31959,
	4.72187 2.33613,
	4.68879 2.35267,
	4.68052 2.3692,
	4.65158 2.40228,
	4.63917 2.41882,
	4.63504 2.4519,
	4.63504 2.46844,
	4.6061 2.50152,
	4.59369 2.51805,
	4.56061 2.53873,
	4.53994 2.5594,
	4.47379 2.56767,
	4.44071 2.58008,
	4.40763 2.58421,
	4.34147 2.60488,
	4.32493 2.61729,
	4.3084 2.62142,
	4.29186 2.63383,
	4.15955 2.63383,
	4.12647 2.63796,
	4.09339 2.65864,
	4.07685 2.67104,
	4.06858 2.67931,
	4.0355 2.67931,
	4.00243 2.66691,
	3.98589 2.65037,
	3.98589 2.63383,
	3.98589 2.62969,
	"/>
</Transform>

<Transform dim="6"
 xcoef=" 0.0630421550332155 1.01161358043972 -0.0232860853193382 0 0 0"
 ycoef=" -0.167070823324978 0.0206018529314313 1.00550325163609 0 0 0">
<Contour name="d08" hidden="false" closed="true" simplified="true" border="1 0 0" fill="1 0 0" mode="9"
 points="4.7012 1.60014,
	4.70947 1.5836,
	4.726 1.56707,
	4.75908 1.55466,
	4.79216 1.55466,
	4.8087 1.55466,
	4.83764 1.58774,
	4.83764 1.62082,
	4.83764 1.63736,
	4.82524 1.65389,
	4.82524 1.68697,
	4.82524 1.70351,
	4.81283 1.73245,
	4.8087 1.76553,
	4.8087 1.7738,
	4.79216 1.78621,
	4.77562 1.79034,
	4.74668 1.75726,
	4.73427 1.72419,
	4.73014 1.70765,
	4.70947 1.67457,
	4.7012 1.65803,
	4.7012 1.62495,
	4.7012 1.60841,
	4.7012 1.60428,
	"/>
</Transform>

<Transform dim="6"
 xcoef=" 0.0630421550332155 1.01161358043972 -0.0232860853193382 0 0 0"
 ycoef=" -0.167070823324978 0.0206018529314313 1.00550325163609 0 0 0">
<Contour name="d08p22" hidden="false" closed="true" simplified="false" border="0.5 0 1" fill="0.5 0 1" mode="9"
 points="4.0802 2.57926,
	4.0665 2.57469,
	4.0802 2.57012,
	4.07107 2.55642,
	4.08477 2.56556,
	4.08933 2.55186,
	4.0939 2.56556,
	4.1076 2.55642,
	4.09847 2.57012,
	4.11217 2.57469,
	4.09847 2.57926,
	4.1076 2.59296,
	4.0939 2.58383,
	4.08933 2.59753,
	4.08477 2.58383,
	4.07107 2.59296,
	"/>
</Transform>

<Transform dim="6"
 xcoef=" 0.0630421550332155 1.01161358043972 -0.0232860853193382 0 0 0"
 ycoef=" -0.167070823324978 0.0206018529314313 1.00550325163609 0 0 0">
<Contour name="d08c23a" hidden="false" closed="true" simplified="true" border="1 0 0" fill="0 1 0" mode="9"
 points="4.79065 1.68015,
	4.79749 1.66646,
	4.82487 1.63909,
	4.83171 1.63909,
	4.83856 1.64593,
	4.8454 1.70068,
	4.8454 1.72806,
	4.8454 1.74174,
	4.83856 1.75543,
	4.83856 1.78281,
	4.82829 1.79649,
	4.80091 1.79992,
	4.79065 1.78623,
	4.79065 1.73148,
	4.79065 1.7041,
	4.79065 1.69041,
	4.79065 1.68357,
	"/>
<Contour name="d08cfa23a" hidden="false" closed="false" simplified="false" border="0 1 1" fill="0 1 1" mode="9"
 points="4.80856 1.79711,
	4.81883 1.71156,
	4.82225 1.64312,
	"/>
</Transform>

<Transform dim="6"
 xcoef=" 0.0630421550332155 1.01161358043972 -0.0232860853193382 0 0 0"
 ycoef=" -0.167070823324978 0.0206018529314313 1.00550325163609 0 0 0">
<Contour name="D05" hidden="false" closed="true" simplified="true" border="1 1 0" fill="1 1 0" mode="11"
 points="3.01806 2.62359,
	3.01985 2.60858,
	3.02502 2.59504,
	3.03308 2.58429,
	3.04324 2.57738,
	3.0545 2.57501,
	3.06576 2.57738,
	3.07592 2.58429,
	3.08398 2.59504,
	3.08916 2.60858,
	3.09094 2.62359,
	3.08916 2.63861,
	3.08398 2.65215,
	3.07592 2.6629,
	3.06576 2.6698,
	3.0545 2.67218,
	3.04324 2.6698,
	3.03308 2.6629,
	3.02502 2.65215,
	"/>
</Transform>

<Transform dim="6"
 xcoef=" 0.0630421550332155 1.01161358043972 -0.0232860853193382 0 0 0"
 ycoef=" -0.167070823324978 0.0206018529314313 1.00550325163609 0 0 0">
<Contour name="D11" hidden="false" closed="true" simplified="true" border="1 0.5 0" fill="1 0.5 0" mode="11"
 points="3.78089 3.90388,
	3.78594 3.87378,
	3.80065 3.84624,
	3.82378 3.82359,
	3.85337 3.80774,
	3.88691 3.80004,
	3.92155 3.80115,
	3.95436 3.81098,
	3.98255 3.82868,
	4.00374 3.85275,
	4.01612 3.88117,
	4.01865 3.91151,
	4.01111 3.9412,
	3.99415 3.96773,
	3.96919 3.98884,
	3.93836 4.00275,
	3.90428 4.00827,
	3.86982 4.00495,
	3.83792 3.99305,
	3.81127 3.97359,
	3.79214 3.94822,
	"/>
</Transform>

<Transform dim="6"
 xcoef=" 0.0630421550332155 1.01161358043972 -0.0232860853193382 0 0 0"
 ycoef=" -0.167070823324978 0.0206018529314313 1.00550325163609 0 0 0">
<Contour name="D11" hidden="false" closed="true" simplified="true" border="1 0.5 0" fill="1 0.5 0" mode="11"
 points="3.95095 5.10157,
	3.95344 5.07755,
	3.96069 5.05587,
	3.97198 5.03867,
	3.9862 5.02763,
	4.00196 5.02383,
	4.01773 5.02763,
	4.03195 5.03867,
	4.04324 5.05587,
	4.05048 5.07755,
	4.05298 5.10157,
	4.05048 5.12559,
	4.04324 5.14726,
	4.03195 5.16446,
	4.01773 5.1755,
	4.00196 5.17931,
	3.9862 5.1755,
	3.97198 5.16446,
	3.96069 5.14726,
	"/>
</Transform>

<Transform dim="6"
 xcoef=" 0.0630421550332155 1.01161358043972 -0.0232860853193382 0 0 0"
 ycoef=" -0.167070823324978 0.0206018529314313 1.00550325163609 0 0 0">
<Contour name="D14" hidden="false" closed="true" simplified="true" border="1 0 0" fill="1 0 0" mode="11"
 points="3.20755 2.83738,
	3.21041 2.83438,
	3.21869 2.83167,
	3.23159 2.82952,
	3.24784 2.82814,
	3.26586 2.82766,
	3.28388 2.82814,
	3.30013 2.82952,
	3.31303 2.83167,
	3.32131 2.83438,
	3.32416 2.83738,
	3.32131 2.84038,
	3.31303 2.84309,
	3.30013 2.84524,
	3.28388 2.84662,
	3.26586 2.8471,
	3.24784 2.84662,
	3.23159 2.84524,
	3.21869 2.84309,
	"/>
<Contour name="D14" hidden="false" closed="true" simplified="true" border="1 0 0" fill="1 0 0" mode="11"
 points="4.54858 4.0375,
	4.55179 4.02699,
	4.5611 4.01751,
	4.57561 4.00998,
	4.5939 4.00515,
	4.61417 4.00349,
	4.63444 4.00515,
	4.65272 4.00998,
	4.66723 4.01751,
	4.67655 4.02699,
	4.67976 4.0375,
	4.67655 4.04801,
	4.66723 4.05749,
	4.65272 4.06501,
	4.63444 4.06984,
	4.61417 4.07151,
	4.5939 4.06984,
	4.57561 4.06501,
	4.5611 4.05749,
	"/>
</Transform>

<Transform dim="6"
 xcoef=" 0.0630421550332155 1.01161358043972 -0.0232860853193382 0 0 0"
 ycoef=" -0.167070823324978 0.0206018529314313 1.00550325163609 0 0 0">
<Contour name="D15" hidden="false" closed="true" simplified="true" border="1 1 0" fill="1 1 0" mode="11"
 points="5.73412 5.26191,
	5.73697 5.2514,
	5.74525 5.24192,
	5.75815 5.23439,
	5.7744 5.22956,
	5.79242 5.2279,
	5.81044 5.22956,
	5.82669 5.23439,
	5.83959 5.24192,
	5.84787 5.2514,
	5.85073 5.26191,
	5.84787 5.27242,
	5.83959 5.2819,
	5.82669 5.28942,
	5.81044 5.29425,
	5.79242 5.29592,
	5.7744 5.29425,
	5.75815 5.28942,
	5.74525 5.2819,
	"/>
<Contour name="D15" hidden="false" closed="true" simplified="true" border="1 1 0" fill="1 1 0" mode="11"
 points="6.35118 5.35665,
	6.36105 5.33038,
	6.38969 5.30668,
	6.4343 5.28786,
	6.49051 5.27579,
	6.55282 5.27163,
	6.61513 5.27579,
	6.67134 5.28786,
	6.71595 5.30668,
	6.74459 5.33038,
	6.75446 5.35665,
	6.74459 5.38293,
	6.71595 5.40663,
	6.67134 5.42544,
	6.61513 5.43752,
	6.55282 5.44168,
	6.49051 5.43752,
	6.4343 5.42544,
	6.38969 5.40663,
	"/>
</Transform>

<Transform dim="6"
 xcoef=" 0.0630421550332155 1.01161358043972 -0.0232860853193382 0 0 0"
 ycoef=" -0.167070823324978 0.0206018529314313 1.00550325163609 0 0 0">
<Contour name="D16" hidden="false" closed="true" simplified="true" border="0 0 1" fill="0 0 1" mode="11"
 points="2.07767 1.97978,
	2.08336 1.95686,
	2.09987 1.93618,
	2.1256 1.91977,
	2.15801 1.90924,
	2.19395 1.90561,
	2.22988 1.90924,
	2.26229 1.91977,
	2.28802 1.93618,
	2.30453 1.95686,
	2.31023 1.97978,
	2.30453 2.00271,
	2.28802 2.02339,
	2.26229 2.0398,
	2.22988 2.05033,
	2.19395 2.05396,
	2.15801 2.05033,
	2.1256 2.0398,
	2.09987 2.02339,
	"/>
</Transform>

<Transform dim="6"
 xcoef=" 0.0630421550332155 1.01161358043972 -0.0232860853193382 0 0 0"
 ycoef=" -0.167070823324978 0.0206018529314313 1.00550325163609 0 0 0">
<Contour name="d06" hidden="true" closed="true" simplified="true" border="0 0 1" fill="0 0 1" mode="11"
 points="1.88382 6.72156,
	1.92562 6.63238,
	1.96185 6.54321,
	1.96742 6.53206,
	1.98971 6.50977,
	2.00086 6.50141,
	2.0148 6.47911,
	2.0343 6.45682,
	2.07889 6.42617,
	2.10118 6.41223,
	2.11233 6.40666,
	2.15413 6.36764,
	2.17642 6.34535,
	2.22101 6.32306,
	2.2656 6.30912,
	2.31019 6.30912,
	2.33248 6.30912,
	2.34363 6.30912,
	2.38821 6.33699,
	2.47739 6.33978,
	2.52198 6.33978,
	2.53312 6.33978,
	2.55542 6.32863,
	2.60001 6.2924,
	2.6223 6.27568,
	2.63623 6.25896,
	2.68082 6.21716,
	2.70311 6.20601,
	2.71426 6.20044,
	2.75885 6.20044,
	2.77836 6.20323,
	2.77557 6.2088,
	2.79229 6.22274,
	2.80344 6.22552,
	2.82573 6.24224,
	2.8313 6.24782,
	2.8313 6.2924,
	2.82294 6.3147,
	2.82294 6.33699,
	2.82294 6.34814,
	2.8118 6.37043,
	2.80622 6.39272,
	2.76999 6.43174,
	2.73098 6.46518,
	2.72262 6.47633,
	2.71705 6.47633,
	2.68639 6.51813,
	2.68361 6.56271,
	2.68361 6.57386,
	2.67525 6.59615,
	2.63623 6.64074,
	2.61394 6.66304,
	2.59722 6.68533,
	2.57492 6.69926,
	2.55263 6.70762,
	2.46624 6.76057,
	2.42166 6.78565,
	2.37707 6.78565,
	2.35477 6.78286,
	2.31019 6.76893,
	2.29904 6.76336,
	2.28789 6.76336,
	2.2656 6.755,
	2.22101 6.74942,
	2.19872 6.74106,
	2.18757 6.73828,
	2.17642 6.72992,
	2.15413 6.72434,
	2.10954 6.72434,
	2.08725 6.72992,
	2.04266 6.75221,
	2.02037 6.75778,
	2.00922 6.75778,
	1.96463 6.77172,
	1.92005 6.77172,
	1.89775 6.76057,
	1.88939 6.74942,
	1.88382 6.74385,
	1.88382 6.72434,
	"/>
</Transform>

<Transform dim="6"
 xcoef=" -0.284840082059652 1.10573076406049 0.0251175304433272 0 0 0"
 ycoef=" -0.707419076650208 0.00175821651452027 0.995651693333986 0 0 0">
<Image mag="0.00217507" contrast="0.785211" brightness="0.105" red="true" green="true" blue="true"
 src="FHLTD.132.jpg" />
<Contour name="domain1" hidden="false" closed="true" simplified="false" border="1 0 1" fill="1 0 1" mode="11"
 points="0 0,
	4096 0,
	4096 4096,
	0 4096,
	"/>
</Transform>

<Transform dim="6"
 xcoef=" 0.0630421550332155 1.01161358043972 -0.0232860853193382 0 0 0"
 ycoef=" -0.167070823324978 0.0206018529314313 1.00550325163609 0 0 0">
<Contour name="d01p15" hidden="false" closed="true" simplified="false" border="1 1 0" fill="1 1 0" mode="-13"
 points="5.65672 3.21407,
	5.65672 3.16184,
	5.60449 3.16184,
	5.60449 3.20754,
	5.59796 3.21407,
	5.59796 3.15532,
	5.66325 3.15532,
	5.66325 3.2206,
	5.59796 3.2206,
	5.60449 3.21407,
	"/>
</Transform>

<Transform dim="6"
 xcoef=" 0.0630421550332155 1.01161358043972 -0.0232860853193382 0 0 0"
 ycoef=" -0.167070823324978 0.0206018529314313 1.00550325163609 0 0 0">
<Contour name="d01p16" hidden="false" closed="true" simplified="false" border="0 0 1" fill="0 0 1" mode="-13"
 points="5.6404 3.85712,
	5.61755 3.83427,
	5.6404 3.81143,
	5.66325 3.83427,
	"/>
</Transform>

<Transform dim="0"
 xcoef=" 0 1 0 0 0 0"
 ycoef=" 0 0 1 0 0 0">
<Contour name="d01ax14" comment="LK bouton trace named after cfa" hidden="false" closed="true" simplified="true" border="0 1 1" fill="0.502 1 1" mode="-9"
 points="6.35357 3.92159,
	6.35679 3.91731,
	6.35786 3.91302,
	6.36107 3.90874,
	6.36214 3.90446,
	6.3675 3.89589,
	6.38142 3.86162,
	6.38784 3.84449,
	6.39427 3.83592,
	6.40176 3.81878,
	6.40284 3.8145,
	6.40819 3.80593,
	6.41676 3.79737,
	6.42104 3.79308,
	6.42318 3.79308,
	6.44032 3.77809,
	6.44674 3.76952,
	6.4628 3.73525,
	6.46923 3.71812,
	6.4703 3.70099,
	6.46923 3.69242,
	6.47887 3.67529,
	6.49279 3.65815,
	6.50992 3.64423,
	6.52706 3.63887,
	6.54419 3.63673,
	6.55276 3.63566,
	6.56133 3.63245,
	6.59559 3.60889,
	6.60416 3.60354,
	6.61273 3.60032,
	6.62986 3.60032,
	6.647 3.59711,
	6.66413 3.58533,
	6.68127 3.57141,
	6.6984 3.56391,
	6.70697 3.56284,
	6.71553 3.56391,
	6.7241 3.5682,
	6.72624 3.57248,
	6.74338 3.58747,
	6.76051 3.59925,
	6.79478 3.61639,
	6.80763 3.63352,
	6.81406 3.64209,
	6.82262 3.65922,
	6.82798 3.66779,
	6.83119 3.67207,
	6.83654 3.68921,
	6.83762 3.70634,
	6.8344 3.72348,
	6.82905 3.74061,
	6.83012 3.75774,
	6.83762 3.77488,
	6.84083 3.78344,
	6.84083 3.78559,
	6.84297 3.78773,
	6.84297 3.80486,
	6.84511 3.822,
	6.86546 3.85627,
	6.87617 3.8734,
	6.87724 3.87768,
	6.89009 3.89482,
	6.8933 3.91195,
	6.89009 3.92909,
	6.88688 3.93765,
	6.88366 3.94194,
	6.88259 3.94622,
	6.86974 3.96335,
	6.85261 3.97835,
	6.83547 3.98906,
	6.82691 3.99548,
	6.81513 4.01261,
	6.81191 4.02118,
	6.8087 4.05545,
	6.80442 4.07258,
	6.78943 4.10685,
	6.77229 4.12399,
	6.75516 4.13577,
	6.73802 4.1454,
	6.70375 4.15611,
	6.69519 4.1604,
	6.67805 4.17432,
	6.66199 4.19145,
	6.62772 4.20752,
	6.61915 4.21287,
	6.60202 4.22786,
	6.59452 4.23643,
	6.57739 4.24928,
	6.56026 4.25892,
	6.55169 4.26427,
	6.5474 4.26749,
	6.51314 4.26856,
	6.50457 4.26856,
	6.496 4.26641,
	6.47887 4.26641,
	6.46173 4.26427,
	6.4446 4.25999,
	6.43603 4.25678,
	6.4189 4.245,
	6.41461 4.24178,
	6.41033 4.23322,
	6.40498 4.21608,
	6.40069 4.20752,
	6.39855 4.20323,
	6.39427 4.19895,
	6.39213 4.19467,
	6.38998 4.17753,
	6.3932 4.16896,
	6.39641 4.16468,
	6.39748 4.1604,
	6.39748 4.15826,
	6.40069 4.15504,
	6.40712 4.13791,
	6.40926 4.12934,
	6.41033 4.12506,
	6.4114 4.12292,
	6.39855 4.10578,
	6.39106 4.09721,
	6.38035 4.08008,
	6.37178 4.06295,
	6.36642 4.04581,
	6.36535 4.03725,
	6.36535 4.03296,
	6.36214 4.02439,
	6.36107 4.01583,
	6.36 4.01154,
	6.36214 4.00298,
	6.35572 3.98584,
	6.35357 3.95157,
	6.35357 3.93444,
	6.35357 3.92587,
	6.35357 3.92266,
	"/>
<Contour name="d01ax14" comment="LK bouton trace named after cfa" hidden="false" closed="true" simplified="true" border="0 1 1" fill="0.502 1 1" mode="-9"
 points="6.60312 4.52372,
	6.6096 4.49409,
	6.6096 4.49223,
	6.61238 4.48853,
	6.61423 4.48112,
	6.62442 4.4663,
	6.63183 4.46352,
	6.63924 4.46352,
	6.64295 4.46445,
	6.65036 4.47,
	6.65684 4.47741,
	6.65962 4.48112,
	6.66425 4.49594,
	6.66425 4.49964,
	6.66981 4.51446,
	6.67259 4.52187,
	6.67537 4.52465,
	6.67537 4.5265,
	6.68 4.53391,
	6.68278 4.54132,
	6.68555 4.54503,
	6.68741 4.55244,
	6.68833 4.55614,
	6.70037 4.57004,
	6.70501 4.57745,
	6.71242 4.583,
	6.71612 4.58671,
	6.73094 4.59412,
	6.74576 4.59875,
	6.74946 4.6006,
	6.7791 4.60338,
	6.79392 4.60616,
	6.82356 4.61542,
	6.83838 4.62005,
	6.84209 4.62191,
	6.87173 4.62283,
	6.88655 4.62283,
	6.89396 4.62376,
	6.90137 4.62746,
	6.91433 4.64136,
	6.91619 4.64506,
	6.91989 4.64877,
	6.9273 4.65155,
	6.95694 4.65247,
	6.96435 4.6534,
	6.97917 4.65988,
	6.98288 4.66173,
	6.99029 4.66822,
	6.99584 4.67563,
	7.00233 4.69045,
	7.01807 4.74973,
	7.01715 4.76455,
	7.01159 4.77937,
	7.00788 4.78678,
	7.00696 4.79048,
	7.00418 4.79419,
	7.00418 4.79604,
	7.0014 4.79974,
	6.99677 4.81456,
	6.99029 4.82938,
	6.98751 4.83679,
	6.98195 4.8442,
	6.97454 4.84976,
	6.95972 4.85624,
	6.94583 4.86828,
	6.94305 4.87199,
	6.94119 4.87384,
	6.94027 4.87755,
	6.93656 4.88125,
	6.93564 4.88496,
	6.92452 4.89978,
	6.91989 4.90719,
	6.91619 4.91089,
	6.91248 4.9183,
	6.88933 4.94701,
	6.85969 4.96554,
	6.85598 4.96832,
	6.84116 4.97202,
	6.81152 4.97202,
	6.78188 4.96924,
	6.77818 4.96739,
	6.77447 4.96739,
	6.75965 4.95628,
	6.74576 4.94238,
	6.73372 4.92756,
	6.7189 4.91552,
	6.70408 4.90533,
	6.67444 4.89514,
	6.67073 4.89329,
	6.65591 4.88032,
	6.65128 4.87292,
	6.64665 4.8581,
	6.6411 4.82846,
	6.63832 4.81364,
	6.63461 4.80623,
	6.62072 4.79326,
	6.61701 4.78955,
	6.61331 4.78214,
	6.61238 4.77473,
	6.60775 4.75991,
	6.6059 4.7525,
	6.6059 4.73768,
	6.61053 4.72287,
	6.61423 4.71546,
	6.61609 4.70805,
	6.61609 4.67841,
	6.61887 4.64877,
	6.61794 4.61913,
	6.61516 4.60431,
	6.60682 4.57467,
	6.60405 4.55985,
	6.60312 4.53021,
	6.60312 4.5265,
	6.60312 4.52465,
	"/>
</Transform>

<Transform dim="0"
 xcoef=" 0 1 0 0 0 0"
 ycoef=" 0 0 1 0 0 0">
<Contour name="ax10" comment="LK bouton trace named after cfa" hidden="false" closed="true" simplified="true" border="0 1 1" fill="0.502 1 1" mode="9"
 points="1.73191 3.52227,
	1.73302 3.52004,
	1.73358 3.51559,
	1.7397 3.49778,
	1.74137 3.49332,
	1.74527 3.48942,
	1.76308 3.47885,
	1.76531 3.47718,
	1.76754 3.47662,
	1.78535 3.46604,
	1.79426 3.46326,
	1.79871 3.46215,
	1.80094 3.46103,
	1.80539 3.46048,
	1.8143 3.45602,
	1.81653 3.45435,
	1.81764 3.45435,
	1.81875 3.45324,
	1.82098 3.45268,
	1.82933 3.44489,
	1.83379 3.44099,
	1.8516 3.42986,
	1.8683 3.41204,
	1.87387 3.40314,
	1.88278 3.39479,
	1.88723 3.392,
	1.89168 3.39089,
	1.90059 3.39033,
	1.90504 3.38977,
	1.91395 3.39089,
	1.92286 3.39312,
	1.94067 3.39367,
	1.94513 3.39423,
	1.94735 3.39423,
	1.96517 3.38476,
	1.98298 3.38142,
	2.0008 3.37975,
	2.0097 3.37864,
	2.02752 3.3714,
	2.06315 3.35136,
	2.09878 3.33856,
	2.10768 3.33689,
	2.14331 3.3341,
	2.15222 3.3341,
	2.16113 3.33188,
	2.16558 3.33021,
	2.16781 3.32909,
	2.18562 3.32798,
	2.19008 3.32854,
	2.1923 3.32909,
	2.20121 3.33522,
	2.21012 3.33911,
	2.22793 3.35081,
	2.26356 3.38087,
	2.29919 3.40982,
	2.31645 3.42652,
	2.32536 3.43153,
	2.34317 3.44545,
	2.35208 3.45046,
	2.36989 3.45602,
	2.3788 3.45825,
	2.38325 3.45881,
	2.39216 3.46326,
	2.42779 3.49332,
	2.44505 3.51002,
	2.45173 3.51893,
	2.45674 3.52784,
	2.46063 3.53674,
	2.46286 3.5412,
	2.46397 3.54343,
	2.46509 3.56124,
	2.46286 3.57905,
	2.45952 3.58796,
	2.44115 3.62359,
	2.42946 3.64141,
	2.42111 3.65922,
	2.41721 3.66813,
	2.41276 3.68594,
	2.41164 3.6904,
	2.41109 3.70821,
	2.41164 3.71712,
	2.40997 3.73493,
	2.40608 3.75275,
	2.39773 3.77056,
	2.39439 3.77501,
	2.38548 3.78337,
	2.37657 3.78949,
	2.34094 3.80619,
	2.32313 3.81844,
	2.31422 3.82456,
	2.30977 3.82679,
	2.29195 3.83291,
	2.28305 3.8357,
	2.26523 3.8446,
	2.25632 3.84906,
	2.22069 3.87578,
	2.20288 3.88524,
	2.18507 3.89192,
	2.17616 3.89526,
	2.14053 3.89582,
	2.12271 3.89693,
	2.1049 3.89582,
	2.09599 3.89693,
	2.07818 3.90306,
	2.06927 3.9064,
	2.05146 3.91029,
	2.01583 3.90751,
	2.01137 3.90528,
	2.00247 3.90306,
	1.99356 3.89805,
	1.98465 3.89192,
	1.96739 3.87466,
	1.95181 3.85685,
	1.94346 3.84794,
	1.939 3.84349,
	1.93455 3.84071,
	1.92564 3.83347,
	1.91117 3.81565,
	1.90393 3.80675,
	1.89781 3.79784,
	1.89669 3.79561,
	1.88834 3.78838,
	1.87053 3.77557,
	1.86329 3.76722,
	1.85828 3.75831,
	1.85216 3.74941,
	1.84325 3.74328,
	1.82543 3.73438,
	1.81653 3.72714,
	1.8104 3.71823,
	1.80762 3.70932,
	1.80651 3.70042,
	1.80595 3.69596,
	1.80205 3.68706,
	1.80094 3.6826,
	1.79148 3.66479,
	1.77978 3.64697,
	1.76253 3.62971,
	1.7603 3.62749,
	1.75529 3.61858,
	1.75418 3.61413,
	1.75418 3.59631,
	1.75418 3.5874,
	1.75362 3.58295,
	1.75139 3.5785,
	1.75084 3.57627,
	1.74917 3.57404,
	1.7475 3.56959,
	1.74249 3.56068,
	1.73859 3.55178,
	1.73692 3.54732,
	1.73525 3.5451,
	1.73246 3.53619,
	1.73191 3.52728,
	1.73191 3.52283,
	"/>
</Transform>

<Transform dim="0"
 xcoef=" 0 1 0 0 0 0"
 ycoef=" 0 0 1 0 0 0">
<Contour name="ax15" comment="LK bouton trace named after cfa" hidden="false" closed="true" simplified="true" border="0 1 1" fill="0.502 1 1" mode="9"
 points="3.26693 1.87552,
	3.27093 1.8684,
	3.27182 1.86751,
	3.27182 1.86662,
	3.27449 1.86306,
	3.27582 1.86128,
	3.27671 1.86039,
	3.27716 1.85861,
	3.27983 1.85505,
	3.28161 1.85149,
	3.29095 1.83726,
	3.29496 1.83014,
	3.29674 1.82658,
	3.29763 1.82302,
	3.29941 1.81946,
	3.29985 1.8159,
	3.30074 1.81412,
	3.30163 1.807,
	3.30163 1.80522,
	3.30208 1.80433,
	3.30163 1.80077,
	3.30252 1.79899,
	3.30964 1.79498,
	3.32388 1.78386,
	3.33812 1.77185,
	3.35191 1.75761,
	3.35903 1.75227,
	3.36259 1.74915,
	3.36615 1.74693,
	3.36793 1.74604,
	3.37505 1.74559,
	3.37861 1.74559,
	3.39285 1.75004,
	3.39997 1.75049,
	3.40353 1.74871,
	3.4102 1.74159,
	3.41866 1.72735,
	3.42622 1.71311,
	3.43023 1.70599,
	3.43245 1.69887,
	3.43646 1.69175,
	3.43913 1.68819,
	3.44625 1.68152,
	3.45337 1.67573,
	3.46048 1.66861,
	3.47428 1.6615,
	3.47784 1.65972,
	3.47962 1.65883,
	3.48674 1.65883,
	3.4903 1.65927,
	3.49208 1.65927,
	3.4992 1.66239,
	3.50276 1.66461,
	3.50454 1.6655,
	3.5081 1.66906,
	3.51655 1.6833,
	3.52144 1.69754,
	3.52901 1.72602,
	3.5299 1.74025,
	3.52945 1.74737,
	3.52634 1.76161,
	3.52456 1.76517,
	3.52011 1.77941,
	3.51744 1.78653,
	3.5161 1.79365,
	3.51655 1.80789,
	3.5161 1.81501,
	3.5161 1.81679,
	3.51388 1.82391,
	3.51344 1.82747,
	3.50587 1.84171,
	3.50187 1.84883,
	3.49964 1.85238,
	3.49875 1.85416,
	3.49208 1.86128,
	3.48496 1.86618,
	3.47784 1.87018,
	3.47428 1.87196,
	3.46805 1.87908,
	3.46716 1.88086,
	3.46671 1.8951,
	3.46671 1.89866,
	3.46226 1.9129,
	3.45381 1.92714,
	3.44714 1.93426,
	3.4329 1.94227,
	3.42578 1.94583,
	3.41866 1.94716,
	3.41154 1.94716,
	3.40442 1.95028,
	3.3973 1.95517,
	3.39018 1.95606,
	3.38662 1.95562,
	3.37238 1.9485,
	3.36526 1.9436,
	3.36348 1.94182,
	3.3617 1.94093,
	3.35458 1.93381,
	3.34034 1.92358,
	3.32611 1.91512,
	3.31187 1.91068,
	3.30475 1.91023,
	3.29763 1.9089,
	3.29407 1.90756,
	3.29051 1.90534,
	3.28339 1.89911,
	3.28161 1.89822,
	3.27449 1.89154,
	3.2687 1.88442,
	3.26782 1.88086,
	3.26693 1.87908,
	3.26693 1.87597,
	"/>
</Transform>

<Transform dim="0"
 xcoef=" 0 1 0 0 0 0"
 ycoef=" 0 0 1 0 0 0">
<Contour name="d07" hidden="true" closed="true" simplified="true" border="1 0 1" fill="1 0 1" mode="9"
 points="4.39767 7.01618,
	4.41477 6.97975,
	4.43238 6.96586,
	4.50417 6.96891,
	4.54 6.96817,
	4.55793 6.9678,
	4.59335 6.94904,
	4.62836 6.91224,
	4.64546 6.87582,
	4.63765 6.73167,
	4.63682 6.69562,
	4.64089 6.67749,
	4.6587 6.67261,
	4.67673 6.67676,
	4.71309 6.69856,
	4.73111 6.7027,
	4.79539 6.76903,
	4.79705 6.84114,
	4.83456 6.91253,
	4.84882 6.94831,
	4.85372 6.96625,
	4.87695 7.00184,
	4.89081 7.0196,
	4.89101 7.02862,
	4.95987 7.09936,
	4.99196 7.13027,
	5.05989 7.16044,
	5.09177 7.18233,
	5.11001 7.19549,
	5.12802 7.19963,
	5.14636 7.2173,
	5.16501 7.24848,
	5.17418 7.25731,
	5.17907 7.27524,
	5.19292 7.293,
	5.22919 7.3103,
	5.51591 7.30442,
	5.55176 7.30369,
	5.56989 7.31234,
	5.57155 7.38445,
	5.57196 7.40248,
	5.56768 7.41159,
	5.496 7.41306,
	5.48204 7.3908,
	5.33868 7.39373,
	5.26689 7.39069,
	5.23095 7.38692,
	5.15844 7.35234,
	5.12218 7.33504,
	5.08561 7.30422,
	5.04936 7.28692,
	5.01341 7.28315,
	4.94079 7.24406,
	4.65397 7.24542,
	4.61812 7.24615,
	4.58197 7.23337,
	4.56384 7.22472,
	4.42163 7.08333,
	4.4033 7.06567,
	4.39799 7.0297,
	4.39778 7.02068,
	"/>
<Contour name="d07cfa22ax18" hidden="false" closed="false" simplified="false" border="0 1 1" fill="0 1 1" mode="9"
 points="5.2431 7.30177,
	5.18997 7.26559,
	5.14124 7.23151,
	5.06776 7.16287,
	4.9652 7.06193,
	4.90255 6.99088,
	4.84867 6.92183,
	4.81939 6.88078,
	"/>
</Transform>

<Transform dim="0"
 xcoef=" 0 1 0 0 0 0"
 ycoef=" 0 0 1 0 0 0">
<Contour name="ax18" comment="LK bouton trace named after cfa" hidden="false" closed="true" simplified="true" border="0 1 1" fill="0.502 1 1" mode="9"
 points="5.09481 7.15622,
	5.09481 7.15523,
	"/>
</Transform>

<Transform dim="0"
 xcoef=" 0 1 0 0 0 0"
 ycoef=" 0 0 1 0 0 0">
<Contour name="ax18" comment="LK bouton trace named after cfa" hidden="false" closed="true" simplified="true" border="0 1 1" fill="0.502 1 1" mode="9"
 points="4.77956 6.67318,
	4.78715 6.65111,
	4.80783 6.60698,
	4.82025 6.58491,
	4.823 6.5794,
	4.82714 6.57388,
	4.83611 6.55181,
	4.83818 6.54629,
	4.85955 6.52492,
	4.8699 6.51457,
	4.87748 6.50354,
	4.87886 6.49802,
	4.88024 6.49526,
	4.88231 6.4732,
	4.88231 6.46768,
	4.87748 6.44561,
	4.87679 6.43458,
	4.87886 6.42355,
	4.88783 6.40148,
	4.89265 6.39045,
	4.89541 6.38493,
	4.89886 6.3739,
	4.90438 6.36286,
	4.90713 6.35735,
	4.923 6.33528,
	4.93679 6.31321,
	4.94024 6.3077,
	4.9623 6.28977,
	4.97334 6.28425,
	4.98437 6.2808,
	5.0285 6.27597,
	5.05057 6.27873,
	5.07264 6.28356,
	5.07815 6.28494,
	5.08367 6.2877,
	5.0947 6.29804,
	5.11056 6.32011,
	5.12091 6.34218,
	5.13263 6.36424,
	5.14573 6.38631,
	5.15125 6.39734,
	5.1609 6.40838,
	5.18297 6.427,
	5.19401 6.4332,
	5.20504 6.43803,
	5.21056 6.4401,
	5.22159 6.4401,
	5.24366 6.43458,
	5.24917 6.4332,
	5.27124 6.43251,
	5.29331 6.43872,
	5.30434 6.44217,
	5.30986 6.44492,
	5.3202 6.4532,
	5.32779 6.46423,
	5.33123 6.47527,
	5.33606 6.49733,
	5.33882 6.50837,
	5.34089 6.51388,
	5.34847 6.52492,
	5.35813 6.53595,
	5.36296 6.54147,
	5.37606 6.56353,
	5.38571 6.5856,
	5.38847 6.59112,
	5.38916 6.59388,
	5.41123 6.6125,
	5.42226 6.62008,
	5.4395 6.64215,
	5.44502 6.65318,
	5.44777 6.6587,
	5.45812 6.66973,
	5.50225 6.68973,
	5.52432 6.70283,
	5.53535 6.7118,
	5.54087 6.71593,
	5.56018 6.738,
	5.57121 6.74834,
	5.57673 6.7511,
	5.58225 6.75179,
	5.60431 6.76352,
	5.60983 6.76765,
	5.61535 6.77317,
	5.62845 6.79524,
	5.63396 6.80627,
	5.65603 6.82351,
	5.66155 6.82765,
	5.68155 6.84971,
	5.68913 6.86075,
	5.69465 6.87178,
	5.69741 6.88282,
	5.70017 6.90488,
	5.70223 6.94902,
	5.70292 6.96005,
	5.70223 6.96557,
	5.70499 6.9766,
	5.70637 6.98763,
	5.71189 7.0097,
	5.71534 7.03177,
	5.71741 7.0428,
	5.71809 7.05383,
	5.71603 7.0759,
	5.71327 7.08693,
	5.7112 7.09245,
	5.70982 7.11452,
	5.7112 7.12003,
	5.70706 7.13107,
	5.70499 7.13383,
	5.68293 7.14624,
	5.67189 7.15245,
	5.64983 7.169,
	5.63879 7.17658,
	5.63328 7.18072,
	5.61121 7.19244,
	5.59604 7.21451,
	5.585 7.22485,
	5.57397 7.23037,
	5.56845 7.23451,
	5.55811 7.24554,
	5.55259 7.25657,
	5.54708 7.27864,
	5.54294 7.28967,
	5.53949 7.29519,
	5.53397 7.30002,
	5.52294 7.30485,
	5.51742 7.30622,
	5.49536 7.30691,
	5.45122 7.30485,
	5.42916 7.30347,
	5.38502 7.30416,
	5.37399 7.30416,
	5.35192 7.30691,
	5.34089 7.30829,
	5.32985 7.3076,
	5.31882 7.30829,
	5.30779 7.3076,
	5.30227 7.30622,
	5.29675 7.30622,
	5.27469 7.29657,
	5.26365 7.29243,
	5.25814 7.29036,
	5.2471 7.28347,
	5.22504 7.26416,
	5.214 7.25382,
	5.16987 7.21865,
	5.1478 7.20141,
	5.12711 7.17934,
	5.10505 7.1621,
	5.09401 7.15314,
	5.08919 7.14762,
	5.08643 7.1421,
	5.08505 7.13934,
	5.06298 7.11797,
	5.05747 7.11314,
	5.03954 7.09107,
	5.02919 7.08004,
	5.02437 7.07452,
	5.0023 7.05866,
	4.98023 7.04625,
	4.97471 7.0428,
	4.94092 6.99867,
	4.92782 6.9766,
	4.92437 6.97108,
	4.91334 6.96074,
	4.89334 6.93867,
	4.84921 6.89523,
	4.83266 6.87316,
	4.82025 6.85109,
	4.81473 6.84006,
	4.81197 6.82903,
	4.80921 6.82351,
	4.80921 6.82075,
	4.80645 6.81524,
	4.8037 6.8042,
	4.80232 6.79869,
	4.80232 6.79593,
	4.79749 6.78489,
	4.79128 6.77455,
	4.78853 6.76903,
	4.78784 6.758,
	4.78784 6.75248,
	4.78301 6.74145,
	4.78025 6.73593,
	4.77956 6.7249,
	4.78163 6.70283,
	4.78163 6.69732,
	4.77956 6.68628,
	4.77956 6.67525,
	4.77956 6.67387,
	"/>
</Transform>

<Transform dim="0"
 xcoef=" 0 1 0 0 0 0"
 ycoef=" 0 0 1 0 0 0">
<Contour name="d07" hidden="true" closed="true" simplified="true" border="1 0 1" fill="1 0 1" mode="9"
 points="3.4181 8.07795,
	3.42663 8.05973,
	3.46175 8.02745,
	3.47488 8.01365,
	3.50249 8.04465,
	3.50415 8.11677,
	3.50498 8.15282,
	3.50519 8.16184,
	3.43361 8.16781,
	3.41986 8.15457,
	3.4182 8.08245,
	"/>
<Contour name="d07" hidden="true" closed="true" simplified="true" border="1 0 1" fill="1 0 1" mode="9"
 points="3.7553 7.53892,
	3.76094 7.39449,
	3.76073 7.38548,
	3.78689 7.35338,
	3.822 7.32109,
	3.89358 7.31512,
	3.91181 7.32827,
	4.05539 7.33435,
	4.0733 7.33398,
	4.10884 7.31972,
	4.18052 7.31825,
	4.21178 7.3131,
	4.2249 7.29931,
	4.29659 7.29784,
	4.31451 7.29747,
	4.35097 7.32378,
	4.3692 7.33694,
	4.37451 7.3729,
	4.36721 7.44521,
	4.36804 7.48126,
	4.36845 7.49929,
	4.35096 7.51769,
	4.33324 7.52707,
	4.31573 7.54546,
	4.28031 7.56423,
	4.21904 7.62862,
	4.20601 7.64693,
	4.19789 7.68316,
	4.15463 7.7517,
	4.13275 7.77469,
	4.12015 7.81102,
	4.08951 7.84323,
	4.0719 7.85711,
	4.00011 7.85407,
	3.96376 7.83227,
	3.92708 7.79695,
	3.8851 7.72565,
	3.86187 7.69005,
	3.82603 7.69078,
	3.80811 7.69115,
	3.78998 7.68251,
	3.77165 7.66485,
	3.75737 7.62906,
	3.75571 7.55694,
	3.7554 7.54342,
	"/>
</Transform>

<Transform dim="0"
 xcoef=" 0 1 0 0 0 0"
 ycoef=" 0 0 1 0 0 0">
<Contour name="ax19" comment="LK bouton trace named after cfa" hidden="false" closed="true" simplified="true" border="0 1 1" fill="0.502 1 1" mode="-9"
 points="2.92879 8.00656,
	2.93003 8.00158,
	2.93065 7.98166,
	2.93439 7.96175,
	2.93501 7.95926,
	2.93314 7.93934,
	2.93314 7.92938,
	2.93439 7.91943,
	2.9375 7.90947,
	2.93937 7.90449,
	2.94559 7.89453,
	2.96488 7.87648,
	2.9736 7.86653,
	2.97982 7.85657,
	2.98169 7.84661,
	2.9848 7.83665,
	2.98729 7.83167,
	2.99662 7.82172,
	3.00347 7.81176,
	3.01529 7.79184,
	3.02836 7.77193,
	3.02961 7.76944,
	3.04828 7.74952,
	3.05637 7.73957,
	3.05948 7.73459,
	3.06322 7.72463,
	3.06446 7.72214,
	3.06508 7.71716,
	3.06695 7.71218,
	3.06695 7.70969,
	3.06944 7.70472,
	3.085 7.6848,
	3.09558 7.66488,
	3.09744 7.65493,
	3.09744 7.64497,
	3.09807 7.63999,
	3.10242 7.63003,
	3.11612 7.61012,
	3.11985 7.60514,
	3.12109 7.60265,
	3.13914 7.58273,
	3.14412 7.57776,
	3.15159 7.5678,
	3.16092 7.55784,
	3.18084 7.54166,
	3.1908 7.53481,
	3.19515 7.52983,
	3.20947 7.50992,
	3.22503 7.49,
	3.22938 7.48502,
	3.2325 7.48005,
	3.24183 7.47009,
	3.26175 7.45204,
	3.28166 7.43897,
	3.29162 7.43213,
	3.31153 7.42341,
	3.33145 7.41657,
	3.35136 7.41283,
	3.36132 7.41097,
	3.40115 7.40785,
	3.41111 7.41159,
	3.42107 7.41657,
	3.43103 7.42341,
	3.44098 7.42839,
	3.45094 7.43461,
	3.45592 7.4371,
	3.47583 7.45577,
	3.48455 7.46573,
	3.48953 7.47569,
	3.49762 7.4956,
	3.49886 7.50058,
	3.50882 7.5205,
	3.51753 7.54041,
	3.52064 7.55037,
	3.52127 7.55535,
	3.53122 7.57527,
	3.53683 7.58522,
	3.54429 7.59518,
	3.54865 7.60016,
	3.55923 7.62008,
	3.56234 7.63003,
	3.56732 7.63999,
	3.57417 7.64995,
	3.57852 7.65493,
	3.58101 7.65742,
	3.58288 7.6624,
	3.5835 7.67235,
	3.58039 7.69227,
	3.57915 7.70223,
	3.5723 7.72214,
	3.56857 7.7321,
	3.5667 7.73708,
	3.56545 7.74704,
	3.56483 7.75201,
	3.56483 7.7545,
	3.56296 7.75948,
	3.56172 7.7794,
	3.55861 7.79931,
	3.55674 7.81923,
	3.55674 7.83914,
	3.56047 7.85906,
	3.55985 7.87897,
	3.55363 7.89889,
	3.54305 7.9188,
	3.51691 7.95863,
	3.51442 7.96361,
	3.50135 7.98353,
	3.49886 7.98851,
	3.48579 8.00842,
	3.48019 8.01838,
	3.47646 8.02336,
	3.47397 8.02834,
	3.46525 8.0383,
	3.44534 8.05634,
	3.42542 8.06879,
	3.41547 8.07626,
	3.39555 8.08746,
	3.37564 8.0968,
	3.35572 8.10738,
	3.34576 8.11111,
	3.32585 8.11298,
	3.31589 8.11111,
	3.31091 8.10924,
	3.291 8.09804,
	3.28104 8.09369,
	3.27108 8.08684,
	3.2661 8.08311,
	3.24619 8.07315,
	3.24121 8.07066,
	3.22129 8.06692,
	3.20138 8.07004,
	3.18146 8.07439,
	3.16155 8.07501,
	3.15159 8.07501,
	3.13167 8.07128,
	3.12172 8.06941,
	3.11176 8.06568,
	3.1018 8.06443,
	3.06197 8.0663,
	3.02214 8.07128,
	3.00223 8.07315,
	2.98231 8.07253,
	2.97235 8.0719,
	2.96239 8.07004,
	2.95742 8.06879,
	2.94746 8.06319,
	2.94497 8.06195,
	2.93812 8.05199,
	2.93314 8.04203,
	2.93003 8.03207,
	2.92879 8.02709,
	2.92879 8.00718,
	"/>
</Transform>

<Transform dim="0"
 xcoef=" 0 1 0 0 0 0"
 ycoef=" 0 0 1 0 0 0">
<Contour name="ax20" comment="LK bouton trace named after cfa" hidden="false" closed="true" simplified="true" border="0 1 1" fill="0.502 1 1" mode="9"
 points="4.95124 7.33934,
	4.9535 7.3333,
	4.95501 7.32123,
	4.95577 7.31519,
	4.95577 7.31217,
	4.9603 7.3001,
	4.96709 7.28803,
	4.9701 7.27595,
	4.97086 7.26992,
	4.97539 7.26388,
	4.98142 7.25936,
	4.98746 7.25634,
	4.99953 7.25558,
	5.0116 7.25936,
	5.01689 7.26313,
	5.02669 7.2752,
	5.03877 7.28501,
	5.04178 7.28727,
	5.0448 7.28803,
	5.04782 7.29029,
	5.07197 7.29482,
	5.078 7.29633,
	5.08102 7.29708,
	5.09234 7.30689,
	5.09385 7.30991,
	5.09536 7.31066,
	5.09913 7.32274,
	5.09913 7.33481,
	5.0946 7.34688,
	5.08932 7.35292,
	5.08404 7.35669,
	5.07197 7.36046,
	5.06593 7.36273,
	5.06291 7.36424,
	5.0614 7.36424,
	5.04933 7.37254,
	5.04631 7.37555,
	5.04103 7.37933,
	5.03877 7.38159,
	5.03726 7.38159,
	5.03575 7.3831,
	5.03424 7.3831,
	5.0282 7.38687,
	5.02669 7.38838,
	5.02066 7.38989,
	4.99651 7.38913,
	4.99048 7.38763,
	4.98897 7.38763,
	4.98746 7.38612,
	4.98142 7.38461,
	4.97539 7.38083,
	4.96105 7.3582,
	4.95275 7.34688,
	4.95124 7.34537,
	4.95124 7.34009,
	"/>
</Transform>

<Transform dim="0"
 xcoef=" 0 1 0 0 0 0"
 ycoef=" 0 0 1 0 0 0">
<Contour name="d01" hidden="true" closed="true" simplified="true" border="1 0.5 0" fill="1 0.5 0" mode="9"
 points="4.96833 3.4871,
	5.00946 3.44387,
	5.02428 3.40118,
	5.03286 3.31623,
	5.11598 3.26684,
	5.15736 3.2342,
	5.19911 3.21745,
	5.24061 3.19011,
	5.31774 3.10906,
	5.35973 3.10289,
	5.44456 3.12765,
	5.46598 3.1431,
	5.50821 3.14754,
	5.52927 3.14711,
	5.55474 3.1095,
	5.58081 3.09836,
	5.5157 3.01493,
	5.50468 2.99396,
	5.50946 2.97267,
	5.54545 2.93484,
	5.56614 2.91853,
	5.57655 2.91301,
	5.59258 2.92329,
	5.59882 2.96554,
	5.60457 2.98662,
	5.5998 3.00791,
	5.61129 3.05006,
	5.61178 3.07125,
	5.6228 3.09221,
	5.63884 3.10248,
	5.66711 3.18667,
	5.71117 3.27054,
	5.74372 3.31226,
	5.76527 3.33301,
	5.78203 3.37506,
	5.81459 3.41678,
	5.8256 3.43774,
	5.84715 3.4585,
	5.88962 3.47353,
	5.90028 3.4786,
	5.8955 3.49989,
	5.89574 3.51049,
	5.88546 3.52129,
	5.89267 3.60592,
	5.90369 3.62688,
	5.91446 3.63727,
	5.92499 3.63705,
	5.93123 3.67931,
	5.92694 3.72178,
	5.91213 3.76447,
	5.88139 3.80219,
	5.83965 3.81894,
	5.81418 3.85655,
	5.79349 3.87287,
	5.78297 3.87309,
	5.7471 3.91621,
	5.73705 3.93761,
	5.72677 3.94841,
	5.72199 3.9697,
	5.71171 3.98051,
	5.71366 4.06525,
	5.72994 4.08611,
	5.77217 4.09054,
	5.79751 4.04764,
	5.8395 4.04148,
	5.85579 4.06233,
	5.87709 4.0725,
	5.87231 4.09379,
	5.87806 4.11487,
	5.8685 4.15745,
	5.88001 4.1996,
	5.91232 4.23072,
	5.93435 4.27266,
	5.92957 4.29395,
	5.88819 4.32659,
	5.87289 4.3481,
	5.85184 4.34853,
	5.81021 4.37058,
	5.79981 4.37608,
	5.77839 4.36063,
	5.7779 4.33944,
	5.78794 4.31805,
	5.76064 4.27622,
	5.67447 4.19321,
	5.58988 4.17905,
	5.56871 4.17418,
	5.52599 4.14856,
	5.48363 4.13884,
	5.44152 4.1397,
	5.35644 4.10436,
	5.35107 4.09917,
	5.34066 4.10468,
	5.32462 4.09441,
	5.32977 4.089,
	5.31348 4.06815,
	5.31838 4.05215,
	5.36013 4.0354,
	5.37543 4.0139,
	5.38021 3.99261,
	5.41082 3.94959,
	5.43151 3.93327,
	5.43579 3.89079,
	5.44057 3.8695,
	5.4511 3.86928,
	5.46138 3.85848,
	5.45074 3.8534,
	5.28338 3.90452,
	5.26208 3.89435,
	5.17627 3.82724,
	5.13858 3.79091,
	5.1174 3.78606,
	5.09598 3.77059,
	5.07492 3.77103,
	5.0333 3.79307,
	4.99021 3.75157,
	4.9792 3.7306,
	4.97199 3.64597,
	4.98153 3.60339,
	4.99684 3.58188,
	5.00113 3.53941,
	4.99538 3.51833,
	4.97408 3.50818,
	4.96845 3.4924,
	"/>
<Contour name="d08" hidden="false" closed="true" simplified="true" border="1 0 0" fill="1 0 0" mode="9"
 points="4.41431 3.05532,
	4.44989 3.03188,
	4.48568 3.01752,
	4.52188 3.02132,
	4.55399 3.04337,
	4.60068 3.11055,
	4.6731 3.11815,
	4.70521 3.1402,
	4.7285 3.17152,
	4.73343 3.18959,
	4.73059 3.26232,
	4.73142 3.29864,
	4.74579 3.33468,
	4.7692 3.37054,
	4.76962 3.3887,
	4.76531 3.39787,
	4.69301 3.3948,
	4.6569 3.39554,
	4.62049 3.38266,
	4.61105 3.3647,
	4.60938 3.29205,
	4.59049 3.25611,
	4.58105 3.23813,
	4.58021 3.20181,
	4.55681 3.16595,
	4.52439 3.13028,
	4.50592 3.11249,
	4.46951 3.09961,
	4.4333 3.09581,
	4.41494 3.08256,
	4.41452 3.0644,
	4.41441 3.05986,
	"/>
<Contour name="d08c21" hidden="false" closed="true" simplified="true" border="1 0 0" fill="0 1 0" mode="9"
 points="4.7028 3.19051,
	4.72592 3.1662,
	4.75289 3.16225,
	4.78041 3.1821,
	4.79086 3.1955,
	4.7955 3.24986,
	4.81366 3.30394,
	4.81829 3.35829,
	4.81523 3.37197,
	4.80193 3.38245,
	4.79517 3.38259,
	4.78856 3.38953,
	4.76151 3.39009,
	4.74799 3.39037,
	4.74123 3.3905,
	4.73431 3.38383,
	4.72693 3.35676,
	4.71985 3.34329,
	4.71953 3.32969,
	4.70538 3.30276,
	4.70287 3.19391,
	"/>
<Contour name="d08cfa21" hidden="false" closed="false" simplified="false" border="0 1 1" fill="0 1 1" mode="9"
 points="4.78913 3.37993,
	4.76107 3.33625,
	4.74276 3.27538,
	4.74119 3.20734,
	4.74693 3.16299,
	"/>
<Contour name="D14" hidden="false" closed="true" simplified="true" border="1 0 0" fill="1 0 0" mode="11"
 points="4.11165 3.73007,
	4.11339 3.72405,
	4.11872 3.71856,
	4.12711 3.71411,
	4.13776 3.71115,
	4.14961 3.70996,
	4.16149 3.71067,
	4.17227 3.71319,
	4.18086 3.71729,
	4.18644 3.72256,
	4.18846 3.72849,
	4.18672 3.7345,
	4.18139 3.73999,
	4.17299 3.74444,
	4.16234 3.74741,
	4.1505 3.7486,
	4.13861 3.74789,
	4.12783 3.74537,
	4.11924 3.74127,
	"/>
<Contour name="D14" hidden="false" closed="true" simplified="true" border="1 0 0" fill="1 0 0" mode="11"
 points="3.66521 3.66305,
	3.66672 3.65255,
	3.67157 3.643,
	3.67928 3.63534,
	3.68911 3.63033,
	3.70009 3.62844,
	3.71114 3.62988,
	3.72119 3.63449,
	3.72925 3.64182,
	3.73454 3.65116,
	3.73653 3.66159,
	3.73502 3.67209,
	3.73017 3.68164,
	3.72246 3.6893,
	3.71263 3.69431,
	3.70165 3.6962,
	3.69059 3.69476,
	3.68054 3.69016,
	3.67249 3.68282,
	"/>
</Transform>

<Transform dim="0"
 xcoef=" 0 1 0 0 0 0"
 ycoef=" 0 0 1 0 0 0">
<Contour name="ax30" comment="LK bouton trace named after cfa" hidden="false" closed="true" simplified="true" border="0 1 1" fill="0.502 1 1" mode="9"
 points="3.75227 3.65149,
	3.75794 3.64141,
	3.7592 3.63889,
	3.77747 3.61874,
	3.77936 3.61622,
	3.78062 3.61496,
	3.78062 3.6137,
	3.78503 3.60866,
	3.80833 3.56834,
	3.81022 3.56331,
	3.81337 3.55827,
	3.82282 3.54819,
	3.82786 3.54315,
	3.83479 3.53307,
	3.8392 3.52299,
	3.84172 3.51291,
	3.84109 3.50284,
	3.83101 3.48268,
	3.83038 3.4726,
	3.83227 3.46252,
	3.83731 3.45244,
	3.84046 3.44741,
	3.85054 3.43733,
	3.85495 3.43229,
	3.86062 3.42221,
	3.86376 3.41213,
	3.86565 3.40205,
	3.86565 3.39197,
	3.8688 3.3819,
	3.87132 3.37686,
	3.87384 3.36678,
	3.87447 3.3567,
	3.87321 3.34662,
	3.87195 3.34158,
	3.87636 3.32143,
	3.88014 3.31135,
	3.88266 3.30127,
	3.88392 3.29119,
	3.88959 3.27104,
	3.89778 3.25088,
	3.89967 3.24584,
	3.90156 3.22568,
	3.90093 3.22064,
	3.9003 3.21812,
	3.89652 3.21309,
	3.894 3.20805,
	3.89337 3.20301,
	3.89148 3.19797,
	3.89022 3.18789,
	3.88896 3.18537,
	3.88833 3.16521,
	3.88833 3.16017,
	3.89085 3.1501,
	3.89337 3.14506,
	3.89715 3.14002,
	3.89967 3.13498,
	3.90786 3.1249,
	3.91794 3.11671,
	3.92801 3.10978,
	3.93809 3.10411,
	3.94313 3.10222,
	3.94817 3.09844,
	3.95069 3.09781,
	3.95321 3.09592,
	3.96329 3.09467,
	3.96833 3.09529,
	3.97337 3.09781,
	3.99352 3.11356,
	4.00171 3.12364,
	4.01116 3.13372,
	4.03132 3.15136,
	4.03636 3.15513,
	4.04139 3.15702,
	4.05147 3.15639,
	4.07163 3.14884,
	4.08171 3.14317,
	4.08675 3.14002,
	4.1069 3.12049,
	4.11572 3.11104,
	4.12076 3.10726,
	4.12328 3.10537,
	4.13336 3.10285,
	4.1384 3.10159,
	4.14344 3.10159,
	4.15352 3.09907,
	4.17367 3.09781,
	4.18375 3.09844,
	4.19383 3.10033,
	4.20391 3.10096,
	4.22406 3.10537,
	4.24422 3.11104,
	4.2543 3.11293,
	4.26438 3.11293,
	4.28453 3.10789,
	4.30469 3.0997,
	4.31477 3.09844,
	4.33492 3.09907,
	4.345 3.10033,
	4.36516 3.10033,
	4.37524 3.10159,
	4.39539 3.106,
	4.43571 3.09655,
	4.45586 3.09152,
	4.46594 3.089,
	4.47602 3.08837,
	4.48106 3.08837,
	4.49114 3.09089,
	4.49618 3.09467,
	4.50437 3.10411,
	4.50941 3.10537,
	4.51066 3.10537,
	4.52074 3.11293,
	4.52578 3.11608,
	4.56547 3.15576,
	4.57365 3.16584,
	4.57743 3.17088,
	4.58688 3.19104,
	4.59003 3.20112,
	4.59255 3.22127,
	4.59318 3.23135,
	4.59381 3.23639,
	4.59822 3.24647,
	4.61145 3.26663,
	4.61838 3.2767,
	4.62279 3.28678,
	4.62531 3.29182,
	4.6272 3.31198,
	4.62657 3.33213,
	4.62783 3.34221,
	4.62908 3.34725,
	4.63097 3.34977,
	4.63349 3.35985,
	4.63475 3.38001,
	4.63664 3.39008,
	4.63853 3.3926,
	4.63916 3.39512,
	4.63916 3.39638,
	4.64105 3.3989,
	4.64294 3.40898,
	4.64231 3.41906,
	4.63979 3.42914,
	4.63853 3.43166,
	4.64231 3.44174,
	4.64357 3.44678,
	4.64357 3.45685,
	4.64231 3.46189,
	4.64231 3.46441,
	4.63664 3.47449,
	4.62845 3.48457,
	4.6083 3.50347,
	4.60578 3.5041,
	4.58562 3.51984,
	4.58058 3.52362,
	4.5705 3.53307,
	4.55035 3.54882,
	4.54027 3.55638,
	4.53019 3.56268,
	4.52515 3.56646,
	4.51507 3.56897,
	4.49492 3.56897,
	4.48484 3.56771,
	4.47476 3.56394,
	4.45586 3.54378,
	4.44579 3.53433,
	4.42563 3.52047,
	4.41555 3.5148,
	4.41051 3.51228,
	4.40547 3.51102,
	4.40295 3.50976,
	4.3828 3.50788,
	4.36264 3.51102,
	4.34248 3.51606,
	4.33241 3.5211,
	4.31225 3.53433,
	4.30721 3.53748,
	4.29713 3.54756,
	4.28705 3.55575,
	4.28201 3.56016,
	4.27949 3.56205,
	4.27383 3.57212,
	4.27131 3.57716,
	4.27131 3.5822,
	4.27257 3.58724,
	4.27886 3.59732,
	4.28768 3.6074,
	4.29146 3.61244,
	4.29209 3.61496,
	4.29524 3.62,
	4.29524 3.62126,
	4.29713 3.62378,
	4.29776 3.63385,
	4.29713 3.64393,
	4.2965 3.64645,
	4.28831 3.6559,
	4.28327 3.65968,
	4.28075 3.66157,
	4.27949 3.66157,
	4.27697 3.66346,
	4.25682 3.66976,
	4.25178 3.67039,
	4.24926 3.67165,
	4.2291 3.67291,
	4.21902 3.67291,
	4.20895 3.67543,
	4.20391 3.67732,
	4.18375 3.68047,
	4.17367 3.68173,
	4.16863 3.68236,
	4.14848 3.68047,
	4.1384 3.68047,
	4.11824 3.68362,
	4.1132 3.68487,
	4.09305 3.69369,
	4.08801 3.69621,
	4.06785 3.69621,
	4.05777 3.69558,
	4.04769 3.69369,
	4.03762 3.69054,
	4.02754 3.68865,
	4.01746 3.6855,
	4.01242 3.68362,
	4.00234 3.68173,
	3.99982 3.68047,
	3.98974 3.67858,
	3.97966 3.67417,
	3.97715 3.67291,
	3.96707 3.67165,
	3.94691 3.67165,
	3.93683 3.67228,
	3.91668 3.67921,
	3.91164 3.68047,
	3.90156 3.6855,
	3.89148 3.68928,
	3.87825 3.70881,
	3.8751 3.71385,
	3.85495 3.73212,
	3.84487 3.73968,
	3.83983 3.7422,
	3.81967 3.74534,
	3.79952 3.74597,
	3.78944 3.74597,
	3.7844 3.74534,
	3.77936 3.7422,
	3.77432 3.73716,
	3.76991 3.72708,
	3.76865 3.72204,
	3.76802 3.70188,
	3.76676 3.6918,
	3.75605 3.67165,
	3.75353 3.66661,
	3.75227 3.65653,
	3.75227 3.65212,
	"/>
</Transform>

<Transform dim="0"
 xcoef=" 0 1 0 0 0 0"
 ycoef=" 0 0 1 0 0 0">
<Contour name="ax29" comment="LK bouton trace named after cfa" hidden="false" closed="true" simplified="true" border="0 1 1" fill="0.502 1 1" mode="9"
 points="0.158744 2.95115,
	0.162034 2.95033,
	0.162856 2.93799,
	0.162856 2.9347,
	0.161211 2.93388,
	0.162034 2.92072,
	0.163679 2.91414,
	0.167791 2.90756,
	0.170259 2.90427,
	0.171904 2.90263,
	0.171904 2.90098,
	0.175194 2.89934,
	0.178484 2.89605,
	0.185064 2.8944,
	0.191644 2.8944,
	0.194934 2.89358,
	0.196579 2.89522,
	0.202337 2.89111,
	0.205627 2.88864,
	0.207272 2.88535,
	0.208917 2.88371,
	0.212207 2.88289,
	0.214674 2.8796,
	0.221254 2.87713,
	0.227834 2.87631,
	0.231124 2.87631,
	0.237704 2.87384,
	0.250865 2.87219,
	0.257445 2.87137,
	0.264025 2.87219,
	0.269782 2.87466,
	0.27225 2.87795,
	0.271427 2.88453,
	0.266492 2.89769,
	0.26567 2.90098,
	0.257445 2.91332,
	0.254977 2.9199,
	0.244284 2.93306,
	0.238527 2.93964,
	0.232769 2.94211,
	0.231124 2.94375,
	0.227834 2.94375,
	0.222077 2.94622,
	0.208917 2.94704,
	0.202337 2.94869,
	0.199047 2.94869,
	0.197402 2.94951,
	0.197402 2.95115,
	0.190822 2.9528,
	0.187532 2.9528,
	0.184241 2.95444,
	0.171081 2.95362,
	0.164501 2.95444,
	0.161211 2.9528,
	0.159566 2.95198,
	"/>
</Transform>

<Transform dim="0"
 xcoef=" 0 1 0 0 0 0"
 ycoef=" 0 0 1 0 0 0">
<Contour name="d07c22ax18" hidden="true" closed="true" simplified="true" border="0 1 0" fill="0 1 0" mode="9"
 points="4.77273 6.94846,
	4.7808 6.92264,
	4.78564 6.90973,
	4.83729 6.86292,
	4.85021 6.85001,
	4.8615 6.84032,
	5.2747 7.23415,
	5.28116 7.24061,
	5.22305 7.3439,
	5.22144 7.34552,
	5.01484 7.2164,
	4.96319 7.18411,
	4.79533 6.97752,
	4.77435 6.95169,
	4.77273 6.95008,
	"/>
</Transform>

<Transform dim="0"
 xcoef=" 0 1 0 0 0 0"
 ycoef=" 0 0 1 0 0 0">
<Contour name="ddh_d06ax14b" comment="traced by ddh" hidden="false" closed="true" simplified="true" border="0 1 1" fill="0 1 1" mode="11"
 points="3.17261 5.77048,
	3.175 5.76728,
	3.1758 5.76409,
	3.1806 5.75769,
	3.19339 5.73211,
	3.19579 5.71932,
	3.19659 5.71293,
	3.19179 5.68735,
	3.19259 5.67456,
	3.19259 5.67136,
	3.19419 5.66816,
	3.20698 5.65857,
	3.23256 5.64978,
	3.25814 5.64418,
	3.28371 5.64418,
	3.30929 5.64578,
	3.32208 5.64498,
	3.34766 5.63939,
	3.35406 5.63859,
	3.36685 5.63939,
	3.37324 5.64099,
	3.37484 5.64099,
	3.38044 5.64738,
	3.38044 5.66017,
	3.37884 5.66657,
	3.37164 5.67936,
	3.34766 5.70493,
	3.33727 5.71772,
	3.32848 5.73051,
	3.32128 5.7433,
	3.31809 5.7497,
	3.3053 5.75769,
	3.3037 5.75769,
	3.3005 5.76009,
	3.27492 5.76808,
	3.26213 5.76888,
	3.23655 5.76489,
	3.22376 5.76568,
	3.21737 5.76728,
	3.21417 5.76888,
	3.20138 5.78007,
	3.18859 5.78407,
	3.1822 5.78487,
	3.179 5.78567,
	3.1758 5.78487,
	3.17261 5.77927,
	3.17261 5.77288,
	3.17261 5.77128,
	"/>
</Transform>

<Transform dim="0"
 xcoef=" 0 1 0 0 0 0"
 ycoef=" 0 0 1 0 0 0">
<Contour name="ddh_d06ax15" comment="traced by ddh" hidden="false" closed="true" simplified="true" border="1 0.5 0" fill="1 0.5 0" mode="11"
 points="1.50334 8.33257,
	1.50392 8.32795,
	1.5045 8.32564,
	1.51317 8.31696,
	1.51549 8.31523,
	1.5178 8.31465,
	1.52011 8.31291,
	1.53861 8.31002,
	1.54324 8.31002,
	1.55249 8.30829,
	1.55712 8.30655,
	1.55827 8.3054,
	1.56753 8.30135,
	1.57678 8.29846,
	1.57909 8.2973,
	1.58372 8.29672,
	1.58834 8.29499,
	1.62535 8.2921,
	1.6346 8.29268,
	1.6531 8.29152,
	1.6716 8.28458,
	1.68085 8.28285,
	1.71786 8.28227,
	1.73636 8.284,
	1.74099 8.28516,
	1.74214 8.28516,
	1.7433 8.28632,
	1.74561 8.2869,
	1.74966 8.28979,
	1.75082 8.28979,
	1.75949 8.29615,
	1.77742 8.31291,
	1.77857 8.31523,
	1.77973 8.31638,
	1.77973 8.31754,
	1.78088 8.31812,
	1.78088 8.31927,
	1.78262 8.32159,
	1.7832 8.32621,
	1.78262 8.33084,
	1.77742 8.34009,
	1.77626 8.3424,
	1.7751 8.34298,
	1.7751 8.34414,
	1.77279 8.34587,
	1.76701 8.35339,
	1.76296 8.35744,
	1.76065 8.35917,
	1.75949 8.36033,
	1.75833 8.36033,
	1.75429 8.36322,
	1.75197 8.36438,
	1.75082 8.36553,
	1.7485 8.36611,
	1.74388 8.369,
	1.72538 8.3742,
	1.71613 8.37478,
	1.70687 8.3771,
	1.70456 8.37825,
	1.7034 8.37825,
	1.6849 8.38924,
	1.67565 8.3956,
	1.67334 8.39675,
	1.67218 8.39675,
	1.6716 8.39791,
	1.66698 8.39907,
	1.66582 8.40022,
	1.65657 8.40196,
	1.63807 8.40138,
	1.62882 8.4008,
	1.61031 8.40254,
	1.60569 8.40254,
	1.60106 8.40369,
	1.59181 8.40369,
	1.5895 8.40369,
	1.58718 8.40254,
	1.57793 8.40138,
	1.57562 8.40138,
	1.57331 8.40022,
	1.56868 8.39965,
	1.56406 8.39791,
	1.56174 8.39733,
	1.55249 8.39155,
	1.55018 8.39097,
	1.54555 8.3875,
	1.52763 8.38057,
	1.52358 8.37767,
	1.51606 8.37016,
	1.51028 8.36148,
	1.50681 8.35223,
	1.50681 8.35108,
	1.50566 8.34992,
	1.50508 8.34761,
	1.50508 8.34645,
	1.50392 8.34529,
	1.50334 8.33604,
	1.50334 8.33373,
	1.50334 8.33315,
	"/>
</Transform>

<Transform dim="0"
 xcoef=" 0 1 0 0 0 0"
 ycoef=" 0 0 1 0 0 0">
<Contour name="ddh_d06ax18" comment="traced by ddh" hidden="false" closed="true" simplified="true" border="1 0 0.5" fill="1 0 0.5" mode="11"
 points="3.50669 8.07681,
	3.50824 8.07059,
	3.50824 8.06903,
	3.5098 8.06748,
	3.51057 8.06437,
	3.51213 8.06282,
	3.51291 8.05971,
	3.51524 8.0566,
	3.51524 8.05504,
	3.52379 8.04338,
	3.53079 8.03094,
	3.54167 8.02084,
	3.54789 8.01851,
	3.56033 8.01928,
	3.56654 8.01928,
	3.56965 8.02084,
	3.58209 8.02317,
	3.59453 8.02317,
	3.60075 8.02317,
	3.60697 8.02472,
	3.61008 8.02472,
	3.61163 8.02472,
	3.61319 8.02628,
	3.61474 8.02628,
	3.62096 8.03094,
	3.63029 8.04338,
	3.63262 8.04649,
	3.63417 8.04727,
	3.63417 8.04882,
	3.63884 8.05504,
	3.64117 8.06126,
	3.64117 8.06282,
	3.64273 8.06437,
	3.64428 8.07059,
	3.64428 8.09546,
	3.64584 8.10168,
	3.64584 8.10479,
	3.65128 8.11723,
	3.65361 8.12345,
	3.65439 8.12967,
	3.65672 8.13589,
	3.6575 8.14833,
	3.65672 8.15454,
	3.65361 8.16076,
	3.65283 8.16387,
	3.64817 8.16931,
	3.63573 8.17942,
	3.62407 8.18797,
	3.6194 8.19341,
	3.60697 8.20196,
	3.60541 8.20196,
	3.59919 8.20663,
	3.59608 8.2074,
	3.59453 8.20896,
	3.58209 8.20818,
	3.57587 8.20585,
	3.57276 8.20507,
	3.56654 8.19963,
	3.551 8.17942,
	3.54711 8.17398,
	3.54167 8.16931,
	3.53778 8.1631,
	3.53467 8.15999,
	3.52768 8.1491,
	3.52534 8.14288,
	3.52534 8.13666,
	3.52379 8.13356,
	3.52223 8.12112,
	3.5199 8.1149,
	3.51213 8.10246,
	3.50669 8.0908,
	3.50669 8.07836,
	3.50669 8.07759,
	"/>
</Transform>

<Transform dim="0"
 xcoef=" 0 1 0 0 0 0"
 ycoef=" 0 0 1 0 0 0">
<Contour name="ddh_d06ax19" comment="traced by ddh" hidden="false" closed="true" simplified="true" border="1 0 0" fill="1 0 0" mode="11"
 points="3.19138 5.12242,
	3.19453 5.11613,
	3.19925 5.10983,
	3.22444 5.09566,
	3.23704 5.08857,
	3.24019 5.08621,
	3.24649 5.08385,
	3.24963 5.08228,
	3.25121 5.08228,
	3.2638 5.07519,
	3.2764 5.06653,
	3.289 5.05394,
	3.29529 5.04921,
	3.30789 5.04292,
	3.31419 5.04055,
	3.31733 5.03898,
	3.32363 5.03819,
	3.32993 5.03583,
	3.34253 5.03347,
	3.36772 5.02481,
	3.37401 5.02245,
	3.38031 5.02166,
	3.38346 5.02009,
	3.38976 5.0193,
	3.39291 5.0193,
	3.39606 5.01773,
	3.44644 5.01536,
	3.47163 5.01615,
	3.47478 5.01694,
	3.47635 5.01773,
	3.48895 5.01694,
	3.49525 5.02166,
	3.49997 5.02796,
	3.50076 5.04055,
	3.50076 5.04685,
	3.49682 5.05945,
	3.49603 5.0626,
	3.48659 5.07519,
	3.47399 5.08621,
	3.4488 5.0996,
	3.4362 5.10589,
	3.42991 5.10747,
	3.42361 5.1114,
	3.42203 5.11298,
	3.42046 5.11298,
	3.41731 5.11534,
	3.40472 5.11849,
	3.39842 5.12006,
	3.39527 5.12006,
	3.38897 5.12242,
	3.38267 5.12242,
	3.37008 5.12951,
	3.35748 5.13502,
	3.35119 5.14053,
	3.34489 5.14289,
	3.33859 5.14683,
	3.33544 5.14762,
	3.33229 5.14998,
	3.3197 5.15234,
	3.3071 5.15313,
	3.28191 5.15864,
	3.26931 5.161,
	3.26302 5.16257,
	3.23783 5.16179,
	3.22523 5.15942,
	3.21893 5.15785,
	3.21578 5.15706,
	3.21264 5.1547,
	3.20949 5.15391,
	3.20319 5.14919,
	3.19689 5.14289,
	3.19374 5.13974,
	3.19138 5.13345,
	3.19138 5.12715,
	3.19138 5.124,
	3.19138 5.12321,
	"/>
</Transform>

<Transform dim="0"
 xcoef=" 0 1 0 0 0 0"
 ycoef=" 0 0 1 0 0 0">
<Contour name="ddh_d07ax21" comment="traced by ddh" hidden="false" closed="true" simplified="true" border="0 1 0" fill="0 1 0" mode="11"
 points="2.17165 7.90817,
	2.17489 7.88225,
	2.17732 7.86929,
	2.19109 7.84337,
	2.2 7.83041,
	2.20324 7.82393,
	2.21377 7.81097,
	2.21944 7.80449,
	2.22268 7.80125,
	2.23564 7.79315,
	2.24779 7.78019,
	2.26642 7.75427,
	2.27614 7.74131,
	2.2891 7.71539,
	2.29477 7.70243,
	2.2972 7.69595,
	2.29963 7.68299,
	2.30125 7.65707,
	2.30044 7.63115,
	2.29396 7.60523,
	2.29234 7.5793,
	2.29882 7.55338,
	2.30287 7.54042,
	2.31826 7.5145,
	2.32312 7.50802,
	2.3296 7.50235,
	2.34256 7.49587,
	2.34904 7.49344,
	2.362 7.49182,
	2.36524 7.49101,
	2.37172 7.49263,
	2.38468 7.49344,
	2.39764 7.49668,
	2.42356 7.52179,
	2.43247 7.53394,
	2.43409 7.5469,
	2.43409 7.55338,
	2.43409 7.55662,
	2.43004 7.56958,
	2.40331 7.62143,
	2.38954 7.64735,
	2.38144 7.66031,
	2.36848 7.68623,
	2.35714 7.71215,
	2.32717 7.76399,
	2.32474 7.76723,
	2.32393 7.77047,
	2.3215 7.77371,
	2.3134 7.79963,
	2.30935 7.81259,
	2.30368 7.82555,
	2.30044 7.83203,
	2.29072 7.84499,
	2.27776 7.85552,
	2.26642 7.86767,
	2.25994 7.87253,
	2.25346 7.87496,
	2.2405 7.88387,
	2.22187 7.90898,
	2.2162 7.92194,
	2.20729 7.9349,
	2.20162 7.94057,
	2.19838 7.94381,
	2.18542 7.94543,
	2.18218 7.94462,
	2.17651 7.93895,
	2.17408 7.93571,
	2.17246 7.93409,
	2.17165 7.90898,
	"/>
</Transform>

<Transform dim="0"
 xcoef=" 0 1 0 0 0 0"
 ycoef=" 0 0 1 0 0 0">
<Contour name="ddh_d07ax21" comment="traced by ddh" hidden="false" closed="true" simplified="true" border="0 1 0" fill="0 1 0" mode="11"
 points="2.03175 8.33349,
	2.03277 8.33145,
	2.03328 8.32737,
	2.03481 8.32329,
	2.03634 8.32176,
	2.03787 8.31768,
	2.04042 8.31361,
	2.04807 8.30698,
	2.05163 8.30494,
	2.05367 8.30392,
	2.05469 8.30392,
	2.05571 8.3029,
	2.07203 8.29831,
	2.08019 8.29729,
	2.08834 8.29729,
	2.10466 8.30035,
	2.11282 8.30137,
	2.1169 8.30137,
	2.11893 8.30239,
	2.12301 8.30239,
	2.12505 8.3029,
	2.12607 8.30392,
	2.12709 8.30392,
	2.12811 8.30494,
	2.12913 8.30494,
	2.13627 8.31157,
	2.14086 8.31972,
	2.14188 8.32074,
	2.14188 8.32176,
	2.14341 8.3238,
	2.14647 8.33196,
	2.14647 8.34012,
	2.14545 8.34828,
	2.14188 8.35643,
	2.13831 8.36,
	2.13423 8.36255,
	2.13015 8.36408,
	2.12199 8.36459,
	2.10568 8.36357,
	2.10466 8.36357,
	2.10364 8.36255,
	2.09956 8.36204,
	2.09548 8.36051,
	2.08732 8.35949,
	2.07101 8.36153,
	2.06336 8.36663,
	2.05571 8.37275,
	2.05163 8.3753,
	2.04348 8.37479,
	2.04246 8.37479,
	2.03889 8.37122,
	2.03634 8.36765,
	2.03583 8.36561,
	2.03481 8.36459,
	2.0343 8.36255,
	2.0343 8.36153,
	2.03328 8.36051,
	2.03175 8.35235,
	2.03175 8.33604,
	2.03175 8.334,
	"/>
</Transform>

<Transform dim="0"
 xcoef=" 0 1 0 0 0 0"
 ycoef=" 0 0 1 0 0 0">
<Contour name="ddh_d07ax24" comment="traced by ddh" hidden="false" closed="true" simplified="true" border="1 0.5 0" fill="1 0.5 0" mode="11"
 points="3.56275 9.07168,
	3.56919 9.06024,
	3.57276 9.0488,
	3.57348 9.04308,
	3.58134 9.0202,
	3.58563 9.00876,
	3.59206 8.99732,
	3.61137 8.97444,
	3.62281 8.96443,
	3.62853 8.95943,
	3.6321 8.95371,
	3.63425 8.95085,
	3.63639 8.93941,
	3.63568 8.92797,
	3.62781 8.90509,
	3.62495 8.89937,
	3.62209 8.88793,
	3.62066 8.88221,
	3.61923 8.85933,
	3.61423 8.83645,
	3.61208 8.83073,
	3.61137 8.81929,
	3.61208 8.80785,
	3.61423 8.79641,
	3.61494 8.77353,
	3.61566 8.76209,
	3.62209 8.73921,
	3.64783 8.69345,
	3.65427 8.68201,
	3.65856 8.67057,
	3.66142 8.66485,
	3.66428 8.65342,
	3.66857 8.64198,
	3.675 8.63054,
	3.67715 8.62482,
	3.69073 8.60194,
	3.69645 8.5905,
	3.7036 8.57906,
	3.70503 8.5762,
	3.71004 8.57048,
	3.73292 8.55475,
	3.73721 8.54903,
	3.78296 8.51399,
	3.78868 8.5097,
	3.79798 8.49826,
	3.80942 8.48897,
	3.81514 8.48468,
	3.82586 8.47324,
	3.84016 8.45036,
	3.84588 8.43892,
	3.85017 8.42748,
	3.86376 8.4046,
	3.87162 8.39316,
	3.91452 8.3474,
	3.92024 8.34168,
	3.92453 8.33596,
	3.94741 8.31523,
	3.95313 8.31022,
	3.96457 8.30522,
	3.97029 8.30307,
	3.98173 8.30164,
	4.00461 8.30522,
	4.02749 8.31594,
	4.03893 8.32381,
	4.05037 8.33382,
	4.07182 8.3567,
	4.10542 8.40246,
	4.11186 8.4139,
	4.12187 8.43678,
	4.1283 8.45966,
	4.13903 8.50541,
	4.1476 8.52829,
	4.14975 8.53401,
	4.15118 8.54545,
	4.15189 8.55117,
	4.14689 8.57405,
	4.14546 8.57691,
	4.1426 8.59979,
	4.14117 8.60551,
	4.12902 8.62839,
	4.12187 8.63983,
	4.10328 8.66271,
	4.09899 8.66843,
	4.08755 8.67987,
	4.06824 8.70275,
	4.05895 8.71419,
	4.0518 8.72563,
	4.04608 8.73707,
	4.04393 8.74279,
	4.04322 8.76567,
	4.0425 8.77711,
	4.0425 8.78283,
	4.0375 8.79427,
	4.03535 8.79999,
	4.02177 8.82287,
	4.00461 8.84574,
	3.98173 8.86648,
	3.94026 8.91152,
	3.93454 8.91724,
	3.92525 8.92868,
	3.87949 8.96443,
	3.85732 8.9866,
	3.84588 8.99446,
	3.83444 9.0009,
	3.823 9.00876,
	3.818 9.01377,
	3.81442 9.01949,
	3.8037 9.03093,
	3.79226 9.03879,
	3.76938 9.04665,
	3.75794 9.0488,
	3.73506 9.04808,
	3.71218 9.0488,
	3.70074 9.04951,
	3.67786 9.05452,
	3.675 9.05738,
	3.66356 9.06453,
	3.65784 9.06882,
	3.65498 9.06953,
	3.65212 9.07168,
	3.64926 9.07239,
	3.64354 9.07597,
	3.6321 9.07954,
	3.60922 9.08383,
	3.59778 9.08741,
	3.58634 9.08955,
	3.5749 9.08955,
	3.56919 9.08741,
	3.5649 9.0824,
	3.56275 9.07954,
	3.56275 9.07382,
	3.56275 9.07239,
	"/>
</Transform>

<Transform dim="0"
 xcoef=" 0 1 0 0 0 0"
 ycoef=" 0 0 1 0 0 0">
<Contour name="ddh_d08ax18" comment="traced by ddh" hidden="false" closed="true" simplified="true" border="0 1 1" fill="0 1 1" mode="11"
 points="4.9832 2.55592,
	4.98469 2.55195,
	4.98519 2.54996,
	4.98618 2.54897,
	4.98618 2.54797,
	4.98817 2.54648,
	4.98817 2.54549,
	4.99164 2.54301,
	4.99413 2.54003,
	5.00158 2.53655,
	5.00257 2.53556,
	5.00654 2.53456,
	5.01052 2.53208,
	5.0125 2.53109,
	5.0135 2.53009,
	5.01449 2.53009,
	5.01697 2.5286,
	5.02095 2.52662,
	5.02393 2.52413,
	5.02591 2.52264,
	5.0284 2.51966,
	5.03237 2.51768,
	5.03585 2.5147,
	5.03982 2.51321,
	5.04777 2.51271,
	5.06366 2.5142,
	5.07161 2.51619,
	5.07956 2.51718,
	5.0875 2.51917,
	5.08949 2.51917,
	5.09694 2.52264,
	5.10091 2.52562,
	5.1029 2.52711,
	5.10489 2.53059,
	5.10588 2.53109,
	5.10737 2.53903,
	5.10737 2.54698,
	5.10588 2.55493,
	5.1034 2.56287,
	5.1034 2.56486,
	5.1024 2.56685,
	5.1024 2.57479,
	5.1034 2.58274,
	5.10588 2.59069,
	5.10737 2.59466,
	5.10886 2.59665,
	5.11035 2.60062,
	5.11035 2.60857,
	5.10985 2.61254,
	5.10737 2.61651,
	5.10638 2.6185,
	5.10439 2.62049,
	5.1034 2.62198,
	5.09545 2.62496,
	5.09148 2.62645,
	5.0875 2.62695,
	5.07956 2.62645,
	5.07757 2.62645,
	5.07558 2.62546,
	5.07161 2.62546,
	5.06366 2.62297,
	5.05571 2.619,
	5.05472 2.618,
	5.05075 2.61651,
	5.04677 2.61403,
	5.0428 2.61254,
	5.04131 2.61105,
	5.02542 2.60708,
	5.02144 2.60608,
	5.01946 2.60509,
	5.01846 2.60509,
	5.01499 2.60261,
	5.01399 2.60161,
	5.013 2.60161,
	5.01151 2.60012,
	5.00952 2.59963,
	5.00257 2.59267,
	4.99661 2.58522,
	4.99115 2.57877,
	4.99115 2.57777,
	4.98568 2.57032,
	4.98419 2.56834,
	4.9832 2.56436,
	4.9832 2.55642,
	"/>
</Transform>

</Section>