<?xml version="1.0"?>
<!DOCTYPE Section SYSTEM "section.dtd">

<Section index="158" thickness="0.045" alignLocked="true">
<Transform dim="6"
 xcoef=" 0.0952760683225813 1.00825716264578 -0.0267809606108929 0 0 0"
 ycoef=" -0.17671420803726 0.0178847787628444 1.01373276289052 0 0 0">
<Contour name="D04" hidden="false" closed="true" simplified="true" border="1 0 0" fill="1 0 0" mode="11"
 points="5.46492 7.32996,
	5.46778 7.29096,
	5.47628 7.25281,
	5.49024 7.21634,
	5.50936 7.18235,
	5.53323 7.15158,
	5.56131 7.1247,
	5.59299 7.1023,
	5.6276 7.08487,
	5.66436 7.07278,
	5.70248 7.0663,
	5.74113 7.06558,
	5.77947 7.07063,
	5.81665 7.08133,
	5.85186 7.09746,
	5.88435 7.11866,
	5.91339 7.14447,
	5.93836 7.17432,
	5.95871 7.20758,
	5.97399 7.2435,
	5.98388 7.28131,
	5.98816 7.32018,
	5.98673 7.35926,
	5.97963 7.39771,
	5.96701 7.43467,
	5.94914 7.46936,
	5.92642 7.501,
	5.89934 7.52891,
	5.86849 7.55248,
	5.83455 7.57119,
	5.79825 7.58464,
	5.76039 7.59254,
	5.72179 7.59471,
	5.6833 7.5911,
	5.64576 7.58179,
	5.60998 7.56699,
	5.57674 7.54702,
	5.54678 7.52231,
	5.52073 7.49341,
	5.49918 7.46094,
	5.48259 7.42562,
	5.47133 7.3882,
	"/>
</Transform>

<Transform dim="6"
 xcoef=" 0.175276068322581 1.00825716264578 -0.0267809606108929 0 0 0"
 ycoef=" 0.24328579196274 0.0178847787628444 1.01373276289052 0 0 0">
<Contour name="D05" hidden="false" closed="true" simplified="true" border="1 1 0" fill="1 1 0" mode="11"
 points="2.69299 3.97404,
	2.70475 3.90163,
	2.73888 3.83632,
	2.79205 3.78448,
	2.85904 3.7512,
	2.93329 3.73974,
	3.00755 3.7512,
	3.07454 3.78448,
	3.12771 3.83632,
	3.16184 3.90163,
	3.1736 3.97404,
	3.16184 4.04644,
	3.12771 4.11175,
	3.07454 4.16359,
	3.00755 4.19687,
	2.93329 4.20833,
	2.85904 4.19687,
	2.79205 4.16359,
	2.73888 4.11175,
	"/>
</Transform>

<Transform dim="6"
 xcoef=" 0.0952760683225813 1.00825716264578 -0.0267809606108929 0 0 0"
 ycoef=" -0.17671420803726 0.0178847787628444 1.01373276289052 0 0 0">
<Contour name="d01" hidden="false" closed="true" simplified="true" border="1 0.5 0" fill="1 0.5 0" mode="9"
 points="5.67914 3.08996,
	5.70045 3.04734,
	5.71643 3.02603,
	5.71643 3.01538,
	5.74839 2.97276,
	5.79101 2.93546,
	5.83363 2.91415,
	5.85494 2.90883,
	5.87093 2.86621,
	5.87093 2.8449,
	5.89224 2.82891,
	5.93486 2.82891,
	5.94551 2.82891,
	6.00412 2.74367,
	6.03075 2.70105,
	6.11067 2.64778,
	6.14796 2.61581,
	6.19058 2.60516,
	6.21189 2.58917,
	6.25451 2.58917,
	6.27582 2.59983,
	6.36106 2.5945,
	6.40368 2.60516,
	6.42499 2.61581,
	6.43564 2.63712,
	6.43564 2.67974,
	6.43564 2.6904,
	6.39302 2.73302,
	6.37171 2.74367,
	6.32909 2.78097,
	6.24385 2.83424,
	6.21722 2.87686,
	6.20123 2.91948,
	6.14796 3.00472,
	6.1373 3.02603,
	6.12665 3.03669,
	6.11599 3.03669,
	6.08403 3.12193,
	6.07337 3.16455,
	6.06805 3.18586,
	6.10534 3.2711,
	6.11599 3.29241,
	6.1373 3.31372,
	6.19058 3.39896,
	6.19058 3.42027,
	6.17992 3.43092,
	6.15861 3.43625,
	6.14796 3.43625,
	6.1373 3.44691,
	6.09468 3.46289,
	6.05206 3.46822,
	6.00944 3.49485,
	5.99346 3.50551,
	5.93486 3.59075,
	5.91355 3.60673,
	5.90289 3.61739,
	5.90289 3.62804,
	5.89224 3.6387,
	5.807 3.62804,
	5.78569 3.61206,
	5.74307 3.60673,
	5.72176 3.60673,
	5.70577 3.58542,
	5.70045 3.56411,
	5.70577 3.5428,
	5.74839 3.51616,
	5.7697 3.50551,
	5.82831 3.4256,
	5.81765 3.41494,
	5.81765 3.40429,
	5.78036 3.37232,
	5.75372 3.34568,
	5.73241 3.34568,
	5.7111 3.35634,
	5.68979 3.35634,
	5.68446 3.33503,
	5.68446 3.32437,
	5.70577 3.30839,
	5.7111 3.22315,
	5.70577 3.18053,
	5.67914 3.13791,
	5.67914 3.09529,
	"/>
</Transform>

<Transform dim="6"
 xcoef=" 0.0952760683225813 1.00825716264578 -0.0267809606108929 0 0 0"
 ycoef=" -0.17671420803726 0.0178847787628444 1.01373276289052 0 0 0">
<Contour name="d01" hidden="false" closed="true" simplified="true" border="1 0.5 0" fill="1 0.5 0" mode="9"
 points="4.0063 4.8587,
	4.03293 4.82141,
	4.04892 4.8001,
	4.0649 4.79477,
	4.08088 4.77346,
	4.10219 4.77346,
	4.14481 4.75748,
	4.18743 4.75748,
	4.23005 4.74682,
	4.25136 4.74682,
	4.25669 4.75748,
	4.23005 4.8001,
	4.18743 4.83206,
	4.14481 4.84804,
	4.0649 4.9173,
	4.03826 4.93861,
	4.01695 4.93328,
	4.0063 4.92263,
	4.0063 4.88001,
	4.0063 4.86403,
	"/>
</Transform>

<Transform dim="6"
 xcoef=" 0.0952760683225813 1.00825716264578 -0.0267809606108929 0 0 0"
 ycoef=" -0.17671420803726 0.0178847787628444 1.01373276289052 0 0 0">
<Contour name="d01" hidden="false" closed="true" simplified="true" border="1 0.5 0" fill="1 0.5 0" mode="9"
 points="3.48953 3.70263,
	3.52149 3.66001,
	3.60673 3.64402,
	3.69197 3.61206,
	3.73459 3.60673,
	3.81983 3.61739,
	3.86245 3.62804,
	3.88376 3.62804,
	3.92638 3.64402,
	3.96367 3.68664,
	4.00097 3.71861,
	4.03293 3.76123,
	4.04359 3.77188,
	4.05424 3.8145,
	4.04892 3.85712,
	4.04892 3.87843,
	4.01162 3.92105,
	3.99564 3.94236,
	4.00097 4.02761,
	4.01695 4.11285,
	4.01695 4.13416,
	3.98498 4.17678,
	3.94236 4.20874,
	3.92105 4.22472,
	3.9104 4.24603,
	3.88909 4.26734,
	3.87843 4.30996,
	3.87843 4.32062,
	3.86778 4.33127,
	3.84647 4.33127,
	3.83581 4.33127,
	3.82516 4.32062,
	3.80385 4.32062,
	3.79319 4.29931,
	3.78787 4.25669,
	3.79319 4.17145,
	3.77188 4.08621,
	3.76656 4.0649,
	3.72926 4.02761,
	3.70263 3.94236,
	3.68132 3.92105,
	3.59608 3.93171,
	3.57477 3.92638,
	3.55346 3.90507,
	3.5428 3.88376,
	3.52682 3.79852,
	3.51084 3.77721,
	3.50018 3.73459,
	3.48953 3.72394,
	3.48953 3.70795,
	"/>
</Transform>

<Transform dim="6"
 xcoef=" 0.0952760683225813 1.00825716264578 -0.0267809606108929 0 0 0"
 ycoef=" -0.17671420803726 0.0178847787628444 1.01373276289052 0 0 0">
<Contour name="d01" hidden="false" closed="true" simplified="true" border="1 0.5 0" fill="1 0.5 0" mode="9"
 points="5.49267 4.82141,
	5.50333 4.8001,
	5.50866 4.75748,
	5.51398 4.74682,
	5.52464 4.74682,
	5.56193 4.71486,
	5.57259 4.70953,
	5.58324 4.75215,
	5.58324 4.79477,
	5.58857 4.81608,
	5.60988 4.82141,
	5.62053 4.83206,
	5.58324 4.8587,
	5.54062 4.86935,
	5.51931 4.87468,
	5.498 4.86403,
	5.49267 4.82673,
	"/>
</Transform>

<Transform dim="6"
 xcoef=" 0.0952760683225813 1.00825716264578 -0.0267809606108929 0 0 0"
 ycoef=" -0.17671420803726 0.0178847787628444 1.01373276289052 0 0 0">
<Contour name="d01p29a" hidden="false" closed="true" simplified="true" border="0.5 0 1" fill="0.5 0 1" mode="13"
 points="5.15332 3.81244,
	5.1559 3.79746,
	5.16339 3.78395,
	5.17504 3.77322,
	5.18973 3.76634,
	5.20602 3.76396,
	5.2223 3.76634,
	5.23699 3.77322,
	5.24865 3.78395,
	5.25613 3.79746,
	5.25871 3.81244,
	5.25613 3.82743,
	5.24865 3.84094,
	5.23699 3.85167,
	5.2223 3.85855,
	5.20602 3.86092,
	5.18973 3.85855,
	5.17504 3.85167,
	5.16339 3.84094,
	"/>
<Contour name="d01p29b" hidden="false" closed="true" simplified="true" border="0.5 0 1" fill="0.5 0 1" mode="13"
 points="5.15332 3.81244,
	5.1559 3.79746,
	5.16339 3.78395,
	5.17504 3.77322,
	5.18973 3.76634,
	5.20602 3.76396,
	5.2223 3.76634,
	5.23699 3.77322,
	5.24865 3.78395,
	5.25613 3.79746,
	5.25871 3.81244,
	5.25613 3.82743,
	5.24865 3.84094,
	5.23699 3.85167,
	5.2223 3.85855,
	5.20602 3.86092,
	5.18973 3.85855,
	5.17504 3.85167,
	5.16339 3.84094,
	"/>
</Transform>

<Transform dim="6"
 xcoef=" 0.0952760683225813 1.00825716264578 -0.0267809606108929 0 0 0"
 ycoef=" -0.17671420803726 0.0178847787628444 1.01373276289052 0 0 0">
<Contour name="d02" hidden="false" closed="true" simplified="true" border="0.5 0 1" fill="0.5 0 1" mode="9"
 points="3.46046 8.11814,
	3.48233 8.09627,
	3.52606 8.08534,
	3.54793 8.07987,
	3.59166 8.04161,
	3.62446 7.99787,
	3.64086 7.95414,
	3.6518 7.93227,
	3.66273 7.92134,
	3.6846 7.9268,
	3.72833 7.96507,
	3.73926 7.98694,
	3.76113 8.00334,
	3.93607 7.99787,
	3.9798 8.00334,
	3.99074 8.00334,
	4.0618 8.08534,
	4.0782 8.12907,
	4.08367 8.21654,
	4.0782 8.23841,
	4.0618 8.26028,
	4.03994 8.26574,
	4.029 8.26574,
	3.98527 8.22201,
	3.9142 8.14547,
	3.87047 8.12361,
	3.82673 8.08534,
	3.783 8.07987,
	3.73926 8.08534,
	3.69553 8.11267,
	3.701 8.12361,
	3.61353 8.17827,
	3.52606 8.19468,
	3.50419 8.18921,
	3.46593 8.15094,
	3.46046 8.12907,
	3.46046 8.12361,
	"/>
<Contour name="d02" hidden="false" closed="true" simplified="true" border="0.5 0 1" fill="0.5 0 1" mode="9"
 points="2.14844 8.34774,
	2.15937 8.30401,
	2.1703 8.28214,
	2.20857 8.23841,
	2.22497 8.21654,
	2.23044 8.17281,
	2.23591 8.15094,
	2.27964 8.11814,
	2.31244 8.08534,
	2.33431 8.06894,
	2.34524 8.06894,
	2.38897 8.04161,
	2.42178 7.99787,
	2.42724 7.976,
	2.42724 7.96507,
	2.41631 7.96507,
	2.41084 7.92134,
	2.40537 7.9104,
	2.41084 7.88854,
	2.44364 7.8448,
	2.48738 7.80107,
	2.49831 7.75733,
	2.52564 7.7136,
	2.54204 7.69173,
	2.55298 7.6808,
	2.59671 7.68627,
	2.64045 7.6808,
	2.66231 7.67533,
	2.68418 7.65893,
	2.77165 7.6644,
	2.85912 7.65893,
	2.90285 7.65893,
	2.99032 7.63707,
	3.07779 7.62613,
	3.12152 7.6152,
	3.14339 7.60973,
	3.15432 7.60973,
	3.17619 7.6316,
	3.18712 7.65347,
	3.18712 7.6972,
	3.17072 7.74093,
	3.15979 7.7628,
	3.11605 7.79013,
	3.07232 7.80654,
	3.05045 7.81747,
	3.03952 7.8284,
	3.02312 7.91587,
	3.02859 8.00334,
	3.03405 8.02521,
	3.06685 8.06894,
	3.06139 8.11267,
	3.04499 8.15641,
	3.03952 8.20014,
	3.03952 8.22201,
	3.06685 8.26574,
	3.07232 8.28761,
	3.06685 8.30948,
	3.05045 8.33134,
	3.00672 8.33134,
	2.96298 8.34774,
	2.94112 8.35321,
	2.93018 8.35321,
	2.84272 8.28761,
	2.79898 8.28761,
	2.77711 8.28761,
	2.75525 8.29854,
	2.66778 8.37508,
	2.62405 8.38055,
	2.60218 8.37508,
	2.60218 8.35321,
	2.61858 8.33134,
	2.66231 8.30401,
	2.67325 8.28214,
	2.67871 8.27121,
	2.63498 8.28214,
	2.61311 8.30401,
	2.59124 8.30948,
	2.57484 8.32588,
	2.56938 8.36961,
	2.55844 8.38055,
	2.51471 8.38055,
	2.33977 8.33134,
	2.29604 8.33681,
	2.20857 8.37508,
	2.16484 8.37508,
	2.14844 8.35868,
	2.14844 8.35321,
	"/>
</Transform>

<Transform dim="6"
 xcoef=" 0.0952760683225813 1.00825716264578 -0.0267809606108929 0 0 0"
 ycoef=" -0.17671420803726 0.0178847787628444 1.01373276289052 0 0 0">
<Contour name="d02" hidden="false" closed="true" simplified="true" border="0.5 0 1" fill="0.5 0 1" mode="9"
 points="1.8915 8.57735,
	1.90243 8.55548,
	1.9407 8.51721,
	1.96803 8.47348,
	1.9899 8.45161,
	2.00083 8.44068,
	2.01177 8.44068,
	2.0227 8.48441,
	2.0227 8.57188,
	2.01723 8.59375,
	1.9899 8.63748,
	1.9735 8.65935,
	1.9571 8.70308,
	1.9407 8.72495,
	1.92977 8.73042,
	1.91883 8.72495,
	1.8915 8.63748,
	1.8915 8.59375,
	1.8915 8.58282,
	"/>
</Transform>

<Transform dim="6"
 xcoef=" 0.0952760683225813 1.00825716264578 -0.0267809606108929 0 0 0"
 ycoef=" -0.17671420803726 0.0178847787628444 1.01373276289052 0 0 0">
<Contour name="d02" hidden="false" closed="true" simplified="true" border="0.5 0 1" fill="0.5 0 1" mode="9"
 points="2.53423 7.02701,
	2.54674 7.01449,
	2.57177 7.00824,
	2.5968 6.99572,
	2.60932 6.98946,
	2.62183 6.99259,
	2.63435 7.00198,
	2.65938 7.00198,
	2.66563 7.00198,
	2.67189 7.00824,
	2.6844 7.00824,
	2.70943 7.01762,
	2.80955 7.02388,
	2.83458 7.03327,
	2.8471 7.03639,
	2.85648 7.04891,
	2.86274 7.07394,
	2.86274 7.09897,
	2.86274 7.11148,
	2.83771 7.13338,
	2.78765 7.15528,
	2.77514 7.16467,
	2.76262 7.1678,
	2.75011 7.15841,
	2.72508 7.15841,
	2.67502 7.1678,
	2.6625 7.15841,
	2.64999 7.15841,
	2.62496 7.14903,
	2.59993 7.13338,
	2.5749 7.11148,
	2.54987 7.09897,
	2.53736 7.08958,
	2.53423 7.03952,
	2.53423 7.03014,
	"/>
</Transform>

<Transform dim="6"
 xcoef=" 0.0952760683225813 1.00825716264578 -0.0267809606108929 0 0 0"
 ycoef=" -0.17671420803726 0.0178847787628444 1.01373276289052 0 0 0">
<Contour name="d02" hidden="false" closed="true" simplified="true" border="0.5 0 1" fill="0.5 0 1" mode="9"
 points="4.02979 6.91788,
	4.04671 6.90097,
	4.11436 6.87137,
	4.13128 6.86291,
	4.15665 6.89674,
	4.17356 6.91365,
	4.16933 6.94748,
	4.15665 6.96017,
	4.12282 6.96017,
	4.08899 6.96862,
	4.05516 6.9644,
	4.03825 6.96017,
	4.02979 6.95594,
	4.02979 6.92211,
	"/>
</Transform>

<Transform dim="6"
 xcoef=" 0.0952760683225813 1.00825716264578 -0.0267809606108929 0 0 0"
 ycoef=" -0.17671420803726 0.0178847787628444 1.01373276289052 0 0 0">
<Contour name="d02c25" hidden="false" closed="true" simplified="true" border="0 1 0" fill="0 1 0" mode="9"
 points="2.67452 7.01243,
	2.72446 7.00931,
	2.74942 7.01243,
	2.77439 7.0218,
	2.79936 7.02492,
	2.81184 7.02804,
	2.81496 7.03428,
	2.8056 7.04364,
	2.78063 7.04676,
	2.75566 7.04052,
	2.74318 7.03116,
	2.69325 7.02804,
	2.68077 7.0218,
	2.67452 7.01555,
	"/>
</Transform>

<Transform dim="6"
 xcoef=" 0.0952760683225813 1.00825716264578 -0.0267809606108929 0 0 0"
 ycoef=" -0.17671420803726 0.0178847787628444 1.01373276289052 0 0 0">
<Contour name="d02cfa25" hidden="false" closed="false" simplified="false" border="0 1 1" fill="0 1 1" mode="9"
 points="2.81267 7.03741,
	2.76898 7.02805,
	2.71905 7.01869,
	2.67848 7.01557,
	"/>
</Transform>

<Transform dim="6"
 xcoef=" 0.0952760683225813 1.00825716264578 -0.0267809606108929 0 0 0"
 ycoef=" -0.17671420803726 0.0178847787628444 1.01373276289052 0 0 0">
<Contour name="d02" hidden="false" closed="true" simplified="true" border="0.5 0 1" fill="0.5 0 1" mode="9"
 points="2.38159 9.29422,
	2.41885 9.20251,
	2.43318 9.17958,
	2.47616 9.13946,
	2.49336 9.11653,
	2.51629 9.0936,
	2.54781 9.04775,
	2.56501 9.02482,
	2.57074 9.01335,
	2.59367 9.01335,
	2.61086 9.03055,
	2.63379 9.05061,
	2.65099 9.07067,
	2.65672 9.0764,
	2.65385 9.08214,
	2.67391 9.12799,
	2.68538 9.15092,
	2.68824 9.17385,
	2.68538 9.2197,
	2.68824 9.31141,
	2.68538 9.35727,
	2.67678 9.38019,
	2.67105 9.39166,
	2.64812 9.41172,
	2.62519 9.42605,
	2.61373 9.42891,
	2.59367 9.44611,
	2.58507 9.45471,
	2.57361 9.45184,
	2.56787 9.45757,
	2.52202 9.46044,
	2.49909 9.46617,
	2.48763 9.4719,
	2.4819 9.4719,
	2.47616 9.4805,
	2.47043 9.46904,
	2.42458 9.44898,
	2.40452 9.42605,
	2.39878 9.42032,
	2.39305 9.39739,
	2.38732 9.38593,
	2.38159 9.34007,
	2.38159 9.29708,
	"/>
</Transform>

<Transform dim="6"
 xcoef=" 0.0952760683225813 1.00825716264578 -0.0267809606108929 0 0 0"
 ycoef=" -0.17671420803726 0.0178847787628444 1.01373276289052 0 0 0">
<Contour name="d02c32" hidden="false" closed="true" simplified="true" border="0 1 0" fill="0 1 0" mode="9"
 points="1.90225 8.60751,
	1.91729 8.55939,
	1.9218 8.54736,
	1.93834 8.5233,
	1.95188 8.49924,
	1.95639 8.48721,
	1.96692 8.47668,
	1.97293 8.47217,
	1.98496 8.47067,
	1.98797 8.47668,
	1.98646 8.48871,
	1.98797 8.50074,
	1.98797 8.50375,
	1.98195 8.50977,
	1.96992 8.51428,
	1.9594 8.5248,
	1.95489 8.54886,
	1.94135 8.57292,
	1.93233 8.58345,
	1.92631 8.58947,
	1.9188 8.6015,
	1.91278 8.60751,
	1.90677 8.61052,
	1.90225 8.60902,
	"/>
<Contour name="d02cfa32" hidden="false" closed="false" simplified="false" border="0 1 1" fill="0 1 1" mode="9"
 points="1.9856 8.48138,
	1.95703 8.50845,
	1.93598 8.54454,
	1.91944 8.58664,
	1.9059 8.6092,
	"/>
</Transform>

<Transform dim="6"
 xcoef=" 0.0952760683225813 1.00825716264578 -0.0267809606108929 0 0 0"
 ycoef=" -0.17671420803726 0.0178847787628444 1.01373276289052 0 0 0">
<Contour name="d02" hidden="false" closed="true" simplified="true" border="0.5 0 1" fill="0.5 0 1" mode="9"
 points="1.60135 9.21608,
	1.61342 9.19195,
	1.61643 9.17989,
	1.71294 9.12862,
	1.725 9.12259,
	1.73103 9.11053,
	1.74309 9.10148,
	1.79134 9.0864,
	1.81547 9.0864,
	1.82753 9.0864,
	1.83658 9.09545,
	1.84563 9.11957,
	1.84563 9.1256,
	1.85166 9.12862,
	1.86372 9.1256,
	1.87579 9.13164,
	1.87579 9.1437,
	1.85769 9.16179,
	1.83356 9.1829,
	1.78531 9.17989,
	1.76119 9.17687,
	1.66468 9.21004,
	1.64056 9.22512,
	1.61643 9.23417,
	1.60437 9.22512,
	1.60135 9.21909,
	"/>
</Transform>

<Transform dim="6"
 xcoef=" 0.0952760683225813 1.00825716264578 -0.0267809606108929 0 0 0"
 ycoef=" -0.17671420803726 0.0178847787628444 1.01373276289052 0 0 0">
<Contour name="d02c31" hidden="false" closed="true" simplified="true" border="0 1 0" fill="0 1 0" mode="9"
 points="1.61342 9.22814,
	1.63754 9.21909,
	1.66167 9.20401,
	1.68579 9.19497,
	1.69786 9.18893,
	1.70389 9.18893,
	1.70992 9.1829,
	1.75817 9.16782,
	1.80642 9.16481,
	1.83055 9.17084,
	1.83658 9.17687,
	1.83356 9.17989,
	1.83658 9.19195,
	1.83658 9.19798,
	1.81245 9.20401,
	1.7642 9.201,
	1.71595 9.21004,
	1.69183 9.21608,
	1.6677 9.22814,
	1.64357 9.23417,
	1.61945 9.23417,
	1.61342 9.23115,
	"/>
</Transform>

<Transform dim="6"
 xcoef=" 0.0952760683225813 1.00825716264578 -0.0267809606108929 0 0 0"
 ycoef=" -0.17671420803726 0.0178847787628444 1.01373276289052 0 0 0">
<Contour name="d02cfa31" hidden="false" closed="false" simplified="false" border="0 1 1" fill="0 1 1" mode="9"
 points="1.83417 9.18174,
	1.80702 9.17872,
	1.75576 9.18174,
	1.66528 9.21793,
	1.61703 9.22698,
	"/>
</Transform>

<Transform dim="6"
 xcoef=" 0.0952760683225813 1.00825716264578 -0.0267809606108929 0 0 0"
 ycoef=" -0.17671420803726 0.0178847787628444 1.01373276289052 0 0 0">
<Contour name="d01c24" hidden="false" closed="true" simplified="true" border="0 1 0" fill="0 1 0" mode="9"
 points="6.15648 2.85667,
	6.19677 2.80173,
	6.21142 2.79074,
	6.24071 2.77976,
	6.27001 2.78342,
	6.27368 2.79807,
	6.27368 2.80539,
	6.22973 2.86033,
	6.21142 2.88963,
	6.20043 2.91893,
	6.18212 2.94456,
	6.17479 2.95921,
	6.1638 2.94823,
	6.15648 2.91893,
	6.15648 2.86033,
	"/>
<Contour name="d01c24" hidden="false" closed="true" simplified="true" border="0 1 0" fill="0 1 0" mode="9"
 points="5.98801 3.19361,
	5.99533 3.16431,
	6.02097 3.10571,
	6.0283 3.07641,
	6.04661 3.04711,
	6.06126 3.03612,
	6.09056 3.03246,
	6.11986 3.03978,
	6.12718 3.03978,
	6.13817 3.05443,
	6.14183 3.08373,
	6.13817 3.14233,
	6.12718 3.20093,
	6.13084 3.25953,
	6.16747 3.31813,
	6.17479 3.33278,
	6.17479 3.34743,
	6.1931 3.37306,
	6.18578 3.43166,
	6.17845 3.43899,
	6.11986 3.43532,
	6.10521 3.428,
	6.07591 3.3987,
	6.03196 3.3401,
	6.0283 3.32545,
	5.98801 3.27052,
	5.98801 3.21192,
	5.98801 3.19727,
	"/>
</Transform>

<Transform dim="6"
 xcoef=" 0.0952760683225813 1.00825716264578 -0.0267809606108929 0 0 0"
 ycoef=" -0.17671420803726 0.0178847787628444 1.01373276289052 0 0 0">
<Contour name="d01cfa24" hidden="false" closed="false" simplified="false" border="0 1 1" fill="0 1 1" mode="9"
 points="6.11503 3.05066,
	6.11137 3.10559,
	6.09672 3.16053,
	6.09672 3.23744,
	6.12602 3.31435,
	6.16631 3.37295,
	6.17729 3.43521,
	"/>
<Contour name="d01cfa24" hidden="false" closed="false" simplified="false" border="0 1 1" fill="0 1 1" mode="9"
 points="6.23955 2.79429,
	6.21758 2.81626,
	6.17729 2.86388,
	6.16631 2.94079,
	"/>
</Transform>

<Transform dim="6"
 xcoef=" 0.0952760683225813 1.00825716264578 -0.0267809606108929 0 0 0"
 ycoef=" -0.17671420803726 0.0178847787628444 1.01373276289052 0 0 0">
<Contour name="d01c25" hidden="false" closed="true" simplified="true" border="0 1 0" fill="0 1 0" mode="9"
 points="3.59281 3.90777,
	3.60013 3.90045,
	3.65873 3.90045,
	3.68803 3.90411,
	3.70268 3.90777,
	3.73198 3.92975,
	3.74663 3.9444,
	3.77226 4.00299,
	3.78691 4.03229,
	3.81621 4.04694,
	3.8272 4.06159,
	3.8272 4.07624,
	3.81987 4.08357,
	3.82354 4.09822,
	3.83086 4.10554,
	3.83086 4.11287,
	3.81987 4.12752,
	3.81255 4.13484,
	3.81255 4.16414,
	3.8272 4.17879,
	3.8272 4.20809,
	3.8272 4.21541,
	3.81621 4.23006,
	3.80156 4.23372,
	3.79424 4.23372,
	3.79058 4.21907,
	3.79424 4.10188,
	3.79058 4.07258,
	3.77959 4.04328,
	3.73198 3.98468,
	3.70268 3.95905,
	3.67338 3.94073,
	3.61478 3.92608,
	3.60013 3.9151,
	3.59281 3.91143,
	"/>
</Transform>

<Transform dim="6"
 xcoef=" 0.0952760683225813 1.00825716264578 -0.0267809606108929 0 0 0"
 ycoef=" -0.17671420803726 0.0178847787628444 1.01373276289052 0 0 0">
<Contour name="d01cfa25" hidden="false" closed="false" simplified="false" border="0 1 1" fill="0 1 1" mode="9"
 points="3.59897 3.90399,
	3.62094 3.90766,
	3.66123 3.92231,
	3.71617 3.94794,
	3.74913 3.9809,
	3.77476 4.01387,
	3.79674 4.06148,
	3.80406 4.09078,
	3.80406 4.13473,
	3.80406 4.17135,
	3.80406 4.20431,
	3.8004 4.23361,
	"/>
</Transform>

<Transform dim="6"
 xcoef=" 0.0952760683225813 1.00825716264578 -0.0267809606108929 0 0 0"
 ycoef=" -0.17671420803726 0.0178847787628444 1.01373276289052 0 0 0">
<Contour name="d01" hidden="false" closed="true" simplified="true" border="1 0.5 0" fill="1 0.5 0" mode="9"
 points="4.44758 4.2663,
	4.47521 4.24903,
	4.48902 4.2404,
	4.49593 4.23694,
	4.50629 4.22313,
	4.51319 4.21795,
	4.56844 4.21623,
	4.59607 4.21623,
	4.62369 4.21277,
	4.67894 4.19896,
	4.69275 4.19723,
	4.70484 4.18515,
	4.68067 4.07465,
	4.67721 4.04702,
	4.67894 4.03321,
	4.69275 4.00559,
	4.7152 3.97796,
	4.7221 3.97106,
	4.73592 3.94343,
	4.73764 3.92962,
	4.75145 3.90199,
	4.75491 3.89509,
	4.80843 3.87782,
	4.82224 3.87092,
	5.04324 3.85365,
	5.05705 3.85192,
	5.08468 3.83811,
	5.10194 3.78286,
	5.1123 3.75524,
	5.11748 3.74143,
	5.11058 3.7138,
	5.10885 3.69999,
	5.11058 3.68618,
	5.12266 3.65855,
	5.12784 3.64474,
	5.12784 3.64129,
	5.12439 3.63956,
	5.12784 3.63611,
	5.11748 3.62229,
	5.1123 3.60848,
	5.1123 3.59467,
	5.1123 3.58776,
	5.1123 3.58431,
	5.1382 3.55668,
	5.15029 3.54287,
	5.1641 3.54115,
	5.17101 3.54115,
	5.17446 3.54115,
	5.18827 3.55323,
	5.19345 3.56014,
	5.19518 3.57395,
	5.1969 3.58086,
	5.19518 3.59467,
	5.19345 3.60158,
	5.21762 3.6292,
	5.23143 3.63956,
	5.24525 3.64129,
	5.25906 3.64647,
	5.26597 3.64992,
	5.27115 3.65682,
	5.28841 3.71207,
	5.29014 3.7397,
	5.29359 3.75351,
	5.30395 3.76732,
	5.3074 3.76905,
	5.36265 3.7466,
	5.39028 3.73625,
	5.40409 3.73452,
	5.45934 3.7138,
	5.48696 3.71207,
	5.50078 3.71035,
	5.51459 3.71207,
	5.61473 3.82257,
	5.62854 3.83466,
	5.63545 3.83811,
	5.6389 3.84157,
	5.69415 3.81912,
	5.72177 3.80876,
	5.73559 3.80358,
	5.74767 3.7915,
	5.76148 3.76387,
	5.76494 3.75696,
	5.79084 3.74315,
	5.79774 3.74143,
	5.81155 3.74488,
	5.82537 3.75696,
	5.83745 3.78459,
	5.82709 3.81221,
	5.82191 3.82603,
	5.82019 3.83293,
	5.80637 3.84502,
	5.79947 3.8502,
	5.79256 3.86401,
	5.78911 3.87092,
	5.78738 3.87264,
	5.80119 3.883,
	5.80292 3.88473,
	5.85817 3.86746,
	5.8858 3.85883,
	5.91342 3.87437,
	5.92378 3.88818,
	5.93069 3.90199,
	5.93759 3.92962,
	5.93932 3.94343,
	5.93759 3.95724,
	5.93587 3.96415,
	5.89615 4.0194,
	5.87716 4.04702,
	5.82537 4.10227,
	5.77012 4.1558,
	5.65962 4.2473,
	5.54912 4.34744,
	5.49387 4.39924,
	5.43862 4.43377,
	5.42481 4.44068,
	5.411 4.45104,
	5.39891 4.46485,
	5.38337 4.49247,
	5.37819 4.49938,
	5.36438 4.50629,
	5.33675 4.51146,
	5.22625 4.51837,
	5.17101 4.52182,
	5.11576 4.51146,
	5.08813 4.50456,
	5.07432 4.50111,
	5.04669 4.50283,
	5.03288 4.50456,
	4.97763 4.53046,
	4.96382 4.53736,
	4.90857 4.54254,
	4.88095 4.54427,
	4.77045 4.53909,
	4.7152 4.54427,
	4.68757 4.54945,
	4.63232 4.5529,
	4.61851 4.5529,
	4.6116 4.5529,
	4.59779 4.546,
	4.58398 4.53564,
	4.56844 4.50801,
	4.54945 4.48039,
	4.527 4.42514,
	4.51319 4.39751,
	4.47866 4.34226,
	4.4614 4.31464,
	4.45276 4.30083,
	4.44758 4.28701,
	4.44758 4.2732,
	4.44758 4.26802,
	"/>
</Transform>

<Transform dim="6"
 xcoef=" 0.0952760683225813 1.00825716264578 -0.0267809606108929 0 0 0"
 ycoef=" -0.17671420803726 0.0178847787628444 1.01373276289052 0 0 0">
<Contour name="d03cfa24a" hidden="false" closed="false" simplified="false" border="0 1 1" fill="0 1 1" mode="9"
 points="2.30817 2.33128,
	2.33906 2.38464,
	2.40927 2.42115,
	2.51037 2.43238,
	2.59462 2.43238,
	2.67607 2.41272,
	2.72381 2.37621,
	"/>
</Transform>

<Transform dim="6"
 xcoef=" 0.0952760683225813 1.00825716264578 -0.0267809606108929 0 0 0"
 ycoef=" -0.17671420803726 0.0178847787628444 1.01373276289052 0 0 0">
<Contour name="d06" hidden="false" closed="true" simplified="true" border="0 0 1" fill="0 0 1" mode="9"
 points="3.10671 7.16041,
	3.12033 7.13316,
	3.13736 7.07866,
	3.14077 7.0514,
	3.16121 6.9969,
	3.17143 6.96965,
	3.18846 6.9424,
	3.19527 6.93558,
	3.19868 6.90833,
	3.21912 6.85383,
	3.22253 6.8402,
	3.24296 6.81295,
	3.29747 6.78229,
	3.31109 6.77548,
	3.33494 6.75163,
	3.34516 6.74142,
	3.34857 6.68691,
	3.34857 6.65966,
	3.35538 6.65285,
	3.35538 6.63922,
	3.30428 6.59494,
	3.29066 6.58131,
	3.28384 6.56769,
	3.28384 6.54043,
	3.29406 6.51318,
	3.30428 6.45868,
	3.30428 6.34967,
	3.29406 6.29517,
	3.29066 6.18616,
	3.29066 6.17253,
	3.27362 6.14528,
	3.26 6.13506,
	3.24637 6.10781,
	3.22593 6.08397,
	3.21231 6.07034,
	3.20549 6.06353,
	3.20209 6.00902,
	3.20209 5.98177,
	3.21912 5.95452,
	3.24637 5.9443,
	3.35538 5.94771,
	3.369 5.94771,
	3.38263 5.95452,
	3.38944 5.96133,
	3.4167 5.96815,
	3.44395 5.98518,
	3.45757 5.99199,
	3.48142 6.01924,
	3.48482 6.07375,
	3.48142 6.08737,
	3.45417 6.11462,
	3.44054 6.12484,
	3.43373 6.1521,
	3.4167 6.17935,
	3.4167 6.18616,
	3.40307 6.19979,
	3.39285 6.2066,
	3.37582 6.23385,
	3.37241 6.2611,
	3.39285 6.31561,
	3.4167 6.42461,
	3.4201 6.45187,
	3.43032 6.47912,
	3.43032 6.53362,
	3.43373 6.56087,
	3.43713 6.5745,
	3.48142 6.629,
	3.49164 6.63922,
	3.50186 6.66647,
	3.5223 6.69372,
	3.53592 6.70735,
	3.54273 6.72098,
	3.56658 6.74823,
	3.57339 6.76185,
	3.5768 6.78911,
	3.59043 6.81636,
	3.60064 6.87086,
	3.60405 6.88449,
	3.61427 6.89811,
	3.63471 6.91515,
	3.64834 6.92196,
	3.65515 6.92196,
	3.66537 6.93558,
	3.66877 6.96284,
	3.66537 6.99009,
	3.65174 7.00371,
	3.64152 7.05822,
	3.64493 7.11272,
	3.64493 7.13997,
	3.64493 7.1536,
	3.63471 7.16723,
	3.62108 7.17404,
	3.60064 7.20129,
	3.54614 7.23195,
	3.53592 7.24557,
	3.52911 7.24557,
	3.42691 7.33755,
	3.4201 7.34436,
	3.40648 7.34777,
	3.30088 7.4193,
	3.29406 7.42612,
	3.18505 7.44315,
	3.13055 7.43293,
	3.12374 7.43293,
	3.11011 7.4193,
	3.10671 7.20129,
	3.10671 7.17404,
	3.10671 7.16382,
	"/>
</Transform>

<Transform dim="6"
 xcoef=" 0.0952760683225813 1.00825716264578 -0.0267809606108929 0 0 0"
 ycoef=" -0.17671420803726 0.0178847787628444 1.01373276289052 0 0 0">
<Contour name="d07" hidden="false" closed="true" simplified="true" border="1 0 1" fill="1 0 1" mode="9"
 points="3.63652 7.01913,
	3.6592 6.98285,
	3.72721 6.93751,
	3.76349 6.93298,
	3.79976 6.93751,
	3.8179 6.93751,
	3.85417 6.95111,
	3.87231 6.96472,
	3.88138 6.97378,
	3.87684 7.01006,
	3.82697 7.07354,
	3.75895 7.13702,
	3.74081 7.14155,
	3.70454 7.12342,
	3.6864 7.10528,
	3.66827 7.09621,
	3.63652 7.05994,
	3.63652 7.02366,
	"/>
</Transform>

<Transform dim="6"
 xcoef=" 0.0952760683225813 1.00825716264578 -0.0267809606108929 0 0 0"
 ycoef=" -0.17671420803726 0.0178847787628444 1.01373276289052 0 0 0">
<Contour name="d07" hidden="false" closed="true" simplified="true" border="1 0 1" fill="1 0 1" mode="9"
 points="3.9902 8.39303,
	4.00834 8.35675,
	4.03101 8.33408,
	4.10356 8.33408,
	4.1217 8.34768,
	4.12623 8.38396,
	4.11716 8.45651,
	4.11716 8.47464,
	4.09903 8.51092,
	4.09449 8.52906,
	4.06275 8.56533,
	4.05368 8.5744,
	4.01741 8.5744,
	3.99927 8.56987,
	3.9902 8.5608,
	3.9902 8.4157,
	3.9902 8.39756,
	"/>
</Transform>

<Transform dim="6"
 xcoef=" 0.0952760683225813 1.00825716264578 -0.0267809606108929 0 0 0"
 ycoef=" -0.17671420803726 0.0178847787628444 1.01373276289052 0 0 0">
<Contour name="d07c27" hidden="false" closed="true" simplified="true" border="1 0 0" fill="0 1 0" mode="9"
 points="3.73299 6.92763,
	3.74715 6.90874,
	3.76368 6.89694,
	3.78257 6.8993,
	3.78729 6.90402,
	3.79674 6.90402,
	3.81563 6.91583,
	3.82507 6.92055,
	3.84396 6.92055,
	3.85341 6.92055,
	3.86285 6.92527,
	3.86521 6.94416,
	3.86285 6.96305,
	3.85813 6.97249,
	3.84868 6.97722,
	3.84396 6.98194,
	3.82507 6.9843,
	3.81563 6.9843,
	3.80618 6.97485,
	3.78729 6.96541,
	3.77549 6.95596,
	3.7566 6.95596,
	3.74715 6.95596,
	3.73771 6.94888,
	3.73299 6.92999,
	"/>
<Contour name="d07cfa27" hidden="false" closed="false" simplified="false" border="0 1 1" fill="0 1 1" mode="9"
 points="3.73363 6.92922,
	3.73599 6.92922,
	3.77141 6.93158,
	3.82807 6.95047,
	3.85405 6.967,
	"/>
</Transform>

<Transform dim="6"
 xcoef=" 0.0952760683225813 1.00825716264578 -0.0267809606108929 0 0 0"
 ycoef=" -0.17671420803726 0.0178847787628444 1.01373276289052 0 0 0">
<Contour name="d07c40" hidden="false" closed="true" simplified="true" border="1 0 0" fill="0 1 0" mode="9"
 points="4.15998 7.39415,
	4.17241 7.38483,
	4.18484 7.38483,
	4.19726 7.39415,
	4.20348 7.40657,
	4.20659 7.41279,
	4.2128 7.41279,
	4.22833 7.43764,
	4.23765 7.46249,
	4.24076 7.47492,
	4.25008 7.48735,
	4.25319 7.5122,
	4.26561 7.53706,
	4.27183 7.54948,
	4.27183 7.59919,
	4.27183 7.61162,
	4.26251 7.62405,
	4.25008 7.62405,
	4.20969 7.57745,
	4.19726 7.55259,
	4.19726 7.50288,
	4.18794 7.47803,
	4.1662 7.45628,
	4.15998 7.44385,
	4.15998 7.39725,
	"/>
<Contour name="d07cfa40" hidden="false" closed="false" simplified="false" border="0 1 1" fill="0 1 1" mode="9"
 points="4.25619 7.61806,
	4.23755 7.57767,
	4.21269 7.48136,
	4.1692 7.38505,
	"/>
</Transform>

<Transform dim="6"
 xcoef=" 0.0952760683225813 1.00825716264578 -0.0267809606108929 0 0 0"
 ycoef=" -0.17671420803726 0.0178847787628444 1.01373276289052 0 0 0">
<Contour name="d07c30" hidden="false" closed="true" simplified="true" border="1 0 0" fill="0 1 0" mode="9"
 points="4.00923 8.55845,
	4.03512 8.52886,
	4.05361 8.50297,
	4.11279 8.46599,
	4.12758 8.46229,
	4.13498 8.46599,
	4.13868 8.48078,
	4.14238 8.48818,
	4.11649 8.54735,
	4.10909 8.55475,
	4.10169 8.55475,
	4.0758 8.57694,
	4.06471 8.58804,
	4.04991 8.59174,
	4.02033 8.58434,
	4.00923 8.56955,
	4.00923 8.56215,
	"/>
<Contour name="d07cfa30" hidden="false" closed="false" simplified="false" border="0 1 1" fill="0 1 1" mode="9"
 points="4.00217 8.56888,
	4.05025 8.56148,
	4.09094 8.5245,
	4.12053 8.46162,
	"/>
</Transform>

<Transform dim="6"
 xcoef=" 0.0952760683225813 1.00825716264578 -0.0267809606108929 0 0 0"
 ycoef=" -0.17671420803726 0.0178847787628444 1.01373276289052 0 0 0">
<Contour name="d08" hidden="false" closed="true" simplified="true" border="1 0 0" fill="1 0 0" mode="9"
 points="4.55357 2.72417,
	4.57168 2.69881,
	4.62964 2.70244,
	4.65862 2.69881,
	4.67311 2.69881,
	4.6876 2.7133,
	4.70209 2.74228,
	4.70209 2.77127,
	4.69123 2.80025,
	4.66225 2.80749,
	4.63327 2.80749,
	4.61878 2.80387,
	4.56444 2.74953,
	4.55357 2.73866,
	4.55357 2.72779,
	"/>
</Transform>

<Transform dim="6"
 xcoef=" 0.0952760683225813 1.00825716264578 -0.0267809606108929 0 0 0"
 ycoef=" -0.17671420803726 0.0178847787628444 1.01373276289052 0 0 0">
<Contour name="d08c27" hidden="false" closed="true" simplified="true" border="1 0 0" fill="0 1 0" mode="9"
 points="4.54085 2.7204,
	4.54769 2.70672,
	4.54769 2.69987,
	4.55454 2.69645,
	4.58191 2.71014,
	4.60929 2.73067,
	4.61955 2.74436,
	4.61955 2.79911,
	4.61271 2.80595,
	4.58534 2.80253,
	4.55796 2.77858,
	4.54085 2.7512,
	4.54085 2.72383,
	"/>
<Contour name="d08cfa27" hidden="false" closed="false" simplified="false" border="0 1 1" fill="0 1 1" mode="9"
 points="4.60667 2.80657,
	4.55876 2.74497,
	4.55192 2.69707,
	"/>
</Transform>

<Transform dim="6"
 xcoef=" 0.0952760683225813 1.00825716264578 -0.0267809606108929 0 0 0"
 ycoef=" -0.17671420803726 0.0178847787628444 1.01373276289052 0 0 0">
<Contour name="D11" hidden="false" closed="true" simplified="true" border="1 0.5 0" fill="1 0.5 0" mode="11"
 points="3.7323 5.37123,
	3.73444 5.36147,
	3.74065 5.35267,
	3.75033 5.34568,
	3.76252 5.34119,
	3.77603 5.33965,
	3.78954 5.34119,
	3.80173 5.34568,
	3.81141 5.35267,
	3.81762 5.36147,
	3.81976 5.37123,
	3.81762 5.38099,
	3.81141 5.38979,
	3.80173 5.39678,
	3.78954 5.40127,
	3.77603 5.40281,
	3.76252 5.40127,
	3.75033 5.39678,
	3.74065 5.38979,
	"/>
</Transform>

<Transform dim="6"
 xcoef=" 0.0952760683225813 1.00825716264578 -0.0267809606108929 0 0 0"
 ycoef=" -0.17671420803726 0.0178847787628444 1.01373276289052 0 0 0">
<Contour name="D14" hidden="false" closed="true" simplified="true" border="1 0 0" fill="1 0 0" mode="11"
 points="4.48541 4.5258,
	4.48743 4.51304,
	4.4933 4.50153,
	4.50244 4.49239,
	4.51395 4.48653,
	4.52671 4.4845,
	4.53947 4.48653,
	4.55099 4.49239,
	4.56012 4.50153,
	4.56599 4.51304,
	4.56801 4.5258,
	4.56599 4.53857,
	4.56012 4.55008,
	4.55099 4.55922,
	4.53947 4.56508,
	4.52671 4.5671,
	4.51395 4.56508,
	4.50244 4.55922,
	4.4933 4.55008,
	"/>
</Transform>

<Transform dim="6"
 xcoef=" 0.0952760683225813 1.00825716264578 -0.0267809606108929 0 0 0"
 ycoef=" -0.17671420803726 0.0178847787628444 1.01373276289052 0 0 0">
<Contour name="d06p19" hidden="false" closed="true" simplified="false" border="0 1 0" fill="0 1 0" mode="9"
 points="3.40247 6.75376,
	3.40247 6.7339,
	3.42232 6.7339,
	3.42232 6.71405,
	3.44217 6.71405,
	3.44217 6.7339,
	3.46203 6.7339,
	3.46203 6.75376,
	3.44217 6.75376,
	3.44217 6.77361,
	3.42232 6.77361,
	3.42232 6.75376,
	"/>
</Transform>

<Transform dim="6"
 xcoef=" 0.0952760683225813 1.00825716264578 -0.0267809606108929 0 0 0"
 ycoef=" -0.17671420803726 0.0178847787628444 1.01373276289052 0 0 0">
<Contour name="d07p40" hidden="false" closed="true" simplified="false" border="0 1 1" fill="0 1 1" mode="9"
 points="4.13948 7.53791,
	4.1494 7.52799,
	4.1097 7.48828,
	4.11963 7.47836,
	4.15933 7.51806,
	4.16926 7.50813,
	4.16926 7.53791,
	"/>
</Transform>

<Transform dim="6"
 xcoef=" 0.0952760683225813 1.00825716264578 -0.0267809606108929 0 0 0"
 ycoef=" -0.17671420803726 0.0178847787628444 1.01373276289052 0 0 0">
<Contour name="d07p28" hidden="false" closed="true" simplified="false" border="1 0 0" fill="1 0 0" mode="-9"
 points="4.15189 7.20787,
	4.137 7.20787,
	4.137 7.21532,
	4.14444 7.22276,
	4.16677 7.2302,
	4.15189 7.23765,
	4.14444 7.25254,
	4.12955 7.23765,
	4.12211 7.22276,
	4.12211 7.20787,
	4.10722 7.20787,
	4.12955 7.19298,
	"/>
</Transform>

<Transform dim="0"
 xcoef=" 0 1 0 0 0 0"
 ycoef=" 0 0 1 0 0 0">
<Contour name="d01ax17" comment="LK bouton trace named after cfa" hidden="false" closed="true" simplified="true" border="0 1 1" fill="0.502 1 1" mode="-9"
 points="4.33497 2.4194,
	4.33698 2.41537,
	4.33698 2.41335,
	4.34202 2.40529,
	4.34303 2.39723,
	4.35915 2.38111,
	4.38535 2.34987,
	4.38938 2.34584,
	4.39744 2.34181,
	4.4055 2.33979,
	4.41357 2.33576,
	4.47806 2.33576,
	4.49418 2.33476,
	4.52642 2.32871,
	4.55867 2.32569,
	4.57479 2.33677,
	4.58285 2.34282,
	4.59091 2.34584,
	4.59898 2.35088,
	4.60704 2.35189,
	4.62316 2.35793,
	4.63928 2.367,
	4.64734 2.37305,
	4.64936 2.37506,
	4.65137 2.37506,
	4.6675 2.38514,
	4.67556 2.38816,
	4.67757 2.38816,
	4.70881 2.41335,
	4.71788 2.42948,
	4.72191 2.43754,
	4.73703 2.45366,
	4.75315 2.46676,
	4.76927 2.48187,
	4.7733 2.48591,
	4.77834 2.49397,
	4.78539 2.50203,
	4.79446 2.51815,
	4.80454 2.5504,
	4.80756 2.56652,
	4.80958 2.57458,
	4.80857 2.5907,
	4.80655 2.59473,
	4.80454 2.59675,
	4.80454 2.59876,
	4.78842 2.60985,
	4.77229 2.60683,
	4.74005 2.58768,
	4.72393 2.57357,
	4.71586 2.56652,
	4.71183 2.56249,
	4.70377 2.55745,
	4.68765 2.5504,
	4.67153 2.54536,
	4.6675 2.54435,
	4.66548 2.54233,
	4.66145 2.54133,
	4.65742 2.5383,
	4.64936 2.53629,
	4.61711 2.51714,
	4.60905 2.5121,
	4.59293 2.50707,
	4.58487 2.50404,
	4.56975 2.48893,
	4.56572 2.4849,
	4.56169 2.48288,
	4.55363 2.47482,
	4.53751 2.46575,
	4.52945 2.46071,
	4.52743 2.4587,
	4.49519 2.45366,
	4.36621 2.44963,
	4.35814 2.44661,
	4.35411 2.44358,
	4.34605 2.44056,
	4.33799 2.43351,
	4.33497 2.43048,
	4.33497 2.42242,
	4.33497 2.42041,
	"/>
</Transform>

<Transform dim="0"
 xcoef=" 0 1 0 0 0 0"
 ycoef=" 0 0 1 0 0 0">
<Contour name="d01" hidden="false" closed="true" simplified="true" border="1 0.5 0" fill="1 0.5 0" mode="9"
 points="3.52151 5.04171,
	3.53151 5.02051,
	3.60905 4.95608,
	3.63448 4.91884,
	3.65505 4.89746,
	3.739 4.87496,
	3.78083 4.85845,
	3.86533 4.85696,
	3.90758 4.85622,
	3.91315 4.86663,
	3.89314 4.90902,
	3.90065 4.99297,
	3.89064 5.01417,
	3.88036 5.02487,
	3.88064 5.03537,
	3.85521 5.07261,
	3.7885 5.14736,
	3.75223 5.17428,
	3.74194 5.18497,
	3.65828 5.21798,
	3.61631 5.22923,
	3.5735 5.20896,
	3.55181 5.18832,
	3.52318 5.10474,
	3.52207 5.06272,
	3.52165 5.04696,
	"/>
</Transform>

<Transform dim="0"
 xcoef=" 0 1 0 0 0 0"
 ycoef=" 0 0 1 0 0 0">
<Contour name="ax04" comment="LK bouton trace named after cfa" hidden="false" closed="true" simplified="true" border="0 1 1" fill="0.502 1 1" mode="9"
 points="3.52319 4.94075,
	3.52742 4.92723,
	3.52826 4.92047,
	3.52826 4.91709,
	3.52996 4.9154,
	3.53249 4.90863,
	3.53925 4.90187,
	3.55024 4.89088,
	3.55531 4.88496,
	3.56208 4.88074,
	3.58913 4.88158,
	3.59589 4.88327,
	3.62294 4.88074,
	3.6297 4.87905,
	3.64323 4.87989,
	3.64661 4.87989,
	3.65337 4.88243,
	3.65929 4.88919,
	3.66182 4.89257,
	3.66267 4.89933,
	3.66098 4.9061,
	3.66013 4.90948,
	3.65083 4.92216,
	3.64745 4.92892,
	3.62886 4.95512,
	3.61618 4.96865,
	3.61026 4.97541,
	3.6035 4.97964,
	3.60012 4.98133,
	3.59842 4.98302,
	3.57137 4.98386,
	3.56461 4.98555,
	3.55785 4.98471,
	3.55447 4.98471,
	3.54094 4.97964,
	3.53418 4.97457,
	3.53165 4.97118,
	3.5308 4.96442,
	3.52911 4.96104,
	3.52911 4.95935,
	3.52404 4.95259,
	3.52319 4.94583,
	3.52319 4.94244,
	3.52319 4.9416,
	"/>
</Transform>

<Transform dim="0"
 xcoef=" 0 1 0 0 0 0"
 ycoef=" 0 0 1 0 0 0">
<Contour name="d03" hidden="false" closed="true" simplified="true" border="0 1 0" fill="0 1 0" mode="9"
 points="3.16841 2.51469,
	3.16926 2.49114,
	3.17042 2.47935,
	3.17027 2.47347,
	3.19194 2.45397,
	3.20361 2.44787,
	3.25158 2.47203,
	3.27554 2.48338,
	3.28149 2.48474,
	3.32864 2.47803,
	3.35222 2.47468,
	3.36401 2.473,
	3.41092 2.45745,
	3.43442 2.45116,
	3.52809 2.4142,
	3.62169 2.37431,
	3.64507 2.36359,
	3.65091 2.36055,
	3.69715 2.32001,
	3.72029 2.30049,
	3.76344 2.25412,
	3.7692 2.24814,
	3.7809 2.24351,
	3.78678 2.24194,
	3.78969 2.24042,
	3.87941 2.33298,
	3.88712 2.34462,
	3.89514 2.36801,
	3.89988 2.3797,
	3.90907 2.3913,
	3.92121 2.40286,
	3.93038 2.41446,
	3.93248 2.43795,
	3.93264 2.44384,
	3.88605 2.47114,
	3.86274 2.48479,
	3.82851 2.53246,
	3.79133 2.58019,
	3.79109 2.62727,
	3.78993 2.63906,
	3.78713 2.64499,
	3.74084 2.68405,
	3.71769 2.70359,
	3.70945 2.72727,
	3.70517 2.73322,
	3.70843 2.74493,
	3.71008 2.75079,
	3.68701 2.77327,
	3.64017 2.79174,
	3.61671 2.79952,
	3.605 2.80413,
	3.59912 2.8057,
	3.57532 2.80025,
	3.56346 2.79898,
	3.55152 2.79478,
	3.52747 2.78049,
	3.50374 2.77797,
	3.48009 2.77839,
	3.46822 2.77713,
	3.46226 2.77576,
	3.4562 2.76998,
	3.40858 2.75905,
	3.38477 2.75359,
	3.33684 2.7309,
	3.31291 2.72103,
	3.30093 2.71535,
	3.29494 2.71251,
	3.27117 2.70852,
	3.2593 2.70726,
	3.20063 2.61415,
	3.1944 2.60249,
	3.17837 2.5557,
	3.17035 2.53231,
	3.16856 2.52057,
	3.16845 2.51616,
	"/>
<Contour name="d03" hidden="false" closed="true" simplified="true" border="0 1 0" fill="0 1 0" mode="9"
 points="2.15667 2.43573,
	2.16574 2.42309,
	2.17499 2.41669,
	2.18406 2.40405,
	2.2089 2.39425,
	2.23399 2.39381,
	2.28226 2.43976,
	2.32418 2.4827,
	2.34993 2.50721,
	2.37542 2.52235,
	2.42584 2.53082,
	2.52626 2.53217,
	2.57643 2.53128,
	2.60151 2.53084,
	2.61405 2.53062,
	2.62643 2.52417,
	2.64145 2.49895,
	2.68757 2.4638,
	2.69986 2.45423,
	2.80011 2.44934,
	2.82528 2.45202,
	2.83782 2.4518,
	2.86348 2.47319,
	2.8993 2.52247,
	2.91564 2.54714,
	2.92571 2.57193,
	2.93859 2.58418,
	2.96392 2.59309,
	2.98949 2.61136,
	2.99923 2.62367,
	3.0037 2.67351,
	3.00436 2.69846,
	3.00155 2.71099,
	2.9834 2.73627,
	2.97102 2.74273,
	2.77044 2.74939,
	2.74577 2.76542,
	2.73966 2.77177,
	2.73786 2.82172,
	2.73802 2.82796,
	2.71334 2.84399,
	2.70708 2.8441,
	2.69487 2.85681,
	2.64478 2.86081,
	2.63216 2.85791,
	2.62588 2.85802,
	2.61301 2.84576,
	2.56277 2.84353,
	2.53767 2.84397,
	2.51243 2.83818,
	2.46151 2.811,
	2.4488 2.80498,
	2.42619 2.78042,
	2.4196 2.76806,
	2.39384 2.74355,
	2.35506 2.70056,
	2.32865 2.6511,
	2.29292 2.60493,
	2.27344 2.58031,
	2.17706 2.49465,
	2.16418 2.4824,
	2.15774 2.47628,
	2.15708 2.45132,
	2.15675 2.43885,
	"/>
<Contour name="d03c24a" hidden="false" closed="true" simplified="true" border="1 0 0" fill="1 0 0" mode="9"
 points="2.25454 2.44779,
	2.27066 2.42534,
	2.29286 2.42217,
	2.29843 2.42208,
	2.30415 2.42752,
	2.31536 2.43009,
	2.35807 2.46535,
	2.361 2.47085,
	2.45009 2.46927,
	2.4945 2.46295,
	2.58358 2.46138,
	2.60585 2.46098,
	2.62791 2.45228,
	2.65026 2.45466,
	2.66154 2.46,
	2.67605 2.48191,
	2.68176 2.48734,
	2.67678 2.5096,
	2.66624 2.53195,
	2.66096 2.54312,
	2.61708 2.56883,
	2.60608 2.57456,
	2.51699 2.57613,
	2.47245 2.57692,
	2.42776 2.57217,
	2.38321 2.57296,
	2.36094 2.57335,
	2.34951 2.56246,
	2.3383 2.55989,
	2.31566 2.54644,
	2.30445 2.54387,
	2.26437 2.50302,
	2.25542 2.48102,
	2.25484 2.45886,
	2.25462 2.45056,
	"/>
</Transform>

<Transform dim="0"
 xcoef=" 0 1 0 0 0 0"
 ycoef=" 0 0 1 0 0 0">
<Contour name="ax11" comment="LK bouton trace named after cfa" hidden="false" closed="true" simplified="false" border="0 1 1" fill="0.502 1 1" mode="9"
 points="2.64846 2.73515,
	2.65359 2.72488,
	2.65616 2.72295,
	2.65809 2.71268,
	2.66772 2.69213,
	2.6735 2.68185,
	2.68057 2.67158,
	2.69084 2.66194,
	2.69598 2.65745,
	2.70626 2.65167,
	2.71139 2.64974,
	2.72167 2.64846,
	2.73194 2.64846,
	2.73708 2.6491,
	2.75763 2.65681,
	2.76277 2.66002,
	2.77304 2.66451,
	2.77561 2.66515,
	2.78589 2.67286,
	2.79616 2.68249,
	2.8013 2.68442,
	2.81158 2.68506,
	2.82185 2.68378,
	2.82699 2.68121,
	2.82956 2.67992,
	2.8347 2.67479,
	2.83727 2.67286,
	2.83855 2.67029,
	2.84818 2.66002,
	2.85011 2.65745,
	2.85525 2.65424,
	2.86038 2.65231,
	2.86295 2.65167,
	2.86424 2.65167,
	2.86552 2.65038,
	2.87066 2.6491,
	2.8758 2.64653,
	2.88607 2.64589,
	2.89121 2.64717,
	2.89635 2.64974,
	2.89892 2.65103,
	2.90405 2.65616,
	2.90919 2.66644,
	2.91305 2.67671,
	2.91561 2.68185,
	2.91947 2.68699,
	2.94002 2.70176,
	2.95029 2.70754,
	2.95543 2.71075,
	2.96571 2.72103,
	2.96956 2.72616,
	2.97406 2.73644,
	2.97598 2.74158,
	2.97855 2.74415,
	2.98369 2.74736,
	2.99332 2.75635,
	2.9991 2.76662,
	2.99974 2.78717,
	3.00039 2.79745,
	3.00552 2.80772,
	3.01066 2.82827,
	3.01965 2.84882,
	3.0235 2.8591,
	3.02543 2.86938,
	3.02607 2.87965,
	3.028 2.88993,
	3.02928 2.89506,
	3.03185 2.9002,
	3.03506 2.91048,
	3.03635 2.91561,
	3.04084 2.92589,
	3.04277 2.93103,
	3.04406 2.9413,
	3.04341 2.95158,
	3.03828 2.96185,
	3.02864 2.97213,
	3.0235 2.97598,
	3.02094 2.97662,
	3.01837 2.97855,
	3.0158 2.97919,
	3.01451 2.98048,
	3.01323 2.98048,
	3.01066 2.9824,
	3.00938 2.9824,
	3.00681 2.98433,
	3.00424 2.98497,
	2.99396 2.99204,
	2.98883 2.99461,
	2.98626 2.99461,
	2.98497 2.99589,
	2.9747 2.99782,
	2.95415 2.99846,
	2.94387 2.99782,
	2.93873 2.99717,
	2.93616 2.99653,
	2.9336 2.99461,
	2.92332 2.99204,
	2.91818 2.99075,
	2.91561 2.99011,
	2.91305 2.98818,
	2.90791 2.98754,
	2.90277 2.98561,
	2.89763 2.98497,
	2.88736 2.98112,
	2.88479 2.97919,
	2.87965 2.97727,
	2.87451 2.97406,
	2.87194 2.97213,
	2.86167 2.96828,
	2.85653 2.96571,
	2.85139 2.96442,
	2.84882 2.9625,
	2.84369 2.96057,
	2.83341 2.95415,
	2.82827 2.95029,
	2.81864 2.94002,
	2.80837 2.93167,
	2.78782 2.91818,
	2.76726 2.90213,
	2.75699 2.89378,
	2.74736 2.8835,
	2.74093 2.87323,
	2.73772 2.86809,
	2.73066 2.84754,
	2.72488 2.83727,
	2.72167 2.83213,
	2.71139 2.82249,
	2.69084 2.80772,
	2.68057 2.79938,
	2.67543 2.79488,
	2.66323 2.77433,
	2.65359 2.75378,
	2.64846 2.7435,
	2.64846 2.73837,
	2.64846 2.7358,
	"/>
</Transform>

<Transform dim="0"
 xcoef=" 0 1 0 0 0 0"
 ycoef=" 0 0 1 0 0 0">
<Contour name="ax20" comment="LK bouton trace named after cfa" hidden="false" closed="true" simplified="true" border="0 1 1" fill="0.502 1 1" mode="9"
 points="5.98206 8.16797,
	5.98569 8.15966,
	5.99244 8.15136,
	6.00801 8.13579,
	6.02462 8.12437,
	6.02878 8.12125,
	6.03708 8.11658,
	6.04539 8.11035,
	6.04954 8.10775,
	6.05785 8.10101,
	6.05992 8.09997,
	6.06408 8.09633,
	6.08069 8.08647,
	6.0973 8.07557,
	6.1056 8.07246,
	6.10976 8.06986,
	6.11391 8.0683,
	6.13052 8.0574,
	6.13883 8.05169,
	6.14713 8.04494,
	6.15076 8.04079,
	6.16063 8.02418,
	6.16426 8.01587,
	6.16789 7.99926,
	6.16945 7.96604,
	6.16945 7.96189,
	6.17309 7.95358,
	6.17776 7.94528,
	6.18606 7.93853,
	6.19437 7.93022,
	6.20267 7.92399,
	6.20683 7.9214,
	6.21513 7.91932,
	6.22344 7.9188,
	6.23174 7.91932,
	6.24835 7.92244,
	6.28158 7.9323,
	6.28988 7.93282,
	6.29819 7.9323,
	6.30234 7.9323,
	6.31065 7.93074,
	6.31272 7.93022,
	6.31687 7.93126,
	6.33349 7.93022,
	6.34179 7.92815,
	6.34594 7.92711,
	6.36256 7.92867,
	6.37917 7.92867,
	6.39578 7.93126,
	6.41239 7.93593,
	6.42069 7.93957,
	6.42485 7.94268,
	6.429 7.94424,
	6.43315 7.94684,
	6.43731 7.94787,
	6.44561 7.94684,
	6.45392 7.94476,
	6.45807 7.94372,
	6.47468 7.94372,
	6.48299 7.9458,
	6.48714 7.94684,
	6.49129 7.94943,
	6.49337 7.94995,
	6.49441 7.94995,
	6.52763 7.9759,
	6.5297 7.97798,
	6.54735 8.0112,
	6.55825 8.02781,
	6.56033 8.02989,
	6.57694 8.03872,
	6.59355 8.03923,
	6.59771 8.03923,
	6.60601 8.04287,
	6.61432 8.04391,
	6.61847 8.04546,
	6.62262 8.04858,
	6.62522 8.05273,
	6.62989 8.06934,
	6.63352 8.07765,
	6.63612 8.08595,
	6.63768 8.09011,
	6.64391 8.09841,
	6.65221 8.1062,
	6.65636 8.10983,
	6.66155 8.11814,
	6.66467 8.12229,
	6.6683 8.13059,
	6.66986 8.13475,
	6.67038 8.15136,
	6.66882 8.16797,
	6.6683 8.17212,
	6.67142 8.18873,
	6.67349 8.20534,
	6.67349 8.2095,
	6.67505 8.2178,
	6.67453 8.25103,
	6.67401 8.25518,
	6.67297 8.25725,
	6.6709 8.27387,
	6.66986 8.28217,
	6.66986 8.28632,
	6.66675 8.29463,
	6.66259 8.30293,
	6.66052 8.30709,
	6.64598 8.3237,
	6.64235 8.32785,
	6.63664 8.33616,
	6.62262 8.35277,
	6.60653 8.3673,
	6.58992 8.38339,
	6.58577 8.38755,
	6.58369 8.38962,
	6.57383 8.40623,
	6.56967 8.41454,
	6.56345 8.43115,
	6.55929 8.43946,
	6.55306 8.45607,
	6.55099 8.46022,
	6.54891 8.46853,
	6.54112 8.48514,
	6.53645 8.49344,
	6.53386 8.4976,
	6.52555 8.50486,
	6.5214 8.50798,
	6.51309 8.51161,
	6.49648 8.5168,
	6.47987 8.51836,
	6.47572 8.5194,
	6.45911 8.53134,
	6.4508 8.5386,
	6.44509 8.54691,
	6.43523 8.56352,
	6.42121 8.58013,
	6.40512 8.59622,
	6.39682 8.6009,
	6.38851 8.60453,
	6.38436 8.60609,
	6.36775 8.60609,
	6.35944 8.60609,
	6.34283 8.60297,
	6.33452 8.59986,
	6.32622 8.59363,
	6.31116 8.57702,
	6.29923 8.56041,
	6.29352 8.5521,
	6.27794 8.53549,
	6.26964 8.52718,
	6.26133 8.52044,
	6.25303 8.51576,
	6.24887 8.51317,
	6.2468 8.51213,
	6.24472 8.51005,
	6.22863 8.50123,
	6.22032 8.49863,
	6.20371 8.49708,
	6.20164 8.49708,
	6.19748 8.49552,
	6.19541 8.49552,
	6.16218 8.48462,
	6.15388 8.48098,
	6.14973 8.47735,
	6.13311 8.46645,
	6.12896 8.46385,
	6.12689 8.46282,
	6.12014 8.45451,
	6.11754 8.45036,
	6.11443 8.44205,
	6.11287 8.43375,
	6.11287 8.41714,
	6.11287 8.41298,
	6.11183 8.40883,
	6.11131 8.40675,
	6.10768 8.4026,
	6.1056 8.40052,
	6.10353 8.39949,
	6.10249 8.39949,
	6.10145 8.39845,
	6.10041 8.39845,
	6.0838 8.38495,
	6.07705 8.37717,
	6.07134 8.36886,
	6.06304 8.35225,
	6.05317 8.33564,
	6.0485 8.32733,
	6.04487 8.31903,
	6.04331 8.31487,
	6.0402 8.31072,
	6.03968 8.30864,
	6.03345 8.30034,
	6.02359 8.28373,
	6.02203 8.27958,
	6.01684 8.27127,
	5.98621 8.20483,
	5.98413 8.19652,
	5.98258 8.19237,
	5.98206 8.17576,
	5.98206 8.1716,
	5.98206 8.16953,
	5.98206 8.16849,
	"/>
</Transform>

<Transform dim="0"
 xcoef=" 0 1 0 0 0 0"
 ycoef=" 0 0 1 0 0 0">
<Contour name="d02" hidden="false" closed="true" simplified="true" border="0.5 0 1" fill="0.5 0 1" mode="9"
 points="3.83098 6.54965,
	3.86451 6.51479,
	3.88513 6.48016,
	3.89758 6.4628,
	3.93192 6.45792,
	3.94517 6.47053,
	3.94993 6.48759,
	4.0033 6.5509,
	4.06924 6.60114,
	4.074 6.6182,
	4.07422 6.62675,
	4.05746 6.64418,
	4.04047 6.65306,
	4.03209 6.66178,
	3.99753 6.6581,
	3.96648 6.62437,
	3.94892 6.61183,
	3.87993 6.60877,
	3.86271 6.60907,
	3.84515 6.59653,
	3.83132 6.5625,
	3.83109 6.55394,
	"/>
<Contour name="d07" hidden="false" closed="true" simplified="true" border="1 0 1" fill="1 0 1" mode="9"
 points="3.56497 7.57222,
	3.60353 7.49997,
	3.63404 7.46364,
	3.66941 7.44066,
	3.68691 7.42245,
	3.758 7.38989,
	3.82992 7.38862,
	3.86553 7.37458,
	3.9009 7.35159,
	3.97116 7.28773,
	4.04189 7.24176,
	4.10316 7.17805,
	4.14172 7.10581,
	4.15875 7.06972,
	4.16229 7.03388,
	4.18381 6.99771,
	4.19635 6.96171,
	4.20486 6.94367,
	4.19847 6.87221,
	4.18001 6.85464,
	4.17457 6.81896,
	4.1606 6.80131,
	4.15564 6.78351,
	4.11897 6.75732,
	4.08655 6.7221,
	4.08158 6.70431,
	4.06762 6.68666,
	4.06217 6.65097,
	4.09304 6.62806,
	4.12901 6.62742,
	4.14723 6.63605,
	4.15645 6.64484,
	4.17455 6.64898,
	4.18402 6.66671,
	4.20247 6.68428,
	4.22069 6.69291,
	4.29225 6.67823,
	4.31 6.66897,
	4.33614 6.6372,
	4.37127 6.60527,
	4.44342 6.61293,
	4.44437 6.6487,
	4.43184 6.6847,
	4.42333 6.70275,
	4.42356 6.71169,
	4.41481 6.72079,
	4.40677 6.75671,
	4.37176 6.79312,
	4.35922 6.82912,
	4.35214 6.90081,
	4.35974 7.18694,
	4.35714 7.25856,
	4.34862 7.27659,
	4.33112 7.2948,
	4.32237 7.3039,
	4.2864 7.30453,
	4.26842 7.30485,
	4.25541 7.32297,
	4.24288 7.35897,
	4.24832 7.39466,
	4.2772 7.46572,
	4.29258 7.53701,
	4.29305 7.55489,
	4.30252 7.57262,
	4.32098 7.59019,
	4.35753 7.61191,
	4.37575 7.62053,
	4.39373 7.62022,
	4.41218 7.63778,
	4.41763 7.67347,
	4.4181 7.69135,
	4.41384 7.70037,
	4.40486 7.70052,
	4.37872 7.7323,
	4.36571 7.75042,
	4.34796 7.75968,
	4.3482 7.76862,
	4.23004 7.89148,
	4.2123 7.90073,
	4.20331 7.90089,
	4.19456 7.90999,
	4.12263 7.91126,
	4.05047 7.90358,
	4.01452 7.90422,
	3.97831 7.89592,
	3.90532 7.85695,
	3.86889 7.8397,
	3.83221 7.8135,
	3.79614 7.80967,
	3.75958 7.78795,
	3.68588 7.72216,
	3.66743 7.7046,
	3.644 7.66922,
	3.60744 7.6475,
	3.58922 7.63888,
	3.57078 7.62131,
	3.56532 7.58563,
	3.56509 7.57668,
	"/>
<Contour name="d07cfa28ax21" hidden="false" closed="false" simplified="false" border="0 1 1" fill="0 1 1" mode="9"
 points="4.09957 6.63002,
	4.1123 6.64511,
	4.16239 6.67488,
	4.22731 6.68292,
	4.2885 6.66653,
	4.34297 6.62879,
	4.37952 6.61282,
	"/>
</Transform>

<Transform dim="0"
 xcoef=" 0 1 0 0 0 0"
 ycoef=" 0 0 1 0 0 0">
<Contour name="ax21" comment="LK bouton trace named after cfa" hidden="false" closed="true" simplified="true" border="0 1 1" fill="0.502 1 1" mode="9"
 points="3.91147 6.22114,
	3.91807 6.21233,
	3.92688 6.20407,
	3.93569 6.19857,
	3.93789 6.19417,
	3.93899 6.18976,
	3.93954 6.18756,
	3.93238 6.16995,
	3.93183 6.16885,
	3.93404 6.16444,
	3.93844 6.16004,
	3.94064 6.15784,
	3.94945 6.15343,
	3.95385 6.15123,
	3.96266 6.14848,
	3.98027 6.13912,
	3.98633 6.13031,
	3.98853 6.1127,
	3.99183 6.09509,
	3.99293 6.09068,
	3.99569 6.08628,
	4.00449 6.08077,
	4.03972 6.07637,
	4.05734 6.07362,
	4.06614 6.07417,
	4.08376 6.07087,
	4.11899 6.06151,
	4.1366 6.05105,
	4.15421 6.03949,
	4.16302 6.03619,
	4.16743 6.03509,
	4.16963 6.03399,
	4.17843 6.03454,
	4.18724 6.03399,
	4.19164 6.03344,
	4.20045 6.02848,
	4.20486 6.02683,
	4.22247 6.02518,
	4.2577 6.02683,
	4.27531 6.02793,
	4.31054 6.02518,
	4.31935 6.02463,
	4.33696 6.01692,
	4.35458 6.01032,
	4.37219 6.00536,
	4.381 6.00371,
	4.38981 6.00316,
	4.39421 6.00316,
	4.42944 6.01032,
	4.46467 6.01252,
	4.49989 6.01857,
	4.53512 6.02188,
	4.54393 6.02353,
	4.55274 6.02628,
	4.57035 6.03564,
	4.58797 6.0472,
	4.60558 6.05105,
	4.62319 6.056,
	4.64081 6.06481,
	4.64521 6.06756,
	4.65402 6.07582,
	4.65622 6.07802,
	4.66503 6.08298,
	4.67384 6.08958,
	4.67989 6.09839,
	4.68264 6.10279,
	4.70026 6.11876,
	4.71787 6.12866,
	4.7531 6.14573,
	4.7575 6.14848,
	4.76631 6.15729,
	4.77567 6.1749,
	4.78447 6.18206,
	4.78833 6.18646,
	4.79273 6.19527,
	4.79218 6.20407,
	4.78833 6.22169,
	4.78558 6.2305,
	4.78172 6.2393,
	4.77897 6.25692,
	4.77897 6.26572,
	4.78172 6.28334,
	4.78558 6.29215,
	4.78833 6.30095,
	4.78998 6.30536,
	4.79493 6.31416,
	4.79879 6.32297,
	4.81145 6.34058,
	4.82906 6.3582,
	4.83622 6.36701,
	4.84062 6.36976,
	4.84282 6.37031,
	4.84723 6.37306,
	4.86484 6.37912,
	4.87365 6.38187,
	4.87585 6.38352,
	4.87805 6.38407,
	4.88025 6.38572,
	4.88466 6.38627,
	4.90227 6.38462,
	4.91108 6.38407,
	4.91328 6.38407,
	4.91768 6.38627,
	4.92649 6.38682,
	4.93089 6.38682,
	4.9397 6.38957,
	4.9419 6.38957,
	4.95071 6.39398,
	4.95511 6.39618,
	4.96392 6.40334,
	4.96832 6.40664,
	4.98264 6.42425,
	4.98649 6.42866,
	4.99034 6.43746,
	4.99309 6.44627,
	4.99364 6.46388,
	4.99364 6.47269,
	4.99364 6.4771,
	4.9964 6.4859,
	5.00025 6.49471,
	5.0052 6.50352,
	5.00741 6.50792,
	5.01071 6.51232,
	5.01896 6.52113,
	5.02337 6.52553,
	5.04098 6.53819,
	5.04979 6.54535,
	5.0586 6.55141,
	5.063 6.55306,
	5.07181 6.55251,
	5.10704 6.54425,
	5.12465 6.5393,
	5.14226 6.53214,
	5.17749 6.51563,
	5.17969 6.51453,
	5.18795 6.50572,
	5.1918 6.50132,
	5.20061 6.49416,
	5.21823 6.4826,
	5.22703 6.47655,
	5.23584 6.47159,
	5.24024 6.46884,
	5.24905 6.46609,
	5.26667 6.46499,
	5.27547 6.46499,
	5.28428 6.46333,
	5.30189 6.45508,
	5.31951 6.44462,
	5.32832 6.43801,
	5.33052 6.43581,
	5.33492 6.43416,
	5.34373 6.43306,
	5.35253 6.43306,
	5.36134 6.43471,
	5.39657 6.43581,
	5.40538 6.43636,
	5.42299 6.44187,
	5.4318 6.44517,
	5.44061 6.44957,
	5.44941 6.45508,
	5.45822 6.46223,
	5.46262 6.46499,
	5.47143 6.47379,
	5.47859 6.4826,
	5.49675 6.51783,
	5.50611 6.53544,
	5.50996 6.54425,
	5.51602 6.55306,
	5.51877 6.55746,
	5.53363 6.57507,
	5.54959 6.59269,
	5.5584 6.6015,
	5.57602 6.61526,
	5.58482 6.62296,
	5.60244 6.63397,
	5.62005 6.64223,
	5.62886 6.64553,
	5.66409 6.65434,
	5.67289 6.65764,
	5.70812 6.6648,
	5.72574 6.6692,
	5.74335 6.67801,
	5.75216 6.68296,
	5.76097 6.68571,
	5.76537 6.68737,
	5.78298 6.68792,
	5.8006 6.68957,
	5.805 6.69067,
	5.8072 6.69067,
	5.82482 6.70003,
	5.84243 6.71489,
	5.85124 6.72259,
	5.85564 6.72645,
	5.89087 6.74351,
	5.9261 6.75947,
	5.93491 6.76388,
	5.95252 6.77654,
	5.96133 6.78535,
	5.96463 6.78975,
	5.96683 6.7914,
	5.96903 6.79195,
	6.00041 6.82718,
	6.00922 6.83544,
	6.02683 6.84865,
	6.04445 6.86516,
	6.06206 6.87672,
	6.07087 6.88057,
	6.07967 6.88222,
	6.09729 6.88332,
	6.1061 6.88387,
	6.1149 6.88663,
	6.15013 6.90094,
	6.16774 6.90809,
	6.18536 6.91415,
	6.19417 6.9158,
	6.19857 6.91635,
	6.20077 6.9169,
	6.20518 6.91415,
	6.22224 6.89819,
	6.22664 6.89433,
	6.22884 6.89213,
	6.23765 6.88773,
	6.24646 6.88498,
	6.25527 6.88387,
	6.27288 6.88443,
	6.29049 6.88773,
	6.2993 6.88938,
	6.31692 6.88938,
	6.33453 6.89158,
	6.34334 6.89268,
	6.34774 6.89378,
	6.35214 6.89378,
	6.36095 6.89709,
	6.37857 6.90589,
	6.38737 6.9103,
	6.4226 6.92296,
	6.44022 6.93011,
	6.45783 6.93947,
	6.46664 6.94608,
	6.47544 6.95378,
	6.4826 6.96259,
	6.4881 6.9714,
	6.49251 6.9802,
	6.49306 6.99782,
	6.49141 7.00662,
	6.49031 7.01103,
	6.48205 7.02864,
	6.47489 7.03745,
	6.46609 7.04461,
	6.45728 7.05011,
	6.45343 7.05396,
	6.45067 7.05837,
	6.44682 7.06717,
	6.44407 7.07158,
	6.44297 7.07378,
	6.43856 7.07653,
	6.43636 7.07763,
	6.43416 7.08204,
	6.43251 7.08424,
	6.43251 7.08534,
	6.42866 7.08974,
	6.42425 7.09304,
	6.42205 7.09525,
	6.41985 7.09635,
	6.41104 7.0958,
	6.40664 7.0947,
	6.40444 7.0947,
	6.38682 7.08424,
	6.37802 7.07928,
	6.37361 7.07763,
	6.3648 7.07103,
	6.3604 7.06662,
	6.32517 7.04791,
	6.31637 7.04295,
	6.30756 7.04075,
	6.28994 7.0391,
	6.28114 7.03855,
	6.26352 7.03415,
	6.25472 7.03194,
	6.24591 7.02754,
	6.2415 7.02479,
	6.22389 7.01048,
	6.21508 7.00387,
	6.19747 6.99451,
	6.19307 6.99121,
	6.19086 6.99011,
	6.18701 6.98571,
	6.18426 6.9813,
	6.18316 6.9791,
	6.17435 6.97635,
	6.16554 6.97525,
	6.16114 6.97415,
	6.14353 6.97525,
	6.12591 6.97855,
	6.12151 6.9802,
	6.11325 6.98846,
	6.10995 6.99286,
	6.10775 6.99727,
	6.10169 7.00607,
	6.09233 7.02369,
	6.08628 7.0325,
	6.07197 7.05011,
	6.06316 7.05671,
	6.05435 7.06222,
	6.04555 7.06607,
	6.03674 7.06882,
	6.03234 7.06993,
	6.02353 7.06938,
	6.01912 7.06717,
	6.01032 7.06057,
	6.00646 7.05616,
	6.00426 7.05396,
	6.00316 7.05286,
	5.99435 7.05066,
	5.98995 7.05011,
	5.98555 7.04846,
	5.97674 7.04736,
	5.96793 7.0435,
	5.96353 7.04185,
	5.95472 7.0358,
	5.94702 7.02699,
	5.94536 7.02259,
	5.94536 7.01378,
	5.94481 7.01158,
	5.94151 7.00717,
	5.9327 7.00167,
	5.9283 6.99947,
	5.9261 6.99837,
	5.90849 7.00112,
	5.89968 7.00222,
	5.89087 7.00167,
	5.88647 7.00167,
	5.87766 6.99892,
	5.86005 6.99066,
	5.84243 6.98681,
	5.82482 6.98571,
	5.8072 6.9802,
	5.78959 6.96809,
	5.78078 6.96314,
	5.77858 6.96204,
	5.76977 6.96149,
	5.75216 6.96259,
	5.73454 6.97029,
	5.71693 6.97965,
	5.70812 6.98516,
	5.70372 6.98791,
	5.69932 6.98956,
	5.69051 6.99011,
	5.6817 6.98956,
	5.6773 6.98901,
	5.6751 6.98901,
	5.66629 6.98516,
	5.65748 6.9824,
	5.64867 6.978,
	5.63106 6.9725,
	5.62666 6.97029,
	5.5562 6.94938,
	5.54739 6.94773,
	5.54299 6.94608,
	5.52537 6.94332,
	5.52097 6.94222,
	5.48574 6.94057,
	5.47694 6.94057,
	5.47253 6.94002,
	5.46813 6.93837,
	5.45932 6.93672,
	5.45051 6.93397,
	5.44611 6.93231,
	5.44391 6.93121,
	5.4351 6.93066,
	5.4307 6.93011,
	5.4285 6.93011,
	5.41088 6.92186,
	5.40207 6.918,
	5.39327 6.91525,
	5.38446 6.91415,
	5.38006 6.9136,
	5.37125 6.9103,
	5.36905 6.9092,
	5.36024 6.90865,
	5.34263 6.90975,
	5.33382 6.9103,
	5.32942 6.91085,
	5.32061 6.90975,
	5.31621 6.9092,
	5.3074 6.90479,
	5.29859 6.90149,
	5.29419 6.90094,
	5.29199 6.89984,
	5.25676 6.89874,
	5.24795 6.89874,
	5.23914 6.89709,
	5.22153 6.88828,
	5.21272 6.88332,
	5.20391 6.87617,
	5.19511 6.86791,
	5.1863 6.86131,
	5.1819 6.85745,
	5.17969 6.85525,
	5.16208 6.84424,
	5.12685 6.82608,
	5.11804 6.82112,
	5.10043 6.80846,
	5.09603 6.80461,
	5.0608 6.78094,
	5.04318 6.76608,
	5.03493 6.75727,
	5.03273 6.75507,
	5.02172 6.73746,
	5.01621 6.72865,
	5.01346 6.72425,
	4.99585 6.71048,
	4.99144 6.70773,
	4.98429 6.69893,
	4.97273 6.68131,
	4.95511 6.6637,
	4.95071 6.65929,
	4.94631 6.65599,
	4.94135 6.64718,
	4.9375 6.63838,
	4.93585 6.63397,
	4.9353 6.62517,
	4.93089 6.60755,
	4.92484 6.58994,
	4.89566 6.55471,
	4.88025 6.53709,
	4.87145 6.52829,
	4.85383 6.51398,
	4.84502 6.50737,
	4.82741 6.49856,
	4.8098 6.49141,
	4.79218 6.48755,
	4.78337 6.48645,
	4.76576 6.487,
	4.74815 6.48865,
	4.73934 6.48976,
	4.66888 6.50682,
	4.63365 6.51618,
	4.61604 6.52113,
	4.60723 6.52333,
	4.572 6.5393,
	4.5632 6.5426,
	4.55879 6.5437,
	4.54998 6.5426,
	4.51476 6.5448,
	4.50595 6.54535,
	4.50155 6.54645,
	4.46632 6.56462,
	4.45751 6.56902,
	4.4487 6.57507,
	4.43109 6.58443,
	4.42668 6.58663,
	4.40907 6.59984,
	4.40467 6.60315,
	4.33421 6.63452,
	4.3166 6.64223,
	4.30779 6.64553,
	4.27256 6.65434,
	4.25495 6.65709,
	4.21972 6.6659,
	4.2021 6.66975,
	4.1999 6.6703,
	4.19109 6.66865,
	4.18669 6.6681,
	4.18449 6.6681,
	4.16687 6.66094,
	4.15807 6.65709,
	4.14045 6.65104,
	4.13165 6.64498,
	4.11403 6.62847,
	4.0788 6.6081,
	4.07 6.60205,
	4.06119 6.59489,
	4.04357 6.58388,
	4.03917 6.58058,
	4.03202 6.57177,
	4.02706 6.56297,
	4.01936 6.54535,
	4.0144 6.53654,
	4.0078 6.52774,
	3.99018 6.51122,
	3.98137 6.50352,
	3.96376 6.4859,
	3.95605 6.4771,
	3.93844 6.44187,
	3.92963 6.42425,
	3.92523 6.41545,
	3.92193 6.40664,
	3.91862 6.38902,
	3.91697 6.37141,
	3.91587 6.3626,
	3.91532 6.3604,
	3.91697 6.35159,
	3.92027 6.34279,
	3.92468 6.33398,
	3.94229 6.32022,
	3.9467 6.31637,
	3.95275 6.30756,
	3.95715 6.29875,
	3.96046 6.28994,
	3.9555 6.28114,
	3.94174 6.26352,
	3.93844 6.25912,
	3.92083 6.24206,
	3.91587 6.23325,
	3.91202 6.22444,
	3.91147 6.22224,
	3.91147 6.22169,
	"/>
</Transform>

<Transform dim="6"
 xcoef=" -0.755645855923033 1.16276650128961 0.0206930469681497 0 0 0"
 ycoef=" -0.753367726538626 0.0859545747114683 0.912708808238289 0 0 0">
<Image mag="0.00217507" contrast="1.10905" brightness="0.105" red="true" green="true" blue="true"
 src="FHLTD.158.jpg" />
<Contour name="domain1" hidden="false" closed="true" simplified="false" border="1 0 1" fill="1 0 1" mode="11"
 points="0 0,
	4096 0,
	4096 4096,
	0 4096,
	"/>
</Transform>

<Transform dim="0"
 xcoef=" 0 1 0 0 0 0"
 ycoef=" 0 0 1 0 0 0">
<Contour name="d07c28ax21" hidden="false" closed="true" simplified="true" border="0 1 0" fill="0 1 0" mode="9"
 points="4.08704 6.6539,
	4.11004 6.59256,
	4.11292 6.58489,
	4.11484 6.58105,
	4.11579 6.57914,
	4.17714 6.60885,
	4.19247 6.61652,
	4.20014 6.62035,
	4.32283 6.59064,
	4.3535 6.58393,
	4.36884 6.58009,
	4.37075 6.57914,
	4.37267 6.58009,
	4.38609 6.64144,
	4.38801 6.64911,
	4.38801 6.65102,
	4.26532 6.70949,
	4.24998 6.71716,
	4.24232 6.72099,
	4.18097 6.70949,
	4.1733 6.70758,
	4.11196 6.67019,
	4.09662 6.66061,
	4.08896 6.65677,
	4.08704 6.65486,
	"/>
</Transform>

<Transform dim="1"
 xcoef=" 0 1 0 0 0 0"
 ycoef=" -0.01 0 1 0 0 0">
<Contour name="d02cfa26a" hidden="false" closed="false" simplified="false" border="0 1 1" fill="0 1 1" mode="9"
 points="4.0666 6.59911,
	4.03592 6.58185,
	4.00177 6.56018,
	3.9833 6.53936,
	3.96926 6.51623,
	3.95178 6.48982,
	3.93893 6.47001,
	"/>
</Transform>

<Transform dim="0"
 xcoef=" 0 1 0 0 0 0"
 ycoef=" 0 0 1 0 0 0">
<Contour name="d02c26Aax21" hidden="false" closed="true" simplified="true" border="0 1 0" fill="0 1 0" mode="9"
 points="3.92162 6.49885,
	3.94165 6.47748,
	3.95167 6.4668,
	3.95635 6.46145,
	3.95902 6.45878,
	3.95968 6.45811,
	4.03782 6.5436,
	4.07656 6.58634,
	4.08591 6.59703,
	4.08791 6.59903,
	4.06654 6.61105,
	4.05586 6.61706,
	4.05051 6.6204,
	4.04918 6.62107,
	3.96369 6.53892,
	3.94232 6.51889,
	3.93164 6.5082,
	3.92629 6.50353,
	3.92362 6.50086,
	3.92229 6.49952,
	"/>
</Transform>

</Section>