<?xml version="1.0"?>
<!DOCTYPE Section SYSTEM "section.dtd">

<Section index="76" thickness="0.045" alignLocked="true">
<Transform dim="1"
 xcoef=" 4.19999999999996 1 0 0 0 0"
 ycoef=" 2.47999999999999 0 1 0 0 0">
<Contour name="D04" hidden="false" closed="true" simplified="true" border="1 0 0" fill="1 0 0" mode="11"
 points="5.46492 7.32996,
	5.46778 7.29096,
	5.47628 7.25281,
	5.49024 7.21634,
	5.50936 7.18235,
	5.53323 7.15158,
	5.56131 7.1247,
	5.59299 7.1023,
	5.6276 7.08487,
	5.66436 7.07278,
	5.70248 7.0663,
	5.74113 7.06558,
	5.77947 7.07063,
	5.81665 7.08133,
	5.85186 7.09746,
	5.88435 7.11866,
	5.91339 7.14447,
	5.93836 7.17432,
	5.95871 7.20758,
	5.97399 7.2435,
	5.98388 7.28131,
	5.98816 7.32018,
	5.98673 7.35926,
	5.97963 7.39771,
	5.96701 7.43467,
	5.94914 7.46936,
	5.92642 7.501,
	5.89934 7.52891,
	5.86849 7.55248,
	5.83455 7.57119,
	5.79825 7.58464,
	5.76039 7.59254,
	5.72179 7.59471,
	5.6833 7.5911,
	5.64576 7.58179,
	5.60998 7.56699,
	5.57674 7.54702,
	5.54678 7.52231,
	5.52073 7.49341,
	5.49918 7.46094,
	5.48259 7.42562,
	5.47133 7.3882,
	"/>
</Transform>

<Transform dim="1"
 xcoef=" -0.3 1 0 0 0 0"
 ycoef=" -0.06 0 1 0 0 0">
<Contour name="D05" hidden="false" closed="true" simplified="true" border="1 1 0" fill="1 1 0" mode="11"
 points="2.15299 4.10404,
	2.16475 4.03163,
	2.19888 3.96632,
	2.25205 3.91448,
	2.31904 3.8812,
	2.39329 3.86974,
	2.46755 3.8812,
	2.53454 3.91448,
	2.58771 3.96632,
	2.62184 4.03163,
	2.6336 4.10404,
	2.62184 4.17644,
	2.58771 4.24175,
	2.53454 4.29359,
	2.46755 4.32687,
	2.39329 4.33833,
	2.31904 4.32687,
	2.25205 4.29359,
	2.19888 4.24175,
	"/>
</Transform>

<Transform dim="0"
 xcoef=" 0 1 0 0 0 0"
 ycoef=" 0 0 1 0 0 0">
<Contour name="d01" hidden="true" closed="true" simplified="true" border="1 0.5 0" fill="1 0.5 0" mode="-11"
 points="4.91657 2.59045,
	4.93772 2.54816,
	4.96944 2.50586,
	4.97472 2.42128,
	4.96944 2.37899,
	4.95358 2.33669,
	4.94829 2.2944,
	4.94829 2.27325,
	4.94829 2.26268,
	5.11218 2.12523,
	5.12275 2.10408,
	5.12275 2.01949,
	5.10689 1.93491,
	5.10689 1.89261,
	5.11218 1.88204,
	5.15447 1.88204,
	5.17561 1.87676,
	5.19676 1.8609,
	5.20733 1.85032,
	5.21791 1.85032,
	5.23377 1.81332,
	5.24434 1.79217,
	5.28663 1.80274,
	5.29721 1.80274,
	5.31835 1.8186,
	5.32893 1.82918,
	5.33421 1.87147,
	5.4188 1.94019,
	5.50339 1.95605,
	5.52453 1.96663,
	5.53511 1.9772,
	5.61969 2.00892,
	5.70428 2.01949,
	5.70956 2.10408,
	5.71485 2.14637,
	5.73071 2.18338,
	5.75186 2.17809,
	5.76243 2.18338,
	5.73071 2.26797,
	5.73071 2.31026,
	5.74128 2.35255,
	5.75186 2.52172,
	5.72014 2.60631,
	5.64084 2.67504,
	5.59855 2.70676,
	5.5774 2.71733,
	5.54039 2.75962,
	5.51925 2.80192,
	5.43995 2.86007,
	5.39765 2.86536,
	5.37651 2.8495,
	5.37122 2.82835,
	5.33421 2.80192,
	5.24963 2.77548,
	5.22848 2.7702,
	5.18619 2.79134,
	5.14389 2.79663,
	5.05931 2.78606,
	5.03816 2.78077,
	5.03288 2.73848,
	5.07517 2.69618,
	5.09103 2.67504,
	5.09103 2.65389,
	5.08046 2.63274,
	5.07517 2.62217,
	4.99058 2.6486,
	4.94829 2.66446,
	4.92714 2.65918,
	4.93243 2.6486,
	4.91657 2.63274,
	4.91657 2.59574,
	"/>
</Transform>

<Transform dim="0"
 xcoef=" 0 1 0 0 0 0"
 ycoef=" 0 0 1 0 0 0">
<Contour name="d01" hidden="true" closed="true" simplified="true" border="1 0.5 0" fill="1 0.5 0" mode="9"
 points="6.30657 1.89281,
	6.31921 1.88017,
	6.35294 1.88438,
	6.3698 1.88438,
	6.43725 1.8633,
	6.45411 1.85487,
	6.48784 1.87174,
	6.62274 1.87595,
	6.6396 1.87595,
	6.65646 1.88438,
	6.6649 1.90124,
	6.66068 1.93497,
	6.66068 1.95183,
	6.62695 1.97291,
	6.5595 2.00242,
	6.52578 2.01507,
	6.45833 2.0235,
	6.39088 2.01928,
	6.37402 2.01928,
	6.36137 2.00664,
	6.35294 1.97291,
	6.34872 1.96448,
	6.33186 1.96026,
	6.32343 1.95605,
	6.315 1.92232,
	6.31078 1.90546,
	6.30657 1.89703,
	"/>
</Transform>

<Transform dim="0"
 xcoef=" 0 1 0 0 0 0"
 ycoef=" 0 0 1 0 0 0">
<Contour name="d01cfa04" hidden="false" closed="false" simplified="false" border="0 1 1" fill="0 1 1" mode="9"
 points="5.68449 2.01448,
	5.67606 2.01027,
	5.66762 2.00605,
	5.63812 1.99762,
	5.59596 1.98497,
	5.54959 1.97654,
	5.52851 1.96811,
	5.48635 1.95968,
	5.43155 1.93438,
	5.34724 1.88801,
	"/>
</Transform>

<Transform dim="0"
 xcoef=" 0 1 0 0 0 0"
 ycoef=" 0 0 1 0 0 0">
<Contour name="d01c45" hidden="false" closed="true" simplified="true" border="0 1 0" fill="0 1 0" mode="9"
 points="6.38886 1.87148,
	6.39961 1.86073,
	6.42112 1.85535,
	6.59321 1.84997,
	6.61472 1.84997,
	6.62548 1.84997,
	6.63624 1.85535,
	6.63355 1.87686,
	6.62817 1.88224,
	6.61741 1.88493,
	6.61203 1.88493,
	6.60666 1.89031,
	6.56363 1.89299,
	6.47759 1.89031,
	6.43457 1.88493,
	6.42381 1.87955,
	6.4023 1.87955,
	6.39154 1.87417,
	"/>
</Transform>

<Transform dim="0"
 xcoef=" 0 1 0 0 0 0"
 ycoef=" 0 0 1 0 0 0">
<Contour name="d01cfa45" hidden="false" closed="false" simplified="false" border="0 1 1" fill="0 1 1" mode="9"
 points="6.63486 1.86785,
	6.5999 1.85709,
	6.49503 1.85978,
	6.40361 1.87054,
	"/>
</Transform>

<Transform dim="0"
 xcoef=" 0 1 0 0 0 0"
 ycoef=" 0 0 1 0 0 0">
<Contour name="d01c04" hidden="false" closed="true" simplified="true" border="0 1 0" fill="0 1 0" mode="9"
 points="5.32997 1.86464,
	5.35268 1.8618,
	5.37538 1.87031,
	5.39241 1.89018,
	5.40376 1.8987,
	5.40944 1.8987,
	5.42079 1.90721,
	5.43214 1.91005,
	5.4435 1.91856,
	5.48891 1.93275,
	5.50877 1.94978,
	5.53148 1.9583,
	5.55418 1.96113,
	5.59959 1.97532,
	5.6223 1.98384,
	5.66771 1.98952,
	5.69041 1.99803,
	5.69609 2.00371,
	5.69609 2.01506,
	5.69609 2.02073,
	5.65068 2.03493,
	5.60527 2.03493,
	5.58256 2.02641,
	5.57121 2.02073,
	5.54851 2.02073,
	5.5258 2.01222,
	5.51445 2.00371,
	5.46904 1.98952,
	5.44633 1.981,
	5.42647 1.96113,
	5.41511 1.95546,
	5.39241 1.95546,
	5.3839 1.94694,
	5.3839 1.94127,
	5.37822 1.93559,
	5.37538 1.92424,
	5.35835 1.90153,
	5.347 1.89302,
	5.33281 1.87031,
	5.33281 1.86748,
	"/>
</Transform>

<Transform dim="0"
 xcoef=" 0 1 0 0 0 0"
 ycoef=" 0 0 1 0 0 0">
<Contour name="d03" hidden="false" closed="true" simplified="true" border="0 1 0" fill="0 1 0" mode="9"
 points="3.67035 2.4652,
	3.68467 2.38883,
	3.68706 2.37929,
	3.72285 2.3411,
	3.76104 2.30769,
	3.77058 2.30053,
	3.80877 2.29337,
	3.82786 2.29099,
	3.8374 2.29337,
	3.85649 2.30769,
	3.82786 2.38406,
	3.81592 2.42224,
	3.81354 2.43179,
	3.78251 2.46997,
	3.74672 2.50099,
	3.72763 2.51531,
	3.68944 2.48668,
	3.67035 2.47236,
	3.67035 2.46758,
	"/>
</Transform>

<Transform dim="0"
 xcoef=" 0 1 0 0 0 0"
 ycoef=" 0 0 1 0 0 0">
<Contour name="d03" hidden="false" closed="true" simplified="true" border="0 1 0" fill="0 1 0" mode="9"
 points="3.33625 2.34349,
	3.36011 2.30531,
	3.3625 2.30292,
	3.37205 2.32201,
	3.38398 2.36019,
	3.38875 2.36974,
	3.40068 2.44611,
	3.45557 2.52247,
	3.48182 2.56065,
	3.4866 2.57975,
	3.4866 2.58452,
	3.47705 2.58929,
	3.415 2.51531,
	3.38398 2.47713,
	3.36727 2.45804,
	3.35534 2.43895,
	3.34102 2.36258,
	3.33625 2.34587,
	"/>
</Transform>

<Transform dim="0"
 xcoef=" 0 1 0 0 0 0"
 ycoef=" 0 0 1 0 0 0">
<Contour name="d06" hidden="true" closed="true" simplified="true" border="0 0 1" fill="0 0 1" mode="11"
 points="1.64138 7.62445,
	1.66088 7.57987,
	1.66088 7.55757,
	1.66924 7.53528,
	1.68318 7.51298,
	1.69154 7.50184,
	1.69154 7.49626,
	1.69711 7.49069,
	1.70826 7.4461,
	1.7194 7.42381,
	1.75284 7.38201,
	1.75842 7.37086,
	1.76678 7.36529,
	1.85595 7.28169,
	1.87267 7.26497,
	1.91726 7.22874,
	1.95906 7.19809,
	1.98135 7.18694,
	2.00365 7.18694,
	2.0148 7.18694,
	2.02594 7.19251,
	2.07053 7.19251,
	2.09282 7.19809,
	2.13741 7.19809,
	2.1597 7.20645,
	2.20429 7.20645,
	2.2238 7.22595,
	2.23495 7.2371,
	2.24052 7.24267,
	2.24609 7.24267,
	2.26281 7.25939,
	2.3074 7.27611,
	2.32691 7.29562,
	2.32412 7.31791,
	2.31019 7.33742,
	2.28789 7.34299,
	2.24331 7.34299,
	2.22101 7.34299,
	2.21544 7.34857,
	2.21823 7.37086,
	2.22937 7.39316,
	2.24331 7.48233,
	2.24331 7.49348,
	2.25445 7.51577,
	2.27675 7.53806,
	2.29347 7.55478,
	2.30183 7.56593,
	2.31019 7.58823,
	2.31297 7.63281,
	2.31576 7.64396,
	2.32412 7.65511,
	2.32412 7.66068,
	2.34084 7.68297,
	2.3492 7.72756,
	2.3492 7.77215,
	2.3492 7.79444,
	2.34641 7.80559,
	2.32969 7.8251,
	2.31855 7.83067,
	2.29625 7.83346,
	2.25167 7.85575,
	2.24052 7.86411,
	2.23495 7.87526,
	2.23495 7.8864,
	2.23773 7.89198,
	2.28232 7.89198,
	2.29347 7.89476,
	2.30183 7.90591,
	2.30183 7.91706,
	2.30183 7.92263,
	2.25724 7.92542,
	2.16806 7.91706,
	2.12348 7.90312,
	2.10118 7.89755,
	2.01201 7.89755,
	1.96742 7.89476,
	1.94513 7.89198,
	1.90054 7.87247,
	1.85874 7.83624,
	1.84759 7.8251,
	1.803 7.8028,
	1.78071 7.79166,
	1.75842 7.78608,
	1.74727 7.7833,
	1.7417 7.7833,
	1.7194 7.76936,
	1.6776 7.73313,
	1.65531 7.7192,
	1.64138 7.69691,
	1.64138 7.65232,
	1.64138 7.63003,
	1.64138 7.62724,
	"/>
</Transform>

<Transform dim="0"
 xcoef=" 0 1 0 0 0 0"
 ycoef=" 0 0 1 0 0 0">
<Contour name="d07" hidden="true" closed="true" simplified="true" border="1 0 1" fill="1 0 1" mode="9"
 points="4.10275 7.58746,
	4.11152 7.56992,
	4.18165 7.51294,
	4.25178 7.46911,
	4.32191 7.43404,
	4.33945 7.42528,
	4.34821 7.42089,
	4.38328 7.45157,
	4.39643 7.46472,
	4.39643 7.60499,
	4.38328 7.67512,
	4.3789 7.71019,
	4.37451 7.72772,
	4.37451 7.73649,
	4.34383 7.76717,
	4.3263 7.7847,
	4.29123 7.78909,
	4.25616 7.7847,
	4.23863 7.7847,
	4.22986 7.77594,
	4.2211 7.77594,
	4.10275 7.64006,
	4.10275 7.60499,
	4.10275 7.59184,
	"/>
<Contour name="d07" hidden="true" closed="true" simplified="true" border="1 0 1" fill="1 0 1" mode="9"
 points="2.80092 7.09653,
	2.8316 7.06585,
	2.97186 6.99133,
	2.9894 6.98256,
	3.0157 7.01325,
	3.05076 7.01325,
	3.0683 7.02201,
	3.07706 7.03078,
	3.08145 7.10091,
	3.11213 7.1316,
	3.12966 7.14913,
	3.16473 7.16666,
	3.19541 7.19734,
	3.21294 7.20611,
	3.28308 7.27186,
	3.35321 7.30693,
	3.38827 7.32884,
	3.39704 7.32884,
	3.46717 7.38583,
	3.50224 7.40774,
	3.53731 7.40774,
	3.57237 7.42089,
	3.58991 7.42528,
	3.65565 7.49102,
	3.69072 7.52609,
	3.70825 7.53924,
	3.71702 7.53924,
	3.7477 7.56554,
	3.76524 7.56554,
	3.78277 7.57869,
	3.8003 7.58307,
	3.83099 7.61376,
	3.84852 7.62252,
	3.8529 7.64006,
	3.84852 7.65759,
	3.81784 7.68827,
	3.80907 7.69704,
	3.81345 7.71457,
	3.84852 7.71895,
	3.86605 7.71895,
	3.88359 7.7321,
	3.95372 7.73649,
	3.98878 7.73649,
	4.02385 7.74964,
	4.04138 7.76279,
	4.04138 7.78032,
	3.98002 7.85045,
	3.90989 7.87675,
	3.83975 7.88552,
	3.76962 7.88552,
	3.75209 7.88552,
	3.74332 7.88552,
	3.73455 7.89429,
	3.72579 7.89429,
	3.69072 7.92059,
	3.65565 7.95565,
	3.63812 7.9688,
	3.62059 7.97319,
	3.56361 8.04332,
	3.55046 8.07838,
	3.52854 8.10907,
	3.51101 8.11783,
	3.47594 8.11783,
	3.44087 8.10468,
	3.43211 8.09592,
	3.43211 8.07838,
	3.46279 8.05208,
	3.48032 8.03455,
	3.48909 8.03017,
	3.46717 8.00825,
	3.39704 8.00387,
	3.36198 7.9951,
	3.32691 7.97319,
	3.29184 7.9425,
	3.27431 7.92497,
	3.23924 7.90744,
	3.21294 7.87237,
	3.19979 7.85484,
	3.19541 7.81977,
	3.18664 7.80224,
	3.18664 7.7847,
	3.16911 7.74964,
	3.10336 7.67951,
	3.0683 7.64444,
	3.03323 7.61814,
	3.01131 7.58307,
	2.99816 7.56554,
	2.98501 7.49541,
	2.98063 7.46034,
	2.97186 7.44281,
	2.90173 7.38144,
	2.86666 7.35076,
	2.85351 7.33323,
	2.8316 7.26309,
	2.81407 7.22803,
	2.8053 7.21049,
	2.80092 7.14036,
	2.80092 7.1053,
	2.80092 7.10091,
	"/>
</Transform>

<Transform dim="0"
 xcoef=" 0 1 0 0 0 0"
 ycoef=" 0 0 1 0 0 0">
<Contour name="d07p12" hidden="false" closed="true" simplified="false" border="0.5 0 1" fill="0.5 0 1" mode="13"
 points="3.79877 7.78819,
	3.78516 7.78365,
	3.79877 7.77912,
	3.7897 7.76551,
	3.8033 7.77458,
	3.80783 7.76098,
	3.81237 7.77458,
	3.82597 7.76551,
	3.8169 7.77912,
	3.83051 7.78365,
	3.8169 7.78819,
	3.82597 7.80179,
	3.81237 7.79272,
	3.80783 7.80632,
	3.8033 7.79272,
	3.7897 7.80179,
	"/>
</Transform>

<Transform dim="0"
 xcoef=" 0 1 0 0 0 0"
 ycoef=" 0 0 1 0 0 0">
<Contour name="d07cfa10" hidden="false" closed="false" simplified="false" border="0 1 1" fill="0 1 1" mode="9"
 points="4.40683 7.61604,
	4.40683 7.52613,
	4.3951 7.46359,
	"/>
</Transform>

<Transform dim="0"
 xcoef=" 0 1 0 0 0 0"
 ycoef=" 0 0 1 0 0 0">
<Contour name="d08" hidden="false" closed="true" simplified="true" border="1 0 0" fill="1 0 0" mode="9"
 points="5.38784 5.09449,
	5.40414 5.06842,
	5.45303 5.02604,
	5.45955 5.01953,
	5.48562 5.02279,
	5.49866 5.02279,
	5.50518 5.02604,
	5.49214 5.0293,
	5.48562 5.03582,
	5.4954 5.08797,
	5.50518 5.11405,
	5.5997 5.21183,
	5.61274 5.22161,
	5.62578 5.22487,
	5.6323 5.23139,
	5.6323 5.28354,
	5.62578 5.29658,
	5.57363 5.29658,
	5.52148 5.28354,
	5.46933 5.28028,
	5.44325 5.28028,
	5.41718 5.25746,
	5.39762 5.23139,
	5.3911 5.21835,
	5.38784 5.11405,
	5.38784 5.10101,
	5.38784 5.09775,
	"/>
<Contour name="d08" hidden="false" closed="true" simplified="true" border="1 0 0" fill="1 0 0" mode="9"
 points="5.69097 4.93804,
	5.70401 4.92826,
	5.75616 4.91848,
	5.86046 4.92826,
	5.88653 4.91848,
	5.93869 4.92174,
	5.95172 4.94782,
	5.95498 5.05212,
	5.96476 5.0782,
	5.99084 5.10427,
	5.99084 5.13035,
	5.99084 5.14338,
	5.98432 5.15642,
	5.98432 5.16946,
	5.93217 5.17272,
	5.82787 5.16946,
	5.80179 5.16946,
	5.77571 5.16294,
	5.7692 5.16294,
	5.74312 5.14664,
	5.71704 5.12057,
	5.70075 5.09449,
	5.69097 5.06842,
	5.69097 4.96412,
	5.69097 4.9413,
	"/>
</Transform>

<Transform dim="0"
 xcoef=" 0 1 0 0 0 0"
 ycoef=" 0 0 1 0 0 0">
<Contour name="d08p09a" hidden="false" closed="true" simplified="false" border="0 1 0" fill="0 1 0" mode="9"
 points="5.06882 4.13215,
	5.06882 4.10199,
	5.09899 4.10199,
	5.09899 4.07183,
	5.12915 4.07183,
	5.12915 4.10199,
	5.15932 4.10199,
	5.15932 4.13215,
	5.12915 4.13215,
	5.12915 4.16232,
	5.09899 4.16232,
	5.09899 4.13215,
	"/>
<Contour name="d08p09b" hidden="false" closed="true" simplified="false" border="0 1 0" fill="0 1 0" mode="9"
 points="5.06882 4.13215,
	5.06882 4.10199,
	5.09899 4.10199,
	5.09899 4.07183,
	5.12915 4.07183,
	5.12915 4.10199,
	5.15932 4.10199,
	5.15932 4.13215,
	5.12915 4.13215,
	5.12915 4.16232,
	5.09899 4.16232,
	5.09899 4.13215,
	"/>
</Transform>

<Transform dim="0"
 xcoef=" 0 1 0 0 0 0"
 ycoef=" 0 0 1 0 0 0">
<Contour name="d08" hidden="false" closed="true" simplified="true" border="1 0 0" fill="1 0 0" mode="9"
 points="4.82658 4.39953,
	4.8466 4.36394,
	4.86217 4.34615,
	4.87107 4.33725,
	4.94224 4.30166,
	4.97783 4.28832,
	4.99562 4.28609,
	5.01342 4.27942,
	5.03121 4.26385,
	5.04011 4.25495,
	5.0579 4.21937,
	5.06457 4.20157,
	5.06235 4.186,
	4.99117 4.17933,
	4.95559 4.17933,
	4.93779 4.16376,
	4.9289 4.15486,
	4.92445 4.15041,
	4.92667 4.07924,
	4.92 4.04365,
	4.92 4.0392,
	4.90443 4.02141,
	4.89331 4.00362,
	4.88664 3.99472,
	4.87996 3.95913,
	4.89776 3.92354,
	4.92445 3.88796,
	4.96003 3.85459,
	4.96893 3.8457,
	5.00452 3.83902,
	5.01342 3.8368,
	5.03566 3.87016,
	5.03343 3.88796,
	5.02676 3.90575,
	5.01564 3.92354,
	5.00897 3.93244,
	5.00007 3.96803,
	4.99785 4.00362,
	5.03121 4.03253,
	5.049 4.04365,
	5.0668 4.05032,
	5.07569 4.05477,
	5.11128 4.02586,
	5.25363 3.95468,
	5.28922 3.93689,
	5.30701 3.92132,
	5.37819 3.88573,
	5.39598 3.87906,
	5.46716 3.86571,
	5.50275 3.85682,
	5.6451 3.77452,
	5.64955 3.7723,
	5.68513 3.79231,
	5.75631 3.85904,
	5.783 3.89463,
	5.79412 3.93022,
	5.7919 3.9658,
	5.76298 4.00139,
	5.74519 4.01251,
	5.72962 4.03031,
	5.7185 4.0481,
	5.68736 4.08369,
	5.67179 4.10148,
	5.66067 4.11928,
	5.64287 4.13707,
	5.61841 4.17266,
	5.60284 4.20824,
	5.59394 4.22604,
	5.55835 4.26163,
	5.54056 4.27942,
	5.51609 4.31501,
	5.5072 4.3239,
	5.49385 4.35949,
	5.48495 4.36617,
	5.44937 4.37284,
	5.41378 4.36839,
	5.39598 4.36839,
	5.3604 4.35727,
	5.3515 4.35504,
	5.31591 4.32613,
	5.28255 4.3239,
	5.26475 4.3239,
	5.22917 4.33725,
	5.21137 4.3417,
	5.06902 4.34615,
	5.03343 4.34837,
	5.01564 4.35949,
	4.98228 4.39286,
	4.96671 4.41065,
	4.94447 4.44624,
	4.9289 4.46403,
	4.89331 4.46403,
	4.87551 4.46181,
	4.85772 4.45513,
	4.83993 4.44179,
	4.83103 4.43512,
	4.82658 4.41732,
	4.82658 4.40175,
	"/>
</Transform>

<Transform dim="0"
 xcoef=" 0 1 0 0 0 0"
 ycoef=" 0 0 1 0 0 0">
<Contour name="d08c11" hidden="true" closed="true" simplified="true" border="1 0 0" fill="0 1 0" mode="9"
 points="4.91333 2.94711,
	4.9289 2.93154,
	4.93779 2.92264,
	4.94669 2.91819,
	4.98228 2.91819,
	4.99117 2.91819,
	5.00007 2.92264,
	5.01786 2.92486,
	5.02676 2.92709,
	5.03121 2.92931,
	5.10239 2.91374,
	5.13797 2.93376,
	5.17134 2.96268,
	5.18691 2.98047,
	5.20248 2.99381,
	5.20915 3.00049,
	5.20692 3.01828,
	5.20248 3.02273,
	5.18468 3.02718,
	5.11351 3.0294,
	5.09571 3.03608,
	5.08682 3.0383,
	5.08237 3.04275,
	5.06457 3.04942,
	5.02899 3.04942,
	4.9934 3.03385,
	4.96003 3.01383,
	4.95114 3.00938,
	4.93334 2.99381,
	4.92222 2.97602,
	4.92 2.96712,
	4.91555 2.96268,
	4.91333 2.95378,
	4.91333 2.94933,
	"/>
<Contour name="d08cfa11" hidden="false" closed="false" simplified="false" border="0 1 1" fill="0 1 1" mode="9"
 points="5.20875 3.00435,
	5.122 2.99768,
	5.04193 2.98878,
	4.95963 2.96431,
	4.91737 2.93762,
	"/>
</Transform>

<Transform dim="0"
 xcoef=" 0 1 0 0 0 0"
 ycoef=" 0 0 1 0 0 0">
<Contour name="D11" hidden="false" closed="true" simplified="true" border="1 0.5 0" fill="1 0.5 0" mode="11"
 points="4.95671 4.22942,
	4.95838 4.21816,
	4.96321 4.208,
	4.97073 4.19994,
	4.98021 4.19476,
	4.99072 4.19298,
	5.00123 4.19476,
	5.01071 4.19994,
	5.01824 4.208,
	5.02307 4.21816,
	5.02473 4.22942,
	5.02307 4.24068,
	5.01824 4.25084,
	5.01071 4.2589,
	5.00123 4.26408,
	4.99072 4.26586,
	4.98021 4.26408,
	4.97073 4.2589,
	4.96321 4.25084,
	"/>
</Transform>

<Transform dim="0"
 xcoef=" 0 1 0 0 0 0"
 ycoef=" 0 0 1 0 0 0">
<Contour name="D11" hidden="false" closed="true" simplified="true" border="1 0.5 0" fill="1 0.5 0" mode="11"
 points="5.59321 4.27072,
	5.59661 4.24041,
	5.60665 4.21143,
	5.62291 4.18504,
	5.64466 4.16239,
	5.67095 4.14448,
	5.70065 4.13209,
	5.73244 4.12575,
	5.76494 4.12575,
	5.79674 4.13209,
	5.82643 4.14448,
	5.85273 4.16239,
	5.87448 4.18504,
	5.89073 4.21143,
	5.90078 4.24041,
	5.90417 4.27072,
	5.90078 4.30102,
	5.89073 4.33001,
	5.87448 4.3564,
	5.85273 4.37904,
	5.82643 4.39695,
	5.79674 4.40935,
	5.76494 4.41568,
	5.73244 4.41568,
	5.70065 4.40935,
	5.67095 4.39695,
	5.64466 4.37904,
	5.62291 4.3564,
	5.60665 4.33001,
	5.59661 4.30102,
	"/>
</Transform>

<Transform dim="0"
 xcoef=" 0 1 0 0 0 0"
 ycoef=" 0 0 1 0 0 0">
<Contour name="D05" hidden="false" closed="true" simplified="true" border="1 1 0" fill="1 1 0" mode="11"
 points="2.71103 4.15299,
	2.71317 4.13592,
	2.71953 4.11925,
	2.72997 4.10335,
	2.74424 4.08858,
	2.76203 4.07529,
	2.78293 4.06377,
	2.80646 4.0543,
	2.83207 4.04708,
	2.85919 4.04229,
	2.88719 4.04003,
	2.91543 4.04035,
	2.94327 4.04325,
	2.97007 4.04866,
	2.99521 4.05646,
	3.01813 4.06647,
	3.03829 4.07845,
	3.05524 4.09215,
	3.06859 4.10723,
	3.07802 4.12336,
	3.08334 4.14017,
	3.08441 4.15727,
	3.08121 4.17427,
	3.07381 4.19079,
	3.06238 4.20644,
	3.04719 4.22087,
	3.02859 4.23375,
	3.00698 4.24477,
	2.98288 4.2537,
	2.95684 4.26033,
	2.92944 4.26449,
	2.90132 4.26611,
	2.87312 4.26514,
	2.84548 4.2616,
	2.81904 4.25558,
	2.7944 4.24721,
	2.77212 4.23669,
	2.75272 4.22425,
	2.73664 4.21018,
	2.72425 4.1948,
	2.71583 4.17846,
	"/>
</Transform>

<Transform dim="0"
 xcoef=" 0 1 0 0 0 0"
 ycoef=" 0 0 1 0 0 0">
<Contour name="D19" hidden="false" closed="true" simplified="true" border="0 1 0" fill="0 1 0" mode="11"
 points="2.56935 7.65812,
	2.57081 7.62809,
	2.57518 7.59853,
	2.58239 7.56994,
	2.59232 7.54276,
	2.6048 7.51745,
	2.61965 7.49439,
	2.63662 7.47397,
	2.65543 7.45651,
	2.67579 7.4423,
	2.69737 7.43156,
	2.71981 7.42446,
	2.74277 7.42113,
	2.76586 7.4216,
	2.78873 7.42589,
	2.81099 7.43391,
	2.83229 7.44553,
	2.8523 7.46058,
	2.87068 7.47881,
	2.88714 7.49992,
	2.90142 7.52358,
	2.91328 7.5494,
	2.92254 7.57697,
	2.92905 7.60585,
	2.9327 7.63557,
	2.93343 7.66565,
	2.93123 7.69561,
	2.92615 7.72497,
	2.91825 7.75325,
	2.90766 7.78,
	2.89456 7.80479,
	2.87916 7.82722,
	2.86171 7.84693,
	2.84248 7.8636,
	2.82178 7.87697,
	2.79996 7.88681,
	2.77735 7.89297,
	2.75432 7.89536,
	2.73125 7.89393,
	2.7085 7.8887,
	2.68645 7.87977,
	2.66544 7.86726,
	2.64581 7.85139,
	2.62788 7.83242,
	2.61195 7.81064,
	2.59825 7.7864,
	2.58702 7.7601,
	2.57844 7.73216,
	2.57264 7.70303,
	"/>
</Transform>

<Transform dim="0"
 xcoef=" 0 1 0 0 0 0"
 ycoef=" 0 0 1 0 0 0">
<Contour name="D19" hidden="false" closed="true" simplified="true" border="0 1 0" fill="0 1 0" mode="11"
 points="2.49577 6.27131,
	2.49757 6.25937,
	2.5028 6.24861,
	2.51094 6.24006,
	2.52119 6.23458,
	2.53256 6.23268,
	2.54393 6.23458,
	2.55418 6.24006,
	2.56232 6.24861,
	2.56754 6.25937,
	2.56935 6.27131,
	2.56754 6.28325,
	2.56232 6.29401,
	2.55418 6.30256,
	2.54393 6.30804,
	2.53256 6.30993,
	2.52119 6.30804,
	2.51094 6.30256,
	2.5028 6.29401,
	"/>
</Transform>

<Transform dim="0"
 xcoef=" 0 1 0 0 0 0"
 ycoef=" 0 0 1 0 0 0">
<Contour name="d01p04" hidden="false" closed="true" simplified="false" border="0 0 1" fill="0 0 1" mode="-13"
 points="5.47392 2.08139,
	5.45107 2.05854,
	5.47392 2.03569,
	5.49677 2.05854,
	"/>
</Transform>

<Transform dim="0"
 xcoef=" 0 1 0 0 0 0"
 ycoef=" 0 0 1 0 0 0">
<Contour name="d06p07" hidden="false" closed="true" simplified="false" border="1 0 1" fill="1 0 1" mode="-9"
 points="2.16668 7.8754,
	2.16668 7.86547,
	2.1766 7.85555,
	2.18653 7.85555,
	2.19646 7.86547,
	2.19646 7.8754,
	2.18653 7.88532,
	2.1766 7.88532,
	"/>
</Transform>

<Transform dim="0"
 xcoef=" 0 1 0 0 0 0"
 ycoef=" 0 0 1 0 0 0">
<Contour name="d06p08" hidden="false" closed="true" simplified="false" border="1 0 0" fill="1 0 0" mode="-9"
 points="1.73241 7.64214,
	1.71752 7.64214,
	1.71752 7.64958,
	1.72497 7.65702,
	1.7473 7.66447,
	1.73241 7.67191,
	1.72497 7.6868,
	1.71008 7.67191,
	1.70264 7.65702,
	1.70264 7.64214,
	1.68775 7.64214,
	1.71008 7.62725,
	"/>
</Transform>

<Transform dim="0"
 xcoef=" 0 1 0 0 0 0"
 ycoef=" 0 0 1 0 0 0">
<Contour name="d07p11" hidden="false" closed="true" simplified="false" border="1 0.5 0" fill="1 0.5 0" mode="-13"
 points="3.52406 7.97962,
	3.52406 7.97466,
	3.52903 7.96969,
	3.53399 7.96969,
	3.53895 7.97466,
	3.53895 7.97962,
	3.53399 7.98458,
	3.52903 7.98458,
	"/>
</Transform>

<Transform dim="0"
 xcoef=" 0 1 0 0 0 0"
 ycoef=" 0 0 1 0 0 0">
<Contour name="d08p08" hidden="false" closed="true" simplified="false" border="1 0 0" fill="1 0 0" mode="-9"
 points="5.11545 4.26804,
	5.10269 4.26804,
	5.10269 4.27442,
	5.10907 4.2808,
	5.12821 4.28718,
	5.11545 4.29356,
	5.10907 4.30632,
	5.09631 4.29356,
	5.08993 4.2808,
	5.08993 4.26804,
	5.07717 4.26804,
	5.09631 4.25529,
	"/>
</Transform>

<Transform dim="0"
 xcoef=" 0 1 0 0 0 0"
 ycoef=" 0 0 1 0 0 0">
<Contour name="d08" hidden="false" closed="true" simplified="true" border="1 0 0" fill="1 0 0" mode="9"
 points="4.88209 2.93925,
	4.89102 2.92497,
	4.89816 2.9214,
	4.91245 2.92854,
	4.94102 2.95354,
	4.96959 2.96782,
	5.02673 2.9839,
	5.08387 2.9964,
	5.19816 3.00532,
	5.2553 2.99997,
	5.26959 3.00711,
	5.27673 3.01247,
	5.27851 3.01604,
	5.26959 3.04461,
	5.26601 3.0589,
	5.27316 3.08747,
	5.27494 3.09104,
	5.2678 3.09818,
	5.25351 3.10354,
	5.24637 3.10532,
	5.18923 3.09104,
	5.16066 3.08211,
	5.13209 3.09104,
	5.1178 3.09639,
	5.08923 3.09461,
	5.06066 3.08925,
	5.00352 3.13925,
	4.98923 3.15175,
	4.96066 3.15354,
	4.95352 3.15354,
	4.92495 3.13568,
	4.9053 3.10711,
	4.89459 3.07854,
	4.89459 3.04997,
	4.88566 2.99282,
	4.88388 2.96425,
	4.88209 2.94997,
	4.88209 2.94283,
	4.88209 2.94104,
	"/>
</Transform>

<Transform dim="0"
 xcoef=" 0 1 0 0 0 0"
 ycoef=" 0 0 1 0 0 0">
<Contour name="ax01" comment="LK bouton trace named after cfa" hidden="false" closed="true" simplified="true" border="0 1 1" fill="0.502 1 1" mode="9"
 points="5.81712 1.72589,
	5.82433 1.6904,
	5.82599 1.67265,
	5.82599 1.66378,
	5.82821 1.6549,
	5.83209 1.64603,
	5.83209 1.64492,
	5.83875 1.63605,
	5.84041 1.63161,
	5.84651 1.62274,
	5.8515 1.61386,
	5.85816 1.59612,
	5.86149 1.57837,
	5.86537 1.5695,
	5.86537 1.56839,
	5.86703 1.56617,
	5.86814 1.56173,
	5.86981 1.55951,
	5.87036 1.5573,
	5.87147 1.55619,
	5.87147 1.55508,
	5.87258 1.55397,
	5.87258 1.55286,
	5.88922 1.53511,
	5.89809 1.52735,
	5.91584 1.51404,
	5.93358 1.50184,
	5.94246 1.49629,
	5.94689 1.49296,
	5.95133 1.49074,
	5.9652 1.473,
	5.97185 1.46412,
	5.97351 1.46191,
	5.97407 1.45969,
	5.98128 1.45081,
	5.98239 1.4486,
	5.99903 1.43085,
	6.014 1.4131,
	6.01511 1.41088,
	6.02287 1.40201,
	6.02897 1.39314,
	6.03618 1.38426,
	6.05393 1.36652,
	6.07168 1.35321,
	6.07611 1.34932,
	6.07833 1.34766,
	6.08055 1.3471,
	6.08942 1.3399,
	6.0983 1.33379,
	6.10717 1.33102,
	6.11604 1.33102,
	6.13379 1.33601,
	6.14267 1.33934,
	6.15154 1.3399,
	6.16041 1.33934,
	6.16485 1.33879,
	6.17372 1.34156,
	6.1826 1.34544,
	6.19147 1.35043,
	6.19591 1.35265,
	6.20478 1.35875,
	6.20922 1.36208,
	6.24471 1.39757,
	6.24915 1.40201,
	6.25802 1.40866,
	6.26246 1.41199,
	6.26468 1.4131,
	6.26856 1.41754,
	6.27743 1.42197,
	6.31293 1.44638,
	6.3218 1.45359,
	6.33012 1.46246,
	6.34786 1.49795,
	6.35175 1.50683,
	6.35397 1.5157,
	6.35618 1.53345,
	6.36062 1.54232,
	6.37393 1.56007,
	6.38114 1.56894,
	6.38724 1.57782,
	6.39722 1.59556,
	6.40166 1.60444,
	6.40332 1.60887,
	6.40499 1.62662,
	6.40388 1.64437,
	6.39944 1.67986,
	6.39889 1.6843,
	6.39057 1.70204,
	6.3878 1.70648,
	6.38391 1.72423,
	6.38114 1.7331,
	6.3767 1.74197,
	6.3706 1.75085,
	6.36617 1.75473,
	6.34842 1.76527,
	6.33955 1.77081,
	6.33511 1.77192,
	6.33289 1.77359,
	6.2974 1.78246,
	6.27965 1.78745,
	6.27078 1.78967,
	6.19979 1.82794,
	6.19091 1.83237,
	6.15542 1.854,
	6.13767 1.86121,
	6.11993 1.86565,
	6.10218 1.87175,
	6.08443 1.87508,
	6.04894 1.87674,
	6.03119 1.8773,
	6.02232 1.8784,
	6.01788 1.87896,
	6.01345 1.88062,
	6.00457 1.88173,
	5.98682 1.88783,
	5.97795 1.89171,
	5.96908 1.89449,
	5.9602 1.89615,
	5.95577 1.89726,
	5.95355 1.89837,
	5.9358 1.89948,
	5.91806 1.89892,
	5.90918 1.89837,
	5.89143 1.89948,
	5.87369 1.89948,
	5.86481 1.89948,
	5.86038 1.89948,
	5.8515 1.89782,
	5.84263 1.89504,
	5.83376 1.89116,
	5.82932 1.88894,
	5.82544 1.88506,
	5.82156 1.88229,
	5.81989 1.87785,
	5.81934 1.87341,
	5.82045 1.86454,
	5.821 1.8601,
	5.821 1.85788,
	5.82821 1.84014,
	5.82932 1.83126,
	5.82932 1.82239,
	5.82766 1.81352,
	5.82655 1.79577,
	5.82544 1.7869,
	5.82377 1.78246,
	5.82322 1.77802,
	5.82156 1.77359,
	5.82156 1.77137,
	5.81989 1.76693,
	5.81767 1.74918,
	5.81712 1.73144,
	5.81712 1.727,
	5.81712 1.72645,
	"/>
</Transform>

<Transform dim="0"
 xcoef=" 0 1 0 0 0 0"
 ycoef=" 0 0 1 0 0 0">
<Contour name="ax02" comment="LK bouton trace named after cfa" hidden="false" closed="true" simplified="true" border="0 1 1" fill="0.502 1 1" mode="9"
 points="3.18327 1.56707,
	3.18699 1.56111,
	3.1922 1.5559,
	3.19518 1.55367,
	3.20709 1.5492,
	3.21304 1.54771,
	3.23687 1.54622,
	3.24282 1.54399,
	3.26664 1.54324,
	3.29047 1.54548,
	3.31429 1.54175,
	3.3262 1.53952,
	3.33811 1.53878,
	3.35002 1.53952,
	3.36193 1.54324,
	3.38576 1.55664,
	3.39767 1.5626,
	3.40362 1.56483,
	3.40958 1.56558,
	3.41553 1.56483,
	3.42149 1.5626,
	3.42745 1.55888,
	3.43936 1.55367,
	3.46318 1.54622,
	3.47509 1.54324,
	3.487 1.53803,
	3.51082 1.52984,
	3.51678 1.5291,
	3.52273 1.52687,
	3.54656 1.52761,
	3.57038 1.52984,
	3.5942 1.53952,
	3.61802 1.55069,
	3.62398 1.55367,
	3.62696 1.55515,
	3.63515 1.56707,
	3.63738 1.57898,
	3.63812 1.58493,
	3.65004 1.60876,
	3.65376 1.61471,
	3.66418 1.62662,
	3.66939 1.63258,
	3.67311 1.63853,
	3.67684 1.65044,
	3.67832 1.66236,
	3.67609 1.68618,
	3.67311 1.69213,
	3.67014 1.70404,
	3.66716 1.72787,
	3.66641 1.75169,
	3.66641 1.7636,
	3.66641 1.76956,
	3.6746 1.79338,
	3.67832 1.80529,
	3.688 1.85293,
	3.68726 1.86485,
	3.68354 1.87676,
	3.67535 1.88867,
	3.66939 1.89313,
	3.66344 1.89537,
	3.65152 1.89388,
	3.60388 1.88122,
	3.60239 1.87973,
	3.57857 1.87378,
	3.57261 1.87303,
	3.56666 1.8708,
	3.54283 1.86559,
	3.53688 1.8641,
	3.51306 1.85219,
	3.50115 1.84623,
	3.4535 1.82762,
	3.44159 1.82316,
	3.43638 1.8172,
	3.41256 1.80157,
	3.40064 1.79338,
	3.39469 1.78891,
	3.34704 1.76583,
	3.2994 1.73084,
	3.29344 1.72489,
	3.27558 1.70107,
	3.27186 1.69511,
	3.2659 1.69139,
	3.24952 1.66757,
	3.24803 1.66459,
	3.23612 1.65714,
	3.23017 1.65342,
	3.219 1.64151,
	3.21453 1.63556,
	3.21379 1.63258,
	3.20709 1.62067,
	3.20337 1.60876,
	3.19667 1.59684,
	3.18848 1.58493,
	3.18475 1.57898,
	3.18327 1.56781,
	"/>
</Transform>

<Transform dim="0"
 xcoef=" 0 1 0 0 0 0"
 ycoef=" 0 0 1 0 0 0">
<Contour name="ax05" comment="LK bouton trace named after cfa" hidden="false" closed="true" simplified="true" border="0 1 1" fill="0.502 1 1" mode="9"
 points="2.22032 1.96066,
	2.22694 1.95007,
	2.24549 1.93284,
	2.26271 1.91297,
	2.27993 1.89575,
	2.29848 1.88118,
	2.30908 1.87455,
	2.31968 1.86396,
	2.33955 1.85071,
	2.35015 1.84276,
	2.35942 1.83746,
	2.37002 1.83481,
	2.39122 1.83481,
	2.40181 1.83481,
	2.41241 1.83746,
	2.43361 1.83878,
	2.4548 1.84276,
	2.4972 1.84541,
	2.51839 1.85071,
	2.53959 1.85866,
	2.55019 1.86661,
	2.55946 1.8772,
	2.57006 1.89707,
	2.58463 1.91827,
	2.59258 1.92754,
	2.60185 1.93417,
	2.60715 1.93682,
	2.62835 1.93947,
	2.64955 1.93947,
	2.65484 1.93947,
	2.66544 1.94742,
	2.67207 1.95801,
	2.67074 1.97921,
	2.66544 1.98981,
	2.66279 1.99511,
	2.65749 2.00041,
	2.6363 2.01101,
	2.6151 2.01763,
	2.6045 2.0216,
	2.59391 2.02293,
	2.58331 2.0269,
	2.54091 2.0269,
	2.49852 2.02955,
	2.47733 2.02955,
	2.46673 2.02955,
	2.46143 2.0322,
	2.37664 2.0322,
	2.35545 2.03088,
	2.34485 2.02823,
	2.32365 2.0269,
	2.28126 2.01498,
	2.27596 2.01365,
	2.27331 2.01365,
	2.25211 1.99908,
	2.23092 1.98186,
	2.22297 1.97259,
	2.22032 1.96994,
	2.22032 1.96464,
	2.22032 1.96199,
	"/>
</Transform>

<Transform dim="0"
 xcoef=" 0 1 0 0 0 0"
 ycoef=" 0 0 1 0 0 0">
<Contour name="d03" hidden="false" closed="true" simplified="true" border="0 1 0" fill="0 1 0" mode="9"
 points="2.86472 3.16543,
	2.88313 3.12615,
	2.89786 3.10651,
	2.90891 3.08688,
	2.92241 3.0476,
	2.92854 3.02796,
	2.92609 3.02305,
	2.90891 3.00464,
	2.88927 2.98991,
	2.88558 2.985,
	2.88068 2.96537,
	2.87822 2.95555,
	2.87699 2.95064,
	2.88927 2.931,
	2.89418 2.92118,
	2.91259 2.90154,
	2.92241 2.89172,
	2.92732 2.88681,
	2.96659 2.87454,
	3.00587 2.86595,
	3.04515 2.85981,
	3.08442 2.85613,
	3.16297 2.83649,
	3.20225 2.81808,
	3.22189 2.80826,
	3.26117 2.79353,
	3.33972 2.76898,
	3.35936 2.76039,
	3.43791 2.71621,
	3.47719 2.69534,
	3.487 2.69043,
	3.49437 2.67079,
	3.51646 2.63152,
	3.52137 2.6217,
	3.54101 2.60697,
	3.55083 2.60083,
	3.5901 2.58978,
	3.59501 2.58856,
	3.61465 2.5996,
	3.62447 2.60574,
	3.63797 2.64502,
	3.64165 2.65484,
	3.64288 2.73339,
	3.64288 2.75303,
	3.64902 2.83158,
	3.64656 2.91013,
	3.64288 2.94941,
	3.64043 2.95923,
	3.60115 2.98009,
	3.59133 2.985,
	3.58642 2.98746,
	3.56433 3.02673,
	3.54715 3.04637,
	3.53733 3.05619,
	3.49805 3.0746,
	3.47841 3.08565,
	3.43914 3.11879,
	3.42932 3.12615,
	3.40354 3.16543,
	3.39986 3.17034,
	3.3839 3.24889,
	3.38145 3.25871,
	3.38022 3.26362,
	3.34954 3.3029,
	3.33235 3.32253,
	3.32376 3.33235,
	3.30412 3.34708,
	3.2943 3.35445,
	3.25503 3.36058,
	3.21575 3.35567,
	3.19611 3.35199,
	3.18629 3.34954,
	3.18139 3.34831,
	3.14211 3.30903,
	3.10774 3.26976,
	3.09915 3.26117,
	3.05987 3.24153,
	3.04024 3.23171,
	2.96168 3.22434,
	2.92241 3.22312,
	2.91259 3.22189,
	2.89295 3.2133,
	2.88313 3.20961,
	2.87454 3.20348,
	2.86963 3.18384,
	2.86717 3.17402,
	2.86595 3.16911,
	2.86472 3.16666,
	"/>
<Contour name="d03" hidden="false" closed="true" simplified="true" border="0 1 0" fill="0 1 0" mode="9"
 points="3.36828 3.34758,
	3.37193 3.3281,
	3.37801 3.30863,
	3.39506 3.26967,
	3.4048 3.23072,
	3.40845 3.21124,
	3.42184 3.17229,
	3.42549 3.16255,
	3.44131 3.14307,
	3.47905 3.10534,
	3.48392 3.10047,
	3.52287 3.08343,
	3.54235 3.07369,
	3.55209 3.06882,
	3.55696 3.06638,
	3.58861 3.02743,
	3.59713 3.00795,
	3.60078 2.99822,
	3.60687 2.98969,
	3.62634 2.98361,
	3.64582 2.97509,
	3.65556 2.97022,
	3.69208 2.89231,
	3.70182 2.87283,
	3.73468 2.79493,
	3.75173 2.75597,
	3.77607 2.71702,
	3.78094 2.71337,
	3.8199 2.70241,
	3.83937 2.69876,
	3.87833 2.70485,
	3.91728 2.71824,
	3.92702 2.72189,
	3.9611 2.76084,
	3.97206 2.78032,
	3.97449 2.78519,
	3.97571 2.78762,
	3.9538 2.82658,
	3.91484 2.85579,
	3.88563 2.89475,
	3.87102 2.91422,
	3.86372 2.92396,
	3.86007 2.92883,
	3.83572 3.00674,
	3.8345 3.08464,
	3.85276 3.16255,
	3.85398 3.17229,
	3.85155 3.21124,
	3.85033 3.22098,
	3.86859 3.29889,
	3.87954 3.33784,
	3.88319 3.35732,
	3.88441 3.36706,
	3.85641 3.40601,
	3.84911 3.41575,
	3.81016 3.44375,
	3.73225 3.48149,
	3.72251 3.48635,
	3.68356 3.51922,
	3.67869 3.52287,
	3.66895 3.52531,
	3.63 3.52774,
	3.61052 3.52896,
	3.57157 3.52166,
	3.55209 3.51557,
	3.54235 3.51192,
	3.53261 3.5034,
	3.52774 3.49974,
	3.52531 3.49731,
	3.48635 3.49244,
	3.46688 3.50096,
	3.45714 3.50583,
	3.45227 3.50827,
	3.43279 3.50827,
	3.42792 3.50827,
	3.42549 3.50827,
	3.40601 3.49122,
	3.39627 3.4827,
	3.37801 3.4048,
	3.37071 3.36584,
	3.36949 3.3561,
	3.36828 3.35123,
	3.36828 3.3488,
	"/>
<Contour name="d03cfa03ax06" hidden="false" closed="false" simplified="false" border="0 1 1" fill="0 1 1" mode="9"
 points="3.90416 3.35366,
	3.88236 3.31006,
	3.86056 3.22286,
	3.85693 3.14293,
	3.85693 3.0521,
	3.86056 2.99034,
	3.87509 2.93584,
	3.91869 2.87044,
	3.95503 2.83411,
	3.98772 2.79051,
	"/>
<Contour name="d03p04a" hidden="false" closed="true" simplified="false" border="1 0 0" fill="1 0 0" mode="-13"
 points="3.51899 2.75421,
	3.54797 2.71365,
	3.51899 2.67308,
	3.53638 2.67308,
	3.55956 2.70785,
	3.58274 2.67308,
	3.60013 2.67308,
	3.57115 2.71365,
	3.60013 2.75421,
	3.58274 2.75421,
	3.55956 2.71944,
	3.53638 2.75421,
	"/>
<Contour name="d03p04b" hidden="false" closed="true" simplified="false" border="1 0 0" fill="1 0 0" mode="-13"
 points="3.51899 2.75421,
	3.54797 2.71365,
	3.51899 2.67308,
	3.53638 2.67308,
	3.55956 2.70785,
	3.58274 2.67308,
	3.60013 2.67308,
	3.57115 2.71365,
	3.60013 2.75421,
	3.58274 2.75421,
	3.55956 2.71944,
	3.53638 2.75421,
	"/>
</Transform>

<Transform dim="0"
 xcoef=" 0 1 0 0 0 0"
 ycoef=" 0 0 1 0 0 0">
<Contour name="ax06" comment="LK bouton trace named after cfa" hidden="false" closed="true" simplified="true" border="0 1 1" fill="0.502 1 1" mode="9"
 points="3.86425 3.0265,
	3.88284 2.98075,
	3.90714 2.935,
	3.93716 2.88925,
	3.96433 2.84351,
	3.97576 2.82063,
	4.02008 2.78203,
	4.04296 2.7706,
	4.06583 2.76631,
	4.0887 2.77774,
	4.10014 2.78346,
	4.12301 2.78918,
	4.16876 2.81063,
	4.19164 2.82349,
	4.20307 2.82921,
	4.21451 2.83779,
	4.22595 2.84208,
	4.23166 2.84494,
	4.25454 2.84923,
	4.27741 2.8578,
	4.28313 2.86066,
	4.29457 2.8721,
	4.31744 2.88497,
	4.3203 2.8864,
	4.32459 2.90927,
	4.32602 2.93214,
	4.32745 2.94358,
	4.32173 2.98933,
	4.31744 3.0122,
	4.32173 3.02364,
	4.34317 3.04222,
	4.36605 3.05795,
	4.38892 3.07939,
	4.39464 3.08368,
	4.40465 3.10656,
	4.40608 3.11228,
	4.40465 3.11513,
	4.41037 3.12657,
	4.42037 3.13801,
	4.44325 3.1423,
	4.44897 3.14516,
	4.45326 3.15087,
	4.45611 3.16231,
	4.45326 3.18519,
	4.44897 3.19662,
	4.43467 3.2195,
	4.43038 3.22521,
	4.42466 3.24809,
	4.4218 3.25953,
	4.40608 3.2824,
	4.40036 3.28812,
	4.37749 3.29955,
	4.36605 3.30813,
	4.35604 3.31957,
	4.3346 3.33672,
	4.32316 3.3453,
	4.31744 3.34959,
	4.31458 3.34959,
	4.30886 3.35531,
	4.29743 3.3596,
	4.25168 3.35817,
	4.16018 3.36103,
	4.06869 3.35674,
	4.02294 3.34673,
	4.00007 3.34244,
	3.97719 3.34101,
	3.95432 3.3453,
	3.94288 3.34673,
	3.92001 3.34387,
	3.90857 3.34101,
	3.89713 3.32958,
	3.88713 3.3067,
	3.88284 3.28383,
	3.88141 3.26096,
	3.88141 3.24952,
	3.87283 3.20377,
	3.87426 3.1809,
	3.8714 3.16946,
	3.8714 3.14659,
	3.86997 3.13515,
	3.86997 3.12943,
	3.86568 3.11799,
	3.86425 3.09512,
	3.86568 3.07225,
	3.86425 3.02793,
	"/>
</Transform>

<Transform dim="0"
 xcoef=" 0 1 0 0 0 0"
 ycoef=" 0 0 1 0 0 0">
<Contour name="ax09" comment="LK bouton trace named after cfa" hidden="false" closed="true" simplified="true" border="0 1 1" fill="0.502 1 1" mode="9"
 points="4.33156 1.88375,
	4.34057 1.87065,
	4.35121 1.86001,
	4.36349 1.84773,
	4.3684 1.84282,
	4.37168 1.84118,
	4.37332 1.84118,
	4.37414 1.83954,
	4.40033 1.83381,
	4.40688 1.83218,
	4.41998 1.83136,
	4.42653 1.8289,
	4.45273 1.82726,
	4.456 1.82481,
	4.46255 1.82235,
	4.46583 1.82071,
	4.46746 1.82071,
	4.4691 1.81908,
	4.47565 1.81744,
	4.4822 1.81826,
	4.48793 1.82317,
	4.49202 1.82972,
	4.49366 1.83136,
	4.49612 1.84446,
	4.49694 1.85101,
	4.49448 1.8641,
	4.49039 1.8772,
	4.49039 1.88048,
	4.48466 1.89358,
	4.47974 1.89931,
	4.45355 1.91977,
	4.44045 1.92714,
	4.42735 1.92714,
	4.42407 1.92714,
	4.39788 1.9165,
	4.39215 1.91322,
	4.3856 1.91322,
	4.37905 1.91159,
	4.3725 1.91159,
	4.36595 1.90995,
	4.36431 1.90831,
	4.35776 1.90749,
	4.35121 1.90504,
	4.34466 1.90422,
	4.34139 1.9034,
	4.33648 1.89849,
	4.3332 1.89603,
	4.33156 1.89276,
	4.33156 1.88621,
	4.33156 1.88457,
	"/>
</Transform>

<Transform dim="0"
 xcoef=" 0 1 0 0 0 0"
 ycoef=" 0 0 1 0 0 0">
<Contour name="ax24" hidden="false" closed="true" simplified="true" border="0 1 1" fill="0.502 1 1" mode="9"
 points="5.41435 5.28126,
	5.45213 5.27831,
	5.4899 5.2789,
	5.49935 5.27949,
	5.50171 5.27949,
	5.5206 5.28776,
	5.52532 5.28894,
	5.53477 5.29307,
	5.54421 5.29838,
	5.55366 5.30606,
	5.55838 5.3096,
	5.56074 5.31078,
	5.56841 5.32022,
	5.57491 5.32967,
	5.58435 5.34856,
	5.58907 5.358,
	5.59143 5.36272,
	5.59438 5.37217,
	5.59498 5.38161,
	5.59557 5.38634,
	5.5932 5.40522,
	5.5873 5.42411,
	5.58612 5.42884,
	5.56723 5.46661,
	5.56192 5.47606,
	5.55897 5.48078,
	5.54303 5.49967,
	5.53713 5.50911,
	5.5324 5.51856,
	5.52001 5.53745,
	5.51056 5.54571,
	5.50584 5.54866,
	5.50348 5.54984,
	5.50289 5.55043,
	5.49817 5.54748,
	5.49345 5.53804,
	5.49049 5.52859,
	5.48872 5.52387,
	5.48813 5.51443,
	5.48872 5.50498,
	5.49167 5.49554,
	5.49404 5.47665,
	5.49463 5.47193,
	5.49463 5.46957,
	5.4964 5.46484,
	5.49699 5.46012,
	5.49876 5.4554,
	5.49935 5.45068,
	5.49758 5.44595,
	5.49345 5.44182,
	5.49108 5.43946,
	5.48164 5.43415,
	5.47692 5.4312,
	5.46747 5.42825,
	5.45803 5.42411,
	5.45331 5.42175,
	5.44386 5.42057,
	5.43914 5.41998,
	5.42025 5.41231,
	5.40136 5.40581,
	5.39192 5.40168,
	5.38956 5.4005,
	5.38719 5.39814,
	5.38483 5.39755,
	5.37539 5.3887,
	5.37067 5.38456,
	5.36831 5.3822,
	5.35886 5.37748,
	5.3565 5.37571,
	5.35473 5.37512,
	5.35119 5.36627,
	5.35001 5.36509,
	5.34942 5.36036,
	5.34942 5.358,
	5.34942 5.35682,
	5.3506 5.35623,
	5.35119 5.35387,
	5.35768 5.34502,
	5.36181 5.34029,
	5.36653 5.33144,
	5.36949 5.32731,
	5.37362 5.32317,
	5.37834 5.32081,
	5.3807 5.31963,
	5.38129 5.31845,
	5.38247 5.31845,
	5.38719 5.31491,
	5.39074 5.31078,
	5.39251 5.30842,
	5.3931 5.30606,
	5.39487 5.3037,
	5.39841 5.29425,
	5.40136 5.28953,
	5.40549 5.2854,
	5.40726 5.28422,
	"/>
</Transform>

<Transform dim="0"
 xcoef=" 0 1 0 0 0 0"
 ycoef=" 0 0 1 0 0 0">
<Contour name="d08" hidden="false" closed="true" simplified="true" border="1 0 0" fill="1 0 0" mode="9"
 points="4.53867 4.34591,
	4.56321 4.28983,
	4.57722 4.2618,
	4.58073 4.03749,
	4.59124 4.00945,
	4.64031 3.96039,
	4.66484 3.93235,
	4.69288 3.91132,
	4.72092 3.8973,
	4.74896 3.9008,
	4.75947 3.91482,
	4.76648 3.94286,
	4.76648 3.94987,
	4.777 3.96389,
	4.78751 3.99193,
	4.78751 4.10408,
	4.80153 4.16016,
	4.80153 4.21623,
	4.79102 4.24427,
	4.76648 4.2688,
	4.76298 4.27581,
	4.75597 4.27581,
	4.69989 4.31086,
	4.68587 4.31787,
	4.66484 4.34591,
	4.61227 4.39848,
	4.58423 4.4125,
	4.5562 4.41601,
	4.54218 4.4125,
	4.53867 4.35642,
	4.53867 4.34941,
	"/>
<Contour name="d08cfa09Aax25" hidden="false" closed="false" simplified="false" border="0 1 1" fill="0 1 1" mode="9"
 points="4.5615 4.28773,
	4.57262 4.20988,
	4.57039 4.11202,
	4.57262 4.04751,
	"/>
<Contour name="D05" hidden="false" closed="true" simplified="true" border="1 1 0" fill="1 1 0" mode="11"
 points="3.93516 4.37382,
	3.9363 4.36835,
	3.93959 4.36341,
	3.94471 4.35949,
	3.95117 4.35697,
	3.95834 4.3561,
	3.9655 4.35697,
	3.97196 4.35949,
	3.97708 4.36341,
	3.98038 4.36835,
	3.98151 4.37382,
	3.98038 4.3793,
	3.97708 4.38424,
	3.97196 4.38816,
	3.9655 4.39068,
	3.95834 4.39154,
	3.95117 4.39068,
	3.94471 4.38816,
	3.93959 4.38424,
	"/>
</Transform>

<Transform dim="0"
 xcoef=" 0 1 0 0 0 0"
 ycoef=" 0 0 1 0 0 0">
<Contour name="ax25" comment="LK bouton trace named after cfa" hidden="false" closed="true" simplified="true" border="0 1 1" fill="0.502 1 1" mode="9"
 points="3.62847 4.07542,
	3.6346 4.05088,
	3.6461 4.02635,
	3.653 4.01409,
	3.65684 4.00795,
	3.67753 3.98342,
	3.68827 3.97192,
	3.69133 3.97039,
	3.6967 3.96425,
	3.70283 3.95965,
	3.7128 3.94739,
	3.7151 3.94432,
	3.71663 3.94279,
	3.71663 3.94126,
	3.73886 3.91672,
	3.75113 3.90599,
	3.77566 3.89372,
	3.78793 3.88759,
	3.81246 3.86843,
	3.81859 3.86383,
	3.84313 3.85233,
	3.86766 3.84236,
	3.87992 3.83853,
	3.89219 3.83776,
	3.94126 3.84313,
	3.99032 3.84159,
	4.03938 3.83239,
	4.05165 3.82933,
	4.06392 3.82779,
	4.16205 3.82626,
	4.18658 3.82703,
	4.21111 3.82626,
	4.23564 3.82166,
	4.24791 3.81859,
	4.25404 3.81629,
	4.26631 3.81399,
	4.27857 3.81016,
	4.28471 3.80863,
	4.28777 3.80709,
	4.31231 3.80403,
	4.32457 3.8025,
	4.37364 3.77643,
	4.37977 3.7749,
	4.38284 3.77336,
	4.3951 3.7726,
	4.40123 3.7726,
	4.42577 3.7795,
	4.43803 3.7818,
	4.4503 3.78563,
	4.45643 3.78793,
	4.48096 3.8025,
	4.49323 3.81323,
	4.51776 3.82933,
	4.53003 3.83469,
	4.53616 3.83699,
	4.5423 3.83776,
	4.54536 3.83853,
	4.54919 3.84466,
	4.55073 3.85693,
	4.54843 3.88146,
	4.54613 3.89372,
	4.53463 3.91826,
	4.53003 3.94279,
	4.5308 3.95505,
	4.53846 3.97959,
	4.56146 4.02865,
	4.56376 4.04092,
	4.56299 4.05318,
	4.55533 4.07772,
	4.55379 4.08385,
	4.55303 4.09612,
	4.55379 4.10838,
	4.55993 4.13291,
	4.56836 4.18198,
	4.57373 4.20651,
	4.57449 4.23104,
	4.57296 4.25557,
	4.57143 4.26171,
	4.57143 4.26784,
	4.56453 4.29237,
	4.56146 4.30464,
	4.55073 4.32917,
	4.5446 4.34144,
	4.53616 4.3537,
	4.53156 4.35984,
	4.5193 4.37134,
	4.50703 4.37977,
	4.4825 4.3928,
	4.45797 4.402,
	4.43343 4.41427,
	4.4089 4.4227,
	4.38437 4.42807,
	4.3721 4.43037,
	4.34757 4.42883,
	4.3353 4.42807,
	4.32917 4.42653,
	4.3261 4.42577,
	4.31997 4.42807,
	4.29544 4.43113,
	4.27091 4.4319,
	4.22184 4.4296,
	4.19731 4.42577,
	4.19118 4.425,
	4.17891 4.41963,
	4.16665 4.41197,
	4.16051 4.40813,
	4.15745 4.4066,
	4.14518 4.39434,
	4.13291 4.38667,
	4.12065 4.3813,
	4.10838 4.37747,
	4.08385 4.3744,
	4.05932 4.36904,
	4.04705 4.3652,
	4.02252 4.35294,
	4.01025 4.34757,
	3.99799 4.3445,
	3.99185 4.3422,
	3.96732 4.34067,
	3.95505 4.33914,
	3.93052 4.3307,
	3.90599 4.31921,
	3.89986 4.31767,
	3.87533 4.31691,
	3.85079 4.31844,
	3.83853 4.31997,
	3.81399 4.31921,
	3.80173 4.31691,
	3.7772 4.30464,
	3.77106 4.30157,
	3.768 4.30004,
	3.76186 4.30004,
	3.75573 4.29774,
	3.74346 4.29007,
	3.73196 4.28011,
	3.71357 4.25557,
	3.70973 4.24944,
	3.6852 4.22491,
	3.6737 4.21264,
	3.67063 4.20958,
	3.6668 4.19731,
	3.66527 4.19118,
	3.6645 4.18811,
	3.6622 4.18504,
	3.6599 4.17891,
	3.64304 4.15438,
	3.63537 4.14211,
	3.63537 4.14058,
	3.63307 4.13751,
	3.63 4.12525,
	3.62847 4.11298,
	3.62847 4.08845,
	3.62847 4.07618,
	"/>
</Transform>

<Transform dim="6"
 xcoef=" 0.453004180933192 1.00488379437981 0.00940008440074086 0 0 0"
 ycoef=" -0.491620161651984 0.0350445200332626 1.01594256221653 0 0 0">
<Image mag="0.00217507" contrast="1.11462" brightness="0.06" red="true" green="true" blue="true"
 src="FHLTD.76.jpg" />
<Contour name="domain1" hidden="false" closed="true" simplified="false" border="1 0 1" fill="1 0 1" mode="11"
 points="0 0,
	4096 0,
	4096 4096,
	0 4096,
	"/>
</Transform>

<Transform dim="0"
 xcoef=" 0 1 0 0 0 0"
 ycoef=" 0 0 1 0 0 0">
<Contour name="ax27" hidden="false" closed="true" simplified="true" border="0 0 1" fill="0 0 1" mode="11"
 points="3.43146 4.30324,
	3.44736 4.28469,
	3.45531 4.26349,
	3.45796 4.25289,
	3.46326 4.24759,
	3.46591 4.23699,
	3.46856 4.23169,
	3.51095 4.23434,
	3.53215 4.23169,
	3.55335 4.22374,
	3.57455 4.22374,
	3.58515 4.22374,
	3.59045 4.22109,
	3.61164 4.22904,
	3.63284 4.24229,
	3.64874 4.26349,
	3.65139 4.27409,
	3.63284 4.31649,
	3.61429 4.33238,
	3.5931 4.34298,
	3.5083 4.34828,
	3.46591 4.34563,
	3.45531 4.34033,
	3.45001 4.34033,
	3.43411 4.32178,
	3.43146 4.31119,
	3.43146 4.30589,
	"/>
</Transform>

<Transform dim="0"
 xcoef=" 0 1 0 0 0 0"
 ycoef=" 0 0 1 0 0 0">
<Contour name="d03c03ax06" hidden="false" closed="true" simplified="true" border="0 1 0" fill="0 1 0" mode="9"
 points="3.78635 2.97584,
	3.86534 2.86595,
	3.90483 2.811,
	3.91513 2.79726,
	3.91685 2.7964,
	3.9718 2.80585,
	3.99927 2.811,
	4.00614 2.81186,
	4.00958 2.81271,
	4.01129 2.81357,
	3.99584 2.86852,
	3.98897 2.896,
	3.9718 2.95095,
	3.93488 3.06084,
	3.92973 3.07458,
	3.92801 3.08145,
	3.92629 3.08488,
	3.9469 3.30468,
	3.94862 3.31842,
	3.94862 3.32014,
	3.89367 3.35105,
	3.86619 3.3665,
	3.85933 3.37079,
	3.85761 3.37165,
	3.80266 3.26175,
	3.79579 3.24802,
	3.79236 3.24115,
	3.79064 3.23771,
	3.7872 3.01792,
	3.78635 2.99044,
	3.78635 2.9767,
	"/>
</Transform>

<Transform dim="0"
 xcoef=" 0 1 0 0 0 0"
 ycoef=" 0 0 1 0 0 0">
<Contour name="d08c09Aax25" hidden="false" closed="true" simplified="true" border="0 1 0" fill="0 1 0" mode="9"
 points="4.5211 4.22262,
	4.52153 4.11484,
	4.52195 4.06095,
	4.52195 4.04748,
	4.52237 4.0458,
	4.57625 4.04622,
	4.58973 4.04622,
	4.59646 4.04622,
	4.59983 4.04622,
	4.60151 4.04622,
	4.60236 4.04959,
	4.6112 4.15736,
	4.6133 4.18431,
	4.61372 4.19104,
	4.59899 4.24493,
	4.59141 4.27187,
	4.58762 4.28534,
	4.58552 4.29208,
	4.53163 4.28324,
	4.52489 4.28198,
	4.52153 4.28156,
	4.5211 4.22767,
	4.5211 4.2243,
	4.5211 4.22304,
	"/>
</Transform>

<Transform dim="0"
 xcoef=" 0 1 0 0 0 0"
 ycoef=" 0 0 1 0 0 0">
<Contour name="ddh_d06ax07" comment="traced by ddh 12/20/18" hidden="false" closed="true" simplified="true" border="0.5 0 1" fill="0.5 0 1" mode="11"
 points="1.77529 8.48487,
	1.77776 8.47697,
	1.77925 8.47302,
	1.78171 8.46907,
	1.78369 8.46709,
	1.78715 8.46512,
	1.79505 8.46364,
	1.81085 8.46314,
	1.8148 8.46265,
	1.81678 8.46265,
	1.83258 8.45327,
	1.83406 8.45178,
	1.83603 8.45129,
	1.83999 8.44783,
	1.84344 8.44536,
	1.84739 8.44388,
	1.85529 8.44388,
	1.8711 8.44635,
	1.87505 8.44734,
	1.87603 8.44734,
	1.89134 8.45771,
	1.89875 8.46314,
	1.91406 8.46907,
	1.92196 8.47154,
	1.92394 8.47203,
	1.93134 8.47746,
	1.93431 8.48141,
	1.93579 8.48536,
	1.93628 8.48931,
	1.93431 8.49722,
	1.93233 8.50117,
	1.91998 8.51499,
	1.91702 8.51894,
	1.91356 8.52685,
	1.91258 8.5308,
	1.91159 8.53277,
	1.9111 8.54067,
	1.9111 8.54265,
	1.90961 8.54462,
	1.90912 8.5466,
	1.9027 8.55401,
	1.89529 8.56092,
	1.89134 8.56339,
	1.88739 8.56487,
	1.88344 8.56536,
	1.87554 8.56438,
	1.87159 8.5624,
	1.86517 8.55746,
	1.85875 8.55104,
	1.85332 8.54413,
	1.85036 8.54018,
	1.84295 8.53524,
	1.83554 8.53178,
	1.83455 8.53178,
	1.83357 8.5308,
	1.82961 8.5303,
	1.82566 8.52833,
	1.81776 8.5224,
	1.81184 8.51598,
	1.80394 8.51055,
	1.79999 8.50808,
	1.79801 8.50759,
	1.79604 8.5061,
	1.79406 8.50561,
	1.79011 8.50265,
	1.78813 8.50215,
	1.78715 8.50117,
	1.78517 8.50067,
	1.77826 8.49475,
	1.77678 8.49277,
	1.77529 8.48931,
	1.77529 8.48536,
	"/>
</Transform>

<Transform dim="0"
 xcoef=" 0 1 0 0 0 0"
 ycoef=" 0 0 1 0 0 0">
<Contour name="ddh_d06ax08" comment="traced by ddh" hidden="false" closed="true" simplified="true" border="1 0 0.5" fill="1 0 0.5" mode="11"
 points="0.617255 8.26428,
	0.619216 8.25905,
	0.623793 8.25447,
	0.633601 8.24859,
	0.644063 8.24401,
	0.654525 8.24074,
	0.657141 8.23943,
	0.698989 8.23682,
	0.70945 8.23682,
	0.730374 8.23355,
	0.740836 8.23224,
	0.76176 8.2329,
	0.772222 8.23486,
	0.782684 8.23813,
	0.7853 8.23878,
	0.786607 8.23878,
	0.787915 8.24009,
	0.798377 8.2427,
	0.819301 8.24336,
	0.829763 8.24532,
	0.834994 8.24597,
	0.836302 8.24728,
	0.846763 8.25055,
	0.851341 8.25382,
	0.853956 8.25643,
	0.857225 8.26167,
	0.859187 8.26428,
	0.859187 8.26559,
	0.861149 8.2682,
	0.861803 8.27082,
	0.863764 8.27344,
	0.864418 8.27605,
	0.86638 8.27867,
	0.86638 8.27997,
	0.867687 8.28128,
	0.868341 8.28651,
	0.872264 8.29697,
	0.873572 8.30221,
	0.873572 8.31267,
	0.870303 8.32313,
	0.867034 8.32771,
	0.857225 8.33621,
	0.851994 8.34078,
	0.842186 8.34667,
	0.839571 8.34732,
	0.834994 8.35125,
	0.829763 8.35386,
	0.827147 8.35582,
	0.816685 8.35975,
	0.806223 8.36236,
	0.795762 8.36236,
	0.774838 8.35844,
	0.764376 8.35582,
	0.754568 8.35059,
	0.751952 8.34863,
	0.750644 8.34863,
	0.740836 8.34209,
	0.738221 8.34144,
	0.735605 8.33948,
	0.734298 8.33948,
	0.729067 8.3349,
	0.718605 8.32901,
	0.713374 8.32509,
	0.702912 8.31986,
	0.69245 8.31594,
	0.691142 8.31463,
	0.685911 8.31398,
	0.683296 8.31332,
	0.681988 8.31332,
	0.68068 8.31201,
	0.659756 8.31005,
	0.649294 8.31005,
	0.646679 8.31005,
	0.636871 8.30351,
	0.633601 8.29894,
	0.632294 8.29697,
	0.629678 8.29436,
	0.62837 8.29174,
	0.61987 8.28194,
	0.618562 8.27932,
	0.617255 8.27801,
	0.617255 8.26755,
	0.617255 8.26493,
	"/>
</Transform>

<Transform dim="0"
 xcoef=" 0 1 0 0 0 0"
 ycoef=" 0 0 1 0 0 0">
<Contour name="ddh_d06ax10" comment="traced by ddh" hidden="false" closed="true" simplified="true" border="1 1 0" fill="1 1 0" mode="11"
 points="3.81869 7.67937,
	3.81973 7.67522,
	3.8218 7.67108,
	3.83787 7.66227,
	3.85446 7.65864,
	3.86275 7.6576,
	3.87104 7.65501,
	3.87882 7.65086,
	3.8954 7.63791,
	3.89955 7.63532,
	3.90162 7.63428,
	3.90266 7.63221,
	3.91043 7.62391,
	3.91976 7.60733,
	3.92391 7.59904,
	3.92702 7.59489,
	3.93531 7.58815,
	3.93945 7.5866,
	3.94153 7.58504,
	3.94982 7.58297,
	3.9664 7.58141,
	3.98299 7.57675,
	3.98714 7.5752,
	3.98921 7.57364,
	3.99128 7.57312,
	3.99957 7.56742,
	4.00372 7.56327,
	4.00579 7.5612,
	4.00683 7.55913,
	4.00787 7.55084,
	4.00787 7.53425,
	4.00787 7.53218,
	4.0032 7.52389,
	3.99957 7.51559,
	3.99698 7.5073,
	3.98973 7.49901,
	3.9804 7.48242,
	3.97573 7.47413,
	3.9747 7.46998,
	3.97107 7.46169,
	3.96226 7.42852,
	3.95967 7.42023,
	3.95863 7.40364,
	3.95863 7.39535,
	3.96019 7.38706,
	3.9607 7.38291,
	3.96589 7.36633,
	3.97003 7.34974,
	3.97262 7.34145,
	3.97418 7.3373,
	3.97418 7.33523,
	3.99025 7.30206,
	3.99284 7.29377,
	3.99439 7.28962,
	3.99595 7.28133,
	3.99698 7.26475,
	3.99698 7.25645,
	3.99543 7.24816,
	3.99439 7.24401,
	3.98714 7.22743,
	3.98506 7.22328,
	3.98351 7.22121,
	3.98247 7.21706,
	3.97107 7.20048,
	3.96951 7.19841,
	3.96589 7.19011,
	3.96329 7.18597,
	3.96019 7.17767,
	3.95915 7.1756,
	3.95863 7.15902,
	3.95863 7.15487,
	3.96122 7.14658,
	3.96226 7.14243,
	3.96226 7.14139,
	3.96381 7.13932,
	3.96381 7.13725,
	3.96744 7.12896,
	3.97262 7.12066,
	3.97573 7.11652,
	3.99232 7.10252,
	4.00061 7.09786,
	4.0089 7.09164,
	4.02549 7.08283,
	4.03378 7.0792,
	4.05037 7.07661,
	4.05451 7.07609,
	4.05866 7.07454,
	4.09183 7.0735,
	4.10841 7.07298,
	4.11671 7.07454,
	4.12085 7.07505,
	4.13744 7.08179,
	4.14158 7.08335,
	4.15817 7.09371,
	4.16646 7.0989,
	4.17009 7.10252,
	4.17838 7.10771,
	4.18667 7.11393,
	4.19341 7.12222,
	4.19911 7.13051,
	4.20067 7.13258,
	4.2017 7.13673,
	4.2043 7.14088,
	4.20741 7.14917,
	4.20844 7.15331,
	4.20792 7.1699,
	4.2043 7.17819,
	4.19911 7.18648,
	4.19082 7.19426,
	4.18253 7.19996,
	4.14936 7.21603,
	4.13277 7.22691,
	4.12863 7.2295,
	4.12448 7.23313,
	4.1193 7.24142,
	4.11774 7.2435,
	4.11619 7.24764,
	4.11463 7.24971,
	4.11204 7.25801,
	4.11101 7.27459,
	4.11101 7.28288,
	4.11256 7.29118,
	4.11515 7.29947,
	4.11567 7.30362,
	4.11722 7.30569,
	4.11878 7.30984,
	4.13018 7.32642,
	4.14677 7.34249,
	4.15091 7.34663,
	4.1675 7.35855,
	4.17579 7.36633,
	4.18408 7.37255,
	4.18823 7.37566,
	4.19548 7.38395,
	4.19859 7.3881,
	4.20067 7.39224,
	4.20274 7.40053,
	4.20378 7.40468,
	4.20378 7.41297,
	4.20378 7.41712,
	4.20378 7.41919,
	4.19497 7.43578,
	4.18512 7.45236,
	4.17838 7.46895,
	4.1732 7.48553,
	4.16491 7.50212,
	4.16024 7.51041,
	4.14418 7.52544,
	4.13796 7.53373,
	4.13277 7.54203,
	4.11774 7.55861,
	4.11411 7.56276,
	4.11204 7.56483,
	4.10945 7.57312,
	4.10841 7.58141,
	4.10841 7.58971,
	4.10841 7.59178,
	4.11515 7.60837,
	4.1193 7.61666,
	4.12914 7.63324,
	4.1364 7.64983,
	4.13796 7.65397,
	4.13847 7.66227,
	4.13796 7.67056,
	4.1364 7.67885,
	4.13381 7.68714,
	4.13277 7.69129,
	4.12811 7.69958,
	4.12137 7.70788,
	4.11308 7.71617,
	4.1053 7.72291,
	4.10116 7.7255,
	4.08457 7.73223,
	4.08043 7.73275,
	4.07213 7.73586,
	4.07006 7.73586,
	4.05348 7.74312,
	4.04518 7.74778,
	4.04415 7.74778,
	4.04 7.75037,
	4.03585 7.75141,
	4.03378 7.75141,
	4.02549 7.754,
	4.0172 7.75452,
	4.00061 7.75348,
	3.99646 7.75193,
	3.99543 7.75193,
	3.99439 7.75089,
	3.99025 7.74986,
	3.98817 7.7483,
	3.97988 7.74571,
	3.97573 7.74467,
	3.9747 7.74364,
	3.9664 7.7426,
	3.94982 7.7426,
	3.94153 7.7426,
	3.93323 7.74416,
	3.91665 7.74934,
	3.91458 7.75037,
	3.90628 7.75037,
	3.89799 7.74882,
	3.8897 7.74623,
	3.88866 7.74623,
	3.88659 7.74467,
	3.88244 7.74364,
	3.88037 7.74312,
	3.87882 7.74156,
	3.87674 7.74105,
	3.87467 7.73949,
	3.87052 7.73845,
	3.86845 7.73794,
	3.86638 7.73638,
	3.8643 7.73638,
	3.86016 7.73483,
	3.85186 7.73379,
	3.84979 7.73327,
	3.8415 7.72757,
	3.83735 7.72446,
	3.82958 7.71617,
	3.82388 7.70788,
	3.82077 7.69958,
	3.81921 7.69544,
	3.81869 7.68714,
	3.81869 7.683,
	3.81869 7.68092,
	3.81869 7.67989,
	"/>
</Transform>

<Transform dim="0"
 xcoef=" 0 1 0 0 0 0"
 ycoef=" 0 0 1 0 0 0">
<Contour name="ddh_d07ax14a" comment="traced by ddh" hidden="false" closed="true" simplified="true" border="1 0 1" fill="1 0 1" mode="11"
 points="1.37853 8.10412,
	1.384 8.09382,
	1.38851 8.08352,
	1.38947 8.08095,
	1.40428 8.06035,
	1.41104 8.05005,
	1.41458 8.0449,
	1.42262 8.0346,
	1.42616 8.02945,
	1.42809 8.02687,
	1.43067 8.0243,
	1.43196 8.02301,
	1.43324 8.02044,
	1.4355 8.01786,
	1.44129 8.00756,
	1.44451 8.00241,
	1.44902 7.99211,
	1.45062 7.98181,
	1.44934 7.97151,
	1.44869 7.96636,
	1.44515 7.95606,
	1.44322 7.95092,
	1.44226 7.94577,
	1.43614 7.92517,
	1.43099 7.88397,
	1.43035 7.87882,
	1.43099 7.86852,
	1.43131 7.86594,
	1.44129 7.84534,
	1.44741 7.83505,
	1.46157 7.81445,
	1.46833 7.80415,
	1.4738 7.79385,
	1.47863 7.78355,
	1.47991 7.7784,
	1.48024 7.77325,
	1.48442 7.76295,
	1.49021 7.75265,
	1.49182 7.75007,
	1.49697 7.74492,
	1.50212 7.74267,
	1.51242 7.74042,
	1.515 7.7401,
	1.51628 7.73977,
	1.52143 7.74042,
	1.52658 7.73977,
	1.54718 7.74203,
	1.55748 7.74074,
	1.56263 7.74106,
	1.56521 7.74138,
	1.57036 7.74074,
	1.59096 7.74235,
	1.60126 7.74332,
	1.64245 7.74428,
	1.65275 7.74396,
	1.6579 7.74364,
	1.6682 7.74428,
	1.6785 7.74589,
	1.6888 7.74943,
	1.69395 7.75104,
	1.6991 7.75361,
	1.7094 7.76005,
	1.71455 7.76424,
	1.71712 7.76649,
	1.72742 7.77196,
	1.73772 7.77679,
	1.74802 7.77936,
	1.75317 7.78065,
	1.75575 7.78129,
	1.7609 7.78097,
	1.7815 7.78258,
	1.78407 7.78355,
	1.78568 7.78612,
	1.78826 7.78838,
	1.78954 7.78902,
	1.79437 7.79417,
	1.80467 7.80318,
	1.80982 7.80801,
	1.81433 7.81316,
	1.81594 7.81573,
	1.81755 7.82088,
	1.81819 7.82603,
	1.81787 7.83633,
	1.81207 7.85693,
	1.81046 7.86208,
	1.80725 7.88268,
	1.80435 7.89298,
	1.8021 7.89813,
	1.79888 7.90328,
	1.79856 7.90457,
	1.79662 7.90714,
	1.79566 7.90843,
	1.79566 7.90907,
	1.79115 7.91422,
	1.786 7.91809,
	1.78085 7.9213,
	1.77055 7.92517,
	1.7654 7.9271,
	1.76283 7.92838,
	1.75253 7.93611,
	1.74995 7.93836,
	1.73483 7.95896,
	1.72807 7.96926,
	1.72485 7.97441,
	1.72002 7.98471,
	1.71712 7.99501,
	1.71552 8.00016,
	1.71487 8.00273,
	1.71455 8.00402,
	1.71616 8.01432,
	1.71712 8.01947,
	1.71745 8.02205,
	1.71841 8.02462,
	1.71873 8.0272,
	1.7197 8.02977,
	1.72131 8.03235,
	1.72356 8.0346,
	1.72485 8.03589,
	1.73515 8.04104,
	1.74545 8.04554,
	1.75575 8.05134,
	1.7609 8.05423,
	1.76347 8.05552,
	1.77377 8.06421,
	1.78343 8.07451,
	1.78729 8.07966,
	1.78922 8.08223,
	1.79212 8.08738,
	1.79373 8.08996,
	1.79888 8.09511,
	1.80403 8.09897,
	1.82463 8.10863,
	1.83493 8.11345,
	1.84008 8.11635,
	1.8449 8.1215,
	1.84716 8.12408,
	1.85939 8.14467,
	1.86196 8.14982,
	1.86357 8.15497,
	1.86454 8.16527,
	1.86518 8.16785,
	1.86228 8.17815,
	1.85971 8.1833,
	1.85842 8.18587,
	1.84136 8.20647,
	1.83171 8.21677,
	1.82656 8.2216,
	1.82398 8.22353,
	1.80338 8.23544,
	1.79823 8.23769,
	1.79308 8.23866,
	1.78793 8.24027,
	1.78278 8.24123,
	1.78021 8.2422,
	1.76991 8.2422,
	1.75961 8.24027,
	1.75446 8.23962,
	1.74416 8.23705,
	1.73901 8.23608,
	1.73386 8.23383,
	1.72356 8.22707,
	1.71841 8.22321,
	1.70811 8.21452,
	1.69781 8.21001,
	1.69524 8.2084,
	1.69041 8.20358,
	1.68784 8.19843,
	1.68655 8.19585,
	1.68204 8.1907,
	1.67174 8.18555,
	1.66917 8.18459,
	1.65887 8.18684,
	1.64857 8.19038,
	1.64342 8.19199,
	1.64084 8.19295,
	1.63569 8.1936,
	1.63312 8.19424,
	1.62282 8.19456,
	1.61767 8.19489,
	1.60737 8.19392,
	1.60222 8.19328,
	1.59965 8.1936,
	1.57905 8.20422,
	1.56939 8.2142,
	1.56714 8.21677,
	1.56585 8.21806,
	1.56456 8.22063,
	1.56392 8.22192,
	1.54332 8.2348,
	1.54075 8.23608,
	1.53045 8.23512,
	1.5253 8.23415,
	1.52272 8.23383,
	1.50212 8.22385,
	1.49182 8.21935,
	1.48667 8.21806,
	1.4841 8.21709,
	1.47895 8.21677,
	1.46865 8.21742,
	1.4635 8.21742,
	1.46092 8.21806,
	1.45577 8.21742,
	1.45062 8.21581,
	1.44547 8.21162,
	1.43518 8.20164,
	1.43003 8.19682,
	1.42488 8.19263,
	1.41458 8.18587,
	1.40943 8.18265,
	1.40428 8.17815,
	1.39913 8.17429,
	1.39655 8.17235,
	1.39108 8.16206,
	1.38722 8.15176,
	1.38561 8.14146,
	1.38336 8.13116,
	1.38014 8.12086,
	1.37917 8.11571,
	1.37853 8.10541,
	1.37853 8.10444,
	"/>
</Transform>

<Transform dim="0"
 xcoef=" 0 1 0 0 0 0"
 ycoef=" 0 0 1 0 0 0">
<Contour name="ddh_d07ax12" comment="traced by ddh" hidden="false" closed="true" simplified="true" border="1 0 0" fill="1 0 0" mode="11"
 points="3.78721 8.03005,
	3.79027 8.01782,
	3.8025 7.99336,
	3.8025 7.99183,
	3.80403 7.9903,
	3.8048 7.98724,
	3.81244 7.97501,
	3.83002 7.95055,
	3.83843 7.93832,
	3.84149 7.9322,
	3.86595 7.9085,
	3.87818 7.90238,
	3.8843 7.90009,
	3.89653 7.89245,
	3.90876 7.88251,
	3.93323 7.86034,
	3.94546 7.85193,
	3.95157 7.84811,
	3.95693 7.84581,
	3.98139 7.82747,
	3.99362 7.81753,
	3.99974 7.81294,
	4.00279 7.81218,
	4.00585 7.80988,
	4.01808 7.80683,
	4.04255 7.80453,
	4.06701 7.8053,
	4.07313 7.80759,
	4.09759 7.81141,
	4.10982 7.81371,
	4.15875 7.81447,
	4.18321 7.81371,
	4.20767 7.81523,
	4.21991 7.816,
	4.24437 7.82135,
	4.2566 7.82364,
	4.26883 7.82747,
	4.2933 7.84123,
	4.30553 7.84658,
	4.30858 7.84734,
	4.31164 7.84964,
	4.31776 7.85116,
	4.32387 7.85422,
	4.32693 7.85422,
	4.33305 7.85728,
	4.34528 7.85957,
	4.35751 7.86645,
	4.36363 7.87028,
	4.36668 7.87104,
	4.3728 7.87486,
	4.37586 7.87716,
	4.40032 7.88327,
	4.40644 7.8848,
	4.41867 7.89015,
	4.42479 7.89245,
	4.43702 7.90162,
	4.43931 7.90774,
	4.44084 7.91079,
	4.44084 7.91691,
	4.43549 7.92914,
	4.41485 7.9536,
	4.39038 7.97807,
	4.36821 8.00177,
	4.3621 8.00635,
	4.35751 8.01247,
	4.35216 8.0247,
	4.3491 8.03693,
	4.34452 8.04916,
	4.34146 8.05528,
	4.33152 8.06751,
	4.3254 8.07363,
	4.31317 8.08357,
	4.30323 8.09503,
	4.27953 8.1195,
	4.27113 8.13173,
	4.25201 8.18065,
	4.2436 8.19289,
	4.23214 8.20435,
	4.22602 8.21047,
	4.21379 8.21888,
	4.20767 8.22423,
	4.19544 8.23264,
	4.18398 8.24411,
	4.18168 8.25022,
	4.18092 8.25634,
	4.18245 8.26857,
	4.18627 8.2808,
	4.18856 8.29303,
	4.1878 8.29915,
	4.1855 8.30526,
	4.18398 8.30832,
	4.17174 8.31979,
	4.15951 8.32667,
	4.13505 8.33661,
	4.11059 8.34425,
	4.09835 8.34502,
	4.07389 8.3389,
	4.06166 8.33737,
	4.05554 8.33661,
	4.04331 8.3389,
	4.03108 8.34349,
	4.01885 8.3519,
	3.99439 8.36336,
	3.96992 8.36948,
	3.95769 8.37024,
	3.93323 8.37483,
	3.90876 8.37712,
	3.89653 8.3756,
	3.87207 8.36948,
	3.86595 8.36795,
	3.85984 8.36489,
	3.84761 8.35343,
	3.84608 8.34731,
	3.84455 8.34425,
	3.84302 8.33202,
	3.84378 8.31979,
	3.84531 8.31367,
	3.84608 8.31061,
	3.8499 8.3045,
	3.85525 8.29838,
	3.86748 8.29074,
	3.8736 8.28462,
	3.87971 8.27239,
	3.88124 8.26016,
	3.88124 8.2357,
	3.87436 8.18677,
	3.87207 8.17454,
	3.86978 8.16842,
	3.86137 8.15619,
	3.85602 8.15007,
	3.85449 8.15007,
	3.8499 8.14396,
	3.84837 8.14396,
	3.83996 8.13173,
	3.83614 8.12561,
	3.83385 8.12255,
	3.83385 8.12102,
	3.83002 8.11491,
	3.82467 8.10268,
	3.81779 8.09045,
	3.80785 8.07821,
	3.79562 8.06598,
	3.79027 8.05375,
	3.78798 8.04152,
	3.78721 8.0354,
	3.78721 8.03235,
	3.78721 8.03082,
	"/>
</Transform>

<Transform dim="0"
 xcoef=" 0 1 0 0 0 0"
 ycoef=" 0 0 1 0 0 0">
<Contour name="ddh_d08ax12" comment="traced by ddh" hidden="false" closed="true" simplified="true" border="0 1 1" fill="0 1 1" mode="11"
 points="4.40615 3.11422,
	4.40713 3.11028,
	4.40713 3.10831,
	4.41107 3.10042,
	4.41354 3.09648,
	4.41551 3.0945,
	4.4165 3.09303,
	4.42044 3.08908,
	4.42389 3.08613,
	4.42833 3.08169,
	4.42931 3.0812,
	4.42931 3.08021,
	4.43128 3.07873,
	4.43621 3.07232,
	4.43868 3.06937,
	4.44016 3.06739,
	4.44016 3.06641,
	4.44114 3.06592,
	4.44114 3.06493,
	4.44262 3.06296,
	4.4441 3.05902,
	4.44459 3.05704,
	4.44558 3.05606,
	4.44656 3.05211,
	4.44854 3.04817,
	4.44952 3.0462,
	4.44952 3.04521,
	4.45839 3.02993,
	4.46037 3.02648,
	4.46135 3.0255,
	4.46135 3.02451,
	4.46727 3.01712,
	4.47121 3.01367,
	4.47318 3.01219,
	4.47417 3.01219,
	4.47811 3.00972,
	4.48205 3.00874,
	4.48403 3.00874,
	4.48501 3.00775,
	4.48698 3.00775,
	4.48895 3.00677,
	4.4929 3.00677,
	4.50867 3.00381,
	4.51656 3.00134,
	4.51853 3.00085,
	4.51952 3.00085,
	4.5205 2.99987,
	4.52247 2.99937,
	4.52444 2.9974,
	4.52839 2.99642,
	4.53036 2.99543,
	4.53135 2.99543,
	4.53233 2.99444,
	4.5481 2.99395,
	4.55008 2.99395,
	4.55205 2.99494,
	4.55599 2.99494,
	4.56388 2.99691,
	4.56782 2.99839,
	4.56881 2.99937,
	4.57078 2.99937,
	4.57176 3.00036,
	4.57275 3.00036,
	4.57374 3.00134,
	4.57472 3.00134,
	4.57571 3.00233,
	4.57768 3.00282,
	4.58507 3.00874,
	4.58606 3.00972,
	4.58704 3.00972,
	4.59 3.01367,
	4.59592 3.01909,
	4.59838 3.02254,
	4.60183 3.02599,
	4.6038 3.02993,
	4.60528 3.03191,
	4.60676 3.03585,
	4.60775 3.03683,
	4.60923 3.04078,
	4.61021 3.04176,
	4.61317 3.04965,
	4.61415 3.05064,
	4.61563 3.05458,
	4.61662 3.05655,
	4.6176 3.05754,
	4.61859 3.06148,
	4.61958 3.06345,
	4.61958 3.06542,
	4.62056 3.06739,
	4.62106 3.07134,
	4.62352 3.07922,
	4.62401 3.08317,
	4.62401 3.08514,
	4.625 3.08711,
	4.62598 3.095,
	4.62796 3.10288,
	4.62894 3.10683,
	4.62845 3.1226,
	4.62697 3.13049,
	4.62648 3.13246,
	4.62204 3.14035,
	4.62056 3.14232,
	4.61859 3.1433,
	4.61613 3.14725,
	4.61268 3.1502,
	4.61169 3.15119,
	4.6107 3.15119,
	4.60873 3.15316,
	4.60676 3.15415,
	4.60577 3.15513,
	4.6038 3.15513,
	4.59986 3.15661,
	4.59789 3.1571,
	4.59592 3.15858,
	4.58803 3.16105,
	4.58606 3.16154,
	4.58507 3.16154,
	4.58409 3.16253,
	4.5762 3.16499,
	4.57226 3.16598,
	4.57029 3.16696,
	4.56831 3.16696,
	4.56634 3.16795,
	4.55846 3.16943,
	4.52691 3.16992,
	4.51114 3.16893,
	4.50719 3.16893,
	4.49142 3.16499,
	4.49043 3.16499,
	4.48945 3.16401,
	4.48156 3.16154,
	4.47762 3.15957,
	4.47565 3.15858,
	4.47466 3.1576,
	4.47367 3.1576,
	4.46628 3.15218,
	4.45987 3.14577,
	4.45642 3.1433,
	4.45445 3.14232,
	4.45346 3.14232,
	4.45248 3.14133,
	4.44459 3.13985,
	4.42882 3.13985,
	4.42488 3.13887,
	4.4229 3.13837,
	4.42192 3.13837,
	4.41995 3.1369,
	4.41798 3.1364,
	4.41403 3.13345,
	4.4091 3.12654,
	4.40762 3.12457,
	4.40615 3.11669,
	4.40615 3.11471,
	"/>
</Transform>

<Transform dim="0"
 xcoef=" 0 1 0 0 0 0"
 ycoef=" 0 0 1 0 0 0">
<Contour name="ddh_d08ax11" comment="traced by ddh" hidden="false" closed="true" simplified="true" border="1 0 1" fill="1 0 1" mode="11"
 points="4.82022 2.82657,
	4.83004 2.80563,
	4.83396 2.8004,
	4.83527 2.79778,
	4.84574 2.78928,
	4.86668 2.77554,
	4.87649 2.76507,
	4.88173 2.76049,
	4.88761 2.75002,
	4.89154 2.73955,
	4.89416 2.72908,
	4.89874 2.71861,
	4.90463 2.70814,
	4.90594 2.70553,
	4.9164 2.69637,
	4.92229 2.6859,
	4.94323 2.66496,
	4.96417 2.64729,
	4.98511 2.63225,
	5.00604 2.61981,
	5.01651 2.61458,
	5.03745 2.60738,
	5.04792 2.60411,
	5.05315 2.60149,
	5.07409 2.59757,
	5.08456 2.59691,
	5.08979 2.59757,
	5.10026 2.60084,
	5.11073 2.60804,
	5.11597 2.61131,
	5.11858 2.61393,
	5.12382 2.61654,
	5.14475 2.6329,
	5.14737 2.63486,
	5.14868 2.63486,
	5.1513 2.63683,
	5.16177 2.63879,
	5.1827 2.6401,
	5.22458 2.62897,
	5.24552 2.62701,
	5.26645 2.62897,
	5.27692 2.63355,
	5.28216 2.63552,
	5.28674 2.63879,
	5.28805 2.6401,
	5.29328 2.64141,
	5.30375 2.64795,
	5.30637 2.65057,
	5.31684 2.6558,
	5.33777 2.67347,
	5.35544 2.6944,
	5.3646 2.70487,
	5.36983 2.71011,
	5.37376 2.71534,
	5.37572 2.72058,
	5.37703 2.72188,
	5.37768 2.72712,
	5.37899 2.72843,
	5.37899 2.7389,
	5.37834 2.74151,
	5.37899 2.74675,
	5.37834 2.75198,
	5.36722 2.77292,
	5.36656 2.77554,
	5.3646 2.77815,
	5.35871 2.79909,
	5.35675 2.80956,
	5.35609 2.8305,
	5.35806 2.83573,
	5.36329 2.84097,
	5.36852 2.84424,
	5.37114 2.84555,
	5.38096 2.85602,
	5.38554 2.86125,
	5.38815 2.86387,
	5.39012 2.87434,
	5.38946 2.88481,
	5.38881 2.89004,
	5.38423 2.90051,
	5.37834 2.91098,
	5.36852 2.92145,
	5.34759 2.93257,
	5.33712 2.9378,
	5.33188 2.94107,
	5.31095 2.9594,
	5.30113 2.96986,
	5.29459 2.98033,
	5.28412 2.99015,
	5.27365 2.99342,
	5.26842 2.99473,
	5.22654 2.99734,
	5.2056 2.99538,
	5.19514 2.99342,
	5.1742 2.99146,
	5.15326 2.98818,
	5.11139 2.98622,
	5.09045 2.98622,
	5.04857 2.9823,
	5.02763 2.98033,
	5.01717 2.97902,
	4.97529 2.9679,
	4.97006 2.96659,
	4.95959 2.96201,
	4.95435 2.96005,
	4.93342 2.94696,
	4.91248 2.93191,
	4.8706 2.91032,
	4.86013 2.90443,
	4.84967 2.89527,
	4.83396 2.87434,
	4.82677 2.86387,
	4.82349 2.85863,
	4.82088 2.84816,
	4.82022 2.82723,
	"/>
</Transform>

<Transform dim="0"
 xcoef=" 0 1 0 0 0 0"
 ycoef=" 0 0 1 0 0 0">
<Contour name="ddh_d08ax11" comment="traced by ddh" hidden="false" closed="true" simplified="true" border="1 0 1" fill="1 0 1" mode="11"
 points="3.96285 2.7086,
	3.96573 2.69937,
	3.9715 2.69014,
	3.98072 2.6838,
	3.98303 2.68265,
	3.98418 2.68149,
	3.98649 2.68092,
	3.9888 2.67919,
	3.99802 2.67688,
	4.00264 2.67573,
	4.01186 2.67573,
	4.02109 2.67342,
	4.02513 2.66881,
	4.02801 2.66419,
	4.02801 2.66304,
	4.02916 2.66189,
	4.02974 2.65958,
	4.0332 2.65554,
	4.03781 2.65266,
	4.04012 2.65151,
	4.04935 2.65093,
	4.05857 2.65151,
	4.06319 2.65266,
	4.07241 2.65324,
	4.08164 2.65554,
	4.10009 2.66304,
	4.10471 2.66535,
	4.12316 2.67861,
	4.12547 2.67976,
	4.13469 2.68841,
	4.14277 2.69764,
	4.14334 2.69995,
	4.14507 2.70225,
	4.14738 2.71148,
	4.14796 2.72071,
	4.14738 2.72532,
	4.1445 2.72993,
	4.14392 2.73224,
	4.14046 2.73685,
	4.13181 2.74608,
	4.12258 2.75242,
	4.11797 2.75415,
	4.11336 2.75473,
	4.10874 2.75646,
	4.07184 2.75992,
	4.05338 2.7605,
	4.03493 2.75992,
	4.03032 2.75992,
	4.02801 2.75877,
	4.0257 2.75877,
	4.02455 2.75877,
	4.0234 2.75761,
	4.01878 2.75704,
	4.01417 2.75415,
	4.00494 2.75127,
	3.98649 2.74262,
	3.98188 2.73916,
	3.97726 2.73685,
	3.97265 2.73339,
	3.96919 2.72878,
	3.96688 2.72705,
	3.96285 2.71782,
	3.96285 2.70917,
	"/>
</Transform>

<Transform dim="0"
 xcoef=" 0 1 0 0 0 0"
 ycoef=" 0 0 1 0 0 0">
<Contour name="ddh_d08ax10" comment="traced by ddh" hidden="false" closed="true" simplified="true" border="1 0.5 0" fill="1 0.5 0" mode="11"
 points="6.35433 3.08684,
	6.35555 3.07705,
	6.35678 3.07215,
	6.358 3.0697,
	6.358 3.06847,
	6.36474 3.05868,
	6.36535 3.05623,
	6.37882 3.03847,
	6.38311 3.03418,
	6.38495 3.03234,
	6.3874 3.03173,
	6.38862 3.03051,
	6.38985 3.03051,
	6.39107 3.02928,
	6.39229 3.02928,
	6.39352 3.02806,
	6.40332 3.02745,
	6.40822 3.02622,
	6.42781 3.02745,
	6.43026 3.02867,
	6.44986 3.03112,
	6.45965 3.03173,
	6.46455 3.03234,
	6.46578 3.03234,
	6.47006 3.03541,
	6.48966 3.04337,
	6.49088 3.04337,
	6.49578 3.04643,
	6.49762 3.04827,
	6.49884 3.04888,
	6.49884 3.0501,
	6.50191 3.05439,
	6.50374 3.05929,
	6.50435 3.06909,
	6.50374 3.07888,
	6.50374 3.08378,
	6.50252 3.08623,
	6.50252 3.08868,
	6.49333 3.10828,
	6.4915 3.11317,
	6.49027 3.11562,
	6.49027 3.11685,
	6.48905 3.11807,
	6.48782 3.12297,
	6.48353 3.13277,
	6.48231 3.13767,
	6.47864 3.14257,
	6.47802 3.14502,
	6.47435 3.14992,
	6.47312 3.15175,
	6.46884 3.15604,
	6.46394 3.1591,
	6.46149 3.16033,
	6.46027 3.16033,
	6.45904 3.16155,
	6.44924 3.16216,
	6.44679 3.16216,
	6.44434 3.16094,
	6.43945 3.16094,
	6.43455 3.15849,
	6.4321 3.15726,
	6.43087 3.15604,
	6.42965 3.15604,
	6.42842 3.15481,
	6.4272 3.15481,
	6.42536 3.15298,
	6.42475 3.15175,
	6.4223 3.15114,
	6.4174 3.14808,
	6.41618 3.14808,
	6.41495 3.14685,
	6.41005 3.14502,
	6.40822 3.14379,
	6.40699 3.14379,
	6.40638 3.14257,
	6.39658 3.13951,
	6.39168 3.13767,
	6.38923 3.13767,
	6.38801 3.13644,
	6.38311 3.13522,
	6.38066 3.13461,
	6.37944 3.13461,
	6.37454 3.13093,
	6.37025 3.12848,
	6.36596 3.1242,
	6.36351 3.12175,
	6.36107 3.11685,
	6.35984 3.11562,
	6.35555 3.09603,
	6.35494 3.09113,
	6.35433 3.08868,
	6.35433 3.08746,
	"/>
</Transform>

<Transform dim="0"
 xcoef=" 0 1 0 0 0 0"
 ycoef=" 0 0 1 0 0 0">
<Contour name="ddh_d08ax08" comment="traced by ddh" hidden="false" closed="true" simplified="true" border="1 0 1" fill="1 0 1" mode="11"
 points="4.3825 4.67197,
	4.38419 4.66859,
	4.38419 4.66522,
	4.39094 4.661,
	4.39432 4.66015,
	4.39601 4.65847,
	4.40276 4.65678,
	4.40613 4.65509,
	4.41964 4.65509,
	4.42639 4.6534,
	4.43989 4.6534,
	4.44664 4.6534,
	4.45002 4.6534,
	4.45171 4.6534,
	4.45846 4.64665,
	4.46183 4.64412,
	4.46352 4.64243,
	4.4669 4.64159,
	4.47955 4.63231,
	4.49306 4.6264,
	4.52006 4.6188,
	4.53357 4.61711,
	4.56057 4.61796,
	4.57407 4.61796,
	4.60108 4.61458,
	4.60783 4.61458,
	4.62133 4.60952,
	4.62809 4.60699,
	4.63146 4.6053,
	4.63315 4.60361,
	4.63484 4.60361,
	4.63821 4.60108,
	4.64496 4.59939,
	4.65847 4.59348,
	4.66522 4.59011,
	4.66859 4.58842,
	4.66944 4.58673,
	4.67281 4.58589,
	4.67956 4.58083,
	4.68125 4.57998,
	4.6821 4.57661,
	4.69307 4.56395,
	4.70657 4.55635,
	4.72007 4.55044,
	4.72345 4.54791,
	4.7302 4.54538,
	4.75721 4.52766,
	4.77071 4.52006,
	4.79771 4.50825,
	4.80447 4.50572,
	4.81797 4.49728,
	4.82388 4.4939,
	4.82725 4.49306,
	4.83063 4.49053,
	4.834 4.48968,
	4.84075 4.48462,
	4.84413 4.48293,
	4.84582 4.48124,
	4.84919 4.4804,
	4.85257 4.47787,
	4.85932 4.47618,
	4.8627 4.47449,
	4.8897 4.4728,
	4.90321 4.47027,
	4.93021 4.46858,
	4.95722 4.46858,
	4.98422 4.47112,
	4.9876 4.4728,
	5.0011 4.47365,
	5.00785 4.47534,
	5.01123 4.47534,
	5.0146 4.47702,
	5.02811 4.47702,
	5.04161 4.47955,
	5.04836 4.4804,
	5.05174 4.48209,
	5.06524 4.48293,
	5.07874 4.48546,
	5.08043 4.48546,
	5.08212 4.48715,
	5.08887 4.48715,
	5.10237 4.49221,
	5.11503 4.50065,
	5.12178 4.50572,
	5.12685 4.51247,
	5.1336 4.51669,
	5.14457 4.53019,
	5.15048 4.53694,
	5.15385 4.54032,
	5.15723 4.54201,
	5.1682 4.55551,
	5.16989 4.5572,
	5.17073 4.56057,
	5.17073 4.56226,
	5.17326 4.56564,
	5.17495 4.57239,
	5.17832 4.57914,
	5.17832 4.59264,
	5.17748 4.59939,
	5.17073 4.61289,
	5.15976 4.6264,
	5.13275 4.65256,
	5.10575 4.66691,
	5.099 4.67028,
	5.09224 4.67535,
	5.09056 4.67535,
	5.06355 4.69391,
	5.05005 4.70151,
	5.0433 4.70573,
	5.03992 4.70826,
	5.02642 4.71248,
	5.01967 4.71501,
	5.01629 4.71585,
	4.98929 4.73273,
	4.97578 4.74033,
	4.96228 4.74624,
	4.94878 4.74877,
	4.92177 4.74961,
	4.89477 4.75214,
	4.86776 4.75805,
	4.86101 4.75889,
	4.85426 4.76143,
	4.82725 4.76396,
	4.81375 4.76565,
	4.78674 4.7648,
	4.77324 4.76311,
	4.75974 4.76311,
	4.75299 4.76311,
	4.73948 4.76058,
	4.73273 4.75974,
	4.70573 4.75214,
	4.69222 4.74792,
	4.68885 4.74792,
	4.68547 4.74624,
	4.65847 4.74708,
	4.63146 4.74961,
	4.60446 4.74708,
	4.59095 4.74286,
	4.5842 4.74033,
	4.53019 4.73948,
	4.50318 4.74117,
	4.47618 4.74455,
	4.46943 4.74539,
	4.44242 4.74286,
	4.42892 4.73948,
	4.41626 4.72767,
	4.40782 4.71417,
	4.4036 4.70741,
	4.39094 4.69476,
	4.38757 4.69138,
	4.38419 4.68463,
	4.3825 4.67788,
	4.3825 4.6745,
	4.3825 4.67281,
	"/>
</Transform>

<Transform dim="0"
 xcoef=" 0 1 0 0 0 0"
 ycoef=" 0 0 1 0 0 0">
<Contour name="ddh_d08ax08" comment="traced by ddh" hidden="false" closed="true" simplified="true" border="1 0 1" fill="1 0 1" mode="11"
 points="3.29206 4.74764,
	3.30043 4.74136,
	3.30462 4.73822,
	3.30671 4.73613,
	3.32345 4.73508,
	3.33182 4.73404,
	3.34019 4.7309,
	3.37368 4.72985,
	3.38205 4.73194,
	3.39879 4.73299,
	3.43228 4.73927,
	3.56622 4.74241,
	3.58297 4.74241,
	3.59134 4.74136,
	3.60808 4.73613,
	3.61645 4.73299,
	3.64994 4.72985,
	3.68342 4.72357,
	3.71691 4.72043,
	3.75039 4.72043,
	3.75877 4.72043,
	3.76714 4.72252,
	3.77551 4.72252,
	3.77969 4.72462,
	3.78179 4.72671,
	3.78388 4.72671,
	3.79016 4.73508,
	3.7933 4.74345,
	3.79225 4.75182,
	3.78807 4.7602,
	3.78807 4.76229,
	3.78597 4.76438,
	3.78283 4.77275,
	3.77132 4.78845,
	3.76295 4.79682,
	3.75563 4.8031,
	3.74412 4.8167,
	3.73888 4.82298,
	3.72947 4.83868,
	3.71691 4.85437,
	3.70226 4.86693,
	3.69912 4.87112,
	3.69389 4.87635,
	3.69179 4.8774,
	3.69179 4.87949,
	3.68447 4.88786,
	3.68447 4.88995,
	3.67924 4.89832,
	3.674 4.9046,
	3.66877 4.91297,
	3.66459 4.91716,
	3.66459 4.91925,
	3.65308 4.93495,
	3.63947 4.95169,
	3.63738 4.95588,
	3.63529 4.95797,
	3.63529 4.96006,
	3.62901 4.96739,
	3.62587 4.97262,
	3.62587 4.97471,
	3.62378 4.97681,
	3.62168 4.98518,
	3.61959 4.98936,
	3.61959 4.99355,
	3.61436 5.01029,
	3.61227 5.01866,
	3.61017 5.02285,
	3.61017 5.02703,
	3.60703 5.03541,
	3.60599 5.04378,
	3.60389 5.04796,
	3.60389 5.05215,
	3.6018 5.05633,
	3.6018 5.05843,
	3.59866 5.06261,
	3.59552 5.07098,
	3.59448 5.07517,
	3.58715 5.0825,
	3.58297 5.08459,
	3.57459 5.08459,
	3.57041 5.08354,
	3.56832 5.08354,
	3.56099 5.07726,
	3.5568 5.07517,
	3.5432 5.06052,
	3.51913 5.02913,
	3.50762 5.01343,
	3.50134 5.00506,
	3.48774 4.99146,
	3.47728 4.97471,
	3.47414 4.97053,
	3.47204 4.96843,
	3.47204 4.96634,
	3.46577 4.96006,
	3.46367 4.95797,
	3.46367 4.95588,
	3.46158 4.95588,
	3.45007 4.94018,
	3.44274 4.93286,
	3.43856 4.92867,
	3.43333 4.92239,
	3.426 4.91507,
	3.41554 4.89937,
	3.41344 4.89728,
	3.41344 4.89518,
	3.40612 4.88786,
	3.39461 4.87321,
	3.39461 4.87112,
	3.39042 4.86693,
	3.38519 4.86065,
	3.3831 4.85647,
	3.37577 4.8481,
	3.37263 4.846,
	3.3674 4.83763,
	3.36426 4.83345,
	3.36217 4.83135,
	3.36112 4.82717,
	3.34752 4.81147,
	3.34333 4.80415,
	3.32973 4.79054,
	3.29938 4.7602,
	3.29311 4.75182,
	3.29206 4.74869,
	"/>
</Transform>

<Transform dim="0"
 xcoef=" 0 1 0 0 0 0"
 ycoef=" 0 0 1 0 0 0">
<Contour name="ddh_d08ax07" comment="traced by ddh" hidden="false" closed="true" simplified="true" border="1 0.5 0" fill="1 0.5 0" mode="11"
 points="6.22443 4.62429,
	6.22669 4.61827,
	6.23045 4.613,
	6.23647 4.60774,
	6.24099 4.60397,
	6.24626 4.5987,
	6.24927 4.59569,
	6.25002 4.59419,
	6.25153 4.59419,
	6.25604 4.58967,
	6.25755 4.58741,
	6.26357 4.58215,
	6.26583 4.57989,
	6.26733 4.57989,
	6.27712 4.57161,
	6.28314 4.56709,
	6.28464 4.56709,
	6.29066 4.56333,
	6.29217 4.56333,
	6.29368 4.56182,
	6.2997 4.56032,
	6.3012 4.56032,
	6.31324 4.55354,
	6.31475 4.55354,
	6.31626 4.55204,
	6.31776 4.55204,
	6.31927 4.55053,
	6.32077 4.55053,
	6.32228 4.54903,
	6.3283 4.54752,
	6.3298 4.54602,
	6.33582 4.54376,
	6.34185 4.53774,
	6.34486 4.53473,
	6.34862 4.52871,
	6.35012 4.5257,
	6.35163 4.52494,
	6.35163 4.52344,
	6.36292 4.51666,
	6.36367 4.51516,
	6.36969 4.51441,
	6.37571 4.51516,
	6.37873 4.51591,
	6.38174 4.51892,
	6.3855 4.52494,
	6.39528 4.53548,
	6.39905 4.54752,
	6.4013 4.55354,
	6.40507 4.55957,
	6.40883 4.56408,
	6.41937 4.57537,
	6.42087 4.57688,
	6.42238 4.5829,
	6.42163 4.58892,
	6.41937 4.59494,
	6.4141 4.60021,
	6.40281 4.60698,
	6.39077 4.60698,
	6.37873 4.60548,
	6.37571 4.60548,
	6.3727 4.60397,
	6.36066 4.60472,
	6.35464 4.60548,
	6.33056 4.61677,
	6.31851 4.62053,
	6.30647 4.62128,
	6.30045 4.62279,
	6.28841 4.62279,
	6.27636 4.62505,
	6.26432 4.62881,
	6.2583 4.63107,
	6.25529 4.63333,
	6.25228 4.63408,
	6.25077 4.63558,
	6.24927 4.63558,
	6.24776 4.63709,
	6.23572 4.63784,
	6.2297 4.63784,
	6.22443 4.63408,
	6.22443 4.62806,
	6.22443 4.62505,
	"/>
</Transform>

<Transform dim="0"
 xcoef=" 0 1 0 0 0 0"
 ycoef=" 0 0 1 0 0 0">
<Contour name="ddh_d08ax07" comment="traced by ddh" hidden="false" closed="true" simplified="true" border="1 0.5 0" fill="1 0.5 0" mode="11"
 points="6.6131 4.24724,
	6.61773 4.23983,
	6.62051 4.23613,
	6.62422 4.23427,
	6.62607 4.23242,
	6.62792 4.23242,
	6.62885 4.23057,
	6.63255 4.22964,
	6.64737 4.21945,
	6.6622 4.21111,
	6.66405 4.21111,
	6.66497 4.20926,
	6.66683 4.20926,
	6.67238 4.20185,
	6.6798 4.19537,
	6.6835 4.19166,
	6.7011 4.16202,
	6.70666 4.15461,
	6.72055 4.12497,
	6.7363 4.09532,
	6.74742 4.0805,
	6.76224 4.06753,
	6.76965 4.06105,
	6.77336 4.05827,
	6.77521 4.05642,
	6.77891 4.05549,
	6.78262 4.05271,
	6.78447 4.05086,
	6.78818 4.04993,
	6.79188 4.04715,
	6.8067 4.04252,
	6.83635 4.02863,
	6.85024 4.01658,
	6.87247 3.98694,
	6.87803 3.97953,
	6.87988 3.97583,
	6.87988 3.97397,
	6.88544 3.96656,
	6.88729 3.96286,
	6.89378 3.95545,
	6.89563 3.95174,
	6.90953 3.93692,
	6.91601 3.92951,
	6.91879 3.92673,
	6.92157 3.91932,
	6.92713 3.91191,
	6.93083 3.9045,
	6.94102 3.88968,
	6.96789 3.86003,
	6.9753 3.85633,
	6.99012 3.85355,
	6.99382 3.85448,
	7.00031 3.86096,
	7.00309 3.86467,
	7.00309 3.86837,
	7.00587 3.87208,
	7.00679 3.90172,
	7.00679 3.90913,
	7.00216 3.92395,
	6.99382 3.93877,
	6.98363 3.95359,
	6.98178 3.9573,
	6.96974 3.97212,
	6.95955 3.98694,
	6.95862 3.99065,
	6.95584 3.99435,
	6.95399 3.99621,
	6.95399 3.99806,
	6.94102 4.01288,
	6.92435 4.04252,
	6.91416 4.05734,
	6.91138 4.06105,
	6.90953 4.0629,
	6.90953 4.06475,
	6.8947 4.07958,
	6.87988 4.09162,
	6.87247 4.0981,
	6.86228 4.11292,
	6.84561 4.14257,
	6.83542 4.15739,
	6.8206 4.17128,
	6.79096 4.18888,
	6.76131 4.20463,
	6.74649 4.21389,
	6.73908 4.2176,
	6.73538 4.21853,
	6.72055 4.22779,
	6.70759 4.24168,
	6.7011 4.24909,
	6.6974 4.2528,
	6.68257 4.26206,
	6.67516 4.26855,
	6.67146 4.27133,
	6.66961 4.27318,
	6.66775 4.27318,
	6.66405 4.27596,
	6.66034 4.27688,
	6.65849 4.27874,
	6.64367 4.27874,
	6.63626 4.27781,
	6.63255 4.27781,
	6.62514 4.27411,
	6.61958 4.2667,
	6.61588 4.26299,
	6.6131 4.25558,
	6.6131 4.24817,
	"/>
</Transform>

<Transform dim="0"
 xcoef=" 0 1 0 0 0 0"
 ycoef=" 0 0 1 0 0 0">
<Contour name="ddh_d08ax07" comment="traced by ddh" hidden="false" closed="true" simplified="true" border="1 0.5 0" fill="1 0.5 0" mode="11"
 points="7.19027 3.65644,
	7.19813 3.64465,
	7.20835 3.63443,
	7.21385 3.62972,
	7.21699 3.62893,
	7.228 3.61793,
	7.23114 3.61636,
	7.23586 3.61085,
	7.24214 3.60535,
	7.24607 3.59906,
	7.24686 3.59592,
	7.24843 3.59435,
	7.25079 3.58885,
	7.25393 3.5857,
	7.25865 3.58256,
	7.26022 3.58099,
	7.2728 3.58177,
	7.27594 3.58256,
	7.27909 3.58492,
	7.28066 3.58727,
	7.28223 3.58806,
	7.28616 3.60064,
	7.28616 3.61321,
	7.28144 3.63836,
	7.27751 3.65094,
	7.27437 3.65723,
	7.27437 3.6588,
	7.26572 3.67059,
	7.26494 3.67216,
	7.26337 3.67216,
	7.26101 3.67531,
	7.25944 3.67531,
	7.25786 3.67688,
	7.23271 3.67766,
	7.22014 3.67766,
	7.21385 3.67766,
	7.20756 3.67609,
	7.20442 3.67609,
	7.20284 3.67452,
	7.1997 3.67373,
	7.1942 3.66902,
	7.19105 3.66666,
	7.19027 3.66037,
	7.19027 3.65723,
	"/>
</Transform>

<Transform dim="0"
 xcoef=" 0 1 0 0 0 0"
 ycoef=" 0 0 1 0 0 0">
<Contour name="ddh_d07ax11" comment="traced by ddh" hidden="false" closed="true" simplified="true" border="1 0.5 0" fill="1 0.5 0" mode="11"
 points="2.58578 8.57537,
	2.58733 8.57227,
	2.58733 8.55988,
	2.5912 8.54748,
	2.59275 8.54129,
	2.5943 8.53819,
	2.5943 8.53509,
	2.59585 8.53431,
	2.59585 8.53122,
	2.60282 8.51882,
	2.61522 8.50643,
	2.62141 8.501,
	2.63148 8.48861,
	2.63923 8.47622,
	2.6431 8.47002,
	2.64853 8.46382,
	2.65705 8.45143,
	2.66247 8.44523,
	2.66557 8.44213,
	2.67796 8.43361,
	2.69036 8.42664,
	2.69656 8.42276,
	2.70275 8.42122,
	2.70895 8.41812,
	2.71205 8.41657,
	2.72444 8.41579,
	2.73684 8.41734,
	2.76163 8.42819,
	2.77402 8.43361,
	2.78641 8.44058,
	2.8112 8.4522,
	2.83599 8.46615,
	2.84839 8.47234,
	2.87318 8.48086,
	2.89796 8.48396,
	2.91036 8.48551,
	2.92275 8.49016,
	2.93515 8.49636,
	2.94754 8.50565,
	2.95374 8.50953,
	2.95994 8.51495,
	2.96303 8.51805,
	2.97543 8.52657,
	2.98163 8.53199,
	2.99402 8.54051,
	3.00022 8.54361,
	3.02501 8.54903,
	3.0312 8.54981,
	3.0436 8.55368,
	3.0498 8.55678,
	3.05289 8.55755,
	3.07768 8.58002,
	3.08388 8.58467,
	3.08698 8.58699,
	3.08853 8.58854,
	3.09008 8.58854,
	3.09318 8.59086,
	3.10557 8.59319,
	3.13036 8.59164,
	3.14275 8.59086,
	3.15515 8.59319,
	3.16134 8.59551,
	3.16754 8.60093,
	3.17064 8.60248,
	3.17684 8.60791,
	3.18149 8.6141,
	3.20627 8.63115,
	3.21247 8.63502,
	3.22487 8.64664,
	3.23184 8.65903,
	3.24423 8.666,
	3.25663 8.67143,
	3.26282 8.6753,
	3.26592 8.67762,
	3.26747 8.67762,
	3.27367 8.68305,
	3.28606 8.69002,
	3.28761 8.69002,
	3.30001 8.69931,
	3.3062 8.70396,
	3.30775 8.70706,
	3.31395 8.71326,
	3.33099 8.73805,
	3.34339 8.76284,
	3.34649 8.77523,
	3.34726 8.78143,
	3.35423 8.79382,
	3.35578 8.79537,
	3.35578 8.79692,
	3.3612 8.80312,
	3.3674 8.81551,
	3.38444 8.83953,
	3.39994 8.86354,
	3.40458 8.86974,
	3.40691 8.87284,
	3.40768 8.87593,
	3.42628 8.90072,
	3.44951 8.92396,
	3.45261 8.92551,
	3.46501 8.93558,
	3.4898 8.95185,
	3.49599 8.9565,
	3.50142 8.9627,
	3.50451 8.96502,
	3.50606 8.96812,
	3.51691 8.98051,
	3.52001 8.98671,
	3.52466 8.99291,
	3.5293 9.00453,
	3.53085 9.00763,
	3.53008 9.02002,
	3.52388 9.03241,
	3.51226 9.04403,
	3.49987 9.05333,
	3.48747 9.06108,
	3.48592 9.06108,
	3.47973 9.06495,
	3.47353 9.06572,
	3.46113 9.0696,
	3.44874 9.07192,
	3.44254 9.0727,
	3.43944 9.07425,
	3.43635 9.07425,
	3.43015 9.07657,
	3.42395 9.07734,
	3.42085 9.07734,
	3.41466 9.07967,
	3.36508 9.08741,
	3.35268 9.08819,
	3.34649 9.08819,
	3.34029 9.08586,
	3.33409 9.08509,
	3.3093 9.07657,
	3.30311 9.07425,
	3.30001 9.0727,
	3.29923 9.07115,
	3.29304 9.06882,
	3.28064 9.06185,
	3.27444 9.05875,
	3.26825 9.05798,
	3.25585 9.05333,
	3.24965 9.05023,
	3.23726 9.04171,
	3.2148 9.02079,
	3.2117 9.01925,
	3.2055 9.01305,
	3.2024 9.00995,
	3.1993 9.00917,
	3.18691 9.00065,
	3.17451 8.99368,
	3.16212 8.98826,
	3.1598 8.98671,
	3.1567 8.98671,
	3.1443 8.98129,
	3.13811 8.97974,
	3.12571 8.97432,
	3.11332 8.97044,
	3.06374 8.94178,
	3.05134 8.93248,
	3.04902 8.92939,
	3.04747 8.92784,
	3.04592 8.92784,
	3.0343 8.91544,
	3.02423 8.90305,
	3.01184 8.89375,
	3.00564 8.89065,
	2.98085 8.87051,
	2.97078 8.85812,
	2.96226 8.84572,
	2.95916 8.84262,
	2.95916 8.84108,
	2.94832 8.82868,
	2.94289 8.82248,
	2.9305 8.81396,
	2.9181 8.80699,
	2.89332 8.78608,
	2.87008 8.76206,
	2.84606 8.74115,
	2.83367 8.73262,
	2.83057 8.7303,
	2.82902 8.7272,
	2.81663 8.71946,
	2.81043 8.71558,
	2.79803 8.71016,
	2.79184 8.70706,
	2.78874 8.70474,
	2.77634 8.70009,
	2.77325 8.69699,
	2.76705 8.69544,
	2.7655 8.69389,
	2.7624 8.69389,
	2.76085 8.69234,
	2.75465 8.69002,
	2.75156 8.68769,
	2.73916 8.6846,
	2.72677 8.68305,
	2.71437 8.6846,
	2.70198 8.6846,
	2.67719 8.68692,
	2.66479 8.68537,
	2.6586 8.68537,
	2.6462 8.6815,
	2.64001 8.67762,
	2.62839 8.666,
	2.62451 8.65981,
	2.61909 8.65361,
	2.6036 8.62882,
	2.59198 8.60403,
	2.58733 8.59164,
	2.58578 8.58854,
	2.58578 8.57615,
	"/>
</Transform>

<Transform dim="0"
 xcoef=" 0 1 0 0 0 0"
 ycoef=" 0 0 1 0 0 0">
<Contour name="d07c10" hidden="true" closed="true" simplified="true" border="1 0 0" fill="0 1 0" mode="9"
 points="4.37406 7.48945,
	4.3936 7.46208,
	4.40924 7.46208,
	4.42096 7.47381,
	4.4366 7.53635,
	4.4366 7.59889,
	4.42487 7.61453,
	4.3936 7.62626,
	4.37796 7.61453,
	4.37406 7.49335,
	"/>
</Transform>

<Transform dim="0"
 xcoef=" 0 1 0 0 0 0"
 ycoef=" 0 0 1 0 0 0">
<Contour name="ddh_d07ax10" comment="traced by ddh" hidden="false" closed="true" simplified="true" border="1 0 0.5" fill="1 0 0.5" mode="11"
 points="4.40337 7.41635,
	4.40609 7.40184,
	4.41244 7.38733,
	4.42151 7.37372,
	4.43602 7.36556,
	4.44328 7.36193,
	4.44691 7.35921,
	4.46142 7.35377,
	4.46505 7.35377,
	4.46867 7.35195,
	4.47593 7.35105,
	4.49044 7.3447,
	4.4977 7.34107,
	4.50133 7.33835,
	4.51584 7.33291,
	4.53035 7.32384,
	4.55937 7.29844,
	4.57298 7.28393,
	4.59293 7.25491,
	4.60472 7.2404,
	4.61198 7.23405,
	4.6156 7.23133,
	4.61923 7.23042,
	4.62286 7.2277,
	4.62467 7.2277,
	4.6283 7.22498,
	4.65733 7.21863,
	4.68635 7.21953,
	4.71537 7.23133,
	4.72988 7.23405,
	4.7444 7.23495,
	4.77342 7.23223,
	4.80244 7.23405,
	4.8097 7.23767,
	4.81333 7.2404,
	4.81695 7.2413,
	4.83146 7.25309,
	4.84416 7.2667,
	4.84598 7.27033,
	4.84779 7.27214,
	4.84779 7.27395,
	4.85051 7.27758,
	4.85051 7.2794,
	4.85505 7.28665,
	4.85777 7.29391,
	4.85777 7.29572,
	4.86049 7.29935,
	4.86865 7.32837,
	4.875 7.35739,
	4.88316 7.38642,
	4.88407 7.39367,
	4.88407 7.3973,
	4.88588 7.40093,
	4.88588 7.40456,
	4.8877 7.40819,
	4.8886 7.41544,
	4.89858 7.44446,
	4.90312 7.45898,
	4.90674 7.46623,
	4.90856 7.47349,
	4.91219 7.47984,
	4.92035 7.50886,
	4.92216 7.52337,
	4.92126 7.55239,
	4.91672 7.56691,
	4.91309 7.57416,
	4.91219 7.57779,
	4.90221 7.5923,
	4.9004 7.59593,
	4.88588 7.60863,
	4.87863 7.61407,
	4.87137 7.6177,
	4.85686 7.62767,
	4.8496 7.63221,
	4.84598 7.63493,
	4.83781 7.64944,
	4.83146 7.66395,
	4.82874 7.67846,
	4.82784 7.70749,
	4.82874 7.722,
	4.82784 7.73651,
	4.82693 7.74377,
	4.82149 7.75828,
	4.80879 7.77188,
	4.79428 7.78005,
	4.76526 7.78821,
	4.70721 7.79365,
	4.6927 7.79637,
	4.68544 7.79909,
	4.68181 7.79909,
	4.6673 7.80363,
	4.63828 7.80816,
	4.58023 7.81088,
	4.57298 7.80816,
	4.55846 7.80635,
	4.54395 7.8,
	4.5367 7.79546,
	4.52219 7.79274,
	4.51493 7.79184,
	4.50042 7.78639,
	4.49679 7.78458,
	4.485 7.77007,
	4.48319 7.76644,
	4.48137 7.76463,
	4.47956 7.75737,
	4.47774 7.75374,
	4.47774 7.75012,
	4.47593 7.74649,
	4.47412 7.71746,
	4.47412 7.71021,
	4.46958 7.6957,
	4.46867 7.68844,
	4.46142 7.67393,
	4.44237 7.64491,
	4.42786 7.61588,
	4.42242 7.60137,
	4.41516 7.57235,
	4.41335 7.55784,
	4.41153 7.49979,
	4.40519 7.47077,
	4.40337 7.45626,
	4.40337 7.42723,
	4.40337 7.41998,
	4.40337 7.41726,
	"/>
</Transform>

<Transform dim="0"
 xcoef=" 0 1 0 0 0 0"
 ycoef=" 0 0 1 0 0 0">
<Contour name="ddh_d07ax09" comment="traced by ddh" hidden="false" closed="true" simplified="true" border="1 0 0.5" fill="1 0 0.5" mode="11"
 points="2.57607 5.90646,
	2.58538 5.88783,
	2.58655 5.88318,
	2.60983 5.84593,
	2.6238 5.8273,
	2.63078 5.81799,
	2.63311 5.81566,
	2.63311 5.81333,
	2.6401 5.80402,
	2.64475 5.78539,
	2.64592 5.76677,
	2.64475 5.74814,
	2.6366 5.71089,
	2.63427 5.69227,
	2.63311 5.68296,
	2.63544 5.66433,
	2.63777 5.65502,
	2.64126 5.65036,
	2.64126 5.64803,
	2.64475 5.64338,
	2.64475 5.64105,
	2.64824 5.63756,
	2.64824 5.63523,
	2.66687 5.62243,
	2.68549 5.61893,
	2.70412 5.61078,
	2.71343 5.60496,
	2.71809 5.60031,
	2.72042 5.59798,
	2.72507 5.59682,
	2.72624 5.59449,
	2.73089 5.59332,
	2.73555 5.58983,
	2.74486 5.5875,
	2.78211 5.58518,
	2.81936 5.58518,
	2.82867 5.58401,
	2.86592 5.5875,
	2.87524 5.58867,
	2.89386 5.59565,
	2.90317 5.59798,
	2.9055 5.59798,
	2.90783 5.60031,
	2.91016 5.60031,
	2.91947 5.60729,
	2.9218 5.60729,
	2.92645 5.61078,
	2.93111 5.61195,
	2.94974 5.62592,
	2.95905 5.63407,
	2.96603 5.64338,
	2.96953 5.65269,
	2.97185 5.67132,
	2.96953 5.68994,
	2.96836 5.6946,
	2.96836 5.69693,
	2.96603 5.69925,
	2.9637 5.71788,
	2.96487 5.7365,
	2.96836 5.74582,
	2.97418 5.75513,
	2.99164 5.77026,
	3.00095 5.77492,
	3.00561 5.77725,
	3.04286 5.78074,
	3.06149 5.77841,
	3.07895 5.77143,
	3.08826 5.76793,
	3.09292 5.76677,
	3.09524 5.76444,
	3.13249 5.75746,
	3.15112 5.74698,
	3.15578 5.74582,
	3.16043 5.74232,
	3.16509 5.74116,
	3.16974 5.73767,
	3.17906 5.73534,
	3.18022 5.73301,
	3.19885 5.72952,
	3.20816 5.72952,
	3.21281 5.72952,
	3.23144 5.7365,
	3.24075 5.74116,
	3.25006 5.74814,
	3.25821 5.75746,
	3.26403 5.76677,
	3.26985 5.78539,
	3.27218 5.79471,
	3.278 5.80402,
	3.2943 5.82264,
	3.30245 5.83196,
	3.3071 5.83428,
	3.34319 5.86804,
	3.36181 5.88318,
	3.38044 5.89482,
	3.39906 5.90296,
	3.40838 5.90646,
	3.427 5.91693,
	3.43631 5.92043,
	3.45494 5.9309,
	3.46425 5.93439,
	3.47356 5.94021,
	3.47822 5.94138,
	3.48753 5.9472,
	3.50616 5.95302,
	3.51081 5.95302,
	3.51314 5.95302,
	3.5178 5.95651,
	3.5923 5.96932,
	3.61092 5.97048,
	3.62024 5.97281,
	3.62256 5.97514,
	3.62722 5.9763,
	3.64585 5.9891,
	3.66447 5.99958,
	3.67378 6.00191,
	3.69241 6.01355,
	3.71103 6.0217,
	3.72966 6.02053,
	3.74828 6.01471,
	3.75294 6.01239,
	3.77156 6.01239,
	3.78088 6.01471,
	3.78553 6.01588,
	3.80067 6.03334,
	3.81231 6.05196,
	3.81929 6.06128,
	3.82046 6.06593,
	3.82628 6.07525,
	3.82977 6.08456,
	3.83093 6.10318,
	3.8286 6.1125,
	3.81813 6.13112,
	3.79368 6.16837,
	3.7867 6.17768,
	3.78437 6.18234,
	3.76574 6.1998,
	3.76109 6.20446,
	3.75643 6.20562,
	3.71918 6.23007,
	3.70987 6.23705,
	3.70521 6.24054,
	3.70288 6.24287,
	3.70288 6.2452,
	3.69357 6.25451,
	3.68077 6.27314,
	3.67146 6.28128,
	3.66214 6.28711,
	3.62489 6.29758,
	3.60627 6.30457,
	3.60394 6.30457,
	3.56669 6.32552,
	3.52944 6.3488,
	3.52013 6.35462,
	3.51081 6.35578,
	3.49219 6.36393,
	3.45494 6.36743,
	3.41769 6.36859,
	3.39906 6.36743,
	3.39441 6.36743,
	3.37578 6.35695,
	3.35716 6.34414,
	3.33853 6.33949,
	3.32922 6.33832,
	3.31991 6.33483,
	3.31176 6.32785,
	3.30594 6.31853,
	3.30128 6.24403,
	3.30012 6.22541,
	3.29779 6.2161,
	3.28731 6.19747,
	3.28499 6.18816,
	3.28382 6.1835,
	3.28033 6.17885,
	3.27451 6.16022,
	3.25705 6.14509,
	3.2489 6.13927,
	3.23959 6.13578,
	3.22096 6.12297,
	3.18371 6.10202,
	3.1744 6.09736,
	3.15578 6.09503,
	3.11853 6.09736,
	3.11387 6.09736,
	3.09524 6.10551,
	3.02074 6.109,
	3.00212 6.10784,
	2.96487 6.09736,
	2.92762 6.08456,
	2.90899 6.0799,
	2.89968 6.07641,
	2.89037 6.07525,
	2.85312 6.0636,
	2.83449 6.05546,
	2.81587 6.04964,
	2.79724 6.04614,
	2.72274 6.04149,
	2.70412 6.038,
	2.68549 6.02985,
	2.67618 6.02519,
	2.67385 6.02286,
	2.6692 6.0217,
	2.66454 6.01821,
	2.65988 6.01704,
	2.65057 6.01122,
	2.64126 6.00773,
	2.62263 5.99493,
	2.61332 5.99027,
	2.60401 5.98328,
	2.59004 5.96582,
	2.58073 5.9472,
	2.57724 5.93789,
	2.57607 5.91926,
	2.57607 5.90995,
	2.57607 5.90762,
	"/>
</Transform>

</Section>