<?xml version="1.0"?>
<!DOCTYPE Section SYSTEM "section.dtd">

<Section index="96" thickness="0.045" alignLocked="true">
<Transform dim="0"
 xcoef=" 0 1 0 0 0 0"
 ycoef=" 0 0 1 0 0 0">
<Contour name="D04" hidden="false" closed="true" simplified="true" border="1 0 0" fill="1 0 0" mode="11"
 points="2.72562 5.75304,
	2.72796 5.71388,
	2.73595 5.67544,
	2.74941 5.63857,
	2.76804 5.60406,
	2.79147 5.57267,
	2.81914 5.54508,
	2.85046 5.52191,
	2.88478 5.50364,
	2.92131 5.49069,
	2.95927 5.48332,
	2.99783 5.48172,
	3.03616 5.4859,
	3.0734 5.49578,
	3.10875 5.51115,
	3.14145 5.53166,
	3.17077 5.55686,
	3.19608 5.58622,
	3.21682 5.61909,
	3.23254 5.65475,
	3.2429 5.69243,
	3.24768 5.73129,
	3.24676 5.7705,
	3.24018 5.80921,
	3.22806 5.84654,
	3.21068 5.88172,
	3.18842 5.91396,
	3.16175 5.94256,
	3.13127 5.96689,
	3.09764 5.98642,
	3.06159 6.00073,
	3.02391 6.00951,
	2.98542 6.01257,
	2.94696 6.00983,
	2.90937 6.00135,
	2.87347 5.98733,
	2.84004 5.96807,
	2.80982 5.94399,
	2.78344 5.91561,
	2.76151 5.88355,
	2.7445 5.84853,
	2.73277 5.81127,
	"/>
<Contour name="D05" hidden="false" closed="true" simplified="true" border="1 1 0" fill="1 1 0" mode="11"
 points="2.13471 4.21643,
	2.1455 4.14358,
	2.17871 4.07733,
	2.2311 4.02415,
	2.29752 3.98926,
	2.37147 3.97608,
	2.44573 3.98587,
	2.51302 4.01771,
	2.56676 4.06846,
	2.60167 4.13315,
	2.61435 4.20546,
	2.60356 4.27831,
	2.57035 4.34455,
	2.51796 4.39773,
	2.45154 4.43262,
	2.37757 4.44581,
	2.30332 4.43601,
	2.23604 4.40418,
	2.1823 4.35343,
	"/>
<Contour name="d01" hidden="true" closed="true" simplified="true" border="1 0.5 0" fill="1 0.5 0" mode="9"
 points="4.38273 2.88525,
	4.38882 2.83046,
	4.43509 2.72691,
	4.4622 2.71946,
	4.51042 2.76618,
	4.54487 2.79955,
	4.54522 2.82688,
	4.49824 2.87578,
	4.47131 2.89689,
	4.41691 2.89814,
	4.38962 2.89192,
	"/>
<Contour name="d01" hidden="true" closed="true" simplified="true" border="1 0.5 0" fill="1 0.5 0" mode="9"
 points="6.01802 2.74735,
	6.0302 2.71325,
	6.05922 2.67878,
	6.07582 2.66148,
	6.10943 2.65649,
	6.14319 2.66417,
	6.15182 2.68088,
	6.12834 2.81668,
	6.10818 2.88478,
	6.08753 2.91484,
	6.05382 2.91139,
	6.03698 2.91177,
	6.02813 2.87815,
	6.03567 2.81035,
	6.03103 2.77664,
	6.02239 2.75993,
	6.01807 2.75157,
	"/>
<Contour name="d01c06" hidden="false" closed="true" simplified="true" border="0 1 0" fill="0 1 0" mode="9"
 points="6.09523 2.85971,
	6.1061 2.7242,
	6.11009 2.7072,
	6.14336 2.67685,
	6.15177 2.67666,
	6.18166 2.70979,
	6.18631 2.7435,
	6.19073 2.76031,
	6.17899 2.82821,
	6.17079 2.8453,
	6.17101 2.8622,
	6.16282 2.87931,
	6.14621 2.89659,
	6.1125 2.89313,
	6.09971 2.88075,
	6.09528 2.86393,
	"/>
<Contour name="d01cfa06" hidden="false" closed="false" simplified="false" border="0 1 1" fill="0 1 1" mode="9"
 points="6.15791 2.68438,
	6.15791 2.68438,
	6.14961 2.69302,
	6.14966 2.69725,
	6.15414 2.71829,
	6.15436 2.73519,
	6.13808 2.77784,
	6.12169 2.81202,
	6.11416 2.87983,
	"/>
<Contour name="d01cfa07ax02" hidden="false" closed="false" simplified="false" border="0 1 1" fill="0 1 1" mode="9"
 points="4.43707 2.71528,
	4.43307 2.73228,
	4.41641 2.74535,
	4.40019 2.79221,
	4.38014 2.86876,
	"/>
<Contour name="d01" hidden="true" closed="true" simplified="true" border="1 0.5 0" fill="1 0.5 0" mode="9"
 points="6.0785 3.25898,
	6.16288 3.20363,
	6.184 3.19246,
	6.19457 3.18688,
	6.23732 3.20193,
	6.31279 3.28033,
	6.35574 3.3114,
	6.36665 3.33252,
	6.4094 3.34757,
	6.44696 3.37342,
	6.47465 3.45826,
	6.49116 3.50062,
	6.40685 3.56131,
	6.38572 3.57247,
	6.36501 3.61568,
	6.35494 3.65865,
	6.34989 3.68013,
	6.30771 3.70781,
	6.29714 3.71339,
	6.25426 3.68766,
	6.23299 3.68815,
	6.22236 3.68839,
	6.17934 3.65198,
	6.1522 3.60987,
	6.1357 3.56751,
	6.12982 3.52491,
	6.12954 3.50355,
	6.0859 3.41907,
	6.08479 3.33363,
	6.07892 3.29103,
	6.07864 3.26966,
	6.07857 3.26432,
	"/>
<Contour name="d03" hidden="false" closed="true" simplified="true" border="0 1 0" fill="0 1 0" mode="9"
 points="2.19724 2.43536,
	2.22184 2.41291,
	2.22801 2.40808,
	2.23107 2.40489,
	2.28099 2.41312,
	2.30595 2.41724,
	2.31841 2.41852,
	2.36849 2.43927,
	2.39353 2.44963,
	2.41864 2.46625,
	2.44229 2.48916,
	2.45178 2.50145,
	2.45653 2.50759,
	2.45874 2.55757,
	2.45882 2.56382,
	2.45886 2.56695,
	2.43415 2.58158,
	2.4218 2.58968,
	2.40942 2.59465,
	2.35955 2.58954,
	2.34704 2.58514,
	2.29682 2.55346,
	2.27172 2.5384,
	2.25918 2.53087,
	2.20876 2.48356,
	2.20245 2.47745,
	2.19901 2.45252,
	2.1973 2.44005,
	2.19726 2.43692,
	"/>
<Contour name="d03" hidden="false" closed="true" simplified="true" border="0 1 0" fill="0 1 0" mode="9"
 points="2.48022 2.49779,
	2.48347 2.46856,
	2.4869 2.45391,
	2.5443 2.40523,
	2.60203 2.38206,
	2.61645 2.37444,
	2.62083 2.43263,
	2.61433 2.49107,
	2.62229 2.54553,
	2.65154 2.56308,
	2.70979 2.57996,
	2.76785 2.58228,
	2.79686 2.58162,
	2.81146 2.58857,
	2.82596 2.58823,
	2.88468 2.64154,
	2.91808 2.69906,
	2.93697 2.75692,
	2.94078 2.77141,
	2.92302 2.80096,
	2.91233 2.81577,
	2.85423 2.80982,
	2.83972 2.81015,
	2.81411 2.79252,
	2.78434 2.73491,
	2.76946 2.70611,
	2.74021 2.68856,
	2.72557 2.67797,
	2.66737 2.66473,
	2.63821 2.65447,
	2.62367 2.65115,
	2.5065 2.5664,
	2.49548 2.55572,
	2.48423 2.52683,
	2.48026 2.50142,
	"/>
<Contour name="d06" hidden="true" closed="true" simplified="true" border="0 0 1" fill="0 0 1" mode="11"
 points="2.1484 8.18201,
	2.17036 8.15915,
	2.18961 8.14195,
	2.20058 8.13052,
	2.21424 8.11064,
	2.2582 8.06772,
	2.27737 8.04493,
	2.29384 8.02779,
	2.2993 8.01928,
	2.31031 8.01065,
	2.35477 8.00684,
	2.3659 8.00658,
	2.37435 8.01477,
	2.37551 8.10417,
	2.37609 8.14885,
	2.38502 8.19336,
	2.38509 8.19894,
	2.39631 8.20707,
	2.42749 8.25107,
	2.43891 8.27317,
	2.44462 8.28421,
	2.44469 8.2898,
	2.45032 8.29526,
	2.45148 8.38464,
	2.44328 8.39601,
	2.421 8.39372,
	2.3986 8.38307,
	2.35648 8.35328,
	2.31426 8.31513,
	2.29187 8.30447,
	2.28063 8.29634,
	2.26948 8.29381,
	2.24697 8.27476,
	2.23573 8.26663,
	2.21338 8.25876,
	2.19365 8.23965,
	2.18239 8.22873,
	2.15996 8.21527,
	2.15147 8.20429,
	2.14844 8.1848,
	"/>
<Contour name="d06" hidden="true" closed="true" simplified="true" border="0 0 1" fill="0 0 1" mode="11"
 points="2.40335 7.46364,
	2.44392 7.37329,
	2.46002 7.32822,
	2.48447 7.28295,
	2.51459 7.24593,
	2.53907 7.20345,
	2.57472 7.16352,
	2.58566 7.1493,
	2.59899 7.10429,
	2.59841 7.05959,
	2.59827 7.04841,
	2.61191 7.02854,
	2.63417 7.02803,
	2.64536 7.03337,
	2.65385 7.04435,
	2.66248 7.06651,
	2.66819 7.07755,
	2.71042 7.11571,
	2.72457 7.13495,
	2.76911 7.13672,
	2.79136 7.13621,
	2.81368 7.14129,
	2.85821 7.14306,
	2.86378 7.14293,
	2.87501 7.15106,
	2.8973 7.15335,
	2.90842 7.15309,
	2.91969 7.16402,
	2.94208 7.17467,
	2.96441 7.17976,
	2.98409 7.19607,
	3.00638 7.19835,
	3.05062 7.17779,
	3.06171 7.17474,
	3.10302 7.14306,
	3.14734 7.12807,
	3.19173 7.11867,
	3.36969 7.11181,
	3.41379 7.08006,
	3.45803 7.05948,
	3.50249 7.05568,
	3.5247 7.05237,
	3.54685 7.04349,
	3.55241 7.04336,
	3.59654 7.0144,
	3.6323 6.98285,
	3.64317 6.96304,
	3.65136 6.95168,
	3.65963 6.9459,
	3.66506 6.9346,
	3.70345 6.89181,
	3.73349 6.8492,
	3.73342 6.84362,
	3.74982 6.82089,
	3.75524 6.80959,
	3.76629 6.80375,
	3.81082 6.80552,
	3.83311 6.80781,
	3.85532 6.8045,
	3.87746 6.79561,
	3.92192 6.79181,
	3.93305 6.79155,
	3.93864 6.79421,
	3.93367 6.83904,
	3.93117 6.86145,
	3.92033 6.88406,
	3.91492 6.89536,
	3.91243 6.91777,
	3.91257 6.92894,
	3.89925 6.97395,
	3.89384 6.98525,
	3.88285 6.99669,
	3.87198 7.01649,
	3.86935 7.02773,
	3.87227 7.03884,
	3.89478 7.05788,
	3.91717 7.06855,
	4.0952 7.06727,
	4.1397 7.06626,
	4.16194 7.06575,
	4.2063 7.05355,
	4.25076 7.04974,
	4.26188 7.04948,
	4.28399 7.03781,
	4.3252 6.99774,
	4.34442 6.97775,
	4.38887 6.97393,
	4.41113 6.97342,
	4.41669 6.9733,
	4.42796 6.98422,
	4.43366 6.99526,
	4.43146 7.04002,
	4.4316 7.0512,
	4.42341 7.06256,
	4.41792 7.06828,
	4.41236 7.0684,
	4.39314 7.0884,
	4.38494 7.09976,
	4.37946 7.10548,
	4.37953 7.11107,
	4.3384 7.15672,
	4.32741 7.16814,
	4.32184 7.16827,
	4.28624 7.211,
	4.26984 7.23373,
	4.25338 7.25087,
	4.23698 7.2736,
	4.22051 7.29074,
	4.20949 7.29938,
	4.19588 7.32205,
	4.17388 7.3421,
	4.16287 7.35074,
	3.98491 7.35761,
	3.89591 7.35964,
	3.85138 7.35786,
	3.82902 7.34999,
	3.78419 7.32587,
	3.7618 7.31521,
	3.67266 7.30607,
	3.6615 7.30353,
	3.61668 7.2794,
	3.59432 7.27153,
	3.58312 7.2662,
	3.572 7.26646,
	3.56077 7.25833,
	3.47177 7.26037,
	3.4273 7.26417,
	3.40513 7.27027,
	3.36652 7.2963,
	3.32809 7.3363,
	3.31437 7.35059,
	3.3088 7.35072,
	3.29783 7.36214,
	3.25351 7.37713,
	3.23141 7.38881,
	3.18709 7.4038,
	3.176 7.40684,
	3.13468 7.43853,
	3.11262 7.453,
	3.10719 7.4643,
	3.0852 7.48437,
	3.06877 7.5043,
	3.0246 7.53046,
	2.98024 7.54265,
	2.96923 7.55129,
	2.92495 7.56906,
	2.91393 7.5777,
	2.90285 7.58075,
	2.89735 7.58646,
	2.88627 7.58951,
	2.84492 7.61839,
	2.8339 7.62703,
	2.78958 7.64202,
	2.76744 7.65091,
	2.75635 7.65395,
	2.75087 7.65967,
	2.72865 7.66297,
	2.71757 7.66602,
	2.7064 7.66347,
	2.68394 7.64722,
	2.6727 7.6391,
	2.66714 7.63922,
	2.62221 7.60672,
	2.53266 7.56686,
	2.48799 7.55391,
	2.44349 7.55493,
	2.42121 7.55264,
	2.40426 7.53347,
	2.40368 7.48878,
	2.40339 7.46642,
	"/>
<Contour name="d06" hidden="true" closed="true" simplified="true" border="0 0 1" fill="0 0 1" mode="11"
 points="2.1537 6.6618,
	2.16189 6.65043,
	2.16452 6.63919,
	2.18092 6.61646,
	2.19176 6.59386,
	2.21094 6.57107,
	2.21642 6.56535,
	2.23868 6.56485,
	2.25836 6.58116,
	2.28069 6.58624,
	2.32518 6.58522,
	2.33634 6.58776,
	2.3588 6.60401,
	2.36275 6.69333,
	2.36304 6.71569,
	2.34972 6.7607,
	2.34722 6.78311,
	2.33917 6.80565,
	2.30071 6.84285,
	2.27864 6.85733,
	2.25643 6.86063,
	2.23415 6.85834,
	2.22295 6.85302,
	2.2004 6.83118,
	2.17794 6.81493,
	2.16096 6.79296,
	2.15424 6.7037,
	2.15395 6.68134,
	2.15381 6.67018,
	2.15373 6.66458,
	"/>
<Contour name="d06" hidden="true" closed="true" simplified="true" border="0 0 1" fill="0 0 1" mode="11"
 points="3.07123 8.12179,
	3.08206 8.09918,
	3.10417 8.0875,
	3.11521 8.08165,
	3.20421 8.07962,
	3.24875 8.0814,
	3.26847 8.10051,
	3.27418 8.11155,
	3.27256 8.20101,
	3.26714 8.2123,
	3.24514 8.23237,
	3.22297 8.23847,
	3.17847 8.23949,
	3.15622 8.24,
	3.13379 8.22653,
	3.12256 8.21841,
	3.11699 8.21853,
	3.08311 8.18019,
	3.07462 8.16921,
	3.07127 8.12457,
	"/>
<Contour name="d06p11" hidden="false" closed="true" simplified="false" border="1 0.5 0" fill="1 0.5 0" mode="13"
 points="2.63106 7.13184,
	2.63095 7.12303,
	2.63961 7.11402,
	2.64837 7.11382,
	2.65726 7.12243,
	2.65737 7.13124,
	2.64871 7.14024,
	2.63995 7.14044,
	"/>
<Contour name="d06c10" hidden="true" closed="true" simplified="true" border="0 1 0" fill="0 1 0" mode="11"
 points="3.84309 6.97527,
	3.87447 6.90984,
	3.88633 6.89339,
	3.91849 6.88861,
	3.93459 6.88824,
	3.93946 6.95285,
	3.9437 6.96893,
	3.95598 6.98484,
	3.96414 6.99273,
	4.22181 6.98684,
	4.28623 6.98536,
	4.30233 6.985,
	4.31039 6.98481,
	4.31854 6.99272,
	4.31535 7.05752,
	4.28754 7.08647,
	4.22328 7.10007,
	3.96561 7.10596,
	3.90119 7.10744,
	3.8851 7.10781,
	3.85267 7.09236,
	3.84441 7.07638,
	3.84357 7.01167,
	3.84315 6.97932,
	"/>
<Contour name="d06cfa10" hidden="true" closed="false" simplified="false" border="0 1 1" fill="0 1 1" mode="11"
 points="4.31606 7.02769,
	4.2599 7.04515,
	4.17938 7.04699,
	4.09483 7.04892,
	4.03037 7.04636,
	3.96997 7.04774,
	3.91351 7.04094,
	3.90079 6.99269,
	3.90042 6.96438,
	3.90398 6.92789,
	3.91151 6.88727,
	"/>
<Contour name="d07" hidden="true" closed="true" simplified="true" border="1 0 1" fill="1 0 1" mode="9"
 points="3.14868 6.54337,
	3.16572 6.50783,
	3.19594 6.47636,
	3.26554 6.44401,
	3.33524 6.42044,
	3.35268 6.41564,
	3.3874 6.39288,
	3.45704 6.36492,
	3.47442 6.35572,
	3.50937 6.35053,
	3.57907 6.32696,
	3.59663 6.33095,
	3.60537 6.33075,
	3.62311 6.34793,
	3.63196 6.35651,
	3.63242 6.39167,
	3.61147 6.46247,
	3.60732 6.48014,
	3.58152 6.5159,
	3.5642 6.52948,
	3.49427 6.53547,
	3.45898 6.51431,
	3.44126 6.49712,
	3.37127 6.49872,
	3.33639 6.50832,
	3.31485 6.53518,
	3.29781 6.57073,
	3.28952 6.60608,
	3.27248 6.64163,
	3.25516 6.65522,
	3.22016 6.65602,
	3.2026 6.65203,
	3.18487 6.63484,
	3.18027 6.61737,
	3.14925 6.58732,
	3.1488 6.55216,
	3.14874 6.54777,
	"/>
<Contour name="d07" hidden="true" closed="true" simplified="true" border="1 0 1" fill="1 0 1" mode="9"
 points="2.80456 8.34888,
	2.83933 8.3305,
	2.87426 8.32531,
	2.89177 8.32491,
	2.9613 8.28815,
	2.99613 8.27417,
	3.03112 8.27337,
	3.06623 8.28136,
	3.08396 8.29853,
	3.09277 8.30273,
	3.08885 8.33798,
	3.06738 8.36923,
	2.99744 8.37524,
	2.96244 8.37604,
	2.94495 8.37644,
	2.9362 8.37664,
	2.92756 8.38562,
	2.91012 8.39042,
	2.8928 8.404,
	2.85785 8.40919,
	2.84036 8.40959,
	2.82275 8.4012,
	2.8094 8.38393,
	2.80462 8.35327,
	"/>
<Contour name="d07" hidden="true" closed="true" simplified="true" border="1 0 1" fill="1 0 1" mode="9"
 points="3.61721 7.57871,
	3.63011 7.56084,
	3.66488 7.54247,
	3.6822 7.52888,
	3.69071 7.51111,
	3.69049 7.49353,
	3.69037 7.48475,
	3.66805 7.45009,
	3.66322 7.41504,
	3.67588 7.37959,
	3.70173 7.34823,
	3.71912 7.33905,
	3.78911 7.33745,
	3.82422 7.34543,
	3.9642 7.34223,
	4.03425 7.34503,
	4.10453 7.36539,
	4.10902 7.37408,
	4.1794 7.40323,
	4.21452 7.41122,
	4.24951 7.41042,
	4.32002 7.44837,
	4.35524 7.46514,
	4.36411 7.47373,
	4.39922 7.48172,
	4.41671 7.48132,
	4.45217 7.51567,
	4.46552 7.53294,
	4.46644 7.60325,
	4.45791 7.62102,
	4.45814 7.63859,
	4.45825 7.64738,
	4.42354 7.67016,
	4.4061 7.67495,
	4.38878 7.68853,
	4.37127 7.68893,
	4.35832 7.70241,
	4.34958 7.70261,
	4.34531 7.7115,
	4.33657 7.7117,
	4.30185 7.73447,
	4.28442 7.73927,
	4.27578 7.74825,
	4.13597 7.76463,
	4.11847 7.76503,
	4.10114 7.77862,
	4.06631 7.7926,
	4.03598 7.81527,
	4.01854 7.82006,
	3.98383 7.84283,
	3.949 7.85682,
	3.9143 7.87958,
	3.85829 7.94679,
	3.83295 8.0177,
	3.82006 8.03557,
	3.81313 8.17637,
	3.74343 8.19995,
	3.70848 8.20514,
	3.69099 8.20554,
	3.68224 8.20574,
	3.65116 8.17129,
	3.62837 8.10148,
	3.62746 8.03118,
	3.63138 7.99594,
	3.66155 7.96008,
	3.73085 7.90576,
	3.74817 7.89217,
	3.78226 7.82107,
	3.78617 7.78582,
	3.76391 7.75556,
	3.72868 7.73879,
	3.71113 7.73479,
	3.67567 7.70045,
	3.64034 7.67488,
	3.62261 7.6577,
	3.61732 7.5875,
	3.61727 7.58311,
	"/>
<Contour name="d08" hidden="false" closed="true" simplified="true" border="1 0 0" fill="1 0 0" mode="9"
 points="4.42024 3.15947,
	4.44628 3.12338,
	4.51619 3.06409,
	4.53368 3.05039,
	4.60428 3.04433,
	4.62196 3.04393,
	4.6309 3.0526,
	4.63113 3.07034,
	4.65361 3.10089,
	4.66256 3.10956,
	4.73323 3.10794,
	4.74206 3.10774,
	4.75996 3.12508,
	4.7646 3.14272,
	4.80039 3.1774,
	4.83601 3.19877,
	4.87175 3.22902,
	4.94298 3.27176,
	4.9743 3.3021,
	5.00986 3.31904,
	5.04519 3.31824,
	5.11544 3.28557,
	5.15055 3.26701,
	5.22092 3.24322,
	5.36225 3.23998,
	5.43296 3.24281,
	5.44191 3.25148,
	5.44678 3.28686,
	5.48247 3.31267,
	5.50031 3.32558,
	5.53564 3.32477,
	5.54447 3.32457,
	5.55794 3.34201,
	5.55817 3.35975,
	5.55829 3.36862,
	5.52342 3.40491,
	5.52353 3.41379,
	5.4975 3.44988,
	5.48029 3.48577,
	5.47611 3.50361,
	5.45007 3.53971,
	5.44129 3.54434,
	5.44141 3.55322,
	5.42392 3.56693,
	5.3536 3.59516,
	5.28375 3.65888,
	5.27979 3.69447,
	5.28467 3.72985,
	5.28932 3.7475,
	5.31186 3.78248,
	5.3165 3.80012,
	5.03392 3.81102,
	4.96343 3.82595,
	4.95041 3.84399,
	4.94169 3.85307,
	4.93286 3.85327,
	4.89788 3.88069,
	4.8848 3.89431,
	4.84958 3.90399,
	4.81408 3.89148,
	4.78282 3.86557,
	4.71571 3.80055,
	4.70223 3.78311,
	4.69329 3.77444,
	4.6884 3.73905,
	4.6926 3.72121,
	4.71438 3.69852,
	4.71415 3.68078,
	4.69603 3.6457,
	4.69139 3.62806,
	4.6463 3.55809,
	4.63259 3.5229,
	4.63075 3.38096,
	4.62587 3.34557,
	4.60333 3.31058,
	4.56771 3.28922,
	4.53227 3.28115,
	4.5146 3.28156,
	4.44307 3.21663,
	4.42517 3.1993,
	4.4203 3.16391,
	"/>
<Contour name="d08cfa17ax27" hidden="false" closed="false" simplified="false" border="0 1 1" fill="0 1 1" mode="9"
 points="3.59008 3.42428,
	3.63018 3.35474,
	3.67749 3.31591,
	"/>
<Contour name="d08cfa17ax27" hidden="false" closed="false" simplified="false" border="0 1 1" fill="0 1 1" mode="9"
 points="3.58177 3.83621,
	3.53338 3.79271,
	3.52228 3.72777,
	3.52139 3.65918,
	3.52064 3.60085,
	3.55723 3.52453,
	3.57696 3.46575,
	"/>
<Contour name="D05" hidden="false" closed="true" simplified="true" border="1 1 0" fill="1 1 0" mode="11"
 points="2.21076 4.18432,
	2.21301 4.15474,
	2.22049 4.12578,
	2.233 4.09818,
	2.25023 4.07264,
	2.27173 4.0498,
	2.29698 4.03023,
	2.32533 4.01443,
	2.35606 4.0028,
	2.3884 3.99563,
	2.42154 3.99311,
	2.45463 3.99529,
	2.48685 4.00212,
	2.51736 4.01344,
	2.54541 4.02895,
	2.5703 4.04826,
	2.59139 4.07089,
	2.60814 4.09626,
	2.62014 4.12373,
	2.62707 4.15261,
	2.62877 4.18217,
	2.6252 4.21167,
	2.61645 4.24035,
	2.60273 4.26751,
	2.58439 4.29243,
	2.56189 4.31451,
	2.5358 4.33318,
	2.50679 4.34797,
	2.47558 4.3585,
	2.44296 4.36452,
	2.40976 4.36587,
	2.3768 4.36252,
	2.34494 4.35454,
	2.31497 4.34215,
	2.28765 4.32565,
	2.26365 4.30545,
	2.2436 4.28209,
	2.228 4.25613,
	2.21725 4.22824,
	"/>
<Contour name="D05" hidden="false" closed="true" simplified="true" border="1 1 0" fill="1 1 0" mode="11"
 points="4.2726 4.10413,
	4.27536 4.08729,
	4.28384 4.07196,
	4.2972 4.05966,
	4.31412 4.05156,
	4.33296 4.04847,
	4.35187 4.05069,
	4.36899 4.05801,
	4.38265 4.0697,
	4.39153 4.08463,
	4.39473 4.10133,
	4.39196 4.11817,
	4.38348 4.1335,
	4.37013 4.14582,
	4.35321 4.1539,
	4.33437 4.15699,
	4.31546 4.15477,
	4.29834 4.14746,
	4.28467 4.13576,
	"/>
<Contour name="D05" hidden="false" closed="true" simplified="true" border="1 1 0" fill="1 1 0" mode="11"
 points="2.87983 5.04692,
	2.88317 5.03007,
	2.89331 5.0147,
	2.90927 5.00234,
	2.92946 4.99416,
	2.95193 4.99099,
	2.97447 4.99313,
	2.99486 5.00038,
	3.01114 5.01201,
	3.02167 5.0269,
	3.02545 5.04359,
	3.02211 5.06044,
	3.01196 5.0758,
	2.996 5.08817,
	2.97581 5.09634,
	2.95334 5.09951,
	2.9308 5.09737,
	2.91041 5.09013,
	2.89414 5.0785,
	"/>
<Contour name="D11" hidden="false" closed="true" simplified="true" border="1 0.5 0" fill="1 0.5 0" mode="11"
 points="5.0158 4.19344,
	5.02064 4.16305,
	5.03562 4.13441,
	5.05979 4.1094,
	5.09154 4.08963,
	5.1288 4.07642,
	5.16914 4.07063,
	5.20991 4.07262,
	5.24845 4.08229,
	5.28225 4.09899,
	5.30908 4.12161,
	5.32719 4.14871,
	5.3354 4.17848,
	5.33317 4.20899,
	5.32066 4.23826,
	5.29866 4.26434,
	5.26863 4.28555,
	5.23254 4.3005,
	5.19273 4.3082,
	5.15181 4.30816,
	5.11246 4.30037,
	5.07726 4.28536,
	5.0485 4.26408,
	5.02807 4.23795,
	"/>
<Contour name="D13" hidden="false" closed="true" simplified="true" border="1 0 0.5" fill="1 0 0.5" mode="11"
 points="5.45172 4.51963,
	5.45401 4.50377,
	5.46106 4.48935,
	5.47217 4.47778,
	5.48627 4.47019,
	5.50198 4.46733,
	5.51774 4.46947,
	5.53203 4.47641,
	5.54344 4.48747,
	5.55086 4.50156,
	5.55356 4.5173,
	5.55127 4.53317,
	5.54422 4.54759,
	5.53311 4.55916,
	5.519 4.56674,
	5.50331 4.56961,
	5.48753 4.56746,
	5.47325 4.56053,
	5.46184 4.54947,
	"/>
<Contour name="D13" hidden="false" closed="true" simplified="true" border="1 0 0.5" fill="1 0 0.5" mode="11"
 points="5.70192 4.36288,
	5.70414 4.35154,
	5.7109 4.34119,
	5.72152 4.33287,
	5.73497 4.32738,
	5.74993 4.32524,
	5.76494 4.32669,
	5.77852 4.33157,
	5.78935 4.3394,
	5.79638 4.34943,
	5.79889 4.36066,
	5.79667 4.372,
	5.78991 4.38234,
	5.77928 4.39067,
	5.76584 4.39617,
	5.75088 4.3983,
	5.73587 4.39686,
	5.72229 4.39197,
	5.71146 4.38414,
	"/>
<Contour name="D14" hidden="false" closed="true" simplified="true" border="1 0 0" fill="1 0 0" mode="11"
 points="5.26844 5.71989,
	5.26985 5.70029,
	5.27445 5.68253,
	5.28177 5.66835,
	5.29111 5.65914,
	5.30156 5.6558,
	5.31209 5.65866,
	5.32168 5.66744,
	5.32936 5.68128,
	5.33441 5.69881,
	5.33634 5.71834,
	5.33492 5.73795,
	5.33033 5.75571,
	5.32301 5.76988,
	5.31365 5.7791,
	5.30321 5.78244,
	5.29268 5.77958,
	5.2831 5.7708,
	5.27541 5.75696,
	"/>
<Contour name="D15" hidden="false" closed="true" simplified="true" border="1 1 0" fill="1 1 0" mode="11"
 points="5.82642 6.10663,
	5.82951 6.06226,
	5.83974 6.0203,
	5.85653 5.98318,
	5.8789 5.95307,
	5.90554 5.93173,
	5.93491 5.92037,
	5.96531 5.91968,
	5.99496 5.92968,
	6.02213 5.9498,
	6.04527 5.97887,
	6.06301 6.01519,
	6.07433 6.05666,
	6.07857 6.10087,
	6.07548 6.14525,
	6.06525 6.18722,
	6.04846 6.22433,
	6.02609 6.25443,
	5.99945 6.27579,
	5.97008 6.28714,
	5.93968 6.28783,
	5.91003 6.27783,
	5.88286 6.25771,
	5.85972 6.22865,
	5.84198 6.19232,
	5.83066 6.15085,
	"/>
<Contour name="D13" hidden="false" closed="true" simplified="true" border="1 0 0.5" fill="1 0 0.5" mode="11"
 points="5.92793 3.7345,
	5.92976 3.72452,
	5.93532 3.71543,
	5.94408 3.70811,
	5.95518 3.70329,
	5.96753 3.70144,
	5.97991 3.70273,
	5.99113 3.70703,
	6.00007 3.71395,
	6.00588 3.72278,
	6.00796 3.73267,
	6.00614 3.74266,
	6.00056 3.75175,
	5.9918 3.75906,
	5.98071 3.76389,
	5.96836 3.76574,
	5.95598 3.76445,
	5.94476 3.76014,
	5.93581 3.75323,
	"/>
<Contour name="D16" hidden="false" closed="true" simplified="true" border="0 0 1" fill="0 0 1" mode="11"
 points="2.41939 2.64679,
	2.42089 2.63371,
	2.42556 2.62183,
	2.43297 2.61232,
	2.44237 2.60611,
	2.45285 2.60381,
	2.46339 2.60563,
	2.47296 2.61141,
	2.4806 2.62057,
	2.48559 2.63223,
	2.48741 2.64523,
	2.48593 2.65831,
	2.48125 2.67019,
	2.47384 2.67969,
	2.46443 2.68591,
	2.45395 2.68821,
	2.44341 2.68639,
	2.43385 2.68061,
	2.42621 2.67145,
	"/>
<Contour name="D16" hidden="false" closed="true" simplified="true" border="0 0 1" fill="0 0 1" mode="11"
 points="2.11607 2.09889,
	2.12055 2.07386,
	2.1343 2.05054,
	2.15625 2.03075,
	2.18468 2.01602,
	2.21742 2.00749,
	2.25192 2.00582,
	2.2855 2.01115,
	2.31556 2.02304,
	2.33979 2.04061,
	2.35629 2.06246,
	2.36378 2.08692,
	2.3617 2.11208,
	2.3502 2.13601,
	2.33017 2.15683,
	2.30316 2.17295,
	2.27127 2.18312,
	2.23696 2.18653,
	2.20291 2.18294,
	2.17172 2.17262,
	2.14585 2.15636,
	2.12728 2.13543,
	"/>
<Contour name="D19" hidden="false" closed="true" simplified="true" border="0 1 0" fill="0 1 0" mode="11"
 points="2.24954 5.65479,
	2.25079 5.64678,
	2.2546 5.63949,
	2.26062 5.63365,
	2.26824 5.62981,
	2.27674 5.62835,
	2.28527 5.62942,
	2.29299 5.63291,
	2.29915 5.63848,
	2.30316 5.64558,
	2.30461 5.65353,
	2.30337 5.66153,
	2.29955 5.66882,
	2.29354 5.67467,
	2.28591 5.67852,
	2.27741 5.67997,
	2.26888 5.67891,
	2.26116 5.67541,
	2.255 5.66984,
	"/>
<Contour name="D14" hidden="false" closed="true" simplified="true" border="1 0 0" fill="1 0 0" mode="11"
 points="5.99644 5.74615,
	5.99856 5.73698,
	6.00497 5.72861,
	6.01505 5.72185,
	6.02779 5.71737,
	6.04194 5.7156,
	6.05614 5.71672,
	6.06899 5.72062,
	6.07922 5.72691,
	6.08586 5.73498,
	6.08822 5.74405,
	6.0861 5.75321,
	6.07968 5.76159,
	6.06961 5.76835,
	6.05687 5.77283,
	6.04271 5.7746,
	6.02852 5.77348,
	6.01567 5.76958,
	6.00542 5.76329,
	"/>
<Contour name="d06p10" hidden="false" closed="true" simplified="false" border="0 1 1" fill="0 1 1" mode="-13"
 points="3.13736 7.31074,
	3.14713 7.30057,
	3.10699 7.26167,
	3.11676 7.2515,
	3.15691 7.29039,
	3.16668 7.28022,
	3.16707 7.31006,
	"/>
<Contour name="d07p16" hidden="false" closed="true" simplified="false" border="0 0 1" fill="0 0 1" mode="-13"
 points="3.87712 7.81138,
	3.85956 7.79437,
	3.87667 7.77656,
	3.89423 7.79358,
	"/>
<Contour name="d08p12" hidden="false" closed="true" simplified="false" border="0.5 0 1" fill="0.5 0 1" mode="9"
 points="4.75753 3.29752,
	4.75114 3.29553,
	4.75748 3.29325,
	4.75314 3.28696,
	4.75957 3.29108,
	4.76161 3.28463,
	4.76381 3.29098,
	4.77012 3.28657,
	4.76596 3.29306,
	4.77235 3.29505,
	4.76602 3.29733,
	4.77034 3.30363,
	4.76392 3.2995,
	4.76188 3.30594,
	4.75968 3.2996,
	4.75336 3.30401,
	"/>
</Transform>

<Transform dim="0"
 xcoef=" 0 1 0 0 0 0"
 ycoef=" 0 0 1 0 0 0">
<Contour name="d03" hidden="false" closed="true" simplified="true" border="0 1 0" fill="0 1 0" mode="9"
 points="2.91571 3.23231,
	2.91805 3.21128,
	2.92053 3.20073,
	2.94117 3.1819,
	2.97326 3.1392,
	2.98735 3.11789,
	2.99504 3.10722,
	3.03637 3.07218,
	3.05707 3.05727,
	3.09861 3.03928,
	3.10901 3.0351,
	3.11285 3.02977,
	3.12928 2.98743,
	3.13306 2.97684,
	3.14454 2.9556,
	3.22746 2.90649,
	3.26891 2.88062,
	3.31039 2.85738,
	3.33113 2.8451,
	3.37267 2.8271,
	3.39346 2.81876,
	3.39866 2.81732,
	3.44004 2.78622,
	3.4504 2.77942,
	3.49164 2.73782,
	3.53312 2.71458,
	3.57486 2.711,
	3.59573 2.70921,
	3.63753 2.71088,
	3.64799 2.71195,
	3.65323 2.71314,
	3.69541 2.74366,
	3.77221 2.82584,
	3.78148 2.83611,
	3.82334 2.84171,
	3.84189 2.86228,
	3.85026 2.90405,
	3.85039 2.91454,
	3.85177 2.91976,
	3.85053 2.92503,
	3.83382 2.94508,
	3.79376 2.97748,
	3.77081 3.01996,
	3.76442 3.03061,
	3.75583 3.07277,
	3.75335 3.08332,
	3.75521 3.12525,
	3.75534 3.13573,
	3.67221 3.16912,
	3.66182 3.17329,
	3.62044 3.20439,
	3.53759 3.26006,
	3.49596 3.2715,
	3.48555 3.27437,
	3.44405 3.29631,
	3.43367 3.30179,
	3.42327 3.30464,
	3.38109 3.27413,
	3.35995 3.25494,
	3.34938 3.2447,
	3.34408 3.23957,
	3.30223 3.23397,
	3.2812 3.22395,
	3.2707 3.21895,
	3.26671 3.2138,
	3.25572 3.17208,
	3.25023 3.15122,
	3.23402 3.10962,
	3.22592 3.08883,
	3.22055 3.07845,
	3.17974 3.05185,
	3.17448 3.04935,
	3.1536 3.04982,
	3.14315 3.05006,
	3.11759 3.09261,
	3.11374 3.09795,
	3.10385 3.14014,
	3.10137 3.15069,
	3.07711 3.19322,
	3.03715 3.23348,
	3.02685 3.2442,
	3.00615 3.2591,
	2.9958 3.2659,
	2.97499 3.27293,
	2.96459 3.27579,
	2.94362 3.26971,
	2.9344 3.26336,
	2.91977 3.24272,
	2.91578 3.23757,
	2.91572 3.23363,
	"/>
<Contour name="d03" hidden="false" closed="true" simplified="true" border="0 1 0" fill="0 1 0" mode="9"
 points="2.40038 3.10172,
	2.40617 3.06828,
	2.4102 3.05987,
	2.42661 3.047,
	2.4348 3.03848,
	2.45127 3.02978,
	2.4595 3.02542,
	2.52611 3.0468,
	2.55948 3.06269,
	2.57856 3.09557,
	2.58707 3.11203,
	2.5913 3.11818,
	2.56894 3.152,
	2.53592 3.16318,
	2.46976 3.17718,
	2.4615 3.17945,
	2.44484 3.17358,
	2.43015 3.15935,
	2.41106 3.12647,
	2.40255 3.11001,
	2.40041 3.10381,
	"/>
<Contour name="D05" hidden="false" closed="true" simplified="true" border="1 1 0" fill="1 1 0" mode="11"
 points="2.12291 3.20932,
	2.12472 3.18959,
	2.1305 3.1717,
	2.13967 3.15739,
	2.15134 3.14807,
	2.16436 3.14465,
	2.17747 3.14747,
	2.18937 3.15625,
	2.1989 3.17013,
	2.20514 3.18775,
	2.20746 3.20739,
	2.20565 3.22711,
	2.19988 3.24501,
	2.19071 3.25932,
	2.17904 3.26863,
	2.16602 3.27205,
	2.15291 3.26923,
	2.14101 3.26046,
	2.13147 3.24658,
	"/>
<Contour name="D16" hidden="false" closed="true" simplified="true" border="0 0 1" fill="0 0 1" mode="11"
 points="2.62749 2.95161,
	2.63108 2.93351,
	2.64194 2.91701,
	2.65904 2.90373,
	2.68069 2.89495,
	2.70476 2.89154,
	2.72891 2.89385,
	2.75078 2.90163,
	2.7682 2.91413,
	2.7795 2.93011,
	2.78355 2.94804,
	2.77997 2.96614,
	2.76909 2.98263,
	2.752 2.99593,
	2.73035 3.00469,
	2.70628 3.0081,
	2.68213 3.0058,
	2.66027 2.99802,
	2.64283 2.98552,
	"/>
<Contour name="d08" hidden="false" closed="true" simplified="true" border="1 0 0" fill="1 0 0" mode="9"
 points="3.15634 3.64479,
	3.16752 3.61751,
	3.18633 3.5862,
	3.21282 3.55471,
	3.25828 3.50348,
	3.26576 3.48787,
	3.32263 3.42866,
	3.35312 3.40867,
	3.41435 3.38797,
	3.47542 3.35569,
	3.50596 3.33955,
	3.60819 3.2214,
	3.66911 3.17755,
	3.73054 3.17229,
	3.76138 3.1793,
	3.77674 3.17895,
	3.79221 3.18631,
	3.78842 3.19025,
	3.81187 3.2206,
	3.81207 3.23604,
	3.80095 3.26718,
	3.79346 3.28279,
	3.78588 3.29068,
	3.72441 3.29209,
	3.70904 3.29244,
	3.69387 3.30823,
	3.68245 3.31621,
	3.65595 3.3477,
	3.64847 3.36332,
	3.6333 3.3791,
	3.61798 3.38331,
	3.59917 3.41463,
	3.59168 3.43023,
	3.59209 3.46111,
	3.58844 3.47663,
	3.58086 3.48453,
	3.56245 3.54671,
	3.53247 3.60531,
	3.52135 3.63644,
	3.51911 3.76002,
	3.52335 3.79081,
	3.54291 3.81738,
	3.55069 3.82493,
	3.58148 3.82808,
	3.60867 3.85062,
	3.60908 3.88149,
	3.60928 3.89693,
	3.60169 3.90482,
	3.54028 3.91008,
	3.50954 3.91079,
	3.47895 3.92307,
	3.47136 3.93096,
	3.46368 3.93114,
	3.44851 3.94693,
	3.41782 3.95149,
	3.30111 3.84222,
	3.27776 3.81959,
	3.24677 3.80099,
	3.18838 3.74442,
	3.17665 3.72925,
	3.16473 3.69864,
	3.15684 3.68338,
	3.15644 3.65251,
	3.15639 3.64865,
	"/>
<Contour name="d03p07" hidden="false" closed="true" simplified="false" border="1 0 1" fill="1 0 1" mode="-9"
 points="3.18679 2.98934,
	3.18664 2.97756,
	3.19822 2.96551,
	3.20995 2.96524,
	3.22184 2.97676,
	3.22199 2.98854,
	3.21041 3.00058,
	3.19868 3.00085,
	"/>
</Transform>

<Transform dim="0"
 xcoef=" 0 1 0 0 0 0"
 ycoef=" 0 0 1 0 0 0">
<Contour name="ax07" comment="LK bouton trace named after cfa" hidden="false" closed="true" simplified="true" border="0 1 1" fill="0.502 1 1" mode="9"
 points="2.1259 3.48814,
	2.14032 3.4625,
	2.14754 3.44968,
	2.14994 3.44647,
	2.16276 3.43766,
	2.16597 3.43606,
	2.17879 3.43686,
	2.18199 3.43686,
	2.19481 3.44167,
	2.19802 3.44327,
	2.21084 3.44407,
	2.21725 3.44407,
	2.22366 3.44247,
	2.2493 3.42003,
	2.25571 3.41442,
	2.26453 3.4016,
	2.26854 3.39519,
	2.27975 3.36955,
	2.28857 3.35673,
	2.29979 3.34391,
	2.3054 3.3375,
	2.32062 3.31185,
	2.32703 3.29903,
	2.33024 3.29262,
	2.35027 3.26698,
	2.35508 3.26057,
	2.38072 3.23573,
	2.39354 3.22611,
	2.41918 3.21169,
	2.432 3.20448,
	2.45765 3.18364,
	2.47047 3.17403,
	2.49611 3.16842,
	2.54739 3.16521,
	2.57304 3.16281,
	2.58586 3.16121,
	2.59227 3.1604,
	2.59547 3.1604,
	2.62112 3.14999,
	2.62753 3.14758,
	2.65317 3.14518,
	2.66599 3.14438,
	2.69163 3.14598,
	2.70445 3.14678,
	2.7301 3.15159,
	2.74292 3.15479,
	2.74933 3.1564,
	2.76215 3.1572,
	2.77497 3.16201,
	2.78779 3.17002,
	2.791 3.17162,
	2.80382 3.18284,
	2.81023 3.18845,
	2.83026 3.21409,
	2.83507 3.2205,
	2.85991 3.24534,
	2.87273 3.25416,
	2.88555 3.26137,
	2.93684 3.28301,
	2.94966 3.28781,
	2.96248 3.29503,
	2.96889 3.30144,
	2.9737 3.30785,
	2.9761 3.31426,
	2.9769 3.31746,
	2.97289 3.33028,
	2.96729 3.3431,
	2.96007 3.35593,
	2.95607 3.36234,
	2.95286 3.37516,
	2.95527 3.4008,
	2.95607 3.40721,
	2.95607 3.41042,
	2.96729 3.43606,
	2.96889 3.43926,
	2.9753 3.44247,
	2.98171 3.44327,
	2.99453 3.44167,
	3.04582 3.41683,
	3.05864 3.41042,
	3.07146 3.40961,
	3.07787 3.40961,
	3.10351 3.42003,
	3.11633 3.42083,
	3.12274 3.41923,
	3.14838 3.40641,
	3.16121 3.4008,
	3.17403 3.4,
	3.18685 3.39279,
	3.19326 3.38958,
	3.19967 3.38878,
	3.20608 3.38638,
	3.23172 3.36875,
	3.24454 3.36153,
	3.25095 3.35913,
	3.26377 3.35833,
	3.2766 3.35913,
	3.28301 3.36153,
	3.28942 3.36634,
	3.29262 3.36795,
	3.29663 3.37436,
	3.29903 3.38718,
	3.29903 3.39359,
	3.29903 3.39679,
	3.29262 3.40961,
	3.28461 3.42244,
	3.28301 3.42404,
	3.2822 3.42724,
	3.27419 3.44006,
	3.27179 3.44327,
	3.26938 3.44968,
	3.26538 3.45609,
	3.26137 3.46891,
	3.25416 3.48173,
	3.25256 3.48494,
	3.23973 3.49616,
	3.23653 3.49936,
	3.22371 3.50738,
	3.2173 3.51138,
	3.20448 3.5242,
	3.19807 3.53061,
	3.14678 3.55786,
	3.13396 3.56908,
	3.12194 3.5819,
	3.11553 3.58831,
	3.08989 3.60273,
	3.06425 3.61555,
	3.05142 3.62196,
	3.00014 3.63639,
	2.98732 3.63799,
	2.96168 3.63719,
	2.93603 3.63478,
	2.91039 3.63799,
	2.90719 3.63799,
	2.90078 3.6412,
	2.87513 3.64841,
	2.86872 3.65081,
	2.8559 3.65241,
	2.84949 3.65322,
	2.79821 3.67004,
	2.74692 3.67165,
	2.7341 3.67165,
	2.68282 3.66604,
	2.67 3.66443,
	2.64435 3.66363,
	2.63153 3.66283,
	2.61871 3.65882,
	2.6123 3.65882,
	2.60589 3.65642,
	2.59948 3.65562,
	2.57384 3.642,
	2.5482 3.62437,
	2.52255 3.59873,
	2.50973 3.58671,
	2.48409 3.56507,
	2.47127 3.55385,
	2.45925 3.54103,
	2.45284 3.53462,
	2.4272 3.51699,
	2.40155 3.50177,
	2.37591 3.48814,
	2.36309 3.48253,
	2.35027 3.47853,
	2.29899 3.46971,
	2.29257 3.46891,
	2.27975 3.47132,
	2.25411 3.48013,
	2.24129 3.48414,
	2.23809 3.48414,
	2.21244 3.49696,
	2.19962 3.50417,
	2.19642 3.50577,
	2.19001 3.50657,
	2.16436 3.521,
	2.15795 3.5234,
	2.14513 3.5226,
	2.14353 3.5226,
	2.13712 3.51699,
	2.12991 3.50417,
	2.1259 3.49135,
	2.1259 3.48894,
	"/>
</Transform>

<Transform dim="0"
 xcoef=" 0 1 0 0 0 0"
 ycoef=" 0 0 1 0 0 0">
<Contour name="d01p06" hidden="false" closed="true" simplified="false" border="0 0 1" fill="0 0 1" mode="-9"
 points="5.52986 2.84054,
	5.50675 2.81815,
	5.52926 2.79473,
	5.55236 2.81711,
	"/>
</Transform>

<Transform dim="0"
 xcoef=" 0 1 0 0 0 0"
 ycoef=" 0 0 1 0 0 0">
<Contour name="ax02" comment="LK bouton trace named after cfa" hidden="false" closed="true" simplified="true" border="0 1 1" fill="0.502 1 1" mode="9"
 points="3.73131 2.51326,
	3.73897 2.47824,
	3.74226 2.46073,
	3.7439 2.45635,
	3.74444 2.45416,
	3.74609 2.45197,
	3.74663 2.44978,
	3.75375 2.44103,
	3.76469 2.42352,
	3.77126 2.41476,
	3.77673 2.40601,
	3.77728 2.40382,
	3.78001 2.39944,
	3.78877 2.39288,
	3.80628 2.38905,
	3.80737 2.38795,
	3.81175 2.3874,
	3.81613 2.38576,
	3.83364 2.38467,
	3.85115 2.38576,
	3.8599 2.38576,
	3.86428 2.38467,
	3.87304 2.37974,
	3.87522 2.3792,
	3.8796 2.37591,
	3.88179 2.37537,
	3.88398 2.37373,
	3.90149 2.37318,
	3.91024 2.37263,
	3.91462 2.37099,
	3.91681 2.36989,
	3.92557 2.36935,
	3.94308 2.36989,
	3.94745 2.37044,
	3.94964 2.37044,
	3.95402 2.3688,
	3.95621 2.36771,
	3.96496 2.36661,
	3.98247 2.36606,
	3.99998 2.36442,
	4.035 2.36278,
	4.05251 2.35786,
	4.06127 2.35512,
	4.06236 2.35403,
	4.06455 2.35348,
	4.06674 2.35184,
	4.07112 2.35074,
	4.07331 2.3502,
	4.08206 2.34254,
	4.09082 2.33761,
	4.10833 2.3305,
	4.11271 2.3294,
	4.11708 2.32995,
	4.12584 2.33542,
	4.1335 2.34418,
	4.14007 2.35293,
	4.14773 2.36169,
	4.1521 2.36606,
	4.15867 2.37482,
	4.16961 2.39233,
	4.17235 2.39671,
	4.18822 2.41422,
	4.19697 2.42297,
	4.20354 2.43173,
	4.2112 2.44048,
	4.21777 2.44924,
	4.22105 2.45362,
	4.22926 2.47113,
	4.24294 2.50615,
	4.24567 2.5149,
	4.25333 2.53241,
	4.27249 2.56743,
	4.27741 2.57619,
	4.2796 2.58056,
	4.29273 2.59807,
	4.2993 2.60683,
	4.31681 2.62434,
	4.33432 2.63802,
	4.34307 2.64513,
	4.36058 2.65389,
	4.37809 2.65662,
	4.38685 2.65717,
	4.39123 2.65936,
	4.39998 2.66702,
	4.40436 2.67578,
	4.40764 2.68453,
	4.40928 2.69329,
	4.40928 2.7108,
	4.40764 2.72831,
	4.40162 2.74582,
	4.39944 2.75457,
	4.39889 2.75676,
	4.39834 2.75785,
	4.39944 2.76004,
	4.39944 2.76442,
	4.39725 2.77318,
	4.39615 2.78193,
	4.39342 2.79069,
	4.39177 2.79944,
	4.39068 2.80382,
	4.39123 2.83884,
	4.39013 2.85635,
	4.38849 2.8651,
	4.38138 2.88261,
	4.37536 2.89137,
	4.35785 2.92639,
	4.35347 2.93515,
	4.34964 2.93898,
	4.34089 2.9439,
	4.32338 2.95156,
	4.319 2.95375,
	4.31024 2.95594,
	4.29273 2.95703,
	4.28398 2.96141,
	4.2796 2.9636,
	4.26264 2.98056,
	4.24513 2.98932,
	4.22762 2.99643,
	4.22324 2.99753,
	4.21448 2.99753,
	4.19697 2.99479,
	4.16195 2.98111,
	4.15758 2.97947,
	4.14007 2.97673,
	4.12256 2.97619,
	4.08753 2.97728,
	4.07878 2.97619,
	4.06127 2.97071,
	4.02625 2.95649,
	4.02187 2.95484,
	3.98685 2.95211,
	3.9781 2.94937,
	3.96934 2.945,
	3.96496 2.94171,
	3.96059 2.93952,
	3.9584 2.93843,
	3.94308 2.92092,
	3.93158 2.90341,
	3.92666 2.89465,
	3.91462 2.87714,
	3.89602 2.84212,
	3.89 2.83337,
	3.88288 2.82461,
	3.87687 2.81586,
	3.86811 2.81148,
	3.85936 2.80874,
	3.84185 2.80108,
	3.82433 2.79233,
	3.81558 2.78795,
	3.79807 2.78138,
	3.78931 2.77865,
	3.78056 2.77427,
	3.77618 2.77208,
	3.77399 2.77099,
	3.76962 2.76661,
	3.76688 2.76223,
	3.75812 2.72721,
	3.75265 2.7097,
	3.74992 2.70095,
	3.74609 2.69219,
	3.74335 2.68344,
	3.74061 2.67906,
	3.73897 2.67468,
	3.73295 2.63966,
	3.73186 2.63091,
	3.73186 2.62872,
	3.7335 2.62434,
	3.73405 2.61558,
	3.73569 2.60683,
	3.7346 2.58932,
	3.73295 2.58056,
	3.73241 2.54554,
	3.73131 2.53679,
	3.73131 2.51928,
	3.73131 2.5149,
	3.73131 2.51381,
	"/>
<Contour name="d01" hidden="true" closed="true" simplified="true" border="1 0.5 0" fill="1 0.5 0" mode="9"
 points="4.66736 2.80359,
	4.6806 2.77595,
	4.70772 2.7685,
	4.75479 2.72644,
	4.77492 2.70547,
	4.77421 2.65083,
	4.8075 2.59541,
	4.86199 2.601,
	4.88168 2.54589,
	4.90173 2.5181,
	4.95586 2.49637,
	5.01026 2.49512,
	5.06493 2.51437,
	5.17382 2.51871,
	5.20111 2.52492,
	5.23582 2.57878,
	5.29022 2.57754,
	5.30365 2.56357,
	5.35796 2.5555,
	5.38516 2.55487,
	5.43329 2.59476,
	5.45405 2.62162,
	5.48143 2.63465,
	5.50218 2.66151,
	5.50236 2.67518,
	5.52991 2.70187,
	5.58467 2.72795,
	5.69348 2.72546,
	5.72076 2.73167,
	5.72791 2.75884,
	5.7145 2.7728,
	5.71468 2.78647,
	5.69463 2.81426,
	5.64066 2.84966,
	5.60729 2.89824,
	5.56111 3.00861,
	5.52782 3.06403,
	5.50777 3.09182,
	5.48808 3.14693,
	5.46804 3.17472,
	5.45461 3.18869,
	5.45479 3.20235,
	5.43475 3.23014,
	5.38061 3.25188,
	5.36719 3.26585,
	5.25847 3.27517,
	5.23154 3.29628,
	5.123 3.31925,
	5.06887 3.34099,
	5.01446 3.34223,
	4.98717 3.33603,
	4.93206 3.28263,
	4.9046 3.26276,
	4.891 3.26307,
	4.84286 3.22318,
	4.82175 3.169,
	4.8214 3.14168,
	4.80744 3.11467,
	4.75259 3.08176,
	4.69793 3.06251,
	4.67726 3.04249,
	4.67691 3.01518,
	4.6966 2.96007,
	4.71664 2.93227,
	4.72327 2.91846,
	4.69535 2.86444,
	4.6746 2.83759,
	4.66745 2.81042,
	"/>
<Contour name="ax08" comment="LK bouton trace named after cfa" hidden="false" closed="true" simplified="true" border="0 1 1" fill="0.502 1 1" mode="9"
 points="4.81668 2.49734,
	4.82598 2.47741,
	4.86848 2.45483,
	4.8738 2.44952,
	4.88442 2.44288,
	4.89505 2.43358,
	4.93756 2.40303,
	4.94819 2.39638,
	4.99069 2.39373,
	5.01195 2.39373,
	5.02258 2.3924,
	5.06508 2.37247,
	5.07571 2.36583,
	5.10892 2.32332,
	5.12885 2.3034,
	5.14611 2.28214,
	5.15674 2.2755,
	5.16737 2.2662,
	5.20988 2.24229,
	5.2205 2.23565,
	5.2298 2.22502,
	5.24309 2.20377,
	5.24707 2.19314,
	5.24707 2.18252,
	5.24043 2.16126,
	5.2298 2.14001,
	5.22316 2.11875,
	5.21917 2.10813,
	5.21917 2.10281,
	5.20589 2.06031,
	5.20456 2.0178,
	5.21253 1.97529,
	5.21917 1.96466,
	5.22316 1.95404,
	5.23644 1.93278,
	5.24441 1.92215,
	5.24707 1.91684,
	5.26832 1.89957,
	5.31083 1.87168,
	5.33209 1.85574,
	5.35201 1.83714,
	5.36397 1.81588,
	5.36662 1.81057,
	5.36928 1.78932,
	5.36928 1.76806,
	5.35998 1.72556,
	5.35733 1.71493,
	5.356 1.69367,
	5.35733 1.68305,
	5.36795 1.66179,
	5.37459 1.65117,
	5.39585 1.63921,
	5.4171 1.62991,
	5.42773 1.62726,
	5.47024 1.62593,
	5.48086 1.62726,
	5.50212 1.63655,
	5.54463 1.65117,
	5.56588 1.66578,
	5.58713 1.68305,
	5.59776 1.69235,
	5.60839 1.69766,
	5.6137 1.70164,
	5.61636 1.70164,
	5.62566 1.71227,
	5.64691 1.72688,
	5.65754 1.73087,
	5.66285 1.73087,
	5.68411 1.74017,
	5.69473 1.74681,
	5.70403 1.75744,
	5.70934 1.76275,
	5.71599 1.784,
	5.71997 1.80526,
	5.7213 1.81588,
	5.7213 1.8212,
	5.72528 1.83183,
	5.72927 1.87433,
	5.72794 1.89559,
	5.72794 1.90621,
	5.72263 1.92747,
	5.70403 1.96998,
	5.68809 2.01248,
	5.67879 2.03374,
	5.67348 2.04436,
	5.65754 2.06562,
	5.64425 2.08687,
	5.63628 2.0975,
	5.63363 2.10016,
	5.6323 2.10547,
	5.623 2.1161,
	5.61769 2.12672,
	5.60175 2.14798,
	5.59112 2.15728,
	5.56987 2.17056,
	5.55924 2.1772,
	5.54861 2.18119,
	5.52736 2.19447,
	5.5061 2.21307,
	5.50079 2.21705,
	5.49813 2.21971,
	5.45563 2.22635,
	5.45031 2.23034,
	5.445 2.23167,
	5.43437 2.23964,
	5.42906 2.24229,
	5.4264 2.24229,
	5.40515 2.2569,
	5.38655 2.27683,
	5.38124 2.28214,
	5.36928 2.3034,
	5.36131 2.31402,
	5.34006 2.32864,
	5.29755 2.35255,
	5.28692 2.35919,
	5.28028 2.36849,
	5.27231 2.38974,
	5.267 2.40037,
	5.22715 2.44022,
	5.21917 2.45085,
	5.21386 2.46147,
	5.2112 2.4721,
	5.19925 2.49335,
	5.19261 2.50398,
	5.17268 2.52391,
	5.15143 2.53321,
	5.13017 2.53453,
	5.10892 2.53188,
	5.09829 2.53055,
	5.05578 2.51062,
	5.03453 2.50133,
	4.99202 2.5,
	4.97077 2.50133,
	4.96014 2.50797,
	4.94952 2.51859,
	4.92826 2.53055,
	4.90701 2.54782,
	4.88575 2.5611,
	4.87513 2.56642,
	4.85387 2.56509,
	4.84325 2.55845,
	4.82863 2.53719,
	4.82199 2.52656,
	4.81801 2.51594,
	4.81668 2.50531,
	4.81668 2.5,
	4.81668 2.49867,
	"/>
</Transform>

<Transform dim="0"
 xcoef=" 0 1 0 0 0 0"
 ycoef=" 0 0 1 0 0 0">
<Contour name="ax09" comment="LK bouton trace named after cfa" hidden="false" closed="true" simplified="true" border="0 1 1" fill="0.502 1 1" mode="9"
 points="3.70529 1.99592,
	3.72396 1.96079,
	3.74042 1.92565,
	3.7547 1.90809,
	3.77226 1.9037,
	3.78104 1.9004,
	3.79861 1.89821,
	3.81618 1.88833,
	3.82276 1.87954,
	3.82386 1.87076,
	3.83484 1.83563,
	3.84911 1.81806,
	3.88205 1.78293,
	3.88424 1.77854,
	3.88863 1.77415,
	3.89083 1.76976,
	3.9084 1.75768,
	3.92596 1.74231,
	3.93365 1.73353,
	3.95121 1.72145,
	3.96 1.71377,
	3.97756 1.70498,
	4.01269 1.69291,
	4.02148 1.69181,
	4.02587 1.68961,
	4.03465 1.68961,
	4.05222 1.68412,
	4.08735 1.67754,
	4.15761 1.66985,
	4.16639 1.67095,
	4.20153 1.65777,
	4.23666 1.65229,
	4.25422 1.65009,
	4.27179 1.65009,
	4.28936 1.65229,
	4.30692 1.65887,
	4.31131 1.66107,
	4.32888 1.66217,
	4.33766 1.66326,
	4.34205 1.66326,
	4.35084 1.66766,
	4.35523 1.66985,
	4.3695 1.68742,
	4.3717 1.69181,
	4.37938 1.70059,
	4.38487 1.70937,
	4.40244 1.72694,
	4.40683 1.73133,
	4.41561 1.73463,
	4.42439 1.73463,
	4.44196 1.74011,
	4.45952 1.75109,
	4.46831 1.75658,
	4.50015 1.79171,
	4.50454 1.79611,
	4.50783 1.80489,
	4.50783 1.80708,
	4.5221 1.82355,
	4.53089 1.83014,
	4.54516 1.84771,
	4.55394 1.86527,
	4.55833 1.87405,
	4.55943 1.90919,
	4.55723 1.92675,
	4.55174 1.94432,
	4.54845 1.9531,
	4.54296 1.96188,
	4.54077 1.96627,
	4.53637 1.97067,
	4.52759 1.97616,
	4.51991 1.98494,
	4.51771 1.98933,
	4.50234 2.0069,
	4.49356 2.01458,
	4.45843 2.02776,
	4.44964 2.03215,
	4.44306 2.03983,
	4.42549 2.0552,
	4.40792 2.06838,
	4.37279 2.08704,
	4.35523 2.09582,
	4.33766 2.1079,
	4.32888 2.11339,
	4.32449 2.11778,
	4.3201 2.11998,
	4.31131 2.12876,
	4.29375 2.14193,
	4.27618 2.1573,
	4.26081 2.17487,
	4.24873 2.19243,
	4.24325 2.20122,
	4.20921 2.23635,
	4.20262 2.24513,
	4.20043 2.24952,
	4.18396 2.26599,
	4.14993 2.28466,
	4.13565 2.30222,
	4.13346 2.30661,
	4.11809 2.32418,
	4.08296 2.34284,
	4.04783 2.35931,
	4.03026 2.367,
	3.99513 2.3659,
	3.96 2.367,
	3.94243 2.37029,
	3.9073 2.37139,
	3.88973 2.37139,
	3.87217 2.37797,
	3.8546 2.38127,
	3.81947 2.38017,
	3.81069 2.37797,
	3.77555 2.36041,
	3.76677 2.35602,
	3.74921 2.34065,
	3.74372 2.33186,
	3.74152 2.3143,
	3.74591 2.27917,
	3.74262 2.2616,
	3.73493 2.24403,
	3.73054 2.2089,
	3.72286 2.17377,
	3.71847 2.15621,
	3.71517 2.14742,
	3.71078 2.11229,
	3.70749 2.09472,
	3.70639 2.08594,
	3.71188 2.05081,
	3.71298 2.04203,
	3.71078 2.02446,
	3.70859 2.01568,
	3.70639 2.01129,
	3.70529 2.0025,
	3.70529 1.99811,
	3.70529 1.99701,
	"/>
</Transform>

<Transform dim="0"
 xcoef=" 0 1 0 0 0 0"
 ycoef=" 0 0 1 0 0 0">
<Contour name="ax24" comment="LK bouton trace named after cfa" hidden="false" closed="true" simplified="true" border="0 1 1" fill="0.502 1 1" mode="9"
 points="5.98617 5.2328,
	5.98966 5.22815,
	5.99432 5.22465,
	5.99665 5.22291,
	5.99781 5.22291,
	5.99898 5.22174,
	6.00829 5.22,
	6.01761 5.22,
	6.02692 5.22116,
	6.03158 5.22232,
	6.03624 5.22232,
	6.0409 5.22349,
	6.05953 5.22407,
	6.06418 5.22407,
	6.08281 5.22,
	6.08398 5.22,
	6.08514 5.21883,
	6.0898 5.21767,
	6.09213 5.21708,
	6.09446 5.21534,
	6.10377 5.21301,
	6.11309 5.21184,
	6.1224 5.21243,
	6.12706 5.21359,
	6.12823 5.21359,
	6.13055 5.21534,
	6.13521 5.2165,
	6.14453 5.2165,
	6.15384 5.21767,
	6.17247 5.22407,
	6.20973 5.23222,
	6.21905 5.23513,
	6.22836 5.23979,
	6.24699 5.25085,
	6.26562 5.25376,
	6.28425 5.25551,
	6.32152 5.25435,
	6.32617 5.25435,
	6.3285 5.25493,
	6.33782 5.25318,
	6.35645 5.2526,
	6.36576 5.2526,
	6.37042 5.2526,
	6.38905 5.24911,
	6.39371 5.24852,
	6.40302 5.24561,
	6.40768 5.24503,
	6.417 5.24212,
	6.43563 5.23339,
	6.44494 5.22931,
	6.44727 5.22873,
	6.45659 5.22349,
	6.47522 5.21708,
	6.51248 5.21126,
	6.53111 5.21068,
	6.53576 5.21243,
	6.54042 5.21301,
	6.54275 5.21301,
	6.54741 5.21476,
	6.54974 5.21476,
	6.55905 5.21767,
	6.57768 5.22582,
	6.587 5.23222,
	6.59166 5.23571,
	6.59573 5.24037,
	6.59806 5.24503,
	6.59981 5.25435,
	6.60039 5.26366,
	6.59864 5.26832,
	6.59282 5.27763,
	6.58351 5.28404,
	6.56487 5.28811,
	6.54624 5.28869,
	6.50898 5.29393,
	6.49035 5.29685,
	6.47172 5.29859,
	6.46241 5.29917,
	6.42515 5.30441,
	6.40652 5.30733,
	6.36926 5.30907,
	6.35063 5.30733,
	6.332 5.30674,
	6.32268 5.30616,
	6.31802 5.30616,
	6.31686 5.30616,
	6.31569 5.30733,
	6.29706 5.30965,
	6.27843 5.31024,
	6.26912 5.31024,
	6.26446 5.31024,
	6.26213 5.3114,
	6.2435 5.31198,
	6.23419 5.30907,
	6.22487 5.30791,
	6.22021 5.30674,
	6.20158 5.30616,
	6.18295 5.30441,
	6.17829 5.30383,
	6.17597 5.30383,
	6.17364 5.30267,
	6.16432 5.30209,
	6.14569 5.29859,
	6.14336 5.29743,
	6.13871 5.29743,
	6.13405 5.29568,
	6.12473 5.29393,
	6.11542 5.29102,
	6.1061 5.28695,
	6.09679 5.28171,
	6.09213 5.2788,
	6.08805 5.27414,
	6.08573 5.27181,
	6.08107 5.2625,
	6.07874 5.26133,
	6.06011 5.25958,
	6.05079 5.25958,
	6.04614 5.25842,
	6.00887 5.25842,
	6.00422 5.25784,
	5.99956 5.25609,
	5.9949 5.2526,
	5.98792 5.24387,
	5.98617 5.23921,
	5.98617 5.23455,
	5.98617 5.23339,
	"/>
</Transform>

<Transform dim="0"
 xcoef=" 0 1 0 0 0 0"
 ycoef=" 0 0 1 0 0 0">
<Contour name="ax26" comment="LK bouton trace named after cfa" hidden="false" closed="true" simplified="true" border="0 1 1" fill="0.502 1 1" mode="9"
 points="5.4352 2.56551,
	5.43591 2.5598,
	5.43663 2.55694,
	5.44662 2.54623,
	5.45733 2.53909,
	5.46804 2.53481,
	5.47376 2.53195,
	5.47876 2.52695,
	5.49018 2.52267,
	5.49304 2.52196,
	5.50446 2.51553,
	5.50589 2.5141,
	5.51731 2.51053,
	5.54016 2.51196,
	5.55159 2.51482,
	5.5573 2.51696,
	5.56301 2.51767,
	5.57444 2.51696,
	5.58015 2.51553,
	5.58586 2.51196,
	5.59157 2.50696,
	5.59728 2.50339,
	5.603 2.50268,
	5.60871 2.50339,
	5.61157 2.50482,
	5.62085 2.51553,
	5.62156 2.51839,
	5.62299 2.51981,
	5.63013 2.54266,
	5.63441 2.54837,
	5.64013 2.55266,
	5.64441 2.55766,
	5.65084 2.56837,
	5.65298 2.57979,
	5.65298 2.59122,
	5.65155 2.60264,
	5.64655 2.61407,
	5.6387 2.62335,
	5.62799 2.6312,
	5.62656 2.6312,
	5.62513 2.63263,
	5.6237 2.63263,
	5.61299 2.64191,
	5.60799 2.6462,
	5.60514 2.64905,
	5.59371 2.65262,
	5.58229 2.65477,
	5.57087 2.66262,
	5.56587 2.66619,
	5.56301 2.66833,
	5.56158 2.66833,
	5.56015 2.66976,
	5.55873 2.66976,
	5.5573 2.67119,
	5.54587 2.6719,
	5.53445 2.67119,
	5.52874 2.66905,
	5.52303 2.66833,
	5.50018 2.66119,
	5.49446 2.65905,
	5.49161 2.65834,
	5.4809 2.65048,
	5.4759 2.64548,
	5.46804 2.63477,
	5.46447 2.62906,
	5.46233 2.6262,
	5.46233 2.62478,
	5.45805 2.61906,
	5.45591 2.61621,
	5.45591 2.61478,
	5.45448 2.61335,
	5.44662 2.5905,
	5.4452 2.58479,
	5.44377 2.58193,
	5.43877 2.57694,
	5.4352 2.57194,
	5.4352 2.56623,
	"/>
</Transform>

<Transform dim="0"
 xcoef=" 0 1 0 0 0 0"
 ycoef=" 0 0 1 0 0 0">
<Contour name="ax27" hidden="false" closed="true" simplified="true" border="0 0 1" fill="0 0 1" mode="11"
 points="3.53646 3.69329,
	3.53883 3.67199,
	3.54649 3.65056,
	3.54858 3.608,
	3.5483 3.58675,
	3.55833 3.54401,
	3.56599 3.52258,
	3.57379 3.51177,
	3.57615 3.49046,
	3.59146 3.4476,
	3.59912 3.42617,
	3.61736 3.4045,
	3.65393 3.36912,
	3.65912 3.36103,
	3.70104 3.33084,
	3.7221 3.3224,
	3.72732 3.31696,
	3.76953 3.30802,
	3.79058 3.29957,
	3.80621 3.28061,
	3.81136 3.26987,
	3.81129 3.26455,
	3.8165 3.25912,
	3.81901 3.24843,
	3.83725 3.22676,
	3.85823 3.21299,
	3.86606 3.20485,
	3.87135 3.20473,
	3.91336 3.17986,
	3.95278 3.16035,
	3.97383 3.1519,
	3.97912 3.15178,
	4.02105 3.12159,
	4.06315 3.10469,
	4.08421 3.09623,
	4.08943 3.0908,
	4.10784 3.08241,
	4.11838 3.07952,
	4.1236 3.07408,
	4.14465 3.06563,
	4.15516 3.06008,
	4.1656 3.04921,
	4.20767 3.02965,
	4.25002 3.03134,
	4.29263 3.05428,
	4.31407 3.07504,
	4.32757 3.09598,
	4.33578 3.11705,
	4.33633 3.15955,
	4.33382 3.17024,
	4.31823 3.19185,
	4.30789 3.21068,
	4.30796 3.21599,
	4.30274 3.22143,
	4.30281 3.22674,
	4.29501 3.23755,
	4.29 3.25892,
	4.2932 3.30136,
	4.31195 3.31952,
	4.33325 3.32967,
	4.33861 3.33486,
	4.34389 3.33474,
	4.35197 3.34518,
	4.35489 3.36637,
	4.34218 3.40652,
	4.27979 3.49031,
	4.25382 3.5281,
	4.22793 3.5712,
	4.21498 3.59276,
	4.20732 3.61419,
	4.20049 3.69937,
	4.19799 3.71005,
	4.19277 3.71549,
	4.17745 3.75835,
	4.16716 3.77984,
	4.16723 3.78516,
	4.1334 3.82844,
	4.09407 3.85591,
	4.07305 3.86702,
	4.03082 3.8733,
	3.98847 3.87161,
	3.96728 3.86944,
	3.925 3.87306,
	3.88279 3.882,
	3.86164 3.88248,
	3.84055 3.88828,
	3.79824 3.88924,
	3.75586 3.8849,
	3.7346 3.87741,
	3.72398 3.875,
	3.71863 3.86981,
	3.69737 3.86232,
	3.68673 3.85725,
	3.68412 3.85997,
	3.6868 3.86256,
	3.68154 3.86534,
	3.66018 3.84989,
	3.64956 3.84747,
	3.62823 3.83467,
	3.61765 3.83492,
	3.6123 3.82972,
	3.59107 3.8249,
	3.57229 3.80408,
	3.57222 3.79876,
	3.56415 3.78832,
	3.56137 3.77775,
	3.5533 3.76731,
	3.53952 3.72511,
	3.5366 3.70392,
	3.5365 3.69595,
	"/>
</Transform>

<Transform dim="0"
 xcoef=" 0 1 0 0 0 0"
 ycoef=" 0 0 1 0 0 0">
<Contour name="ax27" hidden="false" closed="true" simplified="true" border="0 0 1" fill="0 0 1" mode="11"
 points="4.71374 2.07485,
	4.7214 2.05341,
	4.79719 1.9826,
	4.81282 1.96365,
	4.82326 1.95278,
	4.83624 1.93388,
	4.84407 1.92573,
	4.86511 1.91728,
	4.9075 1.92162,
	4.9289 1.93973,
	4.93432 1.95024,
	4.93446 1.96086,
	4.93989 1.97137,
	4.94016 1.99262,
	4.92749 2.03541,
	4.89627 2.07599,
	4.88841 2.08148,
	4.85459 2.12476,
	4.83896 2.14372,
	4.81805 2.1628,
	4.79706 2.17656,
	4.79177 2.17668,
	4.78655 2.18212,
	4.7442 2.18043,
	4.73353 2.1727,
	4.72007 2.15441,
	4.71422 2.11204,
	4.71395 2.09079,
	4.71381 2.08016,
	4.71378 2.0775,
	"/>
</Transform>

<Transform dim="0"
 xcoef=" 0 1 0 0 0 0"
 ycoef=" 0 0 1 0 0 0">
<Contour name="d01c07ax02" hidden="false" closed="true" simplified="true" border="0 1 0" fill="0 1 0" mode="9"
 points="4.32796 2.85966,
	4.34559 2.75707,
	4.3536 2.70577,
	4.35521 2.69295,
	4.35681 2.68654,
	4.35841 2.68333,
	4.461 2.73142,
	4.46741 2.73463,
	4.43696 2.83722,
	4.43055 2.86286,
	4.42574 2.87569,
	4.42413 2.87889,
	4.37284 2.87248,
	4.34719 2.86767,
	4.33437 2.86607,
	4.32796 2.86447,
	4.32796 2.86126,
	"/>
</Transform>

<Transform dim="6"
 xcoef=" 0.770816864339283 0.974844743233154 0.00850981700746405 0 0 0"
 ycoef=" -0.602490293161218 0.0125043212532031 1.00325572297202 0 0 0">
<Image mag="0.00217507" contrast="0.917" brightness="0.12" red="true" green="true" blue="true"
 src="FHLTD.96.jpg" />
<Contour name="domain1" hidden="false" closed="true" simplified="false" border="1 0 1" fill="1 0 1" mode="11"
 points="0 0,
	4096 0,
	4096 4096,
	0 4096,
	"/>
</Transform>

<Transform dim="0"
 xcoef=" 0 1 0 0 0 0"
 ycoef=" 0 0 1 0 0 0">
<Contour name="d08c17ax27" hidden="false" closed="true" simplified="true" border="0 1 0" fill="0 1 0" mode="9"
 points="3.4735 3.66991,
	3.48925 3.53547,
	3.49345 3.50186,
	3.49555 3.48505,
	3.49555 3.48085,
	3.53337 3.41363,
	3.54282 3.39682,
	3.54702 3.38842,
	3.61319 3.32225,
	3.6468 3.28864,
	3.65521 3.28023,
	3.65626 3.27918,
	3.69617 3.34641,
	3.70667 3.36321,
	3.70772 3.36531,
	3.65941 3.43253,
	3.62475 3.49976,
	3.60794 3.53337,
	3.59954 3.55017,
	3.59009 3.61739,
	3.58588 3.65101,
	3.58378 3.66781,
	3.60584 3.73503,
	3.61634 3.76864,
	3.6216 3.78545,
	3.62475 3.79385,
	3.55752 3.86107,
	3.4903 3.82641,
	3.4819 3.82221,
	3.4777 3.82011,
	3.4756 3.7865,
	3.47455 3.71928,
	3.4735 3.68567,
	3.4735 3.67726,
	3.4735 3.67306,
	3.4735 3.67096,
	"/>
</Transform>

<Transform dim="0"
 xcoef=" 0 1 0 0 0 0"
 ycoef=" 0 0 1 0 0 0">
<Contour name="ddh_d06ax09" comment="traced by ddh" hidden="false" closed="true" simplified="true" border="1 0 0" fill="1 0 0" mode="11"
 points="1.1563 8.17484,
	1.16163 8.16265,
	1.16696 8.15656,
	1.17839 8.14742,
	1.18448 8.14437,
	1.19667 8.13599,
	1.19972 8.13523,
	1.21191 8.12761,
	1.21495 8.12685,
	1.21648 8.12533,
	1.218 8.12533,
	1.21952 8.1238,
	1.22257 8.12304,
	1.22562 8.12076,
	1.22866 8.11999,
	1.23476 8.11542,
	1.24466 8.10552,
	1.24618 8.10324,
	1.25837 8.09486,
	1.26446 8.09257,
	1.27056 8.08876,
	1.27589 8.08648,
	1.27894 8.08495,
	1.28046 8.08495,
	1.28198 8.08343,
	1.29417 8.08343,
	1.30027 8.08572,
	1.32464 8.09029,
	1.32769 8.09105,
	1.33378 8.09562,
	1.33683 8.09714,
	1.33835 8.09714,
	1.3414 8.09943,
	1.34292 8.09943,
	1.34445 8.10095,
	1.34749 8.10171,
	1.35359 8.10628,
	1.35816 8.11238,
	1.35968 8.11466,
	1.36958 8.12533,
	1.37568 8.1299,
	1.38786 8.13599,
	1.39091 8.13675,
	1.397 8.14056,
	1.40157 8.14513,
	1.40538 8.15122,
	1.40615 8.15427,
	1.40767 8.15579,
	1.40691 8.18017,
	1.40462 8.18626,
	1.40462 8.18779,
	1.4031 8.18931,
	1.39777 8.2015,
	1.39396 8.20759,
	1.38786 8.21369,
	1.37644 8.22054,
	1.37034 8.22435,
	1.35816 8.22816,
	1.34597 8.23044,
	1.32159 8.23197,
	1.30941 8.23349,
	1.28503 8.24035,
	1.27894 8.24263,
	1.25456 8.24339,
	1.24237 8.24263,
	1.23628 8.24111,
	1.18753 8.2213,
	1.17534 8.21521,
	1.16392 8.20378,
	1.15706 8.1916,
	1.1563 8.17941,
	1.1563 8.17636,
	1.1563 8.1756,
	"/>
</Transform>

<Transform dim="0"
 xcoef=" 0 1 0 0 0 0"
 ycoef=" 0 0 1 0 0 0">
<Contour name="ddh_d06ax10" comment="traced by ddh" hidden="false" closed="true" simplified="true" border="1 1 0" fill="1 1 0" mode="11"
 points="3.90448 6.95064,
	3.90732 6.93554,
	3.90921 6.92798,
	3.92148 6.89777,
	3.92526 6.89021,
	3.92809 6.88643,
	3.93092 6.87888,
	3.93092 6.8751,
	3.93753 6.86,
	3.94131 6.84489,
	3.94131 6.84111,
	3.95453 6.81089,
	3.96208 6.79579,
	3.97247 6.78068,
	3.97719 6.77312,
	3.9923 6.7599,
	3.99985 6.75235,
	4.00363 6.75141,
	4.01119 6.7448,
	4.02629 6.73441,
	4.03385 6.72874,
	4.04896 6.72119,
	4.05557 6.71553,
	4.06312 6.71269,
	4.09334 6.69475,
	4.10844 6.68531,
	4.116 6.68059,
	4.11977 6.67964,
	4.13488 6.66831,
	4.14527 6.65415,
	4.1481 6.65037,
	4.15188 6.63526,
	4.15093 6.62016,
	4.14999 6.61638,
	4.14433 6.60882,
	4.13677 6.60221,
	4.12733 6.58711,
	4.12355 6.57955,
	4.11411 6.54934,
	4.10939 6.53423,
	4.10939 6.50401,
	4.11128 6.4738,
	4.11128 6.46624,
	4.11789 6.43603,
	4.1481 6.37559,
	4.16321 6.36426,
	4.17832 6.35576,
	4.1821 6.35388,
	4.1972 6.34066,
	4.20853 6.32555,
	4.21514 6.31799,
	4.22175 6.30289,
	4.22553 6.28778,
	4.22553 6.28022,
	4.24158 6.25001,
	4.2463 6.24245,
	4.25291 6.2349,
	4.26236 6.21979,
	4.26519 6.20468,
	4.26708 6.17447,
	4.26708 6.17069,
	4.27463 6.15558,
	4.27652 6.15181,
	4.28407 6.14425,
	4.29163 6.14048,
	4.29541 6.13859,
	4.35584 6.13764,
	4.37095 6.13009,
	4.37472 6.13009,
	4.40494 6.11781,
	4.43515 6.10743,
	4.46537 6.10176,
	4.47292 6.10082,
	4.48803 6.10271,
	4.49559 6.10554,
	4.50314 6.11026,
	4.50692 6.11781,
	4.50975 6.13292,
	4.50881 6.14048,
	4.50881 6.14425,
	4.49936 6.17447,
	4.48992 6.18958,
	4.48237 6.19335,
	4.46726 6.19524,
	4.43704 6.19241,
	4.42194 6.19335,
	4.41438 6.19524,
	4.39927 6.20374,
	4.3955 6.20563,
	4.387 6.22074,
	4.38228 6.23584,
	4.37944 6.2434,
	4.37378 6.25095,
	4.35867 6.25851,
	4.32845 6.26512,
	4.31335 6.27078,
	4.30579 6.2755,
	4.29918 6.29061,
	4.29352 6.29817,
	4.27841 6.30761,
	4.27085 6.31327,
	4.26519 6.31988,
	4.26236 6.32366,
	4.26047 6.32555,
	4.25952 6.32933,
	4.25764 6.33121,
	4.25386 6.34632,
	4.25386 6.37654,
	4.25669 6.38409,
	4.25952 6.38787,
	4.26047 6.39165,
	4.2633 6.39542,
	4.26425 6.3992,
	4.26708 6.40298,
	4.26897 6.41053,
	4.2718 6.41336,
	4.27274 6.42092,
	4.29918 6.48135,
	4.3039 6.49646,
	4.3124 6.55689,
	4.31429 6.572,
	4.31996 6.58711,
	4.32845 6.60221,
	4.34262 6.61638,
	4.37283 6.63998,
	4.37661 6.64187,
	4.3785 6.64376,
	4.38228 6.64471,
	4.38983 6.64943,
	4.39361 6.65226,
	4.40116 6.65415,
	4.41627 6.6532,
	4.44649 6.64848,
	4.4767 6.64754,
	4.48426 6.65037,
	4.49181 6.65132,
	4.49559 6.65132,
	4.49936 6.6532,
	4.50031 6.65509,
	4.50786 6.65604,
	4.51164 6.65604,
	4.52675 6.66359,
	4.5343 6.66831,
	4.54186 6.68342,
	4.5428 6.69097,
	4.54091 6.72119,
	4.54091 6.72497,
	4.52864 6.75518,
	4.52391 6.76274,
	4.4937 6.78351,
	4.47859 6.79107,
	4.47576 6.7939,
	4.47198 6.79484,
	4.45687 6.80617,
	4.45026 6.81373,
	4.44176 6.82884,
	4.43799 6.83639,
	4.43515 6.8515,
	4.43232 6.85905,
	4.43138 6.86661,
	4.42666 6.88171,
	4.42571 6.88927,
	4.42099 6.90438,
	4.42099 6.90626,
	4.41249 6.92043,
	4.40211 6.93554,
	4.37378 6.96481,
	4.36622 6.97142,
	4.35867 6.97614,
	4.35112 6.98275,
	4.29068 7.02335,
	4.28313 7.02807,
	4.27558 7.03091,
	4.27369 7.03279,
	4.2718 7.03279,
	4.26425 7.03752,
	4.23403 7.04507,
	4.21892 7.0479,
	4.21137 7.04885,
	4.20759 7.05073,
	4.08673 7.05073,
	4.07162 7.05073,
	4.0414 7.05451,
	4.01119 7.06018,
	3.98097 7.06112,
	3.96586 7.06018,
	3.95075 7.0564,
	3.9432 7.05357,
	3.94131 7.05357,
	3.9347 7.0479,
	3.92715 7.04035,
	3.92337 7.03752,
	3.91865 7.02996,
	3.90826 6.99975,
	3.90543 6.98464,
	3.90448 6.95442,
	3.90448 6.95159,
	"/>
</Transform>

<Transform dim="0"
 xcoef=" 0 1 0 0 0 0"
 ycoef=" 0 0 1 0 0 0">
<Contour name="ddh_d06ax11" comment="traced by ddh" hidden="false" closed="true" simplified="true" border="0 0 1" fill="0 0 1" mode="11"
 points="1.03962 6.71403,
	1.04307 6.70299,
	1.04583 6.69747,
	1.04997 6.69194,
	1.05135 6.68918,
	1.0624 6.68228,
	1.06792 6.68021,
	1.07897 6.67814,
	1.09001 6.67814,
	1.10106 6.67952,
	1.10658 6.6809,
	1.10796 6.6809,
	1.11072 6.68297,
	1.12177 6.68711,
	1.12729 6.68849,
	1.13833 6.6878,
	1.1411 6.68711,
	1.14662 6.68297,
	1.15214 6.6809,
	1.16319 6.67469,
	1.16871 6.67123,
	1.1908 6.66502,
	1.19356 6.66364,
	1.19908 6.66295,
	1.21013 6.65881,
	1.21565 6.65605,
	1.21841 6.65605,
	1.22393 6.6526,
	1.23498 6.64914,
	1.2405 6.64776,
	1.24602 6.645,
	1.26811 6.64017,
	1.2902 6.63396,
	1.30125 6.6312,
	1.32334 6.62291,
	1.33438 6.62015,
	1.33715 6.62015,
	1.33922 6.61808,
	1.36131 6.61463,
	1.37235 6.61256,
	1.37787 6.61256,
	1.39997 6.6022,
	1.42206 6.59047,
	1.4331 6.58287,
	1.43862 6.57942,
	1.47728 6.53593,
	1.48625 6.52489,
	1.50835 6.50901,
	1.53044 6.4952,
	1.57462 6.46552,
	1.58014 6.46276,
	1.5829 6.46138,
	1.60499 6.4669,
	1.61603 6.46897,
	1.62708 6.46828,
	1.6326 6.4669,
	1.64365 6.46069,
	1.65469 6.45309,
	1.66574 6.44343,
	1.67609 6.43238,
	1.68438 6.42134,
	1.69404 6.41029,
	1.71613 6.39856,
	1.72718 6.39304,
	1.7327 6.39027,
	1.75479 6.38682,
	1.76031 6.38544,
	1.77136 6.38475,
	1.77688 6.38406,
	1.82106 6.39304,
	1.8321 6.3958,
	1.84315 6.39994,
	1.85419 6.40546,
	1.85972 6.40753,
	1.90183 6.45102,
	1.91287 6.46138,
	1.95705 6.48416,
	1.96257 6.4883,
	1.98259 6.51039,
	1.99157 6.52144,
	1.9964 6.52627,
	1.99916 6.53179,
	2.04334 6.57459,
	2.05439 6.58563,
	2.05991 6.59116,
	2.06681 6.6022,
	2.07026 6.60773,
	2.07924 6.62982,
	2.082 6.64086,
	2.08269 6.64638,
	2.08476 6.65191,
	2.07993 6.674,
	2.07372 6.69609,
	2.06888 6.70713,
	2.06198 6.71818,
	2.05853 6.7237,
	2.05715 6.72646,
	2.04679 6.7375,
	2.03575 6.74648,
	2.03023 6.75062,
	2.00814 6.76236,
	1.98605 6.76788,
	1.94186 6.77547,
	1.8535 6.77961,
	1.76514 6.78652,
	1.72096 6.79066,
	1.67678 6.79963,
	1.66574 6.80309,
	1.64365 6.81206,
	1.6326 6.81827,
	1.61051 6.83415,
	1.59947 6.84243,
	1.59394 6.84727,
	1.57876 6.86936,
	1.57185 6.8804,
	1.5684 6.88592,
	1.55874 6.89697,
	1.55391 6.9018,
	1.54286 6.90801,
	1.53182 6.91216,
	1.52077 6.91423,
	1.51525 6.91423,
	1.49316 6.9087,
	1.48211 6.90525,
	1.47935 6.90456,
	1.46831 6.90594,
	1.46555 6.90594,
	1.4545 6.91008,
	1.44898 6.91216,
	1.44622 6.91354,
	1.43517 6.91216,
	1.41308 6.90594,
	1.40204 6.9018,
	1.39651 6.89766,
	1.38754 6.88661,
	1.38133 6.87557,
	1.37995 6.87281,
	1.37028 6.86176,
	1.36752 6.859,
	1.36683 6.85762,
	1.36131 6.85555,
	1.35026 6.84865,
	1.33922 6.83898,
	1.33646 6.83622,
	1.33024 6.82518,
	1.31368 6.80309,
	1.3116 6.80032,
	1.28951 6.78583,
	1.28675 6.78376,
	1.27571 6.78099,
	1.27019 6.77961,
	1.26466 6.77961,
	1.24257 6.78652,
	1.23705 6.7879,
	1.226 6.79273,
	1.20391 6.80723,
	1.19287 6.81275,
	1.17078 6.82034,
	1.16526 6.82172,
	1.16388 6.82172,
	1.15835 6.82518,
	1.15559 6.82656,
	1.14455 6.82725,
	1.1335 6.82379,
	1.11141 6.81137,
	1.10037 6.80516,
	1.07828 6.79066,
	1.07275 6.78721,
	1.06171 6.77823,
	1.05688 6.77271,
	1.05066 6.76167,
	1.0479 6.75614,
	1.04652 6.75062,
	1.04514 6.74786,
	1.041 6.72577,
	1.03962 6.71472,
	"/>
</Transform>

<Transform dim="0"
 xcoef=" 0 1 0 0 0 0"
 ycoef=" 0 0 1 0 0 0">
<Contour name="ddh_d06ax12" comment="traced by ddh" hidden="false" closed="true" simplified="true" border="1 0 1" fill="1 0 1" mode="11"
 points="4.19341 7.8319,
	4.19924 7.82342,
	4.20772 7.816,
	4.22468 7.80805,
	4.23316 7.8054,
	4.25012 7.80328,
	4.25436 7.80222,
	4.3222 7.80275,
	4.33916 7.80381,
	4.34764 7.80381,
	4.3646 7.80646,
	4.37308 7.80805,
	4.38156 7.8107,
	4.39852 7.81759,
	4.407 7.82024,
	4.44092 7.82395,
	4.47484 7.82925,
	4.4918 7.83243,
	4.52572 7.84462,
	4.55964 7.85363,
	4.5766 7.85734,
	4.58508 7.85893,
	4.619 7.85734,
	4.63596 7.8531,
	4.64444 7.84939,
	4.65292 7.84727,
	4.66988 7.84515,
	4.68684 7.84409,
	4.7038 7.84462,
	4.72076 7.8478,
	4.75468 7.85098,
	4.76316 7.85151,
	4.78012 7.85416,
	4.78436 7.85522,
	4.79284 7.85946,
	4.79708 7.86105,
	4.81404 7.86317,
	4.831 7.87112,
	4.84796 7.88278,
	4.8522 7.88596,
	4.85485 7.8902,
	4.8575 7.89868,
	4.85856 7.90292,
	4.85697 7.9114,
	4.8522 7.91988,
	4.83895 7.93684,
	4.82199 7.9538,
	4.81351 7.96228,
	4.80768 7.97076,
	4.80503 7.975,
	4.80132 7.97924,
	4.78436 7.98984,
	4.7674 7.99355,
	4.76316 7.99408,
	4.75468 7.99143,
	4.75256 7.98984,
	4.74832 7.98878,
	4.74408 7.98613,
	4.7356 7.97871,
	4.71864 7.96652,
	4.71016 7.96175,
	4.6932 7.94956,
	4.68472 7.94532,
	4.66776 7.9326,
	4.65928 7.9273,
	4.65504 7.92465,
	4.64656 7.92094,
	4.64232 7.91829,
	4.63384 7.91511,
	4.6296 7.9114,
	4.62112 7.90663,
	4.61264 7.90398,
	4.60416 7.90239,
	4.59568 7.90239,
	4.59144 7.90345,
	4.58932 7.90345,
	4.58084 7.90822,
	4.56441 7.92518,
	4.56229 7.92624,
	4.55805 7.92677,
	4.54957 7.92995,
	4.53261 7.93843,
	4.52837 7.94055,
	4.51989 7.94161,
	4.50293 7.94055,
	4.48597 7.93578,
	4.48173 7.93366,
	4.47749 7.9326,
	4.47537 7.9326,
	4.45841 7.92465,
	4.44993 7.92094,
	4.41601 7.90027,
	4.39905 7.89126,
	4.38209 7.8796,
	4.37361 7.87324,
	4.35665 7.86529,
	4.34817 7.86158,
	4.33969 7.85893,
	4.32273 7.85575,
	4.28881 7.85469,
	4.27185 7.85522,
	4.25489 7.85681,
	4.23793 7.85522,
	4.22097 7.85257,
	4.21249 7.85151,
	4.20401 7.84886,
	4.19553 7.84197,
	4.19394 7.84038,
	4.19341 7.83243,
	"/>
</Transform>

<Transform dim="0"
 xcoef=" 0 1 0 0 0 0"
 ycoef=" 0 0 1 0 0 0">
<Contour name="ddh_d06ax12" comment="traced by ddh" hidden="false" closed="true" simplified="true" border="1 0 1" fill="1 0 1" mode="11"
 points="1.61418 7.4768,
	1.61693 7.46948,
	1.62972 7.45577,
	1.63338 7.45303,
	1.63521 7.4512,
	1.63886 7.45029,
	1.64069 7.44846,
	1.66994 7.44206,
	1.72844 7.44298,
	1.74306 7.44298,
	1.74672 7.44298,
	1.75403 7.44572,
	1.76866 7.44663,
	1.77597 7.44937,
	1.7778 7.44937,
	1.77962 7.4512,
	1.80887 7.4576,
	1.81618 7.45943,
	1.81984 7.46217,
	1.83447 7.46674,
	1.84178 7.46766,
	1.87103 7.46583,
	1.88565 7.46583,
	1.89296 7.46583,
	1.90028 7.46766,
	1.9149 7.46857,
	1.92953 7.47223,
	1.93684 7.47314,
	1.94049 7.47405,
	1.94232 7.47405,
	1.94598 7.4768,
	1.9606 7.48137,
	1.96426 7.48411,
	1.96791 7.48502,
	1.96974 7.48502,
	1.9734 7.48776,
	1.98802 7.48868,
	2.01727 7.48228,
	2.02458 7.47954,
	2.05383 7.4768,
	2.06846 7.47405,
	2.09771 7.47131,
	2.12696 7.4704,
	2.13427 7.46857,
	2.16352 7.46674,
	2.17814 7.46583,
	2.20739 7.46766,
	2.23664 7.47314,
	2.24395 7.47405,
	2.25858 7.47862,
	2.26589 7.48045,
	2.26955 7.48045,
	2.27686 7.48319,
	2.28051 7.48594,
	2.28783 7.48685,
	2.30245 7.49325,
	2.31708 7.50147,
	2.32439 7.50513,
	2.33901 7.51701,
	2.34632 7.52158,
	2.35364 7.52798,
	2.36826 7.53712,
	2.37557 7.54169,
	2.3902 7.54261,
	2.41945 7.53164,
	2.43407 7.5289,
	2.46332 7.52981,
	2.47795 7.53438,
	2.49257 7.54169,
	2.49988 7.54626,
	2.51451 7.55906,
	2.52182 7.56637,
	2.52639 7.57368,
	2.53279 7.581,
	2.54741 7.59014,
	2.56204 7.59562,
	2.57666 7.59928,
	2.58397 7.60202,
	2.59129 7.60202,
	2.60591 7.60567,
	2.62053 7.61481,
	2.62785 7.61938,
	2.65344 7.64772,
	2.66624 7.66234,
	2.67172 7.66966,
	2.70097 7.68885,
	2.70828 7.69616,
	2.71011 7.69799,
	2.71194 7.69799,
	2.71925 7.70348,
	2.72656 7.70622,
	2.73022 7.70896,
	2.73387 7.70896,
	2.7485 7.71536,
	2.75581 7.71901,
	2.77044 7.72358,
	2.78506 7.72358,
	2.81431 7.72084,
	2.81797 7.71901,
	2.84721 7.71719,
	2.86184 7.71536,
	2.87646 7.71079,
	2.89109 7.70348,
	2.89292 7.70348,
	2.89657 7.70073,
	2.90023 7.69982,
	2.90389 7.69708,
	2.9112 7.69525,
	2.91394 7.69251,
	2.92125 7.69068,
	2.92399 7.68794,
	2.92765 7.68794,
	2.94227 7.68154,
	2.9569 7.6788,
	3.0154 7.67788,
	3.03002 7.67514,
	3.03368 7.67423,
	3.0483 7.666,
	3.06293 7.66143,
	3.09218 7.66234,
	3.1068 7.66326,
	3.11411 7.66326,
	3.12874 7.6596,
	3.13605 7.65777,
	3.14245 7.6532,
	3.1461 7.65138,
	3.17535 7.64863,
	3.18998 7.64681,
	3.19729 7.64406,
	3.2046 7.64315,
	3.20643 7.64132,
	3.21374 7.64041,
	3.2174 7.63858,
	3.23202 7.63767,
	3.26127 7.63218,
	3.26858 7.63035,
	3.27224 7.62944,
	3.2759 7.6267,
	3.28321 7.62396,
	3.28687 7.62304,
	3.29418 7.61756,
	3.29783 7.61573,
	3.31246 7.6011,
	3.31886 7.59379,
	3.33348 7.58374,
	3.34079 7.58008,
	3.34811 7.57917,
	3.36273 7.58008,
	3.37004 7.581,
	3.3737 7.581,
	3.37553 7.581,
	3.37735 7.58282,
	3.39198 7.58557,
	3.39564 7.58557,
	3.40295 7.58831,
	3.4066 7.58831,
	3.41026 7.59014,
	3.41392 7.59014,
	3.42123 7.59288,
	3.43585 7.59471,
	3.49435 7.61207,
	3.5236 7.61664,
	3.53822 7.61573,
	3.54554 7.61573,
	3.54919 7.61573,
	3.55651 7.61299,
	3.56382 7.61207,
	3.56747 7.61024,
	3.57479 7.60933,
	3.58941 7.61207,
	3.59307 7.61207,
	3.60769 7.62121,
	3.61409 7.62853,
	3.61866 7.63584,
	3.62049 7.63949,
	3.62232 7.64041,
	3.62232 7.64224,
	3.6278 7.64955,
	3.63146 7.65686,
	3.63694 7.66417,
	3.6406 7.67148,
	3.64699 7.6788,
	3.65431 7.68428,
	3.65613 7.68611,
	3.65796 7.68611,
	3.66528 7.69251,
	3.6799 7.69982,
	3.68173 7.69982,
	3.68356 7.70165,
	3.69087 7.70348,
	3.69818 7.70805,
	3.7128 7.71444,
	3.71646 7.71444,
	3.72377 7.71993,
	3.73109 7.72358,
	3.7384 7.72907,
	3.74205 7.7309,
	3.74388 7.7309,
	3.75851 7.74004,
	3.77313 7.75101,
	3.78044 7.75649,
	3.79415 7.77111,
	3.80604 7.78574,
	3.81061 7.79305,
	3.81243 7.80036,
	3.81061 7.81499,
	3.80604 7.82961,
	3.79781 7.84424,
	3.78684 7.85886,
	3.75759 7.8872,
	3.732 7.91645,
	3.72012 7.93107,
	3.71098 7.9457,
	3.69635 7.95758,
	3.6927 7.96032,
	3.67807 7.9658,
	3.67076 7.96855,
	3.64242 7.98774,
	3.63694 7.99414,
	3.63328 7.99597,
	3.61866 8.00968,
	3.61135 8.01516,
	3.60769 8.01699,
	3.60038 8.02339,
	3.57113 8.03801,
	3.56382 8.03893,
	3.53457 8.05264,
	3.51994 8.06361,
	3.49069 8.08189,
	3.46145 8.09285,
	3.4322 8.09925,
	3.42488 8.10017,
	3.41026 8.10565,
	3.39564 8.10839,
	3.38832 8.11022,
	3.3737 8.11022,
	3.35907 8.10839,
	3.35542 8.10839,
	3.34811 8.10565,
	3.33348 8.10291,
	3.31886 8.10382,
	3.30423 8.10748,
	3.28961 8.10839,
	3.26036 8.10656,
	3.24573 8.10291,
	3.23111 8.09377,
	3.20186 8.08097,
	3.20003 8.08097,
	3.1982 8.07914,
	3.19089 8.07732,
	3.18815 8.07457,
	3.1589 8.06818,
	3.14428 8.06543,
	3.13696 8.06452,
	3.12234 8.05812,
	3.11868 8.05629,
	3.11685 8.05447,
	3.08852 8.04167,
	3.0739 8.03527,
	3.04465 8.02887,
	3.0154 8.02613,
	3.00077 8.02613,
	2.99346 8.02339,
	2.97884 8.02156,
	2.97518 8.01973,
	2.96056 8.01699,
	2.94593 8.01059,
	2.93862 8.00602,
	2.93496 8.00237,
	2.92765 7.99779,
	2.91303 7.98317,
	2.8984 7.97129,
	2.89109 7.96672,
	2.86184 7.95849,
	2.84721 7.95118,
	2.8399 7.94752,
	2.82619 7.93381,
	2.81157 7.92193,
	2.79694 7.91279,
	2.76769 7.89177,
	2.73844 7.87349,
	2.7092 7.8616,
	2.70188 7.85795,
	2.69457 7.85612,
	2.69183 7.85338,
	2.6772 7.84881,
	2.66258 7.84241,
	2.64796 7.83784,
	2.61871 7.83235,
	2.61139 7.83053,
	2.60774 7.83053,
	2.60043 7.82596,
	2.57118 7.81407,
	2.55655 7.80676,
	2.5529 7.80493,
	2.54924 7.80493,
	2.54741 7.80493,
	2.54376 7.80219,
	2.51451 7.79579,
	2.48526 7.79397,
	2.45601 7.79488,
	2.4487 7.79488,
	2.41945 7.79945,
	2.40482 7.80036,
	2.3902 7.80311,
	2.36095 7.80311,
	2.34632 7.80128,
	2.3317 7.79762,
	2.31708 7.79122,
	2.28783 7.7702,
	2.28051 7.76472,
	2.25218 7.74826,
	2.22293 7.73455,
	2.20831 7.7309,
	2.14981 7.72907,
	2.12056 7.72815,
	2.09131 7.72998,
	2.07668 7.73273,
	2.06937 7.73455,
	2.04012 7.74735,
	2.0255 7.75466,
	1.99625 7.76106,
	1.967 7.76106,
	1.95238 7.75923,
	1.93775 7.75558,
	1.93044 7.75466,
	1.90119 7.73821,
	1.87194 7.71536,
	1.84269 7.68977,
	1.83629 7.6852,
	1.82167 7.67148,
	1.80704 7.6596,
	1.7778 7.64406,
	1.76317 7.64132,
	1.74855 7.63675,
	1.73392 7.63035,
	1.7193 7.61938,
	1.70467 7.60659,
	1.69736 7.6011,
	1.64709 7.54261,
	1.63429 7.52798,
	1.62424 7.51336,
	1.61784 7.49873,
	1.61693 7.49508,
	1.6151 7.49325,
	1.61418 7.47862,
	1.61418 7.47771,
	"/>
</Transform>

<Transform dim="0"
 xcoef=" 0 1 0 0 0 0"
 ycoef=" 0 0 1 0 0 0">
<Contour name="ddh_d06ax13" comment="traced by ddh" hidden="false" closed="true" simplified="true" border="1 0 0" fill="1 0 0" mode="11"
 points="-0.180478 6.09002,
	-0.175967 6.07197,
	-0.169199 6.06408,
	-0.133103 6.05393,
	-0.124079 6.05167,
	-0.115055 6.0449,
	-0.110543 6.04377,
	-0.108287 6.04152,
	-0.106031 6.04152,
	-0.0879833 6.03137,
	-0.0699354 6.0246,
	-0.0609115 6.02009,
	-0.0428636 6.01557,
	-0.0248158 6.01445,
	-0.00676794 6.01557,
	0.00225598 6.01557,
	0.0203038 6.0246,
	0.0383517 6.03024,
	0.0473756 6.03024,
	0.0518876 6.03024,
	0.0609115 6.02573,
	0.0654234 6.0246,
	0.0676794 6.02234,
	0.103775 6.00881,
	0.108287 6.00655,
	0.126335 6.00317,
	0.144383 6.00317,
	0.148895 6.00542,
	0.153407 6.00542,
	0.171455 6.01219,
	0.189502 6.02234,
	0.198526 6.02798,
	0.20191 6.03024,
	0.205294 6.03475,
	0.238006 6.05957,
	0.24703 6.06633,
	0.265078 6.07423,
	0.301173 6.07536,
	0.319221 6.081,
	0.354189 6.10468,
	0.371109 6.11709,
	0.389157 6.12499,
	0.425252 6.1374,
	0.429764 6.14078,
	0.438788 6.14191,
	0.441044 6.14416,
	0.4433 6.14416,
	0.459092 6.15544,
	0.46586 6.16334,
	0.469244 6.16785,
	0.4715 6.17011,
	0.474884 6.17913,
	0.478268 6.25132,
	0.479396 6.26035,
	0.478268 6.26937,
	0.478268 6.27388,
	0.4715 6.29193,
	0.464732 6.29983,
	0.461348 6.30434,
	0.452324 6.30998,
	0.4433 6.31336,
	0.407205 6.31562,
	0.371109 6.32013,
	0.335013 6.319,
	0.316965 6.31449,
	0.298917 6.30659,
	0.289894 6.30096,
	0.287638 6.30096,
	0.283126 6.29757,
	0.278614 6.29644,
	0.271846 6.2908,
	0.253798 6.27952,
	0.249286 6.27614,
	0.244774 6.27501,
	0.23575 6.26937,
	0.231238 6.26599,
	0.21319 6.25809,
	0.204166 6.25696,
	0.195142 6.25358,
	0.177095 6.25132,
	0.159047 6.25245,
	0.150023 6.25245,
	0.140999 6.25471,
	0.122951 6.25584,
	0.113927 6.25922,
	0.0958792 6.2626,
	0.0868553 6.26373,
	0.0778313 6.26712,
	0.0597835 6.26712,
	0.0417356 6.26486,
	0.00563995 6.25245,
	-0.0124079 6.24568,
	-0.0146639 6.24343,
	-0.0327117 6.23779,
	-0.0507596 6.22989,
	-0.0597835 6.22651,
	-0.0642955 6.22538,
	-0.0665514 6.22312,
	-0.0755754 6.21974,
	-0.0800873 6.21748,
	-0.0823433 6.21748,
	-0.0845993 6.21523,
	-0.0936232 6.21184,
	-0.0981352 6.20959,
	-0.100391 6.20959,
	-0.117311 6.19605,
	-0.125207 6.18816,
	-0.134231 6.17124,
	-0.138743 6.16221,
	-0.142127 6.1577,
	-0.143255 6.15319,
	-0.146639 6.14868,
	-0.146639 6.14642,
	-0.157919 6.13063,
	-0.172583 6.11371,
	-0.178223 6.10468,
	-0.180478 6.09566,
	-0.180478 6.09115,
	"/>
</Transform>

<Transform dim="0"
 xcoef=" 0 1 0 0 0 0"
 ycoef=" 0 0 1 0 0 0">
<Contour name="ddh_d07ax16" comment="traced by ddh" hidden="false" closed="true" simplified="true" border="1 1 0" fill="1 1 0" mode="11"
 points="4.76146 8.01914,
	4.77073 7.99796,
	4.77337 7.98738,
	4.77404 7.98473,
	4.77536 7.98341,
	4.77602 7.98076,
	4.78396 7.97018,
	4.78594 7.96819,
	4.78859 7.96753,
	4.79322 7.96422,
	4.80381 7.96224,
	4.82498 7.9629,
	4.83027 7.96356,
	4.84086 7.96687,
	4.84615 7.96885,
	4.84879 7.96885,
	4.85409 7.9715,
	4.85938 7.97282,
	4.86203 7.97349,
	4.86335 7.97349,
	4.86401 7.97481,
	4.88518 7.97679,
	4.89577 7.97745,
	4.90106 7.97679,
	4.92223 7.96952,
	4.92752 7.96885,
	4.93811 7.96952,
	4.94869 7.9715,
	4.95399 7.97349,
	4.9745 7.98804,
	4.97913 7.99267,
	4.98574 8.0026,
	4.98574 8.01318,
	4.98508 8.01583,
	4.98508 8.01715,
	4.97847 8.02774,
	4.97384 8.03303,
	4.96987 8.037,
	4.96788 8.03964,
	4.96523 8.04097,
	4.95796 8.05023,
	4.95465 8.05552,
	4.95002 8.06015,
	4.94406 8.06942,
	4.93943 8.07405,
	4.93679 8.07669,
	4.93216 8.08,
	4.92951 8.08132,
	4.92819 8.08265,
	4.92686 8.08265,
	4.91628 8.08993,
	4.91098 8.09389,
	4.90834 8.09588,
	4.88717 8.10183,
	4.87658 8.10183,
	4.87394 8.10051,
	4.87129 8.10051,
	4.86864 8.09919,
	4.86732 8.09919,
	4.866 8.09786,
	4.85541 8.09522,
	4.85012 8.09323,
	4.83953 8.09257,
	4.82895 8.09389,
	4.82365 8.09522,
	4.81836 8.09786,
	4.81572 8.09853,
	4.81439 8.09853,
	4.81175 8.10051,
	4.80645 8.10051,
	4.80381 8.10051,
	4.79851 8.09786,
	4.78065 8.08,
	4.77933 8.07736,
	4.778 8.07603,
	4.77734 8.07339,
	4.77337 8.06809,
	4.77073 8.0628,
	4.77007 8.06015,
	4.76808 8.05751,
	4.76808 8.05618,
	4.76676 8.05486,
	4.76411 8.04428,
	4.76213 8.03898,
	4.76146 8.0284,
	4.76146 8.0231,
	4.76146 8.02046,
	4.76146 8.0198,
	"/>
</Transform>

<Transform dim="0"
 xcoef=" 0 1 0 0 0 0"
 ycoef=" 0 0 1 0 0 0">
<Contour name="ddh_d08ax10" comment="traced by ddh" hidden="false" closed="true" simplified="true" border="1 0.5 0" fill="1 0.5 0" mode="11"
 points="5.52637 3.55132,
	5.53411 3.53757,
	5.5384 3.52381,
	5.54356 3.49631,
	5.54614 3.48256,
	5.547 3.46881,
	5.55473 3.45506,
	5.55817 3.44818,
	5.55989 3.44646,
	5.55989 3.44474,
	5.56247 3.44131,
	5.56419 3.43959,
	5.56419 3.43787,
	5.56591 3.43615,
	5.56591 3.43443,
	5.57106 3.42755,
	5.57192 3.42412,
	5.57708 3.41724,
	5.57708 3.41552,
	5.5788 3.4138,
	5.57966 3.41036,
	5.58997 3.39747,
	5.59169 3.39403,
	5.59341 3.39232,
	5.59341 3.3906,
	5.59943 3.38372,
	5.60544 3.36997,
	5.61318 3.35622,
	5.61748 3.34934,
	5.62091 3.3459,
	5.62435 3.34419,
	5.63037 3.33731,
	5.63295 3.33387,
	5.63466 3.33215,
	5.63466 3.33043,
	5.63724 3.327,
	5.64068 3.31324,
	5.6424 3.30637,
	5.64326 3.30293,
	5.64326 3.30121,
	5.64498 3.29949,
	5.64498 3.29777,
	5.65099 3.2909,
	5.65271 3.28746,
	5.66647 3.27801,
	5.69397 3.26168,
	5.72147 3.24793,
	5.72835 3.24621,
	5.7421 3.23589,
	5.74897 3.22988,
	5.77648 3.21441,
	5.79023 3.20753,
	5.7971 3.20409,
	5.80398 3.20237,
	5.81 3.19894,
	5.8375 3.18948,
	5.84437 3.18776,
	5.85125 3.18347,
	5.85813 3.18089,
	5.865 3.17659,
	5.87188 3.17401,
	5.87532 3.17315,
	5.87875 3.17057,
	5.88219 3.16971,
	5.88391 3.16799,
	5.89079 3.16542,
	5.89766 3.16112,
	5.91141 3.15596,
	5.91313 3.15424,
	5.91657 3.15424,
	5.92001 3.15252,
	5.93376 3.15252,
	5.9372 3.15252,
	5.94063 3.15424,
	5.94407 3.15768,
	5.94579 3.15768,
	5.94923 3.16112,
	5.95696 3.17487,
	5.95954 3.18175,
	5.96212 3.18518,
	5.96212 3.18862,
	5.9647 3.1955,
	5.96556 3.20925,
	5.96556 3.21613,
	5.96728 3.21956,
	5.96728 3.22644,
	5.96986 3.23331,
	5.97329 3.26082,
	5.97244 3.28832,
	5.97072 3.30207,
	5.969 3.30895,
	5.96728 3.31239,
	5.96556 3.33989,
	5.9647 3.35364,
	5.97072 3.46365,
	5.97244 3.4774,
	5.97244 3.50491,
	5.97072 3.51866,
	5.97072 3.52553,
	5.96642 3.53928,
	5.9647 3.54616,
	5.96298 3.54788,
	5.96298 3.56163,
	5.96384 3.56851,
	5.969 3.58226,
	5.97158 3.58913,
	5.97329 3.59085,
	5.97415 3.6046,
	5.97415 3.61148,
	5.97415 3.61492,
	5.97244 3.61836,
	5.97244 3.62179,
	5.969 3.62867,
	5.969 3.63039,
	5.95782 3.64328,
	5.95439 3.64586,
	5.95267 3.64586,
	5.95095 3.64758,
	5.94923 3.64758,
	5.94579 3.65016,
	5.93204 3.65445,
	5.90454 3.66047,
	5.89079 3.66219,
	5.87703 3.66563,
	5.8736 3.66649,
	5.87188 3.66649,
	5.87016 3.6682,
	5.86672 3.6682,
	5.85297 3.67336,
	5.84953 3.67508,
	5.84781 3.67508,
	5.84437 3.67766,
	5.8375 3.68024,
	5.81 3.70086,
	5.79624 3.71204,
	5.79453 3.71204,
	5.79109 3.71462,
	5.79023 3.71633,
	5.78851 3.71633,
	5.78507 3.71891,
	5.75757 3.72665,
	5.73007 3.72665,
	5.70256 3.72923,
	5.70084 3.72923,
	5.69912 3.73095,
	5.69569 3.73095,
	5.69225 3.73266,
	5.68881 3.73266,
	5.68537 3.73438,
	5.6785 3.73524,
	5.66475 3.7404,
	5.63724 3.74126,
	5.62349 3.73954,
	5.60974 3.73438,
	5.59685 3.72149,
	5.59169 3.71462,
	5.58997 3.71118,
	5.58825 3.70946,
	5.58825 3.70774,
	5.57278 3.68024,
	5.56763 3.67336,
	5.53754 3.61921,
	5.53497 3.61234,
	5.53325 3.6089,
	5.53067 3.59515,
	5.52895 3.58827,
	5.52723 3.58484,
	5.52637 3.55733,
	5.52637 3.5539,
	5.52637 3.55218,
	"/>
</Transform>

<Transform dim="0"
 xcoef=" 0 1 0 0 0 0"
 ycoef=" 0 0 1 0 0 0">
<Contour name="ddh_d08ax20" comment="traced by ddh" hidden="false" closed="true" simplified="true" border="1 0 0.5" fill="1 0 0.5" mode="11"
 points="3.46807 1.74166,
	3.47478 1.72214,
	3.47905 1.71238,
	3.48088 1.70994,
	3.48332 1.70018,
	3.48454 1.68066,
	3.49308 1.64162,
	3.49552 1.63185,
	3.49674 1.62209,
	3.49674 1.61721,
	3.49918 1.60745,
	3.50101 1.60257,
	3.50162 1.60013,
	3.50833 1.59037,
	3.51138 1.58549,
	3.5126 1.58305,
	3.52176 1.57329,
	3.5242 1.57085,
	3.53396 1.56475,
	3.54372 1.5617,
	3.54616 1.56048,
	3.55592 1.56048,
	3.5608 1.56109,
	3.56568 1.56353,
	3.56812 1.56475,
	3.58764 1.58366,
	3.59252 1.58732,
	3.59496 1.58915,
	3.59984 1.59037,
	3.60472 1.59281,
	3.60716 1.59403,
	3.62668 1.59342,
	3.63644 1.59708,
	3.64132 1.59952,
	3.6462 1.6044,
	3.65108 1.60806,
	3.65779 1.61782,
	3.66145 1.62758,
	3.66328 1.63002,
	3.6645 1.64955,
	3.6645 1.65443,
	3.66267 1.66419,
	3.66023 1.66907,
	3.65962 1.67151,
	3.65352 1.68127,
	3.65047 1.68615,
	3.64925 1.68859,
	3.64071 1.69835,
	3.63095 1.70811,
	3.62607 1.71299,
	3.61204 1.73251,
	3.60533 1.74227,
	3.58581 1.76057,
	3.56812 1.78009,
	3.56385 1.78497,
	3.55409 1.79229,
	3.54921 1.79596,
	3.54677 1.79718,
	3.54189 1.79779,
	3.52237 1.79596,
	3.50284 1.7929,
	3.49796 1.79107,
	3.4882 1.78497,
	3.48454 1.7807,
	3.4821 1.77582,
	3.48027 1.77399,
	3.47844 1.76911,
	3.47783 1.76667,
	3.47112 1.75691,
	3.46868 1.75203,
	3.46807 1.74227,
	"/>
</Transform>

<Transform dim="0"
 xcoef=" 0 1 0 0 0 0"
 ycoef=" 0 0 1 0 0 0">
<Contour name="ddh_d08ax18" comment="traced by ddh" hidden="false" closed="true" simplified="true" border="0 1 1" fill="0 1 1" mode="11"
 points="5.55782 2.6978,
	5.56192 2.6847,
	5.56601 2.67814,
	5.56765 2.67487,
	5.58076 2.66422,
	5.59305 2.65684,
	5.60616 2.65356,
	5.61271 2.65111,
	5.62418 2.63882,
	5.63074 2.63308,
	5.64302 2.62571,
	5.64958 2.61916,
	5.65777 2.60605,
	5.65777 2.60441,
	5.65941 2.60277,
	5.65941 2.59622,
	5.65449 2.58311,
	5.65204 2.57,
	5.65204 2.56672,
	5.6504 2.56345,
	5.64958 2.55689,
	5.64712 2.55034,
	5.63893 2.53723,
	5.63483 2.53068,
	5.63237 2.52412,
	5.63074 2.51101,
	5.63155 2.4848,
	5.63565 2.47169,
	5.6422 2.45858,
	5.64712 2.44547,
	5.64876 2.4422,
	5.64876 2.44056,
	5.65122 2.43728,
	5.65204 2.434,
	5.66187 2.42172,
	5.66678 2.41516,
	5.67334 2.41025,
	5.67661 2.40779,
	5.68972 2.40369,
	5.71594 2.40205,
	5.72905 2.40123,
	5.74215 2.3955,
	5.75526 2.38731,
	5.7569 2.38731,
	5.76345 2.38157,
	5.77001 2.37748,
	5.78312 2.36601,
	5.78967 2.36109,
	5.79541 2.35454,
	5.80851 2.34553,
	5.81507 2.34143,
	5.82818 2.33651,
	5.85439 2.33406,
	5.88061 2.33487,
	5.90682 2.33815,
	5.93304 2.33897,
	5.93959 2.33897,
	5.94287 2.33897,
	5.95598 2.34634,
	5.96253 2.35126,
	5.974 2.36437,
	5.97892 2.37092,
	5.98547 2.38403,
	5.98547 2.38731,
	5.99203 2.40042,
	5.99285 2.40369,
	5.99448 2.40533,
	5.99448 2.40697,
	5.99694 2.41025,
	6.01169 2.46268,
	6.01578 2.47579,
	6.01578 2.47743,
	6.01824 2.4807,
	6.01906 2.48398,
	6.02152 2.48726,
	6.02234 2.49053,
	6.04118 2.51675,
	6.04528 2.5233,
	6.05675 2.53559,
	6.06412 2.5487,
	6.06658 2.55198,
	6.06986 2.56509,
	6.06986 2.56836,
	6.07149 2.57164,
	6.07067 2.59786,
	6.07067 2.60441,
	6.06904 2.61096,
	6.06576 2.61752,
	6.06412 2.62407,
	6.06412 2.62571,
	6.06248 2.62735,
	6.06002 2.6339,
	6.05183 2.64701,
	6.04774 2.65356,
	6.03627 2.66585,
	6.02316 2.6765,
	6.0166 2.6806,
	6.01497 2.6806,
	6.00186 2.68797,
	5.98875 2.69125,
	5.97564 2.69289,
	5.94943 2.69207,
	5.92321 2.68961,
	5.89699 2.68961,
	5.89044 2.69125,
	5.88716 2.69125,
	5.88388 2.69289,
	5.88061 2.69289,
	5.87733 2.69453,
	5.87405 2.69453,
	5.87078 2.69617,
	5.8675 2.69617,
	5.86422 2.6978,
	5.85767 2.69862,
	5.84456 2.70354,
	5.83145 2.706,
	5.80524 2.71501,
	5.79213 2.71829,
	5.78885 2.71992,
	5.77574 2.72238,
	5.76919 2.72484,
	5.75608 2.72648,
	5.74297 2.72566,
	5.7397 2.72566,
	5.72659 2.72156,
	5.72003 2.71911,
	5.70693 2.71747,
	5.70037 2.71665,
	5.68726 2.71829,
	5.68071 2.71992,
	5.6676 2.72648,
	5.66105 2.72976,
	5.65777 2.73139,
	5.65613 2.73303,
	5.65449 2.73303,
	5.64794 2.73713,
	5.63483 2.74204,
	5.60862 2.74123,
	5.59551 2.74041,
	5.5824 2.73795,
	5.57585 2.73549,
	5.56929 2.73057,
	5.56274 2.72402,
	5.56028 2.72074,
	5.55782 2.70764,
	5.55782 2.70108,
	5.55782 2.69862,
	"/>
</Transform>

<Transform dim="0"
 xcoef=" 0 1 0 0 0 0"
 ycoef=" 0 0 1 0 0 0">
<Contour name="ddh_d08ax16" comment="traced by ddh" hidden="false" closed="true" simplified="true" border="1 0 0.5" fill="1 0 0.5" mode="11"
 points="3.7682 3.07688,
	3.76898 3.07375,
	3.77133 3.07061,
	3.77133 3.06905,
	3.77289 3.06826,
	3.77368 3.06513,
	3.77524 3.06435,
	3.77524 3.06278,
	3.79247 3.03851,
	3.79716 3.03303,
	3.80186 3.02912,
	3.80734 3.02364,
	3.80891 3.02129,
	3.82065 3.01033,
	3.82222 3.01033,
	3.82378 3.00798,
	3.83631 2.9978,
	3.83944 2.99545,
	3.84101 2.99545,
	3.84649 2.99154,
	3.85275 2.98997,
	3.85588 2.98997,
	3.86841 2.98528,
	3.89346 2.97275,
	3.89973 2.96962,
	3.90912 2.95944,
	3.91382 2.95552,
	3.92008 2.95083,
	3.92243 2.94848,
	3.93496 2.94456,
	3.94748 2.94535,
	3.96001 2.94926,
	3.96314 2.95083,
	3.96471 2.95239,
	3.96627 2.95239,
	3.96706 2.95396,
	3.97019 2.95396,
	3.97176 2.95552,
	3.97489 2.95631,
	3.97802 2.95866,
	3.97958 2.95866,
	3.98037 2.96022,
	3.9835 2.961,
	3.98428 2.96257,
	3.98585 2.96257,
	3.99211 2.96805,
	3.99681 2.97353,
	3.99759 2.97666,
	3.99916 2.97823,
	4.00151 2.99076,
	4.00151 2.99702,
	3.99994 3.00328,
	3.99994 3.00485,
	3.99837 3.00641,
	3.99368 3.01816,
	3.98976 3.02442,
	3.98976 3.02599,
	3.98193 3.03851,
	3.98193 3.04008,
	3.97958 3.04243,
	3.97958 3.04399,
	3.97802 3.04556,
	3.9741 3.05809,
	3.9741 3.06435,
	3.97724 3.07688,
	3.98272 3.0894,
	3.98428 3.09097,
	3.9882 3.1035,
	3.98898 3.10976,
	3.98741 3.12229,
	3.9835 3.13481,
	3.9788 3.14108,
	3.97645 3.14421,
	3.97176 3.14734,
	3.96549 3.15125,
	3.96236 3.15204,
	3.95923 3.15439,
	3.95766 3.15439,
	3.95453 3.15673,
	3.94827 3.15908,
	3.94514 3.15908,
	3.942 3.16065,
	3.94044 3.16065,
	3.93887 3.16222,
	3.92635 3.16535,
	3.90129 3.17396,
	3.88877 3.17787,
	3.87624 3.17787,
	3.86371 3.17631,
	3.85119 3.17631,
	3.83866 3.17396,
	3.8324 3.17396,
	3.81987 3.16926,
	3.80891 3.16065,
	3.80734 3.1583,
	3.80421 3.15517,
	3.79638 3.14264,
	3.77837 3.11837,
	3.77289 3.10585,
	3.77054 3.09958,
	3.77054 3.09802,
	3.76898 3.09645,
	3.7682 3.08392,
	3.7682 3.07766,
	"/>
</Transform>

</Section>