<?xml version="1.0"?>
<!DOCTYPE Section SYSTEM "section.dtd">

<Section index="90" thickness="0.045" alignLocked="true">
<Transform dim="1"
 xcoef=" 2.96999999999998 1 0 0 0 0"
 ycoef=" 1.97 0 1 0 0 0">
<Contour name="D04" hidden="false" closed="true" simplified="true" border="1 0 0" fill="1 0 0" mode="11"
 points="5.46492 7.32996,
	5.46778 7.29096,
	5.47628 7.25281,
	5.49024 7.21634,
	5.50936 7.18235,
	5.53323 7.15158,
	5.56131 7.1247,
	5.59299 7.1023,
	5.6276 7.08487,
	5.66436 7.07278,
	5.70248 7.0663,
	5.74113 7.06558,
	5.77947 7.07063,
	5.81665 7.08133,
	5.85186 7.09746,
	5.88435 7.11866,
	5.91339 7.14447,
	5.93836 7.17432,
	5.95871 7.20758,
	5.97399 7.2435,
	5.98388 7.28131,
	5.98816 7.32018,
	5.98673 7.35926,
	5.97963 7.39771,
	5.96701 7.43467,
	5.94914 7.46936,
	5.92642 7.501,
	5.89934 7.52891,
	5.86849 7.55248,
	5.83455 7.57119,
	5.79825 7.58464,
	5.76039 7.59254,
	5.72179 7.59471,
	5.6833 7.5911,
	5.64576 7.58179,
	5.60998 7.56699,
	5.57674 7.54702,
	5.54678 7.52231,
	5.52073 7.49341,
	5.49918 7.46094,
	5.48259 7.42562,
	5.47133 7.3882,
	"/>
</Transform>

<Transform dim="1"
 xcoef=" 0.54 1 0 0 0 0"
 ycoef=" -0.13 0 1 0 0 0">
<Contour name="D05" hidden="false" closed="true" simplified="true" border="1 1 0" fill="1 1 0" mode="11"
 points="2.69299 3.97404,
	2.70475 3.90163,
	2.73888 3.83632,
	2.79205 3.78448,
	2.85904 3.7512,
	2.93329 3.73974,
	3.00755 3.7512,
	3.07454 3.78448,
	3.12771 3.83632,
	3.16184 3.90163,
	3.1736 3.97404,
	3.16184 4.04644,
	3.12771 4.11175,
	3.07454 4.16359,
	3.00755 4.19687,
	2.93329 4.20833,
	2.85904 4.19687,
	2.79205 4.16359,
	2.73888 4.11175,
	"/>
</Transform>

<Transform dim="0"
 xcoef=" 0 1 0 0 0 0"
 ycoef=" 0 0 1 0 0 0">
<Contour name="d01p06" hidden="false" closed="true" simplified="true" border="1 0 1" fill="1 0 1" mode="9"
 points="5.59616 2.775,
	5.59942 2.75607,
	5.60887 2.73899,
	5.62361 2.72544,
	5.64217 2.71674,
	5.66275 2.71374,
	5.68333 2.71674,
	5.70189 2.72544,
	5.71663 2.73899,
	5.72609 2.75607,
	5.72934 2.775,
	5.72609 2.79394,
	5.71663 2.81102,
	5.70189 2.82457,
	5.68333 2.83327,
	5.66275 2.83627,
	5.64217 2.83327,
	5.62361 2.82457,
	5.60887 2.81102,
	"/>
</Transform>

<Transform dim="0"
 xcoef=" 0 1 0 0 0 0"
 ycoef=" 0 0 1 0 0 0">
<Contour name="d01c08" hidden="false" closed="true" simplified="true" border="0 1 0" fill="0 1 0" mode="9"
 points="6.1 3.45259,
	6.10843 3.41887,
	6.1253 3.38514,
	6.15902 3.36406,
	6.1801 3.33034,
	6.18853 3.31348,
	6.20539 3.29661,
	6.21804 3.26289,
	6.2349 3.24603,
	6.24333 3.24603,
	6.25176 3.2376,
	6.26863 3.24181,
	6.28127 3.25867,
	6.28549 3.27554,
	6.28127 3.2924,
	6.23069 3.35563,
	6.21382 3.36406,
	6.20961 3.39779,
	6.19696 3.43151,
	6.19696 3.44838,
	6.18853 3.46524,
	6.17167 3.4821,
	6.13794 3.48632,
	6.12108 3.4821,
	6.11686 3.47789,
	6.11265 3.48632,
	6.1 3.46946,
	6.1 3.45681,
	"/>
</Transform>

<Transform dim="0"
 xcoef=" 0 1 0 0 0 0"
 ycoef=" 0 0 1 0 0 0">
<Contour name="d01cfa08" hidden="false" closed="false" simplified="false" border="0 1 1" fill="0 1 1" mode="9"
 points="6.27046 3.25809,
	6.27046 3.27074,
	6.26203 3.27495,
	6.23673 3.30446,
	6.21987 3.31711,
	6.19458 3.35083,
	6.15242 3.43093,
	6.1187 3.48995,
	"/>
</Transform>

<Transform dim="0"
 xcoef=" 0 1 0 0 0 0"
 ycoef=" 0 0 1 0 0 0">
<Contour name="d01" hidden="false" closed="true" simplified="true" border="1 0.5 0" fill="1 0.5 0" mode="9"
 points="6.08403 3.56411,
	6.15329 3.39363,
	6.22254 3.30839,
	6.24918 3.26577,
	6.27049 3.24979,
	6.26516 3.20717,
	6.27049 3.16455,
	6.28647 3.12193,
	6.2918 3.11127,
	6.37704 3.1166,
	6.39835 3.11127,
	6.44097 3.12193,
	6.45695 3.13791,
	6.46228 3.15922,
	6.5049 3.1752,
	6.53154 3.21782,
	6.54219 3.23913,
	6.58481 3.28175,
	6.60612 3.32437,
	6.69137 3.3297,
	6.73399 3.33503,
	6.81923 3.37232,
	6.84054 3.38298,
	6.86185 3.4256,
	6.83521 3.51084,
	6.80857 3.55346,
	6.77128 3.59075,
	6.72866 3.6014,
	6.70735 3.60673,
	6.62211 3.69197,
	6.53687 3.76123,
	6.45163 3.78787,
	6.28115 3.77721,
	6.23853 3.77188,
	6.15329 3.72394,
	6.13198 3.71328,
	6.11067 3.69197,
	6.10534 3.68132,
	6.11067 3.66001,
	6.08403 3.57477,
	6.08403 3.56944,
	"/>
</Transform>

<Transform dim="0"
 xcoef=" 0 1 0 0 0 0"
 ycoef=" 0 0 1 0 0 0">
<Contour name="d02" hidden="false" closed="true" simplified="true" border="0.5 0 1" fill="0.5 0 1" mode="9"
 points="5.46804 5.78665,
	5.48095 5.7522,
	5.48526 5.73498,
	5.5154 5.70484,
	5.54984 5.69623,
	5.56706 5.69193,
	5.57568 5.69193,
	5.58859 5.70915,
	5.5929 5.74359,
	5.58859 5.75651,
	5.5972 5.76081,
	5.58859 5.77804,
	5.57137 5.79526,
	5.53693 5.81248,
	5.50248 5.81679,
	5.48526 5.81679,
	5.47665 5.81679,
	5.46804 5.79956,
	5.46804 5.79095,
	"/>
</Transform>

<Transform dim="0"
 xcoef=" 0 1 0 0 0 0"
 ycoef=" 0 0 1 0 0 0">
<Contour name="d02" hidden="false" closed="true" simplified="true" border="0.5 0 1" fill="0.5 0 1" mode="9"
 points="4.24968 6.1607,
	4.27641 6.12506,
	4.28977 6.1117,
	4.36105 6.12952,
	4.39668 6.14734,
	4.4145 6.16516,
	4.43232 6.17407,
	4.57487 6.17852,
	4.6105 6.18297,
	4.68178 6.16961,
	4.75305 6.16961,
	4.76196 6.16516,
	4.7575 6.14734,
	4.74414 6.12952,
	4.7486 6.1117,
	4.78423 6.08497,
	4.81987 6.07161,
	4.85551 6.06716,
	4.89114 6.04934,
	4.96242 6.03597,
	4.98023 6.03597,
	5.01587 6.01815,
	5.15842 6.03597,
	5.19405 6.03597,
	5.21187 6.04043,
	5.24751 6.02706,
	5.26978 5.99588,
	5.27869 5.97806,
	5.29651 5.9647,
	5.31433 5.9647,
	5.34551 5.99588,
	5.34997 6.06716,
	5.35442 6.08497,
	5.34106 6.12061,
	5.33215 6.13843,
	5.31878 6.28098,
	5.30097 6.31661,
	5.30542 6.35225,
	5.30987 6.37007,
	5.30542 6.4057,
	5.30097 6.42352,
	5.30097 6.43243,
	5.28315 6.4458,
	5.27424 6.4547,
	5.25642 6.4547,
	5.24751 6.4547,
	5.21187 6.43243,
	5.19405 6.42798,
	5.12278 6.45916,
	5.08269 6.53043,
	5.05151 6.60171,
	5.02923 6.63734,
	4.9936 6.65071,
	4.97578 6.65516,
	4.98914 6.66407,
	5.02478 6.66853,
	5.06042 6.6908,
	5.07824 6.69971,
	5.09605 6.69971,
	5.13169 6.71307,
	5.16733 6.71307,
	5.2386 6.73534,
	5.27424 6.76653,
	5.29206 6.77989,
	5.29206 6.79771,
	5.29206 6.80662,
	5.27424 6.81998,
	5.26533 6.82889,
	5.19405 6.81553,
	5.15842 6.80662,
	5.12278 6.7888,
	5.05151 6.77989,
	4.98023 6.77989,
	4.9446 6.77544,
	4.90896 6.76207,
	4.89114 6.74871,
	4.85551 6.74425,
	4.8466 6.7398,
	4.83323 6.74871,
	4.83323 6.75762,
	4.86887 6.77989,
	4.92678 6.84671,
	4.93569 6.85562,
	4.90451 6.89125,
	4.8956 6.90016,
	4.82432 6.86007,
	4.78869 6.83334,
	4.71741 6.76653,
	4.64614 6.71307,
	4.6105 6.68634,
	4.59268 6.67298,
	4.57487 6.66853,
	4.54368 6.63289,
	4.53923 6.56161,
	4.53478 6.52598,
	4.50359 6.49925,
	4.46796 6.49034,
	4.43232 6.47252,
	4.39668 6.4458,
	4.38332 6.42798,
	4.37441 6.3567,
	4.37441 6.32107,
	4.34323 6.24979,
	4.32986 6.23197,
	4.26305 6.21861,
	4.24968 6.20525,
	4.24968 6.16961,
	4.24968 6.16516,
	"/>
</Transform>

<Transform dim="0"
 xcoef=" 0 1 0 0 0 0"
 ycoef=" 0 0 1 0 0 0">
<Contour name="d02" hidden="false" closed="true" simplified="true" border="0.5 0 1" fill="0.5 0 1" mode="9"
 points="3.5163 6.02794,
	3.58936 5.98684,
	3.60306 5.96857,
	3.6396 5.97314,
	3.65786 5.97771,
	3.6944 6.00054,
	3.71266 6.00967,
	3.71723 6.02794,
	3.71723 6.03707,
	3.79029 6.03707,
	3.82683 6.0325,
	3.89989 6.00054,
	3.91816 5.99141,
	3.95013 5.95487,
	3.95469 5.93661,
	3.97296 5.92747,
	4.00036 5.89551,
	4.01406 5.87724,
	4.08712 5.86354,
	4.16019 5.86811,
	4.19672 5.87724,
	4.23326 5.90464,
	4.24239 5.94117,
	4.23782 5.97771,
	4.22869 5.99597,
	4.19672 6.0325,
	4.16476 6.05534,
	4.12822 6.06904,
	4.10996 6.0736,
	4.07799 6.10557,
	4.06886 6.12384,
	4.00036 6.1969,
	3.99123 6.21517,
	3.98209 6.2243,
	3.94556 6.23344,
	3.87249 6.21974,
	3.83596 6.20604,
	3.82683 6.1969,
	3.6807 6.15124,
	3.64416 6.1421,
	3.6259 6.13754,
	3.61676 6.1284,
	3.58023 6.1147,
	3.5437 6.09187,
	3.5163 6.05534,
	3.5163 6.03707,
	3.5163 6.0325,
	"/>
</Transform>

<Transform dim="0"
 xcoef=" 0 1 0 0 0 0"
 ycoef=" 0 0 1 0 0 0">
<Contour name="d02c42" hidden="false" closed="true" simplified="true" border="0 1 0" fill="0 1 0" mode="9"
 points="3.62048 6.02783,
	3.63097 6.01104,
	3.63936 6.00474,
	3.65616 6.00264,
	3.67295 6.01524,
	3.68974 6.02153,
	3.69813 6.02363,
	3.71492 6.01943,
	3.7485 6.00474,
	3.81567 5.98585,
	3.83246 5.98166,
	3.84925 5.97326,
	3.88283 5.96486,
	3.91431 5.94598,
	3.91851 5.94178,
	3.9269 5.93968,
	3.96049 5.91869,
	3.96888 5.91239,
	3.98567 5.91449,
	3.98987 5.91659,
	3.98987 5.92079,
	3.96258 5.95227,
	3.9395 5.98375,
	3.9311 5.99005,
	3.89752 6.00474,
	3.83036 6.02363,
	3.79678 6.03413,
	3.78838 6.03413,
	3.7548 6.04462,
	3.73801 6.04672,
	3.72961 6.04672,
	3.71282 6.03832,
	3.71073 6.03622,
	3.69393 6.04252,
	3.68764 6.04882,
	3.67085 6.04882,
	3.66245 6.04462,
	3.62887 6.04672,
	3.62048 6.04252,
	3.62048 6.03413,
	3.62048 6.02993,
	"/>
</Transform>

<Transform dim="0"
 xcoef=" 0 1 0 0 0 0"
 ycoef=" 0 0 1 0 0 0">
<Contour name="d02cfa42" hidden="false" closed="false" simplified="false" border="0 1 1" fill="0 1 1" mode="9"
 points="3.98189 5.91675,
	3.93152 5.96922,
	3.88534 5.98811,
	3.7741 6.0154,
	3.70274 6.03009,
	3.67966 6.02799,
	3.62929 6.0133,
	"/>
</Transform>

<Transform dim="0"
 xcoef=" 0 1 0 0 0 0"
 ycoef=" 0 0 1 0 0 0">
<Contour name="d06" hidden="false" closed="true" simplified="true" border="0 0 1" fill="0 0 1" mode="9"
 points="2.47739 7.93656,
	2.4969 7.89198,
	2.53591 7.85018,
	2.62509 7.84739,
	2.64738 7.86132,
	2.65295 7.86411,
	2.64459 7.8864,
	2.64181 7.90591,
	2.64181 7.91706,
	2.64181 7.92263,
	2.63623 7.9282,
	2.63623 7.93378,
	2.62787 7.94214,
	2.61951 7.96443,
	2.61673 7.98673,
	2.60837 8.00902,
	2.60837 8.03131,
	2.60837 8.03689,
	2.60001 8.04803,
	2.58886 8.05361,
	2.54427 8.05361,
	2.52198 8.05361,
	2.51083 8.04246,
	2.48854 8.02853,
	2.48018 8.02017,
	2.47739 7.97558,
	2.47739 7.95329,
	2.47739 7.94214,
	2.47739 7.93935,
	"/>
<Contour name="d06" hidden="false" closed="true" simplified="true" border="0 0 1" fill="0 0 1" mode="9"
 points="2.31019 7.44332,
	2.32969 7.42381,
	2.41887 7.37086,
	2.44116 7.36529,
	2.45231 7.35971,
	2.45788 7.35971,
	2.4969 7.32906,
	2.5164 7.31234,
	2.52755 7.30677,
	2.61673 7.30398,
	2.63902 7.29562,
	2.66131 7.29283,
	2.7059 7.26775,
	2.72819 7.25103,
	2.75049 7.24267,
	2.83966 7.23989,
	2.92884 7.24267,
	2.97343 7.22874,
	2.99572 7.22038,
	3.00687 7.21759,
	3.01801 7.22317,
	3.02359 7.22874,
	3.02637 7.22595,
	3.02359 7.22038,
	3.02637 7.21759,
	3.03752 7.22595,
	3.05981 7.23153,
	3.1044 7.23153,
	3.12669 7.23153,
	3.12948 7.25382,
	3.12948 7.26497,
	3.11555 7.28726,
	3.10719 7.29841,
	3.07653 7.38758,
	3.07375 7.39873,
	3.05981 7.41824,
	3.04309 7.46282,
	3.02916 7.48512,
	3.02359 7.49069,
	3.01801 7.53528,
	3.01801 7.55757,
	3.01244 7.57987,
	3.01244 7.59101,
	3.01244 7.59659,
	3.00129 7.60495,
	2.99015 7.60773,
	2.96785 7.62445,
	2.94556 7.6356,
	2.85638 7.69969,
	2.85081 7.70527,
	2.82852 7.71363,
	2.73934 7.71363,
	2.71705 7.71363,
	2.67246 7.69969,
	2.66131 7.69691,
	2.61951 7.66625,
	2.57492 7.64953,
	2.53034 7.63839,
	2.50804 7.63003,
	2.46346 7.62724,
	2.44116 7.62724,
	2.41887 7.61888,
	2.37707 7.58823,
	2.34641 7.552,
	2.32133 7.50741,
	2.31855 7.48512,
	2.31019 7.46282,
	2.31019 7.45168,
	2.31019 7.4461,
	"/>
</Transform>

<Transform dim="0"
 xcoef=" 0 1 0 0 0 0"
 ycoef=" 0 0 1 0 0 0">
<Contour name="d06" hidden="false" closed="true" simplified="true" border="0 0 1" fill="0 0 1" mode="9"
 points="3.58372 7.18973,
	3.6088 7.14514,
	3.6506 7.1117,
	3.66174 7.10334,
	3.68404 7.09498,
	3.70633 7.09219,
	3.71748 7.09219,
	3.73977 7.10334,
	3.74535 7.11448,
	3.74535 7.15907,
	3.74813 7.18137,
	3.75928 7.20366,
	3.76485 7.22595,
	3.76764 7.2371,
	3.80108 7.2789,
	3.81223 7.29005,
	3.82616 7.30677,
	3.84288 7.32906,
	3.88747 7.35971,
	3.90976 7.36807,
	3.99894 7.37086,
	4.01008 7.37086,
	4.02959 7.38758,
	4.04074 7.39594,
	4.05188 7.39873,
	4.09647 7.3848,
	4.10762 7.37922,
	4.15221 7.37644,
	4.1745 7.37644,
	4.19679 7.36529,
	4.24138 7.33463,
	4.28597 7.32627,
	4.30826 7.32349,
	4.31105 7.33463,
	4.30826 7.35693,
	4.28875 7.40152,
	4.28597 7.41266,
	4.26367 7.43496,
	4.21909 7.46004,
	4.1745 7.46282,
	4.15221 7.46282,
	4.14106 7.46282,
	4.11877 7.47118,
	4.02959 7.47118,
	3.985 7.4684,
	3.96271 7.46004,
	3.94042 7.4461,
	3.92927 7.43774,
	3.84009 7.43496,
	3.8178 7.43496,
	3.77321 7.42102,
	3.75092 7.40988,
	3.72862 7.39316,
	3.71748 7.3848,
	3.7119 7.3848,
	3.66732 7.35135,
	3.66174 7.34578,
	3.65617 7.32349,
	3.62552 7.28169,
	3.60322 7.26218,
	3.59208 7.25103,
	3.5865 7.23989,
	3.58372 7.1953,
	3.58372 7.19251,
	"/>
</Transform>

<Transform dim="0"
 xcoef=" 0 1 0 0 0 0"
 ycoef=" 0 0 1 0 0 0">
<Contour name="d06c10" hidden="false" closed="true" simplified="true" border="0 1 0" fill="0 1 0" mode="9"
 points="4.03819 7.40268,
	4.04222 7.38654,
	4.05433 7.3704,
	4.11887 7.33006,
	4.18342 7.30586,
	4.21569 7.30586,
	4.23183 7.30586,
	4.24797 7.32199,
	4.252 7.35427,
	4.24797 7.3704,
	4.2278 7.39057,
	4.16325 7.41478,
	4.0987 7.41881,
	4.06643 7.41881,
	4.05029 7.41881,
	4.03819 7.40671,
	"/>
<Contour name="d06cfa10" hidden="false" closed="false" simplified="false" border="0 1 1" fill="0 1 1" mode="9"
 points="4.25309 7.32857,
	4.17644 7.36891,
	4.09173 7.38908,
	4.03928 7.40118,
	"/>
</Transform>

<Transform dim="0"
 xcoef=" 0 1 0 0 0 0"
 ycoef=" 0 0 1 0 0 0">
<Contour name="d07" hidden="false" closed="true" simplified="true" border="1 0 1" fill="1 0 1" mode="9"
 points="2.9894 8.32823,
	3.00693 8.3107,
	3.02446 8.30193,
	3.05953 8.30193,
	3.07706 8.29316,
	3.0946 8.29755,
	3.10775 8.31508,
	3.10775 8.33261,
	3.10775 8.34138,
	3.07268 8.37206,
	3.03761 8.37645,
	3.00255 8.37206,
	2.9894 8.35453,
	2.9894 8.337,
	2.9894 8.33261,
	"/>
<Contour name="d07" hidden="false" closed="true" simplified="true" border="1 0 1" fill="1 0 1" mode="9"
 points="3.01131 6.66258,
	3.05076 6.59245,
	3.07706 6.55739,
	3.08583 6.53985,
	3.0946 6.53109,
	3.12966 6.53109,
	3.14719 6.53109,
	3.18226 6.553,
	3.20418 6.58807,
	3.21294 6.6056,
	3.21294 6.64067,
	3.20856 6.6582,
	3.18664 6.69327,
	3.17788 6.7108,
	3.17349 6.78093,
	3.16034 6.79847,
	3.14281 6.80723,
	3.13404 6.816,
	3.09898 6.816,
	3.08145 6.816,
	3.04638 6.78532,
	3.02885 6.77655,
	3.01131 6.75902,
	3.01131 6.68888,
	3.01131 6.67135,
	3.01131 6.66697,
	"/>
<Contour name="d07" hidden="false" closed="true" simplified="true" border="1 0 1" fill="1 0 1" mode="9"
 points="3.25239 7.55239,
	3.29184 7.48226,
	3.32253 7.41213,
	3.33568 7.37706,
	3.33568 7.34199,
	3.35321 7.32446,
	3.38827 7.30254,
	3.39704 7.29378,
	3.53731 7.29378,
	3.60744 7.29378,
	3.64251 7.29378,
	3.66004 7.31131,
	3.6688 7.32446,
	3.68634 7.34199,
	3.75647 7.39021,
	3.76524 7.39021,
	3.8003 7.41651,
	3.87044 7.44281,
	3.9055 7.45596,
	4.04577 7.46911,
	4.18603 7.46911,
	4.25616 7.46911,
	4.29123 7.46911,
	4.30876 7.46911,
	4.3789 7.53047,
	4.40081 7.56554,
	4.40081 7.63567,
	4.40081 7.65321,
	4.38766 7.66636,
	4.3789 7.66636,
	4.34821 7.70142,
	4.33068 7.71457,
	4.26055 7.72334,
	4.12028 7.72334,
	4.08522 7.73649,
	4.07645 7.74525,
	4.06768 7.74525,
	4.05015 7.7584,
	4.01508 7.77155,
	4.00632 7.77155,
	3.99755 7.78032,
	3.98002 7.7847,
	3.96248 7.79785,
	3.94495 7.80224,
	3.87482 7.84607,
	3.86605 7.85484,
	3.83099 7.8636,
	3.55046 7.85922,
	3.51539 7.85045,
	3.49786 7.84169,
	3.46717 7.80662,
	3.45841 7.73649,
	3.40581 7.66636,
	3.38827 7.63129,
	3.36198 7.59622,
	3.29184 7.59622,
	3.27431 7.59622,
	3.26554 7.59622,
	3.25239 7.57869,
	3.25239 7.56116,
	3.25239 7.55677,
	"/>
</Transform>

<Transform dim="0"
 xcoef=" 0 1 0 0 0 0"
 ycoef=" 0 0 1 0 0 0">
<Contour name="d08" hidden="false" closed="true" simplified="true" border="1 0 0" fill="1 0 0" mode="9"
 points="4.81905 3.50477,
	4.83675 3.46936,
	4.8456 3.45166,
	4.8456 3.38086,
	4.85003 3.36316,
	4.88101 3.32776,
	4.91641 3.30563,
	4.95181 3.29236,
	5.02261 3.30121,
	5.16422 3.30121,
	5.23502 3.29678,
	5.27042 3.30121,
	5.33238 3.36758,
	5.36335 3.39414,
	5.38105 3.41184,
	5.41646 3.41184,
	5.45186 3.43396,
	5.46956 3.44281,
	5.48726 3.46051,
	5.49611 3.47821,
	5.50054 3.51362,
	5.51381 3.54902,
	5.51381 3.69062,
	5.51381 3.76143,
	5.51381 3.79683,
	5.50054 3.81453,
	5.46956 3.83666,
	5.45186 3.85436,
	5.44301 3.88976,
	5.42973 3.90746,
	5.41646 3.94286,
	5.40761 3.96056,
	5.40761 3.99596,
	5.39433 4.00924,
	5.35893 4.01367,
	5.32353 4.00924,
	5.30583 4.00924,
	5.23502 3.96056,
	5.19962 3.93844,
	5.05801 3.93844,
	4.98721 3.93844,
	4.96951 3.93401,
	4.95181 3.91631,
	4.92968 3.84551,
	4.92968 3.83666,
	4.89871 3.80126,
	4.88101 3.78355,
	4.86331 3.74815,
	4.86331 3.71275,
	4.86331 3.69505,
	4.85445 3.67735,
	4.85445 3.6685,
	4.83233 3.6331,
	4.82348 3.62425,
	4.81905 3.55344,
	4.81905 3.51804,
	4.81905 3.50919,
	"/>
</Transform>

<Transform dim="0"
 xcoef=" 0 1 0 0 0 0"
 ycoef=" 0 0 1 0 0 0">
<Contour name="D05" hidden="false" closed="true" simplified="true" border="1 1 0" fill="1 1 0" mode="11"
 points="2.20135 4.13259,
	2.20328 4.10187,
	2.20905 4.07168,
	2.21855 4.04252,
	2.23162 4.01491,
	2.24804 3.98932,
	2.26752 3.96617,
	2.28974 3.94587,
	2.31432 3.92877,
	2.34082 3.91515,
	2.36881 3.90526,
	2.3978 3.89925,
	2.42729 3.89724,
	2.45678 3.89925,
	2.48576 3.90526,
	2.51375 3.91515,
	2.54026 3.92877,
	2.56483 3.94587,
	2.58705 3.96617,
	2.60654 3.98932,
	2.62296 4.01491,
	2.63603 4.04252,
	2.64553 4.07168,
	2.65129 4.10187,
	2.65323 4.13259,
	2.65129 4.16331,
	2.64553 4.1935,
	2.63603 4.22266,
	2.62296 4.25027,
	2.60654 4.27586,
	2.58705 4.29901,
	2.56483 4.31931,
	2.54026 4.33641,
	2.51375 4.35003,
	2.48576 4.35992,
	2.45678 4.36593,
	2.42729 4.36794,
	2.3978 4.36593,
	2.36881 4.35992,
	2.34082 4.35003,
	2.31432 4.33641,
	2.28974 4.31931,
	2.26752 4.29901,
	2.24804 4.27586,
	2.23162 4.25027,
	2.21855 4.22266,
	2.20905 4.1935,
	2.20328 4.16331,
	"/>
</Transform>

<Transform dim="0"
 xcoef=" 0 1 0 0 0 0"
 ycoef=" 0 0 1 0 0 0">
<Contour name="D11" hidden="false" closed="true" simplified="true" border="1 0.5 0" fill="1 0.5 0" mode="11"
 points="5.0879 4.15897,
	5.09551 4.13795,
	5.11759 4.11898,
	5.15199 4.10393,
	5.19533 4.09427,
	5.24338 4.09094,
	5.29143 4.09427,
	5.33477 4.10393,
	5.36917 4.11898,
	5.39125 4.13795,
	5.39886 4.15897,
	5.39125 4.17999,
	5.36917 4.19895,
	5.33477 4.214,
	5.29143 4.22366,
	5.24338 4.22699,
	5.19533 4.22366,
	5.15199 4.214,
	5.11759 4.19895,
	"/>
</Transform>

<Transform dim="0"
 xcoef=" 0 1 0 0 0 0"
 ycoef=" 0 0 1 0 0 0">
<Contour name="D05" hidden="false" closed="true" simplified="true" border="1 1 0" fill="1 1 0" mode="11"
 points="3.27072 4.55739,
	3.27333 4.54988,
	3.28093 4.54311,
	3.29275 4.53773,
	3.30765 4.53428,
	3.32416 4.53309,
	3.34068 4.53428,
	3.35558 4.53773,
	3.3674 4.54311,
	3.375 4.54988,
	3.37761 4.55739,
	3.375 4.56489,
	3.3674 4.57167,
	3.35558 4.57704,
	3.34068 4.58049,
	3.32416 4.58168,
	3.30765 4.58049,
	3.29275 4.57704,
	3.28093 4.57167,
	"/>
</Transform>

<Transform dim="0"
 xcoef=" 0 1 0 0 0 0"
 ycoef=" 0 0 1 0 0 0">
<Contour name="D13" hidden="false" closed="true" simplified="true" border="1 0 0.5" fill="1 0 0.5" mode="11"
 points="5.38428 4.52337,
	5.38702 4.50986,
	5.39496 4.49767,
	5.40732 4.488,
	5.42289 4.48179,
	5.44016 4.47965,
	5.45743 4.48179,
	5.473 4.488,
	5.48536 4.49767,
	5.4933 4.50986,
	5.49604 4.52337,
	5.4933 4.53689,
	5.48536 4.54908,
	5.473 4.55875,
	5.45743 4.56496,
	5.44016 4.5671,
	5.42289 4.56496,
	5.40732 4.55875,
	5.39496 4.54908,
	"/>
<Contour name="D13" hidden="false" closed="true" simplified="true" border="1 0 0.5" fill="1 0 0.5" mode="11"
 points="4.99558 4.56467,
	4.99748 4.55491,
	5.00301 4.54611,
	5.01161 4.53912,
	5.02244 4.53464,
	5.03445 4.53309,
	5.04646 4.53464,
	5.0573 4.53912,
	5.0659 4.54611,
	5.07142 4.55491,
	5.07332 4.56467,
	5.07142 4.57443,
	5.0659 4.58324,
	5.0573 4.59022,
	5.04646 4.59471,
	5.03445 4.59626,
	5.02244 4.59471,
	5.01161 4.59022,
	5.00301 4.58324,
	"/>
</Transform>

<Transform dim="0"
 xcoef=" 0 1 0 0 0 0"
 ycoef=" 0 0 1 0 0 0">
<Contour name="D15" hidden="false" closed="true" simplified="true" border="1 1 0" fill="1 1 0" mode="11"
 points="5.44745 6.31869,
	5.45058 6.27943,
	5.45985 6.24183,
	5.47486 6.20749,
	5.49498 6.17784,
	5.51935 6.15415,
	5.54695 6.13742,
	5.57661 6.12836,
	5.60708 6.12734,
	5.63706 6.13442,
	5.66529 6.14929,
	5.69057 6.17132,
	5.71184 6.19958,
	5.7282 6.23288,
	5.73895 6.26981,
	5.74364 6.30881,
	5.74207 6.34823,
	5.73431 6.38639,
	5.72068 6.42169,
	5.70177 6.45264,
	5.67837 6.47792,
	5.65147 6.49647,
	5.62221 6.5075,
	5.59182 6.51055,
	5.5616 6.50548,
	5.53282 6.49251,
	5.50669 6.4722,
	5.48433 6.44539,
	5.46667 6.41322,
	5.45447 6.37706,
	"/>
<Contour name="D15" hidden="false" closed="true" simplified="true" border="1 1 0" fill="1 1 0" mode="11"
 points="5.0053 5.19388,
	5.00637 5.18187,
	5.00948 5.17104,
	5.01431 5.16244,
	5.02041 5.15692,
	5.02716 5.15501,
	5.03392 5.15692,
	5.04002 5.16244,
	5.04485 5.17104,
	5.04796 5.18187,
	5.04903 5.19388,
	5.04796 5.2059,
	5.04485 5.21673,
	5.04002 5.22533,
	5.03392 5.23085,
	5.02716 5.23275,
	5.02041 5.23085,
	5.01431 5.22533,
	5.00948 5.21673,
	"/>
</Transform>

<Transform dim="0"
 xcoef=" 0 1 0 0 0 0"
 ycoef=" 0 0 1 0 0 0">
<Contour name="D16" hidden="false" closed="true" simplified="true" border="0 0 1" fill="0 0 1" mode="11"
 points="2.16588 2.10208,
	2.1706 2.07726,
	2.18434 2.05465,
	2.20588 2.03625,
	2.23331 2.0237,
	2.26419 2.01811,
	2.29578 2.01999,
	2.32526 2.02916,
	2.35002 2.04481,
	2.36787 2.06554,
	2.3772 2.08953,
	2.3772 2.11463,
	2.36787 2.13861,
	2.35002 2.15935,
	2.32526 2.175,
	2.29578 2.18417,
	2.26419 2.18604,
	2.23331 2.18046,
	2.20588 2.16791,
	2.18434 2.14951,
	"/>
<Contour name="D16" hidden="false" closed="true" simplified="true" border="0 0 1" fill="0 0 1" mode="11"
 points="2.6751 2.62132,
	2.67647 2.61079,
	2.68046 2.60129,
	2.68667 2.59375,
	2.69449 2.58891,
	2.70317 2.58724,
	2.71184 2.58891,
	2.71967 2.59375,
	2.72587 2.60129,
	2.72986 2.61079,
	2.73123 2.62132,
	2.72986 2.63185,
	2.72587 2.64136,
	2.71967 2.6489,
	2.71184 2.65374,
	2.70317 2.6554,
	2.69449 2.65374,
	2.68667 2.6489,
	2.68046 2.64136,
	"/>
</Transform>

<Transform dim="0"
 xcoef=" 0 1 0 0 0 0"
 ycoef=" 0 0 1 0 0 0">
<Contour name="d02" hidden="false" closed="true" simplified="true" border="0.5 0 1" fill="0.5 0 1" mode="9"
 points="5.3368 5.78187,
	5.40096 5.7538,
	5.417 5.7498,
	5.44907 5.76182,
	5.4611 5.77786,
	5.46912 5.78187,
	5.46912 5.84603,
	5.44907 5.87409,
	5.43304 5.8781,
	5.36888 5.84603,
	5.34081 5.81796,
	5.3368 5.78588,
	"/>
</Transform>

<Transform dim="0"
 xcoef=" 0 1 0 0 0 0"
 ycoef=" 0 0 1 0 0 0">
<Contour name="D19" hidden="false" closed="true" simplified="true" border="0 1 0" fill="0 1 0" mode="11"
 points="2.23828 5.96783,
	2.24135 5.93576,
	2.25034 5.90597,
	2.26462 5.88057,
	2.28318 5.86137,
	2.30468 5.84974,
	2.32761 5.8465,
	2.35033 5.85189,
	2.37124 5.86551,
	2.38883 5.8864,
	2.40188 5.91308,
	2.40944 5.94365,
	2.41097 5.97594,
	2.40638 6.00765,
	2.39599 6.03653,
	2.38053 6.06053,
	2.36111 6.07794,
	2.3391 6.08753,
	2.31607 6.08861,
	2.29365 6.08111,
	2.27344 6.06556,
	2.25688 6.04306,
	2.24514 6.01522,
	"/>
</Transform>

<Transform dim="0"
 xcoef=" 0 1 0 0 0 0"
 ycoef=" 0 0 1 0 0 0">
<Contour name="D14" hidden="false" closed="true" simplified="true" border="1 0 0" fill="1 0 0" mode="11"
 points="6.26997 6.19958,
	6.27321 6.15638,
	6.28261 6.11741,
	6.29726 6.08649,
	6.31572 6.06663,
	6.33618 6.05979,
	6.35664 6.06663,
	6.3751 6.08649,
	6.38975 6.11741,
	6.39915 6.15638,
	6.40239 6.19958,
	6.39915 6.24277,
	6.38975 6.28174,
	6.3751 6.31267,
	6.35664 6.33252,
	6.33618 6.33936,
	6.31572 6.33252,
	6.29726 6.31267,
	6.28261 6.28174,
	"/>
</Transform>

<Transform dim="0"
 xcoef=" 0 1 0 0 0 0"
 ycoef=" 0 0 1 0 0 0">
<Contour name="d01p05" hidden="false" closed="true" simplified="false" border="1 1 0" fill="1 1 0" mode="-9"
 points="5.02346 3.06392,
	5.02346 3.01169,
	4.97123 3.01169,
	4.97123 3.05739,
	4.9647 3.06392,
	4.9647 3.00516,
	5.02999 3.00516,
	5.02999 3.07045,
	4.9647 3.07045,
	4.97123 3.06392,
	"/>
<Contour name="d01" hidden="false" closed="true" simplified="true" border="1 0.5 0" fill="1 0.5 0" mode="9"
 points="5.02162 3.20065,
	4.95954 3.21423,
	4.9285 3.22005,
	4.92074 3.22199,
	4.8897 3.24721,
	4.87417 3.26273,
	4.85865 3.27243,
	4.84313 3.27631,
	4.83925 3.27825,
	4.81791 3.21811,
	4.81209 3.18707,
	4.81015 3.17155,
	4.79657 3.14051,
	4.79075 3.13469,
	4.79657 3.12693,
	4.78881 3.06484,
	4.78881 3.06096,
	4.79463 3.05902,
	4.79851 3.0629,
	4.80239 3.0629,
	4.81791 3.07454,
	4.82567 3.07648,
	4.82955 3.08036,
	4.83343 3.08036,
	4.84895 3.09006,
	4.85477 3.09588,
	4.85865 3.09588,
	4.86641 3.10365,
	4.9285 3.14051,
	4.94402 3.15215,
	4.95954 3.15991,
	4.9673 3.16573,
	4.97118 3.16573,
	5.00028 3.18513,
	5.00804 3.18901,
	5.01192 3.19289,
	5.0158 3.19289,
	5.01968 3.19677,
	5.02162 3.19677,
	"/>
</Transform>

<Transform dim="0"
 xcoef=" 0 1 0 0 0 0"
 ycoef=" 0 0 1 0 0 0">
<Contour name="d01" hidden="false" closed="true" simplified="true" border="1 0.5 0" fill="1 0.5 0" mode="9"
 points="4.77883 2.96392,
	4.818 2.91169,
	4.83105 2.89863,
	4.88328 2.90516,
	4.89634 2.9019,
	4.9094 2.84967,
	4.88981 2.64076,
	4.89634 2.5363,
	4.8996 2.52325,
	4.92572 2.49713,
	4.95183 2.48408,
	4.96489 2.48081,
	4.98774 2.45796,
	5.00079 2.44491,
	5.05302 2.41226,
	5.10198 2.36004,
	5.11178 2.34698,
	5.11504 2.34045,
	5.10198 2.31434,
	5.09872 2.30128,
	5.10198 2.28822,
	5.15421 2.23599,
	5.20644 2.20009,
	5.25867 2.17724,
	5.28478 2.17397,
	5.28805 2.17071,
	5.33048 2.22294,
	5.35333 2.24905,
	5.37944 2.26864,
	5.3925 2.27843,
	5.39903 2.28169,
	5.3925 2.33392,
	5.40556 2.34698,
	5.41861 2.35351,
	5.47084 2.3633,
	5.51654 2.41226,
	5.52307 2.42532,
	5.52307 2.43185,
	5.53613 2.44164,
	5.64058 2.48081,
	5.68302 2.53304,
	5.7026 2.55915,
	5.71892 2.61138,
	5.76789 2.65382,
	5.82011 2.68972,
	5.84623 2.71584,
	5.89846 2.74848,
	5.91478 2.77459,
	5.91804 2.78765,
	5.90825 2.81376,
	5.90172 2.82682,
	5.84949 2.85946,
	5.79727 2.87578,
	5.69281 2.88558,
	5.6667 2.89863,
	5.56224 2.99656,
	5.51328 3.03899,
	5.50675 3.05205,
	5.49369 3.06511,
	5.48716 3.09122,
	5.48716 3.10428,
	5.46431 3.13039,
	5.4382 3.14671,
	5.41209 3.16956,
	5.39903 3.17283,
	5.38597 3.18262,
	5.35986 3.18588,
	5.30763 3.17936,
	5.2554 3.14345,
	5.24235 3.13692,
	5.13789 3.15324,
	5.11178 3.1663,
	5.05955 3.17283,
	5.04649 3.17936,
	5.03996 3.17936,
	5.01712 3.20221,
	4.96489 3.21526,
	4.93877 3.21853,
	4.92572 3.21853,
	4.8996 3.23811,
	4.87349 3.26423,
	4.84738 3.27728,
	4.84085 3.27728,
	4.82126 3.22506,
	4.81147 3.17283,
	4.79841 3.14671,
	4.79188 3.13366,
	4.79515 3.1206,
	4.78862 3.06837,
	4.79188 3.05532,
	4.78209 3.0292,
	4.77883 2.97697,
	4.77883 2.96718,
	"/>
</Transform>

<Transform dim="0"
 xcoef=" 0 1 0 0 0 0"
 ycoef=" 0 0 1 0 0 0">
<Contour name="d08" hidden="false" closed="true" simplified="true" border="1 0 0" fill="1 0 0" mode="9"
 points="4.33228 2.92949,
	4.34556 2.89409,
	4.35441 2.87639,
	4.42521 2.83213,
	4.44291 2.83213,
	4.47831 2.84983,
	4.49159 2.86311,
	4.49601 2.89851,
	4.50044 2.91621,
	4.49601 2.98702,
	4.49601 3.00472,
	4.50486 3.02242,
	4.54027 3.05339,
	4.57124 3.07552,
	4.64204 3.14632,
	4.64204 3.18173,
	4.64204 3.19943,
	4.61107 3.22155,
	4.57567 3.22598,
	4.54027 3.2127,
	4.52256 3.20385,
	4.45176 3.195,
	4.43406 3.195,
	4.36326 3.1242,
	4.34113 3.05339,
	4.33228 3.01799,
	4.33228 2.94719,
	4.33228 2.93391,
	"/>
<Contour name="d08c12" hidden="false" closed="true" simplified="true" border="1 0 0" fill="0 1 0" mode="9"
 points="4.47926 2.88123,
	4.49294 2.87097,
	4.52032 2.87097,
	4.53743 2.92572,
	4.54085 2.98047,
	4.55796 3.00442,
	4.5648 3.01811,
	4.59218 3.04548,
	4.60245 3.05917,
	4.60245 3.06602,
	4.60929 3.07286,
	4.60587 3.10023,
	4.59218 3.10708,
	4.5648 3.10708,
	4.51348 3.05575,
	4.49294 3.02837,
	4.48268 3.001,
	4.47926 2.8915,
	4.47926 2.88466,
	"/>
<Contour name="d08cfa12" hidden="false" closed="false" simplified="false" border="0 1 1" fill="0 1 1" mode="9"
 points="4.58956 3.09743,
	4.58272 3.09058,
	4.55534 3.05294,
	4.51428 3.0153,
	4.49717 2.95713,
	4.49717 2.91949,
	4.49717 2.87158,
	"/>
<Contour name="D05" hidden="false" closed="true" simplified="true" border="1 1 0" fill="1 1 0" mode="11"
 points="4.13596 3.89724,
	4.1401 3.86378,
	4.15214 3.8336,
	4.17088 3.80965,
	4.1945 3.79427,
	4.22068 3.78897,
	4.24687 3.79427,
	4.27049 3.80965,
	4.28923 3.8336,
	4.30126 3.86378,
	4.30541 3.89724,
	4.30126 3.93069,
	4.28923 3.96087,
	4.27049 3.98482,
	4.24687 4.0002,
	4.22068 4.0055,
	4.1945 4.0002,
	4.17088 3.98482,
	4.15214 3.96087,
	"/>
</Transform>

<Transform dim="0"
 xcoef=" 0 1 0 0 0 0"
 ycoef=" 0 0 1 0 0 0">
<Contour name="d03" hidden="false" closed="true" simplified="true" border="0 1 0" fill="0 1 0" mode="9"
 points="2.18267 2.51631,
	2.19514 2.50539,
	2.20138 2.50072,
	2.30116 2.55061,
	2.31363 2.55684,
	2.41341 2.57243,
	2.42588 2.57555,
	2.47577 2.59894,
	2.48824 2.60361,
	2.51319 2.6192,
	2.52566 2.627,
	2.5319 2.63168,
	2.54437 2.65662,
	2.55372 2.68157,
	2.55684 2.70651,
	2.54749 2.73146,
	2.54125 2.74393,
	2.49136 2.74393,
	2.44147 2.73925,
	2.41653 2.7486,
	2.40405 2.75328,
	2.37911 2.75484,
	2.32922 2.75016,
	2.30428 2.74705,
	2.2918 2.74393,
	2.22788 2.64415,
	2.21229 2.6192,
	2.19514 2.56931,
	2.19046 2.55684,
	2.18579 2.5319,
	2.18267 2.51942,
	2.18267 2.51787,
	"/>
<Contour name="d03" hidden="false" closed="true" simplified="true" border="0 1 0" fill="0 1 0" mode="9"
 points="2.83124 2.94272,
	2.83736 2.92312,
	2.87534 2.88759,
	2.91455 2.86432,
	2.92435 2.85819,
	2.92925 2.85574,
	2.9317 2.85452,
	2.9709 2.86432,
	2.9905 2.86922,
	3.0003 2.87167,
	3.03951 2.89739,
	3.04808 2.90475,
	3.06401 2.94395,
	3.05421 2.98315,
	3.04931 3.00275,
	3.04808 3.00766,
	3.03583 3.02726,
	3.03216 3.03216,
	3.01256 3.04196,
	3.00766 3.04441,
	3.0052 3.04563,
	2.966 3.02358,
	2.9464 3.01378,
	2.9366 3.00888,
	2.917 3.01378,
	2.9121 3.01501,
	2.87289 3.00398,
	2.86309 3.00153,
	2.84471 2.98315,
	2.83491 2.97335,
	2.83246 2.9709,
	2.83124 2.9513,
	2.83124 2.9464,
	2.83124 2.94395,
	"/>
<Contour name="d03" hidden="false" closed="true" simplified="true" border="0 1 0" fill="0 1 0" mode="9"
 points="2.79956 3.06695,
	2.81691 3.04382,
	2.82269 3.03804,
	2.84581 3.02648,
	2.86894 3.02503,
	2.8805 3.02359,
	2.92675 3.03515,
	3.01925 3.06984,
	3.04238 3.06839,
	3.05394 3.06839,
	3.05972 3.06839,
	3.07128 3.07417,
	3.07706 3.07706,
	3.09441 3.12331,
	3.09585 3.1291,
	3.08429 3.15222,
	3.07417 3.15945,
	3.06839 3.16234,
	3.04527 3.18402,
	3.0337 3.19558,
	3.01058 3.21292,
	3.0048 3.21581,
	2.98167 3.21292,
	2.97589 3.21148,
	2.96433 3.20281,
	2.94121 3.18113,
	2.89496 3.14933,
	2.88917 3.14644,
	2.86605 3.1262,
	2.85449 3.11609,
	2.80824 3.09007,
	2.8039 3.08429,
	2.80101 3.07273,
	2.79956 3.06839,
	"/>
<Contour name="d03cfa07ax07" hidden="false" closed="false" simplified="false" border="0 1 1" fill="0 1 1" mode="9"
 points="2.97042 3.2156,
	2.92682 3.1938,
	2.85779 3.1393,
	2.80329 3.08117,
	"/>
<Contour name="D16" hidden="false" closed="true" simplified="true" border="0 0 1" fill="0 0 1" mode="11"
 points="2.38641 2.8198,
	2.38759 2.80989,
	2.391 2.80094,
	2.39632 2.79385,
	2.40303 2.78929,
	2.41047 2.78772,
	2.4179 2.78929,
	2.42461 2.79385,
	2.42993 2.80094,
	2.43335 2.80989,
	2.43452 2.8198,
	2.43335 2.82971,
	2.42993 2.83865,
	2.42461 2.84575,
	2.4179 2.85031,
	2.41047 2.85188,
	2.40303 2.85031,
	2.39632 2.84575,
	2.391 2.83865,
	"/>
<Contour name="d03p06" hidden="false" closed="true" simplified="false" border="0 0 1" fill="0 0 1" mode="-9"
 points="3.20815 3.13349,
	3.18758 3.11292,
	3.20815 3.09235,
	3.22872 3.11292,
	"/>
<Contour name="d03" hidden="false" closed="true" simplified="true" border="0 1 0" fill="0 1 0" mode="9"
 points="3.1064 3.1234,
	3.12732 3.11032,
	3.13779 3.10378,
	3.15871 3.09593,
	3.16918 3.09201,
	3.17441 3.08939,
	3.19534 3.06977,
	3.2058 3.06062,
	3.21103 3.05539,
	3.21365 3.04492,
	3.21627 3.00307,
	3.21757 2.9926,
	3.21496 2.97168,
	3.2058 2.92982,
	3.20319 2.91936,
	3.20711 2.8775,
	3.20842 2.87227,
	3.24896 2.84219,
	3.29082 2.8278,
	3.30128 2.82519,
	3.30651 2.82257,
	3.32744 2.82126,
	3.33791 2.82126,
	3.34314 2.82126,
	3.36406 2.80949,
	3.37453 2.80426,
	3.40199 2.7624,
	3.44385 2.73625,
	3.46478 2.72447,
	3.50663 2.70485,
	3.5171 2.69962,
	3.52233 2.69831,
	3.56418 2.70616,
	3.57465 2.70747,
	3.59557 2.70485,
	3.60604 2.70355,
	3.61127 2.70224,
	3.61388 2.70224,
	3.6335 2.68131,
	3.64397 2.67085,
	3.65574 2.64992,
	3.6662 2.64076,
	3.67143 2.63684,
	3.6819 2.63684,
	3.68713 2.63684,
	3.70675 2.65777,
	3.7159 2.66692,
	3.75776 2.69439,
	3.77869 2.70878,
	3.82054 2.74148,
	3.84016 2.75848,
	3.8637 2.80033,
	3.87809 2.82126,
	3.89509 2.84219,
	3.89771 2.84742,
	3.89117 2.86835,
	3.87809 2.95206,
	3.87417 2.97299,
	3.87286 2.98345,
	3.84801 3.0253,
	3.83493 3.04623,
	3.8297 3.05669,
	3.79177 3.09855,
	3.74991 3.13648,
	3.73945 3.14433,
	3.69759 3.16264,
	3.68713 3.16787,
	3.64527 3.17441,
	3.62435 3.17703,
	3.61388 3.17833,
	3.53017 3.16525,
	3.51971 3.16395,
	3.51448 3.16395,
	3.47262 3.17964,
	3.43077 3.19011,
	3.40984 3.19534,
	3.39938 3.19795,
	3.35752 3.19926,
	3.34706 3.19926,
	3.17964 3.16133,
	3.13779 3.14956,
	3.11686 3.14171,
	3.11032 3.13125,
	3.1077 3.12602,
	3.1077 3.12471,
	"/>
<Contour name="d08" hidden="false" closed="true" simplified="true" border="1 0 0" fill="1 0 0" mode="9"
 points="3.29161 3.60344,
	3.31086 3.57265,
	3.33781 3.5457,
	3.461 3.4764,
	3.5226 3.4379,
	3.538 3.42635,
	3.5457 3.4225,
	3.5534 3.42635,
	3.5457 3.45715,
	3.5457 3.48795,
	3.538 3.51875,
	3.538 3.53415,
	3.51875 3.56495,
	3.5072 3.58034,
	3.49565 3.64194,
	3.4918 3.76514,
	3.47255 3.79594,
	3.45715 3.79209,
	3.44945 3.73049,
	3.41865 3.69969,
	3.40325 3.68814,
	3.37245 3.68044,
	3.34166 3.66504,
	3.32626 3.66119,
	3.29546 3.63424,
	3.29161 3.60729,
	"/>
</Transform>

<Transform dim="0"
 xcoef=" 0 1 0 0 0 0"
 ycoef=" 0 0 1 0 0 0">
<Contour name="ax07" comment="LK bouton trace named after cfa" hidden="false" closed="true" simplified="true" border="0 1 1" fill="0.502 1 1" mode="9"
 points="1.50682 3.08579,
	1.51366 3.07584,
	1.51677 3.07086,
	1.52672 3.06091,
	1.53667 3.05345,
	1.54662 3.04909,
	1.5516 3.04785,
	1.5715 3.04661,
	1.57647 3.04599,
	1.58145 3.04661,
	1.58394 3.04723,
	1.58953 3.05718,
	1.59389 3.06713,
	1.59637 3.0721,
	1.597 3.07708,
	1.59886 3.08205,
	1.6057 3.092,
	1.62249 3.1119,
	1.62685 3.11688,
	1.6368 3.12248,
	1.64177 3.12434,
	1.65172 3.12372,
	1.67162 3.12621,
	1.6766 3.12683,
	1.68655 3.12186,
	1.69463 3.1119,
	1.70147 3.10195,
	1.70645 3.0976,
	1.7164 3.09263,
	1.72635 3.0889,
	1.7363 3.08703,
	1.74127 3.08641,
	1.74625 3.08454,
	1.76615 3.09387,
	1.78605 3.10444,
	1.796 3.11004,
	1.80595 3.11439,
	1.8159 3.1175,
	1.8358 3.12123,
	1.84575 3.1231,
	1.85073 3.12372,
	1.87063 3.11999,
	1.89053 3.1175,
	1.91043 3.11688,
	1.95023 3.11875,
	1.97013 3.11999,
	1.98008 3.12123,
	1.98505 3.12186,
	2.00495 3.12932,
	2.0149 3.13243,
	2.02485 3.13429,
	2.0261 3.13491,
	2.0659 3.11501,
	2.0858 3.10506,
	2.09575 3.10071,
	2.1057 3.09822,
	2.1256 3.09076,
	2.1455 3.08081,
	2.15545 3.07708,
	2.16042 3.07459,
	2.18032 3.069,
	2.19027 3.06589,
	2.20022 3.06464,
	2.21017 3.06215,
	2.21515 3.06153,
	2.25495 3.04225,
	2.29475 3.03168,
	2.31465 3.02857,
	2.31963 3.02795,
	2.32958 3.03106,
	2.36938 3.05096,
	2.38928 3.06029,
	2.39923 3.06091,
	2.41913 3.05967,
	2.43903 3.06153,
	2.44898 3.06278,
	2.46888 3.06091,
	2.48878 3.05718,
	2.49127 3.05656,
	2.50122 3.0578,
	2.50619 3.05842,
	2.54599 3.0721,
	2.56589 3.07708,
	2.58579 3.08019,
	2.59574 3.07957,
	2.60072 3.07895,
	2.64052 3.0833,
	2.66042 3.08392,
	2.68032 3.08268,
	2.69027 3.08081,
	2.71017 3.07397,
	2.73007 3.06526,
	2.74002 3.06215,
	2.74499 3.06029,
	2.74997 3.06091,
	2.76987 3.06962,
	2.77982 3.07459,
	2.78915 3.08454,
	2.79723 3.09449,
	2.80967 3.11439,
	2.82024 3.13429,
	2.82522 3.14424,
	2.8277 3.14922,
	2.8476 3.16787,
	2.85755 3.17596,
	2.87745 3.18964,
	2.89736 3.20083,
	2.90731 3.20768,
	2.94711 3.2282,
	2.96701 3.23877,
	2.98691 3.25058,
	2.99686 3.25805,
	3.03666 3.27981,
	3.04661 3.28479,
	3.06651 3.30034,
	3.08641 3.31713,
	3.09511 3.32708,
	3.10755 3.34698,
	3.1175 3.36688,
	3.12559 3.38678,
	3.1287 3.39673,
	3.12932 3.4017,
	3.12807 3.41165,
	3.12745 3.41663,
	3.11812 3.43653,
	3.09387 3.47633,
	3.08579 3.48628,
	3.08019 3.49623,
	3.0777 3.5012,
	3.07646 3.50245,
	3.07646 3.50369,
	3.07397 3.50618,
	3.07086 3.51115,
	3.06651 3.51613,
	3.05345 3.53603,
	3.03541 3.55469,
	3.03044 3.5578,
	3.02546 3.56215,
	3.02298 3.56464,
	2.98318 3.58578,
	2.9782 3.58765,
	2.97571 3.58951,
	2.96576 3.59138,
	2.96079 3.592,
	2.95084 3.59076,
	2.93094 3.58578,
	2.92099 3.58329,
	2.91601 3.58205,
	2.91352 3.58143,
	2.91104 3.57956,
	2.90109 3.57707,
	2.89611 3.57583,
	2.89362 3.57583,
	2.89114 3.57459,
	2.87124 3.57272,
	2.85134 3.57272,
	2.84636 3.57148,
	2.82646 3.57148,
	2.78666 3.57459,
	2.77671 3.5777,
	2.73691 3.59697,
	2.71701 3.60692,
	2.70706 3.61128,
	2.69711 3.61439,
	2.69462 3.61563,
	2.67472 3.6175,
	2.66477 3.61936,
	2.65482 3.61998,
	2.63492 3.61874,
	2.62995 3.61812,
	2.61004 3.61998,
	2.59014 3.61812,
	2.57024 3.62061,
	2.56029 3.62434,
	2.55034 3.62931,
	2.54537 3.63242,
	2.53542 3.64175,
	2.52547 3.64735,
	2.50557 3.65419,
	2.49562 3.6573,
	2.48567 3.65792,
	2.46577 3.6573,
	2.45582 3.65543,
	2.43592 3.64859,
	2.41602 3.64299,
	2.40607 3.64175,
	2.36627 3.64237,
	2.34637 3.64175,
	2.33642 3.64113,
	2.33393 3.64113,
	2.31403 3.62931,
	2.29413 3.61625,
	2.28418 3.60879,
	2.2792 3.60568,
	2.27423 3.60381,
	2.25433 3.60071,
	2.24438 3.59946,
	2.2394 3.59822,
	2.23691 3.59822,
	2.22696 3.59262,
	2.22199 3.59013,
	2.21204 3.58018,
	2.19774 3.56028,
	2.19338 3.55531,
	2.18716 3.54536,
	2.18219 3.53541,
	2.1797 3.53043,
	2.1797 3.52048,
	2.18032 3.51551,
	2.18095 3.51302,
	2.17037 3.49312,
	2.16726 3.48814,
	2.14736 3.47633,
	2.12746 3.46824,
	2.11751 3.46389,
	2.10756 3.45829,
	2.10259 3.45518,
	2.09326 3.44523,
	2.07336 3.42782,
	2.03356 3.40419,
	1.99376 3.38429,
	1.98381 3.37994,
	1.97883 3.37869,
	1.95893 3.36874,
	1.93903 3.36128,
	1.92908 3.35631,
	1.90918 3.34387,
	1.89177 3.32397,
	1.88369 3.31402,
	1.87871 3.30966,
	1.86876 3.30407,
	1.85881 3.29598,
	1.84886 3.29101,
	1.84388 3.28852,
	1.80408 3.25618,
	1.78418 3.24499,
	1.74438 3.23193,
	1.72448 3.22633,
	1.68468 3.20643,
	1.67473 3.20083,
	1.66478 3.19648,
	1.64488 3.19213,
	1.63493 3.19026,
	1.62996 3.18964,
	1.59016 3.17036,
	1.55036 3.14797,
	1.54041 3.14176,
	1.53046 3.13429,
	1.52051 3.12559,
	1.51802 3.1231,
	1.50869 3.1032,
	1.50745 3.09325,
	1.50682 3.08827,
	1.50682 3.08641,
	"/>
</Transform>

<Transform dim="0"
 xcoef=" 0 1 0 0 0 0"
 ycoef=" 0 0 1 0 0 0">
<Contour name="ax02" comment="LK bouton trace named after cfa" hidden="false" closed="true" simplified="true" border="0 1 1" fill="0.502 1 1" mode="9"
 points="3.76467 2.41924,
	3.77667 2.39903,
	3.78678 2.37882,
	3.78994 2.36871,
	3.79373 2.3485,
	3.79373 2.34344,
	3.79562 2.33334,
	3.79625 2.31312,
	3.79562 2.30302,
	3.79625 2.29291,
	3.79752 2.28786,
	3.79941 2.24743,
	3.80067 2.22722,
	3.80067 2.21711,
	3.80131 2.21206,
	3.79941 2.20195,
	3.79941 2.18174,
	3.79941 2.17163,
	3.80194 2.16153,
	3.8032 2.15647,
	3.80762 2.14637,
	3.80952 2.14131,
	3.82405 2.1211,
	3.82847 2.11605,
	3.83352 2.11226,
	3.83605 2.11036,
	3.83857 2.10973,
	3.83984 2.10847,
	3.84994 2.10594,
	3.85247 2.10468,
	3.86258 2.10341,
	3.87268 2.10341,
	3.88279 2.10468,
	3.88784 2.10594,
	3.90806 2.11478,
	3.91311 2.11542,
	3.91816 2.11731,
	3.92322 2.12047,
	3.92574 2.1211,
	3.93585 2.12805,
	3.9409 2.13121,
	3.96111 2.14953,
	3.96554 2.15458,
	3.97564 2.16216,
	3.9807 2.16405,
	3.98575 2.16721,
	3.9908 2.16911,
	3.99586 2.16974,
	4.00091 2.17163,
	4.01102 2.17858,
	4.03123 2.17921,
	4.04134 2.17921,
	4.04639 2.17921,
	4.05144 2.18048,
	4.06155 2.18616,
	4.08176 2.20322,
	4.08429 2.20574,
	4.09124 2.21585,
	4.10071 2.23606,
	4.1045 2.24617,
	4.10703 2.25122,
	4.11019 2.26133,
	4.1184 2.28154,
	4.12029 2.29165,
	4.12724 2.31186,
	4.12787 2.32197,
	4.14051 2.36239,
	4.14745 2.38261,
	4.1563 2.40282,
	4.1664 2.42303,
	4.16767 2.42809,
	4.17967 2.4483,
	4.18472 2.45841,
	4.19104 2.46851,
	4.21062 2.50894,
	4.21504 2.52915,
	4.21251 2.53926,
	4.20809 2.54936,
	4.2043 2.55442,
	4.18409 2.57273,
	4.16388 2.58095,
	4.15377 2.5841,
	4.14366 2.59105,
	4.13419 2.60116,
	4.11398 2.61569,
	4.10387 2.62264,
	4.08366 2.62706,
	4.07355 2.62895,
	4.05334 2.62958,
	4.04323 2.63022,
	4.03312 2.63274,
	4.02807 2.63464,
	4.00786 2.64853,
	3.98764 2.66622,
	3.97817 2.67506,
	3.97375 2.67948,
	3.96364 2.68517,
	3.95353 2.68706,
	3.94848 2.6877,
	3.93838 2.68706,
	3.93332 2.68517,
	3.92322 2.67948,
	3.91311 2.67127,
	3.90806 2.66622,
	3.88784 2.65043,
	3.87774 2.64411,
	3.87268 2.64159,
	3.86258 2.63337,
	3.86005 2.63148,
	3.84994 2.61127,
	3.84552 2.60116,
	3.84047 2.59674,
	3.83036 2.59105,
	3.82026 2.5841,
	3.81015 2.57526,
	3.80636 2.57021,
	3.80257 2.5601,
	3.80067 2.55,
	3.80383 2.52978,
	3.80257 2.51968,
	3.79941 2.50957,
	3.77857 2.46914,
	3.76909 2.44893,
	3.7672 2.44388,
	3.76467 2.42366,
	3.76467 2.42114,
	3.76467 2.41987,
	"/>
</Transform>

<Transform dim="0"
 xcoef=" 0 1 0 0 0 0"
 ycoef=" 0 0 1 0 0 0">
<Contour name="ax09" comment="LK bouton trace named after cfa" hidden="false" closed="true" simplified="true" border="0 1 1" fill="0.502 1 1" mode="9"
 points="3.82006 2.04929,
	3.83244 2.02728,
	3.85169 2.00527,
	3.86063 1.99427,
	3.86751 1.98327,
	3.87714 1.96126,
	3.88058 1.95026,
	3.88264 1.94476,
	3.8847 1.93376,
	3.88814 1.88974,
	3.8902 1.86774,
	3.89364 1.84573,
	3.89502 1.84023,
	3.89983 1.82923,
	3.90327 1.82373,
	3.91221 1.81272,
	3.92321 1.80378,
	3.92596 1.80103,
	3.93147 1.79828,
	3.94247 1.78866,
	3.96379 1.76734,
	3.98373 1.74533,
	3.99473 1.73433,
	4.00023 1.72883,
	4.00298 1.72608,
	4.00917 1.71507,
	4.01124 1.71232,
	4.01192 1.70957,
	4.02018 1.69857,
	4.02499 1.69376,
	4.03049 1.69032,
	4.0745 1.64699,
	4.09651 1.62568,
	4.10751 1.61536,
	4.11851 1.6078,
	4.12952 1.60161,
	4.15152 1.5961,
	4.15702 1.59404,
	4.17903 1.59198,
	4.20104 1.58854,
	4.21204 1.58785,
	4.23404 1.58235,
	4.25605 1.57823,
	4.26705 1.57616,
	4.2698 1.5741,
	4.28012 1.57272,
	4.29112 1.57272,
	4.30212 1.57479,
	4.34614 1.57823,
	4.35714 1.58166,
	4.36814 1.58785,
	4.37089 1.58854,
	4.37364 1.5906,
	4.37639 1.59129,
	4.37914 1.59335,
	4.38465 1.59473,
	4.42866 1.62361,
	4.43966 1.63118,
	4.44929 1.64218,
	4.4541 1.64699,
	4.4651 1.65387,
	4.46786 1.65525,
	4.47886 1.66556,
	4.48436 1.67106,
	4.50293 1.69307,
	4.51118 1.70407,
	4.51393 1.70682,
	4.51737 1.71232,
	4.52012 1.71507,
	4.52287 1.71645,
	4.53387 1.72745,
	4.53937 1.73295,
	4.54831 1.74396,
	4.55038 1.74671,
	4.55519 1.75771,
	4.56276 1.76871,
	4.56688 1.77972,
	4.56963 1.79072,
	4.57032 1.79347,
	4.56757 1.81547,
	4.56482 1.82648,
	4.55657 1.84848,
	4.55588 1.85123,
	4.55244 1.85674,
	4.55106 1.86224,
	4.54488 1.87324,
	4.54144 1.87874,
	4.53937 1.88424,
	4.538 1.89525,
	4.53456 1.90625,
	4.53319 1.91175,
	4.52768 1.92275,
	4.51462 1.94476,
	4.51187 1.95026,
	4.49536 1.97227,
	4.48642 1.98327,
	4.48092 1.98808,
	4.47542 1.99152,
	4.45341 2.00871,
	4.43141 2.01972,
	4.42041 2.02453,
	4.3984 2.03072,
	4.37639 2.03416,
	4.36539 2.03553,
	4.36264 2.03553,
	4.35714 2.03828,
	4.34614 2.04035,
	4.30212 2.06029,
	4.29112 2.0651,
	4.26912 2.07129,
	4.26361 2.07198,
	4.24161 2.08092,
	4.23061 2.08573,
	4.2196 2.09192,
	4.2141 2.09536,
	4.21135 2.09742,
	4.20585 2.09949,
	4.20035 2.10292,
	4.18935 2.11255,
	4.14946 2.15656,
	4.14396 2.16138,
	4.13296 2.16894,
	4.12195 2.17444,
	4.11095 2.17857,
	4.09995 2.17926,
	4.07794 2.17857,
	4.05594 2.17651,
	4.04493 2.17513,
	4.03943 2.17444,
	4.03393 2.17238,
	4.02293 2.17169,
	3.97892 2.15931,
	3.96791 2.15588,
	3.96241 2.15313,
	3.95691 2.15175,
	3.94591 2.14694,
	3.9239 2.14143,
	3.9129 2.138,
	3.91083 2.13593,
	3.90946 2.13593,
	3.90396 2.1325,
	3.89296 2.12768,
	3.88195 2.12149,
	3.85995 2.11186,
	3.84894 2.10705,
	3.83794 2.09949,
	3.83038 2.08848,
	3.82419 2.07748,
	3.8235 2.07473,
	3.82144 2.07198,
	3.82006 2.06648,
	3.82006 2.05547,
	3.82006 2.04997,
	"/>
</Transform>

<Transform dim="0"
 xcoef=" 0 1 0 0 0 0"
 ycoef=" 0 0 1 0 0 0">
<Contour name="ax24" comment="LK bouton trace named after cfa" hidden="false" closed="true" simplified="true" border="0 1 1" fill="0.502 1 1" mode="9"
 points="5.57499 5.05846,
	5.57949 5.05846,
	5.59748 5.05059,
	5.61546 5.03935,
	5.63345 5.03485,
	5.63795 5.0326,
	5.65594 5.03148,
	5.66493 5.03148,
	5.66943 5.0326,
	5.68741 5.02698,
	5.72339 5.01012,
	5.74138 5.00113,
	5.75037 4.99888,
	5.78634 4.99775,
	5.79534 4.99775,
	5.81333 4.99438,
	5.8493 4.99326,
	5.88528 4.99888,
	5.90326 5.0045,
	5.93924 5.02249,
	5.95723 5.03373,
	5.97409 5.04947,
	5.9887 5.06745,
	5.99095 5.0697,
	5.99208 5.0742,
	5.99095 5.0787,
	5.99432 5.08319,
	5.99657 5.09219,
	5.99995 5.09668,
	6.00557 5.11467,
	6.01344 5.13266,
	6.03255 5.16863,
	6.04154 5.18662,
	6.04491 5.19562,
	6.04604 5.20011,
	6.04829 5.20236,
	6.05503 5.23834,
	6.0584 5.25632,
	6.05953 5.27431,
	6.05953 5.2833,
	6.05278 5.31928,
	6.03817 5.35413,
	6.0303 5.36312,
	6.01793 5.38111,
	6.01119 5.3901,
	6.00669 5.3946,
	5.9887 5.40697,
	5.97971 5.41596,
	5.95498 5.45194,
	5.94823 5.46093,
	5.93924 5.46992,
	5.92125 5.48454,
	5.91226 5.48791,
	5.90439 5.49466,
	5.86954 5.50477,
	5.83356 5.51264,
	5.79759 5.51377,
	5.76161 5.50927,
	5.75262 5.50815,
	5.73463 5.51039,
	5.69866 5.51039,
	5.66268 5.50365,
	5.65369 5.50253,
	5.64469 5.49915,
	5.6402 5.49803,
	5.63795 5.49803,
	5.63345 5.49466,
	5.62895 5.49353,
	5.61996 5.48679,
	5.60647 5.4688,
	5.5986 5.45081,
	5.59523 5.44182,
	5.5941 5.42383,
	5.59635 5.41484,
	5.60647 5.39685,
	5.60984 5.39235,
	5.60535 5.37437,
	5.60085 5.33839,
	5.5986 5.3204,
	5.58061 5.28443,
	5.57387 5.27543,
	5.5705 5.27094,
	5.56937 5.26644,
	5.55363 5.24845,
	5.54801 5.23946,
	5.54576 5.23496,
	5.53677 5.22822,
	5.53002 5.21922,
	5.52103 5.20124,
	5.51653 5.18325,
	5.51429 5.14727,
	5.51429 5.1113,
	5.51316 5.1068,
	5.51316 5.10455,
	5.51429 5.10006,
	5.53002 5.08432,
	5.53902 5.07645,
	5.55701 5.06633,
	5.56487 5.06183,
	5.56825 5.06071,
	"/>
</Transform>

<Transform dim="0"
 xcoef=" 0 1 0 0 0 0"
 ycoef=" 0 0 1 0 0 0">
<Contour name="d01" hidden="false" closed="true" simplified="true" border="1 0.5 0" fill="1 0.5 0" mode="9"
 points="4.29953 3.43417,
	4.31315 3.37966,
	4.3336 3.3524,
	4.44262 3.36603,
	4.46987 3.35922,
	4.49031 3.33196,
	4.49713 3.31834,
	4.55164 3.33196,
	4.57889 3.33196,
	4.6334 3.29789,
	4.64703 3.29108,
	4.67429 3.29789,
	4.7288 3.34559,
	4.75605 3.45461,
	4.7765 3.50912,
	4.7765 3.53638,
	4.76968 3.55001,
	4.71517 3.56363,
	4.66066 3.5977,
	4.60615 3.60452,
	4.49713 3.63859,
	4.44262 3.65221,
	4.3336 3.65221,
	4.30634 3.63859,
	4.29953 3.52956,
	4.29953 3.47505,
	4.29953 3.4478,
	4.29953 3.44098,
	"/>
<Contour name="ax06" comment="LK bouton trace named after cfa" hidden="false" closed="true" simplified="true" border="0 1 1" fill="0.502 1 1" mode="9"
 points="3.71462 3.19791,
	3.73545 3.15626,
	3.74195 3.14584,
	3.76148 3.12632,
	3.7823 3.11461,
	3.82395 3.09769,
	3.8656 3.07686,
	3.87601 3.07166,
	3.89684 3.05604,
	3.90725 3.04953,
	3.91766 3.04042,
	3.93849 3.0274,
	3.98014 3.0209,
	4.00096 3.01179,
	4.02179 3.00528,
	4.04261 3.00267,
	4.06344 3.00528,
	4.07385 3.00788,
	4.09467 3.0222,
	4.11159 3.04302,
	4.12461 3.06385,
	4.15975 3.14715,
	4.17407 3.1888,
	4.19489 3.23045,
	4.25216 3.31374,
	4.26908 3.33457,
	4.28991 3.35539,
	4.29902 3.36581,
	4.30552 3.37622,
	4.31203 3.39704,
	4.31333 3.40746,
	4.30162 3.44911,
	4.29902 3.46993,
	4.30292 3.55323,
	4.30032 3.63653,
	4.30032 3.64694,
	4.29641 3.66777,
	4.29251 3.67818,
	4.27819 3.699,
	4.26908 3.71983,
	4.26388 3.73024,
	4.25476 3.73935,
	4.23394 3.75237,
	4.22873 3.75497,
	4.21832 3.75627,
	4.1975 3.75367,
	4.18708 3.75367,
	4.16626 3.74846,
	4.14543 3.73935,
	4.12591 3.71983,
	4.1168 3.70942,
	4.10769 3.68859,
	4.10378 3.67818,
	4.10248 3.67297,
	4.09988 3.67037,
	4.09858 3.66516,
	4.08296 3.64434,
	4.07906 3.63913,
	4.07645 3.62872,
	4.07645 3.62351,
	4.06994 3.6131,
	4.06734 3.60789,
	4.04652 3.58837,
	4.0361 3.57796,
	4.01528 3.56494,
	3.97363 3.5285,
	3.96322 3.52199,
	3.95801 3.51939,
	3.9476 3.51028,
	3.91896 3.46863,
	3.91246 3.4478,
	3.90855 3.42698,
	3.90985 3.40615,
	3.90855 3.38533,
	3.88903 3.34368,
	3.87992 3.32286,
	3.87211 3.31244,
	3.8617 3.30463,
	3.85649 3.29943,
	3.84608 3.29422,
	3.82525 3.29032,
	3.80443 3.28121,
	3.76278 3.26949,
	3.75237 3.26559,
	3.74716 3.26429,
	3.72634 3.24476,
	3.71592 3.22394,
	3.71462 3.20311,
	3.71462 3.19921,
	"/>
</Transform>

<Transform dim="0"
 xcoef=" 0 1 0 0 0 0"
 ycoef=" 0 0 1 0 0 0">
<Contour name="d08cfa17ax27" hidden="false" closed="false" simplified="false" border="0 1 1" fill="0 1 1" mode="9"
 points="3.49798 3.75785,
	3.49455 3.68599,
	3.5014 3.57992,
	"/>
</Transform>

<Transform dim="0"
 xcoef=" 0 1 0 0 0 0"
 ycoef=" 0 0 1 0 0 0">
<Contour name="ax27" hidden="false" closed="true" simplified="true" border="0 0 1" fill="0 0 1" mode="11"
 points="3.50126 3.64215,
	3.50735 3.62823,
	3.50909 3.6004,
	3.51692 3.57257,
	3.52126 3.55866,
	3.54822 3.503,
	3.57344 3.44734,
	3.5804 3.43343,
	3.59953 3.4056,
	3.60823 3.39168,
	3.61345 3.38473,
	3.62128 3.37081,
	3.62475 3.36386,
	3.62736 3.36038,
	3.65519 3.34559,
	3.71085 3.31863,
	3.72477 3.31081,
	3.75259 3.2995,
	3.78042 3.28993,
	3.79434 3.28385,
	3.79782 3.28298,
	3.85348 3.2908,
	3.86043 3.28906,
	3.88826 3.29341,
	3.89522 3.29428,
	3.90913 3.30124,
	3.93696 3.30733,
	3.94392 3.30907,
	3.97175 3.31081,
	3.99958 3.3082,
	4.01349 3.30124,
	4.02045 3.29776,
	4.03436 3.28819,
	4.08915 3.23254,
	4.09611 3.22558,
	4.10307 3.22036,
	4.11698 3.2134,
	4.1309 3.20906,
	4.15873 3.20384,
	4.18656 3.20123,
	4.21439 3.20123,
	4.2283 3.20123,
	4.24221 3.20384,
	4.24917 3.20558,
	4.277 3.22036,
	4.29005 3.23254,
	4.29961 3.24645,
	4.30483 3.26037,
	4.30831 3.28819,
	4.30918 3.30211,
	4.30483 3.32994,
	4.29874 3.34385,
	4.29092 3.35777,
	4.28657 3.36472,
	4.25961 3.38994,
	4.24569 3.40125,
	4.21786 3.42038,
	4.20395 3.42734,
	4.19003 3.43169,
	4.16221 3.43604,
	4.13438 3.43343,
	4.07872 3.42299,
	4.05089 3.42038,
	4.03697 3.41951,
	4.03002 3.41951,
	4.02654 3.41864,
	4.01262 3.42038,
	3.99871 3.42473,
	3.97262 3.45256,
	3.97001 3.45952,
	3.96914 3.46126,
	3.97088 3.46474,
	3.97784 3.46908,
	3.98479 3.47169,
	3.99175 3.47256,
	4.01958 3.48735,
	4.03002 3.50126,
	4.03523 3.50822,
	4.04132 3.52213,
	4.0448 3.52909,
	4.05089 3.55692,
	4.05263 3.57083,
	4.0535 3.57779,
	4.06654 3.60562,
	4.07263 3.61954,
	4.08915 3.64737,
	4.0935 3.65432,
	4.10307 3.68215,
	4.10568 3.68911,
	4.10829 3.69259,
	4.10829 3.69433,
	4.1135 3.70128,
	4.11611 3.7152,
	4.11611 3.72911,
	4.11176 3.74303,
	4.10481 3.75694,
	4.09263 3.77086,
	4.08568 3.77694,
	4.07611 3.79086,
	4.07176 3.79782,
	4.01784 3.85348,
	3.99001 3.87609,
	3.97784 3.89,
	3.97523 3.89348,
	3.96827 3.89522,
	3.96131 3.89957,
	3.9474 3.90565,
	3.91957 3.92392,
	3.89174 3.9387,
	3.87783 3.94479,
	3.87087 3.94827,
	3.86391 3.94914,
	3.75259 3.94218,
	3.74564 3.94218,
	3.73172 3.93522,
	3.72477 3.93261,
	3.69694 3.93088,
	3.68302 3.93001,
	3.67606 3.93001,
	3.66911 3.92827,
	3.65519 3.92131,
	3.64823 3.9187,
	3.64128 3.91957,
	3.62736 3.91261,
	3.59953 3.90392,
	3.5717 3.89783,
	3.54388 3.88913,
	3.52996 3.8813,
	3.523 3.87522,
	3.51952 3.87261,
	3.51257 3.85869,
	3.50909 3.85174,
	3.50996 3.83782,
	3.51518 3.82391,
	3.51779 3.81695,
	3.51952 3.80303,
	3.51866 3.77521,
	3.51518 3.76129,
	3.50561 3.73346,
	3.50126 3.71955,
	3.50126 3.66389,
	3.50126 3.64997,
	3.50126 3.64302,
	"/>
</Transform>

<Transform dim="0"
 xcoef=" 0 1 0 0 0 0"
 ycoef=" 0 0 1 0 0 0">
<Contour name="d03c07ax07" hidden="false" closed="true" simplified="true" border="0 1 0" fill="0 1 0" mode="9"
 points="2.7409 3.10559,
	2.80816 3.07616,
	2.82498 3.0688,
	2.82918 3.0667,
	2.83128 3.06565,
	2.96581 3.16549,
	2.97422 3.1718,
	2.97842 3.17495,
	2.98052 3.17705,
	2.96581 3.24431,
	2.9574 3.27794,
	2.9574 3.28004,
	2.9553 3.2811,
	2.82078 3.22224,
	2.81342 3.21699,
	2.76928 3.14973,
	2.74721 3.11609,
	2.74195 3.10769,
	2.74195 3.10664,
	"/>
</Transform>

<Transform dim="6"
 xcoef=" 0.378540315702891 1.01480386580266 0.0325321375998467 0 0 0"
 ycoef=" -0.484197286649997 0.0132850593300372 0.99655436132819 0 0 0">
<Image mag="0.00217507" contrast="0.917" brightness="0.12" red="true" green="true" blue="true"
 src="FHLTD.90.jpg" />
<Contour name="domain1" hidden="false" closed="true" simplified="false" border="1 0 1" fill="1 0 1" mode="11"
 points="0 0,
	4096 0,
	4096 4096,
	0 4096,
	"/>
</Transform>

<Transform dim="0"
 xcoef=" 0 1 0 0 0 0"
 ycoef=" 0 0 1 0 0 0">
<Contour name="d08c17ax27" hidden="false" closed="true" simplified="true" border="0 1 0" fill="0 1 0" mode="9"
 points="3.45417 3.6571,
	3.46226 3.61004,
	3.46593 3.58651,
	3.46814 3.57475,
	3.46888 3.57328,
	3.51593 3.58284,
	3.53946 3.58725,
	3.54534 3.58872,
	3.54828 3.58872,
	3.55122 3.59019,
	3.54608 3.6843,
	3.54387 3.73136,
	3.5424 3.75488,
	3.5424 3.76665,
	3.54166 3.77253,
	3.54093 3.77547,
	3.49387 3.75783,
	3.47035 3.749,
	3.4674 3.74753,
	3.46005 3.70048,
	3.45638 3.67695,
	3.45491 3.66519,
	3.45417 3.6593,
	3.45417 3.65783,
	"/>
</Transform>

</Section>