<?xml version="1.0"?>
<!DOCTYPE Section SYSTEM "section.dtd">

<Section index="146" thickness="0.045" alignLocked="true">
<Transform dim="6"
 xcoef=" 0.0630421550332155 1.01161358043972 -0.0232860853193382 0 0 0"
 ycoef=" -0.167070823324978 0.0206018529314313 1.00550325163609 0 0 0">
<Contour name="d01" hidden="false" closed="true" simplified="true" border="1 0.5 0" fill="1 0.5 0" mode="9"
 points="4.94394 3.36699,
	4.95992 3.34568,
	4.95459 3.34036,
	4.9759 3.32437,
	5.06114 3.30306,
	5.14638 3.26577,
	5.189 3.25511,
	5.19966 3.24446,
	5.22097 3.24979,
	5.22097 3.2711,
	5.23695 3.31372,
	5.24228 3.35634,
	5.24228 3.37765,
	5.2263 3.39363,
	5.14106 3.39363,
	5.05582 3.40961,
	5.0132 3.41494,
	4.97058 3.40429,
	4.95992 3.40429,
	4.94394 3.38298,
	4.94394 3.37232,
	"/>
</Transform>

<Transform dim="6"
 xcoef=" 0.203042155033215 1.01161358043972 -0.0232860853193382 0 0 0"
 ycoef=" -0.197070823324978 0.0206018529314313 1.00550325163609 0 0 0">
<Contour name="d01p22" hidden="false" closed="true" simplified="true" border="0 1 0" fill="0 1 0" mode="9"
 points="5.01509 4.22762,
	5.01729 4.21373,
	5.02368 4.20119,
	5.03363 4.19125,
	5.04616 4.18486,
	5.06005 4.18266,
	5.07395 4.18486,
	5.08648 4.19125,
	5.09643 4.20119,
	5.10281 4.21373,
	5.10501 4.22762,
	5.10281 4.24151,
	5.09643 4.25405,
	5.08648 4.26399,
	5.07395 4.27038,
	5.06005 4.27258,
	5.04616 4.27038,
	5.03363 4.26399,
	5.02368 4.25405,
	"/>
</Transform>

<Transform dim="6"
 xcoef=" 0.0630421550332155 1.01161358043972 -0.0232860853193382 0 0 0"
 ycoef=" -0.167070823324978 0.0206018529314313 1.00550325163609 0 0 0">
<Contour name="d02" hidden="false" closed="true" simplified="true" border="0.5 0 1" fill="0.5 0 1" mode="9"
 points="3.73472 8.01,
	3.77294 7.92263,
	3.7784 7.87895,
	3.86576 7.82435,
	3.88761 7.82435,
	3.90399 7.84073,
	3.90399 7.86257,
	3.87669 7.90625,
	3.86576 7.91717,
	3.85484 7.96085,
	3.84938 7.9827,
	3.87669 8.02638,
	4.05141 8.07552,
	4.09509 8.08644,
	4.18245 8.0919,
	4.20429 8.13558,
	4.20975 8.15742,
	4.20975 8.16834,
	4.18791 8.18472,
	4.10055 8.19564,
	4.08963 8.19564,
	4.04595 8.16834,
	4.02411 8.15196,
	3.98043 8.1465,
	3.89307 8.11374,
	3.87123 8.09736,
	3.82754 8.08644,
	3.78386 8.08644,
	3.76202 8.08644,
	3.74018 8.0646,
	3.73472 8.02092,
	3.73472 8.01546,
	"/>
</Transform>

<Transform dim="6"
 xcoef=" 0.0630421550332155 1.01161358043972 -0.0232860853193382 0 0 0"
 ycoef=" -0.167070823324978 0.0206018529314313 1.00550325163609 0 0 0">
<Contour name="d02" hidden="false" closed="true" simplified="true" border="0.5 0 1" fill="0.5 0 1" mode="9"
 points="2.54442 8.59423,
	2.55534 8.55055,
	2.54988 8.50687,
	2.54988 8.48503,
	2.57172 8.46319,
	2.58264 8.45227,
	2.67 8.42497,
	2.69184 8.42497,
	2.70276 8.44681,
	2.70276 8.46865,
	2.71368 8.47957,
	2.7246 8.52325,
	2.6973 8.56693,
	2.65908 8.60515,
	2.63724 8.62699,
	2.63724 8.63791,
	2.62086 8.65975,
	2.59902 8.67067,
	2.55534 8.66521,
	2.54442 8.62153,
	2.54442 8.59969,
	"/>
</Transform>

<Transform dim="6"
 xcoef=" 0.0630421550332155 1.01161358043972 -0.0232860853193382 0 0 0"
 ycoef=" -0.167070823324978 0.0206018529314313 1.00550325163609 0 0 0">
<Contour name="d02" hidden="false" closed="true" simplified="true" border="0.5 0 1" fill="0.5 0 1" mode="9"
 points="4.76282 5.74635,
	4.79318 5.69778,
	4.81746 5.69475,
	4.84175 5.70385,
	4.86603 5.70385,
	4.87818 5.70689,
	4.90246 5.73117,
	4.93282 5.77974,
	4.95407 5.87688,
	4.96014 5.90117,
	4.96317 5.91331,
	4.96621 5.91938,
	4.9571 5.92849,
	4.90853 5.92545,
	4.88425 5.92242,
	4.85996 5.91027,
	4.84782 5.9042,
	4.80532 5.85867,
	4.78407 5.83438,
	4.76282 5.78581,
	4.76282 5.76153,
	4.76282 5.74939,
	"/>
</Transform>

<Transform dim="6"
 xcoef=" 0.0630421550332155 1.01161358043972 -0.0232860853193382 0 0 0"
 ycoef=" -0.167070823324978 0.0206018529314313 1.00550325163609 0 0 0">
<Contour name="d02c15b" hidden="false" closed="true" simplified="true" border="0 1 0" fill="0 1 0" mode="9"
 points="4.84018 5.71945,
	4.84855 5.71108,
	4.8653 5.7048,
	4.88205 5.70689,
	4.91345 5.74039,
	4.93648 5.77388,
	4.94276 5.79063,
	4.94276 5.82413,
	4.94904 5.85762,
	4.95323 5.87437,
	4.96998 5.90787,
	4.96998 5.91624,
	4.96998 5.92043,
	4.9616 5.92671,
	4.94485 5.9288,
	4.92811 5.92252,
	4.92183 5.91833,
	4.91764 5.92252,
	4.90298 5.90787,
	4.8967 5.89949,
	4.89042 5.88274,
	4.88833 5.84925,
	4.88833 5.84506,
	4.87786 5.82831,
	4.87786 5.81994,
	4.8653 5.80528,
	4.86111 5.78854,
	4.85902 5.75504,
	4.84437 5.74039,
	4.84018 5.73201,
	4.84018 5.72364,
	4.84018 5.72154,
	"/>
</Transform>

<Transform dim="6"
 xcoef=" 0.0630421550332155 1.01161358043972 -0.0232860853193382 0 0 0"
 ycoef=" -0.167070823324978 0.0206018529314313 1.00550325163609 0 0 0">
<Contour name="d02cfa15b" hidden="false" closed="false" simplified="false" border="0 1 1" fill="0 1 1" mode="9"
 points="4.96073 5.92324,
	4.94608 5.90231,
	4.92724 5.88137,
	4.91886 5.85416,
	4.91677 5.81438,
	4.9084 5.78298,
	4.90002 5.75576,
	4.88537 5.72436,
	4.86025 5.70552,
	"/>
</Transform>

<Transform dim="6"
 xcoef=" 0.0630421550332155 1.01161358043972 -0.0232860853193382 0 0 0"
 ycoef=" -0.167070823324978 0.0206018529314313 1.00550325163609 0 0 0">
<Contour name="d02" hidden="false" closed="true" simplified="true" border="0.5 0 1" fill="0.5 0 1" mode="9"
 points="5.05616 5.93549,
	5.06042 5.91841,
	5.06896 5.90134,
	5.0839 5.88426,
	5.09244 5.87786,
	5.12659 5.87146,
	5.13513 5.87359,
	5.13939 5.88213,
	5.14153 5.91628,
	5.12018 5.95043,
	5.10311 5.96537,
	5.08604 5.97177,
	5.06896 5.97177,
	5.05829 5.9547,
	5.05616 5.93762,
	"/>
</Transform>

<Transform dim="6"
 xcoef=" 0.0630421550332155 1.01161358043972 -0.0232860853193382 0 0 0"
 ycoef=" -0.167070823324978 0.0206018529314313 1.00550325163609 0 0 0">
<Contour name="d02c21a" hidden="false" closed="true" simplified="true" border="0 1 0" fill="0 1 0" mode="9"
 points="4.43095 7.72116,
	4.46394 7.6858,
	4.47337 7.67873,
	4.51108 7.66459,
	4.52993 7.65752,
	4.56764 7.65988,
	4.5865 7.66695,
	4.60535 7.67873,
	4.61243 7.68816,
	4.61714 7.69287,
	4.62892 7.73059,
	4.63364 7.74944,
	4.64542 7.7683,
	4.65249 7.78715,
	4.65485 7.79658,
	4.65249 7.81543,
	4.64542 7.83429,
	4.61478 7.86964,
	4.59593 7.88614,
	4.58414 7.90499,
	4.56529 7.92385,
	4.55586 7.93328,
	4.537 7.94506,
	4.53229 7.94742,
	4.52993 7.93799,
	4.54643 7.90028,
	4.55586 7.86257,
	4.56057 7.84372,
	4.56529 7.83429,
	4.56764 7.79658,
	4.56529 7.75887,
	4.55822 7.74001,
	4.55115 7.73059,
	4.53229 7.72116,
	4.51344 7.7188,
	4.47573 7.73059,
	4.43802 7.73294,
	4.43095 7.72587,
	4.43095 7.72351,
	"/>
</Transform>

<Transform dim="6"
 xcoef=" 0.0630421550332155 1.01161358043972 -0.0232860853193382 0 0 0"
 ycoef=" -0.167070823324978 0.0206018529314313 1.00550325163609 0 0 0">
<Contour name="d02cfa21a" hidden="false" closed="false" simplified="false" border="0 1 1" fill="0 1 1" mode="9"
 points="4.43862 7.72587,
	4.46219 7.7188,
	4.50933 7.69995,
	4.54468 7.69288,
	4.58239 7.71173,
	4.59889 7.75651,
	4.59654 7.80836,
	4.58711 7.85314,
	4.57061 7.89557,
	4.53761 7.94035,
	"/>
</Transform>

<Transform dim="6"
 xcoef=" 0.0630421550332155 1.01161358043972 -0.0232860853193382 0 0 0"
 ycoef=" -0.167070823324978 0.0206018529314313 1.00550325163609 0 0 0">
<Contour name="d02c23" hidden="false" closed="true" simplified="true" border="0 1 0" fill="0 1 0" mode="9"
 points="3.8359 7.94989,
	3.84135 7.94716,
	3.86044 7.96624,
	3.8768 8.00986,
	3.89588 8.02622,
	3.91769 8.03713,
	4.00493 8.05621,
	4.09217 8.06439,
	4.11126 8.07802,
	4.11398 8.08075,
	4.07036 8.09165,
	4.02674 8.09438,
	3.98312 8.08075,
	3.9395 8.07257,
	3.91769 8.06984,
	3.90679 8.06984,
	3.86589 8.03985,
	3.84408 8.01804,
	3.83863 8.00714,
	3.8359 7.96352,
	3.8359 7.95261,
	"/>
</Transform>

<Transform dim="6"
 xcoef=" 0.0630421550332155 1.01161358043972 -0.0232860853193382 0 0 0"
 ycoef=" -0.167070823324978 0.0206018529314313 1.00550325163609 0 0 0">
<Contour name="d02cfa23" hidden="false" closed="false" simplified="false" border="0 1 1" fill="0 1 1" mode="9"
 points="3.84362 7.95633,
	3.84907 7.99177,
	3.88451 8.02994,
	3.94449 8.05447,
	4.02083 8.07628,
	4.09989 8.08173,
	"/>
</Transform>

<Transform dim="6"
 xcoef=" 0.0630421550332155 1.01161358043972 -0.0232860853193382 0 0 0"
 ycoef=" -0.167070823324978 0.0206018529314313 1.00550325163609 0 0 0">
<Contour name="d02" hidden="false" closed="true" simplified="true" border="0.5 0 1" fill="0.5 0 1" mode="9"
 points="2.10595 8.23767,
	2.11105 8.22747,
	2.13144 8.21472,
	2.13654 8.21472,
	2.15439 8.23257,
	2.16459 8.23512,
	2.18498 8.25042,
	2.20538 8.26062,
	2.21813 8.28101,
	2.22578 8.30141,
	2.22578 8.31161,
	2.23343 8.332,
	2.23343 8.3371,
	2.23853 8.3422,
	2.23853 8.3524,
	2.24617 8.3728,
	2.24362 8.41359,
	2.24362 8.41869,
	2.23343 8.42379,
	2.19518 8.39064,
	2.17988 8.3728,
	2.13909 8.33965,
	2.12379 8.32181,
	2.11105 8.28101,
	2.10595 8.24022,
	"/>
<Contour name="d02" hidden="false" closed="true" simplified="true" border="0.5 0 1" fill="0.5 0 1" mode="9"
 points="1.85864 8.41104,
	1.87139 8.39064,
	1.87649 8.38045,
	1.88668 8.3728,
	1.96827 8.37025,
	1.98867 8.3728,
	1.99887 8.3779,
	2.00651 8.3881,
	2.04731 8.40339,
	2.04986 8.41359,
	2.04221 8.42124,
	2.00141 8.42889,
	1.96062 8.44164,
	1.94023 8.44419,
	1.93258 8.43654,
	1.91218 8.43144,
	1.87139 8.43909,
	1.86119 8.43144,
	1.85864 8.41359,
	"/>
</Transform>

<Transform dim="6"
 xcoef=" 0.0630421550332155 1.01161358043972 -0.0232860853193382 0 0 0"
 ycoef=" -0.167070823324978 0.0206018529314313 1.00550325163609 0 0 0">
<Contour name="d01c13" hidden="false" closed="true" simplified="true" border="0 1 0" fill="0 1 0" mode="9"
 points="4.28466 2.57206,
	4.291 2.56889,
	4.30368 2.57523,
	4.35443 2.56889,
	4.3798 2.5784,
	4.38614 2.5784,
	4.39883 2.60378,
	4.42103 2.61329,
	4.4464 2.61646,
	4.44957 2.62915,
	4.43689 2.63232,
	4.43054 2.63232,
	4.41786 2.62281,
	4.40517 2.61963,
	4.39566 2.61012,
	4.34491 2.59743,
	4.31954 2.58792,
	4.30686 2.58475,
	4.30051 2.5784,
	4.28783 2.57523,
	"/>
</Transform>

<Transform dim="6"
 xcoef=" 0.0630421550332155 1.01161358043972 -0.0232860853193382 0 0 0"
 ycoef=" -0.167070823324978 0.0206018529314313 1.00550325163609 0 0 0">
<Contour name="d01cfa13" hidden="false" closed="false" simplified="false" border="0 1 1" fill="0 1 1" mode="9"
 points="4.29353 2.57193,
	4.30731 2.58054,
	4.32281 2.58054,
	4.35208 2.58571,
	4.36758 2.58743,
	4.38308 2.59776,
	4.4003 2.60809,
	4.41408 2.6167,
	4.4313 2.62187,
	4.44508 2.62704,
	"/>
</Transform>

<Transform dim="6"
 xcoef=" 0.0630421550332155 1.01161358043972 -0.0232860853193382 0 0 0"
 ycoef=" -0.167070823324978 0.0206018529314313 1.00550325163609 0 0 0">
<Contour name="d01" hidden="false" closed="true" simplified="true" border="1 0.5 0" fill="1 0.5 0" mode="9"
 points="6.31223 3.95731,
	6.31548 3.95082,
	6.32845 3.93947,
	6.34143 3.93136,
	6.35765 3.90541,
	6.36089 3.89244,
	6.36576 3.88595,
	6.36738 3.88271,
	6.37386 3.88271,
	6.37873 3.88757,
	6.38035 3.89406,
	6.39819 3.91839,
	6.44523 3.96218,
	6.4582 3.97353,
	6.47118 3.97839,
	6.48415 3.97515,
	6.5101 3.97677,
	6.51172 3.98326,
	6.50848 3.98975,
	6.50199 3.99623,
	6.48902 4.00272,
	6.46307 4.01083,
	6.45009 4.01245,
	6.4436 4.01408,
	6.44036 4.01732,
	6.43225 4.04327,
	6.4209 4.05462,
	6.40792 4.06273,
	6.38197 4.07408,
	6.37549 4.07571,
	6.369 4.08057,
	6.36576 4.08057,
	6.36413 4.07408,
	6.36738 4.06111,
	6.37062 4.05462,
	6.37062 4.02867,
	6.36738 4.0157,
	6.36738 4.00272,
	6.36576 3.99623,
	6.36576 3.99299,
	6.34143 3.97029,
	6.31548 3.97029,
	6.31223 3.96704,
	6.31223 3.96055,
	6.31223 3.95893,
	"/>
</Transform>

<Transform dim="6"
 xcoef=" 0.0630421550332155 1.01161358043972 -0.0232860853193382 0 0 0"
 ycoef=" -0.167070823324978 0.0206018529314313 1.00550325163609 0 0 0">
<Contour name="d01c19" hidden="false" closed="true" simplified="true" border="0 1 0" fill="0 1 0" mode="9"
 points="4.97473 3.30906,
	4.99254 3.30016,
	5.02817 3.29793,
	5.0638 3.28902,
	5.09943 3.27343,
	5.13506 3.2623,
	5.15287 3.25785,
	5.1885 3.25785,
	5.20632 3.26007,
	5.20854 3.26453,
	5.17292 3.28679,
	5.1551 3.2957,
	5.13729 3.2957,
	5.12838 3.29793,
	5.12393 3.30238,
	5.10611 3.30238,
	5.0972 3.30906,
	5.07939 3.31129,
	5.07493 3.30906,
	5.03931 3.3202,
	5.0304 3.32688,
	4.99477 3.3291,
	4.97695 3.31797,
	4.97473 3.31129,
	"/>
<Contour name="d01cfa19" hidden="false" closed="false" simplified="false" border="0 1 1" fill="0 1 1" mode="9"
 points="5.20336 3.26603,
	5.20113 3.26603,
	5.17664 3.27271,
	5.15659 3.27939,
	5.13433 3.28607,
	5.12096 3.29053,
	5.09647 3.29943,
	5.07197 3.30166,
	5.04748 3.30611,
	5.0163 3.30834,
	4.97845 3.30834,
	"/>
</Transform>

<Transform dim="6"
 xcoef=" 0.0630421550332155 1.01161358043972 -0.0232860853193382 0 0 0"
 ycoef=" -0.167070823324978 0.0206018529314313 1.00550325163609 0 0 0">
<Contour name="d01c21" hidden="false" closed="true" simplified="true" border="0 1 0" fill="0 1 0" mode="9"
 points="5.3956 4.79213,
	5.41787 4.75873,
	5.43345 4.7231,
	5.43568 4.71419,
	5.44236 4.70528,
	5.44904 4.68747,
	5.47131 4.65406,
	5.48912 4.65629,
	5.49358 4.6652,
	5.4869 4.70083,
	5.46686 4.77209,
	5.46018 4.7899,
	5.429 4.82553,
	5.42009 4.82998,
	5.41119 4.82553,
	5.40673 4.82776,
	5.3956 4.80994,
	5.3956 4.79435,
	"/>
</Transform>

<Transform dim="6"
 xcoef=" 0.0630421550332155 1.01161358043972 -0.0232860853193382 0 0 0"
 ycoef=" -0.167070823324978 0.0206018529314313 1.00550325163609 0 0 0">
<Contour name="d01cfa21" hidden="false" closed="false" simplified="false" border="0 1 1" fill="0 1 1" mode="9"
 points="5.48171 4.65112,
	5.47726 4.68674,
	5.46612 4.72015,
	5.45499 4.75578,
	5.43717 4.77804,
	5.40823 4.81813,
	"/>
</Transform>

<Transform dim="6"
 xcoef=" 0.0630421550332155 1.01161358043972 -0.0232860853193382 0 0 0"
 ycoef=" -0.167070823324978 0.0206018529314313 1.00550325163609 0 0 0">
<Contour name="d01" hidden="false" closed="true" simplified="true" border="1 0.5 0" fill="1 0.5 0" mode="9"
 points="4.17611 2.55355,
	4.18276 2.54025,
	4.23263 2.49037,
	4.25923 2.49037,
	4.31243 2.507,
	4.36563 2.51032,
	4.39223 2.51365,
	4.41883 2.52362,
	4.44543 2.54025,
	4.47203 2.54357,
	4.48533 2.55355,
	4.51193 2.56019,
	4.52523 2.57017,
	4.51858 2.59677,
	4.51525 2.61007,
	4.50195 2.62004,
	4.47535 2.62337,
	4.44875 2.62004,
	4.43545 2.62004,
	4.40886 2.61007,
	4.38226 2.59012,
	4.35566 2.58014,
	4.30246 2.57682,
	4.28916 2.57017,
	4.23596 2.57017,
	4.20936 2.57349,
	4.18276 2.57017,
	4.17611 2.56684,
	4.17611 2.55687,
	"/>
</Transform>

<Transform dim="6"
 xcoef=" 0.0630421550332155 1.01161358043972 -0.0232860853193382 0 0 0"
 ycoef=" -0.167070823324978 0.0206018529314313 1.00550325163609 0 0 0">
<Contour name="d03" hidden="false" closed="true" simplified="true" border="0 1 0" fill="0 1 0" mode="9"
 points="3.18239 2.52301,
	3.19612 2.5047,
	3.2007 2.46807,
	3.2007 2.44975,
	3.24191 2.37649,
	3.27854 2.34443,
	3.35181 2.30322,
	3.38844 2.28033,
	3.4617 2.20707,
	3.50749 2.1338,
	3.5716 2.06054,
	3.60365 2.02391,
	3.61739 1.98727,
	3.62655 1.96896,
	3.60365 1.93233,
	3.58992 1.95064,
	3.55328 1.96438,
	3.54413 1.96438,
	3.52581 1.92775,
	3.52123 1.89112,
	3.52581 1.85448,
	3.55328 1.81785,
	3.56244 1.74459,
	3.57618 1.70796,
	3.64486 1.63469,
	3.67234 1.59806,
	3.68149 1.5248,
	3.68149 1.48817,
	3.64944 1.4149,
	3.63113 1.37827,
	3.61739 1.23174,
	3.61739 1.15848,
	3.59907 1.08522,
	3.5716 1.01195,
	3.60823 0.984479,
	3.62655 0.970742,
	3.63113 0.966163,
	3.70439 1.03027,
	3.75018 1.10353,
	3.78223 1.1768,
	3.80055 1.46985,
	3.80513 1.54311,
	3.80513 1.56143,
	3.78681 1.59806,
	3.77765 1.67133,
	3.79139 1.81785,
	3.79597 1.85448,
	3.83718 1.92775,
	3.86465 1.96438,
	3.90129 1.98727,
	3.96081 2.05596,
	3.99286 2.08343,
	4.01118 2.10175,
	4.01576 2.12006,
	4.01118 2.13838,
	4.0295 2.21164,
	4.05239 2.24828,
	4.05697 2.28491,
	4.03408 2.43143,
	4.0295 2.5047,
	4.02034 2.54133,
	3.98371 2.57338,
	3.96539 2.58712,
	3.81886 2.58712,
	3.78223 2.58712,
	3.7456 2.59628,
	3.67234 2.63749,
	3.6357 2.66954,
	3.56244 2.6787,
	3.52581 2.70159,
	3.50749 2.71533,
	3.47086 2.72449,
	3.32433 2.71075,
	3.30602 2.71075,
	3.23276 2.65123,
	3.21444 2.63749,
	3.19612 2.60086,
	3.2007 2.56423,
	3.18697 2.52759,
	"/>
</Transform>

<Transform dim="6"
 xcoef=" 0.0630421550332155 1.01161358043972 -0.0232860853193382 0 0 0"
 ycoef=" -0.167070823324978 0.0206018529314313 1.00550325163609 0 0 0">
<Contour name="d03c21" hidden="false" closed="true" simplified="true" border="1 0 0" fill="1 0 0" mode="9"
 points="3.76934 1.74705,
	3.77617 1.73795,
	3.78072 1.7334,
	3.78072 1.72885,
	3.78527 1.7243,
	3.78527 1.71975,
	3.79209 1.71065,
	3.80119 1.71292,
	3.81711 1.72885,
	3.81711 1.7334,
	3.85124 1.76297,
	3.85806 1.78117,
	3.86943 1.79937,
	3.87626 1.81757,
	3.87853 1.85396,
	3.88308 1.87216,
	3.90356 1.90856,
	3.90811 1.92676,
	3.90811 1.96315,
	3.90811 1.98135,
	3.89446 1.99955,
	3.87626 1.99955,
	3.86716 1.99727,
	3.84896 1.98135,
	3.83759 1.96315,
	3.83076 1.94495,
	3.82621 1.9404,
	3.82621 1.93585,
	3.81029 1.92448,
	3.80119 1.91538,
	3.79209 1.89718,
	3.78527 1.86079,
	3.78527 1.84259,
	3.78527 1.83349,
	3.78072 1.82439,
	3.77844 1.80619,
	3.77162 1.79709,
	3.76934 1.7607,
	3.76934 1.7516,
	3.76934 1.74932,
	"/>
<Contour name="d03cfa21" hidden="false" closed="false" simplified="false" border="0 1 1" fill="0 1 1" mode="9"
 points="3.9071 1.98425,
	3.8434 1.91373,
	3.80928 1.81136,
	3.78881 1.71582,
	"/>
</Transform>

<Transform dim="6"
 xcoef=" 0.0630421550332155 1.01161358043972 -0.0232860853193382 0 0 0"
 ycoef=" -0.167070823324978 0.0206018529314313 1.00550325163609 0 0 0">
<Contour name="d06" hidden="false" closed="true" simplified="true" border="0 0 1" fill="0 0 1" mode="9"
 points="3.60601 7.76658,
	3.61437 7.75543,
	3.70354 7.75264,
	3.74813 7.75264,
	3.75928 7.75264,
	3.76485 7.75822,
	3.76485 7.76936,
	3.776 7.79166,
	3.78157 7.8028,
	3.79272 7.81395,
	3.79829 7.8251,
	3.79551 7.91427,
	3.79551 7.93656,
	3.78436 7.95886,
	3.76485 7.97837,
	3.74256 7.98951,
	3.69797 7.98951,
	3.68682 7.98951,
	3.68125 7.98951,
	3.6701 7.97837,
	3.66174 7.95607,
	3.65617 7.94492,
	3.65617 7.90034,
	3.65338 7.87804,
	3.64224 7.8669,
	3.64224 7.86132,
	3.61994 7.83903,
	3.60601 7.81674,
	3.60601 7.77215,
	3.60601 7.76936,
	"/>
</Transform>

<Transform dim="6"
 xcoef=" 0.0630421550332155 1.01161358043972 -0.0232860853193382 0 0 0"
 ycoef=" -0.167070823324978 0.0206018529314313 1.00550325163609 0 0 0">
<Contour name="d06c18" hidden="false" closed="true" simplified="true" border="0 1 0" fill="0 1 0" mode="9"
 points="3.57936 7.78988,
	3.5836 7.77294,
	3.61749 7.7687,
	3.62596 7.77717,
	3.62596 7.78565,
	3.65561 7.81953,
	3.66832 7.83648,
	3.67255 7.90425,
	3.66832 7.97203,
	3.66408 7.9805,
	3.63019 7.9805,
	3.61749 7.96355,
	3.60478 7.92967,
	3.5836 7.89578,
	3.57936 7.828,
	3.57936 7.79412,
	"/>
<Contour name="d06cfa18" hidden="false" closed="false" simplified="false" border="0 1 1" fill="0 1 1" mode="9"
 points="3.65212 7.97729,
	3.63518 7.87563,
	3.614 7.82903,
	3.60553 7.76973,
	"/>
</Transform>

<Transform dim="6"
 xcoef=" 0.0630421550332155 1.01161358043972 -0.0232860853193382 0 0 0"
 ycoef=" -0.167070823324978 0.0206018529314313 1.00550325163609 0 0 0">
<Contour name="d07" hidden="false" closed="true" simplified="true" border="1 0 1" fill="1 0 1" mode="9"
 points="3.6728 7.49977,
	3.69094 7.46349,
	3.72721 7.43175,
	3.79976 7.39094,
	3.83603 7.36827,
	3.87231 7.35467,
	3.89045 7.3456,
	3.90858 7.32746,
	3.94486 7.30479,
	3.98113 7.32293,
	3.99927 7.332,
	4.03555 7.332,
	4.06729 7.35467,
	4.08542 7.36827,
	4.10356 7.3728,
	4.13983 7.40908,
	4.1489 7.41815,
	4.22145 7.41815,
	4.23959 7.41815,
	4.25773 7.43175,
	4.26226 7.5043,
	4.25773 7.57685,
	4.25773 7.59499,
	4.25773 7.60406,
	4.2668 7.61312,
	4.33934 7.61312,
	4.35748 7.61312,
	4.36655 7.61312,
	4.38469 7.63126,
	4.39376 7.64033,
	4.39376 7.6766,
	4.39376 7.68567,
	4.32574 7.74462,
	4.3076 7.74915,
	4.28947 7.74462,
	4.25773 7.71288,
	4.22145 7.71288,
	4.20331 7.71288,
	4.16704 7.73555,
	4.13077 7.74462,
	4.09449 7.76729,
	4.06275 7.79903,
	4.05368 7.8081,
	4.01741 7.81263,
	3.98113 7.80357,
	3.94486 7.78543,
	3.88591 7.71288,
	3.84964 7.68567,
	3.81336 7.6766,
	3.77709 7.64486,
	3.75895 7.63126,
	3.72268 7.62673,
	3.70454 7.61766,
	3.6864 7.59952,
	3.67733 7.58138,
	3.6728 7.50883,
	3.6728 7.5043,
	"/>
</Transform>

<Transform dim="6"
 xcoef=" 0.0630421550332155 1.01161358043972 -0.0232860853193382 0 0 0"
 ycoef=" -0.167070823324978 0.0206018529314313 1.00550325163609 0 0 0">
<Contour name="d07" hidden="false" closed="true" simplified="true" border="1 0 1" fill="1 0 1" mode="9"
 points="3.96753 8.32501,
	4.01287 8.25246,
	4.02194 8.23433,
	4.02194 8.19805,
	4.02648 8.17991,
	4.09903 8.17991,
	4.1353 8.18445,
	4.17157 8.21619,
	4.18971 8.22072,
	4.20331 8.23433,
	4.19878 8.25246,
	4.21238 8.28874,
	4.22599 8.30687,
	4.22599 8.37942,
	4.22145 8.4157,
	4.15344 8.47918,
	4.14437 8.48825,
	4.13983 8.50638,
	4.11263 8.53813,
	4.04008 8.54266,
	4.02194 8.52906,
	4.01287 8.49278,
	3.99927 8.47464,
	3.97206 8.4021,
	3.96753 8.32955,
	"/>
</Transform>

<Transform dim="6"
 xcoef=" 0.0630421550332155 1.01161358043972 -0.0232860853193382 0 0 0"
 ycoef=" -0.167070823324978 0.0206018529314313 1.00550325163609 0 0 0">
<Contour name="d07c26" hidden="false" closed="true" simplified="true" border="1 0 0" fill="0 1 0" mode="9"
 points="4.12768 8.46276,
	4.15488 8.43556,
	4.16848 8.42876,
	4.18208 8.42876,
	4.18888 8.42876,
	4.19568 8.44236,
	4.19908 8.44916,
	4.19228 8.47636,
	4.17528 8.50016,
	4.14808 8.50016,
	4.13448 8.49676,
	4.12768 8.48996,
	4.12768 8.46616,
	"/>
<Contour name="d07cfa26" hidden="false" closed="false" simplified="false" border="0 1 1" fill="0 1 1" mode="9"
 points="4.14381 8.49448,
	4.18801 8.42988,
	"/>
</Transform>

<Transform dim="6"
 xcoef=" 0.0630421550332155 1.01161358043972 -0.0232860853193382 0 0 0"
 ycoef=" -0.167070823324978 0.0206018529314313 1.00550325163609 0 0 0">
<Contour name="d08" hidden="false" closed="true" simplified="true" border="1 0 0" fill="1 0 0" mode="9"
 points="4.02723 1.48851,
	4.04791 1.45543,
	4.11406 1.42648,
	4.14714 1.42235,
	4.15541 1.42235,
	4.19676 1.48851,
	4.19676 1.55466,
	4.19676 1.58774,
	4.20916 1.62082,
	4.26705 1.68284,
	4.28359 1.69524,
	4.4159 1.70351,
	4.48205 1.72419,
	4.51513 1.74072,
	4.54821 1.76967,
	4.61437 1.7738,
	4.63091 1.7738,
	4.66398 1.78621,
	4.69706 1.79034,
	4.7136 1.80275,
	4.73014 1.80688,
	4.79629 1.84823,
	4.82937 1.86063,
	4.84591 1.86477,
	4.85418 1.86477,
	4.87072 1.87717,
	4.88726 1.88131,
	4.92034 1.90611,
	4.93688 1.97227,
	4.93274 2.00535,
	4.92034 2.03843,
	4.78803 2.09218,
	4.75495 2.10045,
	4.68879 2.10045,
	4.65571 2.11699,
	4.58956 2.12112,
	4.57302 2.12112,
	4.53994 2.13766,
	4.5234 2.14593,
	4.49032 2.17901,
	4.46965 2.21208,
	4.46138 2.22862,
	4.43244 2.25757,
	4.44484 2.32372,
	4.44484 2.34026,
	4.46138 2.37334,
	4.49032 2.40642,
	4.511 2.43949,
	4.5234 2.50565,
	4.5234 2.52219,
	4.51513 2.53873,
	4.48205 2.547,
	4.44898 2.54286,
	4.42417 2.50979,
	4.39523 2.44363,
	4.37455 2.41055,
	4.34561 2.37747,
	4.3332 2.36093,
	4.32907 2.29478,
	4.3332 2.22862,
	4.33734 2.22035,
	4.27118 2.1542,
	4.25464 2.12112,
	4.24224 2.10458,
	4.23397 2.0715,
	4.22984 2.05496,
	4.16781 1.98881,
	4.13887 1.95573,
	4.13474 1.88957,
	4.13474 1.8565,
	4.1182 1.82342,
	4.10579 1.75726,
	4.09339 1.72419,
	4.06858 1.69111,
	4.06031 1.62495,
	4.03964 1.59187,
	4.02723 1.5588,
	4.02723 1.49264,
	"/>
<Contour name="d08" hidden="false" closed="true" simplified="true" border="1 0 0" fill="1 0 0" mode="9"
 points="4.04377 2.14179,
	4.07272 2.11285,
	4.10579 2.10872,
	4.17195 2.11285,
	4.18849 2.11699,
	4.19676 2.12112,
	4.20089 2.13352,
	4.20916 2.13352,
	4.21743 2.15006,
	4.23397 2.1542,
	4.25051 2.1666,
	4.26705 2.17074,
	4.29599 2.20381,
	4.30426 2.22035,
	4.30426 2.28651,
	4.30426 2.31959,
	4.30013 2.32786,
	4.23397 2.32372,
	4.20089 2.30718,
	4.16781 2.27824,
	4.15128 2.2617,
	4.08512 2.2493,
	4.07685 2.2493,
	4.06031 2.23276,
	4.04791 2.19968,
	4.04377 2.1666,
	4.04377 2.15006,
	4.04377 2.14593,
	"/>
</Transform>

<Transform dim="6"
 xcoef=" 0.0630421550332155 1.01161358043972 -0.0232860853193382 0 0 0"
 ycoef=" -0.167070823324978 0.0206018529314313 1.00550325163609 0 0 0">
<Contour name="d08c26" hidden="false" closed="true" simplified="true" border="1 0 0" fill="0 1 0" mode="9"
 points="4.17813 1.56038,
	4.19524 1.53301,
	4.24999 1.54327,
	4.27737 1.55354,
	4.28763 1.58091,
	4.2979 1.5946,
	4.30132 1.62198,
	4.2979 1.64935,
	4.29105 1.66304,
	4.27737 1.67673,
	4.24999 1.67673,
	4.2363 1.67673,
	4.22262 1.66988,
	4.19866 1.64251,
	4.19182 1.63566,
	4.1884 1.62198,
	4.18155 1.61513,
	4.17813 1.5638,
	"/>
<Contour name="d08cfa26" hidden="false" closed="false" simplified="false" border="0 1 1" fill="0 1 1" mode="9"
 points="4.26106 1.66708,
	4.24053 1.65339,
	4.20631 1.60548,
	4.1892 1.53362,
	"/>
</Transform>

<Transform dim="6"
 xcoef=" 0.0630421550332155 1.01161358043972 -0.0232860853193382 0 0 0"
 ycoef=" -0.167070823324978 0.0206018529314313 1.00550325163609 0 0 0">
<Contour name="D11" hidden="false" closed="true" simplified="true" border="1 0.5 0" fill="1 0.5 0" mode="11"
 points="3.06665 4.42863,
	3.07188 4.40385,
	3.08706 4.38151,
	3.11071 4.36377,
	3.14051 4.35238,
	3.17354 4.34846,
	3.20657 4.35238,
	3.23637 4.36377,
	3.26002 4.38151,
	3.2752 4.40385,
	3.28044 4.42863,
	3.2752 4.4534,
	3.26002 4.47575,
	3.23637 4.49349,
	3.20657 4.50487,
	3.17354 4.5088,
	3.14051 4.50487,
	3.11071 4.49349,
	3.08706 4.47575,
	"/>
<Contour name="D11" hidden="false" closed="true" simplified="true" border="1 0.5 0" fill="1 0.5 0" mode="11"
 points="3.92665 4.51609,
	3.92998 4.4793,
	3.93964 4.44612,
	3.95469 4.41978,
	3.97365 4.40287,
	3.99468 4.39705,
	4.0157 4.40287,
	4.03466 4.41978,
	4.04971 4.44612,
	4.05937 4.4793,
	4.0627 4.51609,
	4.05937 4.55287,
	4.04971 4.58606,
	4.03466 4.61239,
	4.0157 4.6293,
	3.99468 4.63513,
	3.97365 4.6293,
	3.95469 4.61239,
	3.93964 4.58606,
	"/>
</Transform>

<Transform dim="6"
 xcoef=" 0.0630421550332155 1.01161358043972 -0.0232860853193382 0 0 0"
 ycoef=" -0.167070823324978 0.0206018529314313 1.00550325163609 0 0 0">
<Contour name="D14" hidden="false" closed="true" simplified="true" border="1 0 0" fill="1 0 0" mode="11"
 points="3.27558 2.97828,
	3.27795 2.97078,
	3.28486 2.964,
	3.29561 2.95863,
	3.30915 2.95518,
	3.32416 2.95399,
	3.33918 2.95518,
	3.35272 2.95863,
	3.36347 2.964,
	3.37037 2.97078,
	3.37275 2.97828,
	3.37037 2.98579,
	3.36347 2.99256,
	3.35272 2.99794,
	3.33918 3.00139,
	3.32416 3.00258,
	3.30915 3.00139,
	3.29561 2.99794,
	3.28486 2.99256,
	"/>
</Transform>

<Transform dim="6"
 xcoef=" 0.0630421550332155 1.01161358043972 -0.0232860853193382 0 0 0"
 ycoef=" -0.167070823324978 0.0206018529314313 1.00550325163609 0 0 0">
<Contour name="D14" hidden="false" closed="true" simplified="true" border="1 0 0" fill="1 0 0" mode="11"
 points="5.17536 3.56377,
	5.17702 3.5495,
	5.18185 3.53664,
	5.18938 3.52642,
	5.19886 3.51987,
	5.20937 3.51761,
	5.21988 3.51987,
	5.22936 3.52642,
	5.23688 3.53664,
	5.24171 3.5495,
	5.24338 3.56377,
	5.24171 3.57803,
	5.23688 3.5909,
	5.22936 3.60111,
	5.21988 3.60767,
	5.20937 3.60992,
	5.19886 3.60767,
	5.18938 3.60111,
	5.18185 3.5909,
	"/>
</Transform>

<Transform dim="6"
 xcoef=" 0.0630421550332155 1.01161358043972 -0.0232860853193382 0 0 0"
 ycoef=" -0.167070823324978 0.0206018529314313 1.00550325163609 0 0 0">
<Contour name="D14" hidden="false" closed="true" simplified="true" border="1 0 0" fill="1 0 0" mode="11"
 points="4.5097 4.23185,
	4.51113 4.22434,
	4.51527 4.21757,
	4.52172 4.21219,
	4.52985 4.20874,
	4.53886 4.20755,
	4.54787 4.20874,
	4.55599 4.21219,
	4.56244 4.21757,
	4.56658 4.22434,
	4.56801 4.23185,
	4.56658 4.23936,
	4.56244 4.24613,
	4.55599 4.2515,
	4.54787 4.25495,
	4.53886 4.25614,
	4.52985 4.25495,
	4.52172 4.2515,
	4.51527 4.24613,
	"/>
</Transform>

<Transform dim="6"
 xcoef=" 0.163042155033215 1.01161358043972 -0.0232860853193382 0 0 0"
 ycoef=" -0.127070823324978 0.0206018529314313 1.00550325163609 0 0 0">
<Contour name="d01" hidden="false" closed="true" simplified="true" border="1 0.5 0" fill="1 0.5 0" mode="9"
 points="4.90542 5.09582,
	4.92673 5.01058,
	4.92673 4.96796,
	4.94272 4.88272,
	4.96935 4.8401,
	5.00665 4.8028,
	5.02263 4.81346,
	5.04394 4.81346,
	5.06525 4.82944,
	5.0759 4.8401,
	5.0759 4.85075,
	5.05459 4.87206,
	5.0173 5.04254,
	5.00665 5.06385,
	5.00665 5.10647,
	4.98534 5.14909,
	4.98001 5.1704,
	4.9587 5.18638,
	4.94804 5.19704,
	4.91075 5.15442,
	4.90542 5.1118,
	4.90542 5.10114,
	"/>
</Transform>

<Transform dim="6"
 xcoef=" 0.0630421550332155 1.01161358043972 -0.0232860853193382 0 0 0"
 ycoef=" -0.167070823324978 0.0206018529314313 1.00550325163609 0 0 0">
<Contour name="d01p21" hidden="false" closed="true" simplified="false" border="1 0 0" fill="1 0 0" mode="-9"
 points="5.38579 4.27168,
	5.38579 4.26515,
	5.39232 4.25862,
	5.39884 4.25862,
	5.40537 4.26515,
	5.40537 4.27168,
	5.39884 4.27821,
	5.39232 4.27821,
	"/>
</Transform>

<Transform dim="6"
 xcoef=" 0.0630421550332155 1.01161358043972 -0.0232860853193382 0 0 0"
 ycoef=" -0.167070823324978 0.0206018529314313 1.00550325163609 0 0 0">
<Contour name="d07p25" hidden="false" closed="true" simplified="false" border="1 1 0" fill="1 1 0" mode="-9"
 points="4.22881 7.65951,
	4.22881 7.6198,
	4.18911 7.6198,
	4.18911 7.65454,
	4.18415 7.65951,
	4.18415 7.61484,
	4.23378 7.61484,
	4.23378 7.66447,
	4.18415 7.66447,
	4.18911 7.65951,
	"/>
</Transform>

<Transform dim="6"
 xcoef=" 0.0630421550332155 1.01161358043972 -0.0232860853193382 0 0 0"
 ycoef=" -0.167070823324978 0.0206018529314313 1.00550325163609 0 0 0">
<Contour name="d08p26" hidden="false" closed="true" simplified="false" border="0 0 1" fill="0 0 1" mode="-9"
 points="4.18627 1.75692,
	4.17138 1.74204,
	4.18627 1.72715,
	4.20115 1.74204,
	"/>
</Transform>

<Transform dim="6"
 xcoef=" 0.0630421550332155 1.01161358043972 -0.0232860853193382 0 0 0"
 ycoef=" -0.167070823324978 0.0206018529314313 1.00550325163609 0 0 0">
<Contour name="d08p27" hidden="false" closed="true" simplified="false" border="1 0 1" fill="1 0 1" mode="-9"
 points="4.37338 2.19918,
	4.37338 2.19068,
	4.38188 2.18217,
	4.39039 2.18217,
	4.39889 2.19068,
	4.39889 2.19918,
	4.39039 2.20769,
	4.38188 2.20769,
	"/>
</Transform>

<Transform dim="6"
 xcoef=" 0.223042155033215 1.01161358043972 -0.0232860853193382 0 0 0"
 ycoef=" -0.107070823324978 0.0206018529314313 1.00550325163609 0 0 0">
<Contour name="d01p20" hidden="false" closed="true" simplified="false" border="0 1 1" fill="0 1 1" mode="9"
 points="5.00714 4.07256,
	5.02019 4.05951,
	4.96797 4.00728,
	4.98102 3.99422,
	5.03325 4.04645,
	5.04631 4.03339,
	5.04631 4.07256,
	"/>
</Transform>

<Transform dim="0"
 xcoef=" 0 1 0 0 0 0"
 ycoef=" 0 0 1 0 0 0">
<Contour name="d01ax14" comment="LK bouton trace named after cfa" hidden="false" closed="true" simplified="true" border="0 1 1" fill="0.502 1 1" mode="-9"
 points="6.64741 3.54402,
	6.65617 3.53235,
	6.67951 3.5163,
	6.70286 3.49296,
	6.70869 3.48712,
	6.75538 3.46232,
	6.77873 3.44918,
	6.7904 3.44043,
	6.81374 3.43314,
	6.86043 3.43022,
	6.88378 3.42,
	6.89545 3.40979,
	6.90421 3.39812,
	6.91588 3.3879,
	6.92317 3.37623,
	6.94652 3.36018,
	6.96986 3.34705,
	6.9757 3.34122,
	6.97862 3.33538,
	6.99029 3.32954,
	6.99613 3.32662,
	7.0078 3.32662,
	7.03114 3.33538,
	7.07783 3.36018,
	7.10118 3.3704,
	7.12452 3.38936,
	7.13473 3.40104,
	7.13911 3.40687,
	7.14057 3.43022,
	7.13619 3.47691,
	7.13328 3.48858,
	7.12452 3.50025,
	7.10118 3.51922,
	7.0895 3.52943,
	7.072 3.55278,
	7.06762 3.57612,
	7.06616 3.59947,
	7.06324 3.61114,
	7.06178 3.61697,
	7.04573 3.64032,
	7.02385 3.66366,
	7.01217 3.67096,
	7.0005 3.67534,
	6.97716 3.6768,
	6.95381 3.68555,
	6.94214 3.68993,
	6.9188 3.70598,
	6.89545 3.7264,
	6.88378 3.7337,
	6.87794 3.73808,
	6.8546 3.74245,
	6.85168 3.74245,
	6.84584 3.74683,
	6.83417 3.74975,
	6.81229 3.77163,
	6.80061 3.77747,
	6.79478 3.78039,
	6.77143 3.78331,
	6.75976 3.78477,
	6.74809 3.78914,
	6.73642 3.79644,
	6.71599 3.81978,
	6.70432 3.82854,
	6.69264 3.83291,
	6.6693 3.82708,
	6.66346 3.82562,
	6.65179 3.81541,
	6.64741 3.80373,
	6.64741 3.78039,
	6.64741 3.77747,
	6.65763 3.7658,
	6.6693 3.7585,
	6.67514 3.75704,
	6.67805 3.75413,
	6.68973 3.75267,
	6.69994 3.74099,
	6.71161 3.7337,
	6.72182 3.72203,
	6.72766 3.71035,
	6.73642 3.69868,
	6.75976 3.68263,
	6.77143 3.6768,
	6.79478 3.6695,
	6.80645 3.66512,
	6.81083 3.65929,
	6.80937 3.64761,
	6.79478 3.62427,
	6.79186 3.62135,
	6.79186 3.60968,
	6.7904 3.60384,
	6.78748 3.60093,
	6.6941 3.59217,
	6.67076 3.58488,
	6.65909 3.57612,
	6.65179 3.56445,
	6.64741 3.55278,
	6.64741 3.54694,
	6.64741 3.54548,
	"/>
</Transform>

<Transform dim="0"
 xcoef=" 0 1 0 0 0 0"
 ycoef=" 0 0 1 0 0 0">
<Contour name="ax03" comment="LK bouton trace named after cfa" hidden="false" closed="true" simplified="false" border="0 1 1" fill="0.502 1 1" mode="9"
 points="3.55938 4.54165,
	3.56356 4.53329,
	3.5693 4.52494,
	3.57191 4.52076,
	3.57922 4.51241,
	3.59071 4.4957,
	3.60794 4.46229,
	3.61212 4.45393,
	3.61734 4.44558,
	3.62047 4.4414,
	3.62465 4.43775,
	3.62778 4.43357,
	3.63613 4.42678,
	3.64449 4.42104,
	3.6471 4.41686,
	3.65075 4.41268,
	3.66694 4.37927,
	3.67059 4.37091,
	3.67425 4.35421,
	3.67634 4.34585,
	3.67686 4.34168,
	3.68521 4.32497,
	3.68835 4.32079,
	3.70505 4.30826,
	3.71236 4.29991,
	3.71811 4.29155,
	3.73168 4.27484,
	3.73638 4.26649,
	3.74317 4.25814,
	3.74421 4.25605,
	3.74839 4.25292,
	3.7651 4.24404,
	3.78181 4.23307,
	3.79016 4.22629,
	3.80687 4.2101,
	3.82358 4.19914,
	3.84028 4.18922,
	3.90711 4.13753,
	3.91547 4.13074,
	3.92382 4.12552,
	3.94053 4.11716,
	3.94888 4.11247,
	3.96559 4.09941,
	3.9823 4.0874,
	4.01572 4.05973,
	4.0178 4.05555,
	4.02198 4.0519,
	4.03033 4.04616,
	4.03869 4.03937,
	4.04704 4.03363,
	4.05122 4.03101,
	4.06793 4.02736,
	4.07628 4.02475,
	4.09299 4.0237,
	4.10134 4.0237,
	4.1097 4.02057,
	4.11805 4.01483,
	4.12223 4.01065,
	4.13058 4.00439,
	4.13267 4.00282,
	4.14102 4.00073,
	4.1452 3.99917,
	4.15355 3.99342,
	4.17026 3.97724,
	4.17862 3.9694,
	4.18279 3.96523,
	4.19115 3.96105,
	4.20786 3.95531,
	4.21203 3.95426,
	4.24545 3.93286,
	4.2538 3.92816,
	4.27051 3.92189,
	4.27469 3.92085,
	4.29139 3.92033,
	4.29975 3.92085,
	4.30184 3.92085,
	4.30393 3.92189,
	4.32063 3.92189,
	4.33734 3.91719,
	4.34569 3.91354,
	4.3624 3.90362,
	4.36658 3.90205,
	4.38329 3.90153,
	4.4 3.90936,
	4.4167 3.91563,
	4.42506 3.91667,
	4.45847 3.91719,
	4.47518 3.9151,
	4.49189 3.91406,
	4.50024 3.91302,
	4.51695 3.91406,
	4.5253 3.91563,
	4.52948 3.91824,
	4.53157 3.91876,
	4.53575 3.92137,
	4.53783 3.92189,
	4.54201 3.9245,
	4.5441 3.92502,
	4.55245 3.93129,
	4.56916 3.948,
	4.57647 3.95635,
	4.58848 3.97306,
	4.59527 3.98977,
	4.59892 3.99812,
	4.59997 4.0023,
	4.60101 4.00439,
	4.60258 4.02109,
	4.59997 4.0378,
	4.59736 4.04616,
	4.59683 4.05451,
	4.5937 4.07122,
	4.59161 4.07957,
	4.58848 4.08793,
	4.58639 4.0921,
	4.58535 4.09419,
	4.57021 4.1109,
	4.56864 4.11925,
	4.5676 4.12343,
	4.56707 4.12552,
	4.56655 4.12656,
	4.56551 4.12865,
	4.5582 4.13544,
	4.55559 4.13962,
	4.55506 4.15632,
	4.55506 4.16415,
	4.55402 4.16729,
	4.5488 4.17564,
	4.54201 4.184,
	4.53627 4.19235,
	4.52844 4.19966,
	4.52635 4.20123,
	4.52217 4.20958,
	4.52008 4.21793,
	4.51225 4.23464,
	4.50703 4.24299,
	4.50442 4.24717,
	4.49032 4.26388,
	4.47361 4.28059,
	4.46944 4.28476,
	4.45743 4.30147,
	4.45012 4.30983,
	4.44176 4.31714,
	4.43341 4.32236,
	4.4167 4.32967,
	4.40835 4.33176,
	4.39164 4.33332,
	4.38329 4.33228,
	4.37911 4.33176,
	4.37076 4.32862,
	4.36658 4.3281,
	4.36554 4.32758,
	4.35718 4.33176,
	4.353 4.33437,
	4.34883 4.33802,
	4.34465 4.33959,
	4.34047 4.34011,
	4.33212 4.33854,
	4.31593 4.32236,
	4.30862 4.314,
	4.30445 4.31139,
	4.28774 4.30513,
	4.27939 4.30304,
	4.27103 4.30356,
	4.25432 4.30669,
	4.23762 4.31139,
	4.2042 4.3281,
	4.20211 4.32967,
	4.19376 4.33019,
	4.17705 4.32914,
	4.17287 4.32914,
	4.15617 4.32549,
	4.14781 4.32392,
	4.1144 4.32653,
	4.10604 4.3281,
	4.08933 4.32862,
	4.07263 4.32758,
	4.06427 4.32706,
	4.03086 4.32862,
	3.99744 4.33123,
	3.96403 4.33645,
	3.93061 4.34324,
	3.92226 4.34637,
	3.90555 4.35107,
	3.89719 4.35473,
	3.88049 4.36987,
	3.87631 4.373,
	3.84289 4.40485,
	3.82619 4.41999,
	3.82201 4.42365,
	3.8053 4.43305,
	3.77189 4.44662,
	3.73847 4.45863,
	3.73012 4.46281,
	3.72176 4.46907,
	3.71393 4.47743,
	3.70401 4.49413,
	3.69305 4.51084,
	3.67999 4.52703,
	3.67164 4.53382,
	3.63822 4.55105,
	3.62152 4.55888,
	3.60481 4.56514,
	3.60063 4.56619,
	3.59854 4.56723,
	3.59019 4.56828,
	3.58183 4.56775,
	3.56513 4.55836,
	3.56199 4.55418,
	3.55991 4.55,
	3.55938 4.54217,
	"/>
</Transform>

<Transform dim="0"
 xcoef=" 0 1 0 0 0 0"
 ycoef=" 0 0 1 0 0 0">
<Contour name="D05" hidden="false" closed="true" simplified="true" border="1 1 0" fill="1 1 0" mode="11"
 points="2.60463 3.64738,
	2.61459 3.57516,
	2.64682 3.50955,
	2.69817 3.45694,
	2.7636 3.4225,
	2.8367 3.40961,
	2.91034 3.41949,
	2.97729 3.45122,
	3.03101 3.50168,
	3.06622 3.56591,
	3.0795 3.63765,
	3.06954 3.70986,
	3.03731 3.77547,
	2.98596 3.82808,
	2.92053 3.86252,
	2.84742 3.87541,
	2.7738 3.86552,
	2.70685 3.8338,
	2.65312 3.78334,
	"/>
<Contour name="d03" hidden="false" closed="true" simplified="true" border="0 1 0" fill="0 1 0" mode="9"
 points="2.42359 3.00099,
	2.46314 2.95298,
	2.50907 2.91116,
	2.5183 2.90467,
	2.6183 2.90263,
	2.64331 2.90211,
	2.66852 2.91103,
	2.68109 2.91392,
	2.70653 2.93227,
	2.73168 2.93805,
	2.74781 2.95974,
	2.75122 2.97225,
	2.76088 2.98464,
	2.76728 2.99079,
	2.77985 2.99369,
	2.78356 3.01877,
	2.78101 3.04398,
	2.77818 3.05662,
	2.76001 3.08217,
	2.7478 3.095,
	2.69851 3.12747,
	2.68609 3.13086,
	2.67388 3.14369,
	2.66145 3.1471,
	2.64917 3.15678,
	2.62424 3.16044,
	2.59917 3.15781,
	2.58667 3.15806,
	2.57388 3.14574,
	2.56704 3.12072,
	2.55084 3.09589,
	2.5254 3.07754,
	2.47519 3.06913,
	2.44998 3.06021,
	2.43725 3.05103,
	2.42417 3.02613,
	2.42366 3.00413,
	"/>
</Transform>

<Transform dim="0"
 xcoef=" 0 1 0 0 0 0"
 ycoef=" 0 0 1 0 0 0">
<Contour name="ax10" comment="LK bouton trace named after cfa" hidden="false" closed="true" simplified="true" border="0 1 1" fill="0.502 1 1" mode="9"
 points="1.78957 3.37105,
	1.79096 3.3655,
	1.79096 3.36273,
	1.79443 3.35163,
	1.79512 3.34608,
	1.79997 3.33498,
	1.80136 3.33221,
	1.80136 3.32666,
	1.80483 3.31556,
	1.8076 3.31001,
	1.80899 3.30724,
	1.81454 3.30169,
	1.82772 3.27949,
	1.83258 3.26839,
	1.83396 3.26284,
	1.83882 3.25175,
	1.84575 3.22955,
	1.84853 3.21845,
	1.8513 3.19626,
	1.852 3.19071,
	1.84784 3.16851,
	1.84575 3.16296,
	1.84506 3.15186,
	1.84575 3.14076,
	1.84784 3.12967,
	1.85477 3.10747,
	1.85824 3.09637,
	1.86032 3.08527,
	1.86032 3.0825,
	1.85547 3.0714,
	1.85547 3.06863,
	1.85408 3.06585,
	1.85338 3.05475,
	1.85269 3.04921,
	1.85269 3.04643,
	1.84229 3.02423,
	1.83882 3.01314,
	1.82911 2.99094,
	1.82564 2.97984,
	1.82564 2.95765,
	1.82633 2.94655,
	1.82425 2.90216,
	1.82495 2.89661,
	1.83049 2.88551,
	1.83396 2.87996,
	1.84506 2.87372,
	1.85061 2.87094,
	1.87281 2.87025,
	1.8839 2.87372,
	1.9283 2.89591,
	1.95049 2.90701,
	1.96159 2.91672,
	1.96991 2.92782,
	1.99419 2.97221,
	2.0046 2.98331,
	2.01569 2.99094,
	2.06009 3.01244,
	2.08228 3.0166,
	2.09338 3.01938,
	2.10448 3.01591,
	2.11003 3.01314,
	2.12113 3.01036,
	2.12668 3.00897,
	2.14887 3.00828,
	2.15997 3.00897,
	2.16552 3.01036,
	2.18771 3.01106,
	2.20991 3.01314,
	2.22101 3.01522,
	2.24321 3.02354,
	2.24875 3.02562,
	2.29315 3.02978,
	2.30424 3.03186,
	2.32644 3.03186,
	2.33754 3.03325,
	2.34309 3.03395,
	2.35419 3.0388,
	2.37638 3.05129,
	2.38748 3.05822,
	2.39303 3.061,
	2.39858 3.06238,
	2.40413 3.06516,
	2.44852 3.06724,
	2.45129 3.06724,
	2.46239 3.07279,
	2.47349 3.07626,
	2.47904 3.07834,
	2.48459 3.08181,
	2.49569 3.08458,
	2.50124 3.08597,
	2.51233 3.09221,
	2.52343 3.10192,
	2.52898 3.10539,
	2.53176 3.10678,
	2.54077 3.11788,
	2.54771 3.12897,
	2.55881 3.15117,
	2.56158 3.15672,
	2.56574 3.16227,
	2.56852 3.16782,
	2.57684 3.17891,
	2.5817 3.19001,
	2.58517 3.20111,
	2.58725 3.21221,
	2.58933 3.2566,
	2.58517 3.2788,
	2.58378 3.2899,
	2.57754 3.31209,
	2.57268 3.33429,
	2.56991 3.35648,
	2.56574 3.37868,
	2.56505 3.38423,
	2.5595 3.39533,
	2.55257 3.40643,
	2.54285 3.41752,
	2.53869 3.42307,
	2.53314 3.42793,
	2.51095 3.44041,
	2.48875 3.44943,
	2.46655 3.45567,
	2.45546 3.45914,
	2.44436 3.46122,
	2.43881 3.46192,
	2.43326 3.46538,
	2.42771 3.46677,
	2.42494 3.46747,
	2.41384 3.47579,
	2.40205 3.49729,
	2.39719 3.50839,
	2.39026 3.51949,
	2.38679 3.52504,
	2.37569 3.53544,
	2.37014 3.5403,
	2.36737 3.54307,
	2.34517 3.55486,
	2.33407 3.56388,
	2.32852 3.56874,
	2.30633 3.5833,
	2.30078 3.58677,
	2.298 3.58885,
	2.27581 3.59509,
	2.26471 3.59926,
	2.22032 3.62215,
	2.19812 3.63255,
	2.18702 3.63671,
	2.18147 3.63879,
	2.15928 3.64018,
	2.14818 3.64157,
	2.12598 3.64018,
	2.11488 3.64018,
	2.09269 3.63047,
	2.07049 3.61937,
	2.04829 3.60689,
	2.0372 3.60134,
	2.0261 3.59717,
	2.02055 3.5944,
	2.015 3.59301,
	2.0039 3.59371,
	1.98171 3.6048,
	1.97061 3.60619,
	1.95951 3.6055,
	1.95396 3.60411,
	1.94841 3.59856,
	1.93107 3.57637,
	1.9283 3.57359,
	1.92275 3.57082,
	1.9172 3.56943,
	1.895 3.56735,
	1.8839 3.56388,
	1.87281 3.55764,
	1.86726 3.55348,
	1.85755 3.54238,
	1.85477 3.53683,
	1.852 3.52573,
	1.8513 3.50353,
	1.84922 3.48134,
	1.84853 3.45914,
	1.84784 3.45359,
	1.84575 3.45082,
	1.84298 3.43972,
	1.8409 3.43695,
	1.83951 3.4314,
	1.83604 3.42585,
	1.83049 3.42099,
	1.8194 3.41614,
	1.8083 3.41267,
	1.7972 3.40573,
	1.79373 3.40018,
	1.79165 3.39741,
	1.78957 3.38631,
	1.78957 3.37521,
	1.78957 3.37244,
	1.78957 3.37174,
	"/>
</Transform>

<Transform dim="0"
 xcoef=" 0 1 0 0 0 0"
 ycoef=" 0 0 1 0 0 0">
<Contour name="ax11" comment="LK bouton trace named after cfa" hidden="false" closed="true" simplified="false" border="0 1 1" fill="0.502 1 1" mode="9"
 points="2.32564 2.42316,
	2.328 2.41843,
	2.32859 2.40897,
	2.32919 2.40424,
	2.32978 2.40188,
	2.33332 2.39715,
	2.33569 2.39242,
	2.33628 2.3877,
	2.3351 2.37824,
	2.3345 2.37351,
	2.3345 2.37115,
	2.33864 2.3676,
	2.34101 2.36524,
	2.34573 2.36287,
	2.35519 2.35578,
	2.36346 2.34632,
	2.37292 2.33805,
	2.38179 2.33155,
	2.38297 2.33155,
	2.38415 2.33037,
	2.39361 2.32859,
	2.40306 2.328,
	2.40779 2.328,
	2.41015 2.32859,
	2.41488 2.33155,
	2.41725 2.33273,
	2.43557 2.35164,
	2.44384 2.3611,
	2.4533 2.36878,
	2.46275 2.37765,
	2.46689 2.38179,
	2.4858 2.39301,
	2.49526 2.39715,
	2.50472 2.40011,
	2.52363 2.40365,
	2.53309 2.40543,
	2.53781 2.40602,
	2.54727 2.40956,
	2.55673 2.41193,
	2.56145 2.41311,
	2.56382 2.4137,
	2.56618 2.41547,
	2.56855 2.41606,
	2.57091 2.41784,
	2.57564 2.41961,
	2.58509 2.42552,
	2.59396 2.43439,
	2.59632 2.43911,
	2.59869 2.45803,
	2.59987 2.46748,
	2.59987 2.47694,
	2.59987 2.48167,
	2.59987 2.48403,
	2.60519 2.4929,
	2.61464 2.49881,
	2.6241 2.50294,
	2.62647 2.50413,
	2.63592 2.50413,
	2.64065 2.50413,
	2.65011 2.50117,
	2.65483 2.49999,
	2.67375 2.49112,
	2.6832 2.48817,
	2.69266 2.48639,
	2.69739 2.48521,
	2.69975 2.48403,
	2.70921 2.48226,
	2.71394 2.48048,
	2.72339 2.4793,
	2.72812 2.47694,
	2.74703 2.4728,
	2.75649 2.46985,
	2.76122 2.46866,
	2.77067 2.46807,
	2.7754 2.46807,
	2.78486 2.4663,
	2.78959 2.46512,
	2.8085 2.46512,
	2.81323 2.46512,
	2.81559 2.46512,
	2.8345 2.4793,
	2.84396 2.48639,
	2.85282 2.49585,
	2.86287 2.51476,
	2.86642 2.52422,
	2.86819 2.52895,
	2.86937 2.53131,
	2.87055 2.54077,
	2.87292 2.5455,
	2.87469 2.56441,
	2.87351 2.58332,
	2.86701 2.62115,
	2.86878 2.6306,
	2.86937 2.64951,
	2.86878 2.65897,
	2.85932 2.67788,
	2.85755 2.68261,
	2.85637 2.69207,
	2.85814 2.70152,
	2.85814 2.71098,
	2.85578 2.72989,
	2.85401 2.73935,
	2.85105 2.74881,
	2.84987 2.75353,
	2.84455 2.76299,
	2.84159 2.76772,
	2.82505 2.78663,
	2.81677 2.79609,
	2.80732 2.80436,
	2.80377 2.82327,
	2.80141 2.83273,
	2.80141 2.83391,
	2.79254 2.84337,
	2.7884 2.8481,
	2.77895 2.85519,
	2.77658 2.85696,
	2.73876 2.85637,
	2.7293 2.85755,
	2.72457 2.85814,
	2.71512 2.85755,
	2.71039 2.85696,
	2.70093 2.85341,
	2.69148 2.8475,
	2.68675 2.84455,
	2.66784 2.82623,
	2.66547 2.8215,
	2.65129 2.80259,
	2.64715 2.79845,
	2.62824 2.78722,
	2.61878 2.78367,
	2.60933 2.78131,
	2.60696 2.78072,
	2.60223 2.77776,
	2.58332 2.77304,
	2.57387 2.77067,
	2.56914 2.76949,
	2.56441 2.76654,
	2.55495 2.75826,
	2.55259 2.75649,
	2.54372 2.73758,
	2.54195 2.73285,
	2.54136 2.72812,
	2.54136 2.72576,
	2.53722 2.7163,
	2.5319 2.70684,
	2.52245 2.69798,
	2.51772 2.69384,
	2.51535 2.68911,
	2.51417 2.68675,
	2.49703 2.66843,
	2.49231 2.66429,
	2.48285 2.65897,
	2.47339 2.65247,
	2.46394 2.6442,
	2.45921 2.64124,
	2.45034 2.63238,
	2.44089 2.62528,
	2.43852 2.62351,
	2.42907 2.61937,
	2.4267 2.61878,
	2.41725 2.61228,
	2.40779 2.60401,
	2.40424 2.59928,
	2.40188 2.59691,
	2.39892 2.59219,
	2.39538 2.58273,
	2.39006 2.56382,
	2.38119 2.54491,
	2.37942 2.54018,
	2.37824 2.53781,
	2.37647 2.52836,
	2.37292 2.5189,
	2.37056 2.51417,
	2.3676 2.50472,
	2.36346 2.49526,
	2.35992 2.49053,
	2.35874 2.48817,
	2.34928 2.47989,
	2.34041 2.47044,
	2.33864 2.46807,
	2.33805 2.46571,
	2.33687 2.46453,
	2.33569 2.4598,
	2.33569 2.45507,
	2.33569 2.45271,
	2.33746 2.44798,
	2.33687 2.44562,
	2.32978 2.43616,
	2.32564 2.4267,
	2.32564 2.42434,
	2.32564 2.42375,
	"/>
</Transform>

<Transform dim="0"
 xcoef=" 0 1 0 0 0 0"
 ycoef=" 0 0 1 0 0 0">
<Contour name="ax18" comment="LK bouton trace named after cfa" hidden="false" closed="true" simplified="true" border="0 1 1" fill="0.502 1 1" mode="9"
 points="5.28562 6.66921,
	5.29391 6.65263,
	5.29702 6.61946,
	5.29702 6.61117,
	5.29702 6.60702,
	5.30013 6.59873,
	5.30531 6.59044,
	5.31257 6.58319,
	5.32915 6.5749,
	5.33744 6.57075,
	5.35402 6.57075,
	5.36231 6.57075,
	5.3706 6.57282,
	5.38719 6.58526,
	5.40377 6.60081,
	5.40688 6.60495,
	5.40791 6.6091,
	5.41102 6.61324,
	5.4131 6.62982,
	5.4131 6.63812,
	5.41413 6.64226,
	5.41413 6.64433,
	5.42242 6.65055,
	5.45559 6.66403,
	5.47217 6.67335,
	5.48046 6.67854,
	5.48461 6.68164,
	5.48668 6.68579,
	5.49497 6.68475,
	5.52814 6.6889,
	5.53643 6.6889,
	5.54057 6.6889,
	5.54886 6.68372,
	5.55715 6.67543,
	5.57374 6.66506,
	5.59032 6.65677,
	5.59861 6.6547,
	5.61519 6.6547,
	5.62348 6.65677,
	5.64007 6.66403,
	5.65665 6.66713,
	5.68981 6.66921,
	5.6981 6.67128,
	5.71469 6.67957,
	5.7292 6.69615,
	5.73438 6.71274,
	5.72816 6.72932,
	5.71676 6.7459,
	5.70847 6.75419,
	5.6753 6.76767,
	5.66701 6.76974,
	5.63385 6.78632,
	5.62556 6.7915,
	5.62141 6.79979,
	5.62037 6.80394,
	5.61934 6.80601,
	5.62348 6.8143,
	5.63903 6.82778,
	5.64732 6.83503,
	5.6525 6.84332,
	5.65561 6.84747,
	5.65458 6.85576,
	5.65354 6.8599,
	5.63799 6.86923,
	5.62141 6.87027,
	5.61312 6.87234,
	5.60483 6.87649,
	5.59654 6.88374,
	5.59239 6.88685,
	5.55923 6.88996,
	5.55094 6.89307,
	5.54679 6.89618,
	5.51363 6.89721,
	5.48046 6.88167,
	5.46388 6.87234,
	5.4473 6.8599,
	5.43486 6.84332,
	5.42968 6.83503,
	5.42657 6.82674,
	5.41828 6.82259,
	5.40377 6.80705,
	5.39548 6.79047,
	5.39133 6.78217,
	5.38511 6.77388,
	5.35195 6.75626,
	5.33537 6.75212,
	5.32707 6.74901,
	5.32293 6.74694,
	5.30738 6.73243,
	5.29598 6.71585,
	5.28873 6.69926,
	5.28666 6.68268,
	5.28562 6.67439,
	5.28562 6.67024,
	"/>
</Transform>

<Transform dim="0"
 xcoef=" 0 1 0 0 0 0"
 ycoef=" 0 0 1 0 0 0">
<Contour name="d02" hidden="false" closed="true" simplified="true" border="0.5 0 1" fill="0.5 0 1" mode="9"
 points="2.65592 7.88241,
	2.67713 7.86568,
	2.69858 7.85981,
	2.7095 7.86502,
	2.72531 7.8484,
	2.75028 7.76101,
	2.8346 7.6724,
	2.83899 7.62887,
	2.8326 7.58556,
	2.83699 7.54202,
	2.89773 7.36701,
	2.91292 7.32326,
	2.88495 7.28039,
	2.8847 7.26953,
	2.84091 7.24328,
	2.7975 7.23331,
	2.77555 7.21747,
	2.76966 7.19587,
	2.77995 7.17394,
	2.79049 7.16286,
	2.87643 7.14481,
	2.96187 7.10504,
	2.98332 7.09917,
	3.07027 7.12455,
	3.15684 7.13364,
	3.18481 7.1765,
	3.2015 7.19788,
	3.28706 7.16355,
	3.32972 7.14095,
	3.41591 7.13376,
	3.43774 7.14417,
	3.52382 7.13155,
	3.56673 7.11981,
	3.58818 7.11394,
	3.63059 7.08048,
	3.68254 6.99253,
	3.75607 6.90414,
	3.77125 6.86039,
	3.81441 6.85951,
	3.85794 6.87491,
	3.90198 6.91201,
	3.90787 6.93361,
	3.89808 6.97726,
	3.86671 7.02134,
	3.85103 7.04338,
	3.84613 7.0652,
	3.85203 7.0868,
	3.88539 7.12957,
	3.90208 7.15095,
	3.91387 7.19415,
	3.91976 7.21575,
	3.95314 7.2585,
	3.96443 7.27999,
	3.96468 7.29085,
	3.98136 7.31223,
	3.97697 7.35576,
	3.93481 7.40006,
	3.91335 7.40593,
	3.89214 7.42266,
	3.88135 7.42288,
	3.83882 7.4509,
	3.81736 7.45677,
	3.73819 7.53441,
	3.74998 7.57762,
	3.75048 7.59933,
	3.77833 7.63677,
	3.78912 7.63655,
	3.81107 7.65239,
	3.83278 7.65738,
	3.84357 7.65716,
	3.86025 7.67854,
	3.87204 7.72174,
	3.83515 7.7605,
	3.79212 7.76681,
	3.77041 7.76183,
	3.69301 7.68196,
	3.67093 7.66069,
	3.65375 7.61761,
	3.6259 7.58016,
	3.63619 7.55822,
	3.6298 7.51491,
	3.60809 7.50993,
	3.59291 7.55368,
	3.5988 7.57529,
	3.59391 7.59711,
	3.55702 7.63588,
	3.51423 7.65304,
	3.50332 7.64784,
	3.48198 7.65914,
	3.44522 7.70333,
	3.42953 7.72537,
	3.41435 7.76912,
	3.38298 7.81321,
	3.36879 7.90038,
	3.3644 7.94391,
	3.37719 8.03054,
	3.37744 8.0414,
	3.33465 8.05856,
	3.31307 8.059,
	3.22801 8.11505,
	3.18585 8.15935,
	3.1861 8.17021,
	3.16502 8.19236,
	3.15448 8.20344,
	3.14369 8.20366,
	3.13265 8.19302,
	3.1324 8.18217,
	3.15837 8.1382,
	3.16327 8.11638,
	3.20543 8.07207,
	3.22061 8.02832,
	3.22011 8.0066,
	3.16417 7.92086,
	3.14159 7.87788,
	3.09818 7.86791,
	3.05527 7.87965,
	3.03393 7.89095,
	2.97659 7.97901,
	2.93543 8.06674,
	2.90946 8.11072,
	2.88838 8.13287,
	2.86667 8.12788,
	2.85588 8.1281,
	2.81172 8.08557,
	2.78977 8.06973,
	2.75001 7.98365,
	2.73282 7.94056,
	2.71627 7.92461,
	2.67286 7.91464,
	2.6563 7.89869,
	2.65605 7.88783,
	"/>
</Transform>

<Transform dim="0"
 xcoef=" 0 1 0 0 0 0"
 ycoef=" 0 0 1 0 0 0">
<Contour name="ax19" comment="LK bouton trace named after cfa" hidden="false" closed="true" simplified="true" border="0 1 1" fill="0.502 1 1" mode="-9"
 points="2.8574 8.26918,
	2.86608 8.25374,
	2.87091 8.24602,
	2.87766 8.23058,
	2.88152 8.22286,
	2.88538 8.20742,
	2.88731 8.19198,
	2.88731 8.1611,
	2.88828 8.15338,
	2.89696 8.1389,
	2.92302 8.10802,
	2.9317 8.09258,
	2.93846 8.07714,
	2.93942 8.0617,
	2.93846 8.04626,
	2.93556 8.03854,
	2.9346 8.03082,
	2.93556 8.0231,
	2.94425 8.00766,
	2.951 8.00091,
	2.96644 7.99222,
	2.97416 7.98836,
	2.98767 7.97389,
	2.99636 7.95845,
	3.00118 7.95073,
	3.00504 7.93529,
	3.01083 7.91985,
	3.01276 7.91213,
	3.03014 7.88125,
	3.03786 7.87449,
	3.06874 7.85809,
	3.08418 7.85037,
	3.11506 7.84168,
	3.14594 7.83686,
	3.16138 7.83686,
	3.1691 7.84168,
	3.17585 7.84844,
	3.19226 7.87932,
	3.19901 7.89476,
	3.20191 7.90248,
	3.20287 7.9102,
	3.20577 7.91792,
	3.21542 7.93336,
	3.22796 7.9488,
	3.24919 7.97968,
	3.25305 7.9874,
	3.25498 7.99126,
	3.25595 8.0067,
	3.25498 8.02214,
	3.24823 8.03758,
	3.24437 8.0453,
	3.22893 8.06074,
	3.22121 8.06749,
	3.21928 8.06749,
	3.20384 8.08293,
	3.19419 8.09837,
	3.16041 8.16013,
	3.15076 8.17557,
	3.13532 8.18909,
	3.1276 8.19488,
	3.09672 8.20549,
	3.08128 8.21321,
	3.07356 8.21707,
	3.04847 8.24699,
	3.03303 8.26146,
	3.01952 8.2769,
	2.9896 8.30296,
	2.97416 8.31164,
	2.94328 8.31936,
	2.92784 8.32033,
	2.89696 8.3184,
	2.8931 8.3184,
	2.87766 8.31261,
	2.86222 8.30296,
	2.85933 8.29524,
	2.8574 8.2798,
	2.8574 8.27208,
	2.8574 8.27015,
	"/>
</Transform>

<Transform dim="0"
 xcoef=" 0 1 0 0 0 0"
 ycoef=" 0 0 1 0 0 0">
<Contour name="D04" hidden="false" closed="true" simplified="true" border="1 0 0" fill="1 0 0" mode="11"
 points="4.84118 7.10818,
	4.84311 7.06935,
	4.85063 7.03125,
	4.86359 6.99472,
	4.88171 6.96054,
	4.90459 6.92947,
	4.93172 6.90218,
	4.96251 6.87928,
	4.9963 6.86125,
	5.03235 6.84849,
	5.06987 6.84127,
	5.10804 6.83977,
	5.14603 6.84402,
	5.18302 6.8539,
	5.21817 6.86922,
	5.25076 6.88964,
	5.28004 6.91471,
	5.3054 6.94388,
	5.32627 6.97653,
	5.34219 7.01192,
	5.35282 7.04931,
	5.35794 7.08786,
	5.35742 7.12674,
	5.35129 7.1651,
	5.33966 7.2021,
	5.3228 7.23694,
	5.30108 7.26886,
	5.27496 7.29715,
	5.24502 7.3212,
	5.21191 7.34049,
	5.17635 7.35459,
	5.13912 7.36321,
	5.10104 7.36615,
	5.06292 7.36334,
	5.02562 7.35485,
	4.98993 7.34086,
	4.95663 7.32168,
	4.92646 7.29773,
	4.90006 7.26952,
	4.87802 7.23768,
	4.86082 7.20291,
	4.84884 7.16594,
	"/>
<Contour name="d02" hidden="false" closed="true" simplified="true" border="0.5 0 1" fill="0.5 0 1" mode="9"
 points="4.42307 7.74303,
	4.43187 7.65596,
	4.51656 7.58364,
	4.55332 7.53943,
	4.63876 7.49967,
	4.6818 7.49336,
	4.7035 7.49834,
	4.74728 7.5246,
	4.79082 7.54001,
	4.81252 7.54499,
	4.85104 7.57678,
	4.87462 7.66318,
	4.88102 7.70649,
	4.87662 7.75002,
	4.86144 7.79378,
	4.87962 7.88028,
	4.88601 7.92359,
	4.88626 7.93445,
	4.8495 7.97864,
	4.80671 7.99582,
	4.76367 8.00213,
	4.74222 8.008,
	4.69969 8.03602,
	4.65313 8.12386,
	4.61599 8.15177,
	4.59479 8.1685,
	4.5796 8.21225,
	4.53732 8.25113,
	4.51574 8.25157,
	4.49379 8.23573,
	4.49354 8.22487,
	4.47158 8.20903,
	4.46054 8.1984,
	4.46004 8.17669,
	4.48602 8.13271,
	4.5012 8.08896,
	4.51212 8.09417,
	4.56407 8.00622,
	4.6268 7.91805,
	4.65278 7.87407,
	4.66307 7.85214,
	4.66207 7.80872,
	4.65028 7.76552,
	4.63899 7.74403,
	4.61716 7.73362,
	4.53122 7.75167,
	4.48831 7.76341,
	4.46698 7.77471,
	4.4454 7.77515,
	4.42345 7.75931,
	4.4232 7.74845,
	"/>
<Contour name="d07" hidden="false" closed="true" simplified="true" border="1 0 1" fill="1 0 1" mode="9"
 points="4.88229 7.81796,
	4.89855 7.74548,
	4.9022 7.70932,
	4.90178 7.6913,
	4.88793 7.67354,
	4.89158 7.63738,
	4.90939 7.63251,
	4.92742 7.63665,
	4.95951 7.66756,
	4.97336 7.68532,
	5.00962 7.70261,
	5.02347 7.72037,
	5.04161 7.72901,
	5.05994 7.74667,
	5.0691 7.75551,
	5.06629 7.82772,
	5.0667 7.84575,
	5.05816 7.86396,
	5.05857 7.88199,
	5.05002 7.9002,
	5.03253 7.9186,
	4.96084 7.92007,
	4.92489 7.91629,
	4.8928 7.88538,
	4.88364 7.87655,
	4.88281 7.8405,
	4.88239 7.82247,
	"/>
<Contour name="d07cfa25ax20" hidden="false" closed="false" simplified="false" border="0 1 1" fill="0 1 1" mode="9"
 points="5.06951 7.75621,
	5.04905 7.7431,
	5.02514 7.72668,
	4.97757 7.70399,
	4.95007 7.6775,
	4.94265 7.64722,
	"/>
</Transform>

<Transform dim="0"
 xcoef=" 0 1 0 0 0 0"
 ycoef=" 0 0 1 0 0 0">
<Contour name="ax20" comment="LK bouton trace named after cfa" hidden="false" closed="true" simplified="true" border="0 1 1" fill="0.502 1 1" mode="9"
 points="4.89306 7.5229,
	4.90365 7.50173,
	4.90895 7.49114,
	4.91159 7.48584,
	4.92218 7.47856,
	4.96453 7.45805,
	4.98571 7.45143,
	4.9963 7.44879,
	5.01747 7.4468,
	5.03865 7.44614,
	5.05983 7.44349,
	5.06512 7.44283,
	5.06777 7.44283,
	5.07836 7.44812,
	5.08894 7.4554,
	5.11012 7.47459,
	5.12071 7.48386,
	5.14189 7.49511,
	5.16306 7.50106,
	5.16836 7.50239,
	5.17894 7.50106,
	5.18953 7.49643,
	5.21071 7.49048,
	5.21336 7.48981,
	5.23453 7.49246,
	5.27688 7.50305,
	5.29806 7.50834,
	5.31924 7.51562,
	5.34041 7.52158,
	5.351 7.52754,
	5.3563 7.53217,
	5.35894 7.53481,
	5.36953 7.54011,
	5.38012 7.54408,
	5.39071 7.54606,
	5.4013 7.54673,
	5.40659 7.54606,
	5.44894 7.53151,
	5.47012 7.53084,
	5.48071 7.53084,
	5.4913 7.53217,
	5.53365 7.52423,
	5.53894 7.52356,
	5.56012 7.52489,
	5.58129 7.52224,
	5.59188 7.52092,
	5.63424 7.52886,
	5.65541 7.53151,
	5.66071 7.53283,
	5.66335 7.53283,
	5.67394 7.53812,
	5.67924 7.53945,
	5.72159 7.53481,
	5.74276 7.53018,
	5.76394 7.51893,
	5.77453 7.5143,
	5.78512 7.51231,
	5.80629 7.51364,
	5.81688 7.51496,
	5.82747 7.51959,
	5.84865 7.53481,
	5.86784 7.55599,
	5.87313 7.56062,
	5.88372 7.56658,
	5.88901 7.56856,
	5.91019 7.56923,
	5.92078 7.56856,
	5.94195 7.56327,
	5.96313 7.55996,
	5.98431 7.55864,
	5.9949 7.55665,
	6.01607 7.54739,
	6.03725 7.5368,
	6.05842 7.5229,
	6.06372 7.51893,
	6.0849 7.50834,
	6.09019 7.50504,
	6.10078 7.50173,
	6.11137 7.5004,
	6.12195 7.50106,
	6.13254 7.50305,
	6.14313 7.50636,
	6.16431 7.50967,
	6.18548 7.51099,
	6.20666 7.50967,
	6.21725 7.50901,
	6.22254 7.50834,
	6.22519 7.50834,
	6.22784 7.50702,
	6.27019 7.50305,
	6.28078 7.50239,
	6.28607 7.5004,
	6.32842 7.49379,
	6.3496 7.49246,
	6.35489 7.49312,
	6.36548 7.49776,
	6.37607 7.50504,
	6.38136 7.50901,
	6.38401 7.51165,
	6.3946 7.51761,
	6.39989 7.52092,
	6.40453 7.52621,
	6.40982 7.5368,
	6.42041 7.54474,
	6.46276 7.58577,
	6.47203 7.59636,
	6.47931 7.60695,
	6.48195 7.61224,
	6.48923 7.62283,
	6.4932 7.62812,
	6.51438 7.64864,
	6.52497 7.65592,
	6.53555 7.66055,
	6.54614 7.66253,
	6.55144 7.6632,
	6.55408 7.66386,
	6.55938 7.66783,
	6.56798 7.67842,
	6.57261 7.68371,
	6.57857 7.6943,
	6.58783 7.71548,
	6.60041 7.73665,
	6.60041 7.73798,
	6.60239 7.74062,
	6.60305 7.74327,
	6.60504 7.74592,
	6.61232 7.76709,
	6.62622 7.78827,
	6.6335 7.79886,
	6.63614 7.80415,
	6.6368 7.8068,
	6.64011 7.81209,
	6.64077 7.81474,
	6.64408 7.82003,
	6.64475 7.82268,
	6.64805 7.82797,
	6.65004 7.83856,
	6.64938 7.83922,
	6.66129 7.8604,
	6.67452 7.88158,
	6.67783 7.88687,
	6.6785 7.88952,
	6.68247 7.89481,
	6.68776 7.9054,
	6.69041 7.91599,
	6.69107 7.93717,
	6.69041 7.94246,
	6.69041 7.94511,
	6.6871 7.9504,
	6.66592 7.97092,
	6.65997 7.9815,
	6.65335 8.00268,
	6.65335 8.04503,
	6.65269 8.05562,
	6.65467 8.09797,
	6.65533 8.11915,
	6.65401 8.1615,
	6.65269 8.18268,
	6.64872 8.20386,
	6.64673 8.21444,
	6.64276 8.22503,
	6.63813 8.24621,
	6.63614 8.2568,
	6.63548 8.26209,
	6.63085 8.27268,
	6.6282 8.27797,
	6.61827 8.28856,
	6.60769 8.29716,
	6.58651 8.30841,
	6.56533 8.32099,
	6.55475 8.3276,
	6.5521 8.32959,
	6.54945 8.33025,
	6.5468 8.33224,
	6.54416 8.3329,
	6.53886 8.33621,
	6.53754 8.33621,
	6.53489 8.33819,
	6.53225 8.33885,
	6.53092 8.34018,
	6.52563 8.34084,
	6.50445 8.34944,
	6.48328 8.35143,
	6.47269 8.35341,
	6.45151 8.35275,
	6.44622 8.35275,
	6.44357 8.35143,
	6.43298 8.3501,
	6.42769 8.34944,
	6.42504 8.34812,
	6.38269 8.34547,
	6.36151 8.34613,
	6.35886 8.34613,
	6.35622 8.34746,
	6.35092 8.34746,
	6.34034 8.3501,
	6.32975 8.35077,
	6.30857 8.35606,
	6.30328 8.35672,
	6.29798 8.35871,
	6.29269 8.35937,
	6.27151 8.36797,
	6.26092 8.37128,
	6.25828 8.37128,
	6.24769 8.37657,
	6.24239 8.3779,
	6.23975 8.37922,
	6.22916 8.37922,
	6.20798 8.38253,
	6.18681 8.38385,
	6.17622 8.38187,
	6.17092 8.38121,
	6.16828 8.37988,
	6.16298 8.37922,
	6.15769 8.37724,
	6.13651 8.36466,
	6.13122 8.36202,
	6.12063 8.36003,
	6.11004 8.35672,
	6.08887 8.35275,
	6.08357 8.35143,
	6.07828 8.34878,
	6.06769 8.34084,
	6.0624 8.33687,
	6.05975 8.33488,
	6.0571 8.33422,
	6.05578 8.3329,
	6.0346 8.32893,
	6.02401 8.3243,
	6.00284 8.3104,
	5.98166 8.29452,
	5.97637 8.28988,
	5.96909 8.2793,
	5.96512 8.274,
	5.95453 8.2654,
	5.94394 8.25481,
	5.92276 8.24224,
	5.91747 8.23893,
	5.91482 8.23694,
	5.90953 8.22636,
	5.90622 8.21577,
	5.90357 8.21047,
	5.88306 8.19194,
	5.87843 8.18136,
	5.87247 8.16018,
	5.86982 8.14959,
	5.86651 8.12841,
	5.86122 8.10724,
	5.85791 8.09665,
	5.84931 8.08606,
	5.83872 8.07614,
	5.83012 8.06555,
	5.82813 8.06025,
	5.82747 8.05761,
	5.83012 8.04702,
	5.83078 8.03643,
	5.82879 8.01525,
	5.82879 8.00996,
	5.82615 7.99937,
	5.82218 7.98878,
	5.81688 7.97819,
	5.80894 7.96761,
	5.80365 7.96231,
	5.79835 7.95834,
	5.79306 7.95305,
	5.79174 7.9504,
	5.78909 7.94842,
	5.77916 7.92724,
	5.77387 7.91665,
	5.76526 7.90606,
	5.75468 7.89614,
	5.75335 7.89349,
	5.74872 7.88819,
	5.74409 7.87761,
	5.74144 7.87231,
	5.73218 7.86172,
	5.72953 7.85908,
	5.72424 7.85643,
	5.70306 7.83989,
	5.69247 7.83261,
	5.67129 7.82136,
	5.65012 7.8154,
	5.62894 7.80746,
	5.58659 7.78761,
	5.576 7.78297,
	5.56541 7.78297,
	5.54424 7.77768,
	5.52306 7.77503,
	5.50188 7.77437,
	5.4913 7.77503,
	5.486 7.7757,
	5.48071 7.77503,
	5.47012 7.7704,
	5.46483 7.76775,
	5.44365 7.76709,
	5.43306 7.76511,
	5.42247 7.76114,
	5.41983 7.76048,
	5.40924 7.75253,
	5.40394 7.74724,
	5.39335 7.74062,
	5.38277 7.73599,
	5.37218 7.73334,
	5.36953 7.73268,
	5.34836 7.73731,
	5.32718 7.73334,
	5.32188 7.73202,
	5.32056 7.73136,
	5.30997 7.73467,
	5.2888 7.74592,
	5.27821 7.75055,
	5.26762 7.75121,
	5.26233 7.75055,
	5.24115 7.74327,
	5.23056 7.7393,
	5.21997 7.73798,
	5.21733 7.73731,
	5.19615 7.74393,
	5.18556 7.7479,
	5.18027 7.74856,
	5.17497 7.7479,
	5.1538 7.7393,
	5.15115 7.73864,
	5.14056 7.73996,
	5.11939 7.73665,
	5.1088 7.73334,
	5.09821 7.72871,
	5.08762 7.72739,
	5.08233 7.72739,
	5.07174 7.72342,
	5.06644 7.72275,
	5.04527 7.7115,
	5.03997 7.7082,
	5.02939 7.69893,
	5.00821 7.68768,
	4.98703 7.67775,
	4.97645 7.67378,
	4.95527 7.66253,
	4.94997 7.65923,
	4.91622 7.61687,
	4.91027 7.60628,
	4.90167 7.58511,
	4.89571 7.56393,
	4.89372 7.55334,
	4.89306 7.53217,
	4.89306 7.52687,
	4.89306 7.52423,
	4.89306 7.52356,
	"/>
</Transform>

<Transform dim="0"
 xcoef=" 0 1 0 0 0 0"
 ycoef=" 0 0 1 0 0 0">
<Contour name="d02" hidden="false" closed="true" simplified="true" border="0.5 0 1" fill="0.5 0 1" mode="9"
 points="4.21788 5.91133,
	4.22493 5.90577,
	4.25339 5.89252,
	4.28215 5.89194,
	4.29652 5.89164,
	4.31099 5.89495,
	4.31826 5.89843,
	4.34689 5.89241,
	4.37543 5.88278,
	4.40418 5.8822,
	4.41856 5.8819,
	4.42579 5.88356,
	4.45149 5.90655,
	4.47907 5.93311,
	4.48838 5.94739,
	4.49411 5.96174,
	4.49779 5.96529,
	4.49846 5.99422,
	4.49553 6.02322,
	4.49226 6.03775,
	4.48508 6.0379,
	4.47054 6.03097,
	4.44158 6.02251,
	4.4379 6.01898,
	4.4091 6.01776,
	4.39473 6.01805,
	4.38027 6.01473,
	4.36564 6.00418,
	4.35811 5.98986,
	4.35081 5.98458,
	4.32197 5.98155,
	4.3076 5.98185,
	4.29309 5.97672,
	4.26397 5.96104,
	4.24955 5.95953,
	4.24231 5.95786,
	4.23501 5.95258,
	4.23484 5.94536,
	4.22552 5.93108,
	4.22001 5.92576,
	4.21792 5.91314,
	"/>
<Contour name="d06" hidden="false" closed="true" simplified="true" border="0 0 1" fill="0 0 1" mode="9"
 points="3.11108 7.05879,
	3.11633 7.04759,
	3.12715 7.03906,
	3.13766 7.01666,
	3.15367 6.99417,
	3.17743 6.94934,
	3.17539 6.8607,
	3.17437 6.81637,
	3.17386 6.79421,
	3.17885 6.77193,
	3.19217 6.75227,
	3.19749 6.74384,
	3.20831 6.73531,
	3.2217 6.7184,
	3.24053 6.69862,
	3.284 6.67278,
	3.30572 6.65847,
	3.34964 6.65203,
	3.43775 6.65023,
	3.4487 6.64723,
	3.4781 6.60783,
	3.4861 6.59658,
	3.4886 6.58545,
	3.50742 6.56566,
	3.59566 6.56939,
	3.68377 6.56759,
	3.72783 6.56668,
	3.73884 6.56646,
	3.75004 6.57454,
	3.75568 6.57998,
	3.79974 6.57907,
	3.82202 6.5897,
	3.85045 6.62792,
	3.85422 6.67219,
	3.84897 6.68337,
	3.83821 6.69468,
	3.82733 6.70045,
	3.81132 6.72295,
	3.79306 6.76766,
	3.78807 6.78994,
	3.78735 6.87864,
	3.78786 6.90081,
	3.78811 6.91188,
	3.77761 6.93427,
	3.73432 6.96842,
	3.66182 7.05027,
	3.6298 7.09527,
	3.61105 7.11783,
	3.56756 7.14366,
	3.54566 7.14966,
	3.36944 7.15327,
	3.32545 7.15693,
	3.3145 7.15993,
	3.309 7.16005,
	3.26558 7.18865,
	3.25469 7.19442,
	3.24919 7.19453,
	3.24381 7.20018,
	3.2219 7.20618,
	3.19975 7.20108,
	3.17727 7.18215,
	3.17164 7.17671,
	3.16563 7.15467,
	3.15134 7.13279,
	3.12881 7.11108,
	3.11178 7.08926,
	3.11127 7.0671,
	3.11114 7.06155,
	"/>
</Transform>

<Transform dim="0"
 xcoef=" 0 1 0 0 0 0"
 ycoef=" 0 0 1 0 0 0">
<Contour name="ax21" comment="LK bouton trace named after cfa" hidden="false" closed="true" simplified="true" border="0 1 1" fill="0.502 1 1" mode="9"
 points="3.21996 6.38086,
	3.22365 6.37594,
	3.22857 6.37163,
	3.23349 6.36856,
	3.23596 6.36671,
	3.2458 6.36364,
	3.25564 6.36302,
	3.26549 6.36118,
	3.27041 6.3581,
	3.2741 6.35318,
	3.2741 6.34333,
	3.27348 6.33841,
	3.27348 6.33595,
	3.27225 6.33349,
	3.27164 6.32365,
	3.27164 6.31873,
	3.2741 6.3138,
	3.27902 6.31073,
	3.28394 6.31073,
	3.2864 6.31073,
	3.29625 6.31442,
	3.30609 6.31565,
	3.31593 6.31442,
	3.31839 6.31319,
	3.32331 6.31257,
	3.32824 6.31073,
	3.33808 6.30888,
	3.343 6.30704,
	3.35284 6.30519,
	3.3553 6.30396,
	3.36515 6.30396,
	3.37007 6.30458,
	3.37499 6.30765,
	3.3836 6.3175,
	3.39406 6.33718,
	3.41067 6.35625,
	3.41559 6.35933,
	3.42544 6.36179,
	3.44512 6.36056,
	3.45497 6.35748,
	3.45989 6.35625,
	3.46973 6.35072,
	3.47465 6.34764,
	3.47711 6.34641,
	3.49557 6.32672,
	3.51526 6.31319,
	3.5251 6.30581,
	3.53002 6.30212,
	3.53986 6.29781,
	3.54971 6.28981,
	3.55463 6.28489,
	3.57432 6.2732,
	3.58416 6.26643,
	3.58908 6.26336,
	3.59892 6.25475,
	3.60815 6.2449,
	3.60938 6.24367,
	3.61061 6.24367,
	3.62046 6.23567,
	3.62538 6.23137,
	3.6303 6.22829,
	3.63276 6.22645,
	3.6426 6.22337,
	3.65245 6.22152,
	3.65737 6.22029,
	3.65983 6.21968,
	3.66106 6.21968,
	3.66229 6.21845,
	3.67213 6.2166,
	3.69182 6.20984,
	3.69428 6.20922,
	3.6992 6.19938,
	3.70043 6.19692,
	3.70535 6.19199,
	3.72504 6.17723,
	3.72996 6.17231,
	3.7355 6.16247,
	3.73857 6.15754,
	3.74104 6.15508,
	3.74596 6.15262,
	3.7558 6.14955,
	3.76564 6.14524,
	3.77549 6.13847,
	3.77795 6.13724,
	3.78656 6.1274,
	3.79271 6.11756,
	3.80256 6.10894,
	3.80502 6.10771,
	3.81424 6.09787,
	3.81732 6.09295,
	3.83516 6.07326,
	3.84008 6.06895,
	3.845 6.06588,
	3.85485 6.0628,
	3.86469 6.06157,
	3.86961 6.06096,
	3.87946 6.05665,
	3.89914 6.04496,
	3.90899 6.04066,
	3.91391 6.03881,
	3.91883 6.03573,
	3.93851 6.01912,
	3.94836 6.01174,
	3.96804 5.99513,
	3.98773 5.9816,
	4.00742 5.96622,
	4.0271 5.95268,
	4.04679 5.94099,
	4.05663 5.93853,
	4.06648 5.94099,
	4.08616 5.94899,
	4.09108 5.95022,
	4.10093 5.95453,
	4.11077 5.9576,
	4.12061 5.96253,
	4.1403 5.96806,
	4.14522 5.96868,
	4.16491 5.9656,
	4.1846 5.96499,
	4.20428 5.96314,
	4.22397 5.96253,
	4.23381 5.96253,
	4.2535 5.9656,
	4.27318 5.97052,
	4.31256 5.98652,
	4.33224 5.99636,
	4.34209 6.00251,
	4.34701 6.00497,
	4.38638 6.03327,
	4.40607 6.04496,
	4.42575 6.05788,
	4.4356 6.06772,
	4.44236 6.07757,
	4.44667 6.08741,
	4.44975 6.09725,
	4.45098 6.10218,
	4.44975 6.12186,
	4.4479 6.13171,
	4.44298 6.14155,
	4.44052 6.14647,
	4.4356 6.16616,
	4.43191 6.20553,
	4.42883 6.21537,
	4.42329 6.22522,
	4.41653 6.23506,
	4.40853 6.2449,
	4.39868 6.25475,
	4.39376 6.25967,
	4.38638 6.26951,
	4.37592 6.2892,
	4.36177 6.30888,
	4.35439 6.31873,
	4.33101 6.3581,
	4.31317 6.39747,
	4.30887 6.40732,
	4.30333 6.41716,
	4.30087 6.42208,
	4.29349 6.43192,
	4.28487 6.44177,
	4.28118 6.44669,
	4.27134 6.45653,
	4.25165 6.47314,
	4.24673 6.47745,
	4.22704 6.4916,
	4.22274 6.4959,
	4.21597 6.50575,
	4.21228 6.51067,
	4.20982 6.51559,
	4.20736 6.52543,
	4.20613 6.53528,
	4.19444 6.57465,
	4.19075 6.58449,
	4.18336 6.59434,
	4.17414 6.60418,
	4.16429 6.61218,
	4.14461 6.62264,
	4.13969 6.62448,
	4.13476 6.62756,
	4.12615 6.63679,
	4.11938 6.64663,
	4.10893 6.66631,
	4.10216 6.67616,
	4.09293 6.68539,
	4.08801 6.68969,
	4.08309 6.69277,
	4.07324 6.694,
	4.03387 6.69523,
	4.02403 6.69584,
	4.01418 6.69523,
	4.01172 6.69523,
	4.0068 6.69277,
	3.99696 6.68293,
	3.99204 6.678,
	3.98465 6.66816,
	3.98158 6.66324,
	3.97666 6.66078,
	3.95697 6.65709,
	3.9176 6.63802,
	3.90775 6.63309,
	3.88807 6.62571,
	3.80932 6.58695,
	3.76995 6.57342,
	3.76503 6.57219,
	3.76257 6.57096,
	3.68382 6.56788,
	3.64445 6.56665,
	3.60508 6.56788,
	3.58539 6.5685,
	3.54602 6.56727,
	3.52633 6.56665,
	3.51649 6.56788,
	3.50664 6.57219,
	3.48696 6.57773,
	3.47711 6.57773,
	3.47219 6.57711,
	3.46235 6.5728,
	3.45743 6.57034,
	3.45251 6.56542,
	3.44205 6.54574,
	3.4322 6.53774,
	3.42298 6.52789,
	3.40329 6.51621,
	3.39345 6.51128,
	3.39222 6.51005,
	3.3873 6.50821,
	3.34792 6.4836,
	3.33808 6.47683,
	3.29871 6.45592,
	3.27963 6.44484,
	3.26979 6.43808,
	3.25995 6.43008,
	3.25749 6.42762,
	3.25257 6.42454,
	3.24272 6.41593,
	3.2378 6.41101,
	3.22857 6.40301,
	3.22427 6.39809,
	3.22181 6.39317,
	3.22058 6.3907,
	3.21996 6.38148,
	"/>
<Contour name="ax21" comment="LK bouton trace named after cfa" hidden="false" closed="true" simplified="true" border="0 1 1" fill="0.502 1 1" mode="9"
 points="2.52503 5.869,
	2.53507 5.86272,
	2.54009 5.85896,
	2.55013 5.85582,
	2.55515 5.85331,
	2.56519 5.85268,
	2.57523 5.85331,
	2.57774 5.85394,
	2.58778 5.86021,
	2.59029 5.86084,
	2.59154 5.86209,
	2.60158 5.86398,
	2.62166 5.86523,
	2.6317 5.86649,
	2.63672 5.86774,
	2.64174 5.86774,
	2.65178 5.87088,
	2.65429 5.8715,
	2.65931 5.87464,
	2.66433 5.87652,
	2.6844 5.88845,
	2.69444 5.89472,
	2.70448 5.90476,
	2.71013 5.9148,
	2.72456 5.93488,
	2.73397 5.94491,
	2.73899 5.94931,
	2.75907 5.96123,
	2.77915 5.96876,
	2.78919 5.97189,
	2.7942 5.97252,
	2.80424 5.97629,
	2.80926 5.97817,
	2.81177 5.9788,
	2.81679 5.98382,
	2.82369 5.99385,
	2.83373 6.00327,
	2.84377 6.01017,
	2.84879 6.01268,
	2.85381 6.01644,
	2.85883 6.01895,
	2.87891 6.03401,
	2.88895 6.04217,
	2.89773 6.05221,
	2.90212 6.05723,
	2.90463 6.05974,
	2.90965 6.06225,
	2.91154 6.0635,
	2.91467 6.06664,
	2.92848 6.08609,
	2.93663 6.09613,
	2.94165 6.09926,
	2.94416 6.10115,
	2.94918 6.10303,
	2.95106 6.10491,
	2.95232 6.10491,
	2.95295 6.10617,
	2.9542 6.10617,
	2.95546 6.10742,
	2.95671 6.10742,
	2.96173 6.11056,
	2.96298 6.11181,
	2.96424 6.11181,
	2.97428 6.11746,
	2.97679 6.11934,
	2.9793 6.11997,
	2.98934 6.12687,
	2.99812 6.13503,
	3.00314 6.14005,
	3.0044 6.1413,
	3.0044 6.14256,
	3.0182 6.16201,
	3.0182 6.16326,
	3.01883 6.16828,
	3.01694 6.17832,
	3.01255 6.18836,
	3.01004 6.19338,
	3.00879 6.19589,
	3.00377 6.20028,
	2.99875 6.20216,
	2.98871 6.20342,
	2.96863 6.20279,
	2.94855 6.20091,
	2.92848 6.19777,
	2.9084 6.19589,
	2.89836 6.19526,
	2.88832 6.1915,
	2.86824 6.18836,
	2.8582 6.18648,
	2.85569 6.18522,
	2.85067 6.18522,
	2.8306 6.16703,
	2.82746 6.16201,
	2.81867 6.15197,
	2.7986 6.13816,
	2.77852 6.12624,
	2.77036 6.1162,
	2.76032 6.10805,
	2.75028 6.10115,
	2.74526 6.09926,
	2.72519 6.09801,
	2.71515 6.0955,
	2.71013 6.09299,
	2.69005 6.07856,
	2.68001 6.0704,
	2.66997 6.06476,
	2.66495 6.06287,
	2.64487 6.04405,
	2.63484 6.03589,
	2.61476 6.02397,
	2.59468 6.01456,
	2.58464 6.0108,
	2.5746 6.00389,
	2.56958 6.00076,
	2.56707 6.00138,
	2.55703 5.99574,
	2.55013 5.9857,
	2.54449 5.97566,
	2.5426 5.97064,
	2.53947 5.95056,
	2.53821 5.94052,
	2.53256 5.92044,
	2.52817 5.90037,
	2.52629 5.89033,
	2.52629 5.88531,
	2.52503 5.88029,
	2.52503 5.87025,
	2.52503 5.86962,
	"/>
</Transform>

<Transform dim="0"
 xcoef=" 0 1 0 0 0 0"
 ycoef=" 0 0 1 0 0 0">
<Contour name="d01c20" hidden="false" closed="true" simplified="true" border="0 1 0" fill="0 1 0" mode="9"
 points="4.63218 3.98229,
	4.65337 3.94642,
	4.66396 3.9285,
	4.66796 3.9107,
	4.66755 3.89299,
	4.66014 3.8577,
	4.65973 3.84,
	4.66771 3.8044,
	4.67171 3.7866,
	4.66869 3.75122,
	4.65467 3.71608,
	4.65525 3.6452,
	4.65504 3.63635,
	4.64583 3.61881,
	4.63227 3.6036,
	4.62547 3.59487,
	4.62527 3.58602,
	4.64031 3.5702,
	4.65786 3.56764,
	4.66226 3.56755,
	4.68017 3.58047,
	4.69817 3.59781,
	4.70498 3.60653,
	4.70881 3.67732,
	4.71183 3.7127,
	4.71925 3.74798,
	4.71647 3.81891,
	4.71248 3.8367,
	4.71191 3.90758,
	4.71012 3.92533,
	4.69553 3.96107,
	4.69415 3.99653,
	4.68556 4.00557,
	4.66795 4.00593,
	4.66355 4.00602,
	4.6546 3.99956,
	4.64574 3.99752,
	4.6415 4.00425,
	4.63254 3.99779,
	4.63234 3.98893,
	4.63223 3.98451,
	"/>
<Contour name="d01cfa20" hidden="false" closed="false" simplified="false" border="0 1 1" fill="0 1 1" mode="9"
 points="4.64945 3.99895,
	4.66404 3.96321,
	4.68713 3.91402,
	4.69352 3.8098,
	4.69103 3.70133,
	4.6784 3.63072,
	4.66203 3.58897,
	4.64197 3.57832,
	"/>
<Contour name="D14" hidden="false" closed="true" simplified="true" border="1 0 0" fill="1 0 0" mode="11"
 points="3.88565 3.51,
	3.88926 3.49873,
	3.90028 3.4884,
	3.91762 3.48003,
	3.93958 3.47443,
	3.96402 3.47216,
	3.98854 3.47342,
	4.01074 3.47812,
	4.02844 3.48577,
	4.03993 3.49564,
	4.04407 3.50676,
	4.04044 3.51803,
	4.02942 3.52836,
	4.01209 3.53673,
	3.99013 3.54232,
	3.96569 3.5446,
	3.94117 3.54333,
	3.91897 3.53864,
	3.90126 3.53099,
	"/>
<Contour name="d01" hidden="false" closed="true" simplified="true" border="1 0.5 0" fill="1 0.5 0" mode="9"
 points="4.54906 4.32776,
	4.56464 4.30587,
	4.64969 4.27583,
	4.69231 4.26553,
	4.7351 4.26195,
	4.75649 4.26016,
	4.76717 4.2586,
	4.77253 4.25849,
	4.77377 4.25442,
	4.76608 4.21145,
	4.76157 4.18999,
	4.75731 4.17928,
	4.74903 4.16867,
	4.74623 4.16334,
	4.74865 4.15251,
	4.74853 4.14712,
	4.76008 4.12532,
	4.77431 4.10347,
	4.6899 4.1025,
	4.66822 4.09216,
	4.65739 4.08699,
	4.65197 4.0844,
	4.63273 4.06324,
	4.62445 4.05263,
	4.62031 4.04732,
	4.61738 4.0366,
	4.61592 4.03124,
	4.631 3.9878,
	4.65678 3.94415,
	4.6729 3.77131,
	4.67091 3.68509,
	4.66322 3.64212,
	4.65871 3.62065,
	4.65859 3.61526,
	4.6268 3.57278,
	4.62095 3.55134,
	4.62714 3.52965,
	4.71346 3.55483,
	4.73504 3.56113,
	4.75674 3.57281,
	4.7785 3.58719,
	4.80042 3.60831,
	4.82686 3.6509,
	4.84874 3.67067,
	4.87518 3.71325,
	4.88252 3.79935,
	4.88168 3.82093,
	4.86125 3.86448,
	4.85237 3.88623,
	4.84726 3.89711,
	4.85897 3.94,
	4.87152 3.96131,
	4.9147 3.97525,
	4.93631 3.98289,
	4.94712 3.98671,
	4.95254 3.9893,
	5.03811 3.98215,
	5.08054 3.96376,
	5.09104 3.95412,
	5.09494 3.94865,
	5.10331 3.90534,
	5.10267 3.8191,
	5.11021 3.79738,
	5.11398 3.78653,
	5.12687 3.7647,
	5.13331 3.75379,
	5.15106 3.71029,
	5.15994 3.68855,
	5.1715 3.66675,
	5.20666 3.6229,
	5.2311 3.57927,
	5.23622 3.56838,
	5.27816 3.52844,
	5.29921 3.51183,
	5.32033 3.49792,
	5.36296 3.48762,
	5.44862 3.48451,
	5.53413 3.47468,
	5.57561 3.47247,
	5.56866 3.46183,
	5.56726 3.45917,
	5.57237 3.44828,
	5.57502 3.44689,
	5.66158 3.48284,
	5.68319 3.49049,
	5.69399 3.49431,
	5.69941 3.4969,
	5.71013 3.49668,
	5.72099 3.50319,
	5.74282 3.52027,
	5.75371 3.52813,
	5.77538 3.53846,
	5.81823 3.53759,
	5.83978 3.54254,
	5.85052 3.54367,
	5.87234 3.56074,
	5.88328 3.56995,
	5.88742 3.57525,
	5.89476 3.66136,
	5.90245 3.70433,
	5.91073 3.71494,
	5.93265 3.73606,
	5.94361 3.74661,
	5.94908 3.75189,
	5.97919 3.83753,
	5.98504 3.85897,
	5.98797 3.8697,
	6.01708 3.91223,
	6.00552 3.93403,
	5.97036 3.97788,
	5.95613 3.99973,
	5.94458 4.02153,
	5.93972 4.0432,
	5.93716 4.04864,
	5.93586 4.05001,
	5.973 4.09238,
	5.98129 4.103,
	5.98409 4.10833,
	5.98508 4.15143,
	5.98423 4.17302,
	5.96863 4.19355,
	5.94743 4.20342,
	5.93683 4.20903,
	5.89414 4.21665,
	5.87272 4.21708,
	5.83021 4.23277,
	5.80916 4.24938,
	5.80384 4.25084,
	5.78236 4.24858,
	5.77162 4.24745,
	5.7283 4.22813,
	5.72288 4.22554,
	5.71728 4.21488,
	5.63233 4.24896,
	5.58985 4.266,
	5.54763 4.29382,
	5.52648 4.30639,
	5.50957 4.32829,
	5.50044 4.33926,
	5.47939 4.35587,
	5.47503 4.39909,
	5.45861 4.44255,
	5.41642 4.47171,
	5.41119 4.47721,
	5.40858 4.47997,
	5.41626 4.52294,
	5.42588 4.53352,
	5.46 4.61907,
	5.47523 4.64032,
	5.48217 4.65097,
	5.48643 4.66167,
	5.48425 4.68327,
	5.48317 4.69407,
	5.46407 4.7376,
	5.43258 4.8245,
	5.42504 4.84621,
	5.42249 4.85166,
	5.41193 4.85861,
	5.40132 4.86287,
	5.39063 4.86443,
	5.36911 4.86084,
	5.34738 4.84781,
	5.32584 4.84286,
	5.30403 4.82713,
	5.29314 4.81926,
	5.28769 4.81533,
	5.28719 4.79378,
	5.2688 4.75103,
	5.24102 4.70847,
	5.23116 4.6871,
	5.23066 4.66555,
	5.23042 4.65478,
	5.23029 4.64939,
	5.23941 4.63842,
	5.24026 4.61684,
	5.25448 4.59498,
	5.2592 4.50863,
	5.24214 4.46586,
	5.24055 4.45511,
	5.23093 4.44452,
	5.21253 4.40177,
	5.20961 4.39105,
	5.21313 4.36941,
	5.21301 4.36403,
	5.21295 4.36133,
	5.22073 4.35038,
	5.22462 4.34491,
	5.22723 4.34216,
	5.22717 4.33947,
	5.21634 4.3343,
	5.21092 4.33172,
	5.12523 4.33347,
	5.1038 4.33391,
	5.01932 4.3882,
	4.99805 4.39538,
	4.98752 4.40368,
	4.98226 4.40784,
	4.97964 4.41059,
	4.93668 4.40608,
	4.85008 4.36877,
	4.83915 4.35955,
	4.75371 4.37208,
	4.71101 4.3797,
	4.62609 4.41514,
	4.61551 4.42074,
	4.61021 4.42355,
	4.56734 4.42307,
	4.55637 4.41252,
	4.5527 4.36947,
	4.55087 4.34794,
	4.54928 4.33719,
	4.54916 4.3318,
	4.54909 4.32911,
	"/>
</Transform>

<Transform dim="0"
 xcoef=" 0 1 0 0 0 0"
 ycoef=" 0 0 1 0 0 0">
<Contour name="ax30" comment="LK bouton trace named after cfa" hidden="false" closed="true" simplified="true" border="0 1 1" fill="0.502 1 1" mode="9"
 points="4.05317 3.16938,
	4.05599 3.16487,
	4.07346 3.14852,
	4.08248 3.14007,
	4.08699 3.13612,
	4.08925 3.13443,
	4.09376 3.13274,
	4.11179 3.13105,
	4.12081 3.12992,
	4.12532 3.1288,
	4.13434 3.12823,
	4.14336 3.12654,
	4.15238 3.12598,
	4.15463 3.12541,
	4.15688 3.12372,
	4.1659 3.12372,
	4.17041 3.12372,
	4.17943 3.12541,
	4.18394 3.12541,
	4.20198 3.13218,
	4.22001 3.13443,
	4.23805 3.13556,
	4.24256 3.13669,
	4.24707 3.13612,
	4.2651 3.12485,
	4.27412 3.11978,
	4.29216 3.11132,
	4.30118 3.10738,
	4.31921 3.09667,
	4.32823 3.09216,
	4.33725 3.08596,
	4.35529 3.0713,
	4.37276 3.05327,
	4.3908 3.04256,
	4.39531 3.0403,
	4.43138 3.0155,
	4.43589 3.01325,
	4.43814 3.01212,
	4.45618 3.01043,
	4.47422 3.00987,
	4.47873 3.00987,
	4.48774 3.01156,
	4.49676 3.01212,
	4.50578 3.01156,
	4.51029 3.01156,
	4.51931 3.0093,
	4.52156 3.00818,
	4.5396 3.00761,
	4.54411 3.00705,
	4.56215 3.00874,
	4.57116 3.01043,
	4.57567 3.01156,
	4.58469 3.0155,
	4.5892 3.01776,
	4.60724 3.03072,
	4.61626 3.03692,
	4.62076 3.0403,
	4.62978 3.04481,
	4.64782 3.05214,
	4.66586 3.06172,
	4.68389 3.07412,
	4.69291 3.08089,
	4.71095 3.09667,
	4.71997 3.10512,
	4.72786 3.11414,
	4.73068 3.11865,
	4.73631 3.13669,
	4.74026 3.1457,
	4.74646 3.15472,
	4.75097 3.16374,
	4.75435 3.17276,
	4.75604 3.18178,
	4.75435 3.19981,
	4.75266 3.20883,
	4.75097 3.21334,
	4.7504 3.21785,
	4.75209 3.23589,
	4.75209 3.2404,
	4.74477 3.27647,
	4.74308 3.28549,
	4.74251 3.28774,
	4.73969 3.29225,
	4.7318 3.30127,
	4.72729 3.30522,
	4.72278 3.30747,
	4.71827 3.30691,
	4.71602 3.30691,
	4.69798 3.29845,
	4.68897 3.29451,
	4.68671 3.29338,
	4.6822 3.29394,
	4.67995 3.29394,
	4.67093 3.29845,
	4.66642 3.30071,
	4.6574 3.30183,
	4.63936 3.31029,
	4.63035 3.31536,
	4.62133 3.32156,
	4.58525 3.35031,
	4.56722 3.36327,
	4.56271 3.36722,
	4.55369 3.37342,
	4.55144 3.37454,
	4.54242 3.383,
	4.53791 3.38751,
	4.53058 3.39653,
	4.51762 3.41456,
	4.50184 3.4326,
	4.49282 3.44049,
	4.48831 3.44387,
	4.47985 3.45289,
	4.47534 3.45684,
	4.45731 3.46867,
	4.42123 3.48953,
	4.4032 3.49967,
	4.39418 3.50418,
	4.37614 3.50926,
	4.35811 3.5132,
	4.34007 3.51489,
	4.32203 3.51038,
	4.31301 3.50756,
	4.27694 3.49009,
	4.27243 3.48784,
	4.26792 3.48671,
	4.26341 3.48727,
	4.25439 3.49122,
	4.25214 3.49122,
	4.24763 3.49347,
	4.22959 3.49742,
	4.21156 3.49911,
	4.20705 3.49911,
	4.20479 3.49911,
	4.20028 3.50136,
	4.19803 3.50249,
	4.18901 3.50306,
	4.15294 3.49967,
	4.14392 3.49911,
	4.1349 3.49629,
	4.13039 3.49516,
	4.11236 3.48558,
	4.10334 3.47826,
	4.09432 3.47262,
	4.08981 3.47036,
	4.07177 3.4574,
	4.06952 3.4574,
	4.06557 3.45289,
	4.06276 3.44838,
	4.06106 3.43936,
	4.0605 3.43035,
	4.06163 3.42133,
	4.06219 3.40329,
	4.06332 3.39878,
	4.06332 3.39765,
	4.06896 3.38864,
	4.0729 3.38469,
	4.08079 3.36665,
	4.08474 3.35764,
	4.09207 3.32156,
	4.09601 3.30353,
	4.09714 3.28549,
	4.0977 3.27647,
	4.09714 3.26745,
	4.09545 3.25843,
	4.09545 3.24942,
	4.08699 3.23138,
	4.0605 3.19531,
	4.05599 3.18629,
	4.0543 3.18178,
	4.05317 3.17276,
	4.05317 3.1705,
	4.05317 3.16994,
	"/>
</Transform>

<Transform dim="0"
 xcoef=" 0 1 0 0 0 0"
 ycoef=" 0 0 1 0 0 0">
<Contour name="D10" hidden="false" closed="true" simplified="true" border="0 1 1" fill="0 1 1" mode="11"
 points="5.24726 2.05687,
	5.25605 2.0239,
	5.28307 1.99377,
	5.32568 1.96942,
	5.37969 1.95324,
	5.43985 1.94682,
	5.50023 1.95077,
	5.55494 1.96473,
	5.59862 1.9873,
	5.627 2.0163,
	5.6373 2.04888,
	5.62851 2.08185,
	5.60149 2.11198,
	5.55889 2.13633,
	5.50487 2.1525,
	5.44473 2.15893,
	5.38434 2.15497,
	5.32963 2.14103,
	5.28594 2.11844,
	"/>
<Contour name="d01ax17" comment="LK bouton trace named after cfa" hidden="false" closed="true" simplified="true" border="0 1 1" fill="0.502 1 1" mode="-9"
 points="5.0599 2.66009,
	5.06193 2.65603,
	5.06345 2.64791,
	5.06497 2.63167,
	5.06599 2.62965,
	5.06599 2.62559,
	5.07055 2.60935,
	5.07157 2.60529,
	5.0736 2.60123,
	5.08577 2.585,
	5.09389 2.57789,
	5.1015 2.57384,
	5.10556 2.5713,
	5.10962 2.57028,
	5.11774 2.56673,
	5.1218 2.56623,
	5.13803 2.55963,
	5.14615 2.55506,
	5.15427 2.54948,
	5.16238 2.54238,
	5.16949 2.53477,
	5.17355 2.53122,
	5.17761 2.52868,
	5.17963 2.52767,
	5.18065 2.52665,
	5.18268 2.52614,
	5.19891 2.51549,
	5.20703 2.51042,
	5.22327 2.49621,
	5.23139 2.48911,
	5.23544 2.48708,
	5.23747 2.48555,
	5.2395 2.48505,
	5.24356 2.48251,
	5.24762 2.48099,
	5.24965 2.47997,
	5.25777 2.48048,
	5.26183 2.4815,
	5.26589 2.48403,
	5.26994 2.48555,
	5.28618 2.49519,
	5.29024 2.49824,
	5.29836 2.5023,
	5.30039 2.50281,
	5.30242 2.50433,
	5.31053 2.50585,
	5.31865 2.50636,
	5.33489 2.50991,
	5.343 2.51244,
	5.34503 2.51397,
	5.36127 2.51803,
	5.3775 2.51853,
	5.39374 2.52208,
	5.40186 2.52564,
	5.40592 2.52767,
	5.40998 2.53071,
	5.41403 2.53223,
	5.42215 2.53781,
	5.42418 2.53883,
	5.42621 2.54086,
	5.44245 2.5505,
	5.45056 2.55557,
	5.45868 2.55456,
	5.4668 2.55151,
	5.47086 2.54999,
	5.47898 2.54897,
	5.48304 2.54745,
	5.49927 2.54593,
	5.50333 2.54644,
	5.51145 2.551,
	5.51957 2.55456,
	5.52362 2.55608,
	5.52565 2.55709,
	5.54189 2.55912,
	5.55001 2.56014,
	5.55812 2.56267,
	5.56624 2.56623,
	5.57436 2.57079,
	5.57639 2.5713,
	5.58045 2.57384,
	5.58248 2.57434,
	5.58349 2.57536,
	5.59973 2.57789,
	5.60785 2.57942,
	5.62408 2.57992,
	5.6322 2.58043,
	5.64032 2.58297,
	5.64843 2.58652,
	5.65249 2.58804,
	5.65452 2.58906,
	5.66264 2.59007,
	5.6667 2.59058,
	5.67482 2.58906,
	5.67888 2.58804,
	5.67989 2.58804,
	5.68192 2.58652,
	5.69004 2.58449,
	5.6941 2.58348,
	5.70221 2.58348,
	5.70627 2.58348,
	5.72251 2.58804,
	5.72657 2.58956,
	5.7286 2.59058,
	5.74483 2.5921,
	5.75295 2.5921,
	5.75498 2.59109,
	5.75701 2.59109,
	5.75904 2.58956,
	5.76716 2.58753,
	5.76919 2.58601,
	5.7702 2.585,
	5.78644 2.58145,
	5.79455 2.57942,
	5.80267 2.57891,
	5.8047 2.5784,
	5.81282 2.58145,
	5.82905 2.59058,
	5.83717 2.5987,
	5.84123 2.60225,
	5.84935 2.60478,
	5.86558 2.61189,
	5.8737 2.61645,
	5.87573 2.61747,
	5.89197 2.63167,
	5.89603 2.63523,
	5.90059 2.64334,
	5.90313 2.6474,
	5.90871 2.66364,
	5.91023 2.67176,
	5.91125 2.67581,
	5.9148 2.68393,
	5.91632 2.68799,
	5.91987 2.69053,
	5.92748 2.69865,
	5.93103 2.7027,
	5.93966 2.71894,
	5.9422 2.723,
	5.94473 2.73112,
	5.94778 2.74735,
	5.94828 2.75141,
	5.94575 2.76765,
	5.93763 2.78388,
	5.93306 2.792,
	5.92596 2.80012,
	5.92241 2.80418,
	5.91378 2.82041,
	5.91125 2.82853,
	5.91125 2.82954,
	5.89653 2.84527,
	5.8945 2.8473,
	5.87827 2.85593,
	5.87015 2.86049,
	5.85645 2.87673,
	5.8529 2.88079,
	5.85138 2.88282,
	5.84732 2.88434,
	5.84529 2.88535,
	5.83717 2.88535,
	5.83311 2.88535,
	5.825 2.88282,
	5.82094 2.87927,
	5.81688 2.87774,
	5.80064 2.86607,
	5.79861 2.86455,
	5.7976 2.86354,
	5.78136 2.861,
	5.77325 2.85999,
	5.76513 2.85796,
	5.76107 2.85694,
	5.74483 2.85846,
	5.73672 2.86354,
	5.73266 2.86658,
	5.7286 2.8681,
	5.72099 2.8747,
	5.71388 2.88282,
	5.69765 2.89449,
	5.68953 2.90007,
	5.68141 2.90463,
	5.67735 2.90666,
	5.66924 2.9092,
	5.63677 2.91478,
	5.62865 2.9158,
	5.61241 2.9158,
	5.60429 2.9158,
	5.59618 2.91478,
	5.58806 2.9158,
	5.584 2.9163,
	5.56776 2.92188,
	5.55153 2.92949,
	5.54341 2.93355,
	5.53935 2.93558,
	5.53123 2.9371,
	5.52718 2.93812,
	5.52312 2.94015,
	5.49065 2.94522,
	5.48253 2.94776,
	5.47441 2.94877,
	5.47238 2.94877,
	5.46426 2.95182,
	5.4602 2.95334,
	5.45209 2.95385,
	5.44092 2.97008,
	5.43839 2.97414,
	5.43027 2.98175,
	5.42621 2.98581,
	5.41809 2.99139,
	5.40186 3.00052,
	5.38562 3.0127,
	5.3775 3.01828,
	5.36939 3.02285,
	5.36127 3.0264,
	5.35721 3.02843,
	5.32474 3.02894,
	5.31662 3.02843,
	5.30039 3.02488,
	5.29227 3.02234,
	5.28821 3.02031,
	5.27248 3.00458,
	5.26436 2.99647,
	5.25422 2.98023,
	5.24255 2.964,
	5.23697 2.95588,
	5.22124 2.9437,
	5.205 2.93305,
	5.20094 2.93051,
	5.18471 2.92594,
	5.17659 2.92239,
	5.17456 2.92138,
	5.16644 2.91377,
	5.16238 2.90971,
	5.15883 2.90666,
	5.15477 2.89855,
	5.15325 2.88231,
	5.15274 2.87419,
	5.14919 2.85796,
	5.14666 2.8539,
	5.14564 2.85187,
	5.13803 2.84426,
	5.1218 2.83563,
	5.11368 2.83005,
	5.09744 2.81635,
	5.08983 2.80874,
	5.08324 2.80063,
	5.07461 2.78439,
	5.07004 2.77627,
	5.06802 2.77221,
	5.06649 2.75598,
	5.06599 2.73974,
	5.06599 2.73568,
	5.06142 2.70321,
	5.0599 2.68698,
	5.0599 2.67074,
	5.0599 2.66262,
	5.0599 2.66059,
	"/>
</Transform>

<Transform dim="0"
 xcoef=" 0 1 0 0 0 0"
 ycoef=" 0 0 1 0 0 0">
<Contour name="d08ax23" comment="LK bouton trace named after cfa" hidden="false" closed="true" simplified="true" border="0 1 1" fill="0.502 1 1" mode="-9"
 points="4.86212 1.98228,
	4.86613 1.97425,
	4.86864 1.97023,
	4.87265 1.96622,
	4.87667 1.96371,
	4.87868 1.96321,
	4.87968 1.96221,
	4.88771 1.9607,
	4.89172 1.9607,
	4.89573 1.9597,
	4.90376 1.9597,
	4.90777 1.9602,
	4.92383 1.97074,
	4.93186 1.97776,
	4.94791 1.9893,
	4.95193 1.99281,
	4.98404 2.00084,
	5.00009 2.00636,
	5.0322 2.02342,
	5.04825 2.03195,
	5.05628 2.03696,
	5.0603 2.03947,
	5.07635 2.05452,
	5.07836 2.05653,
	5.07986 2.06054,
	5.08237 2.06456,
	5.08789 2.08061,
	5.0904 2.08463,
	5.0919 2.08864,
	5.10294 2.10469,
	5.11799 2.12075,
	5.13405 2.13229,
	5.1501 2.14533,
	5.16616 2.15737,
	5.1787 2.17293,
	5.18572 2.18045,
	5.21783 2.20052,
	5.23389 2.20905,
	5.24192 2.21256,
	5.24994 2.21407,
	5.25396 2.21507,
	5.26199 2.21557,
	5.27001 2.21858,
	5.27804 2.2226,
	5.28205 2.2246,
	5.29811 2.22711,
	5.31416 2.22862,
	5.34627 2.22962,
	5.41049 2.22611,
	5.4426 2.2246,
	5.45866 2.22561,
	5.47471 2.22511,
	5.47873 2.22511,
	5.49478 2.22159,
	5.51084 2.21607,
	5.52689 2.20805,
	5.5309 2.20604,
	5.54696 2.20203,
	5.55499 2.20002,
	5.559 2.19902,
	5.56101 2.19751,
	5.57706 2.194,
	5.58509 2.193,
	5.60114 2.18698,
	5.6172 2.18396,
	5.64931 2.18497,
	5.66536 2.18647,
	5.67339 2.18698,
	5.7055 2.19249,
	5.71353 2.193,
	5.74564 2.19902,
	5.75367 2.20002,
	5.76169 2.20203,
	5.7637 2.20203,
	5.79581 2.21858,
	5.80384 2.2236,
	5.81136 2.23113,
	5.81738 2.23915,
	5.82039 2.24317,
	5.82842 2.25922,
	5.83043 2.26324,
	5.83193 2.27126,
	5.83344 2.27528,
	5.84096 2.2823,
	5.84297 2.28431,
	5.84498 2.28832,
	5.84648 2.30438,
	5.84849 2.3124,
	5.84949 2.31642,
	5.85401 2.32444,
	5.86053 2.33247,
	5.86455 2.33598,
	5.8806 2.34502,
	5.88863 2.34953,
	5.89665 2.35505,
	5.90067 2.35806,
	5.90418 2.36207,
	5.91271 2.37813,
	5.91672 2.38616,
	5.91823 2.39017,
	5.92325 2.3982,
	5.92525 2.40221,
	5.93278 2.40974,
	5.94081 2.41576,
	5.95686 2.42429,
	5.96489 2.4278,
	5.98094 2.43231,
	5.98897 2.43382,
	5.997 2.43633,
	6.00101 2.43733,
	6.00904 2.44185,
	6.01205 2.44586,
	6.01406 2.44787,
	6.01807 2.45589,
	6.02208 2.47195,
	6.02409 2.488,
	6.0271 2.50406,
	6.02961 2.51209,
	6.03764 2.52814,
	6.04165 2.53617,
	6.04316 2.54018,
	6.04366 2.54821,
	6.03814 2.56426,
	6.03463 2.57229,
	6.03212 2.57631,
	6.02409 2.58383,
	6.01606 2.59035,
	6.01205 2.59336,
	6.00402 2.59688,
	6.00001 2.59888,
	5.98395 2.60039,
	5.9679 2.59888,
	5.95184 2.59838,
	5.94382 2.59838,
	5.92776 2.59989,
	5.91171 2.6024,
	5.89565 2.60139,
	5.89164 2.60039,
	5.87558 2.60139,
	5.86756 2.60039,
	5.86354 2.60039,
	5.85953 2.59938,
	5.85752 2.59938,
	5.84949 2.59637,
	5.83344 2.58785,
	5.82541 2.58283,
	5.81738 2.57881,
	5.81337 2.57731,
	5.80534 2.57681,
	5.80133 2.57681,
	5.78527 2.58333,
	5.78126 2.58483,
	5.76521 2.58584,
	5.74915 2.58534,
	5.74112 2.58383,
	5.7331 2.58032,
	5.71704 2.57631,
	5.70901 2.5758,
	5.705 2.5753,
	5.68894 2.57781,
	5.68493 2.57781,
	5.68292 2.57831,
	5.6749 2.57631,
	5.65884 2.57029,
	5.65081 2.56778,
	5.6468 2.56928,
	5.64479 2.57029,
	5.62874 2.57029,
	5.61268 2.56878,
	5.58057 2.55774,
	5.56452 2.55222,
	5.53241 2.54369,
	5.51635 2.54018,
	5.51234 2.53918,
	5.48023 2.53818,
	5.46418 2.53868,
	5.44812 2.53717,
	5.44009 2.53466,
	5.40798 2.51811,
	5.39193 2.51008,
	5.3839 2.50657,
	5.35179 2.50105,
	5.34778 2.49904,
	5.33172 2.49804,
	5.31567 2.49804,
	5.31166 2.49703,
	5.30363 2.49302,
	5.27152 2.47345,
	5.26349 2.46794,
	5.26148 2.46693,
	5.25446 2.4589,
	5.25045 2.45088,
	5.24392 2.43482,
	5.24091 2.42679,
	5.23138 2.41074,
	5.21583 2.39669,
	5.19977 2.38616,
	5.19175 2.38164,
	5.17569 2.37462,
	5.16766 2.3696,
	5.16365 2.36659,
	5.16164 2.36559,
	5.14609 2.35104,
	5.13957 2.34301,
	5.12401 2.32695,
	5.11599 2.32244,
	5.10796 2.31993,
	5.07585 2.31893,
	5.06782 2.31742,
	5.05979 2.31441,
	5.05779 2.31391,
	5.04976 2.30839,
	5.04575 2.30538,
	5.04374 2.30337,
	5.02768 2.30036,
	5.01966 2.29836,
	5.01163 2.29384,
	5.00962 2.29284,
	5.0021 2.28481,
	4.98404 2.2527,
	4.98303 2.25069,
	4.96698 2.23815,
	4.95895 2.23163,
	4.95092 2.22661,
	4.94691 2.2241,
	4.94289 2.22059,
	4.93487 2.21507,
	4.93085 2.21206,
	4.92383 2.20403,
	4.92082 2.20002,
	4.91881 2.19601,
	4.91831 2.17995,
	4.91881 2.17192,
	4.91881 2.16791,
	4.91731 2.15988,
	4.91079 2.14383,
	4.90627 2.1358,
	4.90376 2.13179,
	4.90276 2.12978,
	4.89473 2.12175,
	4.89021 2.11372,
	4.88821 2.1057,
	4.88771 2.08964,
	4.88921 2.05753,
	4.89021 2.04951,
	4.89072 2.04549,
	4.89122 2.04449,
	4.8857 2.03646,
	4.87817 2.02893,
	4.87215 2.02091,
	4.86764 2.01288,
	4.86463 2.00485,
	4.86262 1.99683,
	4.86212 1.9888,
	4.86212 1.98478,
	4.86212 1.98278,
	"/>
</Transform>

<Transform dim="0"
 xcoef=" 0 1 0 0 0 0"
 ycoef=" 0 0 1 0 0 0">
<Contour name="d08ax23" comment="LK bouton trace named after cfa" hidden="false" closed="true" simplified="true" border="0 1 1" fill="0.502 1 1" mode="-9"
 points="6.51447 2.84118,
	6.51651 2.83711,
	6.51752 2.83508,
	6.52159 2.83508,
	6.53787 2.84525,
	6.56127 2.8778,
	6.57449 2.89408,
	6.58975 2.90832,
	6.6223 2.92968,
	6.65485 2.94291,
	6.67113 2.94799,
	6.6874 2.95511,
	6.69554 2.95715,
	6.69961 2.95918,
	6.70775 2.9663,
	6.72403 2.97749,
	6.73013 2.98563,
	6.73318 2.9897,
	6.73623 3.00598,
	6.74539 3.02225,
	6.74742 3.03039,
	6.74742 3.03853,
	6.74742 3.0426,
	6.73928 3.05887,
	6.73522 3.06701,
	6.72403 3.08329,
	6.71589 3.08634,
	6.70775 3.08634,
	6.69961 3.08125,
	6.69249 3.07311,
	6.68944 3.06904,
	6.68537 3.05277,
	6.68537 3.03649,
	6.68435 3.02835,
	6.67621 3.01208,
	6.67316 3.00394,
	6.64773 2.97139,
	6.64366 2.96732,
	6.63858 2.95918,
	6.63146 2.95104,
	6.61518 2.93985,
	6.5989 2.93172,
	6.59077 2.92663,
	6.5867 2.9246,
	6.55414 2.89815,
	6.52464 2.86559,
	6.51752 2.85746,
	6.51447 2.84932,
	6.51447 2.8422,
	"/>
</Transform>

<Transform dim="6"
 xcoef=" -0.111838595651426 1.10910086375401 -0.0175865545444276 0 0 0"
 ycoef=" -1.24805328437558 0.0483583002072854 1.01652757169407 0 0 0">
<Image mag="0.00217507" contrast="1.05097" brightness="0.015" red="true" green="true" blue="true"
 src="FHLTD.146.jpg" />
<Contour name="domain1" hidden="false" closed="true" simplified="false" border="1 0 1" fill="1 0 1" mode="11"
 points="0 0,
	4096 0,
	4096 4096,
	0 4096,
	"/>
</Transform>

<Transform dim="0"
 xcoef=" 0 1 0 0 0 0"
 ycoef=" 0 0 1 0 0 0">
<Contour name="d07c25ax20" hidden="false" closed="true" simplified="true" border="0 1 0" fill="0 1 0" mode="9"
 points="4.92266 7.66119,
	4.95158 7.64041,
	4.95881 7.63499,
	4.96197 7.63273,
	5.07764 7.70954,
	5.0921 7.71948,
	5.09571 7.72174,
	5.09752 7.72309,
	5.07403 7.75201,
	5.06228 7.76647,
	5.05641 7.7737,
	5.05505 7.77551,
	5.05415 7.77641,
	4.93848 7.6987,
	4.92628 7.66978,
	4.92312 7.66255,
	4.92266 7.66165,
	"/>
</Transform>

</Section>