<?xml version="1.0"?>
<!DOCTYPE Section SYSTEM "section.dtd">

<Section index="157" thickness="0.045" alignLocked="true">
<Transform dim="6"
 xcoef=" 0.0952760683225813 1.00825716264578 -0.0267809606108929 0 0 0"
 ycoef=" -0.17671420803726 0.0178847787628444 1.01373276289052 0 0 0">
<Contour name="D04" hidden="false" closed="true" simplified="true" border="1 0 0" fill="1 0 0" mode="11"
 points="5.46492 7.32996,
	5.46778 7.29096,
	5.47628 7.25281,
	5.49024 7.21634,
	5.50936 7.18235,
	5.53323 7.15158,
	5.56131 7.1247,
	5.59299 7.1023,
	5.6276 7.08487,
	5.66436 7.07278,
	5.70248 7.0663,
	5.74113 7.06558,
	5.77947 7.07063,
	5.81665 7.08133,
	5.85186 7.09746,
	5.88435 7.11866,
	5.91339 7.14447,
	5.93836 7.17432,
	5.95871 7.20758,
	5.97399 7.2435,
	5.98388 7.28131,
	5.98816 7.32018,
	5.98673 7.35926,
	5.97963 7.39771,
	5.96701 7.43467,
	5.94914 7.46936,
	5.92642 7.501,
	5.89934 7.52891,
	5.86849 7.55248,
	5.83455 7.57119,
	5.79825 7.58464,
	5.76039 7.59254,
	5.72179 7.59471,
	5.6833 7.5911,
	5.64576 7.58179,
	5.60998 7.56699,
	5.57674 7.54702,
	5.54678 7.52231,
	5.52073 7.49341,
	5.49918 7.46094,
	5.48259 7.42562,
	5.47133 7.3882,
	"/>
</Transform>

<Transform dim="6"
 xcoef=" 0.175276068322581 1.00825716264578 -0.0267809606108929 0 0 0"
 ycoef=" 0.24328579196274 0.0178847787628444 1.01373276289052 0 0 0">
<Contour name="D05" hidden="false" closed="true" simplified="true" border="1 1 0" fill="1 1 0" mode="11"
 points="2.69299 3.97404,
	2.70475 3.90163,
	2.73888 3.83632,
	2.79205 3.78448,
	2.85904 3.7512,
	2.93329 3.73974,
	3.00755 3.7512,
	3.07454 3.78448,
	3.12771 3.83632,
	3.16184 3.90163,
	3.1736 3.97404,
	3.16184 4.04644,
	3.12771 4.11175,
	3.07454 4.16359,
	3.00755 4.19687,
	2.93329 4.20833,
	2.85904 4.19687,
	2.79205 4.16359,
	2.73888 4.11175,
	"/>
</Transform>

<Transform dim="6"
 xcoef=" 0.0952760683225813 1.00825716264578 -0.0267809606108929 0 0 0"
 ycoef=" -0.17671420803726 0.0178847787628444 1.01373276289052 0 0 0">
<Contour name="d01" hidden="true" closed="true" simplified="true" border="1 0.5 0" fill="1 0.5 0" mode="9"
 points="4.48044 4.24603,
	4.52306 4.23005,
	4.54437 4.2194,
	4.62961 4.21407,
	4.67224 4.21407,
	4.70953 4.17678,
	4.73084 4.15547,
	4.75748 4.07023,
	4.75748 4.04892,
	4.76813 4.02761,
	4.80542 3.99031,
	4.81608 3.97966,
	4.81075 3.89442,
	4.81608 3.87311,
	4.83206 3.85712,
	4.87468 3.86245,
	4.95992 3.8518,
	5.00254 3.84647,
	5.02385 3.84647,
	5.06114 3.81983,
	5.09844 3.77721,
	5.11975 3.76123,
	5.16237 3.74525,
	5.18368 3.73992,
	5.20499 3.74525,
	5.21564 3.7559,
	5.38612 3.71861,
	5.40743 3.70795,
	5.41809 3.70795,
	5.42874 3.6973,
	5.51398 3.68132,
	5.59922 3.68664,
	5.68446 3.70263,
	5.69512 3.70263,
	5.70045 3.71328,
	5.65783 3.73992,
	5.64717 3.75057,
	5.66315 3.83581,
	5.66848 3.85712,
	5.68979 3.87311,
	5.73241 3.87843,
	5.81765 3.86778,
	5.90289 3.84114,
	5.9242 3.84114,
	5.93486 3.84114,
	5.94551 3.8518,
	5.94551 3.89442,
	5.92953 3.93704,
	5.90822 3.94769,
	5.88158 3.99031,
	5.86027 4.01162,
	5.807 4.09686,
	5.77503 4.13416,
	5.70045 4.18743,
	5.65783 4.19809,
	5.61521 4.22472,
	5.57791 4.26734,
	5.51931 4.35258,
	5.50866 4.37389,
	5.42342 4.4325,
	5.33818 4.45913,
	5.31686 4.46979,
	5.27424 4.47512,
	5.23162 4.4911,
	5.21031 4.50175,
	5.12507 4.46446,
	5.08245 4.46446,
	4.99721 4.49643,
	4.9759 4.50708,
	4.95459 4.53372,
	4.91197 4.53372,
	4.89066 4.53372,
	4.84804 4.50708,
	4.7628 4.52306,
	4.72018 4.51241,
	4.69887 4.50708,
	4.67756 4.4911,
	4.64027 4.50708,
	4.61896 4.51241,
	4.6083 4.50175,
	4.59232 4.45913,
	4.53372 4.37389,
	4.53372 4.36324,
	4.52306 4.35258,
	4.51241 4.30996,
	4.48044 4.26734,
	4.48044 4.25136,
	"/>
</Transform>

<Transform dim="6"
 xcoef=" 0.0952760683225813 1.00825716264578 -0.0267809606108929 0 0 0"
 ycoef=" -0.17671420803726 0.0178847787628444 1.01373276289052 0 0 0">
<Contour name="d01" hidden="true" closed="true" simplified="true" border="1 0.5 0" fill="1 0.5 0" mode="9"
 points="5.69512 3.55878,
	5.72176 3.51616,
	5.75905 3.47354,
	5.78036 3.46289,
	5.8656 3.45756,
	5.90822 3.45756,
	5.92953 3.46289,
	5.94018 3.46289,
	5.95084 3.45223,
	5.95617 3.40961,
	5.95617 3.3883,
	5.91887 3.36167,
	5.87625 3.34568,
	5.83363 3.31904,
	5.79634 3.28175,
	5.7697 3.23913,
	5.76438 3.19651,
	5.75905 3.1752,
	5.72708 3.13258,
	5.7111 3.11127,
	5.70577 3.06865,
	5.71643 3.02603,
	5.74307 2.98341,
	5.76438 2.9621,
	5.78569 2.95145,
	5.8656 2.86621,
	5.95084 2.8076,
	6.03608 2.75966,
	6.04674 2.749,
	6.04674 2.73835,
	6.06805 2.71704,
	6.06805 2.70638,
	6.10001 2.66376,
	6.11067 2.6531,
	6.11067 2.64245,
	6.13198 2.62114,
	6.1373 2.59983,
	6.15861 2.58385,
	6.32909 2.52524,
	6.34508 2.50393,
	6.36639 2.50926,
	6.38237 2.55188,
	6.39302 2.56254,
	6.43564 2.56786,
	6.4463 2.58917,
	6.4463 2.61048,
	6.43564 2.63179,
	6.41433 2.64245,
	6.39302 2.63712,
	6.36639 2.67442,
	6.28115 2.75966,
	6.24385 2.79162,
	6.21189 2.83424,
	6.20123 2.85555,
	6.16394 2.89817,
	6.14796 2.98341,
	6.10001 3.06865,
	6.05739 3.10062,
	6.0201 3.18053,
	6.02543 3.20184,
	6.01477 3.28708,
	6.05206 3.3297,
	6.07337 3.34036,
	6.08403 3.35101,
	6.09468 3.35101,
	6.11599 3.36699,
	6.15861 3.37765,
	6.15329 3.39896,
	6.06805 3.45756,
	5.99879 3.5428,
	5.97748 3.56411,
	5.93486 3.58542,
	5.84962 3.58542,
	5.807 3.59608,
	5.72176 3.58009,
	5.70045 3.57477,
	5.69512 3.56411,
	"/>
</Transform>

<Transform dim="6"
 xcoef=" 0.0952760683225813 1.00825716264578 -0.0267809606108929 0 0 0"
 ycoef=" -0.17671420803726 0.0178847787628444 1.01373276289052 0 0 0">
<Contour name="d01" hidden="true" closed="true" simplified="true" border="1 0.5 0" fill="1 0.5 0" mode="9"
 points="3.54813 3.70795,
	3.56411 3.66533,
	3.56944 3.64402,
	3.59608 3.61739,
	3.68132 3.61206,
	3.72394 3.61206,
	3.80385 3.64935,
	3.88909 3.67066,
	3.93171 3.68132,
	3.95302 3.68132,
	3.99564 3.65468,
	4.03826 3.68132,
	4.05424 3.70263,
	4.04892 3.74525,
	4.02761 3.76123,
	4.01695 3.77188,
	4.0063 3.8145,
	3.99564 3.83581,
	3.99564 3.84647,
	3.97966 3.86778,
	3.97433 3.95302,
	3.98498 4.03826,
	3.98498 4.08088,
	3.97966 4.10219,
	3.90507 4.1821,
	3.86778 4.21407,
	3.84114 4.25669,
	3.83049 4.278,
	3.81983 4.28865,
	3.79852 4.28333,
	3.78254 4.26202,
	3.76656 4.09154,
	3.7559 4.04892,
	3.72926 4.0063,
	3.57477 3.84647,
	3.56944 3.82516,
	3.55878 3.8145,
	3.54813 3.77188,
	3.54813 3.72926,
	3.54813 3.71328,
	"/>
</Transform>

<Transform dim="6"
 xcoef=" 0.0952760683225813 1.00825716264578 -0.0267809606108929 0 0 0"
 ycoef=" -0.17671420803726 0.0178847787628444 1.01373276289052 0 0 0">
<Contour name="d01" hidden="true" closed="true" simplified="true" border="1 0.5 0" fill="1 0.5 0" mode="9"
 points="5.48202 4.72551,
	5.51931 4.68289,
	5.53529 4.66158,
	5.57791 4.66158,
	5.59922 4.66158,
	5.62053 4.67224,
	5.64717 4.75748,
	5.64184 4.8001,
	5.63119 4.81075,
	5.58857 4.81075,
	5.56726 4.81075,
	5.54595 4.82141,
	5.54062 4.82673,
	5.50866 4.78411,
	5.48735 4.76813,
	5.48202 4.73084,
	"/>
</Transform>

<Transform dim="6"
 xcoef=" 0.0952760683225813 1.00825716264578 -0.0267809606108929 0 0 0"
 ycoef=" -0.17671420803726 0.0178847787628444 1.01373276289052 0 0 0">
<Contour name="d01" hidden="true" closed="true" simplified="true" border="1 0.5 0" fill="1 0.5 0" mode="9"
 points="3.51616 4.99721,
	3.52682 4.9759,
	3.6014 4.90665,
	3.68132 4.82673,
	3.72394 4.8001,
	3.80918 4.8001,
	3.83049 4.78944,
	3.84114 4.77879,
	3.86245 4.77879,
	3.88376 4.78944,
	3.89442 4.78944,
	3.9104 4.81075,
	3.92105 4.85337,
	3.92105 4.89599,
	3.92105 4.9173,
	3.88376 4.95459,
	3.84647 4.98123,
	3.83581 5.00254,
	3.76123 5.08778,
	3.71861 5.10909,
	3.63337 5.11442,
	3.59075 5.11442,
	3.58542 5.10909,
	3.59075 5.10376,
	3.55346 5.0718,
	3.52149 5.02918,
	3.51616 5.00787,
	3.51616 5.00254,
	"/>
</Transform>

<Transform dim="6"
 xcoef=" 0.0952760683225813 1.00825716264578 -0.0267809606108929 0 0 0"
 ycoef=" -0.17671420803726 0.0178847787628444 1.01373276289052 0 0 0">
<Contour name="d01c24" hidden="false" closed="true" simplified="true" border="0 1 0" fill="0 1 0" mode="9"
 points="5.90011 3.16797,
	5.90744 3.15332,
	5.93674 3.14599,
	5.95139 3.14233,
	6.00998 3.10205,
	6.01731 3.0874,
	6.01731 3.0581,
	6.01731 3.04345,
	6.01365 3.03612,
	5.999 3.03246,
	5.99167 3.03246,
	5.97702 3.01781,
	5.97702 3.00316,
	5.98435 2.98851,
	6.04295 2.95555,
	6.0576 2.94823,
	6.08689 2.95189,
	6.10521 2.97752,
	6.11986 2.98119,
	6.13451 2.95921,
	6.13817 2.96654,
	6.13451 2.99584,
	6.12352 3.02514,
	6.04295 3.14233,
	6.0283 3.17163,
	6.01731 3.23023,
	6.00998 3.25953,
	6.00632 3.31813,
	5.999 3.34743,
	5.98069 3.37672,
	5.95139 3.37306,
	5.94406 3.35841,
	5.94406 3.34376,
	5.93307 3.32911,
	5.90377 3.3108,
	5.90744 3.2815,
	5.90011 3.2522,
	5.90377 3.23755,
	5.93307 3.21558,
	5.94406 3.20825,
	5.92941 3.19727,
	5.91476 3.19361,
	5.90011 3.17896,
	5.90011 3.17163,
	"/>
<Contour name="d01c24" hidden="false" closed="true" simplified="true" border="0 1 0" fill="0 1 0" mode="9"
 points="6.17113 2.82737,
	6.2224 2.77243,
	6.2517 2.76877,
	6.26635 2.76877,
	6.27734 2.78342,
	6.27734 2.79807,
	6.25903 2.8237,
	6.23339 2.84934,
	6.2224 2.86399,
	6.2224 2.87131,
	6.21508 2.87864,
	6.18578 2.87498,
	6.17479 2.86033,
	6.17113 2.83103,
	"/>
</Transform>

<Transform dim="6"
 xcoef=" 0.0952760683225813 1.00825716264578 -0.0267809606108929 0 0 0"
 ycoef=" -0.17671420803726 0.0178847787628444 1.01373276289052 0 0 0">
<Contour name="d01cfa24" hidden="false" closed="false" simplified="false" border="0 1 1" fill="0 1 1" mode="9"
 points="6.0894 2.96642,
	6.08573 2.99938,
	6.07475 3.03235,
	6.0601 3.06164,
	6.00516 3.17518,
	5.99051 3.27773,
	5.96854 3.3583,
	"/>
<Contour name="d01cfa24" hidden="false" closed="false" simplified="false" border="0 1 1" fill="0 1 1" mode="9"
 points="6.25787 2.77232,
	6.18462 2.86388,
	"/>
</Transform>

<Transform dim="6"
 xcoef=" 0.0952760683225813 1.00825716264578 -0.0267809606108929 0 0 0"
 ycoef=" -0.17671420803726 0.0178847787628444 1.01373276289052 0 0 0">
<Contour name="d01c25" hidden="false" closed="true" simplified="true" border="0 1 0" fill="0 1 0" mode="9"
 points="3.64774 3.94073,
	3.67704 3.93707,
	3.69169 3.93707,
	3.72099 3.95538,
	3.72831 3.96271,
	3.73564 3.96271,
	3.76494 3.99201,
	3.78325 4.02131,
	3.78325 4.0799,
	3.78325 4.09455,
	3.7686 4.10554,
	3.74296 4.04694,
	3.68803 3.99201,
	3.66239 3.97003,
	3.6514 3.95538,
	3.64774 3.9444,
	"/>
</Transform>

<Transform dim="6"
 xcoef=" 0.0952760683225813 1.00825716264578 -0.0267809606108929 0 0 0"
 ycoef=" -0.17671420803726 0.0178847787628444 1.01373276289052 0 0 0">
<Contour name="d01cfa25" hidden="false" closed="false" simplified="false" border="0 1 1" fill="0 1 1" mode="9"
 points="3.65024 3.94428,
	3.68687 3.96626,
	3.71983 3.9809,
	3.74546 4.00288,
	3.75645 4.04317,
	3.77476 4.09078,
	"/>
</Transform>

<Transform dim="6"
 xcoef=" 0.0952760683225813 1.00825716264578 -0.0267809606108929 0 0 0"
 ycoef=" -0.17671420803726 0.0178847787628444 1.01373276289052 0 0 0">
<Contour name="d07" hidden="true" closed="true" simplified="true" border="1 0 1" fill="1 0 1" mode="9"
 points="3.98567 8.45197,
	4.01741 8.37942,
	4.03555 8.36129,
	4.07182 8.35675,
	4.10809 8.36129,
	4.11716 8.37036,
	4.11716 8.4429,
	4.09449 8.51545,
	4.08996 8.53359,
	4.07182 8.54719,
	3.99927 8.54266,
	3.98567 8.52906,
	3.98567 8.45651,
	"/>
</Transform>

<Transform dim="6"
 xcoef=" 0.0952760683225813 1.00825716264578 -0.0267809606108929 0 0 0"
 ycoef=" -0.17671420803726 0.0178847787628444 1.01373276289052 0 0 0">
<Contour name="d07c40" hidden="false" closed="true" simplified="true" border="1 0 0" fill="0 1 0" mode="9"
 points="4.17241 7.39104,
	4.18173 7.37861,
	4.19416 7.3755,
	4.20659 7.38483,
	4.2128 7.38793,
	4.21591 7.38483,
	4.22212 7.40968,
	4.22833 7.42211,
	4.23455 7.42832,
	4.23455 7.45317,
	4.24076 7.47803,
	4.24076 7.50288,
	4.25319 7.52774,
	4.2594 7.55259,
	4.25629 7.57745,
	4.24387 7.57745,
	4.21901 7.55881,
	4.19726 7.53395,
	4.18794 7.5091,
	4.17862 7.49667,
	4.17241 7.44696,
	4.17241 7.39725,
	4.17241 7.39415,
	"/>
<Contour name="d07cfa40" hidden="false" closed="false" simplified="false" border="0 1 1" fill="0 1 1" mode="9"
 points="4.24997 7.57767,
	4.2158 7.51864,
	4.19095 7.4565,
	4.18163 7.4099,
	4.18473 7.37573,
	"/>
</Transform>

<Transform dim="6"
 xcoef=" 0.0952760683225813 1.00825716264578 -0.0267809606108929 0 0 0"
 ycoef=" -0.17671420803726 0.0178847787628444 1.01373276289052 0 0 0">
<Contour name="d08" hidden="false" closed="true" simplified="true" border="1 0 0" fill="1 0 0" mode="9"
 points="4.50285 2.67346,
	4.52097 2.64448,
	4.54995 2.63361,
	4.57893 2.63361,
	4.63689 2.66983,
	4.66587 2.69157,
	4.69123 2.72055,
	4.69847 2.72417,
	4.69847 2.75315,
	4.69485 2.76764,
	4.67311 2.793,
	4.64413 2.793,
	4.61515 2.78213,
	4.56081 2.74228,
	4.53546 2.71693,
	4.50648 2.69881,
	4.50285 2.68432,
	4.50285 2.67708,
	"/>
</Transform>

<Transform dim="6"
 xcoef=" 0.0952760683225813 1.00825716264578 -0.0267809606108929 0 0 0"
 ycoef=" -0.17671420803726 0.0178847787628444 1.01373276289052 0 0 0">
<Contour name="d08c27" hidden="false" closed="true" simplified="true" border="1 0 0" fill="0 1 0" mode="9"
 points="4.48952 2.68276,
	4.50321 2.6725,
	4.51005 2.66565,
	4.53743 2.66908,
	4.59218 2.69987,
	4.60587 2.71356,
	4.64351 2.76831,
	4.64693 2.79569,
	4.64351 2.80253,
	4.61613 2.80937,
	4.58876 2.80937,
	4.53401 2.79226,
	4.51005 2.76831,
	4.49637 2.74094,
	4.48952 2.72725,
	4.48952 2.69987,
	4.48952 2.68619,
	"/>
<Contour name="d08cfa27" hidden="false" closed="false" simplified="false" border="0 1 1" fill="0 1 1" mode="9"
 points="4.63404 2.80315,
	4.54508 2.73471,
	4.50401 2.67311,
	"/>
</Transform>

<Transform dim="6"
 xcoef=" 0.0952760683225813 1.00825716264578 -0.0267809606108929 0 0 0"
 ycoef=" -0.17671420803726 0.0178847787628444 1.01373276289052 0 0 0">
<Contour name="D11" hidden="false" closed="true" simplified="true" border="1 0.5 0" fill="1 0.5 0" mode="11"
 points="3.70315 5.34451,
	3.70493 5.3325,
	3.71011 5.32166,
	3.71817 5.31306,
	3.72833 5.30754,
	3.73959 5.30564,
	3.75085 5.30754,
	3.76101 5.31306,
	3.76907 5.32166,
	3.77425 5.3325,
	3.77603 5.34451,
	3.77425 5.35652,
	3.76907 5.36735,
	3.76101 5.37595,
	3.75085 5.38147,
	3.73959 5.38338,
	3.72833 5.38147,
	3.71817 5.37595,
	3.71011 5.36735,
	"/>
</Transform>

<Transform dim="6"
 xcoef=" 0.0952760683225813 1.00825716264578 -0.0267809606108929 0 0 0"
 ycoef=" -0.17671420803726 0.0178847787628444 1.01373276289052 0 0 0">
<Contour name="D14" hidden="false" closed="true" simplified="true" border="1 0 0" fill="1 0 0" mode="11"
 points="4.49027 4.52094,
	4.49193 4.50668,
	4.49677 4.49381,
	4.50429 4.4836,
	4.51377 4.47705,
	4.52428 4.47479,
	4.53479 4.47705,
	4.54427 4.4836,
	4.5518 4.49381,
	4.55663 4.50668,
	4.55829 4.52094,
	4.55663 4.53521,
	4.5518 4.54808,
	4.54427 4.55829,
	4.53479 4.56484,
	4.52428 4.5671,
	4.51377 4.56484,
	4.50429 4.55829,
	4.49677 4.54808,
	"/>
</Transform>

<Transform dim="6"
 xcoef=" 0.0952760683225813 1.00825716264578 -0.0267809606108929 0 0 0"
 ycoef=" -0.17671420803726 0.0178847787628444 1.01373276289052 0 0 0">
<Contour name="d01p24" hidden="false" closed="true" simplified="false" border="0 0 1" fill="0 0 1" mode="-13"
 points="5.53594 3.77225,
	5.51309 3.74941,
	5.53594 3.72656,
	5.55879 3.74941,
	"/>
</Transform>

<Transform dim="6"
 xcoef=" 0.0952760683225813 1.00825716264578 -0.0267809606108929 0 0 0"
 ycoef=" -0.17671420803726 0.0178847787628444 1.01373276289052 0 0 0">
<Contour name="d07p40" hidden="false" closed="true" simplified="false" border="0 1 1" fill="0 1 1" mode="9"
 points="4.13203 7.5131,
	4.14196 7.50317,
	4.10226 7.46347,
	4.11218 7.45354,
	4.15189 7.49324,
	4.16181 7.48332,
	4.16181 7.5131,
	"/>
</Transform>

<Transform dim="6"
 xcoef=" 0.0952760683225813 1.00825716264578 -0.0267809606108929 0 0 0"
 ycoef=" -0.17671420803726 0.0178847787628444 1.01373276289052 0 0 0">
<Contour name="d07p28" hidden="false" closed="true" simplified="false" border="1 0 0" fill="1 0 0" mode="-9"
 points="4.18166 7.18057,
	4.16677 7.18057,
	4.16677 7.18802,
	4.17422 7.19546,
	4.19655 7.20291,
	4.18166 7.21035,
	4.17422 7.22524,
	4.15933 7.21035,
	4.15189 7.19546,
	4.15189 7.18057,
	4.137 7.18057,
	4.15933 7.16569,
	"/>
</Transform>

<Transform dim="6"
 xcoef=" -0.329814981445091 1.13062353774283 -0.00880826776372897 0 0 0"
 ycoef=" -1.17900894718067 0.0744866887219661 0.985236962208063 0 0 0">
<Image mag="0.00217507" contrast="1.17035" brightness="0.045" red="true" green="true" blue="true"
 src="FHLTD.157.jpg" />
<Contour name="domain1" hidden="false" closed="true" simplified="false" border="1 0 1" fill="1 0 1" mode="11"
 points="0 0,
	4096 0,
	4096 4096,
	0 4096,
	"/>
</Transform>

<Transform dim="0"
 xcoef=" 0 1 0 0 0 0"
 ycoef=" 0 0 1 0 0 0">
<Contour name="d01ax17" comment="LK bouton trace named after cfa" hidden="false" closed="true" simplified="true" border="0 1 1" fill="0.502 1 1" mode="-9"
 points="4.58688 2.44157,
	4.59494 2.43351,
	4.61107 2.42444,
	4.61913 2.41839,
	4.63424 2.40227,
	4.64231 2.39824,
	4.64634 2.39622,
	4.66246 2.39421,
	4.67052 2.39622,
	4.67455 2.39824,
	4.68261 2.39522,
	4.69873 2.3932,
	4.7068 2.3932,
	4.72292 2.40227,
	4.75516 2.42444,
	4.76322 2.42847,
	4.76726 2.42948,
	4.78338 2.43855,
	4.79144 2.44258,
	4.79547 2.44459,
	4.80353 2.45265,
	4.80756 2.45568,
	4.82368 2.48792,
	4.82872 2.49598,
	4.83074 2.50001,
	4.84686 2.5121,
	4.85795 2.52722,
	4.85895 2.53528,
	4.85694 2.5514,
	4.84988 2.56753,
	4.84384 2.57559,
	4.84384 2.5776,
	4.83678 2.58566,
	4.83477 2.58969,
	4.81965 2.60481,
	4.81159 2.60985,
	4.80353 2.61287,
	4.79547 2.61186,
	4.78741 2.60582,
	4.78136 2.59776,
	4.77834 2.58969,
	4.77733 2.58566,
	4.7733 2.58264,
	4.76927 2.58163,
	4.76322 2.57458,
	4.76222 2.57055,
	4.75516 2.56249,
	4.7471 2.55846,
	4.73299 2.54233,
	4.71788 2.52823,
	4.71083 2.52117,
	4.70276 2.51614,
	4.6947 2.50908,
	4.69067 2.50707,
	4.68866 2.50606,
	4.68765 2.50707,
	4.68664 2.50505,
	4.67052 2.50203,
	4.6544 2.50102,
	4.64634 2.50102,
	4.61409 2.48389,
	4.61006 2.48187,
	4.59494 2.46676,
	4.59091 2.46273,
	4.58688 2.45467,
	4.58688 2.44661,
	4.58688 2.44258,
	"/>
</Transform>

<Transform dim="0"
 xcoef=" 0 1 0 0 0 0"
 ycoef=" 0 0 1 0 0 0">
<Contour name="d03" hidden="false" closed="true" simplified="true" border="0 1 0" fill="0 1 0" mode="9"
 points="3.18063 2.52919,
	3.18972 2.48195,
	3.19945 2.45824,
	3.211 2.44774,
	3.21392 2.44622,
	3.26173 2.4645,
	3.3093 2.47396,
	3.31526 2.47533,
	3.40902 2.44131,
	3.45593 2.42577,
	3.5026 2.40141,
	3.59655 2.37475,
	3.64343 2.35773,
	3.69 2.32897,
	3.73466 2.28405,
	3.75177 2.26022,
	3.76592 2.23643,
	3.77153 2.22456,
	3.7758 2.2186,
	3.78743 2.21104,
	3.79327 2.20799,
	3.81693 2.20757,
	3.82284 2.20747,
	3.8468 2.21881,
	3.85279 2.22166,
	3.87411 2.24482,
	3.8787 2.25062,
	3.88524 2.27404,
	3.88851 2.28575,
	3.92081 2.33225,
	3.93474 2.35554,
	3.94244 2.36718,
	3.94556 2.373,
	3.94711 2.37591,
	3.93739 2.39962,
	3.93327 2.41146,
	3.93046 2.4174,
	3.88432 2.46234,
	3.84714 2.51007,
	3.8371 2.52201,
	3.83283 2.52798,
	3.8193 2.57529,
	3.814 2.59892,
	3.78251 2.69361,
	3.7769 2.70548,
	3.73077 2.75043,
	3.63683 2.77709,
	3.58979 2.78822,
	3.54237 2.78464,
	3.49487 2.77813,
	3.48292 2.77392,
	3.43542 2.76741,
	3.42356 2.76615,
	3.41161 2.76194,
	3.36356 2.73484,
	3.33948 2.71909,
	3.31532 2.70039,
	3.30331 2.69325,
	3.27957 2.69072,
	3.26767 2.68799,
	3.26175 2.68809,
	3.23767 2.67234,
	3.22561 2.66372,
	3.22102 2.65793,
	3.20794 2.61108,
	3.20289 2.58764,
	3.19487 2.56424,
	3.18389 2.5409,
	3.18066 2.53066,
	"/>
<Contour name="d03" hidden="false" closed="true" simplified="true" border="0 1 0" fill="0 1 0" mode="9"
 points="3.01335 2.6827,
	3.02557 2.67001,
	3.07515 2.64729,
	3.10023 2.64685,
	3.11344 2.67157,
	3.12004 2.68394,
	3.1245 2.73378,
	3.12269 2.78374,
	3.11081 2.8089,
	3.09844 2.81536,
	3.09233 2.82171,
	3.06733 2.82527,
	3.05479 2.82549,
	3.04208 2.81948,
	3.03515 2.79463,
	3.03448 2.76969,
	3.03415 2.75721,
	3.01782 2.73255,
	3.01343 2.68582,
	"/>
<Contour name="d03" hidden="false" closed="true" simplified="true" border="0 1 0" fill="0 1 0" mode="9"
 points="2.17252 2.4417,
	2.21839 2.3972,
	2.24305 2.38117,
	2.25527 2.36847,
	2.2801 2.35867,
	2.29264 2.35845,
	2.29892 2.35834,
	2.30535 2.36447,
	2.30601 2.38942,
	2.31295 2.41425,
	2.32582 2.4265,
	2.33235 2.43575,
	2.34514 2.44489,
	2.35173 2.45725,
	2.3741 2.47246,
	2.39349 2.49396,
	2.41874 2.49975,
	2.42518 2.50588,
	2.45026 2.50544,
	2.46297 2.51145,
	2.56331 2.50968,
	2.57585 2.50945,
	2.66809 2.43919,
	2.69293 2.42939,
	2.74317 2.43163,
	2.76827 2.43119,
	2.81901 2.45213,
	2.86711 2.49184,
	2.89287 2.51635,
	2.89938 2.52559,
	2.92505 2.54697,
	2.9347 2.55616,
	2.9385 2.58106,
	2.93883 2.59354,
	2.92976 2.60618,
	2.90501 2.61909,
	2.80466 2.62086,
	2.78 2.63689,
	2.67975 2.64179,
	2.65483 2.64846,
	2.64236 2.65181,
	2.63007 2.66139,
	2.62414 2.67397,
	2.6286 2.72381,
	2.65814 2.77321,
	2.65881 2.79816,
	2.63413 2.8142,
	2.62803 2.82054,
	2.52795 2.83167,
	2.50285 2.83211,
	2.47761 2.82631,
	2.42942 2.78348,
	2.40994 2.75887,
	2.40977 2.75263,
	2.40333 2.7465,
	2.39987 2.73409,
	2.35786 2.68803,
	2.34499 2.67577,
	2.33873 2.67588,
	2.33228 2.66976,
	2.32601 2.66987,
	2.30043 2.6516,
	2.294 2.64547,
	2.29334 2.62052,
	2.28986 2.6081,
	2.24786 2.56205,
	2.22839 2.53742,
	2.21865 2.52512,
	2.19315 2.50997,
	2.17376 2.48847,
	2.1731 2.46353,
	2.17276 2.45105,
	2.1726 2.44481,
	"/>
<Contour name="d03cfa22ax11" hidden="false" closed="false" simplified="false" border="0 1 1" fill="0 1 1" mode="9"
 points="3.03637 2.81414,
	3.02176 2.77401,
	3.01362 2.72254,
	3.01249 2.67992,
	"/>
<Contour name="d03c24a" hidden="false" closed="true" simplified="true" border="1 0 0" fill="1 0 0" mode="9"
 points="2.28978 2.41115,
	2.33426 2.40759,
	2.35652 2.4072,
	2.36767 2.407,
	2.41257 2.42006,
	2.43514 2.43075,
	2.45757 2.43589,
	2.54666 2.43432,
	2.56892 2.43393,
	2.61303 2.41653,
	2.63523 2.41337,
	2.65728 2.40467,
	2.66841 2.40447,
	2.67428 2.41544,
	2.68 2.42089,
	2.68015 2.42643,
	2.68879 2.43735,
	2.68893 2.4429,
	2.69465 2.44834,
	2.68191 2.49288,
	2.67942 2.50401,
	2.66044 2.52373,
	2.64961 2.53501,
	2.63854 2.53797,
	2.62762 2.54648,
	2.53861 2.55082,
	2.44937 2.54685,
	2.40483 2.54764,
	2.38248 2.54526,
	2.36254 2.52899,
	2.34804 2.50708,
	2.3391 2.48508,
	2.32188 2.46599,
	2.31323 2.45507,
	2.31015 2.44403,
	2.29572 2.4249,
	2.28985 2.41392,
	"/>
<Contour name="d03cfa24a" hidden="false" closed="false" simplified="false" border="0 1 1" fill="0 1 1" mode="9"
 points="2.31159 2.40553,
	2.38061 2.48743,
	2.42853 2.50874,
	2.52605 2.50979,
	2.60942 2.50279,
	2.6421 2.4745,
	2.67697 2.42402,
	"/>
</Transform>

<Transform dim="0"
 xcoef=" 0 1 0 0 0 0"
 ycoef=" 0 0 1 0 0 0">
<Contour name="ax11" comment="LK bouton trace named after cfa" hidden="false" closed="true" simplified="false" border="0 1 1" fill="0.502 1 1" mode="9"
 points="2.58724 2.67185,
	2.59121 2.6648,
	2.59429 2.66128,
	2.5965 2.65775,
	2.60222 2.6507,
	2.60531 2.64717,
	2.60663 2.64541,
	2.61368 2.641,
	2.62778 2.63616,
	2.63131 2.63528,
	2.63307 2.63395,
	2.64717 2.63043,
	2.66128 2.62558,
	2.66833 2.62294,
	2.67009 2.62161,
	2.67714 2.61897,
	2.68419 2.61456,
	2.68772 2.61236,
	2.69389 2.60531,
	2.69873 2.59826,
	2.7005 2.59473,
	2.70182 2.59297,
	2.70226 2.59121,
	2.70446 2.58768,
	2.70711 2.58063,
	2.70931 2.57711,
	2.71195 2.57006,
	2.71372 2.56653,
	2.71416 2.56477,
	2.71636 2.56124,
	2.71636 2.56036,
	2.71768 2.5586,
	2.71856 2.55507,
	2.71989 2.55331,
	2.72033 2.55155,
	2.72253 2.54802,
	2.72297 2.54626,
	2.73223 2.53216,
	2.73223 2.53128,
	2.73355 2.52951,
	2.73355 2.52863,
	2.73619 2.52511,
	2.73619 2.52422,
	2.73884 2.5207,
	2.74016 2.51894,
	2.74721 2.51453,
	2.75426 2.51144,
	2.76131 2.50968,
	2.77541 2.50836,
	2.78246 2.50836,
	2.78951 2.50924,
	2.79657 2.51144,
	2.80362 2.51497,
	2.81067 2.51982,
	2.81419 2.52246,
	2.81596 2.52422,
	2.81772 2.52466,
	2.82477 2.53083,
	2.83887 2.53833,
	2.85297 2.54273,
	2.86707 2.54626,
	2.88118 2.55155,
	2.89528 2.55816,
	2.90233 2.563,
	2.90585 2.56521,
	2.90762 2.56609,
	2.91467 2.5727,
	2.91952 2.57975,
	2.9226 2.5868,
	2.9248 2.59385,
	2.92613 2.59738,
	2.92745 2.61148,
	2.92789 2.62558,
	2.92877 2.62911,
	2.93053 2.63263,
	2.93758 2.6366,
	2.94111 2.63924,
	2.94816 2.64189,
	2.96226 2.65026,
	2.96931 2.65423,
	2.97284 2.65599,
	2.97636 2.65863,
	2.97725 2.65863,
	2.9843 2.66436,
	2.99091 2.67097,
	2.99619 2.67802,
	2.99972 2.68507,
	3.0028 2.69917,
	3.00369 2.71328,
	3.00369 2.7168,
	3.00501 2.72385,
	3.00501 2.72562,
	3.00633 2.72914,
	3.00721 2.73619,
	3.00853 2.73972,
	3.00897 2.74324,
	3.01118 2.75029,
	3.0125 2.75382,
	3.0125 2.7547,
	3.0147 2.75823,
	3.01955 2.77233,
	3.02131 2.77938,
	3.02131 2.78114,
	3.02616 2.79524,
	3.02792 2.80229,
	3.02792 2.80582,
	3.0288 2.80935,
	3.0288 2.8164,
	3.03541 2.8446,
	3.04555 2.8728,
	3.04643 2.87457,
	3.04643 2.87545,
	3.04731 2.87633,
	3.04864 2.89043,
	3.04864 2.89748,
	3.04731 2.90453,
	3.04687 2.90806,
	3.04555 2.91158,
	3.04511 2.91335,
	3.04511 2.91423,
	3.04423 2.91511,
	3.04335 2.91863,
	3.04203 2.9204,
	3.04158 2.9345,
	3.04114 2.93802,
	3.03806 2.94508,
	3.03321 2.95213,
	3.03013 2.95565,
	3.02308 2.96094,
	3.01602 2.96447,
	3.00897 2.96623,
	3.00192 2.96711,
	3.00016 2.96799,
	2.98606 2.96799,
	2.97901 2.96755,
	2.97196 2.96579,
	2.95786 2.96447,
	2.92965 2.96358,
	2.91555 2.96226,
	2.90145 2.96006,
	2.88735 2.95962,
	2.88382 2.96006,
	2.87677 2.9627,
	2.87324 2.96402,
	2.86972 2.96447,
	2.86267 2.96402,
	2.85914 2.96358,
	2.84504 2.95786,
	2.83094 2.94992,
	2.82741 2.94772,
	2.82036 2.94508,
	2.81948 2.94419,
	2.81772 2.94375,
	2.81596 2.94243,
	2.80185 2.93979,
	2.78775 2.93847,
	2.7807 2.93274,
	2.77365 2.92569,
	2.76263 2.91158,
	2.75999 2.90806,
	2.75294 2.90277,
	2.74941 2.90013,
	2.74589 2.8988,
	2.74236 2.89836,
	2.72826 2.89352,
	2.72121 2.89131,
	2.71768 2.89043,
	2.71416 2.88867,
	2.70711 2.88338,
	2.70006 2.87721,
	2.69653 2.87457,
	2.68507 2.86046,
	2.67978 2.85341,
	2.6767 2.84636,
	2.67273 2.83931,
	2.6626 2.82521,
	2.65731 2.81816,
	2.65511 2.81111,
	2.65423 2.80758,
	2.65378 2.80582,
	2.6485 2.79877,
	2.63439 2.78467,
	2.62823 2.77762,
	2.62294 2.77057,
	2.61853 2.76351,
	2.61236 2.74941,
	2.60839 2.73531,
	2.60619 2.72826,
	2.60487 2.72473,
	2.60443 2.72297,
	2.5987 2.71592,
	2.59473 2.70887,
	2.59253 2.70534,
	2.59033 2.69829,
	2.58812 2.68419,
	2.58724 2.67714,
	2.58724 2.67362,
	2.58724 2.67229,
	"/>
</Transform>

<Transform dim="0"
 xcoef=" 0 1 0 0 0 0"
 ycoef=" 0 0 1 0 0 0">
<Contour name="ax20" comment="LK bouton trace named after cfa" hidden="false" closed="true" simplified="true" border="0 1 1" fill="0.502 1 1" mode="9"
 points="5.98403 8.10874,
	5.98656 8.10368,
	5.98846 8.10114,
	5.9891 8.09861,
	6.00556 8.07834,
	6.00809 8.07328,
	6.00936 8.07201,
	6.01126 8.06694,
	6.01316 8.05681,
	6.01253 8.04668,
	6.01189 8.04161,
	6.00936 8.03655,
	6.00999 8.02641,
	6.01189 8.02135,
	6.01506 8.01628,
	6.01696 8.01375,
	6.03723 8.00425,
	6.04229 8.00171,
	6.06256 7.98462,
	6.08092 7.96498,
	6.08346 7.95992,
	6.09359 7.95105,
	6.09866 7.94662,
	6.10879 7.94092,
	6.11385 7.93965,
	6.11892 7.93649,
	6.12842 7.92635,
	6.13349 7.92129,
	6.13412 7.91875,
	6.15059 7.89849,
	6.15945 7.88835,
	6.16958 7.88392,
	6.17465 7.88265,
	6.17718 7.88139,
	6.18732 7.88202,
	6.19745 7.88709,
	6.21772 7.90039,
	6.22025 7.90292,
	6.22532 7.90545,
	6.22785 7.90609,
	6.24811 7.90355,
	6.25318 7.90292,
	6.27345 7.90609,
	6.29371 7.91242,
	6.30384 7.91432,
	6.30638 7.91495,
	6.32664 7.91242,
	6.33171 7.91179,
	6.34184 7.91685,
	6.35197 7.92002,
	6.35704 7.92065,
	6.36717 7.91875,
	6.37731 7.91559,
	6.38744 7.91495,
	6.39757 7.91685,
	6.41784 7.91812,
	6.42797 7.91812,
	6.4381 7.91685,
	6.44317 7.91685,
	6.4533 7.91305,
	6.45584 7.91179,
	6.4761 7.90989,
	6.48623 7.90989,
	6.49637 7.91242,
	6.5065 7.91622,
	6.51157 7.91875,
	6.5217 7.92699,
	6.52423 7.92825,
	6.53436 7.93712,
	6.53943 7.94155,
	6.5445 7.94345,
	6.55463 7.94345,
	6.5597 7.94345,
	6.56983 7.94725,
	6.57996 7.95232,
	6.58503 7.95485,
	6.59073 7.96498,
	6.59896 7.98525,
	6.60023 7.99032,
	6.60973 8.01058,
	6.61923 8.02071,
	6.62429 8.02578,
	6.62619 8.02831,
	6.64646 8.03845,
	6.66672 8.04668,
	6.68699 8.05618,
	6.69712 8.06124,
	6.70725 8.06821,
	6.71232 8.07201,
	6.71675 8.07708,
	6.72245 8.08721,
	6.72435 8.09228,
	6.72119 8.11254,
	6.72055 8.11761,
	6.72245 8.13787,
	6.72309 8.14294,
	6.72625 8.15307,
	6.72625 8.15561,
	6.73385 8.17587,
	6.73765 8.186,
	6.73955 8.19614,
	6.73892 8.2164,
	6.73575 8.23667,
	6.73575 8.24173,
	6.73195 8.262,
	6.72119 8.28227,
	6.71865 8.28733,
	6.70345 8.3076,
	6.69965 8.31266,
	6.67939 8.3323,
	6.66102 8.35256,
	6.65216 8.36269,
	6.64202 8.37283,
	6.62683 8.39309,
	6.61543 8.41336,
	6.60023 8.43362,
	6.59009 8.44376,
	6.58503 8.44819,
	6.5749 8.45516,
	6.56476 8.46086,
	6.55463 8.46529,
	6.5521 8.46592,
	6.54196 8.47415,
	6.53753 8.47922,
	6.53436 8.48429,
	6.52486 8.49379,
	6.5198 8.49822,
	6.51473 8.50139,
	6.49447 8.51849,
	6.48433 8.52672,
	6.46407 8.53368,
	6.4438 8.54382,
	6.43874 8.54572,
	6.4286 8.54698,
	6.42354 8.54825,
	6.40327 8.54445,
	6.39821 8.54382,
	6.37794 8.53558,
	6.33741 8.52545,
	6.31714 8.51912,
	6.31208 8.51659,
	6.29181 8.49885,
	6.28295 8.48935,
	6.27915 8.48429,
	6.26965 8.47415,
	6.25951 8.46529,
	6.25445 8.46276,
	6.25191 8.46086,
	6.23165 8.46212,
	6.22658 8.46276,
	6.21645 8.46719,
	6.21138 8.46909,
	6.20125 8.47099,
	6.19618 8.47162,
	6.19112 8.47099,
	6.18605 8.46845,
	6.18162 8.46402,
	6.17845 8.45896,
	6.17782 8.45642,
	6.17148 8.44629,
	6.17022 8.44502,
	6.16958 8.44249,
	6.16768 8.43996,
	6.16515 8.42982,
	6.16325 8.40956,
	6.16135 8.39943,
	6.16009 8.39436,
	6.15755 8.38929,
	6.15692 8.38676,
	6.15502 8.38423,
	6.15059 8.37409,
	6.14742 8.36903,
	6.13729 8.36016,
	6.13475 8.35953,
	6.13349 8.35826,
	6.13222 8.35826,
	6.13095 8.35699,
	6.12842 8.35636,
	6.12715 8.35509,
	6.12462 8.35446,
	6.10436 8.34116,
	6.09929 8.33673,
	6.09676 8.3342,
	6.09549 8.3342,
	6.08599 8.32533,
	6.07712 8.3152,
	6.07269 8.31013,
	6.06699 8.3,
	6.06509 8.29493,
	6.06319 8.2848,
	6.06002 8.27467,
	6.04926 8.2544,
	6.04356 8.24427,
	6.03976 8.23413,
	6.03849 8.224,
	6.03849 8.22147,
	6.02773 8.2012,
	6.02519 8.19614,
	6.01823 8.18664,
	6.00809 8.17904,
	6.00303 8.17524,
	5.99479 8.16511,
	5.99163 8.16067,
	5.99163 8.15941,
	5.98973 8.15687,
	5.9891 8.15434,
	5.9891 8.15307,
	5.9872 8.15054,
	5.98466 8.14041,
	5.98403 8.12014,
	5.98403 8.11001,
	5.98403 8.10938,
	"/>
</Transform>

<Transform dim="0"
 xcoef=" 0 1 0 0 0 0"
 ycoef=" 0 0 1 0 0 0">
<Contour name="d06" hidden="true" closed="true" simplified="true" border="0 0 1" fill="0 0 1" mode="11"
 points="3.14415 7.24786,
	3.16458 7.19803,
	3.16637 7.14854,
	3.16882 7.12376,
	3.17471 7.11129,
	3.17454 7.10511,
	3.18059 7.09882,
	3.19482 7.0491,
	3.19759 7.03669,
	3.19743 7.03051,
	3.2155 7.00855,
	3.22726 6.98361,
	3.23528 6.93401,
	3.24713 6.91216,
	3.2499 6.89974,
	3.26797 6.87779,
	3.2925 6.86498,
	3.30468 6.8555,
	3.31702 6.85218,
	3.32307 6.8459,
	3.32929 6.84579,
	3.42714 6.78532,
	3.45168 6.77252,
	3.50032 6.73147,
	3.54912 6.69661,
	3.55525 6.69341,
	3.5618 6.70566,
	3.57422 6.70544,
	3.58043 6.70533,
	3.62517 6.75091,
	3.63204 6.77552,
	3.63857 6.78777,
	3.66409 6.81205,
	3.6802 6.83341,
	3.68151 6.88285,
	3.68217 6.90757,
	3.6825 6.91993,
	3.69247 6.94449,
	3.70867 6.96893,
	3.70998 7.01838,
	3.71031 7.03073,
	3.66804 7.07785,
	3.67148 7.09016,
	3.68398 7.09303,
	3.70311 7.11124,
	3.70377 7.13597,
	3.70393 7.14214,
	3.69789 7.14843,
	3.69168 7.14854,
	3.6768 7.17353,
	3.59537 7.26772,
	3.57731 7.28968,
	3.57142 7.30215,
	3.55932 7.31473,
	3.55948 7.32091,
	3.53832 7.34292,
	3.52621 7.3555,
	3.51125 7.3774,
	3.4658 7.42149,
	3.44454 7.44041,
	3.34513 7.44217,
	3.29541 7.44304,
	3.27056 7.44348,
	3.25814 7.4437,
	3.25192 7.44381,
	3.23974 7.4533,
	3.2274 7.45661,
	3.20238 7.45087,
	3.18971 7.44182,
	3.17662 7.41731,
	3.17008 7.40507,
	3.16434 7.30624,
	3.14823 7.28488,
	3.14447 7.26021,
	3.14423 7.25094,
	"/>
<Contour name="d06" hidden="true" closed="true" simplified="true" border="0 0 1" fill="0 0 1" mode="11"
 points="3.19704 6.00857,
	3.20345 5.99502,
	3.22636 5.96773,
	3.2397 5.96078,
	3.24627 5.95394,
	3.35434 5.95203,
	3.36802 5.95851,
	3.39504 5.95803,
	3.42241 5.971,
	3.4265 5.99781,
	3.44019 6.00428,
	3.46445 6.02738,
	3.47832 6.04057,
	3.5056 6.05017,
	3.51938 6.06001,
	3.5231 6.07339,
	3.51653 6.08022,
	3.51671 6.08694,
	3.48774 6.14122,
	3.47495 6.16833,
	3.47229 6.19526,
	3.45008 6.24941,
	3.44956 6.35695,
	3.45098 6.4107,
	3.45472 6.42407,
	3.46521 6.43733,
	3.46664 6.49106,
	3.46735 6.51793,
	3.46771 6.53137,
	3.4613 6.54492,
	3.46273 6.59867,
	3.46344 6.62553,
	3.46043 6.63903,
	3.40648 6.64334,
	3.3792 6.63374,
	3.36551 6.62726,
	3.33778 6.60087,
	3.32392 6.58767,
	3.31483 6.37277,
	3.3086 6.26535,
	3.30824 6.25191,
	3.29402 6.22528,
	3.29385 6.21857,
	3.28336 6.20531,
	3.27855 6.15163,
	3.27482 6.13825,
	3.25046 6.1118,
	3.223 6.09548,
	3.19865 6.06903,
	3.19722 6.01529,
	3.19713 6.01193,
	"/>
<Contour name="d06p19" hidden="false" closed="true" simplified="false" border="0 1 0" fill="0 1 0" mode="9"
 points="3.41603 6.88192,
	3.41501 6.84342,
	3.45372 6.84274,
	3.4527 6.80423,
	3.49141 6.80355,
	3.49243 6.84205,
	3.53115 6.84137,
	3.53217 6.87987,
	3.49346 6.88056,
	3.49448 6.91906,
	3.45577 6.91974,
	3.45474 6.88124,
	"/>
<Contour name="d07" hidden="true" closed="true" simplified="true" border="1 0 1" fill="1 0 1" mode="9"
 points="3.72603 7.03263,
	3.79192 6.97331,
	3.80965 6.96405,
	3.88157 6.96278,
	3.91766 6.96663,
	3.93587 6.97525,
	3.95031 7.01078,
	3.9567 7.08223,
	3.94417 7.11823,
	3.90915 7.15464,
	3.83735 7.16037,
	3.80128 7.15654,
	3.76496 7.14377,
	3.73267 7.11302,
	3.72627 7.04157,
	3.72615 7.03709,
	"/>
<Contour name="d07cfa27" hidden="false" closed="false" simplified="false" border="0 1 1" fill="0 1 1" mode="9"
 points="3.80991 6.96342,
	3.83319 6.95835,
	3.88007 6.95985,
	"/>
<Contour name="d07cfa28ax21" hidden="false" closed="false" simplified="false" border="0 1 1" fill="0 1 1" mode="9"
 points="4.11903 6.66645,
	4.14748 6.69353,
	4.18169 6.70518,
	4.24944 6.70399,
	4.28899 6.6849,
	4.33446 6.65652,
	4.35512 6.62244,
	"/>
</Transform>

<Transform dim="0"
 xcoef=" 0 1 0 0 0 0"
 ycoef=" 0 0 1 0 0 0">
<Contour name="ax21" comment="LK bouton trace named after cfa" hidden="false" closed="true" simplified="true" border="0 1 1" fill="0.502 1 1" mode="9"
 points="3.85577 6.35196,
	3.85942 6.34467,
	3.86169 6.34102,
	3.86853 6.33373,
	3.87127 6.33008,
	3.87856 6.32598,
	3.88495 6.31868,
	3.88723 6.31503,
	3.89133 6.30044,
	3.89361 6.29315,
	3.89452 6.2895,
	3.90774 6.26032,
	3.90911 6.25667,
	3.90774 6.25303,
	3.90683 6.2512,
	3.89224 6.23798,
	3.87765 6.22339,
	3.87446 6.21974,
	3.87081 6.21245,
	3.86853 6.2088,
	3.86762 6.20698,
	3.86717 6.20607,
	3.87446 6.19148,
	3.87537 6.18965,
	3.87902 6.18601,
	3.88723 6.17142,
	3.89087 6.16412,
	3.89224 6.15683,
	3.89315 6.14224,
	3.89315 6.13494,
	3.89954 6.12035,
	3.9041 6.11306,
	3.91869 6.10394,
	3.92598 6.09801,
	3.93328 6.09072,
	3.93875 6.08342,
	3.94194 6.07978,
	3.94923 6.07567,
	3.95653 6.07248,
	3.97112 6.06838,
	3.98571 6.06017,
	4.0003 6.0506,
	4.00759 6.04513,
	4.01489 6.04102,
	4.02948 6.02826,
	4.03312 6.02461,
	4.0623 6.00956,
	4.07689 6.00227,
	4.09148 5.99589,
	4.12066 5.98996,
	4.13525 5.98722,
	4.14984 5.98585,
	4.15713 5.9854,
	4.16078 5.98494,
	4.17537 5.97993,
	4.18267 5.97674,
	4.18631 5.97491,
	4.18768 5.974,
	4.18951 5.97537,
	4.2041 5.97035,
	4.26245 5.96899,
	4.29163 5.96762,
	4.30622 5.96807,
	4.32081 5.96762,
	4.32811 5.96716,
	4.35729 5.9699,
	4.36458 5.9699,
	4.37188 5.97127,
	4.38647 5.97172,
	4.41564 5.97081,
	4.42294 5.9699,
	4.43753 5.97035,
	4.44482 5.97172,
	4.45941 5.97218,
	4.46671 5.97263,
	4.474 5.974,
	4.4813 5.97446,
	4.48859 5.97719,
	4.50318 5.98494,
	4.50683 5.98813,
	4.51048 5.99041,
	4.51413 5.99178,
	4.52142 5.99269,
	4.52871 5.99269,
	4.5433 5.98996,
	4.5506 5.99133,
	4.55789 5.99406,
	4.57248 6.00136,
	4.57613 6.00364,
	4.59072 6.00592,
	4.59802 6.00728,
	4.60166 6.00728,
	4.60349 6.00728,
	4.61078 6.0123,
	4.62537 6.02598,
	4.62902 6.02917,
	4.64361 6.03737,
	4.6509 6.04011,
	4.6582 6.04148,
	4.66549 6.04513,
	4.66914 6.04649,
	4.67096 6.0474,
	4.67826 6.05379,
	4.70744 6.08297,
	4.72203 6.09756,
	4.72887 6.1044,
	4.7389 6.11899,
	4.74437 6.12628,
	4.74893 6.13357,
	4.75166 6.13722,
	4.78084 6.16367,
	4.79543 6.17552,
	4.79908 6.17917,
	4.8009 6.18099,
	4.80409 6.18829,
	4.80729 6.20288,
	4.80957 6.21017,
	4.81093 6.26853,
	4.81184 6.28312,
	4.8123 6.28677,
	4.81504 6.29406,
	4.81686 6.30136,
	4.81732 6.305,
	4.82415 6.31959,
	4.82598 6.32324,
	4.83692 6.33783,
	4.83966 6.34148,
	4.84148 6.3433,
	4.84877 6.3474,
	4.85242 6.34968,
	4.85972 6.35105,
	4.86701 6.3506,
	4.8816 6.34695,
	4.8889 6.34421,
	4.89254 6.34376,
	4.92172 6.34695,
	4.93631 6.34923,
	4.96549 6.3506,
	4.96914 6.35105,
	4.97643 6.3547,
	4.98008 6.35652,
	4.99467 6.36974,
	5.0088 6.38388,
	5.01473 6.39117,
	5.01975 6.39847,
	5.02157 6.40212,
	5.0316 6.4167,
	5.03434 6.42035,
	5.04893 6.43357,
	5.07811 6.45318,
	5.0854 6.45819,
	5.08905 6.46047,
	5.09634 6.46321,
	5.12552 6.46959,
	5.14011 6.47187,
	5.16929 6.47096,
	5.18388 6.4705,
	5.19118 6.47005,
	5.19847 6.46731,
	5.20212 6.46549,
	5.2158 6.45181,
	5.21944 6.44862,
	5.22127 6.44725,
	5.22856 6.44588,
	5.23586 6.44634,
	5.25045 6.44908,
	5.26504 6.4509,
	5.27233 6.45227,
	5.27324 6.45272,
	5.28054 6.44953,
	5.29513 6.43677,
	5.30972 6.42491,
	5.31336 6.42172,
	5.31519 6.42035,
	5.32248 6.41853,
	5.35166 6.41625,
	5.35531 6.41579,
	5.3699 6.41716,
	5.37719 6.41762,
	5.39178 6.42035,
	5.42096 6.42309,
	5.42826 6.42446,
	5.4319 6.42446,
	5.44649 6.43129,
	5.45014 6.43403,
	5.45333 6.43768,
	5.46747 6.46686,
	5.47111 6.47415,
	5.47978 6.48874,
	5.48114 6.49239,
	5.48206 6.49421,
	5.48935 6.50151,
	5.49665 6.50652,
	5.52583 6.53388,
	5.555 6.55759,
	5.55683 6.56123,
	5.57005 6.57582,
	5.57598 6.58312,
	5.57826 6.58677,
	5.58464 6.59406,
	5.59193 6.6009,
	5.59923 6.60455,
	5.61382 6.61002,
	5.62841 6.61412,
	5.643 6.61914,
	5.65029 6.62233,
	5.66488 6.62643,
	5.67218 6.6278,
	5.67947 6.63099,
	5.73783 6.64284,
	5.74513 6.64467,
	5.75242 6.6474,
	5.76701 6.6547,
	5.7743 6.65789,
	5.80348 6.66063,
	5.80713 6.66108,
	5.81443 6.66336,
	5.82172 6.66473,
	5.83631 6.66564,
	5.8509 6.67339,
	5.86549 6.68205,
	5.88008 6.69254,
	5.88737 6.69801,
	5.89102 6.70075,
	5.9202 6.71807,
	5.9275 6.72126,
	5.93479 6.72354,
	5.94209 6.72491,
	5.94938 6.7281,
	5.95668 6.73312,
	5.97081 6.74771,
	5.974 6.75135,
	5.9781 6.75865,
	5.97902 6.7623,
	5.98722 6.77689,
	5.99224 6.78418,
	5.99816 6.79148,
	6.005 6.79877,
	6.0123 6.80515,
	6.04148 6.82567,
	6.04877 6.83251,
	6.0547 6.8398,
	6.05744 6.84345,
	6.05926 6.85075,
	6.05926 6.85166,
	6.07385 6.86306,
	6.0775 6.86534,
	6.09209 6.87126,
	6.10668 6.874,
	6.11397 6.87537,
	6.12126 6.87582,
	6.12491 6.87628,
	6.1395 6.88357,
	6.1468 6.88631,
	6.15409 6.88722,
	6.16868 6.88449,
	6.18327 6.8854,
	6.19786 6.88722,
	6.21245 6.88813,
	6.21974 6.88904,
	6.22339 6.88904,
	6.23798 6.87856,
	6.24528 6.87263,
	6.25257 6.86853,
	6.25987 6.86351,
	6.26716 6.86214,
	6.27081 6.86306,
	6.27263 6.86306,
	6.27993 6.86898,
	6.28084 6.8699,
	6.28813 6.87081,
	6.31731 6.86807,
	6.32461 6.86807,
	6.32826 6.86853,
	6.34284 6.87445,
	6.35743 6.87856,
	6.36473 6.87993,
	6.36838 6.88084,
	6.37567 6.88403,
	6.37932 6.88585,
	6.38661 6.88722,
	6.39391 6.88768,
	6.39756 6.88859,
	6.4012 6.88859,
	6.4085 6.89178,
	6.41579 6.89634,
	6.41762 6.89771,
	6.42126 6.905,
	6.43129 6.91959,
	6.44862 6.94877,
	6.45637 6.96336,
	6.45819 6.96701,
	6.45956 6.9743,
	6.45956 6.98889,
	6.45728 7.00348,
	6.45546 7.01078,
	6.44132 7.02537,
	6.42856 7.03996,
	6.42491 7.0436,
	6.41762 7.04907,
	6.41397 7.05044,
	6.41032 7.0509,
	6.40303 7.04999,
	6.4012 7.04907,
	6.39756 7.04862,
	6.38297 7.0436,
	6.37932 7.04132,
	6.37202 7.03904,
	6.36838 7.03859,
	6.36108 7.03448,
	6.34649 7.024,
	6.3392 7.01944,
	6.3319 7.01625,
	6.33008 7.01488,
	6.31549 7.01351,
	6.30819 7.01397,
	6.30455 7.01442,
	6.28996 7.02035,
	6.28266 7.02081,
	6.27902 7.01944,
	6.27719 7.01807,
	6.27354 7.0167,
	6.25895 7.00667,
	6.25166 7.00531,
	6.24801 7.00531,
	6.24619 7.00485,
	6.23889 6.99892,
	6.2243 6.98935,
	6.19512 6.97248,
	6.18783 6.96883,
	6.17324 6.96382,
	6.15865 6.96154,
	6.15136 6.96108,
	6.14406 6.96154,
	6.14041 6.96154,
	6.13312 6.9629,
	6.12582 6.96564,
	6.11853 6.96974,
	6.11123 6.97521,
	6.10394 6.97977,
	6.10029 6.9816,
	6.09847 6.98251,
	6.09117 6.98297,
	6.08388 6.98205,
	6.06929 6.97704,
	6.06199 6.97521,
	6.05835 6.9743,
	6.02917 6.97385,
	5.99999 6.9743,
	5.99269 6.97476,
	5.96351 6.97977,
	5.94892 6.98205,
	5.94163 6.98479,
	5.93434 6.98661,
	5.92704 6.98752,
	5.91245 6.98707,
	5.9088 6.98661,
	5.90516 6.98524,
	5.90151 6.98479,
	5.88692 6.97932,
	5.87962 6.97749,
	5.8778 6.97658,
	5.86321 6.97476,
	5.83403 6.9661,
	5.82674 6.96473,
	5.81944 6.96199,
	5.81762 6.96154,
	5.81032 6.96564,
	5.80668 6.96792,
	5.80303 6.96929,
	5.79573 6.96929,
	5.78114 6.97111,
	5.77385 6.97339,
	5.75926 6.97476,
	5.75196 6.97476,
	5.72279 6.97111,
	5.71914 6.97066,
	5.71823 6.96974,
	5.71458 6.96929,
	5.71093 6.96746,
	5.70911 6.96655,
	5.7082 6.96564,
	5.70637 6.96518,
	5.70455 6.96382,
	5.70272 6.96336,
	5.68813 6.95379,
	5.68084 6.94968,
	5.67902 6.94831,
	5.67719 6.94786,
	5.67628 6.94695,
	5.67263 6.94604,
	5.67172 6.94604,
	5.67081 6.94512,
	5.65622 6.94193,
	5.6544 6.94102,
	5.65257 6.94102,
	5.64893 6.93965,
	5.63434 6.94011,
	5.62704 6.94011,
	5.61975 6.9392,
	5.60516 6.93464,
	5.60151 6.93281,
	5.59421 6.93053,
	5.58692 6.92734,
	5.5851 6.92597,
	5.5778 6.92415,
	5.57051 6.92142,
	5.55592 6.91822,
	5.52674 6.91777,
	5.51215 6.91503,
	5.50485 6.91321,
	5.49026 6.91138,
	5.48844 6.91047,
	5.48114 6.91002,
	5.48023 6.91002,
	5.47932 6.90911,
	5.47203 6.90774,
	5.46838 6.90637,
	5.46655 6.905,
	5.43738 6.89497,
	5.42279 6.88996,
	5.41914 6.88813,
	5.41731 6.88768,
	5.41549 6.88631,
	5.41367 6.88585,
	5.41321 6.88494,
	5.38403 6.87901,
	5.36944 6.87628,
	5.36215 6.87491,
	5.35485 6.87263,
	5.34756 6.86944,
	5.34391 6.86762,
	5.32932 6.86306,
	5.31473 6.85941,
	5.30744 6.85759,
	5.30379 6.85713,
	5.30014 6.85576,
	5.29285 6.85485,
	5.2892 6.85439,
	5.27461 6.85622,
	5.26002 6.85531,
	5.25273 6.85303,
	5.22355 6.83798,
	5.21625 6.83433,
	5.21443 6.83342,
	5.19984 6.82066,
	5.19619 6.81792,
	5.19437 6.81701,
	5.18707 6.81063,
	5.18342 6.80743,
	5.15425 6.79284,
	5.1506 6.79102,
	5.14877 6.79011,
	5.13418 6.79148,
	5.13054 6.79193,
	5.12871 6.79239,
	5.12142 6.79056,
	5.09224 6.77643,
	5.07765 6.76914,
	5.07035 6.76503,
	5.06306 6.75956,
	5.05622 6.75227,
	5.05029 6.74497,
	5.03297 6.71579,
	5.01838 6.70211,
	5.01108 6.69482,
	5.00744 6.69117,
	4.99604 6.67658,
	4.99011 6.66929,
	4.96184 6.64011,
	4.95501 6.63281,
	4.94908 6.62552,
	4.94452 6.61822,
	4.9427 6.61458,
	4.94042 6.59999,
	4.93996 6.59269,
	4.93905 6.58905,
	4.93175 6.57446,
	4.92765 6.56716,
	4.90121 6.53798,
	4.88753 6.52339,
	4.88388 6.51974,
	4.87841 6.51245,
	4.87613 6.5088,
	4.87476 6.50698,
	4.84558 6.49193,
	4.83099 6.48418,
	4.82735 6.4819,
	4.81367 6.46777,
	4.80637 6.46093,
	4.79908 6.45774,
	4.7699 6.45272,
	4.76625 6.45181,
	4.75166 6.45318,
	4.74802 6.45363,
	4.73343 6.45819,
	4.70425 6.47005,
	4.69695 6.4737,
	4.6933 6.47506,
	4.66412 6.47962,
	4.64954 6.4819,
	4.62036 6.48965,
	4.60577 6.49421,
	4.59118 6.50014,
	4.58388 6.50287,
	4.5547 6.51746,
	4.54011 6.52567,
	4.53282 6.52795,
	4.50364 6.53342,
	4.49634 6.53525,
	4.43799 6.56443,
	4.4234 6.57218,
	4.39422 6.5936,
	4.36504 6.61777,
	4.35045 6.62871,
	4.34315 6.63464,
	4.32856 6.64512,
	4.32127 6.6506,
	4.31762 6.65333,
	4.28844 6.6702,
	4.27385 6.67749,
	4.25926 6.68388,
	4.25197 6.68661,
	4.23738 6.68935,
	4.22279 6.69072,
	4.19361 6.68525,
	4.17902 6.68023,
	4.12066 6.6506,
	4.09148 6.63555,
	4.08419 6.63145,
	4.0696 6.62005,
	4.04042 6.59087,
	4.01397 6.56169,
	3.98479 6.53388,
	3.97021 6.5202,
	3.96291 6.51382,
	3.90455 6.48418,
	3.88996 6.48008,
	3.87537 6.47461,
	3.87355 6.47415,
	3.86033 6.46002,
	3.85987 6.45911,
	3.86169 6.45546,
	3.87218 6.44087,
	3.87628 6.43357,
	3.87765 6.42993,
	3.87856 6.42263,
	3.8772 6.41534,
	3.87674 6.41169,
	3.86215 6.38251,
	3.85714 6.36792,
	3.85577 6.36427,
	3.85577 6.35698,
	3.85577 6.35333,
	3.85577 6.35242,
	"/>
</Transform>

<Transform dim="0"
 xcoef=" 0 1 0 0 0 0"
 ycoef=" 0 0 1 0 0 0">
<Contour name="d03c22ax11" hidden="false" closed="true" simplified="true" border="0 1 0" fill="0 1 0" mode="9"
 points="2.95435 2.68577,
	3.02394 2.68033,
	3.03264 2.67924,
	3.03698 2.68033,
	3.0533 2.74992,
	3.06199 2.78472,
	3.06308 2.78907,
	3.06308 2.79124,
	3.02829 2.82278,
	3.01089 2.83909,
	3.00219 2.8467,
	2.96087 2.70752,
	2.95543 2.69012,
	2.95435 2.68686,
	"/>
</Transform>

<Transform dim="0"
 xcoef=" 0 1 0 0 0 0"
 ycoef=" 0 0 1 0 0 0">
<Contour name="d07c28ax21" hidden="false" closed="true" simplified="true" border="0 1 0" fill="0 1 0" mode="9"
 points="4.10212 6.68306,
	4.12305 6.65515,
	4.13352 6.64119,
	4.13875 6.63421,
	4.19457 6.64642,
	4.22248 6.65253,
	4.23644 6.65602,
	4.29226 6.62549,
	4.32017 6.60979,
	4.33413 6.60194,
	4.33762 6.60019,
	4.35768 6.62811,
	4.36728 6.64206,
	4.37251 6.64904,
	4.37425 6.65253,
	4.37513 6.6534,
	4.32628 6.70922,
	4.30186 6.73714,
	4.28965 6.75109,
	4.28616 6.75458,
	4.28267 6.75545,
	4.17102 6.7415,
	4.1152 6.6944,
	4.10822 6.68829,
	4.10473 6.68567,
	4.10299 6.68393,
	"/>
</Transform>

<Transform dim="0"
 xcoef=" 0 1 0 0 0 0"
 ycoef=" 0 0 1 0 0 0">
<Contour name="d07" hidden="true" closed="true" simplified="true" border="1 0 1" fill="1 0 1" mode="9"
 points="3.56831 7.52738,
	3.62413 7.48726,
	3.65204 7.46894,
	3.87534 7.33898,
	3.90325 7.3224,
	3.9172 7.31455,
	4.02885 7.23169,
	4.05676 7.21076,
	4.08467 7.19157,
	4.09863 7.18285,
	4.14747 7.0712,
	4.15968 7.04329,
	4.1623 7.03631,
	4.1623 7.02933,
	4.16928 7.02236,
	4.17102 7.02061,
	4.17277 6.96479,
	4.17364 6.93688,
	4.17277 6.90897,
	4.1719 6.89501,
	4.1309 6.83919,
	4.12131 6.82523,
	4.11956 6.79732,
	4.12043 6.76941,
	4.12131 6.76679,
	4.1152 6.75981,
	4.08729 6.7415,
	4.06025 6.71795,
	4.05589 6.71097,
	4.05327 6.70748,
	4.04891 6.69352,
	4.04804 6.67957,
	4.04891 6.67259,
	4.05153 6.6691,
	4.0524 6.66561,
	4.05938 6.65863,
	4.06287 6.65515,
	4.06635 6.6534,
	4.08031 6.65166,
	4.08729 6.65166,
	4.10124 6.66125,
	4.1152 6.67346,
	4.14311 6.7005,
	4.15707 6.7101,
	4.16056 6.71271,
	4.1623 6.71184,
	4.19021 6.72144,
	4.20417 6.7258,
	4.23208 6.72841,
	4.25999 6.71533,
	4.26697 6.71184,
	4.27046 6.7101,
	4.32454 6.65427,
	4.35158 6.62636,
	4.36466 6.61241,
	4.36815 6.60979,
	4.39606 6.61241,
	4.41001 6.61328,
	4.41699 6.61328,
	4.42048 6.61328,
	4.42746 6.61677,
	4.43008 6.61851,
	4.43095 6.64642,
	4.43095 6.66038,
	4.43182 6.66736,
	4.43182 6.67085,
	4.42223 6.6848,
	4.41001 6.69876,
	4.39955 6.72667,
	4.39693 6.73365,
	4.3978 6.7476,
	4.3978 6.75109,
	4.3978 6.75284,
	4.36989 6.77813,
	4.36291 6.78424,
	4.34634 6.81215,
	4.34198 6.81913,
	4.335 6.84704,
	4.33326 6.86099,
	4.33588 6.97264,
	4.33675 7.00055,
	4.335 7.05637,
	4.33413 7.07033,
	4.335 7.08428,
	4.335 7.08777,
	4.33936 7.09475,
	4.36117 7.12266,
	4.37513 7.13575,
	4.38123 7.14272,
	4.38908 7.17064,
	4.39083 7.17761,
	4.3917 7.20552,
	4.3917 7.2125,
	4.38995 7.21599,
	4.3664 7.2439,
	4.33849 7.25873,
	4.33151 7.26222,
	4.28092 7.31804,
	4.26871 7.332,
	4.25999 7.38782,
	4.25737 7.40178,
	4.26086 7.42969,
	4.26261 7.43667,
	4.26261 7.44016,
	4.26697 7.45411,
	4.26784 7.46109,
	4.26784 7.46458,
	4.27744 7.47853,
	4.28267 7.48551,
	4.29052 7.51342,
	4.29662 7.52738,
	4.30011 7.53436,
	4.35506 7.58756,
	4.38298 7.6146,
	4.38995 7.62158,
	4.39344 7.62507,
	4.39868 7.65298,
	4.39955 7.65996,
	4.39693 7.68787,
	4.39606 7.69485,
	4.39519 7.69834,
	4.35855 7.75416,
	4.35419 7.76114,
	4.29924 7.81173,
	4.29226 7.81871,
	4.27831 7.82917,
	4.22248 7.86493,
	4.20853 7.87278,
	4.18062 7.88325,
	4.12479 7.885,
	4.11084 7.885,
	3.99919 7.87017,
	3.97128 7.86581,
	3.94337 7.86319,
	3.92941 7.86144,
	3.87359 7.84487,
	3.85964 7.84138,
	3.85266 7.83702,
	3.79683 7.78382,
	3.78288 7.77073,
	3.75497 7.75416,
	3.74799 7.7498,
	3.69304 7.69485,
	3.67908 7.68089,
	3.67211 7.67479,
	3.61628 7.63641,
	3.6032 7.62507,
	3.58052 7.59716,
	3.57267 7.5832,
	3.56918 7.57622,
	3.56831 7.54831,
	3.56831 7.53436,
	3.56831 7.52825,
	"/>
</Transform>

<Transform dim="0"
 xcoef=" 0 1 0 0 0 0"
 ycoef=" 0 0 1 0 0 0">
<Contour name="ddh_d06ax17" comment="traced by ddh" hidden="false" closed="true" simplified="true" border="0.5 0 1" fill="0.5 0 1" mode="11"
 points="2.50959 6.89557,
	2.51681 6.88274,
	2.52642 6.86992,
	2.53204 6.86351,
	2.55929 6.81221,
	2.5649 6.79939,
	2.57852 6.77374,
	2.58574 6.76091,
	2.59616 6.74809,
	2.60337 6.73526,
	2.61379 6.70961,
	2.6162 6.69679,
	2.617 6.69038,
	2.61459 6.67755,
	2.61379 6.66473,
	2.61299 6.65832,
	2.61539 6.64549,
	2.6194 6.63267,
	2.62501 6.61984,
	2.62742 6.61343,
	2.62902 6.61022,
	2.63143 6.58457,
	2.63223 6.57175,
	2.63303 6.56534,
	2.64265 6.53969,
	2.64265 6.52686,
	2.63623 6.50122,
	2.63383 6.4948,
	2.63463 6.46915,
	2.63784 6.45633,
	2.64345 6.44351,
	2.65227 6.43148,
	2.65868 6.42667,
	2.66188 6.42427,
	2.6683 6.42186,
	2.67471 6.41786,
	2.68753 6.41225,
	2.69394 6.40984,
	2.69715 6.40824,
	2.70998 6.40664,
	2.73562 6.40664,
	2.76127 6.41064,
	2.78692 6.41144,
	2.81257 6.41064,
	2.83822 6.40824,
	2.86387 6.40343,
	2.87669 6.39942,
	2.90234 6.38499,
	2.91517 6.37858,
	2.92158 6.37618,
	2.92479 6.37698,
	2.95043 6.37297,
	2.96326 6.37217,
	2.96486 6.37217,
	2.97127 6.36816,
	2.97769 6.36576,
	2.98089 6.36496,
	2.98731 6.36095,
	2.99051 6.35934,
	2.99692 6.35373,
	3.00013 6.35133,
	3.00654 6.34892,
	3.00975 6.34732,
	3.0354 6.34652,
	3.04822 6.34732,
	3.06105 6.34973,
	3.06425 6.35053,
	3.06746 6.35293,
	3.07066 6.35293,
	3.07387 6.35534,
	3.08669 6.35934,
	3.11234 6.37377,
	3.12517 6.38259,
	3.13799 6.3898,
	3.14441 6.39381,
	3.1957 6.41144,
	3.20212 6.41465,
	3.21414 6.42667,
	3.21975 6.43309,
	3.22776 6.44591,
	3.23097 6.45232,
	3.23177 6.45553,
	3.23578 6.46194,
	3.23818 6.46835,
	3.24219 6.47477,
	3.2478 6.48759,
	3.25502 6.51324,
	3.25502 6.52606,
	3.25502 6.53248,
	3.25502 6.53408,
	3.25341 6.53568,
	3.25021 6.54851,
	3.24941 6.55492,
	3.2462 6.56133,
	3.24299 6.57416,
	3.24219 6.58057,
	3.2446 6.59339,
	3.2462 6.5998,
	3.2462 6.60622,
	3.24379 6.61263,
	3.21093 6.66393,
	3.20692 6.67675,
	3.20532 6.68958,
	3.20692 6.71522,
	3.20692 6.72164,
	3.19891 6.74729,
	3.19731 6.76011,
	3.17887 6.78576,
	3.16204 6.81141,
	3.15162 6.82423,
	3.13879 6.83545,
	3.13318 6.84187,
	3.11555 6.86752,
	3.11074 6.87393,
	3.08509 6.89717,
	3.07227 6.90599,
	3.06906 6.90759,
	3.05624 6.92042,
	3.0362 6.94607,
	3.02979 6.95087,
	3.02818 6.95087,
	3.02498 6.95328,
	3.01215 6.95568,
	3.00574 6.95729,
	3.00253 6.95809,
	2.99933 6.96049,
	2.99612 6.96129,
	2.99051 6.96771,
	2.9865 6.97412,
	2.9841 6.98053,
	2.9825 6.98213,
	2.98169 6.98534,
	2.97127 6.99816,
	2.94563 7.02061,
	2.93921 7.02702,
	2.93601 7.02942,
	2.91036 7.03664,
	2.89753 7.03904,
	2.89112 7.04145,
	2.88471 7.04546,
	2.87188 7.04946,
	2.85906 7.05026,
	2.84624 7.04946,
	2.83341 7.04626,
	2.827 7.04546,
	2.82379 7.04465,
	2.82059 7.04225,
	2.79494 7.03423,
	2.76929 7.02782,
	2.75646 7.02381,
	2.75005 7.02141,
	2.73723 7.01981,
	2.7244 7.02061,
	2.71158 7.02301,
	2.69875 7.02702,
	2.68593 7.02622,
	2.67952 7.02622,
	2.6731 7.02381,
	2.66669 7.01981,
	2.65387 7.00698,
	2.64104 6.99816,
	2.62822 6.99095,
	2.62181 6.98694,
	2.6178 6.98053,
	2.61539 6.97412,
	2.61139 6.96771,
	2.60017 6.95568,
	2.58734 6.94927,
	2.58093 6.94687,
	2.55528 6.94526,
	2.54887 6.94286,
	2.53604 6.94045,
	2.52963 6.93805,
	2.52322 6.93404,
	2.512 6.92122,
	2.50959 6.91481,
	2.50959 6.90198,
	2.50959 6.89637,
	"/>
</Transform>

<Transform dim="0"
 xcoef=" 0 1 0 0 0 0"
 ycoef=" 0 0 1 0 0 0">
<Contour name="ddh_d06ax18" comment="traced by ddh" hidden="false" closed="true" simplified="true" border="1 0 0.5" fill="1 0 0.5" mode="11"
 points="3.33889 8.1328,
	3.34286 8.12429,
	3.34399 8.12202,
	3.34513 8.12088,
	3.34513 8.11975,
	3.34853 8.11578,
	3.35761 8.10897,
	3.35988 8.10727,
	3.36101 8.10727,
	3.36328 8.10557,
	3.36555 8.105,
	3.36782 8.1033,
	3.37633 8.09933,
	3.37803 8.09763,
	3.3803 8.09706,
	3.38937 8.09082,
	3.39051 8.08968,
	3.39278 8.08912,
	3.39732 8.08628,
	3.40412 8.0772,
	3.40582 8.07494,
	3.40696 8.0738,
	3.40753 8.07153,
	3.4149 8.06472,
	3.41887 8.06075,
	3.42114 8.05962,
	3.42171 8.05848,
	3.42398 8.05792,
	3.42568 8.05622,
	3.42681 8.05622,
	3.43135 8.05338,
	3.43249 8.05224,
	3.43475 8.05168,
	3.43589 8.05054,
	3.43702 8.05054,
	3.4461 8.04544,
	3.45518 8.04203,
	3.45631 8.04203,
	3.45744 8.0409,
	3.46198 8.03976,
	3.46312 8.03976,
	3.46425 8.03863,
	3.47333 8.03579,
	3.4824 8.03466,
	3.48694 8.03296,
	3.49602 8.03126,
	3.49829 8.03012,
	3.51644 8.02672,
	3.52552 8.02729,
	3.52779 8.02899,
	3.52892 8.02899,
	3.53346 8.03239,
	3.53686 8.03693,
	3.53856 8.04147,
	3.5397 8.0426,
	3.54083 8.05168,
	3.5397 8.06983,
	3.53913 8.0721,
	3.53913 8.07323,
	3.538 8.07437,
	3.53686 8.07891,
	3.53686 8.08344,
	3.5397 8.09252,
	3.54026 8.09479,
	3.5414 8.09592,
	3.54083 8.105,
	3.5397 8.10954,
	3.53346 8.11805,
	3.52495 8.12599,
	3.52155 8.12939,
	3.51814 8.13393,
	3.51701 8.13847,
	3.51417 8.14301,
	3.51247 8.14754,
	3.50509 8.15605,
	3.50056 8.15889,
	3.49829 8.16059,
	3.49715 8.16059,
	3.49488 8.16229,
	3.49262 8.16286,
	3.49148 8.16399,
	3.48694 8.1657,
	3.46879 8.16513,
	3.45064 8.16683,
	3.44837 8.16797,
	3.43929 8.1691,
	3.43022 8.1691,
	3.41206 8.16626,
	3.39391 8.16626,
	3.38484 8.16683,
	3.3803 8.16797,
	3.37122 8.16797,
	3.35307 8.16399,
	3.3508 8.16343,
	3.34626 8.16059,
	3.34286 8.15719,
	3.34002 8.14811,
	3.33889 8.14584,
	3.33889 8.13677,
	3.33889 8.1345,
	3.33889 8.13336,
	"/>
</Transform>

<Transform dim="0"
 xcoef=" 0 1 0 0 0 0"
 ycoef=" 0 0 1 0 0 0">
<Contour name="ddh_d07ax26" comment="traced by ddh" hidden="false" closed="true" simplified="true" border="0.5 0 1" fill="0.5 0 1" mode="11"
 points="4.64545 7.47765,
	"/>
</Transform>

<Transform dim="0"
 xcoef=" 0 1 0 0 0 0"
 ycoef=" 0 0 1 0 0 0">
<Contour name="ddh_d07ax26" comment="traced by ddh" hidden="false" closed="true" simplified="true" border="0.5 0 1" fill="0.5 0 1" mode="11"
 points="4.20597 8.24228,
	4.21405 8.22074,
	4.22011 8.19919,
	4.22213 8.18842,
	4.22281 8.18303,
	4.23223 8.16149,
	4.2356 8.1561,
	4.2457 8.14533,
	4.2558 8.12379,
	4.2632 8.10224,
	4.26522 8.09147,
	4.26455 8.0807,
	4.25849 8.06992,
	4.25108 8.05915,
	4.24906 8.05376,
	4.2457 8.04838,
	4.24435 8.03761,
	4.24637 8.02683,
	4.24974 8.01606,
	4.25512 8.00529,
	4.26253 7.99452,
	4.26455 7.98913,
	4.26455 7.98374,
	4.26522 7.98105,
	4.26253 7.97028,
	4.25782 7.95951,
	4.25445 7.95412,
	4.2531 7.95143,
	4.2531 7.94604,
	4.25243 7.94335,
	4.25512 7.93257,
	4.25647 7.92719,
	4.25647 7.92449,
	4.27128 7.90295,
	4.27532 7.89756,
	4.2834 7.87602,
	4.28677 7.86525,
	4.29148 7.85447,
	4.29821 7.8437,
	4.30225 7.83831,
	4.3036 7.82754,
	4.30293 7.82216,
	4.29889 7.81138,
	4.29956 7.806,
	4.30495 7.79523,
	4.31437 7.78445,
	4.32514 7.77839,
	4.33053 7.7757,
	4.33524 7.77166,
	4.34534 7.75012,
	4.34871 7.73934,
	4.34938 7.73396,
	4.3514 7.72857,
	4.35477 7.72318,
	4.37429 7.70164,
	4.39584 7.68077,
	4.40123 7.67673,
	4.412 7.65518,
	4.42748 7.63364,
	4.44432 7.61209,
	4.45307 7.60132,
	4.47461 7.58112,
	4.48539 7.57102,
	4.49616 7.56496,
	4.50154 7.56294,
	4.50693 7.56227,
	4.50962 7.56227,
	4.5204 7.5589,
	4.53117 7.55419,
	4.55271 7.5414,
	4.5581 7.53736,
	4.56012 7.53534,
	4.60321 7.52457,
	4.6086 7.52322,
	4.61937 7.51514,
	4.62408 7.50975,
	4.63687 7.48821,
	4.64024 7.48282,
	4.64495 7.47811,
	4.65572 7.47272,
	4.66582 7.46195,
	4.67323 7.45118,
	4.67458 7.44579,
	4.67592 7.4431,
	4.6766 7.42156,
	4.67727 7.41617,
	4.68266 7.4054,
	4.69141 7.39462,
	4.70218 7.3852,
	4.71295 7.37779,
	4.72373 7.37645,
	4.7345 7.37847,
	4.75604 7.38856,
	4.76682 7.39395,
	4.77759 7.40203,
	4.78836 7.41146,
	4.79105 7.41415,
	4.79644 7.4155,
	4.81799 7.41684,
	4.82337 7.41482,
	4.83347 7.40405,
	4.84424 7.39799,
	4.84559 7.39732,
	4.86713 7.40405,
	4.87791 7.40944,
	4.88733 7.42021,
	4.8907 7.43098,
	4.9008 7.45253,
	4.90416 7.45791,
	4.90955 7.46195,
	4.92032 7.46599,
	4.9311 7.46666,
	4.94187 7.46868,
	4.94725 7.47205,
	4.95735 7.48148,
	4.97553 7.50235,
	4.99708 7.52053,
	5.01862 7.53601,
	5.02939 7.54477,
	5.03478 7.55015,
	5.03747 7.55284,
	5.04286 7.56362,
	5.04488 7.58516,
	5.04353 7.60671,
	5.04353 7.61748,
	5.04286 7.62287,
	5.03209 7.64441,
	5.02603 7.65518,
	5.02266 7.66057,
	5.01324 7.67134,
	4.99775 7.69289,
	4.99438 7.69827,
	4.97284 7.71578,
	4.96207 7.72318,
	4.95803 7.72857,
	4.95601 7.73396,
	4.95533 7.73934,
	4.95668 7.75012,
	4.95129 7.76089,
	4.9486 7.76627,
	4.94187 7.80936,
	4.93042 7.83091,
	4.92302 7.84168,
	4.91426 7.85245,
	4.90349 7.86323,
	4.89272 7.87131,
	4.88195 7.87737,
	4.8604 7.88208,
	4.83886 7.8841,
	4.79577 7.88544,
	4.78499 7.88679,
	4.77422 7.89218,
	4.76345 7.89958,
	4.7547 7.91036,
	4.74392 7.92113,
	4.73315 7.92719,
	4.71161 7.93055,
	4.69006 7.93257,
	4.67929 7.93661,
	4.6362 7.95681,
	4.61465 7.97028,
	4.59311 7.98172,
	4.58234 7.98778,
	4.57156 7.99519,
	4.55002 8.01269,
	4.53992 8.02347,
	4.52309 8.06656,
	4.51905 8.07733,
	4.50895 8.0881,
	4.50356 8.09349,
	4.49346 8.10224,
	4.46249 8.14533,
	4.45105 8.16688,
	4.44566 8.17765,
	4.43691 8.19919,
	4.41469 8.24228,
	4.39853 8.26383,
	4.39113 8.2746,
	4.3514 8.31769,
	4.31033 8.36011,
	4.28879 8.37559,
	4.27802 8.38367,
	4.27263 8.38771,
	4.26994 8.38973,
	4.24839 8.39444,
	4.2457 8.39512,
	4.23493 8.39175,
	4.22415 8.383,
	4.21944 8.37761,
	4.21271 8.36684,
	4.21136 8.36415,
	4.21001 8.35337,
	4.20934 8.35068,
	4.21136 8.33991,
	4.21607 8.32914,
	4.21809 8.31836,
	4.21877 8.30759,
	4.21809 8.29682,
	4.21809 8.29143,
	4.21338 8.28066,
	4.20732 8.25911,
	4.20597 8.24834,
	4.20597 8.24296,
	"/>
</Transform>

<Transform dim="0"
 xcoef=" 0 1 0 0 0 0"
 ycoef=" 0 0 1 0 0 0">
<Contour name="d07c27" hidden="true" closed="true" simplified="true" border="1 0 0" fill="0 1 0" mode="9"
 points="3.80843 6.9316,
	3.81052 6.92224,
	3.81274 6.91755,
	3.85019 6.91689,
	3.86892 6.91656,
	3.87834 6.91872,
	3.88327 6.92795,
	3.88192 6.96524,
	3.86596 6.98182,
	3.85679 6.98898,
	3.85223 6.99371,
	3.83345 6.99172,
	3.82402 6.98956,
	3.80955 6.97351,
	3.80856 6.93626,
	3.80849 6.93393,
	"/>
</Transform>

<Transform dim="0"
 xcoef=" 0 1 0 0 0 0"
 ycoef=" 0 0 1 0 0 0">
<Contour name="ddh_d07ax27" comment="traced by ddh" hidden="false" closed="true" simplified="true" border="1 0 0.5" fill="1 0 0.5" mode="11"
 points="3.71131 6.74881,
	3.71486 6.73619,
	3.71959 6.72356,
	3.72157 6.71724,
	3.72433 6.71093,
	3.72591 6.70777,
	3.72867 6.70461,
	3.73025 6.70303,
	3.7338 6.69672,
	3.73814 6.69041,
	3.75195 6.66515,
	3.75235 6.66357,
	3.75866 6.65726,
	3.76182 6.6541,
	3.7634 6.65252,
	3.76498 6.65173,
	3.76813 6.65134,
	3.77445 6.64857,
	3.77761 6.64739,
	3.78392 6.64621,
	3.78708 6.64542,
	3.78866 6.64463,
	3.79181 6.64423,
	3.79339 6.64305,
	3.79379 6.64226,
	3.79694 6.64187,
	3.80326 6.63752,
	3.80641 6.63595,
	3.81273 6.63397,
	3.82536 6.62845,
	3.83799 6.62411,
	3.85061 6.62332,
	3.85693 6.62292,
	3.86956 6.62411,
	3.87587 6.6245,
	3.8885 6.63121,
	3.89166 6.63358,
	3.89797 6.63713,
	3.90429 6.64147,
	3.9106 6.64463,
	3.92323 6.64857,
	3.92954 6.65055,
	3.93586 6.65134,
	3.94217 6.65134,
	3.94849 6.64936,
	3.9548 6.64897,
	3.96743 6.65015,
	3.97059 6.65055,
	3.98322 6.65568,
	3.98953 6.65844,
	4.00216 6.66239,
	4.01479 6.66791,
	4.01794 6.6691,
	4.0211 6.67107,
	4.02426 6.67383,
	4.02663 6.67699,
	4.02742 6.67857,
	4.03018 6.68172,
	4.03176 6.6833,
	4.03334 6.68646,
	4.03452 6.68804,
	4.0357 6.6912,
	4.03768 6.69435,
	4.04241 6.70698,
	4.04833 6.71961,
	4.05228 6.72592,
	4.05425 6.72908,
	4.06017 6.73461,
	4.06333 6.73737,
	4.06964 6.74053,
	4.07596 6.74447,
	4.08859 6.74763,
	4.10121 6.7496,
	4.11384 6.75079,
	4.117 6.75079,
	4.12331 6.75197,
	4.12489 6.75237,
	4.13121 6.7571,
	4.13397 6.75986,
	4.13476 6.76065,
	4.13555 6.76697,
	4.13357 6.7796,
	4.13239 6.78275,
	4.12292 6.79538,
	4.11779 6.8017,
	4.117 6.80249,
	4.11582 6.8088,
	4.11503 6.81196,
	4.11897 6.82459,
	4.11976 6.82774,
	4.12016 6.83406,
	4.11897 6.83721,
	4.11897 6.83879,
	4.117 6.84195,
	4.11542 6.84353,
	4.11503 6.84511,
	4.10911 6.85063,
	4.10753 6.85221,
	4.10595 6.853,
	4.10279 6.85616,
	4.09964 6.85813,
	4.09372 6.86444,
	4.09056 6.8676,
	4.08977 6.86839,
	4.08898 6.86839,
	4.07635 6.87826,
	4.07004 6.88299,
	4.06372 6.88576,
	4.05741 6.88931,
	4.05425 6.89089,
	4.04794 6.89246,
	4.04478 6.89365,
	4.03215 6.89483,
	4.02584 6.89523,
	4.01952 6.89444,
	4.00689 6.89128,
	4.00058 6.88931,
	3.99742 6.88812,
	3.98479 6.88654,
	3.98164 6.88615,
	3.96901 6.88852,
	3.95638 6.89207,
	3.95007 6.89483,
	3.94375 6.89838,
	3.93744 6.90273,
	3.93112 6.90628,
	3.92797 6.90904,
	3.90271 6.92206,
	3.89639 6.92561,
	3.89008 6.92996,
	3.88376 6.93272,
	3.87114 6.93351,
	3.86482 6.93351,
	3.86166 6.93311,
	3.85535 6.93114,
	3.85219 6.92996,
	3.84588 6.92877,
	3.84272 6.92877,
	3.83956 6.92719,
	3.83325 6.92601,
	3.83009 6.92561,
	3.82378 6.92364,
	3.82062 6.92285,
	3.81431 6.9193,
	3.81115 6.91733,
	3.80957 6.91654,
	3.80641 6.91378,
	3.80484 6.9122,
	3.80089 6.90588,
	3.79892 6.90273,
	3.79773 6.90036,
	3.79536 6.88773,
	3.79458 6.8751,
	3.79418 6.87194,
	3.79339 6.87036,
	3.793 6.85774,
	3.793 6.85182,
	3.79655 6.83958,
	3.79892 6.83327,
	3.79971 6.83011,
	3.8001 6.82853,
	3.79892 6.82222,
	3.79734 6.81906,
	3.79655 6.81748,
	3.79023 6.81196,
	3.78708 6.80919,
	3.78076 6.80525,
	3.77445 6.80249,
	3.77129 6.80051,
	3.7705 6.79972,
	3.76734 6.79933,
	3.76577 6.79933,
	3.75945 6.79617,
	3.75314 6.7942,
	3.74998 6.79301,
	3.74682 6.79104,
	3.74367 6.78986,
	3.74209 6.78946,
	3.7413 6.78946,
	3.73814 6.78709,
	3.73656 6.78591,
	3.73498 6.78552,
	3.73222 6.78275,
	3.72591 6.77841,
	3.71446 6.76618,
	3.71209 6.75986,
	3.71131 6.75671,
	3.71131 6.75039,
	3.71131 6.74921,
	"/>
</Transform>

</Section>