<?xml version="1.0"?>
<!DOCTYPE Section SYSTEM "section.dtd">

<Section index="80" thickness="0.045" alignLocked="true">
<Transform dim="1"
 xcoef=" 3.68999999999996 1 0 0 0 0"
 ycoef=" 2.47999999999999 0 1 0 0 0">
<Contour name="D04" hidden="false" closed="true" simplified="true" border="1 0 0" fill="1 0 0" mode="11"
 points="5.46492 7.32996,
	5.46778 7.29096,
	5.47628 7.25281,
	5.49024 7.21634,
	5.50936 7.18235,
	5.53323 7.15158,
	5.56131 7.1247,
	5.59299 7.1023,
	5.6276 7.08487,
	5.66436 7.07278,
	5.70248 7.0663,
	5.74113 7.06558,
	5.77947 7.07063,
	5.81665 7.08133,
	5.85186 7.09746,
	5.88435 7.11866,
	5.91339 7.14447,
	5.93836 7.17432,
	5.95871 7.20758,
	5.97399 7.2435,
	5.98388 7.28131,
	5.98816 7.32018,
	5.98673 7.35926,
	5.97963 7.39771,
	5.96701 7.43467,
	5.94914 7.46936,
	5.92642 7.501,
	5.89934 7.52891,
	5.86849 7.55248,
	5.83455 7.57119,
	5.79825 7.58464,
	5.76039 7.59254,
	5.72179 7.59471,
	5.6833 7.5911,
	5.64576 7.58179,
	5.60998 7.56699,
	5.57674 7.54702,
	5.54678 7.52231,
	5.52073 7.49341,
	5.49918 7.46094,
	5.48259 7.42562,
	5.47133 7.3882,
	"/>
</Transform>

<Transform dim="1"
 xcoef=" 0.54 1 0 0 0 0"
 ycoef=" -0.13 0 1 0 0 0">
<Contour name="D05" hidden="false" closed="true" simplified="true" border="1 1 0" fill="1 1 0" mode="11"
 points="2.69299 3.97404,
	2.70475 3.90163,
	2.73888 3.83632,
	2.79205 3.78448,
	2.85904 3.7512,
	2.93329 3.73974,
	3.00755 3.7512,
	3.07454 3.78448,
	3.12771 3.83632,
	3.16184 3.90163,
	3.1736 3.97404,
	3.16184 4.04644,
	3.12771 4.11175,
	3.07454 4.16359,
	3.00755 4.19687,
	2.93329 4.20833,
	2.85904 4.19687,
	2.79205 4.16359,
	2.73888 4.11175,
	"/>
</Transform>

<Transform dim="0"
 xcoef=" 0 1 0 0 0 0"
 ycoef=" 0 0 1 0 0 0">
<Contour name="d01" hidden="false" closed="true" simplified="true" border="1 0.5 0" fill="1 0.5 0" mode="-11"
 points="4.906 2.65918,
	4.91128 2.57459,
	4.92186 2.5323,
	4.92186 2.52172,
	4.93243 2.51115,
	4.93772 2.46886,
	4.93772 2.44771,
	4.95886 2.40542,
	4.97472 2.32083,
	4.98001 2.27854,
	4.98001 2.25739,
	5.00116 2.24153,
	5.01173 2.24153,
	5.17561 2.10937,
	5.20205 2.06707,
	5.22848 1.98249,
	5.24434 1.94019,
	5.24963 1.92962,
	5.21791 1.88733,
	5.21262 1.84504,
	5.22319 1.80274,
	5.23905 1.78688,
	5.28135 1.80803,
	5.32364 1.85032,
	5.35536 1.88733,
	5.37651 1.90319,
	5.38708 1.91376,
	5.42937 1.92433,
	5.43995 1.93491,
	5.52453 1.95077,
	5.56683 1.97191,
	5.58797 1.99306,
	5.59326 2.01421,
	5.58797 2.03535,
	5.56683 2.04593,
	5.57211 2.13051,
	5.56683 2.2151,
	5.56683 2.25739,
	5.56683 2.27854,
	5.59326 2.32083,
	5.61441 2.33669,
	5.63555 2.34198,
	5.6567 2.35784,
	5.66199 2.40013,
	5.6567 2.44242,
	5.66199 2.48472,
	5.66727 2.50586,
	5.70956 2.54287,
	5.73071 2.62746,
	5.736 2.6486,
	5.72014 2.6909,
	5.6937 2.72262,
	5.68313 2.76491,
	5.67256 2.78606,
	5.66199 2.78606,
	5.65141 2.8072,
	5.63555 2.81778,
	5.60383 2.85478,
	5.56154 2.8495,
	5.51925 2.85478,
	5.50867 2.86536,
	5.46638 2.87593,
	5.44523 2.8865,
	5.40294 2.89179,
	5.38708 2.90765,
	5.38708 2.94994,
	5.38708 2.96052,
	5.36593 2.9658,
	5.32364 2.94466,
	5.30249 2.93408,
	5.2602 2.93408,
	5.23905 2.93937,
	5.22848 2.93937,
	5.18619 2.97637,
	5.17561 2.99223,
	5.15447 3.00809,
	5.06988 3.02395,
	5.04874 3.01867,
	5.03816 3.01867,
	5.00116 2.98166,
	4.9853 2.96052,
	4.95886 2.87593,
	4.943 2.83364,
	4.906 2.79134,
	4.91128 2.74905,
	4.91657 2.7279,
	4.906 2.68561,
	4.906 2.66446,
	"/>
</Transform>

<Transform dim="0"
 xcoef=" 0 1 0 0 0 0"
 ycoef=" 0 0 1 0 0 0">
<Contour name="d02" hidden="false" closed="true" simplified="true" border="0.5 0 1" fill="0.5 0 1" mode="9"
 points="3.58446 5.83648,
	3.60948 5.81771,
	3.622 5.81771,
	3.67204 5.78018,
	3.69081 5.75516,
	3.70957 5.70511,
	3.72209 5.68009,
	3.76587 5.66758,
	3.79715 5.56749,
	3.7909 5.51744,
	3.72209 5.41735,
	3.72209 5.40484,
	3.6783 5.36105,
	3.64702 5.31726,
	3.63451 5.29224,
	3.63451 5.19215,
	3.64702 5.14211,
	3.68455 5.17964,
	3.70957 5.19215,
	3.74711 5.2422,
	3.75336 5.34229,
	3.75962 5.39233,
	3.8472 5.48617,
	3.87222 5.53621,
	3.88473 5.58626,
	3.89099 5.61128,
	3.93478 5.65507,
	3.94103 5.70511,
	4.04112 5.71762,
	4.09117 5.73013,
	4.11619 5.7489,
	4.12244 5.77392,
	4.10368 5.79269,
	3.9035 5.79895,
	3.85345 5.8052,
	3.80966 5.83648,
	3.7909 5.8615,
	3.74085 5.88652,
	3.69081 5.88652,
	3.64076 5.86776,
	3.59072 5.8615,
	3.58446 5.84274,
	"/>
<Contour name="d02" hidden="false" closed="true" simplified="true" border="0.5 0 1" fill="0.5 0 1" mode="9"
 points="4.15998 6.13049,
	4.185 6.11173,
	4.23504 6.09922,
	4.26007 6.09922,
	4.31011 6.08045,
	4.4102 6.07419,
	4.61038 5.98036,
	4.6354 5.96785,
	4.67919 5.9178,
	4.70422 5.89278,
	4.90439 5.83022,
	5.00448 5.79895,
	5.05453 5.78643,
	5.15462 5.8052,
	5.25471 5.86776,
	5.3548 5.94908,
	5.40484 5.98036,
	5.42987 6.00538,
	5.45489 6.01789,
	5.47365 6.04291,
	5.47991 6.06794,
	5.4674 6.11798,
	5.44863 6.143,
	5.24845 6.14926,
	5.19841 6.143,
	5.14836 6.16177,
	5.09832 6.16177,
	5.0733 6.16803,
	5.04827 6.1993,
	5.02325 6.29939,
	4.99823 6.34944,
	4.95444 6.39948,
	4.92942 6.42451,
	4.89814 6.47455,
	4.84809 6.48081,
	4.82307 6.48081,
	4.77303 6.44953,
	4.76052 6.44327,
	4.73549 6.44953,
	4.68545 6.43076,
	4.6354 6.42451,
	4.53531 6.45578,
	4.48527 6.46204,
	4.46025 6.47455,
	4.44774 6.47455,
	4.39769 6.51834,
	4.38518 6.53085,
	4.36016 6.53085,
	4.33513 6.51209,
	4.31637 6.46204,
	4.31011 6.43702,
	4.32262 6.38697,
	4.33513 6.36195,
	4.33513 6.31191,
	4.28509 6.21182,
	4.185 6.1993,
	4.15998 6.17428,
	4.15998 6.14926,
	4.15998 6.13675,
	"/>
</Transform>

<Transform dim="0"
 xcoef=" 0 1 0 0 0 0"
 ycoef=" 0 0 1 0 0 0">
<Contour name="d02" hidden="false" closed="true" simplified="true" border="0.5 0 1" fill="0.5 0 1" mode="9"
 points="3.86336 6.33847,
	3.87249 6.30194,
	3.93186 6.24257,
	4.00493 6.2106,
	4.07799 6.16037,
	4.09626 6.15124,
	4.11452 6.15124,
	4.12366 6.1558,
	4.12366 6.16494,
	4.14192 6.16494,
	4.16019 6.17407,
	4.19216 6.20604,
	4.18302 6.24257,
	4.18302 6.2517,
	4.15106 6.28824,
	4.13736 6.32477,
	4.13736 6.3613,
	4.13736 6.37043,
	4.06429 6.39783,
	4.02776 6.41153,
	3.95469 6.4161,
	3.91816 6.40697,
	3.88163 6.37957,
	3.86336 6.36587,
	3.86336 6.3476,
	3.86336 6.34303,
	"/>
</Transform>

<Transform dim="0"
 xcoef=" 0 1 0 0 0 0"
 ycoef=" 0 0 1 0 0 0">
<Contour name="d02c07b" hidden="false" closed="true" simplified="true" border="0 1 0" fill="0 1 0" mode="9"
 points="3.75763 5.85121,
	3.76664 5.8422,
	3.76964 5.81817,
	3.76964 5.80615,
	3.78166 5.79414,
	3.82972 5.77311,
	3.87778 5.75809,
	3.92584 5.75509,
	3.94987 5.75509,
	3.96188 5.75509,
	3.96789 5.75509,
	3.9799 5.7671,
	3.98291 5.77912,
	3.97389 5.78813,
	3.92584 5.79414,
	3.90181 5.79714,
	3.85375 5.81516,
	3.82972 5.82417,
	3.82371 5.82417,
	3.8177 5.83018,
	3.8117 5.83018,
	3.78767 5.8482,
	3.76364 5.86022,
	3.75763 5.85721,
	3.75763 5.85421,
	"/>
</Transform>

<Transform dim="0"
 xcoef=" 0 1 0 0 0 0"
 ycoef=" 0 0 1 0 0 0">
<Contour name="d02cfa07b" hidden="false" closed="false" simplified="false" border="0 1 1" fill="0 1 1" mode="9"
 points="3.98091 5.77387,
	3.93285 5.76787,
	3.8908 5.77087,
	3.84274 5.78289,
	3.78867 5.81893,
	3.76464 5.85497,
	"/>
</Transform>

<Transform dim="0"
 xcoef=" 0 1 0 0 0 0"
 ycoef=" 0 0 1 0 0 0">
<Contour name="d02" hidden="false" closed="true" simplified="true" border="0.5 0 1" fill="0.5 0 1" mode="9"
 points="3.84725 6.43414,
	3.85718 6.40768,
	3.87041 6.40106,
	3.88364 6.40106,
	3.9101 6.4176,
	3.93657 6.42422,
	3.9895 6.4176,
	4.04243 6.4176,
	4.06889 6.41429,
	4.09205 6.43414,
	4.08874 6.44737,
	4.06227 6.47053,
	4.02919 6.52015,
	4.01596 6.54661,
	3.99281 6.56315,
	3.96634 6.56977,
	3.95311 6.57639,
	3.92665 6.57639,
	3.91341 6.57639,
	3.89026 6.55654,
	3.88033 6.54992,
	3.87041 6.53669,
	3.86379 6.53007,
	3.86048 6.47715,
	3.85056 6.46391,
	3.84725 6.43745,
	"/>
</Transform>

<Transform dim="0"
 xcoef=" 0 1 0 0 0 0"
 ycoef=" 0 0 1 0 0 0">
<Contour name="d02c44a" hidden="false" closed="true" simplified="true" border="0 1 0" fill="0 1 0" mode="9"
 points="4.00604 6.54992,
	4.04243 6.49699,
	4.08543 6.44737,
	4.09205 6.44737,
	4.09536 6.47384,
	4.09205 6.48707,
	4.03912 6.54,
	4.02589 6.54992,
	4.01927 6.55654,
	4.00604 6.55323,
	"/>
</Transform>

<Transform dim="0"
 xcoef=" 0 1 0 0 0 0"
 ycoef=" 0 0 1 0 0 0">
<Contour name="d02cfa44a" hidden="false" closed="false" simplified="false" border="0 1 1" fill="0 1 1" mode="9"
 points="4.08737 6.44803,
	4.01791 6.55058,
	"/>
</Transform>

<Transform dim="0"
 xcoef=" 0 1 0 0 0 0"
 ycoef=" 0 0 1 0 0 0">
<Contour name="d03" hidden="false" closed="true" simplified="true" border="0 1 0" fill="0 1 0" mode="9"
 points="3.16443 2.29099,
	3.23602 2.21462,
	3.25988 2.17644,
	3.2742 2.15735,
	3.27897 2.1478,
	3.31716 2.112,
	3.3267 2.10484,
	3.36489 2.10007,
	3.44125 2.16212,
	3.51762 2.21939,
	3.5916 2.29099,
	3.54148 2.36735,
	3.51762 2.40554,
	3.51046 2.41508,
	3.51046 2.49145,
	3.50807 2.52963,
	3.49853 2.54872,
	3.49375 2.55827,
	3.49137 2.56065,
	3.47228 2.54872,
	3.46273 2.54156,
	3.4508 2.50338,
	3.44603 2.48429,
	3.44125 2.47474,
	3.40307 2.43656,
	3.38398 2.41747,
	3.30761 2.39838,
	3.26943 2.39122,
	3.25034 2.38644,
	3.24079 2.38406,
	3.23602 2.38406,
	3.19784 2.35303,
	3.17874 2.33872,
	3.1692 2.33156,
	3.16443 2.29337,
	"/>
</Transform>

<Transform dim="0"
 xcoef=" 0 1 0 0 0 0"
 ycoef=" 0 0 1 0 0 0">
<Contour name="d03c04b" hidden="false" closed="true" simplified="true" border="1 0 0" fill="1 0 0" mode="9"
 points="3.14637 2.19447,
	3.16091 2.1654,
	3.16817 2.15087,
	3.2263 2.10364,
	3.24084 2.0891,
	3.2699 2.0782,
	3.29897 2.08184,
	3.32803 2.1109,
	3.33167 2.16904,
	3.33167 2.1763,
	3.30623 2.20537,
	3.29534 2.2199,
	3.27354 2.23807,
	3.2481 2.2635,
	3.21904 2.28167,
	3.18997 2.28893,
	3.16091 2.28893,
	3.15364 2.28893,
	3.14637 2.28167,
	3.14637 2.22353,
	3.14637 2.1981,
	"/>
<Contour name="d03cfa04b" hidden="false" closed="false" simplified="false" border="0 1 1" fill="0 1 1" mode="9"
 points="3.15208 2.28186,
	3.17025 2.24553,
	3.24655 2.1656,
	3.32284 2.10383,
	"/>
</Transform>

<Transform dim="0"
 xcoef=" 0 1 0 0 0 0"
 ycoef=" 0 0 1 0 0 0">
<Contour name="d06" hidden="false" closed="true" simplified="true" border="0 0 1" fill="0 0 1" mode="9"
 points="1.77792 7.42381,
	1.78907 7.40152,
	1.83366 7.3625,
	1.85317 7.31791,
	1.86989 7.29841,
	1.95906 7.24825,
	2.00365 7.22317,
	2.02594 7.21481,
	2.07053 7.21481,
	2.09282 7.22317,
	2.13741 7.22595,
	2.182 7.22317,
	2.22659 7.20366,
	2.23773 7.19809,
	2.28232 7.20087,
	2.29625 7.22038,
	2.34084 7.22317,
	2.36313 7.23153,
	2.38543 7.23431,
	2.39658 7.23989,
	2.48296 7.32627,
	2.48575 7.37086,
	2.49411 7.41545,
	2.4969 7.4266,
	2.50526 7.43774,
	2.50804 7.44889,
	2.53034 7.4684,
	2.54148 7.47954,
	2.54706 7.48512,
	2.54706 7.57429,
	2.50526 7.61609,
	2.48296 7.63281,
	2.47739 7.63281,
	2.47182 7.64396,
	2.45231 7.66068,
	2.40772 7.66068,
	2.38543 7.65789,
	2.37428 7.65511,
	2.36871 7.65232,
	2.34641 7.66625,
	2.32412 7.68576,
	2.31297 7.69412,
	2.3074 7.70527,
	2.3074 7.72756,
	2.31855 7.74985,
	2.32412 7.75543,
	2.4133 7.76379,
	2.45788 7.76379,
	2.48018 7.76379,
	2.50247 7.77215,
	2.50247 7.81674,
	2.48575 7.83903,
	2.44116 7.86968,
	2.41887 7.88362,
	2.39658 7.89198,
	2.3074 7.89198,
	2.26281 7.8864,
	2.17364 7.86132,
	2.15134 7.85575,
	2.10676 7.83067,
	2.06217 7.79444,
	1.97299 7.71363,
	1.92841 7.68576,
	1.90611 7.66904,
	1.89497 7.66347,
	1.88661 7.65232,
	1.87546 7.64675,
	1.83087 7.60495,
	1.81973 7.59659,
	1.80858 7.57429,
	1.80858 7.5297,
	1.80579 7.50741,
	1.7835 7.46282,
	1.77792 7.45168,
	1.77792 7.42938,
	1.77792 7.4266,
	"/>
</Transform>

<Transform dim="0"
 xcoef=" 0 1 0 0 0 0"
 ycoef=" 0 0 1 0 0 0">
<Contour name="d07" hidden="false" closed="true" simplified="true" border="1 0 1" fill="1 0 1" mode="9"
 points="4.2474 7.53924,
	4.26493 7.50417,
	4.27808 7.48664,
	4.28685 7.45157,
	4.28685 7.38144,
	4.33506 7.32008,
	4.3526 7.32008,
	4.38766 7.34199,
	4.38766 7.41213,
	4.38766 7.44719,
	4.38766 7.46472,
	4.38766 7.47349,
	4.3789 7.48226,
	4.36575 7.55239,
	4.3526 7.58746,
	4.34383 7.59184,
	4.33945 7.62691,
	4.33945 7.63567,
	4.32191 7.64882,
	4.30438 7.65321,
	4.26931 7.62691,
	4.2474 7.59184,
	4.2474 7.55677,
	4.2474 7.54362,
	"/>
<Contour name="d07" hidden="false" closed="true" simplified="true" border="1 0 1" fill="1 0 1" mode="9"
 points="2.81407 7.15351,
	2.87105 7.08338,
	2.90611 7.0527,
	2.94118 7.04831,
	2.97625 7.0527,
	2.97625 7.06146,
	3.042 7.11845,
	3.07706 7.14475,
	3.11213 7.1579,
	3.14719 7.16228,
	3.17788 7.17981,
	3.20856 7.21049,
	3.22609 7.24556,
	3.22171 7.31569,
	3.23486 7.32884,
	3.26993 7.30693,
	3.27869 7.30254,
	3.29623 7.31131,
	3.43649 7.31131,
	3.45402 7.31131,
	3.48909 7.33323,
	3.52416 7.34638,
	3.54169 7.34638,
	3.56799 7.37706,
	3.63812 7.43404,
	3.6688 7.46472,
	3.68634 7.46911,
	3.7214 7.49541,
	3.73455 7.51294,
	3.7477 7.58307,
	3.7477 7.59184,
	3.78277 7.61376,
	3.8529 7.64006,
	3.99317 7.64444,
	4.02823 7.64444,
	4.0633 7.65321,
	4.09837 7.67951,
	4.12028 7.71457,
	4.15097 7.74964,
	4.16412 7.7847,
	4.1685 7.80224,
	4.16412 7.81977,
	4.13343 7.84607,
	4.12467 7.8636,
	4.0896 7.88114,
	4.08083 7.88114,
	4.07207 7.8899,
	4.0633 7.8899,
	4.02823 7.9162,
	4.01508 7.93374,
	4.01508 8.074,
	4.02823 8.10907,
	4.0633 8.14413,
	4.07207 8.1529,
	4.07207 8.18797,
	4.06768 8.2055,
	4.037 8.24057,
	4.01947 8.25371,
	3.94933 8.2581,
	3.91427 8.22742,
	3.89674 8.20988,
	3.88797 8.17482,
	3.88797 8.03455,
	3.85729 8.00387,
	3.85729 7.9688,
	3.83099 7.93812,
	3.79592 7.91182,
	3.78277 7.89867,
	3.71264 7.87237,
	3.6951 7.85922,
	3.55484 7.85484,
	3.51977 7.85922,
	3.50224 7.85922,
	3.48471 7.87237,
	3.34444 7.92059,
	3.30938 7.92059,
	3.27431 7.91182,
	3.23924 7.88114,
	3.21294 7.85045,
	3.18664 7.78032,
	3.17788 7.74525,
	3.17349 7.72772,
	3.17349 7.71895,
	3.16473 7.71019,
	3.16473 7.70142,
	3.14281 7.66636,
	3.13843 7.59622,
	3.13843 7.56116,
	3.10775 7.52609,
	3.09021 7.51294,
	3.05515 7.50856,
	3.03761 7.49979,
	3.00255 7.49541,
	2.9368 7.42966,
	2.89735 7.35953,
	2.86666 7.32884,
	2.84913 7.31131,
	2.8316 7.27624,
	2.81845 7.26309,
	2.81407 7.19296,
	2.81407 7.1579,
	"/>
</Transform>

<Transform dim="0"
 xcoef=" 0 1 0 0 0 0"
 ycoef=" 0 0 1 0 0 0">
<Contour name="d07" hidden="false" closed="true" simplified="true" border="1 0 1" fill="1 0 1" mode="9"
 points="1.91549 7.82415,
	1.93303 7.811,
	2.00316 7.80662,
	2.06891 7.87237,
	2.10397 7.90744,
	2.13904 7.92059,
	2.20917 7.92059,
	2.22671 7.92059,
	2.26177 7.93812,
	2.27492 7.95127,
	2.28369 7.98633,
	2.28369 8.05647,
	2.27931 8.074,
	2.24424 8.07838,
	2.22671 8.08277,
	2.19164 8.11345,
	2.15657 8.1266,
	2.01631 8.13098,
	1.99878 8.1266,
	1.96371 8.09592,
	1.94179 8.02578,
	1.93741 7.99072,
	1.92426 7.95565,
	1.91549 7.93812,
	1.91549 7.86799,
	1.91549 7.83292,
	1.91549 7.82854,
	"/>
</Transform>

<Transform dim="0"
 xcoef=" 0 1 0 0 0 0"
 ycoef=" 0 0 1 0 0 0">
<Contour name="d07c10" hidden="false" closed="true" simplified="true" border="1 0 0" fill="0 1 0" mode="9"
 points="4.34669 7.48163,
	4.36233 7.45036,
	4.37015 7.41909,
	4.38578 7.40736,
	4.40142 7.40736,
	4.42487 7.4699,
	4.43269 7.48554,
	4.42878 7.54808,
	4.42878 7.57935,
	4.40533 7.61062,
	4.38969 7.61844,
	4.35842 7.61844,
	4.34669 7.6028,
	4.34669 7.54026,
	4.34669 7.50899,
	4.34669 7.49335,
	4.34669 7.48554,
	"/>
<Contour name="d07cfa10" hidden="false" closed="false" simplified="false" border="0 1 1" fill="0 1 1" mode="9"
 points="4.36774 7.61213,
	4.36774 7.57304,
	4.38338 7.47532,
	4.37947 7.40886,
	"/>
</Transform>

<Transform dim="0"
 xcoef=" 0 1 0 0 0 0"
 ycoef=" 0 0 1 0 0 0">
<Contour name="d07c12" hidden="false" closed="true" simplified="true" border="1 0 0" fill="0 1 0" mode="9"
 points="3.96571 8.00388,
	4.03054 7.88567,
	4.05342 7.85516,
	4.06486 7.83991,
	4.08011 7.83991,
	4.09536 7.84754,
	4.11824 7.87804,
	4.11061 8.00006,
	4.09917 8.03057,
	4.08011 8.05726,
	4.07248 8.08777,
	4.06104 8.10302,
	4.00003 8.10302,
	3.98478 8.09921,
	3.96953 8.08395,
	3.96571 8.02294,
	3.96571 8.00769,
	"/>
</Transform>

<Transform dim="1"
 xcoef=" -0.01 1 0 0 0 0"
 ycoef=" -0.01 0 1 0 0 0">
<Contour name="d07cfa12" hidden="false" closed="false" simplified="false" border="0 1 1" fill="0 1 1" mode="9"
 points="3.98262 8.09312,
	3.97118 8.05499,
	3.97118 7.99779,
	4.01312 7.90627,
	4.07032 7.83764,
	"/>
</Transform>

<Transform dim="0"
 xcoef=" 0 1 0 0 0 0"
 ycoef=" 0 0 1 0 0 0">
<Contour name="d07c14a" hidden="false" closed="true" simplified="true" border="1 0 0" fill="0 1 0" mode="9"
 points="1.8799 7.85516,
	1.90278 7.82847,
	1.93329 7.82847,
	1.94854 7.82847,
	1.95616 7.82847,
	1.98667 7.88948,
	1.99811 7.91999,
	2.00574 7.93524,
	2.00192 8.05726,
	1.98286 8.08395,
	1.9676 8.08777,
	1.9371 8.07633,
	1.92566 8.06107,
	1.92566 8.03057,
	1.91041 8.00006,
	1.90278 7.96956,
	1.88371 7.93905,
	1.8799 7.87804,
	1.8799 7.86279,
	1.8799 7.85898,
	"/>
<Contour name="d07cfa14a" hidden="false" closed="false" simplified="false" border="0 1 1" fill="0 1 1" mode="9"
 points="1.97163 8.08024,
	1.95256 8.01542,
	1.94112 7.89339,
	1.93731 7.82857,
	"/>
</Transform>

<Transform dim="0"
 xcoef=" 0 1 0 0 0 0"
 ycoef=" 0 0 1 0 0 0">
<Contour name="d08" hidden="false" closed="true" simplified="true" border="1 0 0" fill="1 0 0" mode="9"
 points="4.75268 4.48716,
	4.77923 4.45176,
	4.79693 4.41636,
	4.86331 4.36768,
	4.89871 4.34998,
	4.91641 4.34113,
	4.95181 4.33671,
	5.02261 4.3013,
	5.03146 4.3013,
	5.06244 4.33671,
	5.05359 4.34556,
	5.04474 4.34556,
	5.04474 4.38096,
	5.04474 4.39866,
	5.03146 4.43406,
	5.03146 4.45176,
	5.03146 4.46061,
	5.01376 4.47831,
	5.00491 4.51371,
	4.94738 4.58452,
	4.91198 4.59779,
	4.89428 4.59779,
	4.87658 4.58452,
	4.84118 4.58894,
	4.82348 4.58894,
	4.7571 4.52256,
	4.75268 4.49159,
	"/>
<Contour name="d08" hidden="false" closed="true" simplified="true" border="1 0 0" fill="1 0 0" mode="9"
 points="5.05359 4.05349,
	5.08899 3.98269,
	5.10669 3.94729,
	5.15979 3.87648,
	5.1775 3.84108,
	5.2483 3.7747,
	5.266 3.76585,
	5.3368 3.76585,
	5.3722 3.76585,
	5.38991 3.76143,
	5.42973 3.69505,
	5.46071 3.62425,
	5.49611 3.58884,
	5.53151 3.56229,
	5.56691 3.52689,
	5.59346 3.49149,
	5.65984 3.43839,
	5.67754 3.42954,
	5.70852 3.39414,
	5.78375 3.25253,
	5.8103 3.22155,
	5.828 3.18615,
	5.8634 3.1596,
	5.87225 3.15517,
	5.90323 3.18615,
	5.89438 3.19058,
	5.88553 3.18615,
	5.8811 3.32776,
	5.87668 3.36316,
	5.83685 3.43396,
	5.83685 3.46936,
	5.83685 3.48707,
	5.85455 3.52247,
	5.85898 3.55787,
	5.85898 3.57557,
	5.85898 3.58442,
	5.83685 3.61982,
	5.83685 3.62867,
	5.78817 3.69948,
	5.7749 3.71718,
	5.77047 3.85878,
	5.76605 3.92959,
	5.7572 3.96499,
	5.7572 3.98269,
	5.7218 4.00924,
	5.7041 4.01367,
	5.69082 4.02694,
	5.65542 4.04022,
	5.62002 4.04464,
	5.60232 4.04464,
	5.59346 4.04464,
	5.52709 4.10217,
	5.46956 4.17297,
	5.45628 4.19067,
	5.45628 4.19952,
	5.44743 4.20837,
	5.41203 4.21722,
	5.27042 4.20837,
	5.12882 4.20837,
	5.11112 4.20395,
	5.08014 4.16855,
	5.06244 4.13315,
	5.06244 4.11544,
	5.05359 4.09774,
	5.05359 4.06234,
	5.05359 4.05792,
	"/>
</Transform>

<Transform dim="0"
 xcoef=" 0 1 0 0 0 0"
 ycoef=" 0 0 1 0 0 0">
<Contour name="d08" hidden="false" closed="true" simplified="true" border="1 0 0" fill="1 0 0" mode="9"
 points="5.12439 3.03569,
	5.14209 3.01799,
	5.15537 3.00914,
	5.22175 2.94276,
	5.23945 2.93391,
	5.27485 2.94719,
	5.2837 2.96489,
	5.2837 2.98259,
	5.29255 2.99144,
	5.29255 3.06225,
	5.27485 3.09765,
	5.2483 3.13305,
	5.23502 3.16845,
	5.2306 3.18615,
	5.1952 3.19058,
	5.18635 3.19058,
	5.15537 3.15517,
	5.15537 3.11977,
	5.15537 3.11092,
	5.13767 3.09322,
	5.12439 3.05782,
	5.12439 3.04012,
	"/>
</Transform>

<Transform dim="1"
 xcoef=" 0 1 0 0 0 0"
 ycoef=" 0 0 1 0 0 0">
<Contour name="d07cfa12" hidden="false" closed="true" simplified="true" border="0 1 0" fill="0 1 0" mode="9"
 points="3.97571 8.01388,
	4.04054 7.89567,
	4.06342 7.86516,
	4.07486 7.84991,
	4.09011 7.84991,
	4.10536 7.85754,
	4.12824 7.88804,
	4.12061 8.01006,
	4.10917 8.04057,
	4.09011 8.06726,
	4.08248 8.09777,
	4.07104 8.11302,
	4.01003 8.11302,
	3.99478 8.10921,
	3.97953 8.09395,
	3.97571 8.03294,
	3.97571 8.01769,
	"/>
</Transform>

<Transform dim="0"
 xcoef=" 0 1 0 0 0 0"
 ycoef=" 0 0 1 0 0 0">
<Contour name="D11" hidden="false" closed="true" simplified="true" border="1 0.5 0" fill="1 0.5 0" mode="11"
 points="5.63208 4.21241,
	5.63726 4.18234,
	5.65234 4.15493,
	5.67599 4.13264,
	5.70609 4.11743,
	5.73998 4.11066,
	5.77464 4.11294,
	5.807 4.12405,
	5.83417 4.14301,
	5.85375 4.16814,
	5.864 4.19721,
	5.864 4.22762,
	5.85375 4.25668,
	5.83417 4.28181,
	5.807 4.30078,
	5.77464 4.31189,
	5.73998 4.31416,
	5.70609 4.30739,
	5.67599 4.29219,
	5.65234 4.26989,
	"/>
<Contour name="D11" hidden="false" closed="true" simplified="true" border="1 0.5 0" fill="1 0.5 0" mode="11"
 points="4.95185 4.95095,
	4.95399 4.92692,
	4.9602 4.90525,
	4.96988 4.88805,
	4.98207 4.87701,
	4.99558 4.87321,
	5.0091 4.87701,
	5.02129 4.88805,
	5.03096 4.90525,
	5.03717 4.92692,
	5.03931 4.95095,
	5.03717 4.97497,
	5.03096 4.99664,
	5.02129 5.01384,
	5.0091 5.02488,
	4.99558 5.02869,
	4.98207 5.02488,
	4.96988 5.01384,
	4.9602 4.99664,
	"/>
</Transform>

<Transform dim="0"
 xcoef=" 0 1 0 0 0 0"
 ycoef=" 0 0 1 0 0 0">
<Contour name="D05" hidden="false" closed="true" simplified="true" border="1 1 0" fill="1 1 0" mode="11"
 points="2.98891 4.54038,
	2.99224 4.52011,
	3.0019 4.50183,
	3.01695 4.48731,
	3.03591 4.478,
	3.05693 4.47479,
	3.07795 4.478,
	3.09691 4.48731,
	3.11196 4.50183,
	3.12163 4.52011,
	3.12495 4.54038,
	3.12163 4.56065,
	3.11196 4.57893,
	3.09691 4.59345,
	3.07795 4.60276,
	3.05693 4.60597,
	3.03591 4.60276,
	3.01695 4.59345,
	3.0019 4.57893,
	"/>
</Transform>

<Transform dim="0"
 xcoef=" 0 1 0 0 0 0"
 ycoef=" 0 0 1 0 0 0">
<Contour name="D05" hidden="false" closed="true" simplified="true" border="1 1 0" fill="1 1 0" mode="11"
 points="4.66855 4.57557,
	4.66982 4.56336,
	4.6735 4.55234,
	4.67923 4.54359,
	4.68645 4.53798,
	4.69445 4.53604,
	4.70245 4.53798,
	4.70967 4.54359,
	4.7154 4.55234,
	4.71908 4.56336,
	4.72035 4.57557,
	4.71908 4.58779,
	4.7154 4.59881,
	4.70967 4.60756,
	4.70245 4.61317,
	4.69445 4.61511,
	4.68645 4.61317,
	4.67923 4.60756,
	4.6735 4.59881,
	"/>
<Contour name="D05" hidden="false" closed="true" simplified="true" border="1 1 0" fill="1 1 0" mode="11"
 points="2.6974 3.93079,
	2.6997 3.91375,
	2.70653 3.89726,
	2.71766 3.88185,
	2.73274 3.86801,
	2.75129 3.85619,
	2.77271 3.84676,
	2.7963 3.84004,
	2.82132 3.83623,
	2.84695 3.83546,
	2.87238 3.83776,
	2.89679 3.84305,
	2.91938 3.85115,
	2.93945 3.86182,
	2.95633 3.8747,
	2.96949 3.88939,
	2.97851 3.90541,
	2.98309 3.92224,
	2.98309 3.93934,
	2.97851 3.95618,
	2.96949 3.97219,
	2.95633 3.98688,
	2.93945 3.99976,
	2.91938 4.01043,
	2.89679 4.01853,
	2.87238 4.02382,
	2.84695 4.02612,
	2.82132 4.02535,
	2.7963 4.02154,
	2.77271 4.01482,
	2.75129 4.0054,
	2.73274 3.99357,
	2.71766 3.97973,
	2.70653 3.96432,
	"/>
</Transform>

<Transform dim="0"
 xcoef=" 0 1 0 0 0 0"
 ycoef=" 0 0 1 0 0 0">
<Contour name="D19" hidden="false" closed="true" simplified="true" border="0 1 0" fill="0 1 0" mode="11"
 points="2.76799 7.86964,
	2.76963 7.8466,
	2.77452 7.82396,
	2.78258 7.80214,
	2.79366 7.78153,
	2.80757 7.76249,
	2.82405 7.74536,
	2.84281 7.73045,
	2.86352 7.71802,
	2.88581 7.7083,
	2.90928 7.70146,
	2.9335 7.69762,
	2.95806 7.69684,
	2.98251 7.69916,
	3.00641 7.70451,
	3.02934 7.71281,
	3.05088 7.72391,
	3.07066 7.73761,
	3.08832 7.75367,
	3.10355 7.77179,
	3.11607 7.79166,
	3.12566 7.81293,
	3.13216 7.8352,
	3.13543 7.85809,
	3.13543 7.88119,
	3.13216 7.90408,
	3.12566 7.92635,
	3.11607 7.94762,
	3.10355 7.96749,
	3.08832 7.98561,
	3.07066 8.00167,
	3.05088 8.01537,
	3.02934 8.02647,
	3.00641 8.03477,
	2.98251 8.04012,
	2.95806 8.04244,
	2.9335 8.04166,
	2.90928 8.03782,
	2.88581 8.03098,
	2.86352 8.02126,
	2.84281 8.00883,
	2.82405 7.99392,
	2.80757 7.97679,
	2.79366 7.95775,
	2.78258 7.93713,
	2.77452 7.91532,
	"/>
</Transform>

<Transform dim="0"
 xcoef=" 0 1 0 0 0 0"
 ycoef=" 0 0 1 0 0 0">
<Contour name="D19" hidden="false" closed="true" simplified="true" border="0 1 0" fill="0 1 0" mode="11"
 points="2.29713 6.0837,
	2.30046 6.0729,
	2.31013 6.06316,
	2.32518 6.05543,
	2.34416 6.05047,
	2.36519 6.04876,
	2.38622 6.05047,
	2.40519 6.05543,
	2.42024 6.06316,
	2.42991 6.0729,
	2.43324 6.0837,
	2.42991 6.0945,
	2.42024 6.10424,
	2.40519 6.11198,
	2.38622 6.11694,
	2.36519 6.11865,
	2.34416 6.11694,
	2.32518 6.11198,
	2.31013 6.10424,
	"/>
</Transform>

<Transform dim="0"
 xcoef=" 0 1 0 0 0 0"
 ycoef=" 0 0 1 0 0 0">
<Contour name="d03p05" hidden="false" closed="true" simplified="false" border="1 1 0" fill="1 1 0" mode="-9"
 points="2.93779 2.91015,
	2.93779 2.86313,
	2.89077 2.86313,
	2.89077 2.90427,
	2.88489 2.91015,
	2.88489 2.85725,
	2.94367 2.85725,
	2.94367 2.91602,
	2.88489 2.91602,
	2.89077 2.91015,
	"/>
</Transform>

<Transform dim="0"
 xcoef=" 0 1 0 0 0 0"
 ycoef=" 0 0 1 0 0 0">
<Contour name="d07p12" hidden="false" closed="true" simplified="false" border="0.5 0 1" fill="0.5 0 1" mode="9"
 points="3.69281 7.72651,
	3.68536 7.72403,
	3.69281 7.72154,
	3.68784 7.7141,
	3.69529 7.71906,
	3.69777 7.71162,
	3.70025 7.71906,
	3.7077 7.7141,
	3.70273 7.72154,
	3.71018 7.72403,
	3.70273 7.72651,
	3.7077 7.73395,
	3.70025 7.72899,
	3.69777 7.73643,
	3.69529 7.72899,
	3.68784 7.73395,
	"/>
</Transform>

<Transform dim="0"
 xcoef=" 0 1 0 0 0 0"
 ycoef=" 0 0 1 0 0 0">
<Contour name="d08p10" hidden="false" closed="true" simplified="false" border="0 1 1" fill="0 1 1" mode="-13"
 points="5.68741 3.72159,
	5.69592 3.71309,
	5.6619 3.67907,
	5.6704 3.67056,
	5.70442 3.70458,
	5.71293 3.69608,
	5.71293 3.72159,
	"/>
</Transform>

<Transform dim="0"
 xcoef=" 0 1 0 0 0 0"
 ycoef=" 0 0 1 0 0 0">
<Contour name="ax01" comment="LK bouton trace named after cfa" hidden="false" closed="true" simplified="true" border="0 1 1" fill="0.502 1 1" mode="9"
 points="5.66616 1.78922,
	5.66868 1.7825,
	5.66868 1.77914,
	5.67793 1.75223,
	5.68886 1.72532,
	5.69727 1.71187,
	5.70147 1.70514,
	5.70315 1.70178,
	5.71408 1.68833,
	5.74015 1.6631,
	5.7536 1.65301,
	5.75696 1.65133,
	5.77042 1.63956,
	5.79732 1.62106,
	5.81078 1.61434,
	5.8175 1.61266,
	5.83096 1.60341,
	5.83768 1.60004,
	5.85113 1.5908,
	5.87804 1.5765,
	5.88477 1.57398,
	5.88813 1.57398,
	5.90158 1.56893,
	5.90831 1.56725,
	5.93521 1.55464,
	5.96212 1.54371,
	5.96885 1.54287,
	5.97557 1.54035,
	6.00248 1.53951,
	6.02938 1.54035,
	6.03611 1.54035,
	6.04956 1.54287,
	6.06302 1.54791,
	6.06974 1.55296,
	6.07899 1.56557,
	6.09497 1.59248,
	6.10422 1.61938,
	6.10842 1.63284,
	6.10926 1.63956,
	6.11346 1.65301,
	6.11851 1.67992,
	6.12019 1.68665,
	6.12608 1.7001,
	6.12776 1.70683,
	6.12692 1.73373,
	6.12692 1.74046,
	6.11515 1.76736,
	6.10506 1.78082,
	6.0916 1.78838,
	6.08488 1.79175,
	6.03107 1.80016,
	6.01761 1.80184,
	6.00416 1.80184,
	5.97725 1.8052,
	5.9638 1.80772,
	5.96044 1.8094,
	5.95371 1.81024,
	5.92681 1.8237,
	5.91335 1.82706,
	5.90663 1.82958,
	5.89317 1.83126,
	5.88645 1.83379,
	5.85954 1.83547,
	5.83264 1.84724,
	5.81918 1.85481,
	5.79228 1.86406,
	5.77883 1.86574,
	5.76537 1.8691,
	5.75865 1.87162,
	5.74519 1.87246,
	5.73174 1.87162,
	5.72501 1.87078,
	5.71829 1.86826,
	5.70484 1.85901,
	5.69811 1.85228,
	5.69138 1.84892,
	5.68802 1.8464,
	5.68634 1.84304,
	5.67961 1.83631,
	5.67541 1.82958,
	5.67288 1.82622,
	5.66868 1.81277,
	5.66616 1.80604,
	5.66616 1.79259,
	5.66616 1.79007,
	"/>
</Transform>

<Transform dim="0"
 xcoef=" 0 1 0 0 0 0"
 ycoef=" 0 0 1 0 0 0">
<Contour name="ax02" comment="LK bouton trace named after cfa" hidden="false" closed="true" simplified="true" border="0 1 1" fill="0.502 1 1" mode="9"
 points="3.3355 1.5112,
	3.34214 1.50155,
	3.35179 1.49491,
	3.35662 1.4919,
	3.37592 1.48586,
	3.37833 1.48526,
	3.38316 1.48164,
	3.38799 1.48104,
	3.39764 1.47621,
	3.40729 1.47259,
	3.41694 1.46535,
	3.43625 1.44786,
	3.44107 1.44363,
	3.4459 1.44062,
	3.45073 1.43881,
	3.45555 1.43941,
	3.45797 1.43941,
	3.47727 1.44786,
	3.49657 1.45208,
	3.53518 1.4551,
	3.54484 1.4557,
	3.55449 1.45751,
	3.55932 1.45872,
	3.57862 1.45932,
	3.59792 1.46113,
	3.60758 1.46053,
	3.64619 1.46354,
	3.65584 1.46535,
	3.66549 1.46535,
	3.6848 1.46837,
	3.69445 1.47199,
	3.7041 1.47802,
	3.72341 1.49431,
	3.73306 1.50034,
	3.74271 1.50758,
	3.75236 1.51603,
	3.75719 1.52025,
	3.76744 1.53955,
	3.77106 1.54921,
	3.77468 1.56851,
	3.7771 1.57816,
	3.7783 1.58299,
	3.7783 1.5854,
	3.78011 1.59023,
	3.77951 1.59988,
	3.77891 1.60471,
	3.77589 1.60953,
	3.77348 1.61195,
	3.76865 1.6216,
	3.76684 1.62643,
	3.76564 1.62884,
	3.76503 1.64814,
	3.76322 1.6578,
	3.76081 1.66262,
	3.75236 1.67227,
	3.74935 1.6771,
	3.74814 1.67831,
	3.74754 1.68072,
	3.74754 1.68193,
	3.74633 1.68313,
	3.74573 1.70244,
	3.74693 1.70726,
	3.74693 1.70968,
	3.74874 1.7145,
	3.75176 1.73381,
	3.75478 1.73864,
	3.76383 1.74768,
	3.76865 1.75191,
	3.77348 1.75492,
	3.7777 1.75975,
	3.79701 1.77483,
	3.80666 1.78086,
	3.81088 1.78569,
	3.8139 1.79052,
	3.81571 1.79534,
	3.81631 1.79776,
	3.82476 1.80741,
	3.82958 1.81163,
	3.84889 1.82551,
	3.85854 1.82973,
	3.86819 1.83516,
	3.87302 1.83818,
	3.88207 1.84783,
	3.88508 1.85265,
	3.88629 1.85748,
	3.88508 1.86713,
	3.88267 1.87678,
	3.87241 1.89609,
	3.86578 1.90574,
	3.85733 1.91539,
	3.84768 1.92384,
	3.82838 1.93651,
	3.80907 1.94797,
	3.79942 1.95219,
	3.78011 1.95823,
	3.77046 1.95883,
	3.76081 1.95823,
	3.75116 1.95642,
	3.73185 1.94676,
	3.71255 1.9353,
	3.70772 1.93168,
	3.68842 1.92203,
	3.67876 1.9172,
	3.67394 1.91539,
	3.65463 1.91358,
	3.64498 1.91177,
	3.63533 1.90816,
	3.62568 1.89971,
	3.62085 1.89488,
	3.61602 1.89126,
	3.60637 1.88704,
	3.60154 1.88583,
	3.59672 1.88342,
	3.57802 1.86412,
	3.5756 1.8617,
	3.56595 1.85627,
	3.5563 1.84843,
	3.54665 1.83878,
	3.5382 1.82913,
	3.50019 1.79655,
	3.49054 1.78991,
	3.48089 1.78509,
	3.47124 1.77845,
	3.46641 1.77483,
	3.44711 1.76337,
	3.4085 1.73743,
	3.39884 1.732,
	3.38014 1.71933,
	3.36204 1.70063,
	3.35179 1.68132,
	3.34334 1.66202,
	3.33972 1.65237,
	3.33731 1.64271,
	3.3361 1.63306,
	3.3361 1.61376,
	3.34395 1.59445,
	3.34576 1.58963,
	3.34636 1.57997,
	3.34455 1.56067,
	3.34395 1.55584,
	3.33972 1.54619,
	3.33731 1.53654,
	3.3355 1.51723,
	3.3355 1.51241,
	3.3355 1.5118,
	"/>
</Transform>

<Transform dim="6"
 xcoef=" 0.350017768535107 1.00741196363126 0.0259508427956734 0 0 0"
 ycoef=" -0.388241101796437 0.0123551736694142 1.02988633957673 0 0 0">
<Image mag="0.00217507" contrast="0.998418" brightness="0.075" red="true" green="true" blue="true"
 src="FHLTD.80.jpg" />
<Contour name="domain1" hidden="false" closed="true" simplified="false" border="1 0 1" fill="1 0 1" mode="11"
 points="0 0,
	4096 0,
	4096 4096,
	0 4096,
	"/>
</Transform>

<Transform dim="0"
 xcoef=" 0 1 0 0 0 0"
 ycoef=" 0 0 1 0 0 0">
<Contour name="ax02" comment="LK bouton trace named after cfa" hidden="false" closed="true" simplified="true" border="0 1 1" fill="0.502 1 1" mode="9"
 points="3.82782 1.67139,
	3.83315 1.65921,
	3.83696 1.65464,
	3.83924 1.65159,
	3.84381 1.64778,
	3.84991 1.64245,
	3.85295 1.64169,
	3.85447 1.64017,
	3.86666 1.63788,
	3.87275 1.63788,
	3.87579 1.63941,
	3.87884 1.63941,
	3.88189 1.64093,
	3.88493 1.64093,
	3.88646 1.64245,
	3.8895 1.64322,
	3.89559 1.64778,
	3.90092 1.65388,
	3.90245 1.65692,
	3.90168 1.6691,
	3.90016 1.6752,
	3.89864 1.67672,
	3.89864 1.67824,
	3.89026 1.69043,
	3.88569 1.69652,
	3.8796 1.70185,
	3.87503 1.70718,
	3.87275 1.70946,
	3.86666 1.71022,
	3.86057 1.70946,
	3.85752 1.70946,
	3.856 1.70794,
	3.85295 1.70718,
	3.84686 1.70337,
	3.84381 1.70109,
	3.83772 1.6988,
	3.83468 1.69652,
	3.83315 1.69347,
	3.83163 1.69195,
	3.83163 1.69043,
	3.83011 1.6889,
	3.83011 1.68738,
	3.82782 1.68433,
	3.82782 1.67215,
	"/>
</Transform>

<Transform dim="0"
 xcoef=" 0 1 0 0 0 0"
 ycoef=" 0 0 1 0 0 0">
<Contour name="ax05" comment="LK bouton trace named after cfa" hidden="false" closed="true" simplified="true" border="0 1 1" fill="0.502 1 1" mode="9"
 points="2.20082 1.86309,
	2.20329 1.85814,
	2.22308 1.84329,
	2.22803 1.83834,
	2.23298 1.83711,
	2.23545 1.83711,
	2.23793 1.83463,
	2.27752 1.83216,
	2.28741 1.83092,
	2.28989 1.82845,
	2.29484 1.82721,
	2.29731 1.82473,
	2.3369 1.82473,
	2.34679 1.82597,
	2.35669 1.83092,
	2.35917 1.83092,
	2.37772 1.84948,
	2.38638 1.86927,
	2.38514 1.87917,
	2.38514 1.88412,
	2.3802 1.89401,
	2.3703 1.9002,
	2.36535 1.90391,
	2.28618 1.90391,
	2.24659 1.9002,
	2.22679 1.89154,
	2.207 1.87793,
	2.20205 1.87298,
	2.20082 1.86432,
	"/>
</Transform>

<Transform dim="0"
 xcoef=" 0 1 0 0 0 0"
 ycoef=" 0 0 1 0 0 0">
<Contour name="d03" hidden="false" closed="true" simplified="true" border="0 1 0" fill="0 1 0" mode="9"
 points="2.5751 2.72672,
	2.59436 2.68822,
	2.59917 2.67859,
	2.60398 2.67378,
	2.62324 2.66896,
	2.63286 2.66656,
	2.70988 2.71228,
	2.74838 2.73154,
	2.78689 2.74598,
	2.8639 2.7917,
	2.90241 2.80855,
	2.97942 2.82539,
	3.01793 2.8278,
	3.05643 2.82299,
	3.07569 2.82058,
	3.09494 2.81336,
	3.17195 2.77245,
	3.24896 2.73635,
	3.26822 2.72913,
	3.28506 2.7171,
	3.29469 2.69784,
	3.31154 2.68581,
	3.35004 2.67137,
	3.3693 2.66415,
	3.52332 2.6473,
	3.53295 2.6449,
	3.54257 2.6473,
	3.61959 2.70747,
	3.63884 2.72432,
	3.66291 2.76282,
	3.67735 2.78208,
	3.69901 2.82058,
	3.71585 2.85909,
	3.70863 2.89759,
	3.70623 2.90722,
	3.70623 2.91203,
	3.63162 2.98423,
	3.58108 3.06125,
	3.52573 3.13826,
	3.44871 3.1912,
	3.39818 3.26822,
	3.38614 3.28747,
	3.31154 3.35967,
	3.23452 3.38133,
	3.21527 3.38614,
	3.20564 3.38855,
	3.12863 3.36448,
	3.119 3.36208,
	3.05643 3.28747,
	3.03477 3.24896,
	3.00349 3.17195,
	2.98664 3.13344,
	2.91203 3.0805,
	2.87353 3.06606,
	2.85427 3.05643,
	2.81096 2.97942,
	2.79652 2.94091,
	2.7893 2.92166,
	2.78689 2.91203,
	2.7556 2.87593,
	2.60158 2.81336,
	2.59195 2.80855,
	2.58714 2.79892,
	2.58232 2.76042,
	2.57751 2.74116,
	2.5751 2.73154,
	2.5751 2.72913,
	"/>
<Contour name="d03" hidden="false" closed="true" simplified="true" border="0 1 0" fill="0 1 0" mode="9"
 points="3.40879 3.2975,
	3.46186 3.18793,
	3.51665 3.15197,
	3.54405 3.13143,
	3.5663 3.10575,
	3.64506 2.99617,
	3.6656 2.96878,
	3.71697 2.91399,
	3.73409 2.8866,
	3.74094 2.8729,
	3.74607 2.86605,
	3.7495 2.85236,
	3.75463 2.79757,
	3.75977 2.77018,
	3.76148 2.75648,
	3.81627 2.7034,
	3.84366 2.68628,
	3.87106 2.6743,
	3.89845 2.67087,
	3.91215 2.66916,
	3.92242 2.68115,
	3.93783 2.70854,
	3.94125 2.72224,
	3.94468 2.72909,
	3.90701 2.78387,
	3.85394 2.82839,
	3.79915 2.87975,
	3.78545 2.89174,
	3.77175 2.91913,
	3.76319 2.94652,
	3.71868 3.16567,
	3.71526 3.17937,
	3.71354 3.18622,
	3.72895 3.241,
	3.73066 3.24785,
	3.72039 3.27525,
	3.71526 3.28894,
	3.71183 3.29579,
	3.71697 3.32318,
	3.7221 3.33688,
	3.7495 3.36085,
	3.75635 3.3677,
	3.75806 3.3814,
	3.75977 3.38824,
	3.75977 3.39167,
	3.70841 3.44646,
	3.68615 3.47385,
	3.67416 3.48583,
	3.64677 3.48926,
	3.63992 3.49097,
	3.61253 3.47727,
	3.60568 3.47214,
	3.59027 3.44474,
	3.58342 3.43105,
	3.53035 3.3814,
	3.51665 3.37112,
	3.46186 3.34373,
	3.43447 3.33174,
	3.42077 3.3249,
	3.41393 3.32147,
	3.4105 3.30778,
	3.40879 3.30093,
	3.40879 3.29921,
	"/>
<Contour name="d03cfa03ax06" hidden="false" closed="false" simplified="false" border="0 1 1" fill="0 1 1" mode="9"
 points="3.7334 3.32459,
	3.74067 3.24466,
	3.7334 3.16473,
	3.75157 3.0412,
	3.777 2.91767,
	"/>
<Contour name="d08" hidden="false" closed="true" simplified="true" border="1 0 0" fill="1 0 0" mode="9"
 points="4.41193 3.26138,
	4.42963 3.24368,
	4.43849 3.22598,
	4.45619 3.2127,
	4.49159 3.2127,
	4.52699 3.23925,
	4.54469 3.2481,
	4.58009 3.2481,
	4.58894 3.2481,
	4.61549 3.28351,
	4.61549 3.31891,
	4.61549 3.33661,
	4.59779 3.35431,
	4.56239 3.35431,
	4.52699 3.36758,
	4.49159 3.36758,
	4.42521 3.30121,
	4.41193 3.28351,
	4.41193 3.2658,
	"/>
<Contour name="d03p04a" hidden="false" closed="true" simplified="false" border="0 0 1" fill="0 0 1" mode="-13"
 points="3.51965 2.71326,
	3.49908 2.69269,
	3.51965 2.67211,
	3.54022 2.69269,
	"/>
<Contour name="d03p04b" hidden="false" closed="true" simplified="false" border="0 0 1" fill="0 0 1" mode="-13"
 points="3.51965 2.71326,
	3.49908 2.69269,
	3.51965 2.67211,
	3.54022 2.69269,
	"/>
</Transform>

<Transform dim="0"
 xcoef=" 0 1 0 0 0 0"
 ycoef=" 0 0 1 0 0 0">
<Contour name="ax06" comment="LK bouton trace named after cfa" hidden="false" closed="true" simplified="true" border="0 1 1" fill="0.502 1 1" mode="9"
 points="3.73196 3.2849,
	3.73411 3.27917,
	3.73411 3.27774,
	3.73626 3.27487,
	3.73841 3.26341,
	3.73984 3.25768,
	3.74056 3.23475,
	3.73984 3.22902,
	3.73769 3.22329,
	3.73626 3.22042,
	3.73483 3.21899,
	3.73268 3.20753,
	3.73268 3.20179,
	3.73483 3.19606,
	3.73841 3.19033,
	3.74343 3.1846,
	3.74558 3.18173,
	3.74916 3.17027,
	3.75059 3.16454,
	3.74987 3.14161,
	3.74987 3.13015,
	3.74916 3.12442,
	3.74844 3.12155,
	3.74844 3.12012,
	3.74558 3.11725,
	3.74414 3.11582,
	3.74486 3.10436,
	3.74844 3.09289,
	3.74987 3.08716,
	3.75059 3.0757,
	3.75059 3.06997,
	3.7599 3.04704,
	3.75847 3.03558,
	3.76134 3.01265,
	3.76205 3.00119,
	3.76707 2.97826,
	3.76922 2.9668,
	3.7728 2.92095,
	3.77495 2.90948,
	3.7771 2.90375,
	3.78498 2.89229,
	3.78928 2.88656,
	3.83513 2.85575,
	3.85806 2.83999,
	3.86379 2.83641,
	3.87525 2.83139,
	3.88672 2.82423,
	3.90893 2.80345,
	3.92827 2.78052,
	3.93758 2.76906,
	3.94188 2.76333,
	3.94475 2.76046,
	3.9512 2.749,
	3.95478 2.74327,
	3.96481 2.73181,
	3.96982 2.72607,
	3.97269 2.72392,
	3.97412 2.72249,
	3.99705 2.72106,
	4.00851 2.72034,
	4.01138 2.72034,
	4.01281 2.72034,
	4.0343 2.74327,
	4.04362 2.75473,
	4.0558 2.77766,
	4.06296 2.7884,
	4.10881 2.81563,
	4.12028 2.82279,
	4.13031 2.83354,
	4.14177 2.84214,
	4.15323 2.8493,
	4.1647 2.85503,
	4.17616 2.85862,
	4.18762 2.86077,
	4.19335 2.8622,
	4.19909 2.86506,
	4.21055 2.86721,
	4.2564 2.89014,
	4.26213 2.89301,
	4.26786 2.8973,
	4.27933 2.90805,
	4.28219 2.91092,
	4.29007 2.92238,
	4.29366 2.92811,
	4.31587 2.95032,
	4.32088 2.95605,
	4.32876 2.96752,
	4.33306 2.97325,
	4.33951 2.98471,
	4.35957 3.00764,
	4.36602 3.0191,
	4.3696 3.02483,
	4.37891 3.04776,
	4.38178 3.05349,
	4.38321 3.05922,
	4.38393 3.06209,
	4.38035 3.07355,
	4.37891 3.07928,
	4.3739 3.09074,
	4.37247 3.09648,
	4.37175 3.09934,
	4.37318 3.11081,
	4.3739 3.11654,
	4.3825 3.13946,
	4.38608 3.14519,
	4.43121 3.19105,
	4.43695 3.19678,
	4.43408 3.20824,
	4.42262 3.23117,
	4.4176 3.24263,
	4.41688 3.24836,
	4.41688 3.25123,
	4.42047 3.25624,
	4.44339 3.27057,
	4.45486 3.27774,
	4.46059 3.28132,
	4.46345 3.28275,
	4.47062 3.29422,
	4.47205 3.29995,
	4.46847 3.32287,
	4.46775 3.33434,
	4.46345 3.35726,
	4.45987 3.36873,
	4.45414 3.38019,
	4.43981 3.40311,
	4.43265 3.41458,
	4.41545 3.4375,
	4.40972 3.44252,
	4.39826 3.44968,
	4.38679 3.45542,
	4.37533 3.45756,
	4.36387 3.45828,
	4.3524 3.46401,
	4.34667 3.46688,
	4.32375 3.46473,
	4.30082 3.46545,
	4.28936 3.46616,
	4.28363 3.46759,
	4.2607 3.47763,
	4.23777 3.48551,
	4.21485 3.48837,
	4.20912 3.4898,
	4.16326 3.49124,
	4.1518 3.49195,
	4.12887 3.49625,
	4.11741 3.4984,
	4.02571 3.49482,
	3.97985 3.49267,
	3.97412 3.49267,
	3.9512 3.48909,
	3.92827 3.48407,
	3.90534 3.47763,
	3.88242 3.46545,
	3.87095 3.45828,
	3.86809 3.45685,
	3.84588 3.43607,
	3.82582 3.41315,
	3.80934 3.39022,
	3.79931 3.37876,
	3.79358 3.37302,
	3.77065 3.36084,
	3.75919 3.3544,
	3.74916 3.34365,
	3.74128 3.33219,
	3.73555 3.32072,
	3.73411 3.31786,
	3.73196 3.29493,
	3.73196 3.2892,
	3.73196 3.28633,
	3.73196 3.28562,
	"/>
</Transform>

<Transform dim="0"
 xcoef=" 0 1 0 0 0 0"
 ycoef=" 0 0 1 0 0 0">
<Contour name="ax09" comment="LK bouton trace named after cfa" hidden="false" closed="true" simplified="true" border="0 1 1" fill="0.502 1 1" mode="9"
 points="4.26935 1.88457,
	4.2718 1.87802,
	4.2759 1.87147,
	4.28736 1.85919,
	4.29227 1.8551,
	4.30537 1.84609,
	4.3111 1.84118,
	4.3242 1.83545,
	4.33075 1.83136,
	4.34384 1.82645,
	4.35039 1.82399,
	4.35694 1.82317,
	4.36349 1.82071,
	4.37659 1.8199,
	4.37987 1.8199,
	4.39296 1.82481,
	4.3946 1.82481,
	4.39788 1.82808,
	4.40115 1.82972,
	4.4077 1.83545,
	4.41425 1.83954,
	4.41998 1.84609,
	4.42899 1.85837,
	4.43062 1.86001,
	4.43062 1.86165,
	4.43226 1.86329,
	4.4339 1.86983,
	4.4339 1.89603,
	4.43308 1.89931,
	4.43308 1.90094,
	4.43144 1.90258,
	4.43062 1.90586,
	4.42407 1.91159,
	4.41179 1.91977,
	4.40852 1.92223,
	4.39542 1.9255,
	4.36922 1.92796,
	4.34303 1.92878,
	4.32993 1.92878,
	4.31683 1.93205,
	4.30373 1.93123,
	4.29063 1.92387,
	4.28408 1.91977,
	4.28081 1.91814,
	4.27917 1.91486,
	4.27753 1.91322,
	4.27671 1.90667,
	4.2759 1.9034,
	4.2718 1.89767,
	4.26935 1.89112,
	4.26935 1.88539,
	"/>
</Transform>

<Transform dim="0"
 xcoef=" 0 1 0 0 0 0"
 ycoef=" 0 0 1 0 0 0">
<Contour name="d08" hidden="false" closed="true" simplified="true" border="1 0 0" fill="1 0 0" mode="9"
 points="5.3014 5.09342,
	5.34123 5.02261,
	5.3545 5.00491,
	5.42531 4.95623,
	5.44301 4.94296,
	5.44743 4.93853,
	5.48283 4.96951,
	5.51381 4.99164,
	5.57576 5.05801,
	5.61117 5.06686,
	5.62887 5.07129,
	5.64214 5.08899,
	5.64657 5.12439,
	5.62887 5.13767,
	5.48726 5.13767,
	5.41646 5.13767,
	5.39876 5.14652,
	5.32795 5.14652,
	5.31025 5.13324,
	5.3014 5.11554,
	5.3014 5.09784,
	"/>
<Contour name="d08cfa06ax24" hidden="false" closed="false" simplified="false" border="0 1 1" fill="0 1 1" mode="9"
 points="5.58153 5.13839,
	5.5287 5.13839,
	5.45686 5.14261,
	5.37657 5.15741,
	5.33219 5.15741,
	5.31106 5.14261,
	"/>
</Transform>

<Transform dim="0"
 xcoef=" 0 1 0 0 0 0"
 ycoef=" 0 0 1 0 0 0">
<Contour name="ax25" comment="LK bouton trace named after cfa" hidden="false" closed="true" simplified="true" border="0 1 1" fill="0.502 1 1" mode="9"
 points="3.622 3.86871,
	3.62486 3.85727,
	3.627 3.85155,
	3.63344 3.8401,
	3.65275 3.81722,
	3.65632 3.8115,
	3.66633 3.80006,
	3.67778 3.78933,
	3.6835 3.78504,
	3.70638 3.77932,
	3.7121 3.77789,
	3.73498 3.76502,
	3.74643 3.76359,
	3.75787 3.7643,
	3.76073 3.76573,
	3.78361 3.76645,
	3.79505 3.76645,
	3.81794 3.76144,
	3.82938 3.75715,
	3.85226 3.75572,
	3.8637 3.75429,
	3.86942 3.75286,
	3.87228 3.75143,
	3.88373 3.75072,
	3.88945 3.75072,
	3.90089 3.75358,
	3.90661 3.75572,
	3.91805 3.75644,
	3.94093 3.75429,
	3.95238 3.75286,
	3.9581 3.75215,
	3.96382 3.75286,
	3.96668 3.75286,
	3.97812 3.7593,
	3.98384 3.7643,
	3.99528 3.77074,
	4.01816 3.78719,
	4.02961 3.79505,
	4.04105 3.79863,
	4.08681 3.79791,
	4.09826 3.79863,
	4.10398 3.80006,
	4.1097 3.80006,
	4.12114 3.80363,
	4.12686 3.80649,
	4.13258 3.81078,
	4.15475 3.83367,
	4.16047 3.83867,
	4.17191 3.84654,
	4.17763 3.85083,
	4.1855 3.86227,
	4.19551 3.873,
	4.20695 3.87371,
	4.21839 3.87586,
	4.22984 3.87943,
	4.25272 3.88158,
	4.2756 3.8823,
	4.29849 3.88158,
	4.39002 3.87085,
	4.4129 3.86871,
	4.42434 3.86799,
	4.43006 3.86871,
	4.43292 3.86871,
	4.45581 3.88086,
	4.4651 3.89159,
	4.49156 3.93736,
	4.498 3.9488,
	4.503 3.96024,
	4.50443 3.96596,
	4.50587 3.96882,
	4.50658 3.98026,
	4.503 4.00315,
	4.49871 4.04891,
	4.49728 4.06036,
	4.49371 4.0718,
	4.49156 4.07752,
	4.48942 4.08038,
	4.48155 4.10326,
	4.47226 4.1147,
	4.46081 4.124,
	4.45581 4.12829,
	4.44723 4.13973,
	4.43722 4.16262,
	4.43078 4.1855,
	4.42363 4.19694,
	4.41362 4.20838,
	4.40218 4.21839,
	4.37929 4.23484,
	4.35641 4.247,
	4.34497 4.25343,
	4.32208 4.26345,
	4.2992 4.27131,
	4.27632 4.27775,
	4.25343 4.28204,
	4.20767 4.28704,
	4.1619 4.29562,
	4.15618 4.29706,
	4.15046 4.29706,
	4.14474 4.29849,
	4.12185 4.29777,
	4.09897 4.29419,
	4.07609 4.29205,
	4.06465 4.29205,
	4.04176 4.28633,
	4.03032 4.28132,
	4.00744 4.26774,
	4.00172 4.26345,
	3.99028 4.25844,
	3.96739 4.25272,
	3.96167 4.25057,
	3.95023 4.24271,
	3.94165 4.23127,
	3.9345 4.22054,
	3.93307 4.21911,
	3.93021 4.21839,
	3.92878 4.21696,
	3.92735 4.21696,
	3.92449 4.21482,
	3.9016 4.20695,
	3.89588 4.20552,
	3.89445 4.20409,
	3.88873 4.20266,
	3.87729 4.19694,
	3.86585 4.18836,
	3.86299 4.1855,
	3.85655 4.17406,
	3.85226 4.16834,
	3.8494 4.16262,
	3.83867 4.15117,
	3.83724 4.14974,
	3.83438 4.14903,
	3.83152 4.14688,
	3.82008 4.14331,
	3.80864 4.14116,
	3.80292 4.13902,
	3.79148 4.13759,
	3.78004 4.13258,
	3.76859 4.12615,
	3.75715 4.11828,
	3.75143 4.1147,
	3.74142 4.10326,
	3.72569 4.08038,
	3.71711 4.06894,
	3.69637 4.04677,
	3.69351 4.04391,
	3.69279 4.04105,
	3.68421 4.02961,
	3.67849 4.02603,
	3.66705 4.02103,
	3.66133 4.01745,
	3.65847 4.01673,
	3.64703 4.00815,
	3.63773 3.99743,
	3.63272 3.98599,
	3.62915 3.97454,
	3.627 3.96882,
	3.62486 3.94594,
	3.62414 3.92306,
	3.62414 3.91161,
	3.622 3.88873,
	3.622 3.87729,
	3.622 3.87157,
	3.622 3.86942,
	"/>
</Transform>

<Transform dim="0"
 xcoef=" 0 1 0 0 0 0"
 ycoef=" 0 0 1 0 0 0">
<Contour name="ax27" hidden="false" closed="true" simplified="true" border="0 0 1" fill="0 0 1" mode="11"
 points="3.48181 4.01706,
	3.50035 3.99851,
	3.51095 3.99056,
	3.51625 3.99056,
	3.52155 3.98526,
	3.54275 3.97996,
	3.58515 3.98261,
	3.60635 3.98526,
	3.64874 4.00646,
	3.66994 4.01176,
	3.68054 4.01441,
	3.69909 4.03296,
	3.70969 4.05416,
	3.70969 4.06476,
	3.69909 4.07536,
	3.65669 4.0939,
	3.64609 4.09655,
	3.64079 4.10185,
	3.63019 4.1045,
	3.61959 4.11245,
	3.5984 4.1204,
	3.5772 4.1204,
	3.5348 4.10715,
	3.5242 4.10185,
	3.50565 4.0833,
	3.49505 4.07801,
	3.49505 4.07271,
	3.48711 4.06476,
	3.48181 4.04356,
	3.48181 4.02236,
	3.48181 4.01971,
	"/>
</Transform>

<Transform dim="0"
 xcoef=" 0 1 0 0 0 0"
 ycoef=" 0 0 1 0 0 0">
<Contour name="d03c03ax06" hidden="false" closed="true" simplified="true" border="0 1 0" fill="0 1 0" mode="9"
 points="3.664 3.31842,
	3.68224 3.18105,
	3.68654 3.1467,
	3.68868 3.12953,
	3.72517 2.99216,
	3.74342 2.92347,
	3.74556 2.91918,
	3.81425 2.91703,
	3.82284 2.91703,
	3.82713 2.91703,
	3.82928 2.91703,
	3.83035 2.92562,
	3.8121 3.20036,
	3.80674 3.26905,
	3.80459 3.30339,
	3.80352 3.32057,
	3.80352 3.32486,
	3.80244 3.327,
	3.66507 3.32271,
	3.664 3.31949,
	"/>
</Transform>

<Transform dim="0"
 xcoef=" 0 1 0 0 0 0"
 ycoef=" 0 0 1 0 0 0">
<Contour name="ax24" comment="LK bouton trace named after cfa" hidden="false" closed="true" simplified="true" border="0 1 1" fill="0.502 1 1" mode="9"
 points="5.0419 5.53246,
	5.04548 5.52427,
	5.04702 5.52017,
	5.04753 5.51608,
	5.04702 5.50788,
	5.0465 5.50379,
	5.04804 5.49969,
	5.05265 5.4915,
	5.05828 5.4833,
	5.07211 5.46692,
	5.07416 5.46487,
	5.08235 5.45924,
	5.08593 5.45514,
	5.10232 5.44541,
	5.11051 5.4408,
	5.11461 5.43773,
	5.12229 5.42954,
	5.12588 5.42134,
	5.12639 5.41929,
	5.12895 5.4152,
	5.13048 5.4111,
	5.13151 5.40905,
	5.12997 5.40496,
	5.12946 5.39676,
	5.13202 5.38857,
	5.13612 5.38038,
	5.13919 5.37628,
	5.15558 5.36092,
	5.18272 5.32815,
	5.19449 5.31176,
	5.20422 5.29537,
	5.20781 5.28718,
	5.21805 5.25441,
	5.22215 5.23802,
	5.23034 5.22163,
	5.23239 5.21754,
	5.23802 5.20934,
	5.24109 5.20525,
	5.24212 5.2032,
	5.2498 5.19501,
	5.26618 5.1863,
	5.28257 5.17862,
	5.29076 5.17555,
	5.30715 5.17196,
	5.31534 5.17094,
	5.32354 5.17196,
	5.33992 5.16991,
	5.34812 5.16889,
	5.38089 5.17043,
	5.41366 5.17094,
	5.43005 5.17145,
	5.43824 5.17196,
	5.45463 5.1694,
	5.47101 5.16377,
	5.50379 5.14789,
	5.51198 5.1438,
	5.52017 5.14073,
	5.55295 5.13663,
	5.56114 5.13612,
	5.57753 5.13714,
	5.59391 5.14482,
	5.60211 5.14943,
	5.6103 5.15558,
	5.6144 5.15916,
	5.61952 5.16735,
	5.62208 5.17145,
	5.62976 5.17657,
	5.63181 5.1776,
	5.64717 5.19398,
	5.65434 5.20217,
	5.65741 5.20627,
	5.6738 5.23904,
	5.67994 5.25543,
	5.68148 5.26362,
	5.68455 5.32917,
	5.68711 5.34556,
	5.68865 5.36194,
	5.68916 5.37014,
	5.68865 5.37116,
	5.68916 5.37935,
	5.68762 5.39574,
	5.68199 5.42851,
	5.68045 5.43261,
	5.67994 5.43671,
	5.67533 5.45309,
	5.67175 5.46948,
	5.6697 5.47767,
	5.66663 5.48586,
	5.6656 5.48996,
	5.6656 5.49406,
	5.66253 5.50225,
	5.65843 5.51044,
	5.65587 5.51864,
	5.6528 5.55141,
	5.6528 5.5596,
	5.64973 5.57599,
	5.63795 5.60876,
	5.63283 5.62515,
	5.63078 5.62925,
	5.62822 5.63744,
	5.62669 5.64154,
	5.61388 5.65792,
	5.59801 5.67328,
	5.59391 5.67738,
	5.58982 5.68045,
	5.57343 5.68813,
	5.55704 5.68916,
	5.54066 5.69684,
	5.53246 5.70094,
	5.52837 5.70247,
	5.49559 5.7035,
	5.46282 5.69991,
	5.45463 5.69889,
	5.43824 5.69428,
	5.42186 5.6866,
	5.38908 5.67738,
	5.35631 5.66663,
	5.32354 5.65895,
	5.25799 5.64563,
	5.2416 5.64154,
	5.23341 5.63898,
	5.22522 5.63744,
	5.19245 5.63846,
	5.17606 5.63744,
	5.16787 5.63693,
	5.13509 5.62361,
	5.11871 5.6144,
	5.11666 5.61286,
	5.11256 5.61184,
	5.09618 5.60057,
	5.07979 5.59289,
	5.0716 5.58982,
	5.06955 5.5893,
	5.05316 5.5765,
	5.04906 5.57241,
	5.04394 5.56421,
	5.04241 5.55602,
	5.0419 5.53963,
	5.0419 5.53554,
	5.0419 5.53349,
	5.0419 5.53298,
	"/>
</Transform>

<Transform dim="0"
 xcoef=" 0 1 0 0 0 0"
 ycoef=" 0 0 1 0 0 0">
<Contour name="d08c06ax24" hidden="false" closed="true" simplified="true" border="0 1 0" fill="0 1 0" mode="9"
 points="5.29061 5.20705,
	5.31099 5.14184,
	5.31608 5.12553,
	5.31812 5.11738,
	5.57898 5.11534,
	5.58713 5.11534,
	5.58917 5.11534,
	5.59019 5.11738,
	5.58 5.14999,
	5.57491 5.16629,
	5.57185 5.17444,
	5.50663 5.19992,
	5.47403 5.21215,
	5.46587 5.2152,
	5.33544 5.21113,
	5.30284 5.20909,
	5.29468 5.20909,
	5.29061 5.20807,
	"/>
</Transform>

</Section>