<?xml version="1.0"?>
<!DOCTYPE Section SYSTEM "section.dtd">

<Section index="53" thickness="0.045" alignLocked="true">
<Transform dim="1"
 xcoef=" 5.27999999999993 1 0 0 0 0"
 ycoef=" 2.47999999999999 0 1 0 0 0">
<Contour name="D04" hidden="false" closed="true" simplified="true" border="1 0 0" fill="1 0 0" mode="11"
 points="5.46492 7.32996,
	5.46778 7.29096,
	5.47628 7.25281,
	5.49024 7.21634,
	5.50936 7.18235,
	5.53323 7.15158,
	5.56131 7.1247,
	5.59299 7.1023,
	5.6276 7.08487,
	5.66436 7.07278,
	5.70248 7.0663,
	5.74113 7.06558,
	5.77947 7.07063,
	5.81665 7.08133,
	5.85186 7.09746,
	5.88435 7.11866,
	5.91339 7.14447,
	5.93836 7.17432,
	5.95871 7.20758,
	5.97399 7.2435,
	5.98388 7.28131,
	5.98816 7.32018,
	5.98673 7.35926,
	5.97963 7.39771,
	5.96701 7.43467,
	5.94914 7.46936,
	5.92642 7.501,
	5.89934 7.52891,
	5.86849 7.55248,
	5.83455 7.57119,
	5.79825 7.58464,
	5.76039 7.59254,
	5.72179 7.59471,
	5.6833 7.5911,
	5.64576 7.58179,
	5.60998 7.56699,
	5.57674 7.54702,
	5.54678 7.52231,
	5.52073 7.49341,
	5.49918 7.46094,
	5.48259 7.42562,
	5.47133 7.3882,
	"/>
</Transform>

<Transform dim="1"
 xcoef=" -0.890000000000001 1 0 0 0 0"
 ycoef=" -0.53 0 1 0 0 0">
<Contour name="D05" hidden="false" closed="true" simplified="true" border="1 1 0" fill="1 1 0" mode="11"
 points="2.15299 4.10404,
	2.16475 4.03163,
	2.19888 3.96632,
	2.25205 3.91448,
	2.31904 3.8812,
	2.39329 3.86974,
	2.46755 3.8812,
	2.53454 3.91448,
	2.58771 3.96632,
	2.62184 4.03163,
	2.6336 4.10404,
	2.62184 4.17644,
	2.58771 4.24175,
	2.53454 4.29359,
	2.46755 4.32687,
	2.39329 4.33833,
	2.31904 4.32687,
	2.25205 4.29359,
	2.19888 4.24175,
	"/>
</Transform>

<Transform dim="0"
 xcoef=" 0 1 0 0 0 0"
 ycoef=" 0 0 1 0 0 0">
<Contour name="d01" hidden="true" closed="true" simplified="true" border="1 0.5 0" fill="1 0.5 0" mode="-11"
 points="6.09549 0.666116,
	6.12192 0.629109,
	6.19065 0.544523,
	6.23294 0.507517,
	6.25409 0.491657,
	6.29638 0.491657,
	6.33867 0.50223,
	6.34925 0.507517,
	6.34925 0.528663,
	6.33867 0.54981,
	6.3281 0.560383,
	6.31753 0.560383,
	6.29638 0.576243,
	6.25409 0.586816,
	6.21179 0.618536,
	6.20122 0.639683,
	6.18008 0.660829,
	6.1695 0.681976,
	6.17479 0.687262,
	6.15893 0.708409,
	6.13778 0.718982,
	6.11664 0.713696,
	6.10078 0.697836,
	6.09549 0.676689,
	6.09549 0.671403,
	"/>
</Transform>

<Transform dim="0"
 xcoef=" 0 1 0 0 0 0"
 ycoef=" 0 0 1 0 0 0">
<Contour name="d01" hidden="true" closed="true" simplified="true" border="1 0.5 0" fill="1 0.5 0" mode="-11"
 points="4.7844 1.7393,
	4.78969 1.71816,
	4.80555 1.7023,
	4.8267 1.69701,
	4.91128 1.623,
	4.95358 1.58599,
	4.96944 1.56484,
	5.05402 1.53312,
	5.0646 1.52255,
	5.07517 1.52255,
	5.09632 1.50669,
	5.11746 1.5014,
	5.15975 1.47497,
	5.1809 1.4644,
	5.35007 1.46968,
	5.43466 1.49612,
	5.47695 1.51198,
	5.56154 1.49612,
	5.73071 1.48554,
	5.8153 1.46968,
	5.89988 1.46968,
	5.98447 1.5014,
	6.02676 1.51198,
	6.04791 1.51198,
	6.0532 1.53312,
	6.09549 1.5437,
	6.18008 1.5807,
	6.20122 1.59128,
	6.24351 1.59656,
	6.28581 1.59128,
	6.29638 1.59128,
	6.33867 1.56484,
	6.38097 1.57013,
	6.40211 1.5807,
	6.42326 1.60185,
	6.43912 1.64414,
	6.48141 1.68115,
	6.566 1.71816,
	6.58715 1.72873,
	6.59772 1.72873,
	6.60829 1.7393,
	6.65059 1.75516,
	6.68231 1.79746,
	6.69288 1.83975,
	6.69288 1.85032,
	6.61887 1.92962,
	6.60829 1.94019,
	6.566 1.95605,
	6.52371 1.94019,
	6.50256 1.92962,
	6.46027 1.93491,
	6.37568 1.97191,
	6.35982 1.98777,
	6.34396 2.03007,
	6.31753 2.07236,
	6.28052 2.10937,
	6.19594 2.14637,
	6.15364 2.16223,
	6.1325 2.17281,
	6.1325 2.19395,
	6.12721 2.20453,
	6.10606 2.20453,
	6.07434 2.16223,
	6.0532 2.15166,
	6.03205 2.13051,
	5.98976 2.11994,
	5.90517 2.12523,
	5.86288 2.12523,
	5.85759 2.14637,
	5.8153 2.14109,
	5.73071 2.16223,
	5.64613 2.16223,
	5.47695 2.20453,
	5.39237 2.23625,
	5.30778 2.24153,
	5.22319 2.26268,
	5.1809 2.26797,
	5.11218 2.19395,
	5.11746 2.18867,
	5.03288 2.16223,
	5.01173 2.15695,
	4.99058 2.1358,
	4.97472 2.09351,
	4.89014 2.04064,
	4.84784 2.00892,
	4.81612 1.96663,
	4.7844 1.79746,
	4.7844 1.75516,
	4.7844 1.74459,
	"/>
</Transform>

<Transform dim="0"
 xcoef=" 0 1 0 0 0 0"
 ycoef=" 0 0 1 0 0 0">
<Contour name="d01c02" hidden="false" closed="true" simplified="true" border="0 1 0" fill="0 1 0" mode="9"
 points="4.78894 1.67782,
	4.80159 1.66095,
	4.80159 1.65252,
	4.86904 1.60615,
	4.8859 1.60194,
	4.94914 1.54292,
	4.94492 1.5387,
	4.97865 1.51762,
	4.99551 1.51762,
	5.01237 1.53449,
	5.01237 1.55135,
	4.98286 1.58507,
	4.96178 1.6188,
	4.93228 1.64831,
	4.89855 1.66517,
	4.86483 1.69046,
	4.8311 1.70733,
	4.81424 1.71576,
	4.80581 1.71576,
	4.79738 1.69889,
	4.78894 1.69046,
	4.78894 1.68203,
	"/>
<Contour name="d01cfa02" hidden="false" closed="false" simplified="false" border="0 1 1" fill="0 1 1" mode="9"
 points="4.99734 1.52968,
	4.94254 1.58027,
	4.88352 1.63929,
	4.79921 1.69409,
	"/>
</Transform>

<Transform dim="0"
 xcoef=" 0 1 0 0 0 0"
 ycoef=" 0 0 1 0 0 0">
<Contour name="d03" hidden="false" closed="true" simplified="true" border="0 1 0" fill="0 1 0" mode="9"
 points="2.64072 3.21236,
	2.65193 3.14062,
	2.65641 3.12269,
	2.67435 3.11596,
	2.68331 3.11148,
	2.71918 3.08234,
	2.79092 3.03526,
	2.86265 2.99491,
	2.89852 2.97474,
	2.97025 2.92093,
	2.97922 2.91645,
	3.05095 2.94784,
	3.12269 2.93887,
	3.19442 2.90973,
	3.26616 2.8761,
	3.33789 2.87162,
	3.37376 2.87162,
	3.37824 2.87162,
	3.43877 2.94335,
	3.47688 3.01509,
	3.4836 3.03302,
	3.49481 3.10475,
	3.49929 3.14062,
	3.50153 3.15855,
	3.49481 3.23029,
	3.49257 3.26616,
	3.49929 3.28409,
	3.51947 3.31996,
	3.53516 3.33117,
	3.57103 3.34686,
	3.58896 3.35582,
	3.60241 3.39169,
	3.60914 3.40963,
	3.61138 3.41411,
	3.56879 3.48584,
	3.5643 3.49481,
	3.49257 3.53292,
	3.4836 3.5374,
	3.41187 3.52395,
	3.4029 3.52171,
	3.33117 3.55309,
	3.25943 3.5912,
	3.2415 3.59793,
	3.16976 3.5912,
	3.15183 3.58896,
	3.14286 3.58896,
	3.07113 3.55309,
	3.03526 3.53516,
	2.99939 3.52171,
	2.98146 3.51499,
	2.97474 3.50826,
	2.96353 3.47239,
	2.9568 3.45446,
	2.95232 3.44549,
	2.88283 3.40066,
	2.86489 3.38497,
	2.85593 3.37824,
	2.78419 3.37152,
	2.71246 3.36031,
	2.69452 3.35807,
	2.68556 3.35582,
	2.66314 3.3222,
	2.65641 3.30427,
	2.64296 3.23253,
	2.64072 3.2146,
	"/>
</Transform>

<Transform dim="0"
 xcoef=" 0 1 0 0 0 0"
 ycoef=" 0 0 1 0 0 0">
<Contour name="d06" hidden="true" closed="true" simplified="true" border="0 0 1" fill="0 0 1" mode="11"
 points="1.83719 7.75003,
	1.86299 7.70704,
	1.87445 7.69558,
	1.88019 7.68411,
	1.88592 7.67838,
	1.88878 7.58666,
	1.88878 7.54081,
	1.88878 7.51788,
	1.88878 7.50641,
	1.88305 7.49495,
	1.88305 7.44909,
	1.88305 7.43762,
	1.89452 7.4147,
	1.93751 7.3803,
	1.96044 7.36597,
	1.96904 7.35451,
	1.97763 7.33158,
	1.9891 7.32011,
	2.00056 7.31438,
	2.02349 7.31438,
	2.04642 7.32011,
	2.06648 7.34304,
	2.06648 7.35451,
	2.08655 7.37457,
	2.10088 7.38317,
	2.12381 7.39177,
	2.21552 7.39177,
	2.26138 7.39177,
	2.28431 7.39177,
	2.33017 7.37744,
	2.3531 7.37744,
	2.36456 7.37744,
	2.37029 7.37744,
	2.39036 7.39463,
	2.39609 7.40036,
	2.40755 7.40036,
	2.45055 7.42903,
	2.47348 7.43762,
	2.51933 7.44049,
	2.54226 7.45482,
	2.58526 7.49781,
	2.59672 7.52074,
	2.63685 7.5666,
	2.64831 7.57807,
	2.66837 7.5924,
	2.67984 7.60386,
	2.77155 7.60673,
	2.79448 7.60673,
	2.84034 7.58093,
	2.86327 7.57807,
	2.87473 7.58093,
	2.88047 7.5924,
	2.89193 7.59526,
	2.89766 7.60099,
	2.89766 7.62392,
	2.88047 7.66978,
	2.869 7.68125,
	2.85754 7.68698,
	2.85181 7.69271,
	2.84607 7.69271,
	2.82314 7.70991,
	2.77729 7.71564,
	2.77155 7.72137,
	2.58812 7.72997,
	2.56519 7.72997,
	2.55373 7.73284,
	2.51074 7.77583,
	2.49927 7.78729,
	2.49354 7.79303,
	2.48207 7.79303,
	2.47061 7.80162,
	2.44768 7.80736,
	2.42475 7.80449,
	2.40182 7.79016,
	2.37889 7.78443,
	2.35596 7.78443,
	2.3445 7.78729,
	2.32157 7.80449,
	2.29864 7.81309,
	2.20693 7.81595,
	2.19546 7.82169,
	2.1496 7.82455,
	2.12667 7.82169,
	2.10374 7.80736,
	2.08082 7.78729,
	2.06075 7.77296,
	2.01489 7.7701,
	1.96904 7.78443,
	1.95757 7.78729,
	1.94611 7.79589,
	1.90025 7.80736,
	1.87732 7.81309,
	1.85439 7.81022,
	1.84293 7.80162,
	1.83719 7.79589,
	1.83719 7.7529,
	"/>
<Contour name="d06" hidden="true" closed="true" simplified="true" border="0 0 1" fill="0 0 1" mode="11"
 points="1.30982 7.03063,
	1.31556 7.01917,
	1.32702 7.0077,
	1.37288 6.98477,
	1.39581 6.97904,
	1.40154 6.97331,
	1.42447 6.96471,
	1.47033 6.96471,
	1.49326 6.96471,
	1.50472 6.96471,
	1.51045 6.97044,
	1.55631 6.97331,
	1.57924 6.97331,
	1.60217 6.98191,
	1.6251 6.99624,
	1.63083 6.99624,
	1.63656 7.00197,
	1.63656 7.04783,
	1.63656 7.05929,
	1.62797 7.07076,
	1.44453 7.07076,
	1.4216 7.07076,
	1.41014 7.06503,
	1.31842 7.06216,
	1.30982 7.05356,
	1.30982 7.0335,
	"/>
<Contour name="d06" hidden="true" closed="true" simplified="true" border="0 0 1" fill="0 0 1" mode="11"
 points="1.24964 8.00512,
	1.27543 7.95926,
	1.29263 7.94493,
	1.29836 7.93347,
	1.32129 7.91054,
	1.33849 7.89047,
	1.34995 7.86754,
	1.35282 7.84462,
	1.35855 7.83315,
	1.40441 7.79589,
	1.41587 7.79016,
	1.4388 7.79016,
	1.45027 7.79016,
	1.47319 7.80449,
	1.49612 7.80736,
	1.51905 7.82742,
	1.54198 7.83888,
	1.54771 7.84462,
	1.55918 7.84748,
	1.57351 7.87041,
	1.57924 7.88188,
	1.59071 7.89047,
	1.59644 7.9134,
	1.59644 7.95926,
	1.59644 7.97073,
	1.55345 8.00799,
	1.53052 8.01945,
	1.52192 8.02805,
	1.51045 8.03091,
	1.48752 8.04811,
	1.47606 8.05671,
	1.4646 8.07964,
	1.45886 8.10257,
	1.45313 8.11403,
	1.4302 8.13123,
	1.38434 8.14556,
	1.36141 8.14269,
	1.31556 8.1083,
	1.30696 8.09684,
	1.28403 8.08251,
	1.26397 8.06244,
	1.25823 8.05671,
	1.24964 8.03378,
	1.24964 8.01085,
	1.24964 8.00799,
	"/>
</Transform>

<Transform dim="0"
 xcoef=" 0 1 0 0 0 0"
 ycoef=" 0 0 1 0 0 0">
<Contour name="d06" hidden="true" closed="true" simplified="true" border="0 0 1" fill="0 0 1" mode="11"
 points="1.73974 6.77841,
	1.75408 6.75548,
	1.76554 6.74402,
	1.78847 6.73542,
	1.79993 6.73255,
	1.84579 6.70389,
	1.86872 6.69243,
	1.88019 6.69243,
	1.90311 6.70676,
	1.92604 6.72969,
	1.9719 6.73255,
	1.99483 6.73255,
	2.0063 6.73255,
	2.02636 6.75548,
	2.02636 6.8472,
	2.01489 6.87013,
	1.9719 6.90452,
	1.96044 6.91026,
	1.93751 6.91026,
	1.89165 6.92459,
	1.86872 6.93605,
	1.84579 6.93892,
	1.82286 6.93318,
	1.79993 6.91885,
	1.78847 6.90739,
	1.777 6.90452,
	1.75408 6.88733,
	1.73974 6.8644,
	1.73974 6.81854,
	1.73974 6.79561,
	1.73974 6.78415,
	1.73974 6.78128,
	"/>
</Transform>

<Transform dim="0"
 xcoef=" 0 1 0 0 0 0"
 ycoef=" 0 0 1 0 0 0">
<Contour name="d06c02" hidden="false" closed="true" simplified="true" border="0 1 0" fill="0 1 0" mode="11"
 points="1.3111 6.99119,
	1.37565 6.95489,
	1.40792 6.93875,
	1.42406 6.93471,
	1.44019 6.93875,
	1.44019 6.97102,
	1.42406 7.0033,
	1.35951 7.01943,
	1.32724 7.01943,
	1.3111 7.0033,
	1.3111 6.99523,
	"/>
<Contour name="d06cfa02" hidden="false" closed="false" simplified="false" border="0 1 1" fill="0 1 1" mode="11"
 points="1.31623 7.00987,
	1.38077 6.9897,
	1.44128 6.96549,
	"/>
</Transform>

<Transform dim="0"
 xcoef=" 0 1 0 0 0 0"
 ycoef=" 0 0 1 0 0 0">
<Contour name="d07" hidden="true" closed="true" simplified="true" border="1 0 1" fill="1 0 1" mode="9"
 points="2.26109 6.61825,
	2.26811 6.6042,
	2.32429 6.56558,
	2.35237 6.54452,
	2.40855 6.51994,
	2.43664 6.50941,
	2.46473 6.50941,
	2.47877 6.51643,
	2.50686 6.54101,
	2.51388 6.54101,
	2.53495 6.56909,
	2.54548 6.58314,
	2.54899 6.58665,
	2.53846 6.64282,
	2.53846 6.67091,
	2.52792 6.699,
	2.51037 6.72709,
	2.49633 6.73411,
	2.48228 6.73411,
	2.46824 6.74113,
	2.44015 6.74113,
	2.42611 6.7306,
	2.41908 6.72358,
	2.36291 6.71656,
	2.33482 6.71656,
	2.32078 6.71304,
	2.2962 6.68847,
	2.28567 6.67442,
	2.27864 6.6674,
	2.27864 6.66038,
	2.2646 6.64634,
	2.26109 6.62176,
	"/>
<Contour name="d07" hidden="true" closed="true" simplified="true" border="1 0 1" fill="1 0 1" mode="9"
 points="2.62623 7.0817,
	2.65432 7.06063,
	2.68241 7.04659,
	2.79476 7.00797,
	2.85094 7.00446,
	2.87903 7.00095,
	2.9352 6.97988,
	2.94222 6.98339,
	2.93871 6.99041,
	2.94573 7.00095,
	2.97382 7.01148,
	3.03 7.01499,
	3.04404 7.0185,
	3.06862 7.04659,
	3.08617 7.07468,
	3.14235 7.1133,
	3.19502 7.15894,
	3.20204 7.16596,
	3.20906 7.19405,
	3.20906 7.2081,
	3.20906 7.21512,
	3.19502 7.22916,
	3.18097 7.23618,
	3.17395 7.23618,
	3.16693 7.24321,
	3.11075 7.24321,
	3.09671 7.24321,
	3.08969 7.24321,
	3.08969 7.25725,
	3.08969 7.26427,
	3.10373 7.27481,
	3.13182 7.27832,
	3.15991 7.29587,
	3.17044 7.32396,
	3.17044 7.35205,
	3.16693 7.36609,
	3.15991 7.37311,
	3.15991 7.38716,
	3.14235 7.41525,
	3.11426 7.43631,
	3.09671 7.4644,
	3.04755 7.51707,
	3.01947 7.53813,
	2.96329 7.56271,
	2.94925 7.57675,
	2.9352 7.58026,
	2.92818 7.58729,
	2.872 7.59431,
	2.85796 7.60133,
	2.82987 7.60484,
	2.80178 7.61888,
	2.74561 7.6224,
	2.71752 7.6224,
	2.70348 7.6224,
	2.69645 7.6224,
	2.68592 7.60835,
	2.68241 7.55218,
	2.69294 7.43982,
	2.70348 7.41174,
	2.72805 7.38716,
	2.76316 7.34152,
	2.77018 7.32747,
	2.77018 7.27129,
	2.77018 7.25725,
	2.69645 7.1449,
	2.68241 7.13085,
	2.67539 7.12383,
	2.6473 7.12032,
	2.63326 7.10628,
	2.62623 7.09223,
	2.62623 7.08521,
	"/>
</Transform>

<Transform dim="1"
 xcoef=" 0.1 1 0 0 0 0"
 ycoef=" -0.1 0 1 0 0 0">
<Contour name="d07" hidden="true" closed="true" simplified="true" border="1 0 1" fill="1 0 1" mode="9"
 points="3.71634 6.70784,
	3.72687 6.67975,
	3.73038 6.66571,
	3.75145 6.64113,
	3.75847 6.62709,
	3.77251 6.62007,
	3.79709 6.59198,
	3.81113 6.58496,
	3.92349 6.58496,
	3.95157 6.58496,
	3.96562 6.58496,
	4.01828 6.63762,
	4.13064 6.63411,
	4.18681 6.63411,
	4.20086 6.63411,
	4.20788 6.63411,
	4.21139 6.64815,
	4.20086 6.67624,
	4.17628 6.70082,
	4.1517 6.71838,
	4.12361 6.72891,
	4.11659 6.73593,
	4.00424 6.73944,
	3.94806 6.73944,
	3.92349 6.76051,
	3.91295 6.7886,
	3.927 6.79913,
	3.95509 6.80615,
	3.98317 6.82371,
	4.00073 6.84477,
	4.02531 6.86935,
	4.07797 6.90446,
	4.10606 6.90797,
	4.13415 6.9185,
	4.19032 6.9185,
	4.21841 6.92201,
	4.23245 6.92904,
	4.23948 6.92904,
	4.2465 6.93606,
	4.30268 6.93957,
	4.3097 6.93957,
	4.33779 6.92201,
	4.36587 6.89744,
	4.37641 6.8869,
	4.36236 6.8869,
	4.35885 6.87988,
	4.3729 6.87637,
	4.37992 6.87637,
	4.43258 6.82722,
	4.4396 6.81317,
	4.45365 6.79913,
	4.50982 6.79913,
	4.52387 6.79913,
	4.54845 6.82371,
	4.566 6.85179,
	4.566 6.96415,
	4.566 6.99223,
	4.54493 7.04841,
	4.53089 7.0765,
	4.52387 7.09054,
	4.49578 7.11863,
	4.44663 7.16076,
	4.33427 7.21694,
	4.2781 7.24152,
	4.05339 7.24503,
	4.03935 7.23098,
	4.02882 7.20289,
	4.02531 7.09054,
	4.01477 7.06245,
	3.99722 7.03437,
	3.9902 7.02032,
	3.96211 6.99926,
	3.91646 6.94308,
	3.88838 6.9185,
	3.8322 6.89041,
	3.80411 6.89041,
	3.77602 6.87637,
	3.75496 6.8553,
	3.73038 6.79913,
	3.72336 6.78508,
	3.71634 6.72891,
	3.71634 6.71486,
	3.71634 6.71135,
	"/>
</Transform>

<Transform dim="0"
 xcoef=" 0 1 0 0 0 0"
 ycoef=" 0 0 1 0 0 0">
<Contour name="d07" hidden="true" closed="true" simplified="true" border="1 0 1" fill="1 0 1" mode="9"
 points="2.9668 7.82252,
	2.97382 7.80848,
	3.00191 7.7839,
	3.03 7.77688,
	3.05809 7.77688,
	3.07213 7.77688,
	3.08617 7.78741,
	3.11426 7.79443,
	3.1248 7.82252,
	3.1248 7.85061,
	3.11426 7.86466,
	3.08969 7.88221,
	3.0616 7.88923,
	3.00542 7.88572,
	2.99138 7.88221,
	2.98436 7.88221,
	2.9668 7.85412,
	2.9668 7.82603,
	"/>
</Transform>

<Transform dim="0"
 xcoef=" 0 1 0 0 0 0"
 ycoef=" 0 0 1 0 0 0">
<Contour name="d07" hidden="true" closed="true" simplified="true" border="1 0 1" fill="1 0 1" mode="9"
 points="3.55665 7.15894,
	3.56718 7.1449,
	3.59527 7.14139,
	3.60931 7.1449,
	3.62336 7.15894,
	3.67954 7.1765,
	3.73571 7.1765,
	3.7638 7.19054,
	3.77784 7.19756,
	3.79189 7.19756,
	3.81998 7.21512,
	3.83402 7.21863,
	3.84455 7.24672,
	3.84455 7.30289,
	3.84455 7.31694,
	3.827 7.34503,
	3.81295 7.35556,
	3.75678 7.36609,
	3.7006 7.36258,
	3.64442 7.34854,
	3.62336 7.32396,
	3.59527 7.29938,
	3.58123 7.27129,
	3.5742 7.25725,
	3.57069 7.22916,
	3.55665 7.20107,
	3.55665 7.17299,
	3.55665 7.16245,
	"/>
</Transform>

<Transform dim="0"
 xcoef=" 0 1 0 0 0 0"
 ycoef=" 0 0 1 0 0 0">
<Contour name="d07p04" hidden="false" closed="true" simplified="false" border="1 0 0" fill="1 0 0" mode="-13"
 points="2.71053 7.13071,
	2.7332 7.09897,
	2.71053 7.06723,
	2.72413 7.06723,
	2.74227 7.09444,
	2.76041 7.06723,
	2.77401 7.06723,
	2.75134 7.09897,
	2.77401 7.13071,
	2.76041 7.13071,
	2.74227 7.1035,
	2.72413 7.13071,
	"/>
</Transform>

<Transform dim="0"
 xcoef=" 0 1 0 0 0 0"
 ycoef=" 0 0 1 0 0 0">
<Contour name="d07" hidden="true" closed="true" simplified="true" border="1 0 1" fill="1 0 1" mode="9"
 points="2.99265 8.21619,
	3.00625 8.19805,
	3.01532 8.18898,
	3.0516 8.18898,
	3.06973 8.18898,
	3.0788 8.19805,
	3.08334 8.21619,
	3.11508 8.23433,
	3.12868 8.25246,
	3.13322 8.28874,
	3.13322 8.29781,
	3.12415 8.30687,
	3.08787 8.31594,
	3.06973 8.31594,
	3.00172 8.25246,
	2.99265 8.23433,
	2.99265 8.22072,
	"/>
</Transform>

<Transform dim="0"
 xcoef=" 0 1 0 0 0 0"
 ycoef=" 0 0 1 0 0 0">
<Contour name="d07c01" hidden="false" closed="true" simplified="true" border="1 0 0" fill="0 1 0" mode="9"
 points="3.79945 6.86793,
	3.86199 6.83275,
	3.87763 6.82102,
	3.94017 6.81712,
	3.9558 6.81712,
	3.96362 6.81712,
	3.97535 6.83275,
	3.97535 6.84839,
	3.9558 6.87966,
	3.94408 6.91093,
	3.94017 6.92656,
	3.93235 6.93438,
	3.92453 6.93438,
	3.91281 6.95002,
	3.88153 6.95002,
	3.85026 6.93829,
	3.83463 6.93047,
	3.80727 6.8992,
	3.79945 6.88357,
	3.79945 6.87184,
	"/>
</Transform>

<Transform dim="1"
 xcoef=" 0.01 1 0 0 0 0"
 ycoef=" -0.01 0 1 0 0 0">
<Contour name="d07cfa01" hidden="false" closed="true" simplified="true" border="0 1 0" fill="0 1 0" mode="9"
 points="3.79945 6.86793,
	3.86199 6.83275,
	3.87763 6.82102,
	3.94017 6.81712,
	3.9558 6.81712,
	3.96362 6.81712,
	3.97535 6.83275,
	3.97535 6.84839,
	3.9558 6.87966,
	3.94408 6.91093,
	3.94017 6.92656,
	3.93235 6.93438,
	3.92453 6.93438,
	3.91281 6.95002,
	3.88153 6.95002,
	3.85026 6.93829,
	3.83463 6.93047,
	3.80727 6.8992,
	3.79945 6.88357,
	3.79945 6.87184,
	"/>
<Contour name="d07cfa01" hidden="false" closed="false" simplified="false" border="0 1 1" fill="0 1 1" mode="9"
 points="3.91258 6.93761,
	3.85395 6.93761,
	3.81877 6.91025,
	3.81486 6.86335,
	3.83831 6.82817,
	3.88913 6.81253,
	"/>
<Contour name="d07c01" hidden="false" closed="true" simplified="true" border="1 0 0" fill="0 1 0" mode="9"
 points="3.9189 6.95956,
	3.94626 6.9322,
	4.0088 6.92829,
	4.07134 6.93611,
	4.07916 6.94002,
	4.09089 6.92829,
	4.21597 6.92829,
	4.27852 6.92438,
	4.33715 6.88138,
	4.35278 6.87748,
	4.3606 6.87748,
	4.36451 6.94002,
	4.32151 6.99865,
	4.25897 7.03774,
	4.19643 7.04556,
	4.07134 7.03383,
	4.0088 7.0182,
	3.97753 7.0182,
	3.96189 7.01429,
	3.93062 6.99083,
	3.9189 6.96347,
	"/>
<Contour name="d07cfa01" hidden="false" closed="false" simplified="false" border="0 1 1" fill="0 1 1" mode="9"
 points="4.3582 6.90634,
	4.29566 6.96889,
	4.22139 6.98061,
	4.13539 6.98061,
	4.0533 6.98061,
	3.98685 6.98061,
	3.93213 6.95716,
	"/>
</Transform>

<Transform dim="0"
 xcoef=" 0 1 0 0 0 0"
 ycoef=" 0 0 1 0 0 0">
<Contour name="d07c02" hidden="false" closed="true" simplified="true" border="1 0 0" fill="0 1 0" mode="9"
 points="2.23198 6.57867,
	2.35706 6.5044,
	2.38834 6.49268,
	2.40397 6.48486,
	2.43524 6.48486,
	2.45088 6.48877,
	2.4626 6.50049,
	2.4626 6.51613,
	2.4626 6.52395,
	2.40006 6.57476,
	2.38443 6.5904,
	2.38443 6.59822,
	2.35316 6.60604,
	2.32188 6.62558,
	2.31016 6.64122,
	2.27889 6.65685,
	2.26325 6.65685,
	2.2398 6.62949,
	2.23198 6.59822,
	2.23198 6.58258,
	"/>
<Contour name="d07cfa02" hidden="false" closed="false" simplified="false" border="0 1 1" fill="0 1 1" mode="9"
 points="2.26476 6.65054,
	2.27257 6.60754,
	2.31557 6.56845,
	2.40548 6.51764,
	2.46411 6.50982,
	"/>
</Transform>

<Transform dim="0"
 xcoef=" 0 1 0 0 0 0"
 ycoef=" 0 0 1 0 0 0">
<Contour name="d07c03" hidden="false" closed="true" simplified="true" border="1 0 0" fill="0 1 0" mode="9"
 points="2.01699 8.52921,
	2.07953 8.49012,
	2.1108 8.46667,
	2.14208 8.45103,
	2.15771 8.44322,
	2.18898 8.41195,
	2.22025 8.39631,
	2.25152 8.39631,
	2.2828 8.41976,
	2.29843 8.43149,
	2.24762 8.49012,
	2.2398 8.49794,
	2.22416 8.49794,
	2.16162 8.53312,
	2.09908 8.58003,
	2.06781 8.58394,
	2.05217 8.58394,
	2.0209 8.5683,
	2.01699 8.53703,
	2.01699 8.53312,
	"/>
<Contour name="d07cfa03" hidden="false" closed="false" simplified="false" border="0 1 1" fill="0 1 1" mode="9"
 points="2.0185 8.56981,
	2.08104 8.54244,
	2.14749 8.49945,
	2.21003 8.46036,
	2.26476 8.40954,
	"/>
</Transform>

<Transform dim="0"
 xcoef=" 0 1 0 0 0 0"
 ycoef=" 0 0 1 0 0 0">
<Contour name="d07" hidden="true" closed="true" simplified="true" border="1 0 1" fill="1 0 1" mode="9"
 points="1.98572 8.47058,
	2.02481 8.40804,
	2.03654 8.37677,
	2.04435 8.36113,
	2.07562 8.32986,
	2.09517 8.29859,
	2.14989 8.23605,
	2.18116 8.2165,
	2.30625 8.16959,
	2.33752 8.15396,
	2.40006 8.10314,
	2.4157 8.09923,
	2.43133 8.10314,
	2.43524 8.13441,
	2.43133 8.16568,
	2.42742 8.18132,
	2.37661 8.24386,
	2.31016 8.36895,
	2.29843 8.37677,
	2.27889 8.40804,
	2.26325 8.42367,
	2.20071 8.43931,
	2.13817 8.48231,
	2.07562 8.53312,
	2.01308 8.56439,
	2.00917 8.5683,
	1.99354 8.56048,
	1.98572 8.55267,
	1.98572 8.49012,
	1.98572 8.47449,
	"/>
</Transform>

<Transform dim="0"
 xcoef=" 0 1 0 0 0 0"
 ycoef=" 0 0 1 0 0 0">
<Contour name="d07c08" hidden="false" closed="true" simplified="true" border="1 0 0" fill="0 1 0" mode="9"
 points="3.57664 7.12592,
	3.58837 7.11419,
	3.65091 7.1181,
	3.68218 7.12201,
	3.69782 7.13374,
	3.72909 7.14155,
	3.76036 7.14155,
	3.77599 7.14155,
	3.78772 7.15719,
	3.78772 7.18846,
	3.78772 7.2041,
	3.76036 7.22364,
	3.74472 7.22755,
	3.72909 7.21582,
	3.66654 7.20019,
	3.604 7.19237,
	3.58837 7.18455,
	3.57664 7.16892,
	3.57664 7.13765,
	3.57664 7.12983,
	"/>
<Contour name="d07cfa08" hidden="false" closed="false" simplified="false" border="0 1 1" fill="0 1 1" mode="9"
 points="3.57815 7.13524,
	3.61333 7.15869,
	3.66805 7.17433,
	3.72668 7.18215,
	3.78923 7.19387,
	"/>
</Transform>

<Transform dim="0"
 xcoef=" 0 1 0 0 0 0"
 ycoef=" 0 0 1 0 0 0">
<Contour name="d08" hidden="false" closed="true" simplified="true" border="1 0 0" fill="1 0 0" mode="9"
 points="5.61772 4.98196,
	5.63209 4.96759,
	5.64646 4.96041,
	5.7614 4.964,
	5.77577 4.96759,
	5.78295 4.97118,
	5.77936 4.99992,
	5.76499 5.01069,
	5.75781 5.01788,
	5.70034 5.01788,
	5.6716 5.02865,
	5.64287 5.02865,
	5.6285 5.02865,
	5.61772 5.01428,
	5.61772 4.98555,
	"/>
</Transform>

<Transform dim="0"
 xcoef=" 0 1 0 0 0 0"
 ycoef=" 0 0 1 0 0 0">
<Contour name="d08" hidden="false" closed="true" simplified="true" border="1 0 0" fill="1 0 0" mode="9"
 points="4.83828 4.92808,
	4.86702 4.9209,
	4.9209 4.87061,
	4.94963 4.84547,
	5.06457 4.7844,
	5.06816 4.77363,
	5.05739 4.74489,
	5.06098 4.68742,
	5.06816 4.67305,
	5.08253 4.65869,
	5.0969 4.62995,
	5.10408 4.60122,
	5.10049 4.54375,
	5.08971 4.51501,
	5.08612 4.48628,
	5.08612 4.47191,
	5.10408 4.44317,
	5.13282 4.42521,
	5.15796 4.39648,
	5.16514 4.38211,
	5.17951 4.36774,
	5.19388 4.36056,
	5.25135 4.36415,
	5.30882 4.37493,
	5.36629 4.41085,
	5.38066 4.41444,
	5.40939 4.4324,
	5.42017 4.44677,
	5.42017 4.46113,
	5.43094 4.4755,
	5.48841 4.48268,
	5.50278 4.48268,
	5.51356 4.49346,
	5.51356 4.50783,
	5.52074 4.5222,
	5.52793 4.52938,
	5.54229 4.53297,
	5.56744 4.55811,
	5.5818 4.57248,
	5.57821 4.62995,
	5.5854 4.74489,
	5.5854 4.80236,
	5.56384 4.8311,
	5.55307 4.84187,
	5.43813 4.84906,
	5.42376 4.85624,
	5.41658 4.85624,
	5.40221 4.86702,
	5.37347 4.87779,
	5.34474 4.88138,
	5.33037 4.88857,
	5.30164 4.89216,
	5.24417 4.9173,
	5.12923 4.9173,
	5.07175 4.9209,
	5.04302 4.9209,
	5.01428 4.92808,
	4.95681 4.96041,
	4.92808 4.97837,
	4.89934 4.97837,
	4.87061 4.97118,
	4.85624 4.964,
	4.84187 4.94963,
	4.83828 4.93526,
	4.83828 4.93167,
	"/>
</Transform>

<Transform dim="0"
 xcoef=" 0 1 0 0 0 0"
 ycoef=" 0 0 1 0 0 0">
<Contour name="d08" hidden="false" closed="true" simplified="true" border="1 0 0" fill="1 0 0" mode="9"
 points="4.40626 4.05946,
	4.43104 4.04088,
	4.48058 4.03778,
	4.49296 4.03778,
	4.50535 4.04398,
	4.60444 4.04707,
	4.62921 4.06256,
	4.65088 4.08733,
	4.66327 4.09662,
	4.68804 4.09971,
	4.71281 4.1152,
	4.7252 4.12449,
	4.73139 4.13687,
	4.73758 4.18641,
	4.74687 4.21119,
	4.77165 4.23596,
	4.78403 4.24834,
	4.8088 4.25763,
	4.815 4.25763,
	4.82429 4.27002,
	4.81809 4.29479,
	4.815 4.30718,
	4.80571 4.31647,
	4.70662 4.31647,
	4.69423 4.31647,
	4.67256 4.30098,
	4.62921 4.25454,
	4.58276 4.21428,
	4.55799 4.2019,
	4.53322 4.1957,
	4.48368 4.14926,
	4.43413 4.12449,
	4.40936 4.10281,
	4.40626 4.07804,
	4.40626 4.06565,
	4.40626 4.06256,
	"/>
</Transform>

<Transform dim="0"
 xcoef=" 0 1 0 0 0 0"
 ycoef=" 0 0 1 0 0 0">
<Contour name="d08" hidden="false" closed="true" simplified="true" border="1 0 0" fill="1 0 0" mode="9"
 points="5.97307 3.84271,
	5.98546 3.81794,
	6.035 3.79007,
	6.05977 3.78078,
	6.08455 3.7653,
	6.10932 3.75601,
	6.2084 3.69408,
	6.25795 3.66621,
	6.27033 3.65692,
	6.2951 3.65382,
	6.3013 3.65073,
	6.31368 3.66002,
	6.31988 3.66621,
	6.31988 3.69098,
	6.3013 3.71575,
	6.25485 3.7653,
	6.25175 3.79007,
	6.23937 3.81484,
	6.23627 3.82723,
	6.23627 3.83342,
	6.22079 3.85819,
	6.19911 3.87677,
	6.17434 3.88606,
	6.1248 3.88915,
	6.10003 3.90464,
	6.08764 3.91393,
	6.07526 3.91702,
	6.06287 3.92631,
	6.01333 3.92941,
	6.00094 3.92631,
	5.97927 3.90464,
	5.97307 3.89225,
	5.97307 3.8458,
	"/>
</Transform>

<Transform dim="0"
 xcoef=" 0 1 0 0 0 0"
 ycoef=" 0 0 1 0 0 0">
<Contour name="d08c05" hidden="false" closed="true" simplified="true" border="1 0 0" fill="0 1 0" mode="9"
 points="6.00309 3.77597,
	6.01577 3.76117,
	6.02422 3.75272,
	6.04112 3.74427,
	6.07493 3.73371,
	6.09183 3.72737,
	6.10874 3.7168,
	6.11719 3.71257,
	6.1341 3.69778,
	6.151 3.68722,
	6.15945 3.68088,
	6.1679 3.67877,
	6.17636 3.67243,
	6.21016 3.66186,
	6.22707 3.65975,
	6.23552 3.65975,
	6.24186 3.66609,
	6.24186 3.68299,
	6.24186 3.69144,
	6.22707 3.70201,
	6.21862 3.70624,
	6.21439 3.71046,
	6.21016 3.71046,
	6.20594 3.71469,
	6.20171 3.71469,
	6.19326 3.72103,
	6.18903 3.72103,
	6.17424 3.73159,
	6.17002 3.73582,
	6.15311 3.74216,
	6.14889 3.74216,
	6.14466 3.74638,
	6.12776 3.75272,
	6.1193 3.75484,
	6.11085 3.76117,
	6.1024 3.76117,
	6.0855 3.76963,
	6.06859 3.7823,
	6.05169 3.79076,
	6.04535 3.79921,
	6.02844 3.80555,
	6.01999 3.80555,
	6.0052 3.79498,
	6.00309 3.77808,
	"/>
<Contour name="d08cfa05" hidden="false" closed="false" simplified="false" border="0 1 1" fill="0 1 1" mode="9"
 points="6.01047 3.79873,
	6.06752 3.75859,
	6.13937 3.72689,
	6.24079 3.67618,
	"/>
</Transform>

<Transform dim="0"
 xcoef=" 0 1 0 0 0 0"
 ycoef=" 0 0 1 0 0 0">
<Contour name="d01p02" hidden="false" closed="true" simplified="false" border="0.251 0 0.502" fill="0.251 0 0.502" mode="-13"
 points="4.98429 1.72559,
	4.96144 1.70274,
	4.98429 1.67989,
	5.00714 1.70274,
	"/>
</Transform>

<Transform dim="0"
 xcoef=" 0 1 0 0 0 0"
 ycoef=" 0 0 1 0 0 0">
<Contour name="d06p01" hidden="false" closed="true" simplified="false" border="1 0 0" fill="1 0 0" mode="-9"
 points="1.96319 7.66199,
	1.96319 7.65702,
	1.96816 7.65206,
	1.97312 7.65206,
	1.97808 7.65702,
	1.97808 7.66199,
	1.97312 7.66695,
	1.96816 7.66695,
	"/>
</Transform>

<Transform dim="0"
 xcoef=" 0 1 0 0 0 0"
 ycoef=" 0 0 1 0 0 0">
<Contour name="d06p03" hidden="false" closed="true" simplified="false" border="1 1 0" fill="1 1 0" mode="-13"
 points="2.57365 7.6471,
	2.57365 7.60739,
	2.53394 7.60739,
	2.53394 7.64214,
	2.52898 7.6471,
	2.52898 7.60243,
	2.57861 7.60243,
	2.57861 7.65206,
	2.52898 7.65206,
	2.53394 7.6471,
	"/>
</Transform>

<Transform dim="0"
 xcoef=" 0 1 0 0 0 0"
 ycoef=" 0 0 1 0 0 0">
<Contour name="d08p01" hidden="false" closed="true" simplified="false" border="1 0 0" fill="1 0 0" mode="-9"
 points="5.10694 4.84001,
	5.10694 4.83576,
	5.1112 4.8315,
	5.11545 4.8315,
	5.1197 4.83576,
	5.1197 4.84001,
	5.11545 4.84426,
	5.1112 4.84426,
	"/>
</Transform>

<Transform dim="0"
 xcoef=" 0 1 0 0 0 0"
 ycoef=" 0 0 1 0 0 0">
<Contour name="d08p02" hidden="false" closed="true" simplified="false" border="0.251 0 0.502" fill="0.251 0 0.502" mode="-13"
 points="5.52582 4.823,
	5.51093 4.80811,
	5.52582 4.79323,
	5.5407 4.80811,
	"/>
</Transform>

<Transform dim="6"
 xcoef=" -0.195854748944508 1.03844091859614 0.021865494681103 0 0 0"
 ycoef=" -0.248541958005439 0.0232918583499614 0.987917687432257 0 0 0">
<Image mag="0.00217507" contrast="0.917" brightness="0.12" red="true" green="true" blue="true"
 src="FHLTD.53.jpg" />
<Contour name="domain1" hidden="false" closed="true" simplified="false" border="1 0 1" fill="1 0 1" mode="11"
 points="0 0,
	4096 0,
	4096 4096,
	0 4096,
	"/>
</Transform>

<Transform dim="0"
 xcoef=" 0 1 0 0 0 0"
 ycoef=" 0 0 1 0 0 0">
<Contour name="ax01" comment="LK bouton trace named after cfa" hidden="false" closed="true" simplified="true" border="0 1 1" fill="0.502 1 1" mode="9"
 points="6.79373 1.02027,
	6.80379 0.998802,
	6.81251 0.977337,
	6.83331 0.957213,
	6.84404 0.947151,
	6.84941 0.941785,
	6.85209 0.939102,
	6.87355 0.92904,
	6.91648 0.917637,
	6.92185 0.915624,
	6.93258 0.907575,
	6.93795 0.904221,
	6.94063 0.902208,
	6.98356 0.889463,
	7.00503 0.884097,
	7.01039 0.883426,
	7.09625 0.888122,
	7.10699 0.888793,
	7.11235 0.890805,
	7.13382 0.904221,
	7.14388 0.914953,
	7.14925 0.92032,
	7.16333 0.941785,
	7.17004 0.952517,
	7.1734 0.957884,
	7.18346 0.965262,
	7.19419 0.975324,
	7.20157 0.986057,
	7.20559 0.991423,
	7.20693 0.994106,
	7.21163 0.999473,
	7.21364 1.00216,
	7.21498 1.00752,
	7.21431 1.01825,
	7.21364 1.02362,
	7.21297 1.0263,
	7.21163 1.02765,
	7.21029 1.03301,
	7.20828 1.0357,
	7.20828 1.03704,
	7.19956 1.04777,
	7.18882 1.05649,
	7.17809 1.06253,
	7.17541 1.06387,
	7.17407 1.06387,
	7.17138 1.06655,
	7.12845 1.08533,
	7.11772 1.0907,
	7.11504 1.09204,
	7.09357 1.08936,
	7.08284 1.08735,
	7.07211 1.08667,
	7.07077 1.086,
	7.0493 1.09405,
	7.04393 1.09674,
	7.03924 1.1182,
	7.03454 1.12893,
	7.03186 1.1343,
	7.02314 1.14503,
	7.01241 1.15442,
	7.00167 1.1618,
	6.99631 1.16583,
	6.98625 1.17656,
	6.98222 1.18193,
	6.97618 1.19266,
	6.97149 1.20339,
	6.97015 1.20876,
	6.96948 1.21144,
	6.97015 1.21681,
	6.97082 1.21949,
	6.97484 1.22419,
	6.99631 1.24096,
	6.99899 1.24297,
	7.00033 1.24431,
	7.00369 1.25504,
	7.00369 1.26041,
	6.99899 1.27114,
	6.98826 1.27986,
	6.96679 1.28925,
	6.95606 1.29328,
	6.94533 1.29596,
	6.92386 1.29663,
	6.91313 1.29529,
	6.9024 1.28992,
	6.89703 1.2859,
	6.89435 1.28389,
	6.89368 1.2812,
	6.89368 1.27986,
	6.89166 1.27718,
	6.88697 1.26645,
	6.88362 1.24498,
	6.8816 1.23425,
	6.88093 1.22888,
	6.87825 1.22352,
	6.86886 1.21278,
	6.85813 1.20272,
	6.85343 1.19735,
	6.82995 1.15442,
	6.83062 1.14906,
	6.83129 1.14637,
	6.82257 1.12491,
	6.81855 1.11418,
	6.81721 1.10881,
	6.81385 1.10344,
	6.81117 1.10076,
	6.8105 1.0954,
	6.80312 1.08466,
	6.80111 1.08198,
	6.79373 1.06051,
	6.79373 1.03905,
	6.79373 1.02832,
	6.79373 1.02295,
	6.79373 1.02094,
	"/>
</Transform>

<Transform dim="0"
 xcoef=" 0 1 0 0 0 0"
 ycoef=" 0 0 1 0 0 0">
<Contour name="ax01" comment="LK bouton trace named after cfa" hidden="false" closed="true" simplified="true" border="0 1 1" fill="0.502 1 1" mode="9"
 points="7.3801 1.21032,
	7.38968 1.19329,
	7.3982 1.18478,
	7.40245 1.18158,
	7.43652 1.16987,
	7.44503 1.16668,
	7.44716 1.16455,
	7.45142 1.16349,
	7.45355 1.15923,
	7.47058 1.1422,
	7.53871 1.0911,
	7.57277 1.06875,
	7.5898 1.06236,
	7.59406 1.06023,
	7.61109 1.06023,
	7.61535 1.05704,
	7.61748 1.05491,
	7.626 1.05278,
	7.63025 1.05171,
	7.66432 1.03149,
	7.68135 1.02191,
	7.71541 1.00701,
	7.74948 0.996361,
	7.76651 0.993168,
	7.90276 0.984652,
	7.91128 0.984652,
	7.91341 0.984652,
	7.91554 1.00168,
	7.9166 1.00594,
	7.90596 1.02297,
	7.89318 1.04001,
	7.88786 1.04852,
	7.85486 1.07833,
	7.83783 1.09323,
	7.8208 1.10494,
	7.80377 1.11345,
	7.78673 1.12516,
	7.75267 1.14007,
	7.74415 1.14433,
	7.73564 1.14539,
	7.73138 1.14965,
	7.72286 1.15284,
	7.71861 1.15391,
	7.68454 1.17732,
	7.66751 1.18903,
	7.65048 1.19861,
	7.61642 1.21139,
	7.59938 1.21777,
	7.56532 1.22629,
	7.53126 1.23055,
	7.51422 1.23268,
	7.50571 1.23268,
	7.43758 1.24439,
	7.42055 1.24758,
	7.40352 1.24865,
	7.395 1.24758,
	7.39074 1.24652,
	7.38329 1.23906,
	7.3801 1.23481,
	7.3801 1.21777,
	7.3801 1.21352,
	7.3801 1.21139,
	"/>
</Transform>

<Transform dim="0"
 xcoef=" 0 1 0 0 0 0"
 ycoef=" 0 0 1 0 0 0">
<Contour name="ax28" comment="LK bouton trace named after cfa" hidden="false" closed="true" simplified="true" border="0 1 1" fill="0.502 1 1" mode="9"
 points="5.45711 3.14256,
	5.45941 3.13334,
	5.47671 3.09643,
	5.48248 3.08721,
	5.48594 3.07798,
	5.509 3.04108,
	5.52169 3.02263,
	5.55052 2.98572,
	5.56782 2.96958,
	5.58627 2.95805,
	5.60472 2.95113,
	5.61395 2.94767,
	5.6324 2.93614,
	5.65085 2.91999,
	5.66008 2.91192,
	5.68314 2.87501,
	5.70044 2.85656,
	5.71889 2.84272,
	5.73734 2.83234,
	5.74657 2.82542,
	5.76502 2.81966,
	5.77425 2.8162,
	5.81115 2.80928,
	5.84805 2.80582,
	5.88496 2.80467,
	5.90341 2.80467,
	5.94031 2.81159,
	5.94954 2.82081,
	5.9553 2.83004,
	5.95761 2.86694,
	5.95761 2.88539,
	5.95761 2.89001,
	5.96107 2.89923,
	5.96107 2.90384,
	5.96914 2.9223,
	5.9726 2.9592,
	5.97375 2.97765,
	5.97721 2.9961,
	5.97721 3.01456,
	5.97721 3.02378,
	5.9726 3.03301,
	5.96453 3.04223,
	5.94608 3.05377,
	5.93685 3.06068,
	5.93224 3.06184,
	5.92301 3.06876,
	5.90687 3.08721,
	5.9011 3.09643,
	5.88611 3.13334,
	5.88265 3.13795,
	5.8815 3.14256,
	5.87919 3.14487,
	5.87342 3.16332,
	5.86881 3.17255,
	5.8665 3.17716,
	5.8642 3.17947,
	5.86304 3.18408,
	5.85958 3.18869,
	5.85612 3.19792,
	5.85267 3.20253,
	5.85267 3.20484,
	5.8469 3.21406,
	5.81576 3.24981,
	5.81 3.25904,
	5.80769 3.26365,
	5.80654 3.28211,
	5.80884 3.30056,
	5.82268 3.33746,
	5.8296 3.35591,
	5.83191 3.36514,
	5.83537 3.36975,
	5.83998 3.3882,
	5.83883 3.40665,
	5.83421 3.41588,
	5.82499 3.42511,
	5.80654 3.43203,
	5.79731 3.43433,
	5.78808 3.43318,
	5.77886 3.42972,
	5.76041 3.42857,
	5.75118 3.42972,
	5.74195 3.43318,
	5.7235 3.44817,
	5.71889 3.45163,
	5.70044 3.45278,
	5.68199 3.45163,
	5.66353 3.44817,
	5.64508 3.44125,
	5.62663 3.42626,
	5.60933 3.40781,
	5.59434 3.38936,
	5.58742 3.38013,
	5.56897 3.36168,
	5.55974 3.35361,
	5.55513 3.35015,
	5.55398 3.34553,
	5.55052 3.34092,
	5.54936 3.33631,
	5.53322 3.31786,
	5.51938 3.2994,
	5.50208 3.28095,
	5.49401 3.27173,
	5.48248 3.25327,
	5.48248 3.25097,
	5.48017 3.24866,
	5.47786 3.21176,
	5.4744 3.19331,
	5.46979 3.18408,
	5.46864 3.17947,
	5.46172 3.17024,
	5.45826 3.16102,
	5.45711 3.14372,
	"/>
</Transform>

<Transform dim="0"
 xcoef=" 0 1 0 0 0 0"
 ycoef=" 0 0 1 0 0 0">
<Contour name="ddh_d06ax07" comment="traced by ddh 12/20/18" hidden="false" closed="true" simplified="true" border="0.5 0 1" fill="0.5 0 1" mode="11"
 points="1.94911 8.60545,
	1.95168 8.59724,
	1.95219 8.59518,
	1.95476 8.59159,
	1.95578 8.58954,
	1.96348 8.58338,
	1.96656 8.57927,
	1.96913 8.5767,
	1.98556 8.57208,
	1.98966 8.57054,
	1.99788 8.57003,
	2.00609 8.56849,
	2.0143 8.56798,
	2.02252 8.56849,
	2.03894 8.57311,
	2.04305 8.57414,
	2.0451 8.57465,
	2.05229 8.57978,
	2.05332 8.57978,
	2.05948 8.58646,
	2.06307 8.59056,
	2.06923 8.59672,
	2.07334 8.60032,
	2.07642 8.60288,
	2.08412 8.60904,
	2.08822 8.61264,
	2.0913 8.61572,
	2.09233 8.61572,
	2.10722 8.62855,
	2.11081 8.63214,
	2.11338 8.63522,
	2.11954 8.64344,
	2.12159 8.64754,
	2.12262 8.64806,
	2.12262 8.64908,
	2.12416 8.65114,
	2.12518 8.65216,
	2.12518 8.65319,
	2.12826 8.65678,
	2.13237 8.665,
	2.13391 8.6691,
	2.13442 8.67321,
	2.13545 8.67526,
	2.13494 8.69169,
	2.13391 8.6958,
	2.1334 8.71222,
	2.13391 8.72865,
	2.13442 8.73686,
	2.13442 8.74097,
	2.13904 8.7574,
	2.14264 8.77382,
	2.14623 8.80668,
	2.14623 8.8231,
	2.14726 8.83953,
	2.14674 8.85596,
	2.14572 8.86417,
	2.14212 8.87238,
	2.1411 8.87392,
	2.1334 8.87906,
	2.13134 8.88008,
	2.12313 8.88008,
	2.11902 8.87906,
	2.11492 8.877,
	2.11081 8.87598,
	2.1067 8.87392,
	2.09952 8.86674,
	2.09798 8.8652,
	2.09798 8.86417,
	2.09438 8.86109,
	2.09182 8.85852,
	2.08412 8.85031,
	2.07231 8.8344,
	2.07231 8.83337,
	2.06974 8.82978,
	2.06872 8.82772,
	2.06769 8.8267,
	2.06769 8.82567,
	2.06512 8.82156,
	2.06358 8.81951,
	2.06358 8.81848,
	2.05845 8.81078,
	2.05794 8.80873,
	2.05229 8.80052,
	2.04562 8.79333,
	2.04254 8.78922,
	2.03484 8.78255,
	2.03176 8.77947,
	2.01636 8.76766,
	2.00814 8.76304,
	2.00609 8.76253,
	2.00558 8.7615,
	2.00147 8.75996,
	1.99942 8.75894,
	1.99839 8.75894,
	1.99736 8.75791,
	1.99326 8.75688,
	1.98915 8.75432,
	1.98812 8.75329,
	1.9871 8.75329,
	1.97991 8.74662,
	1.97632 8.74456,
	1.97221 8.74097,
	1.96913 8.73789,
	1.9681 8.73584,
	1.96605 8.7343,
	1.96502 8.73276,
	1.96143 8.72865,
	1.95938 8.72454,
	1.95784 8.72249,
	1.95681 8.71838,
	1.95578 8.71736,
	1.95322 8.70966,
	1.95168 8.70144,
	1.95116 8.69323,
	1.95116 8.68912,
	1.95116 8.68707,
	1.95219 8.68502,
	1.9527 8.6768,
	1.95476 8.66859,
	1.95527 8.65216,
	1.95373 8.64395,
	1.95322 8.63984,
	1.95322 8.63779,
	1.95219 8.63574,
	1.95116 8.62752,
	1.94911 8.61931,
	1.94911 8.6111,
	1.94911 8.60699,
	1.94911 8.60596,
	"/>
</Transform>

<Transform dim="0"
 xcoef=" 0 1 0 0 0 0"
 ycoef=" 0 0 1 0 0 0">
<Contour name="ddh_d06ax08" comment="traced by ddh" hidden="false" closed="true" simplified="true" border="1 0 0.5" fill="1 0 0.5" mode="11"
 points="1.39521 8.71455,
	1.39698 8.71101,
	1.39698 8.70747,
	1.39964 8.70393,
	1.39964 8.7004,
	1.40671 8.69332,
	1.43503 8.67828,
	1.44918 8.67032,
	1.45626 8.66678,
	1.47041 8.66412,
	1.48457 8.66412,
	1.49165 8.66589,
	1.49519 8.66589,
	1.5235 8.68005,
	1.53765 8.68801,
	1.54119 8.68978,
	1.54739 8.69686,
	1.55004 8.7004,
	1.55004 8.71455,
	1.54916 8.72163,
	1.54208 8.73579,
	1.53765 8.74286,
	1.53235 8.75702,
	1.52527 8.76233,
	1.49696 8.77294,
	1.48988 8.77383,
	1.48634 8.7756,
	1.47218 8.77471,
	1.45803 8.77117,
	1.45095 8.7694,
	1.44741 8.7694,
	1.4191 8.74994,
	1.41202 8.74552,
	1.40848 8.74463,
	1.40318 8.73844,
	1.40052 8.7349,
	1.39875 8.73313,
	1.39787 8.72959,
	1.39521 8.72605,
	1.39521 8.71898,
	1.39521 8.71544,
	"/>
</Transform>

<Transform dim="0"
 xcoef=" 0 1 0 0 0 0"
 ycoef=" 0 0 1 0 0 0">
<Contour name="ddh_d08ax09b" comment="traced by ddh" hidden="false" closed="true" simplified="true" border="0 1 1" fill="0 1 1" mode="11"
 points="3.93399 3.76912,
	3.9378 3.75387,
	3.93971 3.74625,
	3.94447 3.73862,
	3.9521 3.73386,
	3.95972 3.73195,
	3.97497 3.72528,
	3.98259 3.72242,
	3.99784 3.72147,
	4.01309 3.72433,
	4.02071 3.72719,
	4.02452 3.73005,
	4.02643 3.73005,
	4.04168 3.74244,
	4.0493 3.74911,
	4.05693 3.75292,
	4.06074 3.75482,
	4.09123 3.75482,
	4.10648 3.75197,
	4.11411 3.74911,
	4.12173 3.74339,
	4.13507 3.72814,
	4.13698 3.72433,
	4.1446 3.7167,
	4.15985 3.70717,
	4.16747 3.70336,
	4.17129 3.70146,
	4.18653 3.7005,
	4.21703 3.70241,
	4.24753 3.70908,
	4.25515 3.71194,
	4.25896 3.71385,
	4.26277 3.71385,
	4.27802 3.71956,
	4.28565 3.72242,
	4.31614 3.72338,
	4.31805 3.72528,
	4.32567 3.72623,
	4.35617 3.73672,
	4.35998 3.73767,
	4.3676 3.74244,
	4.37523 3.74434,
	4.39048 3.74434,
	4.40572 3.74244,
	4.41335 3.74244,
	4.41716 3.74053,
	4.44766 3.73767,
	4.50865 3.74053,
	4.53914 3.74053,
	4.55439 3.73958,
	4.56964 3.73672,
	4.58489 3.73576,
	4.60014 3.73291,
	4.60776 3.73005,
	4.62301 3.72719,
	4.62682 3.72528,
	4.64207 3.72338,
	4.67256 3.7148,
	4.68019 3.71385,
	4.68781 3.71003,
	4.69544 3.70908,
	4.72593 3.69669,
	4.74118 3.69002,
	4.7488 3.68716,
	4.75262 3.6843,
	4.76786 3.67858,
	4.77549 3.67573,
	4.78311 3.67096,
	4.79836 3.6662,
	4.80598 3.66334,
	4.81361 3.65857,
	4.82886 3.65381,
	4.83648 3.6519,
	4.85173 3.65285,
	4.85935 3.65285,
	4.8746 3.65571,
	4.88985 3.65667,
	4.9051 3.65571,
	4.91272 3.65571,
	4.94322 3.64237,
	4.95847 3.63379,
	4.97371 3.63093,
	4.98134 3.63189,
	4.98515 3.63284,
	5.01565 3.62617,
	5.03089 3.62331,
	5.06139 3.6214,
	5.09189 3.6214,
	5.09951 3.62331,
	5.10332 3.62331,
	5.11095 3.62808,
	5.11857 3.63093,
	5.13382 3.64428,
	5.14907 3.65571,
	5.17956 3.6843,
	5.19481 3.69479,
	5.21006 3.70241,
	5.27105 3.72433,
	5.2863 3.73195,
	5.30155 3.74529,
	5.31489 3.76054,
	5.33014 3.77293,
	5.34538 3.78723,
	5.36063 3.79962,
	5.36826 3.80533,
	5.38064 3.82058,
	5.38636 3.82821,
	5.40161 3.83869,
	5.41686 3.84631,
	5.44735 3.8568,
	5.45498 3.85775,
	5.45879 3.85775,
	5.46641 3.86061,
	5.49691 3.86537,
	5.51216 3.86728,
	5.52741 3.87204,
	5.53503 3.87681,
	5.53789 3.88062,
	5.5398 3.88824,
	5.53408 3.90349,
	5.52645 3.91016,
	5.51121 3.91779,
	5.49596 3.92065,
	5.46546 3.9216,
	5.45021 3.92065,
	5.43497 3.91588,
	5.41972 3.90921,
	5.40447 3.9054,
	5.40066 3.9054,
	5.39685 3.90349,
	5.39303 3.90349,
	5.38922 3.90159,
	5.3816 3.90159,
	5.36635 3.89682,
	5.3511 3.89492,
	5.32061 3.88062,
	5.30536 3.8749,
	5.27486 3.86823,
	5.25961 3.86728,
	5.24437 3.86061,
	5.22912 3.85775,
	5.19862 3.84345,
	5.16813 3.82725,
	5.15288 3.81868,
	5.12238 3.7939,
	5.06139 3.76245,
	5.03089 3.75197,
	5.01565 3.74815,
	5.00802 3.74815,
	4.99277 3.74529,
	4.96228 3.73672,
	4.94703 3.73386,
	4.93178 3.73291,
	4.92416 3.73195,
	4.89366 3.73576,
	4.86316 3.73767,
	4.84792 3.73958,
	4.84029 3.74053,
	4.7793 3.77103,
	4.76405 3.7796,
	4.7488 3.79009,
	4.71831 3.80724,
	4.68781 3.82153,
	4.67256 3.82821,
	4.64207 3.83392,
	4.61157 3.83678,
	4.58108 3.83583,
	4.52008 3.84059,
	4.51246 3.8425,
	4.50865 3.8425,
	4.50102 3.84536,
	4.48578 3.84631,
	4.47815 3.84822,
	4.47434 3.84822,
	4.46672 3.85108,
	4.45147 3.85203,
	4.43622 3.85775,
	4.4286 3.86156,
	4.41335 3.8749,
	4.40287 3.89015,
	4.39715 3.89777,
	4.3819 3.92827,
	4.37618 3.94352,
	4.37523 3.95114,
	4.36951 3.96639,
	4.36856 3.97401,
	4.36189 3.98926,
	4.35807 3.99689,
	4.3333 4.02738,
	4.30375 4.05502,
	4.28851 4.06741,
	4.25801 4.08933,
	4.22751 4.10362,
	4.21989 4.10648,
	4.20464 4.10744,
	4.17415 4.10267,
	4.14365 4.09219,
	4.13603 4.09123,
	4.1284 4.08837,
	4.12078 4.08742,
	4.10553 4.0798,
	4.09028 4.06455,
	4.07408 4.03405,
	4.0655 4.01881,
	4.05502 4.00356,
	4.04263 3.98831,
	4.03787 3.98069,
	4.03596 3.97687,
	4.03215 3.97306,
	4.0169 3.94257,
	4.01499 3.93494,
	4.0026 3.90445,
	3.99975 3.89682,
	3.97973 3.86633,
	3.97116 3.85108,
	3.96067 3.83583,
	3.95305 3.82821,
	3.94352 3.81296,
	3.93875 3.80533,
	3.93399 3.79009,
	3.93399 3.77484,
	3.93399 3.77103,
	3.93399 3.77007,
	"/>
</Transform>

</Section>