<?xml version="1.0"?>
<!DOCTYPE Section SYSTEM "section.dtd">

<Section index="83" thickness="0.045" alignLocked="true">
<Transform dim="1"
 xcoef=" 3.68999999999996 1 0 0 0 0"
 ycoef=" 2.47999999999999 0 1 0 0 0">
<Contour name="D04" hidden="false" closed="true" simplified="true" border="1 0 0" fill="1 0 0" mode="11"
 points="5.46492 7.32996,
	5.46778 7.29096,
	5.47628 7.25281,
	5.49024 7.21634,
	5.50936 7.18235,
	5.53323 7.15158,
	5.56131 7.1247,
	5.59299 7.1023,
	5.6276 7.08487,
	5.66436 7.07278,
	5.70248 7.0663,
	5.74113 7.06558,
	5.77947 7.07063,
	5.81665 7.08133,
	5.85186 7.09746,
	5.88435 7.11866,
	5.91339 7.14447,
	5.93836 7.17432,
	5.95871 7.20758,
	5.97399 7.2435,
	5.98388 7.28131,
	5.98816 7.32018,
	5.98673 7.35926,
	5.97963 7.39771,
	5.96701 7.43467,
	5.94914 7.46936,
	5.92642 7.501,
	5.89934 7.52891,
	5.86849 7.55248,
	5.83455 7.57119,
	5.79825 7.58464,
	5.76039 7.59254,
	5.72179 7.59471,
	5.6833 7.5911,
	5.64576 7.58179,
	5.60998 7.56699,
	5.57674 7.54702,
	5.54678 7.52231,
	5.52073 7.49341,
	5.49918 7.46094,
	5.48259 7.42562,
	5.47133 7.3882,
	"/>
</Transform>

<Transform dim="1"
 xcoef=" 0.54 1 0 0 0 0"
 ycoef=" -0.13 0 1 0 0 0">
<Contour name="D05" hidden="false" closed="true" simplified="true" border="1 1 0" fill="1 1 0" mode="11"
 points="2.69299 3.97404,
	2.70475 3.90163,
	2.73888 3.83632,
	2.79205 3.78448,
	2.85904 3.7512,
	2.93329 3.73974,
	3.00755 3.7512,
	3.07454 3.78448,
	3.12771 3.83632,
	3.16184 3.90163,
	3.1736 3.97404,
	3.16184 4.04644,
	3.12771 4.11175,
	3.07454 4.16359,
	3.00755 4.19687,
	2.93329 4.20833,
	2.85904 4.19687,
	2.79205 4.16359,
	2.73888 4.11175,
	"/>
</Transform>

<Transform dim="0"
 xcoef=" 0 1 0 0 0 0"
 ycoef=" 0 0 1 0 0 0">
<Contour name="d01" hidden="false" closed="true" simplified="true" border="1 0.5 0" fill="1 0.5 0" mode="9"
 points="4.92873 2.6611,
	4.93391 2.61968,
	4.94944 2.57827,
	4.94427 2.53685,
	4.9598 2.45401,
	4.99604 2.42295,
	5.00639 2.40224,
	4.99604 2.3194,
	5.00121 2.27799,
	5.03228 2.23657,
	5.04781 2.22104,
	5.13065 2.2055,
	5.15135 2.2055,
	5.23419 2.16926,
	5.26525 2.1382,
	5.27561 2.12785,
	5.27561 2.11749,
	5.29632 2.09678,
	5.29632 2.08643,
	5.31703 2.0709,
	5.32738 2.05019,
	5.34809 2.02948,
	5.37398 1.98806,
	5.38433 1.96735,
	5.38951 1.92593,
	5.40504 1.88452,
	5.42057 1.86898,
	5.43093 1.87416,
	5.46717 1.957,
	5.50341 1.98288,
	5.51376 2.06572,
	5.50858 2.10714,
	5.51376 2.14856,
	5.51894 2.16926,
	5.53965 2.1848,
	5.52412 2.14338,
	5.52412 2.12267,
	5.52929 2.11231,
	5.56036 2.19515,
	5.56553 2.2055,
	5.56036 2.22621,
	5.5966 2.30905,
	5.60177 2.32976,
	5.62248 2.34011,
	5.63284 2.35047,
	5.62766 2.39189,
	5.59142 2.42813,
	5.59142 2.43848,
	5.63284 2.43848,
	5.64837 2.45401,
	5.65872 2.45919,
	5.6639 2.45401,
	5.64319 2.41259,
	5.64319 2.39189,
	5.64837 2.38153,
	5.65872 2.38671,
	5.68461 2.46954,
	5.71567 2.50578,
	5.72085 2.58862,
	5.73121 2.60933,
	5.73121 2.65075,
	5.72603 2.67146,
	5.70014 2.71287,
	5.70532 2.73358,
	5.74156 2.775,
	5.75191 2.78536,
	5.73638 2.82677,
	5.72603 2.83713,
	5.68461 2.84748,
	5.61213 2.92514,
	5.57589 2.95103,
	5.50341 3.02869,
	5.46717 3.0701,
	5.45681 3.07528,
	5.45163 3.1167,
	5.41539 3.15294,
	5.39469 3.16329,
	5.37398 3.15294,
	5.36362 3.14259,
	5.35327 3.10117,
	5.34291 3.08046,
	5.3222 3.06493,
	5.28079 3.0701,
	5.26008 3.08046,
	5.24972 3.08046,
	5.21348 3.12188,
	5.19795 3.13741,
	5.11511 3.13741,
	5.09441 3.12705,
	5.05816 3.08564,
	5.03746 3.08046,
	4.99604 3.08564,
	4.98568 3.09081,
	4.98051 3.08564,
	5.00121 3.0701,
	5.0271 2.98727,
	5.02192 2.94585,
	4.98568 2.86301,
	4.98568 2.8216,
	4.99604 2.81124,
	4.98051 2.76982,
	4.98051 2.75947,
	4.9598 2.74394,
	4.93909 2.70252,
	4.92873 2.68181,
	4.92873 2.66628,
	"/>
</Transform>

<Transform dim="0"
 xcoef=" 0 1 0 0 0 0"
 ycoef=" 0 0 1 0 0 0">
<Contour name="d01" hidden="false" closed="true" simplified="true" border="1 0.5 0" fill="1 0.5 0" mode="9"
 points="6.53421 3.96268,
	6.5595 3.89523,
	6.57637 3.86151,
	6.62274 3.72661,
	6.62695 3.69288,
	6.61009 3.55798,
	6.60166 3.42308,
	6.59323 3.40622,
	6.56372 3.3725,
	6.54264 3.33877,
	6.54686 3.30505,
	6.55107 3.28818,
	6.56372 3.27132,
	6.56794 3.26711,
	6.5848 3.27132,
	6.59323 3.27554,
	6.62274 3.25024,
	6.6396 3.2376,
	6.67333 3.22495,
	6.69019 3.23338,
	6.6944 3.25024,
	6.6944 3.25867,
	6.67754 3.27554,
	6.67754 3.30926,
	6.66068 3.34299,
	6.65225 3.37671,
	6.64803 3.38514,
	6.67333 3.45259,
	6.67754 3.48632,
	6.6944 3.52004,
	6.69862 3.52847,
	6.73235 3.53269,
	6.74921 3.52847,
	6.77029 3.55798,
	6.78293 3.59171,
	6.78715 3.62543,
	6.79136 3.6423,
	6.78293 3.70975,
	6.7745 3.74347,
	6.7197 3.87837,
	6.70705 3.9121,
	6.57215 3.97955,
	6.53843 3.99641,
	6.53421 3.98798,
	6.53843 3.97111,
	6.53421 3.9669,
	"/>
</Transform>

<Transform dim="0"
 xcoef=" 0 1 0 0 0 0"
 ycoef=" 0 0 1 0 0 0">
<Contour name="d02" hidden="false" closed="true" simplified="true" border="0.5 0 1" fill="0.5 0 1" mode="9"
 points="3.89989 6.32477,
	3.90446 6.3065,
	3.93186 6.27454,
	3.95013 6.26084,
	3.95926 6.2243,
	4.00036 6.15124,
	4.01863 6.13754,
	4.05516 6.13754,
	4.12822 6.17864,
	4.16476 6.20604,
	4.18302 6.2243,
	4.19216 6.24257,
	4.19216 6.2791,
	4.19216 6.29737,
	4.18302 6.31564,
	4.14649 6.3202,
	4.07342 6.34303,
	4.03689 6.3613,
	4.00036 6.36587,
	3.96383 6.3613,
	3.92729 6.3476,
	3.90903 6.34303,
	3.89989 6.3339,
	3.89989 6.32933,
	"/>
</Transform>

<Transform dim="0"
 xcoef=" 0 1 0 0 0 0"
 ycoef=" 0 0 1 0 0 0">
<Contour name="d02" hidden="false" closed="true" simplified="true" border="0.5 0 1" fill="0.5 0 1" mode="9"
 points="3.95107 6.41492,
	3.96099 6.405,
	3.96099 6.39509,
	4.04031 6.36038,
	4.11963 6.34551,
	4.13945 6.34055,
	4.17911 6.35047,
	4.19894 6.36038,
	4.21382 6.38021,
	4.21382 6.41987,
	4.20886 6.42979,
	4.1692 6.43475,
	4.14937 6.4397,
	4.10475 6.51406,
	4.07997 6.53885,
	4.04031 6.54381,
	4.02048 6.54381,
	4.0056 6.52894,
	4.01552 6.50911,
	4.0056 6.48928,
	3.9709 6.46449,
	3.95107 6.44466,
	3.95107 6.42483,
	3.95107 6.41987,
	"/>
</Transform>

<Transform dim="0"
 xcoef=" 0 1 0 0 0 0"
 ycoef=" 0 0 1 0 0 0">
<Contour name="d03" hidden="false" closed="true" simplified="true" border="0 1 0" fill="0 1 0" mode="9"
 points="3.23602 2.15019,
	3.25034 2.112,
	3.2575 2.09291,
	3.26227 2.08337,
	3.28136 2.07382,
	3.30045 2.07143,
	3.31954 2.07382,
	3.32909 2.07621,
	3.33148 2.15257,
	3.32909 2.22894,
	3.32909 2.24803,
	3.31954 2.25042,
	3.30045 2.24803,
	3.29091 2.24803,
	3.2575 2.21223,
	3.24556 2.19314,
	3.23602 2.15496,
	3.23602 2.15257,
	"/>
</Transform>

<Transform dim="0"
 xcoef=" 0 1 0 0 0 0"
 ycoef=" 0 0 1 0 0 0">
<Contour name="d03" hidden="false" closed="true" simplified="true" border="0 1 0" fill="0 1 0" mode="9"
 points="2.51444 2.66286,
	2.51662 2.62793,
	2.55154 2.59847,
	2.58646 2.5821,
	2.62139 2.58974,
	2.63885 2.59301,
	2.67377 2.60502,
	2.70869 2.62029,
	2.71742 2.62357,
	2.78727 2.67268,
	2.80473 2.68578,
	2.81237 2.69123,
	2.80146 2.7076,
	2.784 2.70978,
	2.77526 2.71197,
	2.7578 2.70978,
	2.74907 2.70869,
	2.74471 2.70978,
	2.72725 2.72179,
	2.71852 2.72834,
	2.70978 2.73161,
	2.63994 2.74143,
	2.62248 2.74252,
	2.58755 2.74034,
	2.57009 2.73707,
	2.53517 2.72615,
	2.52644 2.72288,
	2.52317 2.71415,
	2.51553 2.67923,
	2.51444 2.6705,
	2.51444 2.66613,
	2.51444 2.66395,
	"/>
</Transform>

<Transform dim="0"
 xcoef=" 0 1 0 0 0 0"
 ycoef=" 0 0 1 0 0 0">
<Contour name="d01c08" hidden="false" closed="true" simplified="true" border="0 1 0" fill="0 1 0" mode="9"
 points="6.56785 3.49133,
	6.57583 3.47006,
	6.5971 3.4541,
	6.60242 3.45144,
	6.62635 3.49133,
	6.63698 3.5126,
	6.63964 3.59769,
	6.63964 3.64024,
	6.63964 3.66151,
	6.63432 3.68278,
	6.63167 3.69342,
	6.62635 3.69874,
	6.61571 3.69608,
	6.61039 3.69608,
	6.59976 3.68544,
	6.59976 3.6429,
	6.59976 3.63226,
	6.59976 3.62694,
	6.57317 3.5844,
	6.56785 3.54185,
	6.56785 3.49931,
	6.56785 3.49399,
	"/>
<Contour name="d01c08" hidden="false" closed="true" simplified="true" border="0 1 0" fill="0 1 0" mode="9"
 points="6.54126 3.81839,
	6.56519 3.77851,
	6.57583 3.76787,
	6.58912 3.7466,
	6.59444 3.73862,
	6.61571 3.75458,
	6.62635 3.76255,
	6.62901 3.76787,
	6.62103 3.78914,
	6.60773 3.81042,
	6.59976 3.83169,
	6.5971 3.85296,
	6.55987 3.88221,
	6.55455 3.88221,
	6.54392 3.87157,
	6.54126 3.82903,
	6.54126 3.82105,
	"/>
<Contour name="d01cfa08" hidden="false" closed="false" simplified="false" border="0 1 1" fill="0 1 1" mode="9"
 points="6.62588 3.69309,
	6.61525 3.60268,
	6.60993 3.50696,
	6.59929 3.45112,
	"/>
<Contour name="d01cfa08" hidden="false" closed="false" simplified="false" border="0 1 1" fill="0 1 1" mode="9"
 points="6.55941 3.87391,
	6.586 3.82072,
	6.60993 3.75425,
	"/>
</Transform>

<Transform dim="0"
 xcoef=" 0 1 0 0 0 0"
 ycoef=" 0 0 1 0 0 0">
<Contour name="d06" hidden="false" closed="true" simplified="true" border="0 0 1" fill="0 0 1" mode="9"
 points="1.93119 7.48233,
	1.94234 7.46004,
	1.98414 7.42102,
	2.00643 7.39873,
	2.00922 7.35414,
	2.03988 7.31791,
	2.04824 7.30677,
	2.07053 7.29841,
	2.11512 7.29283,
	2.13741 7.28447,
	2.14298 7.28447,
	2.16528 7.27054,
	2.25445 7.24267,
	2.27675 7.23431,
	2.32133 7.20645,
	2.33248 7.20087,
	2.37707 7.20087,
	2.39936 7.20366,
	2.41051 7.20645,
	2.4328 7.22038,
	2.47739 7.22038,
	2.49968 7.22038,
	2.50526 7.22038,
	2.52755 7.2371,
	2.54984 7.24267,
	2.59443 7.24546,
	2.63902 7.26218,
	2.65853 7.2789,
	2.67803 7.30119,
	2.68082 7.34578,
	2.68639 7.35135,
	2.68639 7.44053,
	2.68639 7.45168,
	2.69754 7.47397,
	2.70311 7.49626,
	2.70311 7.51856,
	2.70033 7.5297,
	2.65853 7.56036,
	2.64181 7.58265,
	2.63066 7.59101,
	2.60837 7.5938,
	2.59722 7.59659,
	2.57492 7.61609,
	2.56378 7.62167,
	2.55263 7.63281,
	2.54148 7.63839,
	2.53591 7.64953,
	2.53591 7.66068,
	2.54427 7.66904,
	2.58886 7.67183,
	2.60001 7.67183,
	2.6223 7.68297,
	2.66689 7.72756,
	2.67246 7.73313,
	2.67246 7.77772,
	2.65853 7.80002,
	2.65853 7.80559,
	2.63623 7.82788,
	2.61673 7.84182,
	2.52755 7.84182,
	2.48296 7.84182,
	2.43838 7.85018,
	2.3492 7.85296,
	2.30461 7.85296,
	2.28232 7.85296,
	2.27117 7.85296,
	2.22659 7.83346,
	2.182 7.8028,
	2.17085 7.79444,
	2.16528 7.78887,
	2.15692 7.76658,
	2.1179 7.73035,
	2.10397 7.71084,
	2.09282 7.69969,
	2.08725 7.69133,
	2.08168 7.69133,
	2.0761 7.68576,
	2.06496 7.68297,
	2.02316 7.65232,
	2.00365 7.63003,
	2.00086 7.61888,
	1.98135 7.59937,
	1.97578 7.59101,
	1.97021 7.58823,
	1.96185 7.56593,
	1.94513 7.54642,
	1.93398 7.53528,
	1.93119 7.52413,
	1.93398 7.51298,
	1.93677 7.50741,
	1.93119 7.49626,
	1.93119 7.48512,
	"/>
</Transform>

<Transform dim="0"
 xcoef=" 0 1 0 0 0 0"
 ycoef=" 0 0 1 0 0 0">
<Contour name="d06" hidden="false" closed="true" simplified="true" border="0 0 1" fill="0 0 1" mode="9"
 points="4.09647 7.55757,
	4.13549 7.52134,
	4.18007 7.49626,
	4.20237 7.4879,
	4.21351 7.48512,
	4.22466 7.47676,
	4.23581 7.47397,
	4.24695 7.46561,
	4.26925 7.46561,
	4.29154 7.47397,
	4.30269 7.47954,
	4.30547 7.50184,
	4.30269 7.52413,
	4.29711 7.5297,
	4.29711 7.53528,
	4.27761 7.55757,
	4.23581 7.58823,
	4.21351 7.60216,
	4.16893 7.60773,
	4.12434 7.60773,
	4.11319 7.60773,
	4.10204 7.59937,
	4.09647 7.5938,
	4.09647 7.57151,
	4.09647 7.56036,
	"/>
</Transform>

<Transform dim="0"
 xcoef=" 0 1 0 0 0 0"
 ycoef=" 0 0 1 0 0 0">
<Contour name="d07" hidden="false" closed="true" simplified="true" border="1 0 1" fill="1 0 1" mode="9"
 points="1.99439 7.82415,
	2.06452 7.81977,
	2.13466 7.85922,
	2.16972 7.8899,
	2.18726 7.90744,
	2.18287 7.9425,
	2.16096 7.97757,
	2.12589 7.99948,
	2.10836 8.01263,
	2.07329 8.0214,
	2.03822 8.0214,
	2.02069 8.0214,
	2.00316 8.01263,
	1.99439 7.9951,
	1.99439 7.85484,
	1.99439 7.8373,
	1.99439 7.82854,
	"/>
</Transform>

<Transform dim="0"
 xcoef=" 0 1 0 0 0 0"
 ycoef=" 0 0 1 0 0 0">
<Contour name="d07" hidden="false" closed="true" simplified="true" border="1 0 1" fill="1 0 1" mode="9"
 points="2.29554 7.88948,
	2.31079 7.85898,
	2.3413 7.84754,
	2.40231 7.85135,
	2.46332 7.8361,
	2.52433 7.83228,
	2.58534 7.85135,
	2.61585 7.84754,
	2.67686 7.82847,
	2.69211 7.82847,
	2.75312 7.79415,
	2.78363 7.76746,
	2.82938 7.70645,
	2.94759 7.58443,
	2.96285 7.56917,
	2.97047 7.55392,
	2.97428 7.54629,
	2.96285 7.51579,
	2.96285 7.50816,
	2.94759 7.51198,
	2.91327 7.45478,
	2.90183 7.42427,
	2.89421 7.40902,
	2.89421 7.39377,
	2.8637 7.36326,
	2.85226 7.34801,
	2.84464 7.34038,
	2.84082 7.30988,
	2.84464 7.27937,
	2.86752 7.21836,
	2.87896 7.18785,
	2.87896 7.1726,
	2.87896 7.16498,
	2.90946 7.14972,
	2.93997 7.12684,
	2.95522 7.1154,
	3.07724 7.1154,
	3.10775 7.11922,
	3.123 7.12303,
	3.13063 7.12303,
	3.16113 7.14972,
	3.19164 7.16498,
	3.25265 7.18404,
	3.31366 7.21073,
	3.34416 7.2298,
	3.40517 7.24887,
	3.46619 7.29844,
	3.5272 7.32894,
	3.5577 7.3442,
	3.58821 7.34801,
	3.61871 7.35945,
	3.64922 7.38233,
	3.67972 7.39758,
	3.74074 7.44715,
	3.75599 7.4624,
	3.78649 7.46622,
	3.80175 7.47003,
	3.83225 7.49291,
	3.8475 7.50435,
	3.87801 7.50435,
	3.90852 7.51579,
	3.91995 7.52723,
	3.91995 7.53485,
	3.95046 7.55011,
	3.96571 7.55011,
	3.99622 7.56536,
	4.05723 7.56536,
	4.08773 7.56536,
	4.11824 7.5768,
	4.14875 7.59587,
	4.17925 7.62637,
	4.20976 7.64162,
	4.22501 7.64925,
	4.23264 7.65688,
	4.22882 7.71789,
	4.22501 7.74839,
	4.19832 7.7789,
	4.16781 7.79796,
	4.11824 7.85898,
	4.09536 7.88948,
	4.03435 7.94668,
	4.02291 7.95812,
	4.01528 8.01913,
	4.0191 8.08014,
	4.03816 8.14115,
	4.03816 8.20216,
	4.05342 8.32418,
	4.05342 8.35469,
	4.05342 8.36994,
	4.05342 8.37757,
	4.03816 8.3852,
	4.00766 8.37376,
	3.99241 8.36613,
	3.93902 8.30512,
	3.90089 8.24411,
	3.87038 8.21741,
	3.85513 8.20216,
	3.8475 8.17166,
	3.87038 8.11065,
	3.90852 8.04963,
	3.91614 8.04201,
	3.91614 7.981,
	3.90852 7.95049,
	3.8742 7.88948,
	3.81319 7.86279,
	3.78268 7.84372,
	3.76743 7.83228,
	3.64541 7.82847,
	3.63015 7.83991,
	3.56914 7.85135,
	3.55389 7.85135,
	3.52338 7.86279,
	3.50813 7.8666,
	3.49288 7.87804,
	3.43187 7.88948,
	3.37086 7.88948,
	3.34035 7.88948,
	3.3251 7.88948,
	3.26409 7.85898,
	3.25646 7.85135,
	3.24502 7.82084,
	3.22214 7.79034,
	3.21452 7.77509,
	3.18782 7.74458,
	3.17257 7.73314,
	3.16494 7.72551,
	3.04292 7.73314,
	3.01242 7.73695,
	2.95141 7.75602,
	2.94378 7.75602,
	2.93997 7.77127,
	2.93234 7.7789,
	2.92853 7.79415,
	2.87896 7.85516,
	2.84845 7.88185,
	2.8332 7.89711,
	2.80269 7.91236,
	2.74168 7.9238,
	2.72643 7.92761,
	2.60441 7.90473,
	2.58915 7.90473,
	2.55865 7.92761,
	2.54339 7.94287,
	2.48238 7.97337,
	2.47476 7.97718,
	2.41375 7.95812,
	2.35274 7.95431,
	2.32223 7.93143,
	2.30698 7.91617,
	2.29935 7.90092,
	2.29554 7.89329,
	"/>
</Transform>

<Transform dim="0"
 xcoef=" 0 1 0 0 0 0"
 ycoef=" 0 0 1 0 0 0">
<Contour name="d07c14a" hidden="false" closed="true" simplified="true" border="1 0 0" fill="0 1 0" mode="9"
 points="1.94091 7.89711,
	1.96379 7.87042,
	1.97142 7.85516,
	1.97523 7.84754,
	1.99048 7.84754,
	1.99811 7.84754,
	2.00574 7.85516,
	2.01336 7.91617,
	2.01336 7.97718,
	2.00955 7.99244,
	1.97904 7.99625,
	1.96379 7.98862,
	1.94854 7.97337,
	1.94091 7.95812,
	1.94091 7.90092,
	"/>
<Contour name="d07cfa14a" hidden="false" closed="false" simplified="false" border="0 1 1" fill="0 1 1" mode="9"
 points="1.9907 7.98872,
	1.98688 7.93534,
	1.9907 7.84764,
	"/>
</Transform>

<Transform dim="0"
 xcoef=" 0 1 0 0 0 0"
 ycoef=" 0 0 1 0 0 0">
<Contour name="d08" hidden="false" closed="true" simplified="true" border="1 0 0" fill="1 0 0" mode="9"
 points="5.58904 3.31448,
	5.59789 3.27908,
	5.61117 3.26138,
	5.62444 3.22598,
	5.63329 3.20828,
	5.66869 3.18615,
	5.7395 3.18615,
	5.8103 3.17288,
	5.8811 3.17288,
	5.87668 3.1596,
	5.8811 3.15517,
	5.8988 3.16402,
	5.91651 3.18173,
	5.95191 3.195,
	5.98288 3.2304,
	5.98731 3.37201,
	5.98288 3.44281,
	5.97846 3.46051,
	5.92093 3.52247,
	5.88995 3.54902,
	5.87225 3.56229,
	5.8634 3.57114,
	5.85455 3.57114,
	5.828 3.60212,
	5.8103 3.61982,
	5.7395 3.6154,
	5.7041 3.60655,
	5.69524 3.5977,
	5.65984 3.59327,
	5.62887 3.55787,
	5.62887 3.54902,
	5.61559 3.53132,
	5.61559 3.51362,
	5.59346 3.47821,
	5.58904 3.33661,
	5.58904 3.31891,
	"/>
<Contour name="d08" hidden="false" closed="true" simplified="true" border="1 0 0" fill="1 0 0" mode="9"
 points="5.09784 4.1243,
	5.11112 4.08889,
	5.11112 4.01809,
	5.11997 3.98269,
	5.11997 3.91189,
	5.12882 3.84108,
	5.16864 3.7747,
	5.18192 3.7393,
	5.18635 3.7039,
	5.18635 3.6862,
	5.20405 3.67292,
	5.23945 3.6685,
	5.38105 3.67292,
	5.39876 3.6685,
	5.42973 3.63752,
	5.45186 3.60655,
	5.46513 3.58884,
	5.50054 3.57557,
	5.56691 3.57999,
	5.55806 3.58442,
	5.55806 3.59327,
	5.59346 3.61097,
	5.60232 3.61097,
	5.61117 3.61982,
	5.64657 3.62425,
	5.68197 3.64195,
	5.69967 3.65965,
	5.7041 3.80126,
	5.69967 3.83666,
	5.68197 3.87206,
	5.67312 3.88976,
	5.67312 3.92516,
	5.68197 3.94286,
	5.68197 3.97826,
	5.66869 3.99596,
	5.66869 4.00481,
	5.60232 4.06234,
	5.56691 4.08447,
	5.54921 4.09332,
	5.40761 4.09774,
	5.38991 4.11102,
	5.38105 4.11102,
	5.31025 4.15527,
	5.27485 4.1774,
	5.25715 4.19067,
	5.18635 4.19067,
	5.15094 4.19067,
	5.11554 4.16855,
	5.10227 4.15085,
	5.09784 4.13315,
	5.09784 4.12872,
	"/>
</Transform>

<Transform dim="0"
 xcoef=" 0 1 0 0 0 0"
 ycoef=" 0 0 1 0 0 0">
<Contour name="d08" hidden="false" closed="true" simplified="true" border="1 0 0" fill="1 0 0" mode="9"
 points="5.12439 3.17288,
	5.13324 3.15517,
	5.16864 3.13305,
	5.20405 3.13305,
	5.2129 3.13305,
	5.2306 3.11535,
	5.2483 3.07995,
	5.2837 3.05339,
	5.3014 3.04012,
	5.3191 3.05339,
	5.3191 3.1242,
	5.3191 3.13305,
	5.3014 3.13747,
	5.29255 3.14632,
	5.29698 3.16402,
	5.31468 3.18173,
	5.31468 3.21713,
	5.31468 3.23483,
	5.29255 3.25695,
	5.22175 3.27023,
	5.18635 3.27023,
	5.16864 3.2658,
	5.13324 3.23483,
	5.12439 3.19943,
	5.12439 3.18173,
	5.12439 3.1773,
	"/>
</Transform>

<Transform dim="0"
 xcoef=" 0 1 0 0 0 0"
 ycoef=" 0 0 1 0 0 0">
<Contour name="d08c10" hidden="false" closed="true" simplified="true" border="1 0 0" fill="0 1 0" mode="9"
 points="5.68291 3.41419,
	5.69403 3.37861,
	5.70293 3.36081,
	5.71405 3.34747,
	5.74741 3.3141,
	5.76521 3.30298,
	5.80079 3.28964,
	5.83638 3.28964,
	5.85418 3.29186,
	5.87197 3.30743,
	5.88309 3.32523,
	5.90978 3.3964,
	5.92313 3.43199,
	5.92313 3.46758,
	5.9209 3.47647,
	5.90533 3.48759,
	5.89199 3.50539,
	5.87419 3.51651,
	5.8564 3.52318,
	5.83861 3.5343,
	5.80302 3.5432,
	5.78522 3.5432,
	5.76743 3.54765,
	5.73184 3.54765,
	5.71405 3.54765,
	5.70515 3.54542,
	5.68736 3.52985,
	5.68291 3.52096,
	5.68291 3.44978,
	5.68291 3.41642,
	"/>
</Transform>

<Transform dim="1"
 xcoef=" 0.01 1 0 0 0 0"
 ycoef=" 0.01 0 1 0 0 0">
<Contour name="d08cfa10" hidden="false" closed="true" simplified="true" border="0 1 0" fill="0 1 0" mode="9"
 points="5.68291 3.41419,
	5.69403 3.37861,
	5.70293 3.36081,
	5.71405 3.34747,
	5.74741 3.3141,
	5.76521 3.30298,
	5.80079 3.28964,
	5.83638 3.28964,
	5.85418 3.29186,
	5.87197 3.30743,
	5.88309 3.32523,
	5.90978 3.3964,
	5.92313 3.43199,
	5.92313 3.46758,
	5.9209 3.47647,
	5.90533 3.48759,
	5.89199 3.50539,
	5.87419 3.51651,
	5.8564 3.52318,
	5.83861 3.5343,
	5.80302 3.5432,
	5.78522 3.5432,
	5.76743 3.54765,
	5.73184 3.54765,
	5.71405 3.54765,
	5.70515 3.54542,
	5.68736 3.52985,
	5.68291 3.52096,
	5.68291 3.44978,
	5.68291 3.41642,
	"/>
<Contour name="d08cfa10" hidden="false" closed="false" simplified="false" border="0 1 1" fill="0 1 1" mode="9"
 points="5.92383 3.46142,
	5.90381 3.49923,
	5.83931 3.53037,
	5.76591 3.53927,
	5.72587 3.51925,
	"/>
</Transform>

<Transform dim="0"
 xcoef=" 0 1 0 0 0 0"
 ycoef=" 0 0 1 0 0 0">
<Contour name="D11" hidden="false" closed="true" simplified="true" border="1 0.5 0" fill="1 0.5 0" mode="11"
 points="4.85954 5.05055,
	4.86144 5.02878,
	4.86696 5.00914,
	4.87556 4.99355,
	4.8864 4.98355,
	4.89841 4.9801,
	4.91042 4.98355,
	4.92125 4.99355,
	4.92985 5.00914,
	4.93537 5.02878,
	4.93728 5.05055,
	4.93537 5.07232,
	4.92985 5.09196,
	4.92125 5.10755,
	4.91042 5.11756,
	4.89841 5.121,
	4.8864 5.11756,
	4.87556 5.10755,
	4.86696 5.09196,
	"/>
<Contour name="D11" hidden="false" closed="true" simplified="true" border="1 0.5 0" fill="1 0.5 0" mode="11"
 points="5.56406 4.1371,
	5.56774 4.1068,
	5.5786 4.07787,
	5.59617 4.05162,
	5.61964 4.02923,
	5.64796 4.01172,
	5.67984 3.99987,
	5.71384 3.99422,
	5.74843 3.99504,
	5.78205 4.00227,
	5.81316 4.01559,
	5.84038 4.03441,
	5.86247 4.05787,
	5.87842 4.08491,
	5.88752 4.1143,
	5.88937 4.14473,
	5.88386 4.17481,
	5.87126 4.20319,
	5.85213 4.22858,
	5.82734 4.24984,
	5.79801 4.266,
	5.76546 4.27634,
	5.73116 4.28038,
	5.69667 4.27795,
	5.66354 4.26916,
	5.63327 4.25439,
	5.60723 4.23433,
	5.58659 4.20987,
	5.5723 4.18212,
	"/>
</Transform>

<Transform dim="0"
 xcoef=" 0 1 0 0 0 0"
 ycoef=" 0 0 1 0 0 0">
<Contour name="D11" hidden="false" closed="true" simplified="true" border="1 0.5 0" fill="1 0.5 0" mode="11"
 points="5.25796 3.42043,
	5.26105 3.40392,
	5.27002 3.38902,
	5.28399 3.37719,
	5.3016 3.3696,
	5.32112 3.36699,
	5.34064 3.3696,
	5.35825 3.37719,
	5.37222 3.38902,
	5.38119 3.40392,
	5.38428 3.42043,
	5.38119 3.43695,
	5.37222 3.45185,
	5.35825 3.46367,
	5.34064 3.47126,
	5.32112 3.47388,
	5.3016 3.47126,
	5.28399 3.46367,
	5.27002 3.45185,
	"/>
</Transform>

<Transform dim="0"
 xcoef=" 0 1 0 0 0 0"
 ycoef=" 0 0 1 0 0 0">
<Contour name="D05" hidden="false" closed="true" simplified="true" border="1 1 0" fill="1 1 0" mode="11"
 points="3.15411 4.5501,
	3.15696 4.53433,
	3.16524 4.52011,
	3.17814 4.50882,
	3.1944 4.50158,
	3.21241 4.49908,
	3.23043 4.50158,
	3.24668 4.50882,
	3.25958 4.52011,
	3.26786 4.53433,
	3.27072 4.5501,
	3.26786 4.56586,
	3.25958 4.58008,
	3.24668 4.59137,
	3.23043 4.59862,
	3.21241 4.60111,
	3.1944 4.59862,
	3.17814 4.59137,
	3.16524 4.58008,
	"/>
</Transform>

<Transform dim="0"
 xcoef=" 0 1 0 0 0 0"
 ycoef=" 0 0 1 0 0 0">
<Contour name="D05" hidden="false" closed="true" simplified="true" border="1 1 0" fill="1 1 0" mode="11"
 points="2.80645 3.88308,
	2.80781 3.86516,
	2.81186 3.84769,
	2.81848 3.83111,
	2.82753 3.81585,
	2.83875 3.80228,
	2.85189 3.79076,
	2.86659 3.78156,
	2.8825 3.77493,
	2.8992 3.77103,
	2.91628 3.76996,
	2.93331 3.77174,
	2.94986 3.77634,
	2.9655 3.78363,
	2.97984 3.79343,
	2.99253 3.8055,
	3.00324 3.81952,
	3.01169 3.83515,
	3.01769 3.85199,
	3.02107 3.86961,
	3.02175 3.88758,
	3.01971 3.90543,
	3.01501 3.92272,
	3.00776 3.939,
	2.99815 3.95387,
	2.98641 3.96696,
	2.97286 3.97793,
	2.95781 3.9865,
	2.94167 3.99246,
	2.92483 3.99566,
	2.90772 3.99602,
	2.89078 3.99353,
	2.87442 3.98824,
	2.85907 3.98031,
	2.8451 3.96991,
	2.83288 3.95733,
	2.82272 3.94287,
	2.81486 3.9269,
	2.8095 3.90982,
	"/>
<Contour name="D05" hidden="false" closed="true" simplified="true" border="1 1 0" fill="1 1 0" mode="11"
 points="4.73944 4.57557,
	4.74197 4.54651,
	4.74933 4.52029,
	4.76079 4.49948,
	4.77523 4.48612,
	4.79124 4.48151,
	4.80724 4.48612,
	4.82168 4.49948,
	4.83314 4.52029,
	4.8405 4.54651,
	4.84304 4.57557,
	4.8405 4.60464,
	4.83314 4.63086,
	4.82168 4.65167,
	4.80724 4.66503,
	4.79124 4.66963,
	4.77523 4.66503,
	4.76079 4.65167,
	4.74933 4.63086,
	"/>
</Transform>

<Transform dim="0"
 xcoef=" 0 1 0 0 0 0"
 ycoef=" 0 0 1 0 0 0">
<Contour name="D19" hidden="false" closed="true" simplified="true" border="0 1 0" fill="0 1 0" mode="11"
 points="3.15423 8.186,
	3.15582 8.16294,
	3.16053 8.14025,
	3.16831 8.11829,
	3.17903 8.09739,
	3.19252 8.07789,
	3.20857 8.06009,
	3.22692 8.04428,
	3.24729 8.0307,
	3.26935 8.01957,
	3.29276 8.01107,
	3.31715 8.00533,
	3.34213 8.00243,
	3.3673 8.00243,
	3.39228 8.00533,
	3.41667 8.01107,
	3.44008 8.01957,
	3.46214 8.0307,
	3.48251 8.04428,
	3.50086 8.06009,
	3.51691 8.07789,
	3.5304 8.09739,
	3.54112 8.11829,
	3.5489 8.14025,
	3.55362 8.16294,
	3.5552 8.186,
	3.55362 8.20905,
	3.5489 8.23174,
	3.54112 8.2537,
	3.5304 8.2746,
	3.51691 8.29411,
	3.50086 8.3119,
	3.48251 8.32771,
	3.46214 8.34129,
	3.44008 8.35242,
	3.41667 8.36092,
	3.39228 8.36666,
	3.3673 8.36956,
	3.34213 8.36956,
	3.31715 8.36666,
	3.29276 8.36092,
	3.26935 8.35242,
	3.24729 8.34129,
	3.22692 8.32771,
	3.20857 8.3119,
	3.19252 8.29411,
	3.17903 8.2746,
	3.16831 8.2537,
	3.16053 8.23174,
	"/>
</Transform>

<Transform dim="0"
 xcoef=" 0 1 0 0 0 0"
 ycoef=" 0 0 1 0 0 0">
<Contour name="D19" hidden="false" closed="true" simplified="true" border="0 1 0" fill="0 1 0" mode="11"
 points="2.30081 6.02301,
	2.30378 6.00255,
	2.3124 5.98409,
	2.32583 5.96944,
	2.34275 5.96003,
	2.36151 5.95679,
	2.38026 5.96003,
	2.39718 5.96944,
	2.41061 5.98409,
	2.41923 6.00255,
	2.4222 6.02301,
	2.41923 6.04347,
	2.41061 6.06193,
	2.39718 6.07658,
	2.38026 6.08598,
	2.36151 6.08922,
	2.34275 6.08598,
	2.32583 6.07658,
	2.3124 6.06193,
	"/>
</Transform>

<Transform dim="0"
 xcoef=" 0 1 0 0 0 0"
 ycoef=" 0 0 1 0 0 0">
<Contour name="d07p12" hidden="false" closed="true" simplified="false" border="0.5 0 1" fill="0.5 0 1" mode="9"
 points="3.93848 7.85555,
	3.93103 7.85306,
	3.93848 7.85058,
	3.93351 7.84314,
	3.94096 7.8481,
	3.94344 7.84066,
	3.94592 7.8481,
	3.95336 7.84314,
	3.9484 7.85058,
	3.95585 7.85306,
	3.9484 7.85555,
	3.95336 7.86299,
	3.94592 7.85803,
	3.94344 7.86547,
	3.94096 7.85803,
	3.93351 7.86299,
	"/>
</Transform>

<Transform dim="0"
 xcoef=" 0 1 0 0 0 0"
 ycoef=" 0 0 1 0 0 0">
<Contour name="d07p14b" hidden="false" closed="true" simplified="false" border="1 0 0" fill="1 0 0" mode="-13"
 points="3.07491 7.59002,
	3.08732 7.57265,
	3.07491 7.55528,
	3.08236 7.55528,
	3.09228 7.57017,
	3.10221 7.55528,
	3.10965 7.55528,
	3.09724 7.57265,
	3.10965 7.59002,
	3.10221 7.59002,
	3.09228 7.57513,
	3.08236 7.59002,
	"/>
<Contour name="d07p14a" hidden="false" closed="true" simplified="false" border="1 0 0" fill="1 0 0" mode="-13"
 points="3.07491 7.59002,
	3.08732 7.57265,
	3.07491 7.55528,
	3.08236 7.55528,
	3.09228 7.57017,
	3.10221 7.55528,
	3.10965 7.55528,
	3.09724 7.57265,
	3.10965 7.59002,
	3.10221 7.59002,
	3.09228 7.57513,
	3.08236 7.59002,
	"/>
</Transform>

<Transform dim="0"
 xcoef=" 0 1 0 0 0 0"
 ycoef=" 0 0 1 0 0 0">
<Contour name="d08p10" hidden="false" closed="true" simplified="false" border="0 1 1" fill="0 1 1" mode="-13"
 points="5.60874 3.68757,
	5.61725 3.67907,
	5.58323 3.64505,
	5.59173 3.63654,
	5.62575 3.67056,
	5.63426 3.66206,
	5.63426 3.68757,
	"/>
</Transform>

<Transform dim="6"
 xcoef=" 0.155799660033104 1.00742124434764 0.0524207634207046 0 0 0"
 ycoef=" -0.258943460103761 -0.00769194886950444 1.01623558014782 0 0 0">
<Image mag="0.00217507" contrast="0.917" brightness="0.12" red="true" green="true" blue="true"
 src="FHLTD.83.jpg" />
<Contour name="domain1" hidden="false" closed="true" simplified="false" border="1 0 1" fill="1 0 1" mode="11"
 points="0 0,
	4096 0,
	4096 4096,
	0 4096,
	"/>
</Transform>

<Transform dim="0"
 xcoef=" 0 1 0 0 0 0"
 ycoef=" 0 0 1 0 0 0">
<Contour name="ax01" comment="LK bouton trace named after cfa" hidden="false" closed="true" simplified="true" border="0 1 1" fill="0.502 1 1" mode="9"
 points="5.40926 1.80632,
	5.41827 1.79523,
	5.43907 1.77373,
	5.45017 1.76264,
	5.46126 1.75432,
	5.46681 1.75016,
	5.46958 1.74946,
	5.47444 1.74461,
	5.49663 1.73143,
	5.51882 1.71965,
	5.52436 1.71687,
	5.54655 1.71341,
	5.55765 1.71202,
	5.57984 1.70647,
	5.59093 1.703,
	5.61312 1.69122,
	5.61867 1.68844,
	5.62976 1.68567,
	5.63531 1.68359,
	5.6575 1.68151,
	5.66304 1.68082,
	5.66859 1.67874,
	5.67414 1.67804,
	5.69633 1.66903,
	5.70188 1.66695,
	5.72337 1.64753,
	5.74556 1.63852,
	5.78994 1.6406,
	5.81213 1.64129,
	5.8565 1.64753,
	5.86205 1.64823,
	5.86483 1.64823,
	5.87592 1.65447,
	5.88147 1.65724,
	5.88701 1.6614,
	5.8884 1.66695,
	5.88979 1.66972,
	5.89048 1.68082,
	5.89118 1.68636,
	5.8891 1.69746,
	5.88771 1.703,
	5.88632 1.70578,
	5.87523 1.71618,
	5.83085 1.74045,
	5.78647 1.76194,
	5.76428 1.77235,
	5.75873 1.77512,
	5.74764 1.78275,
	5.74487 1.78483,
	5.72268 1.79107,
	5.71158 1.79384,
	5.70049 1.80008,
	5.6783 1.82158,
	5.66721 1.83267,
	5.65611 1.84238,
	5.65056 1.84585,
	5.62837 1.85278,
	5.60619 1.85763,
	5.59509 1.85902,
	5.58954 1.85971,
	5.57845 1.85763,
	5.56735 1.85347,
	5.54517 1.85001,
	5.52298 1.84099,
	5.50079 1.83336,
	5.49801 1.83198,
	5.47583 1.83406,
	5.46473 1.83406,
	5.45364 1.83267,
	5.44809 1.83059,
	5.44532 1.8299,
	5.44393 1.82851,
	5.43838 1.82712,
	5.43283 1.82435,
	5.42174 1.82158,
	5.41619 1.82019,
	5.41342 1.8195,
	5.40995 1.81395,
	5.40926 1.8084,
	5.40926 1.80702,
	"/>
</Transform>

<Transform dim="0"
 xcoef=" 0 1 0 0 0 0"
 ycoef=" 0 0 1 0 0 0">
<Contour name="ax02" comment="LK bouton trace named after cfa" hidden="false" closed="true" simplified="true" border="0 1 1" fill="0.502 1 1" mode="9"
 points="3.43802 1.51416,
	3.45603 1.48025,
	3.4645 1.4633,
	3.46821 1.45483,
	3.49152 1.42092,
	3.50582 1.40397,
	3.50953 1.39973,
	3.51801 1.39444,
	3.52224 1.39179,
	3.53072 1.38967,
	3.56462 1.3902,
	3.5731 1.39285,
	3.57734 1.39391,
	3.58581 1.39761,
	3.59005 1.39973,
	3.607 1.4045,
	3.62395 1.40609,
	3.6409 1.40662,
	3.65786 1.40821,
	3.67481 1.41616,
	3.68328 1.42039,
	3.68752 1.42251,
	3.696 1.42834,
	3.69812 1.4294,
	3.71295 1.44635,
	3.72036 1.45483,
	3.72195 1.45695,
	3.72354 1.46012,
	3.72619 1.4686,
	3.72725 1.46913,
	3.73096 1.47708,
	3.73202 1.47919,
	3.73308 1.48025,
	3.73308 1.48131,
	3.73467 1.4829,
	3.73467 1.48396,
	3.73996 1.49244,
	3.74102 1.4935,
	3.74102 1.49456,
	3.75427 1.51151,
	3.75692 1.51575,
	3.75903 1.51786,
	3.77016 1.53482,
	3.77334 1.53905,
	3.78287 1.55601,
	3.79135 1.57296,
	3.79347 1.57667,
	3.794 1.57825,
	3.79559 1.58249,
	3.79771 1.59944,
	3.79877 1.60368,
	3.79771 1.62063,
	3.79718 1.62275,
	3.79877 1.63123,
	3.79929 1.63547,
	3.80724 1.65242,
	3.81678 1.66937,
	3.82154 1.67784,
	3.8279 1.68632,
	3.83585 1.69321,
	3.84432 1.69903,
	3.86127 1.70804,
	3.86551 1.71122,
	3.86763 1.71228,
	3.90153 1.74353,
	3.90577 1.74618,
	3.90789 1.74724,
	3.91637 1.75466,
	3.9206 1.7573,
	3.92908 1.76525,
	3.93332 1.76896,
	3.93756 1.77002,
	3.94179 1.77267,
	3.94603 1.77373,
	3.94709 1.77373,
	3.95504 1.7822,
	3.95927 1.78644,
	3.96934 1.80339,
	3.97835 1.82034,
	3.99318 1.85425,
	3.99477 1.85848,
	3.9953 1.86272,
	4.00218 1.87967,
	4.00748 1.89663,
	4.0096 1.9051,
	4.01543 1.939,
	4.01808 1.94748,
	4.0239 1.98138,
	4.02443 1.98986,
	4.02337 2.00681,
	4.02019 2.02376,
	4.00854 2.05766,
	3.99053 2.09157,
	3.98629 2.10004,
	3.96934 2.11329,
	3.96086 2.12017,
	3.94391 2.1313,
	3.92696 2.13818,
	3.91849 2.14189,
	3.88458 2.15037,
	3.86763 2.15302,
	3.85068 2.15778,
	3.8422 2.15884,
	3.83373 2.15884,
	3.82525 2.15725,
	3.81678 2.15461,
	3.81254 2.15302,
	3.80406 2.14772,
	3.79982 2.14454,
	3.79771 2.14348,
	3.78976 2.12653,
	3.78817 2.11805,
	3.78711 2.1011,
	3.7887 2.09263,
	3.78923 2.08839,
	3.79029 2.08627,
	3.78764 2.06932,
	3.78658 2.06084,
	3.7834 2.05237,
	3.78287 2.03542,
	3.78287 2.03118,
	3.78817 2.01423,
	3.7887 2.00999,
	3.78658 2.00151,
	3.78022 1.98456,
	3.77864 1.98032,
	3.77758 1.9782,
	3.77652 1.96973,
	3.77599 1.96549,
	3.77811 1.94854,
	3.77969 1.94006,
	3.78075 1.93794,
	3.78234 1.92099,
	3.78287 1.91675,
	3.77758 1.8998,
	3.77546 1.89133,
	3.77228 1.88285,
	3.75533 1.87226,
	3.74685 1.86643,
	3.7299 1.85795,
	3.72566 1.85531,
	3.69176 1.84948,
	3.67481 1.84683,
	3.65786 1.84524,
	3.62395 1.82776,
	3.61548 1.82193,
	3.59853 1.80816,
	3.59005 1.80127,
	3.57363 1.78538,
	3.56568 1.77691,
	3.5535 1.75995,
	3.54661 1.75148,
	3.53549 1.73453,
	3.52648 1.71757,
	3.52224 1.7091,
	3.51695 1.70062,
	3.51059 1.69215,
	3.50741 1.68791,
	3.48993 1.65401,
	3.48145 1.63706,
	3.46185 1.60315,
	3.44437 1.56925,
	3.43855 1.53535,
	3.43802 1.51839,
	3.43802 1.51469,
	"/>
</Transform>

<Transform dim="0"
 xcoef=" 0 1 0 0 0 0"
 ycoef=" 0 0 1 0 0 0">
<Contour name="ax05" comment="LK bouton trace named after cfa" hidden="false" closed="true" simplified="true" border="0 1 1" fill="0.502 1 1" mode="9"
 points="2.16476 1.8229,
	2.17068 1.81343,
	2.17896 1.80397,
	2.18724 1.79687,
	2.19552 1.78741,
	2.20498 1.78149,
	2.22391 1.78031,
	2.26176 1.78741,
	2.29962 1.78741,
	2.30908 1.78741,
	2.31145 1.78741,
	2.32091 1.7945,
	2.32446 1.79924,
	2.32327 1.8087,
	2.31736 1.82763,
	2.31145 1.83709,
	2.2937 1.8501,
	2.27477 1.85838,
	2.19907 1.85483,
	2.18132 1.84655,
	2.17186 1.84064,
	2.16476 1.83472,
	2.16476 1.82526,
	2.16476 1.82408,
	"/>
</Transform>

<Transform dim="0"
 xcoef=" 0 1 0 0 0 0"
 ycoef=" 0 0 1 0 0 0">
<Contour name="d03" hidden="false" closed="true" simplified="true" border="0 1 0" fill="0 1 0" mode="9"
 points="2.99627 3.01793,
	3.00589 2.99867,
	3.0444 2.98664,
	3.08291 2.96498,
	3.10216 2.95295,
	3.14066 2.9361,
	3.15992 2.92888,
	3.23212 2.85187,
	3.28025 2.77486,
	3.30672 2.73635,
	3.32357 2.7195,
	3.36208 2.70988,
	3.43909 2.70266,
	3.5161 2.66174,
	3.55461 2.6473,
	3.56423 2.64249,
	3.64125 2.69062,
	3.71826 2.73154,
	3.75676 2.74838,
	3.79527 2.76042,
	3.8073 2.77726,
	3.82174 2.81577,
	3.82896 2.83502,
	3.75917 2.91203,
	3.70141 2.98905,
	3.68697 3.0083,
	3.53295 3.13585,
	3.45593 3.20805,
	3.43668 3.2249,
	3.39096 3.30191,
	3.38614 3.31154,
	3.34764 3.34764,
	3.33801 3.35726,
	3.2995 3.36689,
	3.261 3.3693,
	3.22249 3.36448,
	3.18398 3.34764,
	3.16473 3.3356,
	3.12622 3.30191,
	3.1166 3.29228,
	3.08772 3.21527,
	3.07328 3.17676,
	3.06606 3.15751,
	3.06365 3.13826,
	3.06125 3.12863,
	3.01311 3.05162,
	3.00349 3.03237,
	2.99867 3.02274,
	2.99627 3.02033,
	"/>
<Contour name="d03" hidden="false" closed="true" simplified="true" border="0 1 0" fill="0 1 0" mode="9"
 points="3.56801 3.17766,
	3.57658 3.16396,
	3.58171 3.15711,
	3.6091 3.15197,
	3.61253 3.15026,
	3.61767 3.1554,
	3.63136 3.21019,
	3.65704 3.26497,
	3.71697 3.37455,
	3.7221 3.38824,
	3.72382 3.41564,
	3.72382 3.42249,
	3.69813 3.44303,
	3.69129 3.44817,
	3.67759 3.44988,
	3.67074 3.44817,
	3.65191 3.42077,
	3.64677 3.41393,
	3.64335 3.38653,
	3.64335 3.35914,
	3.64163 3.34544,
	3.64163 3.33859,
	3.60397 3.28381,
	3.58342 3.25641,
	3.57315 3.22902,
	3.56973 3.21532,
	3.56801 3.18793,
	3.56801 3.18108,
	3.56801 3.17937,
	"/>
<Contour name="d08" hidden="false" closed="true" simplified="true" border="1 0 0" fill="1 0 0" mode="9"
 points="4.39866 3.16402,
	4.41636 3.14632,
	4.45176 3.15075,
	4.46946 3.1596,
	4.48274 3.1773,
	4.49159 3.18615,
	4.50044 3.18615,
	4.53141 3.22155,
	4.53584 3.25695,
	4.54469 3.26138,
	4.58009 3.24368,
	4.61549 3.23925,
	4.63319 3.2481,
	4.64204 3.25695,
	4.64204 3.27466,
	4.63319 3.29236,
	4.56239 3.34988,
	4.52699 3.36316,
	4.49159 3.36758,
	4.47389 3.36758,
	4.44291 3.33661,
	4.43406 3.31891,
	4.42963 3.2481,
	4.41193 3.2304,
	4.39866 3.195,
	4.39866 3.1773,
	4.39866 3.16845,
	"/>
</Transform>

<Transform dim="0"
 xcoef=" 0 1 0 0 0 0"
 ycoef=" 0 0 1 0 0 0">
<Contour name="ax06" comment="LK bouton trace named after cfa" hidden="false" closed="true" simplified="true" border="0 1 1" fill="0.502 1 1" mode="9"
 points="3.59647 3.11089,
	3.59889 3.10604,
	3.61827 3.08667,
	3.63764 3.07698,
	3.67639 3.05034,
	3.68608 3.04429,
	3.69456 3.0346,
	3.69577 3.02976,
	3.70425 3.02007,
	3.71635 3.00069,
	3.72846 2.96194,
	3.7321 2.95226,
	3.73331 2.94741,
	3.73694 2.94257,
	3.73694 2.93772,
	3.73694 2.9353,
	3.74663 2.92562,
	3.766 2.91472,
	3.77569 2.90745,
	3.84714 2.83116,
	3.87378 2.79241,
	3.87983 2.78273,
	3.89678 2.76456,
	3.91616 2.75366,
	3.921 2.75245,
	3.92342 2.75003,
	3.9428 2.74398,
	3.98155 2.73913,
	4.00092 2.73913,
	4.00577 2.73913,
	4.01546 2.74276,
	4.0203 2.7464,
	4.02999 2.74882,
	4.03967 2.75366,
	4.04452 2.75487,
	4.05421 2.76214,
	4.07116 2.78151,
	4.14866 2.8469,
	4.16803 2.86022,
	4.18741 2.86991,
	4.1971 2.87233,
	4.23585 2.87233,
	4.24553 2.87355,
	4.26491 2.88323,
	4.2746 2.88929,
	4.31335 2.92198,
	4.33272 2.94015,
	4.3412 2.94983,
	4.34604 2.95468,
	4.35694 2.97405,
	4.37147 2.99343,
	4.38116 3.0128,
	4.38842 3.02249,
	4.39327 3.03218,
	4.39569 3.03702,
	4.3969 3.04671,
	4.41264 3.08546,
	4.4187 3.10483,
	4.42475 3.18233,
	4.42717 3.20171,
	4.43323 3.22108,
	4.4417 3.24046,
	4.45624 3.25983,
	4.46592 3.27921,
	4.47198 3.31796,
	4.47682 3.33733,
	4.49499 3.37608,
	4.49862 3.38577,
	4.49983 3.39546,
	4.4962 3.41483,
	4.49135 3.42452,
	4.48893 3.42936,
	4.46956 3.44753,
	4.45987 3.45358,
	4.42112 3.46448,
	4.41143 3.47054,
	4.40174 3.47901,
	4.39206 3.48264,
	4.35331 3.48749,
	4.33393 3.4887,
	4.31456 3.49718,
	4.27581 3.50929,
	4.25643 3.51776,
	4.24674 3.52139,
	4.22737 3.52261,
	4.14987 3.51897,
	4.13049 3.51292,
	4.12081 3.5105,
	4.11596 3.50807,
	4.07721 3.51413,
	4.03846 3.51171,
	4.01909 3.50686,
	3.98034 3.48991,
	3.96096 3.48507,
	3.94159 3.48386,
	3.90284 3.47659,
	3.86409 3.46448,
	3.84471 3.456,
	3.82534 3.44026,
	3.80596 3.42936,
	3.76721 3.41725,
	3.75753 3.41362,
	3.75268 3.40999,
	3.74784 3.4003,
	3.72846 3.39061,
	3.7103 3.37124,
	3.69093 3.33249,
	3.68487 3.31311,
	3.67639 3.29374,
	3.65339 3.25499,
	3.64249 3.23561,
	3.62917 3.21624,
	3.61343 3.19686,
	3.60253 3.17749,
	3.59768 3.15811,
	3.59647 3.11936,
	3.59647 3.11452,
	3.59647 3.1121,
	"/>
</Transform>

<Transform dim="0"
 xcoef=" 0 1 0 0 0 0"
 ycoef=" 0 0 1 0 0 0">
<Contour name="ax09" comment="LK bouton trace named after cfa" hidden="false" closed="true" simplified="true" border="0 1 1" fill="0.502 1 1" mode="9"
 points="4.13836 1.90013,
	4.14491 1.87393,
	4.14736 1.86738,
	4.14736 1.8641,
	4.14982 1.86083,
	4.15064 1.85755,
	4.15064 1.85592,
	4.1531 1.85264,
	4.15719 1.83954,
	4.16292 1.82645,
	4.16701 1.8199,
	4.16783 1.81662,
	4.16947 1.8158,
	4.16947 1.81417,
	4.17111 1.81253,
	4.17111 1.81089,
	4.18257 1.79779,
	4.19567 1.78633,
	4.2014 1.77978,
	4.22759 1.76259,
	4.23087 1.75931,
	4.24397 1.75277,
	4.25052 1.74949,
	4.25379 1.74785,
	4.25543 1.74622,
	4.2587 1.7454,
	4.26198 1.74294,
	4.26362 1.7413,
	4.26525 1.7413,
	4.26689 1.73967,
	4.27999 1.73639,
	4.28654 1.73475,
	4.29309 1.73475,
	4.29964 1.73312,
	4.32583 1.73312,
	4.33893 1.73475,
	4.35203 1.7413,
	4.35858 1.74294,
	4.36186 1.74294,
	4.36513 1.7454,
	4.37168 1.74785,
	4.37823 1.75195,
	4.3815 1.7544,
	4.4077 1.76095,
	4.41425 1.76341,
	4.41752 1.76505,
	4.41916 1.76668,
	4.4208 1.76668,
	4.42407 1.76914,
	4.43062 1.77159,
	4.44372 1.77978,
	4.45027 1.78387,
	4.45682 1.79042,
	4.46337 1.79452,
	4.47401 1.80762,
	4.47647 1.81417,
	4.47729 1.82071,
	4.47647 1.82726,
	4.47074 1.84036,
	4.46173 1.85346,
	4.45682 1.86001,
	4.45027 1.86574,
	4.42407 1.8813,
	4.4208 1.88293,
	4.41916 1.88293,
	4.41589 1.88539,
	4.41261 1.88621,
	4.41098 1.88621,
	4.4077 1.88866,
	4.40443 1.88948,
	4.39788 1.89439,
	4.38478 1.90013,
	4.37168 1.90422,
	4.35858 1.91159,
	4.34548 1.91732,
	4.33238 1.92469,
	4.32583 1.92878,
	4.3242 1.92878,
	4.31765 1.93287,
	4.30455 1.9386,
	4.29145 1.94761,
	4.2849 1.95006,
	4.27835 1.95416,
	4.2718 1.95661,
	4.27016 1.95661,
	4.26689 1.95907,
	4.25379 1.96398,
	4.25052 1.96398,
	4.24888 1.96562,
	4.22268 1.96889,
	4.19648 1.96889,
	4.18339 1.96562,
	4.17029 1.95825,
	4.16374 1.95334,
	4.1531 1.94024,
	4.14736 1.93451,
	4.14 1.92141,
	4.13836 1.90831,
	4.13836 1.90176,
	4.13836 1.90094,
	"/>
</Transform>

<Transform dim="0"
 xcoef=" 0 1 0 0 0 0"
 ycoef=" 0 0 1 0 0 0">
<Contour name="d02" hidden="false" closed="true" simplified="true" border="0.5 0 1" fill="0.5 0 1" mode="9"
 points="4.22253 6.43076,
	4.27258 6.41825,
	4.28509 6.41825,
	4.31011 6.39948,
	4.33513 6.34944,
	4.33513 6.33693,
	4.31637 6.31191,
	4.2976 6.21182,
	4.2976 6.18679,
	4.27883 6.13675,
	4.27883 6.11173,
	4.30386 6.09296,
	4.32888 6.0867,
	4.37892 6.09296,
	4.40395 6.0867,
	4.45399 6.05543,
	4.49778 6.00538,
	4.5228 5.98036,
	4.53531 5.98661,
	4.6354 5.91155,
	4.73549 5.88027,
	4.83558 5.88027,
	4.88563 5.86776,
	4.98572 5.81146,
	5.01074 5.79269,
	5.11083 5.78018,
	5.21092 5.75516,
	5.26096 5.7489,
	5.28599 5.74265,
	5.30475 5.71762,
	5.32978 5.70511,
	5.52996 5.69886,
	5.55498 5.69886,
	5.56749 5.71137,
	5.56123 5.76141,
	5.5237 5.8615,
	5.51119 5.88652,
	5.4674 5.90529,
	5.43612 6.00538,
	5.41735 6.05543,
	5.39859 6.08045,
	5.37982 6.13049,
	5.27973 6.1993,
	5.22969 6.21182,
	5.17964 6.21182,
	5.15462 6.21182,
	5.1296 6.22433,
	5.11083 6.24935,
	5.10457 6.27437,
	5.10457 6.28688,
	5.017 6.38072,
	4.97321 6.43076,
	4.94818 6.45578,
	4.92316 6.4683,
	4.91065 6.48081,
	4.71047 6.48081,
	4.51029 6.4683,
	4.4665 6.48081,
	4.45399 6.49332,
	4.3539 6.49957,
	4.32888 6.49332,
	4.30386 6.47455,
	4.25381 6.4683,
	4.22879 6.45578,
	4.22253 6.43702,
	"/>
<Contour name="d02p08" hidden="false" closed="true" simplified="false" border="1 0 0" fill="1 0 0" mode="9"
 points="5.23709 5.83859,
	5.21036 5.83859,
	5.21036 5.85196,
	5.22373 5.86532,
	5.26382 5.87868,
	5.23709 5.89205,
	5.22373 5.91877,
	5.197 5.89205,
	5.18363 5.86532,
	5.18363 5.83859,
	5.15691 5.83859,
	5.197 5.81186,
	"/>
<Contour name="d08" hidden="false" closed="true" simplified="true" border="1 0 0" fill="1 0 0" mode="9"
 points="5.18635 5.15537,
	5.22617 5.08899,
	5.24387 5.05359,
	5.3014 4.98721,
	5.3368 4.95623,
	5.40761 4.93411,
	5.44301 4.92968,
	5.47841 4.91641,
	5.49611 4.92083,
	5.50939 4.93853,
	5.54479 4.95181,
	5.56249 4.95181,
	5.59346 4.98279,
	5.59346 4.99164,
	5.56249 5.01819,
	5.49169 5.02261,
	5.45628 5.04916,
	5.42088 5.06244,
	5.40318 5.06244,
	5.34123 5.11112,
	5.27928 5.16864,
	5.2483 5.19077,
	5.2129 5.1952,
	5.1952 5.1952,
	5.18635 5.18635,
	5.18635 5.16864,
	5.18635 5.15979,
	"/>
<Contour name="d08cfa06ax24" hidden="false" closed="false" simplified="false" border="0 1 1" fill="0 1 1" mode="9"
 points="5.57308 5.01372,
	5.45475 5.06232,
	5.34276 5.13205,
	5.23922 5.19121,
	"/>
</Transform>

<Transform dim="0"
 xcoef=" 0 1 0 0 0 0"
 ycoef=" 0 0 1 0 0 0">
<Contour name="ax24" comment="LK bouton trace named after cfa" hidden="false" closed="true" simplified="true" border="0 1 1" fill="0.502 1 1" mode="9"
 points="4.25713 5.90205,
	4.26018 5.89716,
	4.27974 5.88555,
	4.29929 5.87944,
	4.30907 5.87578,
	4.31884 5.87089,
	4.32373 5.86845,
	4.33351 5.86172,
	4.34329 5.85317,
	4.36284 5.83789,
	4.38056 5.81834,
	4.38545 5.81345,
	4.39156 5.80367,
	4.39461 5.79879,
	4.40317 5.78901,
	4.40806 5.78412,
	4.42761 5.76946,
	4.43739 5.76335,
	4.43861 5.76212,
	4.4435 5.76029,
	4.45327 5.75479,
	4.46305 5.75051,
	4.46794 5.75051,
	4.47038 5.75051,
	4.47405 5.74563,
	4.48382 5.74013,
	4.4936 5.73707,
	4.50338 5.73218,
	4.54248 5.71813,
	4.56204 5.71446,
	4.57181 5.71141,
	4.58159 5.70713,
	4.59137 5.70408,
	4.63047 5.68513,
	4.65003 5.67841,
	4.6598 5.67658,
	4.66469 5.67658,
	4.68425 5.67169,
	4.72335 5.65153,
	4.73313 5.64725,
	4.73802 5.64542,
	4.74046 5.6448,
	4.74413 5.63992,
	4.74963 5.63014,
	4.75635 5.62036,
	4.75757 5.61792,
	4.76674 5.60814,
	4.78629 5.59531,
	4.80584 5.58553,
	4.81562 5.58126,
	4.82051 5.57942,
	4.85962 5.5727,
	4.87917 5.56903,
	4.88895 5.56781,
	4.89872 5.56537,
	4.90361 5.56476,
	4.91339 5.56109,
	4.91828 5.55926,
	4.92805 5.55315,
	4.94761 5.53726,
	4.95555 5.52748,
	4.96227 5.51771,
	4.97021 5.50793,
	4.98977 5.49204,
	5.00932 5.48166,
	5.0191 5.47371,
	5.02887 5.4676,
	5.03132 5.46516,
	5.03193 5.45538,
	5.03926 5.43583,
	5.04904 5.41627,
	5.06187 5.39672,
	5.07104 5.38694,
	5.11014 5.35945,
	5.1297 5.34539,
	5.14925 5.3289,
	5.15719 5.31912,
	5.16269 5.30934,
	5.16514 5.30445,
	5.16575 5.29468,
	5.16514 5.2849,
	5.16697 5.27512,
	5.17369 5.26535,
	5.18347 5.25679,
	5.19324 5.25129,
	5.20302 5.24763,
	5.20791 5.2464,
	5.21769 5.24152,
	5.22257 5.23846,
	5.23235 5.22991,
	5.24885 5.21035,
	5.25313 5.20058,
	5.25985 5.1908,
	5.26962 5.18408,
	5.28918 5.17614,
	5.30873 5.16514,
	5.32828 5.15719,
	5.33806 5.15108,
	5.34784 5.14314,
	5.35761 5.13642,
	5.37717 5.1297,
	5.38694 5.12664,
	5.39672 5.12236,
	5.40161 5.12053,
	5.42116 5.10892,
	5.44072 5.09548,
	5.46027 5.07898,
	5.47005 5.0692,
	5.47982 5.06187,
	5.49938 5.05148,
	5.50915 5.04598,
	5.51893 5.03926,
	5.53848 5.02032,
	5.5397 5.0191,
	5.55926 5.01482,
	5.59836 5.01115,
	5.60814 5.01054,
	5.61792 5.00871,
	5.63747 5.00749,
	5.65702 5.00932,
	5.6668 5.01176,
	5.67658 5.01543,
	5.68147 5.01726,
	5.69124 5.02337,
	5.70102 5.03193,
	5.71019 5.04171,
	5.71446 5.04659,
	5.71935 5.04965,
	5.7389 5.05515,
	5.74379 5.05637,
	5.75357 5.05454,
	5.77312 5.05393,
	5.79268 5.05454,
	5.80245 5.05576,
	5.81223 5.05943,
	5.81712 5.06187,
	5.83667 5.07715,
	5.84461 5.08692,
	5.84828 5.09181,
	5.85867 5.11136,
	5.86539 5.12114,
	5.87517 5.14069,
	5.87944 5.15047,
	5.8825 5.16025,
	5.88617 5.1798,
	5.88678 5.18958,
	5.88555 5.20913,
	5.88494 5.21891,
	5.88372 5.2238,
	5.87456 5.24335,
	5.86295 5.2629,
	5.85561 5.27268,
	5.84584 5.2794,
	5.80673 5.29834,
	5.78718 5.30384,
	5.78229 5.30629,
	5.77251 5.31362,
	5.76212 5.33317,
	5.74563 5.37228,
	5.74257 5.38206,
	5.73829 5.39183,
	5.73524 5.40161,
	5.73279 5.4065,
	5.73157 5.41139,
	5.72118 5.43094,
	5.71568 5.44072,
	5.70896 5.45049,
	5.70591 5.45538,
	5.70224 5.46516,
	5.6998 5.47493,
	5.6998 5.49449,
	5.69796 5.51404,
	5.69552 5.52382,
	5.69124 5.53359,
	5.68635 5.55315,
	5.68391 5.56292,
	5.68269 5.56781,
	5.67719 5.57759,
	5.66986 5.58737,
	5.66497 5.59164,
	5.64542 5.60325,
	5.62586 5.61853,
	5.60936 5.63808,
	5.6002 5.64786,
	5.58614 5.66741,
	5.58309 5.6723,
	5.57331 5.67902,
	5.55376 5.68697,
	5.53421 5.69247,
	5.51465 5.69369,
	5.47555 5.69308,
	5.46577 5.69124,
	5.46088 5.69124,
	5.44133 5.68635,
	5.42177 5.67963,
	5.34356 5.65825,
	5.30445 5.64847,
	5.2849 5.64542,
	5.27512 5.64297,
	5.27024 5.64175,
	5.23113 5.63992,
	5.22624 5.6393,
	5.18713 5.64297,
	5.17736 5.6448,
	5.1578 5.64603,
	5.13825 5.64603,
	5.1187 5.64297,
	5.10892 5.63992,
	5.10403 5.6393,
	5.08448 5.64725,
	5.04537 5.65336,
	5.02582 5.65458,
	5.01604 5.65764,
	4.99649 5.66558,
	4.97694 5.66741,
	4.95738 5.66741,
	4.94761 5.66802,
	4.94516 5.66802,
	4.93538 5.67169,
	4.91583 5.6833,
	4.90605 5.69063,
	4.90361 5.69308,
	4.88406 5.70346,
	4.87428 5.70896,
	4.85473 5.7163,
	4.84984 5.71813,
	4.84495 5.71874,
	4.84006 5.72057,
	4.83762 5.72057,
	4.82784 5.72546,
	4.81806 5.73218,
	4.77896 5.75113,
	4.7594 5.75907,
	4.74963 5.7609,
	4.74474 5.76274,
	4.73985 5.76335,
	4.7203 5.77251,
	4.71541 5.77496,
	4.69586 5.78779,
	4.6763 5.79756,
	4.67141 5.7994,
	4.63231 5.82506,
	4.61275 5.83606,
	4.60298 5.84095,
	4.59809 5.84339,
	4.57854 5.84767,
	4.56876 5.8495,
	4.52965 5.86722,
	4.5101 5.87394,
	4.50521 5.87639,
	4.50277 5.87761,
	4.50154 5.87761,
	4.4991 5.87944,
	4.49421 5.88128,
	4.48444 5.88861,
	4.47466 5.89839,
	4.46549 5.90633,
	4.46061 5.90939,
	4.45816 5.91,
	4.45327 5.91305,
	4.45083 5.91366,
	4.44961 5.91488,
	4.43005 5.9155,
	4.4105 5.91488,
	4.39095 5.91794,
	4.38117 5.92161,
	4.37139 5.92649,
	4.36162 5.93016,
	4.35673 5.93138,
	4.33717 5.93077,
	4.31762 5.93199,
	4.29807 5.93199,
	4.27851 5.92833,
	4.27363 5.92711,
	4.2724 5.92711,
	4.27118 5.92588,
	4.26874 5.92527,
	4.26385 5.92099,
	4.25835 5.91122,
	4.25713 5.90633,
	4.25713 5.90389,
	4.25713 5.90266,
	"/>
</Transform>

<Transform dim="0"
 xcoef=" 0 1 0 0 0 0"
 ycoef=" 0 0 1 0 0 0">
<Contour name="ax25" comment="LK bouton trace named after cfa" hidden="false" closed="true" simplified="true" border="0 1 1" fill="0.502 1 1" mode="9"
 points="3.69212 3.76142,
	3.70181 3.73757,
	3.70553 3.71373,
	3.70702 3.68989,
	3.70851 3.67796,
	3.71447 3.66604,
	3.72416 3.65412,
	3.73236 3.6422,
	3.74204 3.63027,
	3.75397 3.62282,
	3.76589 3.61761,
	3.78973 3.61835,
	3.81358 3.62208,
	3.83742 3.62878,
	3.84338 3.62953,
	3.8553 3.63326,
	3.87915 3.63475,
	3.88511 3.63549,
	3.89703 3.63922,
	3.90895 3.64592,
	3.91491 3.64965,
	3.93876 3.66977,
	3.96186 3.69212,
	3.97229 3.70404,
	3.97751 3.71,
	3.98943 3.71745,
	4.01327 3.72714,
	4.02519 3.73087,
	4.03115 3.73236,
	4.03414 3.73385,
	4.03935 3.73981,
	4.04159 3.74279,
	4.04233 3.74428,
	4.04382 3.74428,
	4.0468 3.74652,
	4.04978 3.74726,
	4.05127 3.74726,
	4.05425 3.7495,
	4.06618 3.75173,
	4.06916 3.75397,
	4.08108 3.75769,
	4.08704 3.76067,
	4.09002 3.76216,
	4.1012 3.77408,
	4.10716 3.7793,
	4.13994 3.82699,
	4.1474 3.83891,
	4.15112 3.84487,
	4.15336 3.85083,
	4.15634 3.85307,
	4.15932 3.85381,
	4.16528 3.85754,
	4.17124 3.85977,
	4.18316 3.86797,
	4.20179 3.89182,
	4.21148 3.90374,
	4.2234 3.91342,
	4.23532 3.9179,
	4.25916 3.92162,
	4.30685 3.92535,
	4.3307 3.92684,
	4.33666 3.92684,
	4.34858 3.93131,
	4.3605 3.93727,
	4.36646 3.94099,
	4.37242 3.94696,
	4.37913 3.95888,
	4.37988 3.9708,
	4.37764 3.99464,
	4.36944 4.01849,
	4.36721 4.02445,
	4.35901 4.03637,
	4.33815 4.05947,
	4.33219 4.06469,
	4.30834 4.07735,
	4.29642 4.08257,
	4.29046 4.08555,
	4.27854 4.08853,
	4.25469 4.08927,
	4.23085 4.08853,
	4.22489 4.08704,
	4.21297 4.08629,
	4.18912 4.07959,
	4.16528 4.0699,
	4.15336 4.06394,
	4.12951 4.055,
	4.10567 4.04755,
	4.09971 4.04606,
	4.09673 4.04606,
	4.09375 4.04457,
	4.08778 4.04457,
	4.08182 4.04233,
	4.03414 4.0401,
	4.01029 4.03712,
	3.99837 4.03563,
	3.98645 4.03265,
	3.9626 4.02221,
	3.95068 4.017,
	3.93876 4.01029,
	3.9328 4.00731,
	3.92982 4.00508,
	3.92386 4.00284,
	3.9179 3.99837,
	3.91491 3.99613,
	3.90895 3.9939,
	3.90597 3.99166,
	3.90001 3.98943,
	3.89405 3.9857,
	3.88213 3.98198,
	3.87617 3.979,
	3.87319 3.97676,
	3.87021 3.97602,
	3.86723 3.97303,
	3.84338 3.96484,
	3.83742 3.96335,
	3.8255 3.9559,
	3.81432 3.94621,
	3.80985 3.94025,
	3.80538 3.92833,
	3.80314 3.9164,
	3.8024 3.89256,
	3.80165 3.8866,
	3.79569 3.87468,
	3.77185 3.85456,
	3.72416 3.83444,
	3.71298 3.82475,
	3.70777 3.81879,
	3.70479 3.81581,
	3.69734 3.80389,
	3.69287 3.79197,
	3.69212 3.76812,
	3.69212 3.76216,
	"/>
</Transform>

<Transform dim="0"
 xcoef=" 0 1 0 0 0 0"
 ycoef=" 0 0 1 0 0 0">
<Contour name="ax27" hidden="false" closed="true" simplified="true" border="0 0 1" fill="0 0 1" mode="11"
 points="3.50565 3.87132,
	3.5295 3.82893,
	3.5401 3.81833,
	3.55335 3.80243,
	3.59575 3.78918,
	3.60635 3.78918,
	3.61694 3.78388,
	3.63814 3.78388,
	3.65934 3.79183,
	3.69909 3.82363,
	3.70969 3.82893,
	3.71499 3.83423,
	3.75738 3.85012,
	3.77858 3.86337,
	3.78653 3.87397,
	3.79448 3.91637,
	3.79183 3.93757,
	3.77858 3.95877,
	3.73618 3.98526,
	3.71499 3.99851,
	3.70969 4.00381,
	3.66729 4.00646,
	3.64609 4.00646,
	3.62489 4.01176,
	3.5825 4.00911,
	3.5613 4.00381,
	3.53215 3.96406,
	3.53215 3.94287,
	3.5295 3.93227,
	3.5295 3.92697,
	3.51095 3.90842,
	3.50565 3.89782,
	3.50565 3.87662,
	3.50565 3.87397,
	"/>
</Transform>

<Transform dim="0"
 xcoef=" 0 1 0 0 0 0"
 ycoef=" 0 0 1 0 0 0">
<Contour name="d08c06ax24" hidden="false" closed="true" simplified="true" border="0 1 0" fill="0 1 0" mode="9"
 points="5.22947 5.16222,
	5.3599 5.06235,
	5.3762 5.05013,
	5.38436 5.04605,
	5.51479 5.00529,
	5.54739 4.9951,
	5.5637 4.99001,
	5.56574 4.98899,
	5.56777 4.99001,
	5.58204 5.05522,
	5.58612 5.07152,
	5.32525 5.21418,
	5.29265 5.23151,
	5.27634 5.24068,
	5.26819 5.24475,
	5.26411 5.24679,
	5.2631 5.24781,
	5.23762 5.18259,
	5.23151 5.16629,
	5.22947 5.16323,
	"/>
</Transform>

</Section>