<?xml version="1.0"?>
<!DOCTYPE Section SYSTEM "section.dtd">

<Section index="231" thickness="0.045" alignLocked="true">
<Transform dim="6"
 xcoef=" -1.39127971912993 1.15667906480717 0.0837644967674333 0 0 0"
 ycoef=" -2.33499330248532 0.107676564524723 1.00823540812547 0 0 0">
<Image mag="0.00217507" contrast="0.917" brightness="0.12" red="true" green="true" blue="true"
 src="FHLTD.231.jpg" />
<Contour name="domain1" hidden="false" closed="true" simplified="false" border="1 0 1" fill="1 0 1" mode="11"
 points="0 0,
	4096 0,
	4096 4096,
	0 4096,
	"/>
</Transform>

<Transform dim="6"
 xcoef=" 0.604964873559125 0.992141058751621 -0.00784184619469989 0 0 0"
 ycoef=" 0.145474328401839 0.0119226582587304 0.989312073966097 0 0 0">
<Contour name="D05" hidden="false" closed="true" simplified="true" border="1 1 0" fill="1 1 0" mode="11"
 points="2.69299 3.97404,
	2.70475 3.90163,
	2.73888 3.83632,
	2.79205 3.78448,
	2.85904 3.7512,
	2.93329 3.73974,
	3.00755 3.7512,
	3.07454 3.78448,
	3.12771 3.83632,
	3.16184 3.90163,
	3.1736 3.97404,
	3.16184 4.04644,
	3.12771 4.11175,
	3.07454 4.16359,
	3.00755 4.19687,
	2.93329 4.20833,
	2.85904 4.19687,
	2.79205 4.16359,
	2.73888 4.11175,
	"/>
</Transform>

<Transform dim="6"
 xcoef=" 0.00496487355912499 0.992141058751621 -0.00784184619469989 0 0 0"
 ycoef=" -0.00452567159816172 0.0119226582587304 0.989312073966097 0 0 0">
<Contour name="d01p42" hidden="false" closed="true" simplified="true" border="1 0 1" fill="1 0 1" mode="9"
 points="3.85913 5.6083,
	3.8615 5.59071,
	3.86839 5.57485,
	3.87911 5.56226,
	3.89263 5.55417,
	3.90761 5.55139,
	3.92259 5.55417,
	3.9361 5.56226,
	3.94683 5.57485,
	3.95371 5.59071,
	3.95609 5.6083,
	3.95371 5.62588,
	3.94683 5.64175,
	3.9361 5.65434,
	3.92259 5.66242,
	3.90761 5.66521,
	3.89263 5.66242,
	3.87911 5.65434,
	3.86839 5.64175,
	"/>
</Transform>

<Transform dim="6"
 xcoef=" 0.00496487355912499 0.992141058751621 -0.00784184619469989 0 0 0"
 ycoef=" -0.00452567159816172 0.0119226582587304 0.989312073966097 0 0 0">
<Contour name="d01c42" hidden="false" closed="true" simplified="true" border="0 1 0" fill="0 1 0" mode="9"
 points="3.14329 5.84068,
	3.15432 5.82302,
	3.16315 5.81419,
	3.19626 5.78991,
	3.21392 5.77225,
	3.22275 5.76343,
	3.26911 5.69279,
	3.27573 5.68396,
	3.28897 5.64864,
	3.29559 5.63098,
	3.2978 5.59567,
	3.2978 5.57801,
	3.29339 5.56035,
	3.28456 5.54269,
	3.28235 5.52503,
	3.28235 5.52062,
	3.29118 5.51399,
	3.30884 5.50958,
	3.31325 5.50958,
	3.31987 5.51841,
	3.32429 5.53607,
	3.3265 5.57138,
	3.33091 5.58904,
	3.33091 5.65968,
	3.33091 5.695,
	3.3287 5.71266,
	3.31546 5.74797,
	3.31546 5.75239,
	3.28235 5.7855,
	3.26248 5.82082,
	3.24703 5.83848,
	3.22937 5.84731,
	3.19405 5.85613,
	3.1764 5.86055,
	3.16757 5.86276,
	3.14991 5.85834,
	3.14329 5.85172,
	3.14329 5.84289,
	"/>
</Transform>

<Transform dim="6"
 xcoef=" 0.00496487355912499 0.992141058751621 -0.00784184619469989 0 0 0"
 ycoef=" -0.00452567159816172 0.0119226582587304 0.989312073966097 0 0 0">
<Contour name="d01cfa42" hidden="false" closed="false" simplified="false" border="0 1 1" fill="0 1 1" mode="9"
 points="3.30318 5.50982,
	3.31201 5.51644,
	3.31201 5.56721,
	3.3076 5.62681,
	3.29656 5.6842,
	3.27669 5.75263,
	3.23255 5.81002,
	3.14646 5.84313,
	"/>
</Transform>

<Transform dim="6"
 xcoef=" 0.00496487355912499 0.992141058751621 -0.00784184619469989 0 0 0"
 ycoef=" -0.00452567159816172 0.0119226582587304 0.989312073966097 0 0 0">
<Contour name="d06" hidden="false" closed="true" simplified="true" border="0 0 1" fill="0 0 1" mode="9"
 points="3.8425 6.55065,
	3.85954 6.5234,
	3.88338 6.50296,
	3.89701 6.49274,
	3.92426 6.48593,
	3.95151 6.4689,
	3.96854 6.44505,
	3.97876 6.4178,
	3.98217 6.40417,
	3.99239 6.39396,
	4.0503 6.50296,
	4.06393 6.52681,
	4.06733 6.63581,
	4.06733 6.66307,
	4.06733 6.67669,
	4.05371 6.70394,
	4.03327 6.72779,
	4.01964 6.7346,
	3.99239 6.7346,
	3.93789 6.71076,
	3.92426 6.70394,
	3.87657 6.64944,
	3.84932 6.6256,
	3.8425 6.61878,
	3.8425 6.56428,
	3.8425 6.55406,
	"/>
<Contour name="d06" hidden="false" closed="true" simplified="true" border="0 0 1" fill="0 0 1" mode="9"
 points="2.9466 7.23876,
	2.96704 7.21492,
	2.99429 7.19448,
	3.02154 7.18426,
	3.07605 7.15019,
	3.09989 7.12975,
	3.11352 7.11953,
	3.12033 7.11272,
	3.13055 7.05822,
	3.14077 7.03097,
	3.1578 7.00371,
	3.26681 6.92877,
	3.29406 6.91515,
	3.40307 6.91515,
	3.45757 6.92537,
	3.49164 6.97987,
	3.51889 6.99349,
	3.53252 6.9969,
	3.53933 7.00371,
	3.59383 7.02415,
	3.60746 7.02756,
	3.62108 7.03778,
	3.62108 7.06503,
	3.6313 7.09228,
	3.6824 7.14338,
	3.68921 7.15019,
	3.68921 7.17744,
	3.67218 7.23195,
	3.66537 7.2592,
	3.65174 7.28645,
	3.6313 7.3137,
	3.61768 7.34096,
	3.61427 7.36821,
	3.59383 7.39546,
	3.58702 7.40908,
	3.54273 7.44656,
	3.48823 7.46359,
	3.37922 7.46699,
	3.27022 7.46018,
	3.21571 7.44996,
	3.10671 7.44315,
	3.09308 7.43634,
	3.06583 7.43293,
	3.03858 7.42271,
	3.01132 7.40568,
	3.00111 7.37843,
	2.9977 7.3648,
	2.98748 7.35117,
	2.98067 7.34436,
	2.98067 7.33755,
	2.95341 7.3103,
	2.95341 7.30348,
	2.9466 7.29667,
	2.9466 7.24217,
	"/>
</Transform>

<Transform dim="6"
 xcoef=" 0.00496487355912499 0.992141058751621 -0.00784184619469989 0 0 0"
 ycoef=" -0.00452567159816172 0.0119226582587304 0.989312073966097 0 0 0">
<Contour name="d01" hidden="false" closed="true" simplified="true" border="1 0.5 0" fill="1 0.5 0" mode="9"
 points="3.13056 5.91365,
	3.14759 5.8864,
	3.17484 5.86596,
	3.18506 5.84211,
	3.2089 5.81486,
	3.21912 5.80124,
	3.24297 5.7842,
	3.28385 5.7297,
	3.30088 5.6752,
	3.30429 5.64794,
	3.31451 5.63432,
	3.32132 5.63772,
	3.32472 5.63432,
	3.30769 5.57981,
	3.30429 5.55256,
	3.28044 5.49806,
	3.27703 5.48443,
	3.27703 5.47762,
	3.30429 5.4674,
	3.35879 5.51168,
	3.41329 5.54916,
	3.42692 5.55597,
	3.45417 5.57981,
	3.4678 5.59003,
	3.47461 5.59685,
	3.52911 5.59344,
	3.55637 5.59003,
	3.58362 5.59344,
	3.59724 5.60025,
	3.65175 5.573,
	3.66537 5.56619,
	3.67219 5.55938,
	3.68581 5.56278,
	3.74032 5.54916,
	3.76757 5.54234,
	3.78119 5.54575,
	3.80844 5.56278,
	3.82207 5.55938,
	3.8357 5.54916,
	3.8902 5.53212,
	3.99921 5.48103,
	4.05371 5.45037,
	4.08096 5.43334,
	4.098 5.40949,
	4.1014 5.40268,
	4.12865 5.39586,
	4.14228 5.39246,
	4.15591 5.39927,
	4.15931 5.40268,
	4.1525 5.4129,
	4.15591 5.41971,
	4.21041 5.4163,
	4.23766 5.4163,
	4.34667 5.38905,
	4.45568 5.31752,
	4.51018 5.28345,
	4.56468 5.25961,
	4.57831 5.25279,
	4.58512 5.24939,
	4.61237 5.26301,
	4.626 5.27323,
	4.63281 5.30048,
	4.61919 5.32773,
	4.61578 5.33455,
	4.63963 5.35158,
	4.66688 5.3618,
	4.6805 5.3618,
	4.68732 5.3618,
	4.69754 5.37543,
	4.70094 5.38224,
	4.68732 5.40949,
	4.68391 5.42312,
	4.66006 5.44696,
	4.64644 5.45037,
	4.626 5.47762,
	4.63281 5.53212,
	4.63281 5.53894,
	4.58853 5.59344,
	4.56809 5.62069,
	4.55787 5.64794,
	4.55787 5.6752,
	4.55787 5.68882,
	4.5204 5.79783,
	4.51018 5.82508,
	4.50337 5.83871,
	4.47611 5.83189,
	4.42161 5.80464,
	4.39436 5.78761,
	4.33986 5.8353,
	4.31601 5.85233,
	4.30238 5.87958,
	4.28876 5.93409,
	4.28535 5.96134,
	4.26491 6.01584,
	4.23766 6.03969,
	4.22404 6.04991,
	4.19678 6.05331,
	4.18316 6.05672,
	4.12865 6.0465,
	4.1014 6.04991,
	4.07415 6.06013,
	4.06052 6.06353,
	4.05371 6.06694,
	3.99921 6.03288,
	3.98558 6.02606,
	3.93448 5.97156,
	3.93789 5.95793,
	3.92767 5.93068,
	3.92426 5.91706,
	3.93108 5.90343,
	3.93448 5.89662,
	3.89701 5.78761,
	3.82207 5.6786,
	3.81526 5.66498,
	3.76075 5.64454,
	3.7335 5.63091,
	3.62449 5.64794,
	3.59724 5.65135,
	3.54274 5.66838,
	3.49164 5.71607,
	3.46098 5.77058,
	3.44395 5.79783,
	3.38945 5.84211,
	3.28044 5.91365,
	3.25319 5.92728,
	3.19868 5.9409,
	3.17143 5.94431,
	3.15781 5.94431,
	3.13396 5.92728,
	3.13056 5.91706,
	"/>
</Transform>

<Transform dim="6"
 xcoef=" 0.00496487355912499 0.992141058751621 -0.00784184619469989 0 0 0"
 ycoef=" -0.00452567159816172 0.0119226582587304 0.989312073966097 0 0 0">
<Contour name="d07" hidden="false" closed="true" simplified="true" border="1 0 1" fill="1 0 1" mode="9"
 points="4.49805 8.06202,
	4.53432 7.98947,
	4.54339 7.84437,
	4.53885 7.77182,
	4.54792 7.75369,
	4.69302 7.6766,
	4.75197 7.62219,
	4.78371 7.59499,
	4.80185 7.58592,
	4.94694 7.58592,
	4.98322 7.58592,
	5.01949 7.61766,
	5.03763 7.63126,
	5.0467 7.64033,
	5.08297 7.6494,
	5.11471 7.68114,
	5.12832 7.71741,
	5.12832 7.75369,
	5.10564 7.78996,
	5.09658 7.8081,
	5.0603 7.8217,
	5.04216 7.83077,
	5.02856 7.84891,
	5.02856 7.88518,
	5.02856 7.89425,
	5.0467 7.89425,
	5.07844 7.92599,
	5.08751 7.93506,
	5.08751 7.94413,
	5.11471 7.9804,
	5.13285 7.98947,
	5.27795 7.98947,
	5.31422 8.00308,
	5.33236 8.01214,
	5.34596 8.03028,
	5.3505 8.06656,
	5.3505 8.08469,
	5.31422 8.08923,
	5.27795 8.08016,
	5.2054 8.08016,
	5.16913 8.07109,
	5.09658 8.07109,
	5.0603 8.07109,
	5.04216 8.07562,
	5.00589 8.10283,
	4.98775 8.10736,
	4.97868 8.10736,
	4.90613 8.15724,
	4.86986 8.17991,
	4.85172 8.19352,
	4.77917 8.21619,
	4.7701 8.22526,
	4.69756 8.23886,
	4.55246 8.23886,
	4.51618 8.22526,
	4.50258 8.20712,
	4.49805 8.06656,
	"/>
</Transform>

<Transform dim="0"
 xcoef=" 0 1 0 0 0 0"
 ycoef=" 0 0 1 0 0 0">
<Contour name="ax14" comment="LK bouton trace named after cfa" hidden="false" closed="true" simplified="true" border="0 1 1" fill="0.502 1 1" mode="9"
 points="3.83243 2.85543,
	3.83515 2.84998,
	3.83923 2.84453,
	3.84196 2.84181,
	3.84332 2.83977,
	3.84877 2.835,
	3.85353 2.8316,
	3.85625 2.82955,
	3.85898 2.82887,
	3.8617 2.82683,
	3.87259 2.82206,
	3.88281 2.81526,
	3.89166 2.80572,
	3.89983 2.79483,
	3.90664 2.78394,
	3.90936 2.77849,
	3.91413 2.77304,
	3.92502 2.76556,
	3.92979 2.76215,
	3.94068 2.75875,
	3.96247 2.75739,
	3.98425 2.75739,
	3.9897 2.75807,
	3.99242 2.75875,
	3.99378 2.75875,
	4.00468 2.76556,
	4.00944 2.77032,
	4.01285 2.77577,
	4.01489 2.78121,
	4.01557 2.79211,
	4.01489 2.79755,
	4.01285 2.803,
	4.01149 2.80572,
	4.01149 2.80709,
	4.0074 2.81253,
	3.96791 2.84726,
	3.96247 2.85202,
	3.94544 2.87313,
	3.94136 2.87789,
	3.93864 2.88062,
	3.91753 2.89423,
	3.91208 2.8956,
	3.90936 2.89696,
	3.89847 2.89764,
	3.88757 2.89696,
	3.88213 2.8956,
	3.87668 2.89287,
	3.87123 2.89151,
	3.86034 2.89083,
	3.85489 2.88947,
	3.85353 2.88947,
	3.85081 2.88743,
	3.84808 2.88674,
	3.84672 2.88538,
	3.84128 2.88334,
	3.83651 2.87857,
	3.83311 2.87313,
	3.83243 2.86223,
	3.83243 2.85679,
	3.83243 2.85611,
	"/>
</Transform>

</Section>