<?xml version="1.0"?>
<!DOCTYPE Section SYSTEM "section.dtd">

<Section index="73" thickness="0.045" alignLocked="true">
<Transform dim="6"
 xcoef=" 0.341335383218988 1.01459934731732 0.0160333723036916 0 0 0"
 ycoef=" -0.437555630164406 0.031080387935924 1.01673774642417 0 0 0">
<Image mag="0.00217507" contrast="0.917" brightness="0.105" red="true" green="true" blue="true"
 src="FHLTD.73.jpg" />
<Contour name="domain1" hidden="false" closed="true" simplified="false" border="1 0 1" fill="1 0 1" mode="11"
 points="0 0,
	4096 0,
	4096 4096,
	0 4096,
	"/>
</Transform>

<Transform dim="0"
 xcoef=" 0 1 0 0 0 0"
 ycoef=" 0 0 1 0 0 0">
<Contour name="D04" hidden="false" closed="true" simplified="true" border="1 0 0" fill="1 0 0" mode="11"
 points="1.26492 4.84996,
	1.26778 4.81096,
	1.27628 4.77281,
	1.29024 4.73634,
	1.30936 4.70235,
	1.33323 4.67158,
	1.36131 4.6447,
	1.39299 4.6223,
	1.4276 4.60487,
	1.46436 4.59278,
	1.50248 4.5863,
	1.54113 4.58558,
	1.57947 4.59063,
	1.61665 4.60133,
	1.65186 4.61746,
	1.68435 4.63866,
	1.71339 4.66447,
	1.73836 4.69432,
	1.75871 4.72758,
	1.77399 4.7635,
	1.78388 4.80131,
	1.78816 4.84018,
	1.78673 4.87926,
	1.77963 4.91771,
	1.76701 4.95467,
	1.74914 4.98936,
	1.72642 5.021,
	1.69934 5.04891,
	1.66849 5.07248,
	1.63455 5.09119,
	1.59825 5.10464,
	1.56039 5.11254,
	1.52179 5.11471,
	1.4833 5.1111,
	1.44576 5.10179,
	1.40998 5.08699,
	1.37674 5.06702,
	1.34678 5.04231,
	1.32073 5.01341,
	1.29918 4.98094,
	1.28259 4.94562,
	1.27133 4.9082,
	"/>
<Contour name="D05" hidden="false" closed="true" simplified="true" border="1 1 0" fill="1 1 0" mode="11"
 points="2.64299 4.28404,
	2.65475 4.21163,
	2.68888 4.14632,
	2.74205 4.09448,
	2.80904 4.0612,
	2.88329 4.04974,
	2.95755 4.0612,
	3.02454 4.09448,
	3.07771 4.14632,
	3.11184 4.21163,
	3.1236 4.28404,
	3.11184 4.35644,
	3.07771 4.42175,
	3.02454 4.47359,
	2.95755 4.50687,
	2.88329 4.51833,
	2.80904 4.50687,
	2.74205 4.47359,
	2.68888 4.42175,
	"/>
<Contour name="d01" hidden="false" closed="true" simplified="true" border="1 0.5 0" fill="1 0.5 0" mode="-11"
 points="4.87956 2.453,
	4.90071 2.41071,
	4.92186 2.39485,
	5.00644 2.3737,
	5.01173 2.33141,
	5.01173 2.32083,
	4.98001 2.27854,
	4.97472 2.25739,
	4.98001 2.23625,
	5.00644 2.19395,
	5.04874 2.15166,
	5.08046 2.10937,
	5.1016 2.06707,
	5.10689 2.04593,
	5.11218 2.03535,
	5.08574 1.99306,
	5.07517 1.98249,
	5.06988 1.94019,
	5.07517 1.8979,
	5.1016 1.8609,
	5.11746 1.83975,
	5.19676 1.7816,
	5.21262 1.77102,
	5.24434 1.73402,
	5.28663 1.69172,
	5.32893 1.66529,
	5.3395 1.66,
	5.35536 1.67586,
	5.3395 1.69172,
	5.33421 1.69701,
	5.34479 1.7023,
	5.37122 1.78688,
	5.39765 1.82918,
	5.40823 1.85032,
	5.45052 1.89261,
	5.53511 1.94019,
	5.5774 1.95605,
	5.66199 1.97191,
	5.74657 2.00363,
	5.78886 2.02478,
	5.85759 2.10937,
	5.87345 2.15166,
	5.88931 2.17281,
	5.88931 2.18338,
	5.89988 2.19395,
	5.91574 2.23625,
	5.92103 2.27854,
	5.91574 2.32083,
	5.8946 2.33669,
	5.87345 2.34198,
	5.8523 2.35784,
	5.8523 2.36841,
	5.8153 2.41071,
	5.79415 2.43714,
	5.77829 2.47943,
	5.72542 2.56402,
	5.71485 2.58516,
	5.6937 2.60631,
	5.65141 2.62217,
	5.56683 2.70676,
	5.52453 2.73319,
	5.50339 2.7279,
	5.42409 2.6486,
	5.38708 2.56402,
	5.37651 2.52172,
	5.36065 2.50058,
	5.34479 2.49529,
	5.2602 2.51644,
	5.23905 2.52701,
	5.21791 2.52701,
	5.17561 2.54287,
	5.09103 2.54816,
	5.00644 2.53758,
	4.96415 2.53758,
	4.92186 2.54816,
	4.91128 2.54816,
	4.88485 2.50586,
	4.87956 2.46357,
	4.87956 2.45828,
	"/>
<Contour name="d01c04" hidden="false" closed="true" simplified="true" border="0 1 0" fill="0 1 0" mode="9"
 points="5.33276 1.7537,
	5.34541 1.74105,
	5.34962 1.7284,
	5.38335 1.75791,
	5.40442 1.79164,
	5.41707 1.82536,
	5.4255 1.83801,
	5.5604 1.9434,
	5.57727 1.95605,
	5.71217 1.98977,
	5.74589 2.01507,
	5.76275 2.02771,
	5.74589 2.04036,
	5.73746 2.04458,
	5.60256 2.01928,
	5.53511 1.99399,
	5.40021 1.89703,
	5.38335 1.88438,
	5.35805 1.81693,
	5.34541 1.78321,
	5.34119 1.76634,
	5.33697 1.75791,
	"/>
<Contour name="d01cfa04" hidden="false" closed="false" simplified="false" border="0 1 1" fill="0 1 1" mode="9"
 points="5.78988 2.03556,
	5.75615 2.02291,
	5.75194 2.02291,
	5.70135 2.01448,
	5.65498 2.00605,
	5.62547 1.99762,
	5.58331 1.98919,
	5.51165 1.93438,
	5.46528 1.92174,
	5.42312 1.88801,
	5.38939 1.83321,
	5.34724 1.7489,
	"/>
<Contour name="d02" hidden="false" closed="true" simplified="true" border="0.5 0 1" fill="0.5 0 1" mode="9"
 points="4.26007 6.20556,
	4.31011 6.18054,
	4.36016 6.13675,
	4.38518 6.11798,
	4.4102 6.11798,
	4.51029 6.07419,
	4.54783 6.0304,
	4.57285 5.98036,
	4.61664 5.93031,
	4.62915 5.9178,
	4.65417 5.91155,
	4.70422 5.88027,
	4.8043 5.83648,
	4.85435 5.81146,
	4.90439 5.77392,
	4.95444 5.7489,
	5.00448 5.73639,
	5.10457 5.74265,
	5.20466 5.76141,
	5.30475 5.76767,
	5.3548 5.76767,
	5.37982 5.76767,
	5.40484 5.79269,
	5.41735 5.81771,
	5.41735 5.84274,
	5.36105 5.93657,
	5.40484 5.96785,
	5.43612 6.01789,
	5.43612 6.06794,
	5.42361 6.09296,
	5.39859 6.09922,
	5.37356 6.0867,
	5.27348 6.09296,
	5.24845 6.09922,
	5.22343 6.11798,
	5.19841 6.16803,
	5.19215 6.26812,
	5.22969 6.31191,
	5.22969 6.33693,
	5.17964 6.34318,
	5.16087 6.32442,
	5.14836 6.32442,
	5.09832 6.28063,
	5.08581 6.25561,
	4.98572 6.26812,
	4.93567 6.29939,
	4.92316 6.31191,
	4.82307 6.32442,
	4.77303 6.31816,
	4.72298 6.32442,
	4.67294 6.36195,
	4.64791 6.37446,
	4.59787 6.38072,
	4.54783 6.39948,
	4.44774 6.45578,
	4.42271 6.43076,
	4.40395 6.38072,
	4.37267 6.33067,
	4.3539 6.28063,
	4.32888 6.26186,
	4.30386 6.25561,
	4.26007 6.21182,
	"/>
<Contour name="d02" hidden="false" closed="true" simplified="true" border="0.5 0 1" fill="0.5 0 1" mode="9"
 points="3.17785 5.89904,
	3.22789 5.87401,
	3.27794 5.8615,
	3.30296 5.8615,
	3.353 5.89278,
	3.40305 5.91155,
	3.60323 5.93031,
	3.65327 5.90529,
	3.6783 5.88652,
	3.69081 5.88652,
	3.69706 5.87401,
	3.89724 5.79269,
	4.09742 5.73013,
	4.12244 5.71762,
	4.13496 5.69886,
	4.15998 5.67383,
	4.185 5.66132,
	4.28509 5.64256,
	4.33513 5.6363,
	4.36016 5.6363,
	4.39143 5.68009,
	4.39769 5.73013,
	4.39143 5.75516,
	4.30386 5.83648,
	4.26632 5.88027,
	4.24756 5.93031,
	4.2413 5.98036,
	4.19126 6.08045,
	4.19751 6.18054,
	4.17249 6.1993,
	4.15998 6.19305,
	4.17249 6.18054,
	4.0724 6.17428,
	3.97231 6.21182,
	3.94729 6.20556,
	3.87848 6.11173,
	3.86596 6.0867,
	3.81592 6.05543,
	3.61574 6.0304,
	3.5657 6.02415,
	3.51565 6.00538,
	3.41556 5.99287,
	3.21538 5.98661,
	3.19661 5.96785,
	3.19036 5.94283,
	3.17785 5.93031,
	3.17785 5.90529,
	"/>
<Contour name="d02p07" hidden="false" closed="true" simplified="false" border="1 0 1" fill="1 0 1" mode="9"
 points="4.34392 6.22964,
	4.34392 6.21242,
	4.36114 6.1952,
	4.37836 6.1952,
	4.39558 6.21242,
	4.39558 6.22964,
	4.37836 6.24687,
	4.36114 6.24687,
	"/>
<Contour name="d02c07a" hidden="false" closed="true" simplified="true" border="0 1 0" fill="0 1 0" mode="9"
 points="3.38817 5.9233,
	3.40019 5.91128,
	3.42422 5.90828,
	3.47228 5.9233,
	3.48429 5.93531,
	3.50832 5.93831,
	3.53235 5.93531,
	3.54437 5.93531,
	3.59242 5.91729,
	3.61645 5.90828,
	3.62847 5.90227,
	3.6525 5.89927,
	3.70056 5.88124,
	3.71257 5.88124,
	3.7366 5.87223,
	3.82972 5.81216,
	3.87778 5.78212,
	3.88378 5.77611,
	3.88979 5.77611,
	3.90181 5.7671,
	3.90781 5.7611,
	3.95587 5.75209,
	4.00393 5.73707,
	4.05199 5.72806,
	4.07602 5.72205,
	4.10005 5.71003,
	4.12408 5.70403,
	4.14811 5.69201,
	4.17214 5.67399,
	4.26525 5.62293,
	4.28928 5.61391,
	4.29529 5.60791,
	4.34335 5.61091,
	4.35536 5.61391,
	4.36738 5.62593,
	4.37339 5.64996,
	4.37339 5.66197,
	4.32533 5.70703,
	4.27727 5.71003,
	4.22921 5.69802,
	4.20518 5.69201,
	4.18115 5.69501,
	4.17514 5.69501,
	4.15412 5.71003,
	4.11507 5.75809,
	4.10305 5.78212,
	4.09104 5.79414,
	4.06701 5.80315,
	3.97089 5.81817,
	3.87477 5.8482,
	3.85074 5.85721,
	3.82972 5.87824,
	3.8177 5.89026,
	3.76964 5.90828,
	3.74561 5.91428,
	3.7366 5.9263,
	3.68854 5.94132,
	3.66451 5.95033,
	3.64048 5.97436,
	3.54437 5.97136,
	3.52034 5.96835,
	3.42422 5.93531,
	3.4122 5.93531,
	3.40019 5.9293,
	3.39718 5.9263,
	3.39118 5.9293,
	3.38817 5.9263,
	"/>
<Contour name="d02cfa07a" hidden="false" closed="false" simplified="false" border="0 1 1" fill="0 1 1" mode="9"
 points="4.37139 5.65373,
	4.35938 5.64471,
	4.32333 5.64471,
	4.26025 5.65673,
	4.2122 5.67175,
	4.15212 5.69277,
	4.11307 5.73483,
	4.07102 5.74984,
	3.99893 5.76787,
	3.92684 5.77387,
	3.87578 5.80992,
	3.78567 5.86398,
	3.67754 5.91204,
	3.59043 5.94809,
	3.53036 5.94809,
	3.47028 5.93607,
	3.39819 5.91805,
	"/>
<Contour name="d02" hidden="false" closed="true" simplified="true" border="0.5 0 1" fill="0.5 0 1" mode="9"
 points="5.0629 7.13269,
	5.06765 7.09471,
	5.06765 7.07572,
	5.07002 7.06623,
	5.08901 7.04961,
	5.108 7.04012,
	5.12699 7.03774,
	5.14598 7.04249,
	5.15547 7.04249,
	5.16497 7.04961,
	5.17446 7.05198,
	5.18396 7.06148,
	5.18633 7.08047,
	5.19108 7.08996,
	5.19108 7.10895,
	5.19108 7.11845,
	5.17446 7.13743,
	5.16497 7.14693,
	5.14598 7.14218,
	5.13648 7.14218,
	5.13174 7.14218,
	5.1175 7.16117,
	5.11037 7.16829,
	5.09139 7.17304,
	5.08664 7.17304,
	5.07714 7.16592,
	5.06528 7.14693,
	5.0629 7.13743,
	5.0629 7.13506,
	"/>
<Contour name="d02" hidden="false" closed="true" simplified="true" border="0.5 0 1" fill="0.5 0 1" mode="9"
 points="3.77533 5.28366,
	3.7888 5.26571,
	3.79328 5.2298,
	3.86511 5.18041,
	3.90102 5.18041,
	3.90551 5.1849,
	3.91 5.17593,
	3.97285 5.23428,
	3.97285 5.24326,
	3.98183 5.25224,
	3.98632 5.28815,
	3.97285 5.32407,
	3.96387 5.32407,
	3.97285 5.35998,
	3.97734 5.37794,
	3.98183 5.38691,
	3.97285 5.40487,
	3.93694 5.42283,
	3.90102 5.41834,
	3.88756 5.38242,
	3.88307 5.36447,
	3.85164 5.34202,
	3.81573 5.32856,
	3.80675 5.33753,
	3.7888 5.33753,
	3.77533 5.32407,
	3.77533 5.28815,
	"/>
<Contour name="d02" hidden="false" closed="true" simplified="true" border="0.5 0 1" fill="0.5 0 1" mode="9"
 points="3.60577 6.62932,
	3.62231 6.60285,
	3.67523 6.59954,
	3.68847 6.59293,
	3.70831 6.56646,
	3.71824 6.55654,
	3.72816 6.53007,
	3.73478 6.51684,
	3.73809 6.51023,
	3.73478 6.50361,
	3.74801 6.49699,
	3.74801 6.49038,
	3.76124 6.47715,
	3.77448 6.48045,
	3.7844 6.53338,
	3.79102 6.54,
	3.78771 6.59293,
	3.7844 6.59954,
	3.81086 6.60947,
	3.8241 6.61939,
	3.83733 6.6227,
	3.85056 6.63593,
	3.85387 6.6624,
	3.85387 6.67563,
	3.84064 6.68886,
	3.81417 6.70209,
	3.78771 6.70871,
	3.73478 6.70209,
	3.68185 6.70209,
	3.62892 6.68224,
	3.60577 6.65909,
	3.60577 6.63262,
	"/>
<Contour name="d06" hidden="false" closed="true" simplified="true" border="0 0 1" fill="0 0 1" mode="9"
 points="1.18714 7.9087,
	1.20107 7.86411,
	1.21779 7.8446,
	1.22615 7.83346,
	1.24566 7.82231,
	1.33484 7.81952,
	1.37942 7.81952,
	1.40172 7.81116,
	1.44352 7.76936,
	1.46581 7.74985,
	1.47139 7.74985,
	1.49368 7.73592,
	1.51597 7.72756,
	1.53548 7.71363,
	1.56056 7.66904,
	1.57449 7.64675,
	1.58285 7.62445,
	1.58564 7.60216,
	1.58564 7.59659,
	1.59679 7.58544,
	1.64138 7.56036,
	1.66367 7.54364,
	1.67482 7.53249,
	1.68318 7.52692,
	1.6999 7.50741,
	1.72219 7.49069,
	1.73334 7.47954,
	1.73334 7.39037,
	1.73334 7.37922,
	1.75006 7.33463,
	1.75842 7.31234,
	1.77235 7.29005,
	1.77792 7.2789,
	1.78628 7.27333,
	1.803 7.25103,
	1.81973 7.23431,
	1.8253 7.22317,
	1.83366 7.21759,
	1.85038 7.1953,
	1.89497 7.16743,
	1.91726 7.1535,
	1.92841 7.14792,
	2.01758 7.14792,
	2.03988 7.15071,
	2.06217 7.16743,
	2.08446 7.16186,
	2.10676 7.15071,
	2.12626 7.14792,
	2.12905 7.15907,
	2.15134 7.17022,
	2.1597 7.18137,
	2.1597 7.19251,
	2.1597 7.19809,
	2.14856 7.20923,
	2.13741 7.21202,
	2.12626 7.22317,
	2.12348 7.23431,
	2.11512 7.24546,
	2.11233 7.26775,
	2.12069 7.31234,
	2.13462 7.35693,
	2.1402 7.36807,
	2.1597 7.38758,
	2.17364 7.40709,
	2.19593 7.42102,
	2.20987 7.44332,
	2.21544 7.44889,
	2.21544 7.49348,
	2.2238 7.51577,
	2.25167 7.56036,
	2.25724 7.58265,
	2.25445 7.67183,
	2.24888 7.69412,
	2.24888 7.71641,
	2.27675 7.761,
	2.27675 7.80559,
	2.27675 7.82788,
	2.27396 7.83903,
	2.25445 7.85575,
	2.24888 7.86132,
	2.23773 7.86411,
	2.23495 7.8669,
	2.24609 7.87804,
	2.25167 7.88919,
	2.29625 7.9282,
	2.31297 7.94492,
	2.33527 7.95886,
	2.34641 7.95886,
	2.36871 7.98115,
	2.37428 8.02574,
	2.37428 8.03689,
	2.38821 8.05918,
	2.42444 8.14836,
	2.42444 8.23753,
	2.42444 8.25982,
	2.40494 8.28212,
	2.39379 8.29326,
	2.38543 8.31556,
	2.38264 8.33785,
	2.38543 8.36015,
	2.42723 8.38801,
	2.4328 8.39359,
	2.4328 8.43817,
	2.42444 8.44932,
	2.41887 8.45489,
	2.39658 8.45489,
	2.37428 8.46325,
	2.28511 8.46325,
	2.24052 8.46047,
	2.23216 8.41588,
	2.22937 8.37129,
	2.23216 8.349,
	2.24052 8.3267,
	2.24609 8.31556,
	2.24609 8.22638,
	2.23773 8.1818,
	2.22937 8.1595,
	2.22659 8.13721,
	2.22101 8.12606,
	2.21823 8.03689,
	2.21823 7.9923,
	2.21265 7.97001,
	2.21265 7.96443,
	2.19593 7.94214,
	2.18478 7.93099,
	2.16249 7.92263,
	2.1402 7.90034,
	2.12905 7.89198,
	2.08446 7.88362,
	2.06217 7.88362,
	2.05102 7.88362,
	2.04545 7.88362,
	2.0343 7.87247,
	2.02037 7.85018,
	2.00922 7.85018,
	1.98693 7.83346,
	1.89775 7.83067,
	1.85317 7.81395,
	1.80858 7.80838,
	1.63023 7.81116,
	1.58564 7.83624,
	1.57449 7.84182,
	1.5522 7.8446,
	1.54663 7.8446,
	1.54105 7.85018,
	1.53548 7.85018,
	1.52712 7.86132,
	1.52155 7.86132,
	1.47696 7.89755,
	1.43516 7.93935,
	1.42401 7.9505,
	1.37942 7.97837,
	1.36828 7.98115,
	1.35713 7.98951,
	1.34598 7.9923,
	1.34041 7.99787,
	1.33484 7.99787,
	1.32926 8.00345,
	1.31812 8.00623,
	1.29582 8.02017,
	1.28468 8.02574,
	1.26238 8.02574,
	1.21779 8.00066,
	1.20665 7.99509,
	1.20107 7.98951,
	1.19829 7.97837,
	1.18993 7.96722,
	1.18714 7.92263,
	1.18714 7.91148,
	"/>
<Contour name="d03" hidden="false" closed="true" simplified="true" border="0 1 0" fill="0 1 0" mode="9"
 points="3.79018 2.30452,
	3.80188 2.28113,
	3.98905 2.18169,
	4.03584 2.16999,
	4.12942 2.17584,
	4.15867 2.22264,
	4.17037 2.22264,
	4.18791 2.24603,
	4.19376 2.26943,
	4.17621 2.28697,
	3.98905 2.31622,
	3.89546 2.32792,
	3.87206 2.34547,
	3.86037 2.35716,
	3.81357 2.35716,
	3.79018 2.33962,
	3.79018 2.31622,
	3.79018 2.31037,
	"/>
<Contour name="d07" hidden="false" closed="true" simplified="true" border="1 0 1" fill="1 0 1" mode="9"
 points="2.7971 7.22487,
	2.82051 7.16245,
	2.85952 7.10004,
	2.87512 7.08443,
	2.93754 7.05322,
	2.96875 7.02201,
	2.99216 7.00251,
	3.01166 6.9752,
	3.01947 6.9674,
	3.02727 6.90498,
	3.02727 6.88938,
	3.04287 6.85817,
	3.04677 6.79575,
	3.04677 6.78014,
	3.04677 6.77234,
	3.03507 6.75674,
	3.03507 6.69432,
	3.05067 6.66311,
	3.10529 6.60069,
	3.19112 6.48756,
	3.20282 6.45635,
	3.20282 6.39393,
	3.20282 6.36272,
	3.21452 6.33152,
	3.23793 6.30031,
	3.26914 6.2808,
	3.28474 6.2691,
	3.34716 6.273,
	3.37837 6.2808,
	3.38617 6.2808,
	3.41348 6.31201,
	3.42128 6.31981,
	3.43298 6.38223,
	3.43689 6.39783,
	3.42518 6.40954,
	3.40958 6.41344,
	3.40568 6.42904,
	3.37447 6.43685,
	3.35886 6.44465,
	3.32375 6.50316,
	3.31205 6.51877,
	3.30815 6.53437,
	3.26524 6.59679,
	3.24183 6.6163,
	3.21062 6.6397,
	3.19112 6.67091,
	3.19112 6.67872,
	3.17161 6.70992,
	3.16381 6.74113,
	3.156 6.74894,
	3.156 6.76454,
	3.1482 6.78014,
	3.1482 6.81135,
	3.16771 6.83866,
	3.17161 6.90108,
	3.17161 6.93229,
	3.156 6.9635,
	3.1521 7.02591,
	3.1521 7.05712,
	3.15991 7.07273,
	3.17551 7.08833,
	3.19112 7.09613,
	3.20282 7.11174,
	3.19892 7.17416,
	3.19892 7.20537,
	3.19892 7.22097,
	3.21062 7.25218,
	3.23793 7.25608,
	3.24573 7.25608,
	3.30425 7.3185,
	3.31595 7.3341,
	3.33156 7.338,
	3.36276 7.36531,
	3.37837 7.39652,
	3.40568 7.42773,
	3.43689 7.44724,
	3.45249 7.44724,
	3.46809 7.45504,
	3.4837 7.45504,
	3.4915 7.45504,
	3.51881 7.48235,
	3.53441 7.49015,
	3.56562 7.52136,
	3.58123 7.52916,
	3.59683 7.52916,
	3.65925 7.57597,
	3.67875 7.60718,
	3.68266 7.62279,
	3.68266 7.63059,
	3.71386 7.63449,
	3.8387 7.63059,
	3.86991 7.63059,
	3.93233 7.60328,
	3.99475 7.60328,
	4.02595 7.62279,
	4.04156 7.62669,
	4.05716 7.63839,
	4.11958 7.64229,
	4.15079 7.64229,
	4.16639 7.64229,
	4.1976 7.6618,
	4.2015 7.72421,
	4.2015 7.73982,
	4.2015 7.74762,
	4.1859 7.76323,
	4.1781 7.77103,
	4.11568 7.77493,
	4.05326 7.77103,
	4.04546 7.77103,
	4.01425 7.74372,
	3.95183 7.70861,
	3.88942 7.70471,
	3.85821 7.70861,
	3.827 7.72031,
	3.79579 7.73982,
	3.78018 7.75542,
	3.74897 7.75932,
	3.73337 7.76323,
	3.71777 7.77493,
	3.69436 7.83735,
	3.68656 7.86856,
	3.67485 7.88416,
	3.65925 7.88806,
	3.65145 7.89586,
	3.64364 7.89586,
	3.62804 7.90757,
	3.61244 7.91147,
	3.59683 7.92317,
	3.53441 7.94658,
	3.51881 7.95828,
	3.4876 7.96218,
	3.472 7.96999,
	3.34716 7.96999,
	3.33156 7.96999,
	3.30425 7.94268,
	3.29645 7.93488,
	3.29254 7.91927,
	3.28084 7.90367,
	3.27304 7.89586,
	3.27304 7.88806,
	3.21842 7.82564,
	3.19112 7.79834,
	3.17161 7.76713,
	3.11309 7.70861,
	3.05067 7.6579,
	2.98826 7.59938,
	2.97265 7.56817,
	2.96485 7.54086,
	2.94925 7.53696,
	2.92194 7.50575,
	2.91804 7.47454,
	2.87512 7.41213,
	2.85172 7.38482,
	2.83611 7.35361,
	2.81271 7.3263,
	2.8049 7.3185,
	2.7971 7.28729,
	2.7971 7.22877,
	"/>
<Contour name="d07" hidden="false" closed="true" simplified="true" border="1 0 1" fill="1 0 1" mode="9"
 points="2.89463 8.40691,
	2.92194 8.3757,
	2.98436 8.34059,
	2.99996 8.33279,
	3.00776 8.33279,
	3.02337 8.32109,
	3.03117 8.32109,
	3.05848 8.35229,
	3.05848 8.47713,
	3.05848 8.53955,
	3.05848 8.54735,
	3.03117 8.57856,
	2.99996 8.57466,
	2.98436 8.56686,
	2.97655 8.55905,
	2.97265 8.49664,
	2.96095 8.48103,
	2.95315 8.48103,
	2.92194 8.45372,
	2.91414 8.44592,
	2.90633 8.44592,
	2.89463 8.43032,
	2.89463 8.41471,
	2.89463 8.41081,
	"/>
<Contour name="d07" hidden="false" closed="true" simplified="true" border="1 0 1" fill="1 0 1" mode="9"
 points="3.25353 8.29768,
	3.26524 8.26647,
	3.26914 8.23526,
	3.29645 8.20795,
	3.41738 8.12603,
	3.42518 8.11043,
	3.4876 8.06751,
	3.4993 8.05581,
	3.51491 8.05971,
	3.52661 8.07532,
	3.52661 8.10652,
	3.51491 8.12213,
	3.51491 8.15334,
	3.51491 8.16114,
	3.53051 8.17284,
	3.52661 8.23526,
	3.4954 8.26257,
	3.4837 8.27817,
	3.4837 8.28598,
	3.46809 8.29768,
	3.46809 8.32889,
	3.44469 8.3601,
	3.41348 8.3718,
	3.39787 8.3757,
	3.38227 8.3874,
	3.37447 8.39521,
	3.31205 8.39521,
	3.29645 8.39521,
	3.28084 8.3835,
	3.27694 8.35229,
	3.26914 8.33669,
	3.25353 8.32109,
	3.25353 8.30548,
	3.25353 8.30158,
	"/>
<Contour name="d07c09" hidden="false" closed="true" simplified="true" border="1 0 0" fill="0 1 0" mode="9"
 points="3.27175 6.22687,
	3.27956 6.1956,
	3.30693 6.16824,
	3.36947 6.16824,
	3.40074 6.16824,
	3.43201 6.18387,
	3.46328 6.20733,
	3.48283 6.2386,
	3.49455 6.26987,
	3.49064 6.33241,
	3.49064 6.34805,
	3.46719 6.3715,
	3.45156 6.38323,
	3.44374 6.39105,
	3.41247 6.38714,
	3.39683 6.3715,
	3.38901 6.35587,
	3.35774 6.3285,
	3.32647 6.32069,
	3.31084 6.31678,
	3.27956 6.28941,
	3.27175 6.2816,
	3.27175 6.25033,
	3.27175 6.23469,
	3.27175 6.23078,
	"/>
<Contour name="d07cfa09" hidden="false" closed="true" simplified="true" border="0 1 0" fill="0 1 0" mode="9"
 points="3.26175 6.21687,
	3.26956 6.1856,
	3.29693 6.15824,
	3.35947 6.15824,
	3.39074 6.15824,
	3.42201 6.17387,
	3.45328 6.19733,
	3.47283 6.2286,
	3.48455 6.25987,
	3.48064 6.32241,
	3.48064 6.33805,
	3.45719 6.3615,
	3.44156 6.37323,
	3.43374 6.38105,
	3.40247 6.37714,
	3.38683 6.3615,
	3.37901 6.34587,
	3.34774 6.3185,
	3.31647 6.31069,
	3.30084 6.30678,
	3.26956 6.27941,
	3.26175 6.2716,
	3.26175 6.24033,
	3.26175 6.22469,
	3.26175 6.22078,
	"/>
<Contour name="d07cfa09" hidden="false" closed="false" simplified="false" border="0 1 1" fill="0 1 1" mode="9"
 points="3.45306 6.36128,
	3.44524 6.32219,
	3.41397 6.29092,
	3.37488 6.27919,
	3.32016 6.25965,
	3.28107 6.27528,
	"/>
<Contour name="d07c11" hidden="false" closed="true" simplified="true" border="1 0 0" fill="0 1 0" mode="9"
 points="2.86913 8.44713,
	2.87695 8.43149,
	2.89258 8.42367,
	2.92385 8.42367,
	2.93167 8.42367,
	2.95122 8.45494,
	2.95903 8.45494,
	2.96685 8.46276,
	2.96685 8.47058,
	2.97858 8.48621,
	2.97858 8.51749,
	2.97076 8.54876,
	2.95903 8.56048,
	2.9434 8.56048,
	2.92776 8.55267,
	2.87695 8.49403,
	2.86913 8.48621,
	2.86913 8.45494,
	2.86913 8.45103,
	"/>
<Contour name="d07cfa11" hidden="false" closed="false" simplified="false" border="0 1 1" fill="0 1 1" mode="9"
 points="2.96054 8.55026,
	2.9449 8.49945,
	2.92145 8.46427,
	2.88236 8.43299,
	"/>
<Contour name="d08" hidden="false" closed="true" simplified="true" border="1 0 0" fill="1 0 0" mode="9"
 points="5.43673 5.11405,
	5.45955 5.09123,
	5.47259 5.0782,
	5.49866 5.02604,
	5.50518 4.99997,
	5.52148 4.97389,
	5.54755 4.9576,
	5.56059 4.95434,
	5.56711 4.96737,
	5.58015 4.97063,
	5.58667 4.97715,
	5.58667 5.0293,
	5.58341 5.05538,
	5.57363 5.06842,
	5.57037 5.09449,
	5.57363 5.12057,
	5.58341 5.13361,
	5.58993 5.23791,
	5.58993 5.25095,
	5.58341 5.26398,
	5.57037 5.27376,
	5.46607 5.2705,
	5.45303 5.26724,
	5.44325 5.2542,
	5.43673 5.20205,
	5.43673 5.1499,
	5.43673 5.12383,
	5.43673 5.11731,
	"/>
<Contour name="d08" hidden="false" closed="true" simplified="true" border="1 0 0" fill="1 0 0" mode="9"
 points="5.01953 4.25682,
	5.08146 4.15252,
	5.10753 4.10037,
	5.13361 4.07429,
	5.1499 4.04822,
	5.20205 4.01562,
	5.22813 3.99932,
	5.24117 3.9928,
	5.26724 3.98955,
	5.37154 3.93413,
	5.39762 3.93413,
	5.4237 3.92762,
	5.47585 3.90154,
	5.50192 3.89176,
	5.60296 3.8885,
	5.60948 3.88198,
	5.63556 3.87547,
	5.66163 3.87547,
	5.67467 3.87547,
	5.70075 3.86243,
	5.7529 3.86243,
	5.76594 3.86569,
	5.79201 3.88524,
	5.81809 3.91132,
	5.82787 3.93739,
	5.82787 3.98955,
	5.79527 4.0417,
	5.7692 4.06125,
	5.75616 4.07103,
	5.7529 4.09711,
	5.7529 4.11014,
	5.7366 4.13622,
	5.71378 4.15578,
	5.70075 4.15904,
	5.68771 4.16881,
	5.68119 4.17533,
	5.66815 4.17859,
	5.66163 4.18511,
	5.65512 4.18511,
	5.6486 4.19163,
	5.63556 4.19489,
	5.61274 4.21771,
	5.5997 4.23074,
	5.58341 4.28289,
	5.57689 4.29593,
	5.57689 4.30897,
	5.56385 4.33505,
	5.55407 4.3872,
	5.55081 4.4915,
	5.55733 4.51757,
	5.57363 4.53387,
	5.57363 4.54039,
	5.5997 4.56646,
	5.62578 4.58602,
	5.6486 4.6121,
	5.65186 4.66425,
	5.65186 4.67729,
	5.70401 4.7164,
	5.72682 4.73921,
	5.72682 4.84352,
	5.73008 4.85655,
	5.7529 4.88263,
	5.77897 4.89241,
	5.83112 4.9413,
	5.8409 4.95434,
	5.84416 5.00649,
	5.8409 5.05864,
	5.83438 5.07168,
	5.83438 5.0782,
	5.81157 5.10101,
	5.80505 5.10753,
	5.79201 5.10753,
	5.76594 5.08471,
	5.75616 5.07168,
	5.7529 5.01953,
	5.7529 4.99345,
	5.7529 4.98041,
	5.74638 4.96737,
	5.69749 4.91522,
	5.67467 4.88915,
	5.67141 4.837,
	5.6486 4.81092,
	5.64208 4.79788,
	5.616 4.77833,
	5.5117 4.67729,
	5.49866 4.66425,
	5.49214 4.65121,
	5.48888 4.59906,
	5.48562 4.57298,
	5.46281 4.55017,
	5.41066 4.53387,
	5.38458 4.50779,
	5.38132 4.49476,
	5.35851 4.48824,
	5.33243 4.47194,
	5.31939 4.4589,
	5.26724 4.43609,
	5.21509 4.41979,
	5.18902 4.41979,
	5.08471 4.40023,
	5.07168 4.39697,
	5.02279 4.34482,
	5.01953 4.29267,
	5.01953 4.2666,
	5.01953 4.26008,
	"/>
<Contour name="d08" hidden="false" closed="true" simplified="true" border="1 0 0" fill="1 0 0" mode="9"
 points="4.84215 3.80121,
	4.85994 3.76562,
	4.88441 3.73004,
	4.88886 3.72559,
	4.96003 3.72559,
	4.96893 3.72559,
	4.98673 3.71891,
	5.02231 3.71891,
	5.04011 3.72336,
	5.07569 3.72559,
	5.08014 3.72781,
	5.08014 3.7456,
	5.08014 3.7545,
	5.08014 3.75895,
	5.04456 3.78119,
	5.03566 3.78564,
	5.02676 3.79454,
	4.9934 3.81456,
	4.9845 3.82123,
	4.94891 3.8279,
	4.91333 3.84347,
	4.89553 3.85014,
	4.87774 3.85237,
	4.85994 3.85014,
	4.85105 3.84347,
	4.84437 3.82568,
	4.84215 3.80788,
	4.84215 3.80343,
	"/>
<Contour name="D11" hidden="false" closed="true" simplified="true" border="1 0.5 0" fill="1 0.5 0" mode="11"
 points="4.91298 4.25857,
	4.91572 4.24431,
	4.92365 4.23144,
	4.93602 4.22123,
	4.95159 4.21467,
	4.96886 4.21241,
	4.98613 4.21467,
	5.0017 4.22123,
	5.01406 4.23144,
	5.022 4.24431,
	5.02473 4.25857,
	5.022 4.27283,
	5.01406 4.2857,
	5.0017 4.29591,
	4.98613 4.30247,
	4.96886 4.30473,
	4.95159 4.30247,
	4.93602 4.29591,
	4.92365 4.2857,
	"/>
<Contour name="D11" hidden="false" closed="true" simplified="true" border="1 0.5 0" fill="1 0.5 0" mode="11"
 points="5.71954 4.13953,
	5.72477 4.11251,
	5.73995 4.08812,
	5.7636 4.06878,
	5.7934 4.05635,
	5.82643 4.05207,
	5.85946 4.05635,
	5.88926 4.06878,
	5.91291 4.08812,
	5.92809 4.11251,
	5.93333 4.13953,
	5.92809 4.16656,
	5.91291 4.19094,
	5.88926 4.21029,
	5.85946 4.22271,
	5.82643 4.22699,
	5.7934 4.22271,
	5.7636 4.21029,
	5.73995 4.19094,
	"/>
<Contour name="D11" hidden="false" closed="true" simplified="true" border="1 0.5 0" fill="1 0.5 0" mode="11"
 points="4.84496 5.29106,
	4.8471 5.27004,
	4.85331 5.25108,
	4.86299 5.23603,
	4.87518 5.22637,
	4.88869 5.22304,
	4.9022 5.22637,
	4.91439 5.23603,
	4.92407 5.25108,
	4.93028 5.27004,
	4.93242 5.29106,
	4.93028 5.31208,
	4.92407 5.33104,
	4.91439 5.34609,
	4.9022 5.35575,
	4.88869 5.35908,
	4.87518 5.35575,
	4.86299 5.34609,
	4.85331 5.33104,
	"/>
<Contour name="D19" hidden="false" closed="true" simplified="true" border="0 1 0" fill="0 1 0" mode="11"
 points="2.36702 7.39511,
	2.36826 7.37145,
	2.37197 7.34806,
	2.3781 7.32521,
	2.38658 7.30317,
	2.39732 7.28219,
	2.41018 7.26252,
	2.42503 7.24436,
	2.44169 7.22795,
	2.45998 7.21346,
	2.47966 7.20107,
	2.50054 7.19091,
	2.52235 7.18311,
	2.54485 7.17775,
	2.56779 7.17489,
	2.59089 7.17457,
	2.61389 7.1768,
	2.63652 7.18154,
	2.65853 7.18874,
	2.67966 7.19832,
	2.69967 7.21016,
	2.71832 7.22414,
	2.7354 7.24009,
	2.75072 7.25783,
	2.7641 7.27714,
	2.77538 7.29782,
	2.78444 7.31962,
	2.79116 7.34229,
	2.79548 7.36556,
	2.79734 7.38918,
	2.79672 7.41287,
	2.79363 7.43635,
	2.7881 7.45935,
	2.7802 7.48162,
	2.77001 7.50289,
	2.75767 7.52291,
	2.7433 7.54147,
	2.72707 7.55833,
	2.70918 7.57332,
	2.68982 7.58625,
	2.66922 7.59698,
	2.64762 7.60538,
	2.62526 7.61136,
	2.60241 7.61485,
	2.57933 7.6158,
	2.55628 7.61421,
	2.53353 7.6101,
	2.51134 7.6035,
	2.48997 7.59451,
	2.46966 7.58322,
	2.45065 7.56976,
	2.43315 7.55429,
	2.41737 7.53698,
	2.40349 7.51804,
	2.39167 7.49768,
	2.38205 7.47614,
	2.37474 7.45366,
	2.36981 7.43051,
	"/>
<Contour name="d08ax17" hidden="false" closed="true" simplified="true" border="0 0 1" fill="0 0 1" mode="-11"
 points="3.35992 4.46487,
	3.36787 4.44367,
	3.37316 4.43308,
	3.37316 4.41188,
	3.39966 4.36948,
	3.41821 4.35358,
	3.42881 4.34298,
	3.45001 4.33238,
	3.4924 4.32178,
	3.5136 4.32443,
	3.5348 4.33238,
	3.556 4.34828,
	3.5666 4.35093,
	3.56925 4.36153,
	3.56925 4.36683,
	3.5878 4.38273,
	3.60899 4.39333,
	3.60635 4.41453,
	3.5878 4.43573,
	3.54805 4.46752,
	3.53745 4.47282,
	3.5348 4.47812,
	3.5136 4.48342,
	3.5083 4.48872,
	3.42351 4.49402,
	3.38111 4.49667,
	3.37052 4.49667,
	3.35992 4.49137,
	3.35992 4.47017,
	3.35992 4.46752,
	"/>
<Contour name="d01" hidden="false" closed="true" simplified="true" border="1 0.5 0" fill="1 0.5 0" mode="9"
 points="6.08314 1.9982,
	6.11265 1.97713,
	6.1801 1.95605,
	6.21382 1.9434,
	6.24755 1.92232,
	6.315 1.91389,
	6.38245 1.91811,
	6.41617 1.93075,
	6.43304 1.92654,
	6.44147 1.92654,
	6.4499 1.90968,
	6.48362 1.88438,
	6.55107 1.8633,
	6.56794 1.85909,
	6.60166 1.87174,
	6.63117 1.89703,
	6.63117 1.91389,
	6.61431 1.94762,
	6.5848 1.97713,
	6.55529 1.9982,
	6.53843 2.01085,
	6.52156 2.01507,
	6.5047 2.01085,
	6.43725 2.04879,
	6.42039 2.05301,
	6.35294 2.04458,
	6.33608 2.04036,
	6.30235 2.05301,
	6.28549 2.06144,
	6.21804 2.05301,
	6.18431 2.04036,
	6.16745 2.03193,
	6.13373 2.03614,
	6.1 2.03193,
	6.08736 2.00242,
	"/>
<Contour name="d01p46" hidden="false" closed="true" simplified="false" border="0 0 1" fill="0 0 1" mode="-9"
 points="5.09854 2.43392,
	5.07569 2.41107,
	5.09854 2.38822,
	5.12138 2.41107,
	"/>
<Contour name="d01p04" hidden="false" closed="true" simplified="false" border="0 0 1" fill="0 0 1" mode="-13"
 points="5.48371 2.04548,
	5.46086 2.02263,
	5.48371 1.99978,
	5.50656 2.02263,
	"/>
<Contour name="d06p07" hidden="false" closed="true" simplified="false" border="1 0 1" fill="1 0 1" mode="-9"
 points="2.1642 7.86547,
	2.1642 7.85555,
	2.17412 7.84562,
	2.18405 7.84562,
	2.19397 7.85555,
	2.19397 7.86547,
	2.18405 7.8754,
	2.17412 7.8754,
	"/>
<Contour name="d06p08" hidden="false" closed="true" simplified="false" border="1 0 0" fill="1 0 0" mode="-9"
 points="1.73986 7.64462,
	1.72497 7.64462,
	1.72497 7.65206,
	1.73241 7.65951,
	1.75475 7.66695,
	1.73986 7.6744,
	1.73241 7.68928,
	1.71752 7.6744,
	1.71008 7.65951,
	1.71008 7.64462,
	1.69519 7.64462,
	1.71752 7.62973,
	"/>
<Contour name="d07p09" hidden="false" closed="true" simplified="false" border="0 1 0" fill="0 1 0" mode="-9"
 points="3.03521 7.06394,
	3.03521 7.04409,
	3.05506 7.04409,
	3.05506 7.02424,
	3.07491 7.02424,
	3.07491 7.04409,
	3.09476 7.04409,
	3.09476 7.06394,
	3.07491 7.06394,
	3.07491 7.0838,
	3.05506 7.0838,
	3.05506 7.06394,
	"/>
<Contour name="d07p10" hidden="false" closed="true" simplified="false" border="0 1 1" fill="0 1 1" mode="-13"
 points="3.67047 7.72899,
	3.6804 7.71906,
	3.64069 7.67936,
	3.65062 7.66943,
	3.69032 7.70914,
	3.70025 7.69921,
	3.70025 7.72899,
	"/>
<Contour name="d08p07" hidden="false" closed="true" simplified="false" border="1 0 1" fill="1 0 1" mode="-9"
 points="5.46415 4.45303,
	5.46415 4.44452,
	5.47266 4.43602,
	5.48116 4.43602,
	5.48967 4.44452,
	5.48967 4.45303,
	5.48116 4.46153,
	5.47266 4.46153,
	"/>
<Contour name="d03" hidden="false" closed="true" simplified="true" border="0 1 0" fill="0 1 0" mode="9"
 points="2.82933 3.07505,
	2.83635 3.06978,
	2.89251 3.06276,
	2.90655 3.0575,
	2.91708 3.03117,
	2.93112 3.00309,
	2.97149 2.94692,
	2.97851 2.9399,
	3.0066 2.92937,
	3.03292 2.91357,
	3.05048 2.88549,
	3.06452 2.85741,
	3.06978 2.84337,
	3.07505 2.83635,
	3.08909 2.82933,
	3.11717 2.82055,
	3.17334 2.79247,
	3.18738 2.78545,
	3.24354 2.78018,
	3.29971 2.7714,
	3.35587 2.75912,
	3.3629 2.75736,
	3.41906 2.78018,
	3.44714 2.78896,
	3.47523 2.78369,
	3.48927 2.78194,
	3.51735 2.76965,
	3.53139 2.76087,
	3.54543 2.75561,
	3.55947 2.75912,
	3.57703 2.7872,
	3.58756 2.80124,
	3.61564 2.81879,
	3.6209 2.82581,
	3.62793 2.8539,
	3.62793 2.96623,
	3.62441 3.02239,
	3.62266 3.03643,
	3.61388 3.06452,
	3.61213 3.07154,
	3.58931 3.09787,
	3.57527 3.10313,
	3.51911 3.10489,
	3.50506 3.1084,
	3.45241 3.16456,
	3.42608 3.19089,
	3.31375 3.27514,
	3.28567 3.29269,
	3.27865 3.2962,
	3.22248 3.29795,
	3.20844 3.2962,
	3.15228 3.27689,
	3.12419 3.26812,
	3.06803 3.26285,
	3.05399 3.26285,
	2.99782 3.23652,
	2.94166 3.19791,
	2.91357 3.17158,
	2.90129 3.15754,
	2.88374 3.12946,
	2.87496 3.11542,
	2.87145 3.1084,
	2.85741 3.09787,
	2.84337 3.09084,
	2.83108 3.08031,
	2.82933 3.0768,
	"/>
<Contour name="ax01" comment="LK bouton trace named after cfa" hidden="false" closed="true" simplified="true" border="0 1 1" fill="0.502 1 1" mode="9"
 points="5.85433 1.79041,
	5.86341 1.76398,
	5.86507 1.75077,
	5.87167 1.73755,
	5.8758 1.72434,
	5.87663 1.69791,
	5.87663 1.6847,
	5.87828 1.67809,
	5.88984 1.65167,
	5.89397 1.63845,
	5.89975 1.62524,
	5.90388 1.61203,
	5.90553 1.60872,
	5.90636 1.5823,
	5.90553 1.57569,
	5.90801 1.56248,
	5.91049 1.55587,
	5.92205 1.54266,
	5.94847 1.51706,
	5.95921 1.50384,
	5.9749 1.47742,
	5.98233 1.4642,
	5.98646 1.4576,
	5.98977 1.45429,
	6.00546 1.42787,
	6.01124 1.42208,
	6.01784 1.41878,
	6.02115 1.4163,
	6.02528 1.4097,
	6.03106 1.40309,
	6.05748 1.38327,
	6.0707 1.37419,
	6.08391 1.36841,
	6.09052 1.36428,
	6.10373 1.35271,
	6.11034 1.34776,
	6.1219 1.33455,
	6.13429 1.32298,
	6.16071 1.30895,
	6.18714 1.30399,
	6.21357 1.30316,
	6.23999 1.30564,
	6.2433 1.30564,
	6.2499 1.30812,
	6.26312 1.30895,
	6.26972 1.30977,
	6.28294 1.31555,
	6.30936 1.32381,
	6.31597 1.32464,
	6.3424 1.33455,
	6.36882 1.34115,
	6.37543 1.34115,
	6.38864 1.33785,
	6.40186 1.33785,
	6.40846 1.33785,
	6.42168 1.3428,
	6.4481 1.35767,
	6.46545 1.3841,
	6.47205 1.38988,
	6.49848 1.40309,
	6.52491 1.41383,
	6.53812 1.41796,
	6.54473 1.41878,
	6.57115 1.43034,
	6.58437 1.43695,
	6.59097 1.44108,
	6.60419 1.44603,
	6.61079 1.44769,
	6.6141 1.44769,
	6.64052 1.46255,
	6.64713 1.46833,
	6.64961 1.47163,
	6.65126 1.47824,
	6.64713 1.49145,
	6.643 1.49806,
	6.63722 1.50384,
	6.61079 1.52118,
	6.58437 1.5344,
	6.55794 1.54926,
	6.55133 1.55257,
	6.53812 1.56248,
	6.52573 1.57486,
	6.51747 1.58808,
	6.51417 1.59468,
	6.50922 1.62111,
	6.51417 1.64754,
	6.52325 1.67396,
	6.52656 1.68057,
	6.52738 1.68718,
	6.52491 1.70039,
	6.52243 1.707,
	6.5183 1.71278,
	6.46545 1.74168,
	6.42498 1.79454,
	6.41342 1.80775,
	6.40021 1.81931,
	6.37378 1.83748,
	6.36057 1.84409,
	6.34735 1.84656,
	6.32093 1.84739,
	6.30771 1.84821,
	6.2945 1.854,
	6.28129 1.86308,
	6.26064 1.88951,
	6.25073 1.90272,
	6.24412 1.90767,
	6.23091 1.91345,
	6.20448 1.92006,
	6.19788 1.92254,
	6.18466 1.93162,
	6.17806 1.93575,
	6.16484 1.93988,
	6.13842 1.94401,
	6.1252 1.94649,
	6.1186 1.94814,
	6.11199 1.95144,
	6.09878 1.96218,
	6.08639 1.97539,
	6.07318 1.98613,
	6.04675 2.00182,
	6.03354 2.00595,
	6.02032 2.0076,
	6.00711 2.00677,
	5.9939 2.0043,
	5.98068 1.99934,
	5.97408 1.99686,
	5.92122 1.99439,
	5.91462 1.99191,
	5.90801 1.98778,
	5.88158 1.963,
	5.87002 1.94979,
	5.86094 1.93658,
	5.85928 1.92997,
	5.85846 1.92667,
	5.86094 1.92006,
	5.87332 1.90685,
	5.8758 1.90354,
	5.8791 1.89033,
	5.8791 1.87712,
	5.87663 1.86391,
	5.86672 1.83748,
	5.86424 1.83418,
	5.85598 1.80775,
	5.85433 1.79454,
	5.85433 1.79123,
	"/>
<Contour name="ax02" comment="LK bouton trace named after cfa" hidden="false" closed="true" simplified="true" border="0 1 1" fill="0.502 1 1" mode="9"
 points="2.98586 1.51772,
	2.98926 1.50994,
	2.99947 1.49439,
	3.00287 1.4905,
	3.00482 1.48855,
	3.01259 1.48369,
	3.04371 1.473,
	3.05149 1.47057,
	3.06704 1.46765,
	3.07482 1.46619,
	3.09038 1.46716,
	3.09816 1.46862,
	3.10593 1.47154,
	3.10788 1.47251,
	3.11517 1.48029,
	3.12781 1.49585,
	3.13559 1.50217,
	3.14337 1.50703,
	3.15114 1.50994,
	3.15503 1.51043,
	3.17059 1.50897,
	3.17837 1.50849,
	3.18226 1.50897,
	3.19781 1.51626,
	3.20559 1.51967,
	3.21337 1.52161,
	3.22893 1.52356,
	3.24448 1.52744,
	3.26004 1.53571,
	3.26782 1.54106,
	3.2756 1.54786,
	3.27948 1.54932,
	3.28726 1.55467,
	3.29504 1.56196,
	3.29893 1.56536,
	3.30087 1.56731,
	3.33199 1.58432,
	3.33588 1.58675,
	3.34365 1.59356,
	3.34706 1.59745,
	3.349 1.59939,
	3.35629 1.61495,
	3.35727 1.61884,
	3.35775 1.62078,
	3.36116 1.62467,
	3.36504 1.62759,
	3.36699 1.62905,
	3.37477 1.63148,
	3.37866 1.63294,
	3.3806 1.63439,
	3.38449 1.63488,
	3.38838 1.63391,
	3.40394 1.63294,
	3.40782 1.63245,
	3.42338 1.63391,
	3.43894 1.6378,
	3.44088 1.63926,
	3.44477 1.63974,
	3.44672 1.6412,
	3.45449 1.64363,
	3.45644 1.64412,
	3.45838 1.64558,
	3.45936 1.64558,
	3.4613 1.64703,
	3.46324 1.64752,
	3.47102 1.65384,
	3.47345 1.65773,
	3.47345 1.6587,
	3.47491 1.66065,
	3.4754 1.66842,
	3.47443 1.67231,
	3.46908 1.68009,
	3.46227 1.68787,
	3.45449 1.69419,
	3.43894 1.70148,
	3.42338 1.70634,
	3.4156 1.70877,
	3.40782 1.71023,
	3.40394 1.71072,
	3.40005 1.71218,
	3.38449 1.71412,
	3.35338 1.71461,
	3.29115 1.71169,
	3.2756 1.71072,
	3.26004 1.70829,
	3.22893 1.69759,
	3.21337 1.69322,
	3.19781 1.68787,
	3.18226 1.68155,
	3.17448 1.67863,
	3.15892 1.67037,
	3.15503 1.66794,
	3.15114 1.66648,
	3.14337 1.66162,
	3.14142 1.66065,
	3.13753 1.65724,
	3.12975 1.65238,
	3.12586 1.65044,
	3.11809 1.64801,
	3.1142 1.64655,
	3.09864 1.63683,
	3.06753 1.61446,
	3.06364 1.613,
	3.05586 1.6062,
	3.04808 1.59842,
	3.03253 1.59016,
	3.02475 1.58578,
	3.00968 1.57314,
	3.00287 1.56536,
	2.99461 1.54981,
	2.98926 1.53425,
	2.98683 1.52647,
	2.98586 1.52258,
	2.98586 1.51869,
	2.98586 1.51821,
	"/>
<Contour name="ax05" comment="LK bouton trace named after cfa" hidden="false" closed="true" simplified="true" border="0 1 1" fill="0.502 1 1" mode="9"
 points="2.24946 1.97789,
	2.26139 1.95669,
	2.26404 1.95139,
	2.30643 1.9196,
	2.3263 1.8984,
	2.33822 1.8772,
	2.34485 1.86661,
	2.3475 1.86131,
	2.3475 1.85866,
	2.36339 1.83746,
	2.37267 1.82686,
	2.38327 1.81891,
	2.40446 1.80831,
	2.42566 1.80699,
	2.44686 1.80831,
	2.48925 1.81494,
	2.53164 1.81759,
	2.55284 1.81759,
	2.57403 1.82024,
	2.59391 1.83878,
	2.5992 1.84011,
	2.6045 1.84408,
	2.6257 1.84541,
	2.6363 1.84541,
	2.65749 1.85203,
	2.66677 1.86131,
	2.67207 1.8719,
	2.69326 1.88913,
	2.73566 1.91695,
	2.75685 1.92887,
	2.7595 1.92887,
	2.7648 1.93284,
	2.7701 1.93417,
	2.7913 1.95139,
	2.80189 1.95934,
	2.80719 1.96199,
	2.81382 1.97259,
	2.81647 1.98319,
	2.82574 2.00438,
	2.83104 2.02558,
	2.83369 2.03618,
	2.83369 2.04677,
	2.83369 2.05207,
	2.82442 2.07327,
	2.81249 2.09447,
	2.80454 2.10506,
	2.79395 2.11434,
	2.78335 2.12096,
	2.77805 2.12494,
	2.75685 2.13156,
	2.73566 2.13156,
	2.71446 2.12626,
	2.70386 2.12229,
	2.66147 2.11434,
	2.64027 2.10904,
	2.62967 2.10506,
	2.54489 2.10109,
	2.5025 2.09844,
	2.4919 2.09447,
	2.44951 2.08652,
	2.43891 2.08254,
	2.43361 2.08122,
	2.42831 2.07724,
	2.40711 2.0693,
	2.40446 2.06665,
	2.39386 2.064,
	2.37267 2.0534,
	2.33028 2.0375,
	2.31968 2.03353,
	2.31438 2.02823,
	2.27199 2.00306,
	2.26139 1.99908,
	2.25079 1.99113,
	2.24946 1.98054,
	2.24946 1.97921,
	"/>
<Contour name="d03" hidden="false" closed="true" simplified="true" border="0 1 0" fill="0 1 0" mode="9"
 points="3.36462 3.31837,
	3.37558 3.27941,
	3.38654 3.25994,
	3.39262 3.2502,
	3.43158 3.21368,
	3.45105 3.19542,
	3.45592 3.19055,
	3.47662 3.1516,
	3.49609 3.13334,
	3.53505 3.13334,
	3.574 3.1309,
	3.59348 3.12482,
	3.61295 3.10899,
	3.61539 3.10656,
	3.61782 3.08708,
	3.62026 3.07734,
	3.62147 3.07247,
	3.68112 2.99456,
	3.71642 2.95561,
	3.73347 2.93613,
	3.75416 2.89718,
	3.76512 2.8777,
	3.76999 2.86796,
	3.78459 2.84849,
	3.79311 2.83875,
	3.79555 2.83631,
	3.87346 2.85457,
	3.91241 2.85944,
	3.93189 2.8631,
	3.97084 2.86066,
	3.99032 2.85944,
	3.99275 2.85944,
	4.01101 2.87527,
	4.00736 2.89475,
	4.00736 2.89961,
	4.00493 2.90448,
	3.98667 2.92396,
	3.94771 2.93857,
	3.93797 2.94222,
	3.9331 2.94465,
	3.91363 2.96048,
	3.90876 2.96413,
	3.88928 3.00309,
	3.87954 3.02256,
	3.87711 3.02743,
	3.88928 3.10534,
	3.89172 3.14429,
	3.89415 3.16377,
	3.91363 3.20272,
	3.92458 3.2222,
	3.94041 3.24168,
	3.94893 3.25141,
	3.95258 3.25628,
	3.99153 3.26846,
	4.01101 3.27576,
	4.02075 3.28063,
	4.03049 3.28793,
	4.03414 3.2928,
	4.03414 3.30254,
	4.03414 3.30498,
	4.01832 3.32445,
	3.97936 3.35367,
	3.95988 3.36828,
	3.95015 3.37558,
	3.87224 3.4048,
	3.83329 3.41575,
	3.79433 3.42427,
	3.75538 3.43523,
	3.67747 3.46444,
	3.63852 3.4754,
	3.59956 3.48392,
	3.56061 3.48879,
	3.54113 3.49122,
	3.53139 3.49244,
	3.52653 3.49366,
	3.44862 3.4474,
	3.41453 3.40845,
	3.39871 3.38897,
	3.39262 3.37923,
	3.37558 3.34028,
	3.36462 3.3208,
	3.36462 3.31958,
	"/>
<Contour name="d03cfa03ax06" hidden="false" closed="false" simplified="false" border="0 1 1" fill="0 1 1" mode="9"
 points="3.99136 3.2701,
	3.98409 3.2701,
	3.93323 3.2374,
	3.90053 3.17563,
	3.88236 3.0957,
	3.87146 3.03394,
	"/>
<Contour name="ax06" comment="LK bouton trace named after cfa" hidden="false" closed="true" simplified="true" border="0 1 1" fill="0.502 1 1" mode="9"
 points="3.90889 2.99928,
	3.91144 2.99589,
	3.91228 2.9891,
	3.91652 2.98232,
	3.91907 2.97554,
	3.92839 2.96198,
	3.94111 2.94841,
	3.95467 2.94078,
	3.96145 2.93654,
	3.98858 2.92468,
	4.00214 2.91705,
	4.02927 2.89585,
	4.04029 2.88229,
	4.04453 2.87551,
	4.04538 2.87212,
	4.04792 2.86873,
	4.04877 2.86533,
	4.05131 2.86194,
	4.05216 2.85855,
	4.0564 2.85177,
	4.05894 2.84499,
	4.05894 2.8416,
	4.06318 2.83482,
	4.06572 2.82803,
	4.07505 2.81447,
	4.08861 2.80091,
	4.09539 2.79836,
	4.10896 2.79752,
	4.12252 2.79921,
	4.1293 2.80006,
	4.15643 2.81108,
	4.18356 2.82041,
	4.19034 2.82295,
	4.2446 2.82549,
	4.25816 2.82973,
	4.27172 2.83736,
	4.28274 2.85092,
	4.29207 2.86449,
	4.30309 2.87805,
	4.3175 2.90518,
	4.32598 2.91874,
	4.34632 2.94587,
	4.35734 2.95943,
	4.36667 2.973,
	4.38193 3.00012,
	4.38532 3.00691,
	4.38786 3.02047,
	4.40058 3.0476,
	4.40736 3.06116,
	4.4099 3.06794,
	4.4099 3.09507,
	4.40651 3.14933,
	4.40482 3.16289,
	4.40143 3.17645,
	4.39549 3.19002,
	4.37854 3.21714,
	4.37515 3.22393,
	4.36413 3.23749,
	4.35056 3.25021,
	4.32343 3.26546,
	4.29631 3.27479,
	4.28274 3.28072,
	4.26918 3.28242,
	4.24205 3.28242,
	4.21492 3.28751,
	4.20136 3.29174,
	4.1878 3.29344,
	4.13354 3.29514,
	4.10641 3.29514,
	4.09285 3.29429,
	4.07929 3.2909,
	4.07251 3.28835,
	4.06572 3.28751,
	4.05301 3.28327,
	4.03944 3.27649,
	4.02673 3.26801,
	4.01995 3.26377,
	4.00638 3.25868,
	3.9996 3.25614,
	3.99282 3.25105,
	3.98688 3.24427,
	3.97756 3.23071,
	3.96993 3.21714,
	3.96654 3.20358,
	3.96569 3.20019,
	3.964 3.19849,
	3.95806 3.18493,
	3.95467 3.17815,
	3.94958 3.17137,
	3.94619 3.16458,
	3.94365 3.16119,
	3.9428 3.15441,
	3.93856 3.14085,
	3.93602 3.13407,
	3.93348 3.13068,
	3.91737 3.07642,
	3.91398 3.06286,
	3.91228 3.05607,
	3.90974 3.02895,
	3.90889 3.00182,
	3.90889 3.00012,
	"/>
<Contour name="ax25" comment="LK bouton trace named after cfa" hidden="false" closed="true" simplified="true" border="0 1 1" fill="0.502 1 1" mode="9"
 points="3.65148 4.201,
	3.65679 4.17976,
	3.67803 4.13729,
	3.7059 4.09481,
	3.72183 4.07357,
	3.76032 4.0311,
	3.76563 4.02579,
	3.77891 4.00455,
	3.78952 3.99393,
	3.832 3.96606,
	3.87447 3.94217,
	3.89571 3.9342,
	3.93819 3.92491,
	3.9488 3.92226,
	3.97004 3.92093,
	3.99128 3.91695,
	4.07623 3.87846,
	4.1187 3.85855,
	4.20365 3.83996,
	4.24613 3.83465,
	4.2886 3.82669,
	4.33108 3.81607,
	4.35231 3.81474,
	4.37355 3.81873,
	4.41602 3.82138,
	4.43726 3.82536,
	4.47974 3.84395,
	4.50097 3.85456,
	4.52221 3.86916,
	4.53814 3.88907,
	4.56203 3.93155,
	4.57132 3.95279,
	4.5753 3.9634,
	4.57265 3.98464,
	4.55141 4.02712,
	4.54079 4.04835,
	4.53681 4.05897,
	4.53548 4.06163,
	4.54478 4.08286,
	4.55141 4.09348,
	4.59123 4.13596,
	4.62707 4.22091,
	4.63503 4.24214,
	4.63902 4.25276,
	4.63769 4.29524,
	4.63503 4.31647,
	4.63371 4.32709,
	4.63238 4.3324,
	4.65096 4.37488,
	4.66025 4.39611,
	4.66158 4.40142,
	4.65627 4.4439,
	4.64432 4.46514,
	4.62707 4.48637,
	4.60583 4.50628,
	4.56336 4.53548,
	4.55274 4.54212,
	4.55008 4.54212,
	4.54478 4.5461,
	4.52354 4.55008,
	4.5023 4.54876,
	4.48106 4.54212,
	4.47575 4.53814,
	4.47044 4.53814,
	4.45983 4.54345,
	4.44523 4.56336,
	4.42532 4.58327,
	4.4147 4.5899,
	4.40939 4.59256,
	4.38815 4.59123,
	4.37753 4.59123,
	4.33506 4.57663,
	4.32444 4.57265,
	4.31913 4.56999,
	4.29789 4.56601,
	4.28727 4.56336,
	4.2448 4.54212,
	4.20232 4.53814,
	4.18109 4.53681,
	4.17047 4.53681,
	4.15985 4.53416,
	4.15454 4.5315,
	4.11207 4.53017,
	4.06959 4.52487,
	4.05897 4.52221,
	3.97402 4.48372,
	3.95279 4.47575,
	3.94217 4.46779,
	3.93686 4.46514,
	3.92624 4.45452,
	3.905 4.4439,
	3.86253 4.4293,
	3.84129 4.42399,
	3.79882 4.39744,
	3.75634 4.36028,
	3.73643 4.33904,
	3.73112 4.32842,
	3.72847 4.32311,
	3.71785 4.31249,
	3.70723 4.30718,
	3.70192 4.30453,
	3.68068 4.28329,
	3.66608 4.26205,
	3.65546 4.24082,
	3.65281 4.23551,
	3.65148 4.21427,
	3.65148 4.20365,
	3.65148 4.20232,
	"/>
</Transform>

<Transform dim="0"
 xcoef=" 0 1 0 0 0 0"
 ycoef=" 0 0 1 0 0 0">
<Contour name="ax28" comment="LK bouton trace named after cfa" hidden="false" closed="true" simplified="true" border="0 1 1" fill="0.502 1 1" mode="9"
 points="5.67579 2.80498,
	5.67776 2.80105,
	5.67776 2.79712,
	5.67776 2.79516,
	5.68071 2.79319,
	5.68267 2.78926,
	5.68464 2.78926,
	5.68562 2.78533,
	5.68562 2.78337,
	5.6925 2.77551,
	5.69643 2.76765,
	5.69839 2.76372,
	5.71509 2.75193,
	5.73081 2.74505,
	5.73867 2.74309,
	5.74653 2.74309,
	5.75046 2.74309,
	5.75243 2.74407,
	5.75341 2.748,
	5.75636 2.75095,
	5.7593 2.75881,
	5.76225 2.76274,
	5.76323 2.7706,
	5.76127 2.78632,
	5.75832 2.79418,
	5.75734 2.82562,
	5.7593 2.84134,
	5.76029 2.8492,
	5.7593 2.85706,
	5.7593 2.86099,
	5.75734 2.86492,
	5.75734 2.86884,
	5.75341 2.87572,
	5.75144 2.8767,
	5.75144 2.87867,
	5.74751 2.8826,
	5.74358 2.88162,
	5.73965 2.88358,
	5.72394 2.88456,
	5.72197 2.88162,
	5.71411 2.88063,
	5.70625 2.87572,
	5.70429 2.87474,
	5.70429 2.87277,
	5.69741 2.86884,
	5.69544 2.86688,
	5.69544 2.86492,
	5.69151 2.86197,
	5.6866 2.85509,
	5.68464 2.83937,
	5.67972 2.82365,
	5.67579 2.81579,
	5.67579 2.80793,
	5.67579 2.80597,
	"/>
</Transform>

<Transform dim="0"
 xcoef=" 0 1 0 0 0 0"
 ycoef=" 0 0 1 0 0 0">
<Contour name="d03c03ax06" hidden="false" closed="true" simplified="true" border="0 1 0" fill="0 1 0" mode="9"
 points="3.79751 3.05054,
	3.80438 3.04797,
	3.91427 3.02393,
	3.94175 3.01706,
	3.95549 3.01448,
	3.9572 3.01362,
	3.95978 3.0162,
	4.00357 3.1261,
	4.02589 3.18105,
	4.03104 3.19478,
	4.03448 3.20165,
	4.03533 3.20509,
	4.03619 3.2068,
	3.9967 3.26175,
	3.97695 3.28923,
	3.96751 3.30296,
	3.96236 3.30983,
	3.9615 3.31069,
	3.90655 3.26519,
	3.87907 3.24286,
	3.8722 3.23685,
	3.82842 3.12696,
	3.80609 3.07201,
	3.80094 3.05827,
	3.79751 3.0514,
	"/>
</Transform>

</Section>