<?xml version="1.0"?>
<!DOCTYPE Section SYSTEM "section.dtd">

<Section index="153" thickness="0.045" alignLocked="true">
<Transform dim="6"
 xcoef=" 0.0952760683225813 1.00825716264578 -0.0267809606108929 0 0 0"
 ycoef=" -0.17671420803726 0.0178847787628444 1.01373276289052 0 0 0">
<Contour name="D04" hidden="false" closed="true" simplified="true" border="1 0 0" fill="1 0 0" mode="11"
 points="5.46492 7.32996,
	5.46778 7.29096,
	5.47628 7.25281,
	5.49024 7.21634,
	5.50936 7.18235,
	5.53323 7.15158,
	5.56131 7.1247,
	5.59299 7.1023,
	5.6276 7.08487,
	5.66436 7.07278,
	5.70248 7.0663,
	5.74113 7.06558,
	5.77947 7.07063,
	5.81665 7.08133,
	5.85186 7.09746,
	5.88435 7.11866,
	5.91339 7.14447,
	5.93836 7.17432,
	5.95871 7.20758,
	5.97399 7.2435,
	5.98388 7.28131,
	5.98816 7.32018,
	5.98673 7.35926,
	5.97963 7.39771,
	5.96701 7.43467,
	5.94914 7.46936,
	5.92642 7.501,
	5.89934 7.52891,
	5.86849 7.55248,
	5.83455 7.57119,
	5.79825 7.58464,
	5.76039 7.59254,
	5.72179 7.59471,
	5.6833 7.5911,
	5.64576 7.58179,
	5.60998 7.56699,
	5.57674 7.54702,
	5.54678 7.52231,
	5.52073 7.49341,
	5.49918 7.46094,
	5.48259 7.42562,
	5.47133 7.3882,
	"/>
</Transform>

<Transform dim="6"
 xcoef=" 0.175276068322581 1.00825716264578 -0.0267809606108929 0 0 0"
 ycoef=" 0.24328579196274 0.0178847787628444 1.01373276289052 0 0 0">
<Contour name="D05" hidden="false" closed="true" simplified="true" border="1 1 0" fill="1 1 0" mode="11"
 points="2.69299 3.97404,
	2.70475 3.90163,
	2.73888 3.83632,
	2.79205 3.78448,
	2.85904 3.7512,
	2.93329 3.73974,
	3.00755 3.7512,
	3.07454 3.78448,
	3.12771 3.83632,
	3.16184 3.90163,
	3.1736 3.97404,
	3.16184 4.04644,
	3.12771 4.11175,
	3.07454 4.16359,
	3.00755 4.19687,
	2.93329 4.20833,
	2.85904 4.19687,
	2.79205 4.16359,
	2.73888 4.11175,
	"/>
</Transform>

<Transform dim="6"
 xcoef=" 0.0952760683225813 1.00825716264578 -0.0267809606108929 0 0 0"
 ycoef=" -0.17671420803726 0.0178847787628444 1.01373276289052 0 0 0">
<Contour name="d01" hidden="false" closed="true" simplified="true" border="1 0.5 0" fill="1 0.5 0" mode="9"
 points="5.75372 3.18053,
	5.7697 3.13791,
	5.77503 3.05267,
	5.78036 3.01005,
	5.81765 2.92481,
	5.89756 2.8449,
	6.06805 2.78097,
	6.11067 2.75966,
	6.19591 2.70105,
	6.27582 2.63179,
	6.31844 2.59983,
	6.33975 2.59983,
	6.3504 2.62114,
	6.3504 2.64245,
	6.31311 2.67974,
	6.30246 2.6904,
	6.21722 2.72769,
	6.19591 2.74367,
	6.18525 2.76498,
	6.10001 2.83424,
	6.04674 2.91415,
	6.00944 2.95145,
	5.99346 2.99407,
	5.97215 3.01538,
	5.95084 3.058,
	5.90822 3.09529,
	5.88691 3.10062,
	5.86027 3.14324,
	5.84962 3.18586,
	5.82831 3.22848,
	5.83896 3.24446,
	5.79634 3.24979,
	5.77503 3.24446,
	5.75905 3.22848,
	5.75372 3.18586,
	"/>
</Transform>

<Transform dim="6"
 xcoef=" 0.0952760683225813 1.00825716264578 -0.0267809606108929 0 0 0"
 ycoef=" -0.17671420803726 0.0178847787628444 1.01373276289052 0 0 0">
<Contour name="d01" hidden="false" closed="true" simplified="true" border="1 0.5 0" fill="1 0.5 0" mode="9"
 points="3.56411 4.99189,
	3.58009 4.94927,
	3.6387 4.86403,
	3.67599 4.82673,
	3.6973 4.81075,
	3.78254 4.81608,
	3.82516 4.83206,
	3.83581 4.84272,
	3.83581 4.86403,
	3.80918 4.90132,
	3.72926 4.97058,
	3.69197 5.0132,
	3.65468 5.04516,
	3.64402 5.05049,
	3.63337 5.04516,
	3.63337 5.03451,
	3.59075 5.03983,
	3.58009 5.03983,
	3.56411 5.01852,
	3.56411 4.99721,
	"/>
</Transform>

<Transform dim="6"
 xcoef=" 0.0952760683225813 1.00825716264578 -0.0267809606108929 0 0 0"
 ycoef=" -0.17671420803726 0.0178847787628444 1.01373276289052 0 0 0">
<Contour name="d01" hidden="false" closed="true" simplified="true" border="1 0.5 0" fill="1 0.5 0" mode="9"
 points="4.54437 4.34193,
	4.55503 4.33127,
	4.64027 4.32062,
	4.67756 4.29398,
	4.67756 4.20874,
	4.69887 4.1235,
	4.71486 4.08088,
	4.75748 4.04892,
	4.76813 4.03826,
	4.81075 4.04359,
	4.85337 4.05957,
	4.87468 4.05424,
	4.9173 4.01695,
	4.93861 4.00097,
	4.94927 3.91573,
	4.98656 3.87311,
	5.02385 3.84114,
	5.10909 3.80918,
	5.15171 3.78254,
	5.17302 3.76656,
	5.21564 3.75057,
	5.23695 3.73459,
	5.25826 3.72926,
	5.29555 3.6973,
	5.35416 3.61206,
	5.39678 3.59608,
	5.56726 3.58009,
	5.6525 3.56411,
	5.69512 3.55346,
	5.73774 3.52682,
	5.78036 3.51084,
	5.82298 3.53215,
	5.84429 3.54813,
	5.84962 3.56944,
	5.83363 3.61206,
	5.82831 3.65468,
	5.81232 3.67066,
	5.81765 3.69197,
	5.84962 3.73459,
	5.84429 3.7559,
	5.82298 3.77721,
	5.81765 3.81983,
	5.82298 3.84114,
	5.83896 3.86245,
	5.9242 3.89974,
	5.94551 3.91573,
	5.96682 3.92105,
	6.04141 4.00097,
	6.04674 4.04359,
	6.04674 4.0649,
	5.98813 4.13948,
	5.97215 4.15547,
	5.88691 4.15547,
	5.80167 4.1821,
	5.78036 4.1821,
	5.75905 4.19276,
	5.72176 4.278,
	5.68446 4.32062,
	5.64184 4.35258,
	5.59922 4.37389,
	5.57791 4.37922,
	5.56726 4.38988,
	5.52464 4.3952,
	5.48202 4.37922,
	5.4394 4.38455,
	5.39678 4.40586,
	5.2263 4.41119,
	5.18368 4.42184,
	5.09844 4.42717,
	5.07713 4.42717,
	5.06647 4.42717,
	5.04516 4.44848,
	5.03983 4.46979,
	5.05049 4.51241,
	5.05049 4.53372,
	5.02918 4.5497,
	4.98656 4.56568,
	4.90132 4.61896,
	4.88001 4.62961,
	4.86935 4.62961,
	4.8587 4.64027,
	4.83739 4.63494,
	4.82141 4.61896,
	4.78411 4.61363,
	4.7628 4.62429,
	4.75215 4.62961,
	4.74149 4.62429,
	4.76813 4.58167,
	4.77346 4.56036,
	4.77879 4.5497,
	4.75748 4.50708,
	4.74682 4.48577,
	4.75748 4.48044,
	4.80542 4.56036,
	4.8001 4.51774,
	4.77346 4.48044,
	4.75215 4.46446,
	4.66691 4.43782,
	4.58167 4.4325,
	4.56036 4.42184,
	4.5497 4.42184,
	4.54437 4.37922,
	4.54437 4.35791,
	4.54437 4.34726,
	"/>
</Transform>

<Transform dim="6"
 xcoef=" 0.0952760683225813 1.00825716264578 -0.0267809606108929 0 0 0"
 ycoef=" -0.17671420803726 0.0178847787628444 1.01373276289052 0 0 0">
<Contour name="d02" hidden="false" closed="true" simplified="true" border="0.5 0 1" fill="0.5 0 1" mode="9"
 points="2.5608 8.67613,
	2.57172 8.63245,
	2.57718 8.61061,
	2.59902 8.58877,
	2.6427 8.57785,
	2.66454 8.57785,
	2.69184 8.61607,
	2.6973 8.63791,
	2.66454 8.72527,
	2.65908 8.74711,
	2.6154 8.75257,
	2.57172 8.73619,
	2.5608 8.72527,
	2.5608 8.68159,
	"/>
<Contour name="d02" hidden="false" closed="true" simplified="true" border="0.5 0 1" fill="0.5 0 1" mode="9"
 points="2.51712 7.11454,
	2.52804 7.0927,
	2.52804 7.08178,
	2.57172 7.04355,
	2.6154 7.02717,
	2.65908 7.02717,
	2.68092 7.02717,
	2.7246 7.05448,
	2.73552 7.0654,
	2.7792 7.07086,
	2.80104 7.07632,
	2.81742 7.0927,
	2.83926 7.09816,
	2.85018 7.09816,
	2.86656 7.12,
	2.86656 7.14184,
	2.86656 7.15276,
	2.85564 7.16368,
	2.84472 7.16368,
	2.82288 7.18006,
	2.82288 7.19098,
	2.80104 7.21282,
	2.75736 7.2292,
	2.73552 7.22374,
	2.7246 7.22374,
	2.71368 7.21282,
	2.70276 7.21282,
	2.69184 7.2019,
	2.67 7.20736,
	2.62632 7.19644,
	2.58264 7.16368,
	2.5608 7.16368,
	2.53896 7.15276,
	2.52804 7.15276,
	2.51712 7.14184,
	2.51712 7.12,
	"/>
</Transform>

<Transform dim="6"
 xcoef=" 0.0952760683225813 1.00825716264578 -0.0267809606108929 0 0 0"
 ycoef=" -0.17671420803726 0.0178847787628444 1.01373276289052 0 0 0">
<Contour name="d02" hidden="false" closed="true" simplified="true" border="0.5 0 1" fill="0.5 0 1" mode="9"
 points="3.71288 8.45227,
	3.7238 8.44135,
	3.81116 8.44681,
	3.833 8.44681,
	3.87669 8.41951,
	3.92037 8.40858,
	3.96405 8.40858,
	3.98589 8.41404,
	3.99681 8.41404,
	4.02411 8.45773,
	4.02957 8.50141,
	4.03503 8.52325,
	4.01865 8.61061,
	4.00773 8.63245,
	3.98589 8.64883,
	3.94221 8.64337,
	3.92037 8.63791,
	3.89853 8.62153,
	3.81116 8.59423,
	3.76748 8.58331,
	3.74564 8.56693,
	3.73472 8.54509,
	3.72926 8.50141,
	3.71288 8.45773,
	"/>
<Contour name="d02" hidden="false" closed="true" simplified="true" border="0.5 0 1" fill="0.5 0 1" mode="9"
 points="3.56 8.02638,
	3.57638 8.00454,
	3.5873 7.96085,
	3.58184 7.87349,
	3.59822 7.69877,
	3.60368 7.67693,
	3.62006 7.66055,
	3.66374 7.66601,
	3.70742 7.68785,
	3.72926 7.70423,
	3.77294 7.72061,
	3.79478 7.73699,
	3.8057 7.78067,
	3.81116 7.80251,
	3.84938 7.83527,
	3.87123 7.84619,
	3.88761 7.86803,
	3.89307 7.91171,
	3.89853 7.93355,
	3.93675 7.97178,
	3.98043 7.99908,
	4.06233 8.08644,
	4.10055 8.13012,
	4.11147 8.15196,
	4.08417 8.19018,
	4.06233 8.2011,
	3.97497 8.19564,
	3.88761 8.2284,
	3.80024 8.25024,
	3.75656 8.283,
	3.74564 8.32668,
	3.7238 8.37036,
	3.71834 8.41404,
	3.71834 8.43589,
	3.6965 8.45227,
	3.67466 8.45227,
	3.65282 8.44135,
	3.62006 8.39766,
	3.57638 8.35944,
	3.56 8.27208,
	3.57092 8.18472,
	3.57092 8.16288,
	3.59276 8.1465,
	3.60368 8.14104,
	3.59276 8.09736,
	3.57638 8.07552,
	3.56546 8.0646,
	3.56 8.04276,
	3.56 8.03184,
	"/>
</Transform>

<Transform dim="6"
 xcoef=" 0.0952760683225813 1.00825716264578 -0.0267809606108929 0 0 0"
 ycoef=" -0.17671420803726 0.0178847787628444 1.01373276289052 0 0 0">
<Contour name="d02" hidden="false" closed="true" simplified="true" border="0.5 0 1" fill="0.5 0 1" mode="9"
 points="2.09123 8.283,
	2.11307 8.26662,
	2.13491 8.26116,
	2.15675 8.24478,
	2.18405 8.2011,
	2.26049 8.13012,
	2.28779 8.08644,
	2.30417 8.04276,
	2.30963 8.02092,
	2.35331 7.9827,
	2.44067 7.96632,
	2.47889 7.92809,
	2.5062 7.84073,
	2.5062 7.82981,
	2.51712 7.82435,
	2.5335 7.78067,
	2.53896 7.75883,
	2.59356 7.67147,
	2.6154 7.62779,
	2.62086 7.60595,
	2.63724 7.58411,
	2.68092 7.55681,
	2.70822 7.51313,
	2.78466 7.44214,
	2.82834 7.40392,
	2.87202 7.38208,
	2.9157 7.37662,
	2.95939 7.38208,
	3.00307 7.39846,
	3.02491 7.41484,
	3.11227 7.4476,
	3.15595 7.45306,
	3.24331 7.48582,
	3.28699 7.5022,
	3.30883 7.5022,
	3.35251 7.52951,
	3.36889 7.55135,
	3.37435 7.57319,
	3.37435 7.58411,
	3.35251 7.60049,
	3.34159 7.60049,
	3.29791 7.63325,
	3.25423 7.65509,
	3.21055 7.65509,
	3.18871 7.65509,
	3.17233 7.66601,
	3.16687 7.75337,
	3.17233 7.79705,
	3.17233 7.80797,
	3.20509 7.85165,
	3.23239 7.93901,
	3.23239 7.96085,
	3.22147 7.9827,
	3.17779 8.02092,
	3.13411 8.04276,
	3.09589 8.08098,
	3.07951 8.12466,
	3.07405 8.1465,
	3.03583 8.17926,
	2.94846 8.17926,
	2.8611 8.19564,
	2.83926 8.2011,
	2.80104 8.23386,
	2.7792 8.25024,
	2.75736 8.25024,
	2.71368 8.26662,
	2.67546 8.34852,
	2.66454 8.37036,
	2.6427 8.38674,
	2.62086 8.38128,
	2.60994 8.29392,
	2.59356 8.25024,
	2.58264 8.2284,
	2.5608 8.21202,
	2.51712 8.2011,
	2.42975 8.2011,
	2.34239 8.22294,
	2.30417 8.2557,
	2.28233 8.27208,
	2.26049 8.27754,
	2.24957 8.28846,
	2.22773 8.29392,
	2.20589 8.3103,
	2.16221 8.31576,
	2.14037 8.32668,
	2.11853 8.32668,
	2.10761 8.32668,
	2.09123 8.30484,
	2.09123 8.28846,
	"/>
</Transform>

<Transform dim="6"
 xcoef=" 0.0952760683225813 1.00825716264578 -0.0267809606108929 0 0 0"
 ycoef=" -0.17671420803726 0.0178847787628444 1.01373276289052 0 0 0">
<Contour name="d02" hidden="false" closed="true" simplified="true" border="0.5 0 1" fill="0.5 0 1" mode="9"
 points="1.83137 8.39695,
	1.84777 8.35321,
	1.85323 8.33134,
	1.8751 8.31494,
	1.89697 8.31494,
	1.9079 8.31494,
	1.91883 8.32588,
	1.9407 8.41335,
	1.9407 8.45708,
	1.90243 8.48441,
	1.88057 8.48441,
	1.83683 8.45161,
	1.83137 8.40788,
	1.83137 8.40241,
	"/>
</Transform>

<Transform dim="6"
 xcoef=" 0.0952760683225813 1.00825716264578 -0.0267809606108929 0 0 0"
 ycoef=" -0.17671420803726 0.0178847787628444 1.01373276289052 0 0 0">
<Contour name="d02" hidden="false" closed="true" simplified="true" border="0.5 0 1" fill="0.5 0 1" mode="9"
 points="3.72747 7.19801,
	3.78176 7.15096,
	3.81071 7.1401,
	3.82518 7.13648,
	3.83966 7.1401,
	3.84328 7.15458,
	3.8288 7.18353,
	3.79985 7.20162,
	3.78538 7.20886,
	3.77814 7.20886,
	3.75643 7.23419,
	3.74195 7.23419,
	3.73471 7.23419,
	3.72747 7.21972,
	3.72747 7.20524,
	3.72747 7.20162,
	"/>
</Transform>

<Transform dim="6"
 xcoef=" 0.0952760683225813 1.00825716264578 -0.0267809606108929 0 0 0"
 ycoef=" -0.17671420803726 0.0178847787628444 1.01373276289052 0 0 0">
<Contour name="d02c25" hidden="false" closed="true" simplified="true" border="0 1 0" fill="0 1 0" mode="9"
 points="2.5965 7.03116,
	2.60587 7.01867,
	2.6558 7.0218,
	2.70573 7.03428,
	2.7307 7.04052,
	2.74318 7.04052,
	2.79311 7.06237,
	2.81808 7.06861,
	2.83056 7.08109,
	2.83056 7.09357,
	2.81808 7.10294,
	2.79311 7.1123,
	2.76815 7.10606,
	2.75566 7.10294,
	2.7307 7.08421,
	2.68077 7.06861,
	2.6558 7.06237,
	2.64956 7.05612,
	2.62459 7.053,
	2.61211 7.053,
	2.59962 7.04364,
	2.5965 7.03428,
	"/>
</Transform>

<Transform dim="6"
 xcoef=" 0.0952760683225813 1.00825716264578 -0.0267809606108929 0 0 0"
 ycoef=" -0.17671420803726 0.0178847787628444 1.01373276289052 0 0 0">
<Contour name="d02cfa25" hidden="false" closed="false" simplified="false" border="0 1 1" fill="0 1 1" mode="9"
 points="2.82828 7.09359,
	2.76274 7.06862,
	2.71905 7.04989,
	2.65975 7.03741,
	2.60358 7.02181,
	"/>
</Transform>

<Transform dim="6"
 xcoef=" 0.0952760683225813 1.00825716264578 -0.0267809606108929 0 0 0"
 ycoef=" -0.17671420803726 0.0178847787628444 1.01373276289052 0 0 0">
<Contour name="d02c28" hidden="false" closed="true" simplified="true" border="0 1 0" fill="0 1 0" mode="9"
 points="3.657 8.29572,
	3.66788 8.27831,
	3.67441 8.2696,
	3.68094 8.26525,
	3.68312 8.25654,
	3.70271 8.22171,
	3.70924 8.2043,
	3.71142 8.18688,
	3.71142 8.17818,
	3.71577 8.16947,
	3.72448 8.16076,
	3.74189 8.15205,
	3.77672 8.15205,
	3.81155 8.15859,
	3.88121 8.15641,
	3.91603 8.15205,
	3.93345 8.15205,
	3.95086 8.15641,
	3.96828 8.15641,
	4.00311 8.16729,
	4.01181 8.17165,
	4.02923 8.18906,
	4.02923 8.19777,
	4.02052 8.2043,
	4.01617 8.20865,
	4.01181 8.20865,
	3.99657 8.22607,
	3.99222 8.23477,
	3.97698 8.25001,
	3.95957 8.26089,
	3.94216 8.27613,
	3.8725 8.28919,
	3.83767 8.30008,
	3.82896 8.30225,
	3.82026 8.30878,
	3.8159 8.30878,
	3.79849 8.31967,
	3.78325 8.3349,
	3.77672 8.34144,
	3.77672 8.37626,
	3.78107 8.38497,
	3.79849 8.39368,
	3.86814 8.39585,
	3.90297 8.40021,
	3.92039 8.40238,
	3.9378 8.39803,
	3.94651 8.39368,
	3.98134 8.39368,
	3.99004 8.40021,
	3.99004 8.41762,
	3.98351 8.42633,
	3.97916 8.42851,
	3.97263 8.42198,
	3.9378 8.43721,
	3.90297 8.4481,
	3.88556 8.45463,
	3.86814 8.46551,
	3.85944 8.46769,
	3.85508 8.46987,
	3.84855 8.46551,
	3.81372 8.4764,
	3.79631 8.47857,
	3.7876 8.47857,
	3.77019 8.46987,
	3.75713 8.45463,
	3.72448 8.43286,
	3.70924 8.42198,
	3.70053 8.41327,
	3.68747 8.37844,
	3.68094 8.36973,
	3.67876 8.36103,
	3.66788 8.34579,
	3.657 8.31096,
	3.657 8.30225,
	3.657 8.2979,
	"/>
</Transform>

<Transform dim="6"
 xcoef=" 0.0952760683225813 1.00825716264578 -0.0267809606108929 0 0 0"
 ycoef=" -0.17671420803726 0.0178847787628444 1.01373276289052 0 0 0">
<Contour name="d02cfa28" hidden="false" closed="false" simplified="false" border="0 1 1" fill="0 1 1" mode="9"
 points="3.97467 8.39518,
	3.99426 8.40607,
	3.97903 8.42566,
	3.93549 8.43437,
	3.84407 8.46266,
	3.78094 8.4692,
	3.7287 8.42348,
	3.69169 8.38212,
	3.66557 8.32553,
	3.66992 8.27328,
	3.69604 8.23193,
	3.71346 8.18839,
	3.7374 8.15574,
	3.81141 8.15574,
	3.87889 8.15356,
	3.94637 8.15356,
	4.00732 8.1688,
	4.02692 8.19274,
	4.00732 8.21669,
	3.96814 8.25587,
	3.92025 8.27764,
	3.85495 8.29505,
	3.80271 8.32335,
	3.78312 8.37777,
	3.83753 8.39518,
	3.90502 8.39083,
	3.9725 8.39518,
	"/>
</Transform>

<Transform dim="6"
 xcoef=" 0.0952760683225813 1.00825716264578 -0.0267809606108929 0 0 0"
 ycoef=" -0.17671420803726 0.0178847787628444 1.01373276289052 0 0 0">
<Contour name="d02c29" hidden="false" closed="true" simplified="true" border="0 1 0" fill="0 1 0" mode="9"
 points="2.51184 8.19793,
	2.52505 8.18472,
	2.54015 8.18284,
	2.57035 8.20737,
	2.58544 8.21114,
	2.60054 8.22435,
	2.6213 8.25266,
	2.62885 8.26021,
	2.64583 8.2904,
	2.64772 8.3206,
	2.64206 8.3357,
	2.63451 8.34136,
	2.63074 8.34513,
	2.62696 8.34513,
	2.62319 8.34891,
	2.61941 8.34702,
	2.61375 8.31683,
	2.61186 8.30173,
	2.6062 8.28663,
	2.6062 8.27908,
	2.60054 8.26398,
	2.57035 8.24134,
	2.55525 8.2319,
	2.5477 8.22624,
	2.54393 8.22624,
	2.51373 8.20548,
	2.51184 8.19982,
	"/>
</Transform>

<Transform dim="6"
 xcoef=" 0.0952760683225813 1.00825716264578 -0.0267809606108929 0 0 0"
 ycoef=" -0.17671420803726 0.0178847787628444 1.01373276289052 0 0 0">
<Contour name="d02cfa29" hidden="false" closed="false" simplified="false" border="0 1 1" fill="0 1 1" mode="9"
 points="2.51904 8.19519,
	2.53792 8.20463,
	2.57189 8.2235,
	2.59453 8.24426,
	2.61152 8.26691,
	2.62661 8.29333,
	2.63039 8.31975,
	2.62284 8.34428,
	"/>
</Transform>

<Transform dim="6"
 xcoef=" 0.0952760683225813 1.00825716264578 -0.0267809606108929 0 0 0"
 ycoef=" -0.17671420803726 0.0178847787628444 1.01373276289052 0 0 0">
<Contour name="d02p41" hidden="false" closed="true" simplified="false" border="1 0.5 0" fill="1 0.5 0" mode="9"
 points="2.27338 8.20624,
	2.26104 8.20213,
	2.27338 8.19802,
	2.26515 8.18568,
	2.27749 8.19391,
	2.2816 8.18157,
	2.28572 8.19391,
	2.29805 8.18568,
	2.28983 8.19802,
	2.30217 8.20213,
	2.28983 8.20624,
	2.29805 8.21858,
	2.28572 8.21036,
	2.2816 8.22269,
	2.27749 8.21036,
	2.26515 8.21858,
	"/>
</Transform>

<Transform dim="6"
 xcoef=" 0.0952760683225813 1.00825716264578 -0.0267809606108929 0 0 0"
 ycoef=" -0.17671420803726 0.0178847787628444 1.01373276289052 0 0 0">
<Contour name="d03" hidden="false" closed="true" simplified="true" border="0 1 0" fill="0 1 0" mode="9"
 points="3.22101 2.51567,
	3.23443 2.46795,
	3.24487 2.44409,
	3.24934 2.42023,
	3.25083 2.41426,
	3.27469 2.40084,
	3.32241 2.38295,
	3.34627 2.36953,
	3.37013 2.35313,
	3.38206 2.34567,
	3.42978 2.33523,
	3.43574 2.33374,
	3.4596 2.33672,
	3.47153 2.3397,
	3.49539 2.33672,
	3.50732 2.33672,
	3.51925 2.33374,
	3.56697 2.30988,
	3.59083 2.30242,
	3.63855 2.29348,
	3.68626 2.26365,
	3.73398 2.21892,
	3.75486 2.1712,
	3.77126 2.12348,
	3.77574 2.11155,
	3.77723 2.09962,
	3.77275 2.0519,
	3.77126 2.02804,
	3.77723 2.00418,
	3.77872 1.99822,
	3.78021 1.99524,
	3.82793 1.99076,
	3.84433 2.01313,
	3.85328 2.02357,
	3.87714 2.04295,
	3.901 2.05637,
	3.90696 2.05936,
	3.91144 2.06532,
	3.9174 2.08918,
	3.92038 2.10111,
	3.92188 2.10708,
	3.94424 2.12944,
	3.9681 2.14585,
	3.98003 2.14883,
	3.986 2.15032,
	3.98898 2.15032,
	3.99942 2.17418,
	4.01284 2.19804,
	4.02924 2.2219,
	4.0367 2.24576,
	4.03968 2.25769,
	4.04117 2.26365,
	4.02775 2.28751,
	4.02626 2.29049,
	4.03222 2.31435,
	4.03521 2.32628,
	4.0367 2.33225,
	4.03819 2.33523,
	3.99196 2.38146,
	3.9681 2.40532,
	3.95617 2.41725,
	3.90845 2.43812,
	3.8846 2.44856,
	3.87863 2.45304,
	3.86223 2.50075,
	3.85328 2.54847,
	3.84881 2.57233,
	3.84582 2.58426,
	3.82196 2.63198,
	3.816 2.64391,
	3.79214 2.66031,
	3.78021 2.66926,
	3.73249 2.67224,
	3.70863 2.67523,
	3.66091 2.67523,
	3.6132 2.6797,
	3.58934 2.68417,
	3.56548 2.70505,
	3.55355 2.71251,
	3.54162 2.71698,
	3.53565 2.71996,
	3.48793 2.72145,
	3.44022 2.71251,
	3.43425 2.71251,
	3.42829 2.70952,
	3.40144 2.6633,
	3.35373 2.64838,
	3.30601 2.64242,
	3.28215 2.63347,
	3.26873 2.60961,
	3.24934 2.56189,
	3.24188 2.53803,
	3.22996 2.5276,
	3.22399 2.52163,
	3.22101 2.51865,
	3.22101 2.51716,
	"/>
</Transform>

<Transform dim="6"
 xcoef=" 0.0952760683225813 1.00825716264578 -0.0267809606108929 0 0 0"
 ycoef=" -0.17671420803726 0.0178847787628444 1.01373276289052 0 0 0">
<Contour name="d03p22" hidden="false" closed="true" simplified="false" border="0.5 0 1" fill="0.5 0 1" mode="9"
 points="3.30063 2.5842,
	3.28567 2.57921,
	3.30063 2.57422,
	3.29066 2.55926,
	3.30562 2.56923,
	3.31061 2.55427,
	3.31559 2.56923,
	3.33055 2.55926,
	3.32058 2.57422,
	3.33554 2.57921,
	3.32058 2.5842,
	3.33055 2.59916,
	3.31559 2.58918,
	3.31061 2.60415,
	3.30562 2.58918,
	3.29066 2.59916,
	"/>
</Transform>

<Transform dim="6"
 xcoef=" 0.0952760683225813 1.00825716264578 -0.0267809606108929 0 0 0"
 ycoef=" -0.17671420803726 0.0178847787628444 1.01373276289052 0 0 0">
<Contour name="d06" hidden="false" closed="true" simplified="true" border="0 0 1" fill="0 0 1" mode="9"
 points="2.59573 5.59003,
	2.60595 5.5764,
	2.66046 5.54234,
	2.6809 5.5219,
	2.68771 5.50827,
	2.69112 5.45377,
	2.70134 5.44014,
	2.72859 5.43674,
	2.74221 5.44014,
	2.75584 5.45036,
	2.79331 5.50486,
	2.81716 5.53212,
	2.83078 5.54574,
	2.83759 5.55937,
	2.84441 5.56618,
	2.84781 5.67519,
	2.84781 5.70244,
	2.84781 5.71607,
	2.85463 5.72969,
	2.87847 5.75694,
	2.88869 5.76716,
	2.8921 5.79442,
	2.8921 5.80123,
	2.91594 5.82507,
	2.92276 5.8387,
	2.92957 5.84551,
	2.93298 5.85914,
	2.95682 5.87958,
	2.96704 5.8898,
	2.97045 5.90002,
	3.07945 5.90002,
	3.08627 5.90002,
	3.09649 5.91364,
	3.09989 5.94089,
	3.09989 5.95452,
	3.07264 5.97496,
	2.96363 5.97155,
	2.95001 5.96815,
	2.8955 5.91705,
	2.86825 5.8932,
	2.81375 5.85914,
	2.7865 5.84892,
	2.75925 5.84551,
	2.70474 5.81145,
	2.65024 5.76035,
	2.63321 5.7331,
	2.6298 5.71947,
	2.60936 5.69222,
	2.59914 5.6786,
	2.59573 5.62409,
	2.59573 5.59684,
	2.59573 5.59343,
	"/>
</Transform>

<Transform dim="6"
 xcoef=" 0.0952760683225813 1.00825716264578 -0.0267809606108929 0 0 0"
 ycoef=" -0.17671420803726 0.0178847787628444 1.01373276289052 0 0 0">
<Contour name="d06c19" hidden="false" closed="true" simplified="true" border="0 1 0" fill="0 1 0" mode="9"
 points="2.58446 5.58122,
	2.60122 5.5544,
	2.62803 5.53094,
	2.64144 5.52423,
	2.6515 5.51083,
	2.65485 5.48401,
	2.65485 5.4706,
	2.66155 5.45719,
	2.67496 5.44714,
	2.68837 5.44378,
	2.69843 5.45719,
	2.70848 5.48401,
	2.71184 5.53764,
	2.70848 5.55105,
	2.68502 5.57787,
	2.6582 5.59128,
	2.64479 5.60133,
	2.59116 5.60804,
	2.58446 5.60133,
	2.58446 5.58792,
	2.58446 5.58457,
	"/>
<Contour name="d06cfa19" hidden="false" closed="false" simplified="false" border="0 1 1" fill="0 1 1" mode="9"
 points="2.59141 5.59856,
	2.62828 5.57845,
	2.6618 5.55163,
	2.68527 5.52147,
	2.68862 5.47789,
	2.68862 5.44772,
	"/>
</Transform>

<Transform dim="6"
 xcoef=" 0.0952760683225813 1.00825716264578 -0.0267809606108929 0 0 0"
 ycoef=" -0.17671420803726 0.0178847787628444 1.01373276289052 0 0 0">
<Contour name="d07" hidden="false" closed="true" simplified="true" border="1 0 1" fill="1 0 1" mode="9"
 points="3.53267 7.54814,
	3.57007 7.49374,
	3.61767 7.43934,
	3.64487 7.42234,
	3.67207 7.39854,
	3.68907 7.37134,
	3.71627 7.34754,
	3.82507 7.28974,
	3.87947 7.26254,
	3.93387 7.22514,
	3.98828 7.19454,
	4.04268 7.18774,
	4.06988 7.18774,
	4.08008 7.19794,
	4.09028 7.22514,
	4.08688 7.25234,
	4.08348 7.26594,
	4.08348 7.27274,
	4.13788 7.31014,
	4.19228 7.34074,
	4.24668 7.35774,
	4.26028 7.36454,
	4.26708 7.36794,
	4.27048 7.47674,
	4.27048 7.53114,
	4.27388 7.55834,
	4.28068 7.57194,
	4.28068 7.57874,
	4.28748 7.58214,
	4.31468 7.57874,
	4.32828 7.57534,
	4.35548 7.58554,
	4.40648 7.62974,
	4.42008 7.65694,
	4.36568 7.69775,
	4.31128 7.72495,
	4.28408 7.73855,
	4.25688 7.76575,
	4.20248 7.80655,
	4.17188 7.85755,
	4.16168 7.87115,
	4.13448 7.88475,
	4.10728 7.87795,
	3.88967 7.87115,
	3.86247 7.85075,
	3.83527 7.82355,
	3.80467 7.76915,
	3.78087 7.74195,
	3.76727 7.72835,
	3.74007 7.71135,
	3.72647 7.70795,
	3.70267 7.68755,
	3.64827 7.67054,
	3.62787 7.64334,
	3.60067 7.61954,
	3.57347 7.60254,
	3.54627 7.59914,
	3.53607 7.58554,
	3.53267 7.55834,
	3.53267 7.55154,
	"/>
</Transform>

<Transform dim="6"
 xcoef=" 0.0952760683225813 1.00825716264578 -0.0267809606108929 0 0 0"
 ycoef=" -0.17671420803726 0.0178847787628444 1.01373276289052 0 0 0">
<Contour name="d08" hidden="false" closed="true" simplified="true" border="1 0 0" fill="1 0 0" mode="9"
 points="4.42316 2.69519,
	4.43402 2.6807,
	4.48836 2.64085,
	4.49561 2.63361,
	4.49561 2.61912,
	4.5101 2.60463,
	4.53908 2.58651,
	4.56806 2.58289,
	4.58255 2.58289,
	4.59704 2.59376,
	4.60791 2.62274,
	4.60791 2.6807,
	4.56806 2.73504,
	4.5427 2.7604,
	4.51372 2.77127,
	4.48474 2.77489,
	4.45576 2.77127,
	4.44127 2.7604,
	4.43402 2.75315,
	4.42316 2.72417,
	4.42316 2.69881,
	"/>
<Contour name="d08" hidden="false" closed="true" simplified="true" border="1 0 0" fill="1 0 0" mode="9"
 points="4.12248 2.27497,
	4.15146 2.21701,
	4.17682 2.19165,
	4.23478 2.19165,
	4.24927 2.20614,
	4.25652 2.22063,
	4.2855 2.23875,
	4.29637 2.25324,
	4.29999 2.28222,
	4.29999 2.29671,
	4.29274 2.30395,
	4.27825 2.30395,
	4.24927 2.32569,
	4.23478 2.34018,
	4.2058 2.3438,
	4.17682 2.34018,
	4.14784 2.32207,
	4.12248 2.29671,
	4.12248 2.28222,
	4.12248 2.2786,
	"/>
</Transform>

<Transform dim="6"
 xcoef=" 0.0952760683225813 1.00825716264578 -0.0267809606108929 0 0 0"
 ycoef=" -0.17671420803726 0.0178847787628444 1.01373276289052 0 0 0">
<Contour name="D11" hidden="false" closed="true" simplified="true" border="1 0.5 0" fill="1 0.5 0" mode="11"
 points="3.53309 5.15744,
	3.53547 5.13567,
	3.54237 5.11603,
	3.55312 5.10045,
	3.56666 5.09044,
	3.58168 5.08699,
	3.59669 5.09044,
	3.61024 5.10045,
	3.62099 5.11603,
	3.62789 5.13567,
	3.63027 5.15744,
	3.62789 5.17921,
	3.62099 5.19885,
	3.61024 5.21444,
	3.59669 5.22445,
	3.58168 5.2279,
	3.56666 5.22445,
	3.55312 5.21444,
	3.54237 5.19885,
	"/>
</Transform>

<Transform dim="6"
 xcoef=" 0.0952760683225813 1.00825716264578 -0.0267809606108929 0 0 0"
 ycoef=" -0.17671420803726 0.0178847787628444 1.01373276289052 0 0 0">
<Contour name="D14" hidden="false" closed="true" simplified="true" border="1 0 0" fill="1 0 0" mode="11"
 points="3.36303 3.14105,
	3.36672 3.12529,
	3.37742 3.11107,
	3.39408 3.09978,
	3.41507 3.09253,
	3.43835 3.09004,
	3.46162 3.09253,
	3.48261 3.09978,
	3.49927 3.11107,
	3.50997 3.12529,
	3.51366 3.14105,
	3.50997 3.15682,
	3.49927 3.17104,
	3.48261 3.18233,
	3.46162 3.18957,
	3.43835 3.19207,
	3.41507 3.18957,
	3.39408 3.18233,
	3.37742 3.17104,
	"/>
<Contour name="D14" hidden="false" closed="true" simplified="true" border="1 0 0" fill="1 0 0" mode="11"
 points="3.86349 3.42772,
	3.8667 3.41196,
	3.87602 3.39773,
	3.89053 3.38645,
	3.90881 3.3792,
	3.92908 3.3767,
	3.94935 3.3792,
	3.96764 3.38645,
	3.98215 3.39773,
	3.99146 3.41196,
	3.99468 3.42772,
	3.99146 3.44349,
	3.98215 3.45771,
	3.96764 3.46899,
	3.94935 3.47624,
	3.92908 3.47874,
	3.90881 3.47624,
	3.89053 3.46899,
	3.87602 3.45771,
	"/>
</Transform>

<Transform dim="6"
 xcoef=" 0.0952760683225813 1.00825716264578 -0.0267809606108929 0 0 0"
 ycoef=" -0.17671420803726 0.0178847787628444 1.01373276289052 0 0 0">
<Contour name="D14" hidden="false" closed="true" simplified="true" border="1 0 0" fill="1 0 0" mode="11"
 points="4.40767 4.36789,
	4.40981 4.35588,
	4.41602 4.34505,
	4.4257 4.33645,
	4.43789 4.33093,
	4.4514 4.32902,
	4.46491 4.33093,
	4.4771 4.33645,
	4.48678 4.34505,
	4.49299 4.35588,
	4.49513 4.36789,
	4.49299 4.37991,
	4.48678 4.39074,
	4.4771 4.39934,
	4.46491 4.40486,
	4.4514 4.40676,
	4.43789 4.40486,
	4.4257 4.39934,
	4.41602 4.39074,
	"/>
</Transform>

<Transform dim="6"
 xcoef=" 0.0952760683225813 1.00825716264578 -0.0267809606108929 0 0 0"
 ycoef=" -0.17671420803726 0.0178847787628444 1.01373276289052 0 0 0">
<Contour name="d06p18" hidden="false" closed="true" simplified="false" border="1 0 0" fill="1 0 0" mode="-13"
 points="3.41736 7.36421,
	3.40247 7.36421,
	3.40247 7.37165,
	3.40991 7.3791,
	3.43225 7.38654,
	3.41736 7.39398,
	3.40991 7.40887,
	3.39503 7.39398,
	3.38758 7.3791,
	3.38758 7.36421,
	3.37269 7.36421,
	3.39503 7.34932,
	"/>
</Transform>

<Transform dim="6"
 xcoef=" 0.0952760683225813 1.00825716264578 -0.0267809606108929 0 0 0"
 ycoef=" -0.17671420803726 0.0178847787628444 1.01373276289052 0 0 0">
<Contour name="d07p25" hidden="false" closed="true" simplified="false" border="1 1 0" fill="1 1 0" mode="-9"
 points="4.29085 7.66447,
	4.29085 7.62476,
	4.25115 7.62476,
	4.25115 7.65951,
	4.24618 7.66447,
	4.24618 7.6198,
	4.29581 7.6198,
	4.29581 7.66943,
	4.24618 7.66943,
	4.25115 7.66447,
	"/>
</Transform>

<Transform dim="6"
 xcoef=" 0.0952760683225813 1.00825716264578 -0.0267809606108929 0 0 0"
 ycoef=" -0.17671420803726 0.0178847787628444 1.01373276289052 0 0 0">
<Contour name="d07p26" hidden="false" closed="true" simplified="false" border="0 0 1" fill="0 0 1" mode="-9"
 points="4.12707 7.85555,
	4.1097 7.83817,
	4.12707 7.8208,
	4.14444 7.83817,
	"/>
</Transform>

<Transform dim="0"
 xcoef=" 0 1 0 0 0 0"
 ycoef=" 0 0 1 0 0 0">
<Contour name="d01ax14" comment="LK bouton trace named after cfa" hidden="false" closed="true" simplified="true" border="0 1 1" fill="0.502 1 1" mode="-9"
 points="7.00651 3.21694,
	7.01412 3.20173,
	7.01602 3.17129,
	7.02173 3.14085,
	7.02743 3.12563,
	7.05597 3.1047,
	7.06929 3.09329,
	7.0769 3.09139,
	7.08451 3.08568,
	7.11494 3.07807,
	7.13016 3.06856,
	7.13777 3.06285,
	7.15299 3.06095,
	7.16821 3.06285,
	7.18153 3.07426,
	7.18153 3.08948,
	7.18153 3.09709,
	7.17772 3.1047,
	7.17772 3.10851,
	7.17392 3.11041,
	7.17011 3.12563,
	7.17582 3.14085,
	7.18153 3.14846,
	7.18533 3.16368,
	7.18533 3.1789,
	7.18533 3.1827,
	7.1606 3.21124,
	7.13016 3.23026,
	7.11494 3.23977,
	7.11304 3.24358,
	7.10924 3.24358,
	7.10543 3.24738,
	7.09782 3.24928,
	7.09021 3.25499,
	7.05978 3.2645,
	7.04456 3.26641,
	7.03695 3.26641,
	7.03314 3.2626,
	7.02934 3.2626,
	7.01602 3.25119,
	7.00651 3.24358,
	7.00651 3.22836,
	7.00651 3.22075,
	7.00651 3.21885,
	"/>
</Transform>

<Transform dim="0"
 xcoef=" 0 1 0 0 0 0"
 ycoef=" 0 0 1 0 0 0">
<Contour name="d01ax17" comment="LK bouton trace named after cfa" hidden="false" closed="true" simplified="true" border="0 1 1" fill="0.502 1 1" mode="-9"
 points="4.81562 2.56652,
	4.81965 2.55846,
	4.82167 2.55443,
	4.82872 2.54637,
	4.83074 2.54435,
	4.83074 2.54233,
	4.83376 2.5383,
	4.83477 2.53427,
	4.83981 2.52621,
	4.84585 2.51009,
	4.86198 2.49598,
	4.86601 2.49397,
	4.87004 2.49397,
	4.8781 2.49094,
	4.89422 2.49094,
	4.90228 2.49296,
	4.91034 2.498,
	4.91437 2.50001,
	4.9184 2.50404,
	4.93453 2.5121,
	4.95065 2.52319,
	4.96677 2.52621,
	4.97483 2.52924,
	4.9829 2.53427,
	5.01514 2.54939,
	5.03126 2.55644,
	5.06351 2.57458,
	5.07963 2.58163,
	5.11188 2.59272,
	5.11994 2.59675,
	5.13606 2.60179,
	5.14412 2.60582,
	5.16024 2.60884,
	5.16831 2.61086,
	5.17234 2.61086,
	5.1804 2.61388,
	5.21264 2.6169,
	5.27713 2.61892,
	5.30938 2.61992,
	5.3255 2.61892,
	5.34162 2.61589,
	5.35775 2.60884,
	5.36581 2.60783,
	5.38193 2.60078,
	5.38999 2.59776,
	5.40611 2.59473,
	5.41014 2.59272,
	5.42627 2.5907,
	5.45851 2.5907,
	5.46657 2.59171,
	5.4827 2.59776,
	5.49882 2.60582,
	5.50688 2.61287,
	5.51796 2.62899,
	5.53308 2.66124,
	5.54215 2.69348,
	5.54819 2.72573,
	5.5492 2.73379,
	5.55626 2.74991,
	5.56633 2.76604,
	5.57439 2.78216,
	5.57842 2.79022,
	5.58044 2.80634,
	5.57742 2.83859,
	5.57238 2.85471,
	5.5492 2.88696,
	5.53409 2.90207,
	5.51796 2.91517,
	5.48572 2.93129,
	5.4696 2.93734,
	5.45347 2.94137,
	5.43735 2.94842,
	5.42123 2.95044,
	5.35674 2.94742,
	5.34062 2.94742,
	5.33255 2.94742,
	5.31643 2.94338,
	5.28419 2.92928,
	5.27613 2.92525,
	5.26 2.91215,
	5.24489 2.89703,
	5.23884 2.88897,
	5.22272 2.87587,
	5.21466 2.86983,
	5.18241 2.85169,
	5.16629 2.8406,
	5.15017 2.8275,
	5.13404 2.81138,
	5.13102 2.80735,
	5.12901 2.80533,
	5.128 2.8013,
	5.11288 2.78518,
	5.09676 2.77208,
	5.09273 2.76805,
	5.06049 2.75294,
	5.05242 2.74891,
	5.0363 2.74588,
	5.03227 2.74387,
	5.01615 2.74286,
	5.00809 2.73984,
	4.99196 2.72875,
	4.97584 2.71465,
	4.96879 2.70658,
	4.96375 2.69852,
	4.94763 2.68542,
	4.93957 2.68341,
	4.93554 2.68139,
	4.92747 2.68038,
	4.92344 2.67938,
	4.92143 2.67736,
	4.91337 2.67535,
	4.90531 2.6693,
	4.89724 2.66628,
	4.88918 2.66124,
	4.87306 2.65419,
	4.84081 2.63101,
	4.8257 2.61489,
	4.82167 2.60683,
	4.81562 2.57458,
	4.81562 2.56753,
	"/>
</Transform>

<Transform dim="0"
 xcoef=" 0 1 0 0 0 0"
 ycoef=" 0 0 1 0 0 0">
<Contour name="ax03" comment="LK bouton trace named after cfa" hidden="false" closed="true" simplified="false" border="0 1 1" fill="0.502 1 1" mode="9"
 points="4.67189 3.99541,
	4.67895 3.97927,
	4.69105 3.96314,
	4.70718 3.95205,
	4.72331 3.94298,
	4.73137 3.93693,
	4.74751 3.92887,
	4.75557 3.92483,
	4.76364 3.92282,
	4.76767 3.92282,
	4.7838 3.91374,
	4.79993 3.90164,
	4.81203 3.88551,
	4.81606 3.87745,
	4.82917 3.86132,
	4.83522 3.85325,
	4.85135 3.83914,
	4.86546 3.82301,
	4.8705 3.81494,
	4.87454 3.81192,
	4.87655 3.80788,
	4.89167 3.79276,
	4.91486 3.7605,
	4.92999 3.74739,
	4.93805 3.74235,
	4.94007 3.74034,
	4.9562 3.7363,
	4.97233 3.7363,
	4.98846 3.74134,
	5.00459 3.74235,
	5.02072 3.74134,
	5.03685 3.74336,
	5.05298 3.74739,
	5.06105 3.75143,
	5.06508 3.75344,
	5.0671 3.75344,
	5.07113 3.75647,
	5.10339 3.75949,
	5.11952 3.7605,
	5.12759 3.76252,
	5.13162 3.76352,
	5.13565 3.76655,
	5.13767 3.77461,
	5.13565 3.79075,
	5.12255 3.80688,
	5.10742 3.82099,
	5.09129 3.83208,
	5.08726 3.8341,
	5.08524 3.8341,
	5.08323 3.83611,
	5.08121 3.83611,
	5.07718 3.83914,
	5.07516 3.83914,
	5.07113 3.84216,
	5.06911 3.84216,
	5.0671 3.84418,
	5.05903 3.8472,
	5.0429 3.85729,
	5.03484 3.86333,
	5.03282 3.86333,
	5.01669 3.87745,
	5.00862 3.88551,
	4.97636 3.9087,
	4.9683 3.91475,
	4.95217 3.92181,
	4.93603 3.93189,
	4.9199 3.93996,
	4.91285 3.94701,
	4.91083 3.94903,
	4.9068 3.96516,
	4.9068 3.97323,
	4.90982 3.98936,
	4.91083 4.00549,
	4.91184 4.01355,
	4.91083 4.02968,
	4.90881 4.03775,
	4.90176 4.04581,
	4.89369 4.05086,
	4.87756 4.0569,
	4.8453 4.06396,
	4.83723 4.06396,
	4.8211 4.06799,
	4.80497 4.06799,
	4.78884 4.06598,
	4.78481 4.06396,
	4.78078 4.06396,
	4.77271 4.06094,
	4.75658 4.05791,
	4.72432 4.04481,
	4.71625 4.04279,
	4.68399 4.02666,
	4.67693 4.0196,
	4.6729 4.01154,
	4.67189 3.99641,
	"/>
</Transform>

<Transform dim="0"
 xcoef=" 0 1 0 0 0 0"
 ycoef=" 0 0 1 0 0 0">
<Contour name="ax10" comment="LK bouton trace named after cfa" hidden="false" closed="true" simplified="true" border="0 1 1" fill="0.502 1 1" mode="9"
 points="1.43787 2.23359,
	1.44032 2.22706,
	1.44604 2.22134,
	1.45911 2.21971,
	1.48525 2.21971,
	1.49832 2.21889,
	1.51139 2.21971,
	1.51793 2.22134,
	1.5212 2.22297,
	1.52283 2.22297,
	1.52365 2.22461,
	1.52692 2.22542,
	1.53345 2.23033,
	1.53509 2.23278,
	1.54162 2.23768,
	1.55061 2.25075,
	1.55714 2.263,
	1.56123 2.26954,
	1.58574 2.2867,
	1.59881 2.29242,
	1.60534 2.2965,
	1.61188 2.30222,
	1.61515 2.30876,
	1.6176 2.31202,
	1.62168 2.32509,
	1.62332 2.33163,
	1.62332 2.33326,
	1.62495 2.3349,
	1.62659 2.34143,
	1.62985 2.34797,
	1.62985 2.3496,
	1.63149 2.35124,
	1.63557 2.36431,
	1.63639 2.39045,
	1.63557 2.41659,
	1.63394 2.42967,
	1.63476 2.45581,
	1.64374 2.48195,
	1.64619 2.48849,
	1.64864 2.49176,
	1.65109 2.50483,
	1.65028 2.51136,
	1.64701 2.5179,
	1.64211 2.52362,
	1.62904 2.52443,
	1.61597 2.52362,
	1.60943 2.52117,
	1.60616 2.52035,
	1.60453 2.51872,
	1.60126 2.5179,
	1.59799 2.51545,
	1.59146 2.513,
	1.59146 2.51136,
	1.57838 2.50973,
	1.57185 2.5081,
	1.55878 2.50074,
	1.55551 2.49747,
	1.54897 2.49339,
	1.54407 2.48767,
	1.5408 2.4844,
	1.53917 2.48114,
	1.53999 2.46806,
	1.53917 2.45499,
	1.53917 2.45336,
	1.53754 2.45172,
	1.53754 2.45009,
	1.51875 2.4264,
	1.51303 2.41333,
	1.51058 2.40679,
	1.50976 2.40026,
	1.50077 2.37411,
	1.49914 2.37084,
	1.49914 2.36921,
	1.4975 2.36758,
	1.49342 2.35451,
	1.4926 2.35124,
	1.49097 2.3496,
	1.48933 2.34307,
	1.48607 2.33653,
	1.48525 2.33326,
	1.48362 2.33163,
	1.48362 2.33,
	1.46891 2.30467,
	1.46401 2.29813,
	1.46156 2.2916,
	1.45339 2.27853,
	1.44685 2.26546,
	1.44358 2.25892,
	1.44195 2.25565,
	1.44195 2.25402,
	1.44032 2.25238,
	1.43787 2.23931,
	1.43787 2.23604,
	1.43787 2.23441,
	"/>
</Transform>

<Transform dim="0"
 xcoef=" 0 1 0 0 0 0"
 ycoef=" 0 0 1 0 0 0">
<Contour name="d03" hidden="false" closed="true" simplified="true" border="0 1 0" fill="0 1 0" mode="9"
 points="3.00436 2.69846,
	3.02878 2.67307,
	3.0787 2.66282,
	3.10379 2.66238,
	3.12912 2.6713,
	3.15469 2.68957,
	3.16732 2.69246,
	3.17697 2.70165,
	3.19084 2.75133,
	3.17154 2.85151,
	3.16239 2.86104,
	3.14984 2.86126,
	3.10026 2.88397,
	3.08797 2.89355,
	3.08169 2.89366,
	3.0694 2.90324,
	3.04449 2.90991,
	3.03186 2.90702,
	3.01576 2.8917,
	3.00685 2.79202,
	3.00552 2.74212,
	3.00486 2.71717,
	3.00453 2.7047,
	3.00445 2.70158,
	"/>
<Contour name="d03" hidden="false" closed="true" simplified="true" border="0 1 0" fill="0 1 0" mode="9"
 points="2.25461 2.46209,
	2.27838 2.41175,
	2.27805 2.39927,
	2.31121 2.34876,
	2.33571 2.32649,
	2.36046 2.31358,
	2.37285 2.30711,
	2.47326 2.30847,
	2.49876 2.32361,
	2.51147 2.32963,
	2.52781 2.3543,
	2.53128 2.36672,
	2.57328 2.41279,
	2.57774 2.46262,
	2.57494 2.47515,
	2.56256 2.48161,
	2.55035 2.49431,
	2.52568 2.51034,
	2.5133 2.5168,
	2.50719 2.52315,
	2.50093 2.52326,
	2.45794 2.55834,
	2.41165 2.58723,
	2.36174 2.59747,
	2.33665 2.59792,
	2.32402 2.59502,
	2.30149 2.57358,
	2.2949 2.56122,
	2.28202 2.54897,
	2.26882 2.52423,
	2.26221 2.51187,
	2.2547 2.46521,
	"/>
<Contour name="d03cfa22ax11" hidden="false" closed="false" simplified="false" border="0 1 1" fill="0 1 1" mode="9"
 points="3.01644 2.91323,
	3.01109 2.8819,
	3.0096 2.82583,
	3.00758 2.74958,
	3.00591 2.68678,
	"/>
</Transform>

<Transform dim="0"
 xcoef=" 0 1 0 0 0 0"
 ycoef=" 0 0 1 0 0 0">
<Contour name="ax11" comment="LK bouton trace named after cfa" hidden="false" closed="true" simplified="false" border="0 1 1" fill="0.502 1 1" mode="9"
 points="2.4175 2.61558,
	2.41963 2.61274,
	2.41963 2.6099,
	2.42318 2.60422,
	2.42531 2.59854,
	2.42602 2.57583,
	2.42602 2.56447,
	2.42673 2.55879,
	2.42673 2.55737,
	2.42886 2.55453,
	2.42957 2.55169,
	2.43738 2.54033,
	2.44235 2.53465,
	2.44803 2.53039,
	2.45939 2.52684,
	2.48211 2.52684,
	2.49347 2.52613,
	2.49915 2.52329,
	2.50483 2.51832,
	2.51832 2.4956,
	2.52968 2.48921,
	2.54104 2.48637,
	2.5524 2.48566,
	2.55808 2.48566,
	2.56944 2.48282,
	2.5808 2.47785,
	2.59216 2.46862,
	2.61487 2.45655,
	2.62623 2.45087,
	2.63191 2.44661,
	2.64327 2.44164,
	2.64895 2.44022,
	2.65179 2.4388,
	2.66315 2.43809,
	2.68587 2.44164,
	2.70859 2.44235,
	2.73131 2.44022,
	2.75403 2.43951,
	2.75971 2.43951,
	2.77107 2.44235,
	2.78243 2.44874,
	2.80515 2.46791,
	2.81083 2.47288,
	2.82219 2.47998,
	2.83355 2.48495,
	2.83923 2.48637,
	2.86195 2.48708,
	2.86763 2.48779,
	2.87899 2.49205,
	2.89035 2.49986,
	2.89603 2.50412,
	2.89887 2.50554,
	2.90455 2.51051,
	2.92727 2.52329,
	2.93863 2.53039,
	2.94928 2.54175,
	2.95141 2.55311,
	2.94999 2.56447,
	2.94502 2.57583,
	2.93792 2.58719,
	2.9365 2.59287,
	2.93792 2.60422,
	2.94076 2.61558,
	2.94502 2.62694,
	2.94786 2.63262,
	2.95709 2.64398,
	2.96845 2.65179,
	2.97981 2.65818,
	2.98478 2.66386,
	2.98975 2.67522,
	2.99117 2.67806,
	2.99188 2.68942,
	2.98478 2.73486,
	2.98691 2.7803,
	2.99685 2.87118,
	2.99685 2.8939,
	2.99614 2.90526,
	2.99614 2.91094,
	2.99117 2.9223,
	2.98762 2.92798,
	2.97839 2.93934,
	2.96703 2.9507,
	2.94431 2.96561,
	2.93295 2.97342,
	2.91023 2.98407,
	2.90739 2.98549,
	2.88467 2.98691,
	2.87331 2.98762,
	2.86763 2.98904,
	2.86195 2.98904,
	2.85059 2.99188,
	2.83923 2.99614,
	2.83355 2.99827,
	2.82219 2.99827,
	2.81651 2.99756,
	2.81367 2.99685,
	2.8087 2.99117,
	2.80302 2.98904,
	2.79734 2.98833,
	2.79166 2.9862,
	2.7803 2.98407,
	2.77746 2.98194,
	2.77462 2.98123,
	2.77178 2.9791,
	2.7661 2.97697,
	2.75474 2.96987,
	2.7519 2.96916,
	2.74622 2.96348,
	2.74338 2.96064,
	2.74196 2.9578,
	2.73628 2.95283,
	2.72492 2.94502,
	2.71356 2.93579,
	2.69084 2.92372,
	2.68516 2.91946,
	2.68232 2.91804,
	2.67238 2.90668,
	2.6667 2.901,
	2.65534 2.89461,
	2.64966 2.89035,
	2.64824 2.88893,
	2.6454 2.88822,
	2.63404 2.88041,
	2.62268 2.86976,
	2.61132 2.86337,
	2.59996 2.85556,
	2.59428 2.8513,
	2.58861 2.84562,
	2.57938 2.83426,
	2.57299 2.8229,
	2.56376 2.81154,
	2.54814 2.78882,
	2.54672 2.7874,
	2.54104 2.78669,
	2.52968 2.7803,
	2.524 2.77675,
	2.50341 2.75403,
	2.49205 2.74267,
	2.48637 2.73131,
	2.48495 2.71995,
	2.48424 2.71427,
	2.47927 2.70291,
	2.47572 2.69723,
	2.46507 2.68587,
	2.45371 2.67593,
	2.44448 2.66457,
	2.43738 2.65321,
	2.43525 2.65037,
	2.43454 2.64753,
	2.41892 2.62481,
	2.4175 2.61913,
	2.4175 2.61629,
	"/>
</Transform>

<Transform dim="0"
 xcoef=" 0 1 0 0 0 0"
 ycoef=" 0 0 1 0 0 0">
<Contour name="ax20" comment="LK bouton trace named after cfa" hidden="false" closed="true" simplified="true" border="0 1 1" fill="0.502 1 1" mode="9"
 points="5.94073 8.00294,
	5.94624 7.9809,
	5.95313 7.95886,
	5.95933 7.94783,
	5.9669 7.93681,
	5.96966 7.9313,
	5.98068 7.92166,
	5.9917 7.91959,
	5.99445 7.91891,
	5.99583 7.91891,
	6.00616 7.90789,
	6.0406 7.8638,
	6.04473 7.85829,
	6.05025 7.85485,
	6.07229 7.84658,
	6.0778 7.84383,
	6.08331 7.8397,
	6.09157 7.82868,
	6.0957 7.82317,
	6.1019 7.81214,
	6.10328 7.81008,
	6.1143 7.8025,
	6.13634 7.80044,
	6.15838 7.79699,
	6.1694 7.79355,
	6.18042 7.78735,
	6.19145 7.77908,
	6.19696 7.76806,
	6.19971 7.76255,
	6.20866 7.75153,
	6.21969 7.7412,
	6.24173 7.73362,
	6.25275 7.72949,
	6.25826 7.72674,
	6.26928 7.72398,
	6.27479 7.72191,
	6.2803 7.71847,
	6.28581 7.7164,
	6.30785 7.70056,
	6.31887 7.69092,
	6.32989 7.68334,
	6.3354 7.6799,
	6.33816 7.67783,
	6.34918 7.67577,
	6.3602 7.67646,
	6.36571 7.67714,
	6.37122 7.6799,
	6.37673 7.68059,
	6.3781 7.68059,
	6.38361 7.68472,
	6.39464 7.68954,
	6.40015 7.69367,
	6.40566 7.69574,
	6.41117 7.69987,
	6.42219 7.70332,
	6.43321 7.70538,
	6.44423 7.70538,
	6.44974 7.70538,
	6.45249 7.70538,
	6.47453 7.71503,
	6.48555 7.71985,
	6.49657 7.72605,
	6.51793 7.74809,
	6.52895 7.75911,
	6.54341 7.78115,
	6.55099 7.79217,
	6.57234 7.81421,
	6.57578 7.82523,
	6.57785 7.83625,
	6.57854 7.84176,
	6.57854 7.84314,
	6.58336 7.84865,
	6.58887 7.85141,
	6.59232 7.85692,
	6.61436 7.87896,
	6.61711 7.87965,
	6.62813 7.8886,
	6.63089 7.89067,
	6.63709 7.90169,
	6.64191 7.91271,
	6.64328 7.91546,
	6.64466 7.91684,
	6.64535 7.92235,
	6.64811 7.9251,
	6.65155 7.93613,
	6.65293 7.94164,
	6.65293 7.94439,
	6.65637 7.9499,
	6.65844 7.95541,
	6.66946 7.96643,
	6.67497 7.97194,
	6.68599 7.98021,
	6.6915 7.98503,
	6.69908 7.99605,
	6.70459 8.00707,
	6.70665 8.01809,
	6.70734 8.0236,
	6.70665 8.02911,
	6.70596 8.03187,
	6.70665 8.03738,
	6.70321 8.05942,
	6.69494 8.08146,
	6.69219 8.08697,
	6.69012 8.09799,
	6.69081 8.10901,
	6.69494 8.12003,
	6.6977 8.12554,
	6.69839 8.13656,
	6.70045 8.14758,
	6.70183 8.15309,
	6.70528 8.1586,
	6.71561 8.16824,
	6.72594 8.17926,
	6.73007 8.18477,
	6.7404 8.20613,
	6.74178 8.21164,
	6.74316 8.21439,
	6.74316 8.22541,
	6.74247 8.23092,
	6.7342 8.25296,
	6.73007 8.26398,
	6.728 8.28603,
	6.72732 8.29705,
	6.72318 8.30807,
	6.7163 8.31909,
	6.70596 8.32873,
	6.70045 8.33286,
	6.69219 8.34388,
	6.68737 8.3549,
	6.68186 8.37694,
	6.67979 8.38245,
	6.66946 8.39279,
	6.62538 8.42103,
	6.61436 8.42654,
	6.60334 8.43411,
	6.59645 8.44513,
	6.58612 8.45547,
	6.58061 8.45822,
	6.5751 8.45891,
	6.55305 8.45753,
	6.54754 8.45822,
	6.54203 8.46029,
	6.53101 8.46786,
	6.5255 8.46993,
	6.51999 8.47062,
	6.51724 8.47131,
	6.50622 8.46924,
	6.4952 8.46855,
	6.48969 8.46855,
	6.48693 8.46855,
	6.47591 8.47544,
	6.46696 8.48646,
	6.45594 8.49679,
	6.45043 8.50024,
	6.44492 8.5023,
	6.44354 8.5023,
	6.44078 8.50437,
	6.42976 8.50781,
	6.41874 8.50988,
	6.37466 8.50919,
	6.35262 8.50781,
	6.30854 8.50781,
	6.29752 8.50712,
	6.2865 8.50437,
	6.28099 8.50299,
	6.25895 8.49059,
	6.25344 8.48646,
	6.2431 8.47544,
	6.23897 8.46993,
	6.2369 8.46717,
	6.23553 8.4658,
	6.23484 8.46304,
	6.21486 8.441,
	6.17147 8.39761,
	6.16596 8.3921,
	6.15494 8.38314,
	6.13703 8.36179,
	6.11775 8.33975,
	6.11292 8.33424,
	6.09088 8.31702,
	6.07986 8.30807,
	6.07504 8.30256,
	6.06333 8.28052,
	6.05989 8.27501,
	6.05231 8.25296,
	6.0406 8.23092,
	6.02338 8.20888,
	6.01581 8.19786,
	6.01236 8.19235,
	6.00823 8.18133,
	6.00341 8.15929,
	5.99928 8.14827,
	5.99377 8.13725,
	5.98068 8.11521,
	5.9731 8.10419,
	5.96966 8.09868,
	5.96759 8.09592,
	5.96553 8.09041,
	5.95106 8.06837,
	5.94486 8.04633,
	5.94211 8.03531,
	5.94073 8.02429,
	5.94073 8.01327,
	5.94073 8.00776,
	5.94073 8.005,
	5.94073 8.00363,
	"/>
</Transform>

<Transform dim="0"
 xcoef=" 0 1 0 0 0 0"
 ycoef=" 0 0 1 0 0 0">
<Contour name="d02" hidden="false" closed="true" simplified="true" border="0.5 0 1" fill="0.5 0 1" mode="9"
 points="3.73765 6.7655,
	3.76688 6.73071,
	3.80131 6.73011,
	3.80993 6.72995,
	3.82749 6.74249,
	3.89694 6.76269,
	3.9316 6.77064,
	3.94894 6.77462,
	3.95767 6.77875,
	3.92402 6.80933,
	3.91564 6.81804,
	3.90702 6.8182,
	3.87769 6.8487,
	3.8752 6.91728,
	3.87611 6.95155,
	3.88937 6.96416,
	3.92369 6.95927,
	3.94102 6.96325,
	3.94148 6.98037,
	3.92903 6.99774,
	3.91203 7.0066,
	3.87759 7.00721,
	3.86037 7.00751,
	3.82513 6.97814,
	3.80757 6.9656,
	3.79024 6.96162,
	3.78162 6.96178,
	3.75671 6.99649,
	3.75194 6.97943,
	3.75873 6.91078,
	3.744 6.8425,
	3.73788 6.77406,
	3.73776 6.76978,
	"/>
<Contour name="d02" hidden="false" closed="true" simplified="true" border="0.5 0 1" fill="0.5 0 1" mode="9"
 points="3.9309 5.94484,
	3.94637 5.91586,
	3.95462 5.88701,
	3.95747 5.85826,
	3.96453 5.85275,
	3.98361 5.82371,
	3.99068 5.8182,
	4.00501 5.81436,
	4.03381 5.81205,
	4.04823 5.8118,
	4.05193 5.81533,
	4.11005 5.83045,
	4.12462 5.83558,
	4.13198 5.84082,
	4.13957 5.85504,
	4.13815 5.86942,
	4.13293 5.87669,
	4.12942 5.88035,
	4.12581 5.88041,
	4.11879 5.88771,
	4.10451 5.89334,
	4.09014 5.89539,
	4.08297 5.89731,
	4.07937 5.89738,
	4.07585 5.90102,
	4.0472 5.90871,
	4.01882 5.92715,
	4.00654 5.93993,
	3.99951 5.94722,
	3.99605 5.95267,
	3.98898 5.95817,
	3.98547 5.96182,
	3.98556 5.96541,
	3.97147 5.97822,
	3.96446 5.98552,
	3.95008 5.98756,
	3.94647 5.98763,
	3.93906 5.98058,
	3.9311 5.95202,
	3.93095 5.94664,
	"/>
<Contour name="d06" hidden="false" closed="true" simplified="true" border="0 0 1" fill="0 0 1" mode="9"
 points="3.16106 7.18263,
	3.1815 7.13281,
	3.20994 7.03338,
	3.2155 7.00855,
	3.24214 6.95862,
	3.2508 6.93373,
	3.25882 6.88412,
	3.26437 6.85929,
	3.27925 6.8343,
	3.32781 6.79016,
	3.35217 6.77118,
	3.45135 6.76016,
	3.50081 6.75002,
	3.52558 6.74648,
	3.57479 6.72707,
	3.59941 6.71736,
	3.62435 6.72001,
	3.63693 6.72597,
	3.66179 6.72553,
	3.67422 6.72531,
	3.71903 6.77398,
	3.74143 6.79832,
	3.75419 6.81046,
	3.76073 6.82272,
	3.76515 6.8721,
	3.76336 6.92159,
	3.76368 6.93396,
	3.74881 6.95895,
	3.74897 6.96513,
	3.73998 6.97765,
	3.7372 6.99007,
	3.72215 7.00888,
	3.69747 7.0155,
	3.69141 7.0218,
	3.67899 7.02201,
	3.661 7.04706,
	3.65234 7.07195,
	3.64956 7.08436,
	3.64973 7.09055,
	3.64074 7.10307,
	3.6409 7.10925,
	3.62603 7.13424,
	3.62635 7.14661,
	3.62652 7.15279,
	3.63289 7.15885,
	3.63305 7.16503,
	3.64271 7.17723,
	3.64337 7.20195,
	3.64058 7.21436,
	3.62849 7.22694,
	3.61614 7.23025,
	3.61745 7.2797,
	3.61811 7.30442,
	3.58205 7.35142,
	3.58026 7.40092,
	3.5909 7.4502,
	3.59155 7.47492,
	3.59498 7.48722,
	3.60136 7.49329,
	3.60202 7.51801,
	3.59613 7.53048,
	3.59646 7.54284,
	3.58739 7.55228,
	3.58772 7.56464,
	3.61012 7.58897,
	3.63539 7.60398,
	3.65469 7.62838,
	3.65601 7.67782,
	3.65666 7.70254,
	3.68184 7.71446,
	3.68839 7.72671,
	3.69101 7.82559,
	3.68856 7.85037,
	3.67957 7.8629,
	3.6709 7.88778,
	3.66845 7.91255,
	3.66878 7.92492,
	3.65979 7.93744,
	3.61008 7.93831,
	3.59757 7.93545,
	3.57516 7.91111,
	3.57074 7.86172,
	3.56077 7.83716,
	3.55422 7.82491,
	3.54785 7.81885,
	3.54409 7.79417,
	3.53754 7.78193,
	3.53738 7.77575,
	3.52773 7.76356,
	3.51825 7.75754,
	3.49584 7.7332,
	3.49142 7.68381,
	3.4911 7.67146,
	3.49404 7.66522,
	3.48095 7.64072,
	3.46828 7.63167,
	3.4619 7.6256,
	3.46124 7.60088,
	3.46091 7.58852,
	3.41316 7.54607,
	3.37768 7.49724,
	3.35217 7.47296,
	3.30147 7.43675,
	3.2762 7.42174,
	3.2511 7.41291,
	3.23851 7.40695,
	3.23214 7.40087,
	3.22215 7.37632,
	3.17432 7.33079,
	3.16434 7.30624,
	3.16172 7.20736,
	3.16114 7.18573,
	"/>
<Contour name="d07" hidden="false" closed="true" simplified="true" border="1 0 1" fill="1 0 1" mode="9"
 points="4.09589 6.73536,
	4.1677 6.72962,
	4.1858 6.73378,
	4.19574 6.76938,
	4.20071 6.78719,
	4.1877 6.80531,
	4.15186 6.81041,
	4.11554 6.79764,
	4.10631 6.78885,
	4.09637 6.75324,
	4.09601 6.73983,
	"/>
</Transform>

<Transform dim="0"
 xcoef=" 0 1 0 0 0 0"
 ycoef=" 0 0 1 0 0 0">
<Contour name="ax21" comment="LK bouton trace named after cfa" hidden="false" closed="true" simplified="true" border="0 1 1" fill="0.502 1 1" mode="9"
 points="3.63718 6.39049,
	3.65128 6.37438,
	3.66738 6.36331,
	3.67544 6.35626,
	3.68047 6.34821,
	3.6855 6.3321,
	3.68752 6.32404,
	3.7006 6.30894,
	3.70262 6.30794,
	3.70362 6.29988,
	3.71872 6.26767,
	3.73181 6.23546,
	3.73684 6.21935,
	3.73886 6.18713,
	3.74087 6.17103,
	3.74087 6.16297,
	3.74691 6.14687,
	3.75597 6.13076,
	3.761 6.12271,
	3.77409 6.1066,
	3.78114 6.09855,
	3.78517 6.09452,
	3.79423 6.07841,
	3.79926 6.07036,
	3.81335 6.05526,
	3.82946 6.04821,
	3.86167 6.04318,
	3.86973 6.04217,
	3.88583 6.03512,
	3.90194 6.02204,
	3.91 6.017,
	3.9261 6.01197,
	3.95832 5.99687,
	3.97442 5.98882,
	3.99053 5.97573,
	4.00664 5.96063,
	4.01771 5.94452,
	4.0308 5.92942,
	4.03885 5.92539,
	4.04288 5.92338,
	4.07509 5.91935,
	4.10731 5.90526,
	4.13952 5.89419,
	4.15563 5.88714,
	4.17174 5.88311,
	4.18784 5.87506,
	4.20395 5.87103,
	4.212 5.87003,
	4.22811 5.87204,
	4.23616 5.87405,
	4.26838 5.89016,
	4.28448 5.89821,
	4.29254 5.90123,
	4.32475 5.90325,
	4.33281 5.90627,
	4.36502 5.91029,
	4.37307 5.9113,
	4.38918 5.91734,
	4.4214 5.92036,
	4.45361 5.93949,
	4.46166 5.94452,
	4.46368 5.94452,
	4.47878 5.95962,
	4.49488 5.96969,
	4.50294 5.97271,
	4.51904 5.9717,
	4.53515 5.97372,
	4.56737 5.98076,
	4.57139 5.98076,
	4.57341 5.98076,
	4.58146 5.98781,
	4.59153 6.00392,
	4.59555 6.00694,
	4.59958 6.00794,
	4.60763 6.01298,
	4.61569 6.01398,
	4.63179 6.01902,
	4.63985 6.02304,
	4.64689 6.03009,
	4.65495 6.0462,
	4.66099 6.05425,
	4.6771 6.06633,
	4.6932 6.0764,
	4.72542 6.0915,
	4.74152 6.10257,
	4.75562 6.11868,
	4.76367 6.13479,
	4.7677 6.15089,
	4.7687 6.15895,
	4.76971 6.16297,
	4.77575 6.17103,
	4.77978 6.17908,
	4.78078 6.18713,
	4.7828 6.19116,
	4.78481 6.20727,
	4.78682 6.21532,
	4.78481 6.27975,
	4.7838 6.29586,
	4.78984 6.32807,
	4.79085 6.34418,
	4.78783 6.36029,
	4.78582 6.36834,
	4.77474 6.38445,
	4.75864 6.39149,
	4.74253 6.39653,
	4.73448 6.39955,
	4.72642 6.40458,
	4.7224 6.40559,
	4.70629 6.41867,
	4.67408 6.44887,
	4.66602 6.45491,
	4.63381 6.47002,
	4.62575 6.47102,
	4.62173 6.47102,
	4.6177 6.47304,
	4.60159 6.47404,
	4.56938 6.47203,
	4.55327 6.47102,
	4.53716 6.47404,
	4.52106 6.47908,
	4.50495 6.48612,
	4.48884 6.50122,
	4.48079 6.50626,
	4.44858 6.53444,
	4.43247 6.54652,
	4.42442 6.55256,
	4.40831 6.55961,
	4.40025 6.56263,
	4.38918 6.57773,
	4.37307 6.59082,
	4.36502 6.59686,
	4.34891 6.60391,
	4.34086 6.61095,
	4.32173 6.64317,
	4.30865 6.65827,
	4.29254 6.66632,
	4.27643 6.67035,
	4.26838 6.67337,
	4.26435 6.67538,
	4.24824 6.69048,
	4.23214 6.70256,
	4.22811 6.70558,
	4.22408 6.70659,
	4.20798 6.71967,
	4.20596 6.71967,
	4.20194 6.7227,
	4.19791 6.7237,
	4.19388 6.72672,
	4.17778 6.73075,
	4.16167 6.73176,
	4.12945 6.72874,
	4.1214 6.72672,
	4.10529 6.71967,
	4.09724 6.71565,
	4.08113 6.70457,
	4.07308 6.69753,
	4.05697 6.68645,
	4.04892 6.68243,
	4.0167 6.67437,
	4.0006 6.67236,
	3.99254 6.67035,
	3.98852 6.66934,
	3.98046 6.66431,
	3.94825 6.65122,
	3.91604 6.6331,
	3.89993 6.62203,
	3.86771 6.59485,
	3.85362 6.57874,
	3.84758 6.57068,
	3.84355 6.56666,
	3.84053 6.5586,
	3.83751 6.55558,
	3.8355 6.53948,
	3.8355 6.53142,
	3.83248 6.52337,
	3.8204 6.50726,
	3.81537 6.50022,
	3.78315 6.4831,
	3.75094 6.468,
	3.73483 6.45995,
	3.7298 6.45189,
	3.72275 6.44485,
	3.70664 6.43579,
	3.69859 6.43176,
	3.68248 6.42673,
	3.67443 6.42572,
	3.65832 6.41867,
	3.64221 6.40559,
	3.63919 6.40156,
	3.63718 6.39351,
	3.63718 6.39149,
	"/>
</Transform>

<Transform dim="0"
 xcoef=" 0 1 0 0 0 0"
 ycoef=" 0 0 1 0 0 0">
<Contour name="ax21" comment="LK bouton trace named after cfa" hidden="false" closed="true" simplified="true" border="0 1 1" fill="0.502 1 1" mode="9"
 points="4.98318 6.46026,
	4.99558 6.45251,
	5.02036 6.45406,
	5.03276 6.45716,
	5.03895 6.45716,
	5.05135 6.46181,
	5.06374 6.46336,
	5.06994 6.46336,
	5.08233 6.46801,
	5.09472 6.46955,
	5.09782 6.46955,
	5.10092 6.47265,
	5.15049 6.4804,
	5.16289 6.48505,
	5.17528 6.4866,
	5.17838 6.4866,
	5.18148 6.48969,
	5.20626 6.49434,
	5.21866 6.49589,
	5.23105 6.50054,
	5.28062 6.50518,
	5.30541 6.50828,
	5.3178 6.50828,
	5.324 6.50828,
	5.34414 6.50983,
	5.35653 6.51293,
	5.36273 6.51448,
	5.36582 6.51448,
	5.36737 6.51758,
	5.37357 6.51913,
	5.37977 6.52377,
	5.39216 6.52842,
	5.40455 6.53772,
	5.40765 6.54082,
	5.41075 6.54082,
	5.43399 6.55786,
	5.44638 6.5656,
	5.44948 6.5687,
	5.45258 6.5687,
	5.45568 6.5718,
	5.45877 6.5718,
	5.46187 6.5749,
	5.47427 6.57645,
	5.49905 6.58419,
	5.50525 6.58574,
	5.50835 6.58884,
	5.53313 6.59968,
	5.55637 6.61517,
	5.56257 6.61982,
	5.56567 6.62447,
	5.57806 6.63376,
	5.60284 6.64616,
	5.62763 6.64771,
	5.63383 6.64926,
	5.63693 6.65235,
	5.64932 6.657,
	5.66171 6.66475,
	5.67411 6.66785,
	5.6865 6.66785,
	5.6927 6.67094,
	5.69889 6.67094,
	5.70199 6.67249,
	5.75001 6.68798,
	5.76241 6.69108,
	5.81198 6.71587,
	5.83677 6.72671,
	5.86155 6.73291,
	5.91113 6.73446,
	5.93591 6.7453,
	5.98549 6.7546,
	5.99788 6.75615,
	6.02266 6.77938,
	6.03506 6.80417,
	6.04125 6.81656,
	6.0521 6.82896,
	6.10167 6.85684,
	6.12646 6.86924,
	6.13885 6.87543,
	6.15124 6.88473,
	6.17603 6.88937,
	6.20082 6.90022,
	6.22096 6.925,
	6.22715 6.9374,
	6.2287 6.94979,
	6.22405 6.96218,
	6.21941 6.96838,
	6.19462 6.97923,
	6.16983 6.98387,
	6.12026 6.98697,
	6.09547 6.98542,
	6.07069 6.98697,
	6.0459 6.99162,
	6.03351 6.99317,
	6.02112 6.99781,
	5.92197 6.99317,
	5.8724 6.96838,
	5.82282 6.95289,
	5.79804 6.94824,
	5.69889 6.94669,
	5.6865 6.94359,
	5.66171 6.9312,
	5.61214 6.91106,
	5.56257 6.87078,
	5.55017 6.86304,
	5.52539 6.85994,
	5.51299 6.85994,
	5.48821 6.86459,
	5.46342 6.86614,
	5.45103 6.86614,
	5.43863 6.86149,
	5.41385 6.84445,
	5.36428 6.82121,
	5.33949 6.81811,
	5.3271 6.81502,
	5.3209 6.81502,
	5.30851 6.80882,
	5.28372 6.80107,
	5.25893 6.78403,
	5.22485 6.73446,
	5.21246 6.72362,
	5.20626 6.71897,
	5.18148 6.71277,
	5.16908 6.70812,
	5.1443 6.68489,
	5.1381 6.67869,
	5.12571 6.6539,
	5.07613 6.61827,
	5.06374 6.61053,
	5.05135 6.59968,
	5.03895 6.59194,
	5.01882 6.56715,
	5.01107 6.55476,
	5.00332 6.52997,
	5.00177 6.51758,
	4.98473 6.46801,
	4.98318 6.46181,
	"/>
</Transform>

<Transform dim="0"
 xcoef=" 0 1 0 0 0 0"
 ycoef=" 0 0 1 0 0 0">
<Contour name="d08ax23" comment="LK bouton trace named after cfa" hidden="false" closed="true" simplified="true" border="0 1 1" fill="0.502 1 1" mode="-9"
 points="5.15935 2.2731,
	5.16932 2.25032,
	5.17573 2.23892,
	5.18071 2.23323,
	5.1914 2.22682,
	5.21418 2.22326,
	5.21988 2.22326,
	5.23127 2.22682,
	5.24267 2.2318,
	5.24837 2.23323,
	5.25976 2.22967,
	5.26261 2.22824,
	5.26546 2.22824,
	5.26831 2.22682,
	5.31388 2.22326,
	5.35946 2.21827,
	5.38225 2.2197,
	5.40503 2.2197,
	5.41643 2.21827,
	5.462 2.22041,
	5.4734 2.22254,
	5.47909 2.22326,
	5.48479 2.22539,
	5.48764 2.2261,
	5.49903 2.23323,
	5.50046 2.23323,
	5.51114 2.24391,
	5.51328 2.24676,
	5.51399 2.24818,
	5.52538 2.25032,
	5.53108 2.25103,
	5.53393 2.25103,
	5.53963 2.25388,
	5.55102 2.26385,
	5.55885 2.27524,
	5.5617 2.28094,
	5.56455 2.29233,
	5.56669 2.29803,
	5.57025 2.32082,
	5.57167 2.32651,
	5.57666 2.33791,
	5.59019 2.3607,
	5.59232 2.37209,
	5.59161 2.38348,
	5.58947 2.39488,
	5.58449 2.40627,
	5.56953 2.42906,
	5.55814 2.43832,
	5.53535 2.45042,
	5.51256 2.46111,
	5.50117 2.46538,
	5.49547 2.46752,
	5.48408 2.46965,
	5.46129 2.47108,
	5.41572 2.46894,
	5.40432 2.4668,
	5.39293 2.46609,
	5.37014 2.46182,
	5.34735 2.45968,
	5.33596 2.45826,
	5.33026 2.45612,
	5.30747 2.45185,
	5.29608 2.44758,
	5.29038 2.44615,
	5.27899 2.44045,
	5.26759 2.43333,
	5.2562 2.42479,
	5.2505 2.42051,
	5.22771 2.40912,
	5.21632 2.402,
	5.20564 2.39061,
	5.2035 2.38776,
	5.20208 2.38633,
	5.20208 2.38491,
	5.20065 2.38348,
	5.20065 2.38206,
	5.19852 2.37921,
	5.19211 2.35642,
	5.1914 2.35358,
	5.18926 2.35073,
	5.18712 2.34503,
	5.17146 2.32224,
	5.16505 2.31085,
	5.16362 2.30515,
	5.16077 2.29945,
	5.15935 2.28806,
	5.15935 2.27667,
	5.15935 2.27382,
	"/>
</Transform>

<Transform dim="0"
 xcoef=" 0 1 0 0 0 0"
 ycoef=" 0 0 1 0 0 0">
<Contour name="d03c22ax11" hidden="false" closed="true" simplified="true" border="0 1 0" fill="0 1 0" mode="9"
 points="2.91738 2.80429,
	2.92825 2.7347,
	2.93369 2.6999,
	2.93586 2.68251,
	2.93804 2.67381,
	3.00763 2.68903,
	3.02502 2.69338,
	3.03372 2.69447,
	3.04242 2.69773,
	3.05656 2.83691,
	3.05982 2.87171,
	3.06091 2.87606,
	3.06091 2.87823,
	2.99132 2.90759,
	2.97392 2.9152,
	2.96522 2.91846,
	2.96087 2.92064,
	2.93369 2.85105,
	2.92064 2.81625,
	2.91738 2.80755,
	2.91738 2.80538,
	"/>
</Transform>

<Transform dim="3"
 xcoef=" -0.189649621503744 1.07263849731138 0.0475830802909535 0 0 0"
 ycoef=" -0.934643980073588 0.0121717488580339 1.00101521381393 0 0 0">
<Image mag="0.00217507" contrast="1.06154" brightness="0.075" red="true" green="true" blue="true"
 src="FHLTD.153.jpg" />
<Contour name="domain1" hidden="false" closed="true" simplified="false" border="1 0 1" fill="1 0 1" mode="11"
 points="0 0,
	4096 0,
	4096 4096,
	0 4096,
	"/>
</Transform>

</Section>