<?xml version="1.0"?>
<!DOCTYPE Section SYSTEM "section.dtd">

<Section index="69" thickness="0.045" alignLocked="true">
<Transform dim="0"
 xcoef=" 0 1 0 0 0 0"
 ycoef=" 0 0 1 0 0 0">
<Contour name="D04" hidden="false" closed="true" simplified="true" border="1 0 0" fill="1 0 0" mode="11"
 points="0.74492 5.04996,
	0.74778 5.01096,
	0.75628 4.97281,
	0.77024 4.93634,
	0.78936 4.90235,
	0.81323 4.87158,
	0.84131 4.8447,
	0.87299 4.8223,
	0.9076 4.80487,
	0.94436 4.79278,
	0.98248 4.7863,
	1.02113 4.78558,
	1.05947 4.79063,
	1.09665 4.80133,
	1.13186 4.81746,
	1.16435 4.83866,
	1.19339 4.86447,
	1.21836 4.89432,
	1.23871 4.92758,
	1.25399 4.9635,
	1.26388 5.00131,
	1.26816 5.04018,
	1.26673 5.07926,
	1.25963 5.11771,
	1.24701 5.15467,
	1.22914 5.18936,
	1.20642 5.221,
	1.17934 5.24891,
	1.14849 5.27248,
	1.11455 5.29119,
	1.07825 5.30464,
	1.04039 5.31254,
	1.00179 5.31471,
	0.9633 5.3111,
	0.92576 5.30179,
	0.88998 5.28699,
	0.85674 5.26702,
	0.82678 5.24231,
	0.80073 5.21341,
	0.77918 5.18094,
	0.76259 5.14562,
	0.75133 5.1082,
	"/>
<Contour name="D05" hidden="false" closed="true" simplified="true" border="1 1 0" fill="1 1 0" mode="11"
 points="2.64299 4.28404,
	2.65475 4.21163,
	2.68888 4.14632,
	2.74205 4.09448,
	2.80904 4.0612,
	2.88329 4.04974,
	2.95755 4.0612,
	3.02454 4.09448,
	3.07771 4.14632,
	3.11184 4.21163,
	3.1236 4.28404,
	3.11184 4.35644,
	3.07771 4.42175,
	3.02454 4.47359,
	2.95755 4.50687,
	2.88329 4.51833,
	2.80904 4.50687,
	2.74205 4.47359,
	2.68888 4.42175,
	"/>
<Contour name="d01" hidden="false" closed="true" simplified="true" border="1 0.5 0" fill="1 0.5 0" mode="-11"
 points="6.42326 1.91905,
	6.46555 1.88204,
	6.55014 1.85032,
	6.57129 1.85561,
	6.60829 1.88733,
	6.60829 1.8979,
	6.566 1.93491,
	6.53428 1.9772,
	6.51842 1.99306,
	6.48141 1.96134,
	6.43912 1.94548,
	6.42326 1.92962,
	6.42326 1.92433,
	"/>
<Contour name="d01p04" hidden="false" closed="true" simplified="true" border="0 1 0" fill="0 1 0" mode="9"
 points="5.40437 1.94125,
	5.40684 1.92808,
	5.41403 1.9162,
	5.42523 1.90677,
	5.43934 1.90071,
	5.45498 1.89863,
	5.47062 1.90071,
	5.48473 1.90677,
	5.49592 1.9162,
	5.50311 1.92808,
	5.50559 1.94125,
	5.50311 1.95442,
	5.49592 1.9663,
	5.48473 1.97573,
	5.47062 1.98178,
	5.45498 1.98387,
	5.43934 1.98178,
	5.42523 1.97573,
	5.41403 1.9663,
	"/>
<Contour name="d01" hidden="false" closed="true" simplified="true" border="1 0.5 0" fill="1 0.5 0" mode="9"
 points="5.90608 2.09938,
	5.93981 2.08673,
	5.95667 2.0783,
	5.98196 2.04458,
	6.01569 2.03193,
	6.04941 2.02771,
	6.11686 2.04036,
	6.15059 2.04458,
	6.16745 2.04458,
	6.1801 2.06144,
	6.18431 2.09516,
	6.17167 2.12889,
	6.15902 2.14153,
	6.14216 2.13732,
	6.1253 2.12467,
	6.10843 2.12046,
	6.07471 2.14153,
	6.04098 2.14575,
	6.02412 2.14997,
	5.9904 2.13732,
	5.95667 2.1331,
	5.93981 2.1331,
	5.9103 2.11203,
	5.90608 2.10359,
	"/>
<Contour name="d01" hidden="false" closed="true" simplified="true" border="1 0.5 0" fill="1 0.5 0" mode="-11"
 points="4.65752 2.39485,
	4.67867 2.38956,
	4.76326 2.39485,
	4.84784 2.38956,
	4.93243 2.33141,
	4.97472 2.29969,
	5.03816 2.2151,
	5.06988 2.17281,
	5.08574 2.13051,
	5.09632 2.10937,
	5.09632 2.02478,
	5.09632 1.98249,
	5.09632 1.96134,
	5.11746 1.91905,
	5.15447 1.88204,
	5.19676 1.85561,
	5.23905 1.83975,
	5.25491 1.82389,
	5.24434 1.7393,
	5.24434 1.71816,
	5.25491 1.69701,
	5.27606 1.67586,
	5.31835 1.68115,
	5.36065 1.69701,
	5.39765 1.72344,
	5.42937 1.76574,
	5.43995 1.78688,
	5.51925 1.86618,
	5.56154 1.90319,
	5.60383 1.92433,
	5.62498 1.92962,
	5.66199 1.96134,
	5.68842 1.99835,
	5.6937 2.04064,
	5.69899 2.06179,
	5.74128 2.09879,
	5.78358 2.10937,
	5.82587 2.14109,
	5.91046 2.14637,
	5.9316 2.14637,
	5.9739 2.16752,
	5.98976 2.18338,
	5.96861 2.20453,
	5.88402 2.24153,
	5.84173 2.26797,
	5.80472 2.31026,
	5.77829 2.39485,
	5.77829 2.40542,
	5.74128 2.44242,
	5.70428 2.46886,
	5.68313 2.48472,
	5.67256 2.50586,
	5.66727 2.51644,
	5.62498 2.51115,
	5.58269 2.52172,
	5.56154 2.53758,
	5.54039 2.54287,
	5.51925 2.5323,
	5.4981 2.49,
	5.48753 2.46886,
	5.48224 2.45828,
	5.47167 2.45828,
	5.45052 2.44242,
	5.40823 2.43714,
	5.38708 2.44242,
	5.36593 2.45828,
	5.34479 2.46357,
	5.30249 2.44771,
	5.2602 2.44242,
	5.23905 2.44242,
	5.19676 2.45828,
	5.15447 2.46357,
	5.06988 2.43185,
	4.9853 2.42657,
	4.90071 2.453,
	4.81612 2.45828,
	4.77383 2.45828,
	4.68924 2.41599,
	4.67867 2.41599,
	4.66281 2.40013,
	"/>
<Contour name="d01c04" hidden="false" closed="true" simplified="true" border="0 1 0" fill="0 1 0" mode="9"
 points="5.45923 1.81693,
	5.46344 1.81272,
	5.49717 1.83801,
	5.53089 1.85487,
	5.54776 1.8633,
	5.5604 1.88017,
	5.62785 1.91811,
	5.63207 1.95183,
	5.61942 1.96869,
	5.61099 1.97291,
	5.54354 1.93497,
	5.51403 1.91389,
	5.50138 1.88438,
	5.49717 1.89703,
	5.48452 1.8633,
	5.46766 1.84644,
	5.45923 1.82958,
	5.45923 1.82115,
	"/>
<Contour name="d01cfa04" hidden="false" closed="false" simplified="false" border="0 1 1" fill="0 1 1" mode="9"
 points="5.6339 1.94703,
	5.62125 1.93438,
	5.60018 1.92595,
	5.54959 1.89223,
	5.49478 1.84586,
	"/>
<Contour name="d02" hidden="false" closed="true" simplified="true" border="0.5 0 1" fill="0.5 0 1" mode="9"
 points="4.26632 6.29314,
	4.27258 6.26812,
	4.2976 6.24309,
	4.39769 6.17428,
	4.42271 6.16177,
	4.5228 6.07419,
	4.61038 5.98036,
	4.6354 5.96785,
	4.67919 5.92406,
	4.70422 5.87401,
	4.75426 5.83022,
	4.85435 5.78018,
	4.90439 5.73639,
	4.95444 5.72388,
	5.00448 5.74265,
	5.10457 5.73639,
	5.11709 5.73639,
	5.14211 5.76141,
	5.16713 5.77392,
	5.21717 5.77392,
	5.22969 5.77392,
	5.24845 5.79269,
	5.27348 5.79269,
	5.28599 5.79269,
	5.31101 5.77392,
	5.36105 5.76767,
	5.38608 5.76767,
	5.42987 5.73639,
	5.44863 5.71137,
	5.49868 5.6926,
	5.54872 5.6926,
	5.56123 5.6926,
	5.57374 5.74265,
	5.56749 5.76767,
	5.50493 5.8615,
	5.48617 5.88652,
	5.46114 5.98661,
	5.45489 6.03666,
	5.44863 6.04917,
	5.34854 6.04917,
	5.24845 6.06794,
	5.19841 6.0867,
	5.1859 6.0867,
	5.15462 6.11798,
	5.15462 6.13049,
	5.14211 6.143,
	5.13585 6.16803,
	5.09206 6.21182,
	5.06078 6.26186,
	5.06078 6.28688,
	5.04827 6.31191,
	5.04827 6.32442,
	5.03576 6.33693,
	5.0733 6.37446,
	5.06078 6.38697,
	5.03576 6.38697,
	4.99197 6.3557,
	4.94193 6.33693,
	4.84184 6.33067,
	4.79179 6.33067,
	4.76677 6.33693,
	4.75426 6.33693,
	4.70422 6.36821,
	4.60413 6.36195,
	4.55408 6.3557,
	4.50404 6.37446,
	4.46025 6.41825,
	4.4102 6.44953,
	4.38518 6.46204,
	4.33513 6.44953,
	4.31011 6.43076,
	4.30386 6.38697,
	4.27883 6.37446,
	4.26632 6.36195,
	4.26632 6.31191,
	4.26632 6.29939,
	"/>
<Contour name="d02" hidden="false" closed="true" simplified="true" border="0.5 0 1" fill="0.5 0 1" mode="9"
 points="4.81682 7.0313,
	4.84184 7.00628,
	4.86686 6.99377,
	4.86686 6.98126,
	4.91691 6.975,
	5.017 6.98126,
	5.04202 6.98126,
	5.05453 6.98126,
	5.07955 7.00628,
	5.10457 7.01253,
	5.12334 7.03756,
	5.1296 7.06258,
	5.13585 7.07509,
	5.09206 7.11888,
	5.06078 7.21897,
	5.03576 7.24399,
	5.02325 7.26901,
	5.04202 7.31906,
	5.017 7.32531,
	4.96695 7.30029,
	4.90439 7.2002,
	4.88563 7.15016,
	4.88563 7.13765,
	4.86061 7.11888,
	4.84809 7.10637,
	4.84809 7.08135,
	4.81682 7.03756,
	"/>
<Contour name="d02" hidden="false" closed="true" simplified="true" border="0.5 0 1" fill="0.5 0 1" mode="9"
 points="3.54693 5.99913,
	3.57195 5.98036,
	3.622 5.96785,
	3.64702 5.96159,
	3.65953 5.96159,
	3.67204 5.94908,
	3.68455 5.94908,
	3.7346 5.90529,
	3.75336 5.88652,
	3.80341 5.87401,
	3.82843 5.8615,
	3.87848 5.8615,
	3.92852 5.87401,
	4.02861 5.84899,
	4.07865 5.83648,
	4.10368 5.85525,
	4.11619 5.88027,
	4.10993 5.90529,
	4.04112 6.00538,
	3.99108 6.02415,
	3.7909 6.0304,
	3.74085 6.02415,
	3.72834 6.02415,
	3.71583 6.03666,
	3.61574 6.05543,
	3.59072 6.05543,
	3.57821 6.05543,
	3.55318 6.03666,
	3.54693 6.01164,
	3.54693 6.00538,
	"/>
<Contour name="d02c05" hidden="false" closed="true" simplified="true" border="0 1 0" fill="0 1 0" mode="9"
 points="5.02092 7.16742,
	5.03581 7.15439,
	5.04326 7.15066,
	5.05443 7.13577,
	5.05443 7.13205,
	5.03953 7.11902,
	5.03581 7.11157,
	5.03581 7.10785,
	5.0507 7.09668,
	5.05815 7.09295,
	5.06187 7.08923,
	5.06932 7.08737,
	5.07304 7.08737,
	5.07677 7.08364,
	5.07491 7.0762,
	5.07491 7.07247,
	5.08235 7.06503,
	5.09725 7.05572,
	5.10097 7.05572,
	5.114 7.04455,
	5.12145 7.04083,
	5.12517 7.0371,
	5.14006 7.0371,
	5.14379 7.04455,
	5.13262 7.07434,
	5.12517 7.08923,
	5.114 7.10412,
	5.10097 7.13391,
	5.06187 7.19162,
	5.06001 7.20651,
	5.05257 7.22141,
	5.04698 7.22699,
	5.03953 7.22885,
	5.03395 7.22327,
	5.03581 7.20838,
	5.03767 7.20465,
	5.02836 7.19162,
	5.02278 7.18417,
	5.02092 7.16928,
	"/>
<Contour name="d02cfa05" hidden="false" closed="false" simplified="false" border="0 1 1" fill="0 1 1" mode="9"
 points="5.13083 7.03611,
	5.10849 7.07707,
	5.08428 7.12547,
	5.06567 7.16457,
	5.03588 7.22042,
	"/>
<Contour name="d02" hidden="false" closed="true" simplified="true" border="0.5 0 1" fill="0.5 0 1" mode="9"
 points="5.37704 5.06019,
	5.38958 5.04764,
	5.40527 5.02254,
	5.41154 5.01627,
	5.43664 5.0194,
	5.43664 5.0445,
	5.4335 5.05705,
	5.42723 5.06332,
	5.40213 5.07273,
	5.38958 5.07901,
	5.37704 5.07587,
	5.37704 5.06332,
	"/>
<Contour name="d02c07a" hidden="false" closed="true" simplified="true" border="0 1 0" fill="0 1 0" mode="9"
 points="3.71257 5.9233,
	3.72459 5.91128,
	3.82071 5.86923,
	3.84474 5.85721,
	3.86877 5.85121,
	3.88078 5.8452,
	3.92884 5.83619,
	3.9769 5.83619,
	4.00093 5.8422,
	4.01294 5.8482,
	4.061 5.85121,
	4.08503 5.85121,
	4.09104 5.85121,
	4.09705 5.85721,
	4.09705 5.86923,
	4.07602 5.88725,
	4.02796 5.89026,
	4.00393 5.89326,
	3.99192 5.89927,
	3.94386 5.89626,
	3.91983 5.90227,
	3.87177 5.89927,
	3.84774 5.89927,
	3.83873 5.88725,
	3.79067 5.89927,
	3.76664 5.92029,
	3.75462 5.9293,
	3.7306 5.93231,
	3.71858 5.9293,
	3.71257 5.9263,
	"/>
<Contour name="d02cfa07a" hidden="false" closed="false" simplified="false" border="0 1 1" fill="0 1 1" mode="9"
 points="4.09805 5.86098,
	4.07403 5.86098,
	4.00794 5.85798,
	3.93285 5.85197,
	3.86377 5.86098,
	3.8067 5.88501,
	3.72259 5.92706,
	"/>
<Contour name="d02" hidden="false" closed="true" simplified="true" border="0.5 0 1" fill="0.5 0 1" mode="9"
 points="3.48998 6.79141,
	3.52637 6.74179,
	3.53299 6.72856,
	3.5396 6.72194,
	3.59253 6.72194,
	3.619 6.72525,
	3.64546 6.73517,
	3.66862 6.75833,
	3.72155 6.76825,
	3.7447 6.78148,
	3.75463 6.79141,
	3.74801 6.84434,
	3.73478 6.85095,
	3.68185 6.85095,
	3.62892 6.86088,
	3.60246 6.86088,
	3.57599 6.84434,
	3.56938 6.83772,
	3.51645 6.81787,
	3.50322 6.81457,
	3.48998 6.80133,
	3.48998 6.79472,
	"/>
<Contour name="d03" hidden="false" closed="true" simplified="true" border="0 1 0" fill="0 1 0" mode="9"
 points="2.69118 3.09125,
	2.71265 3.06002,
	2.74192 3.03075,
	2.75753 3.01709,
	2.78876 3.01904,
	2.80437 3.01904,
	2.81218 3.01904,
	2.87462 2.97415,
	2.90585 2.95073,
	2.93317 2.88829,
	2.95854 2.85706,
	2.98781 2.82779,
	3.01904 2.80632,
	3.03465 2.79461,
	3.0971 2.79071,
	3.10491 2.79071,
	3.16736 2.76143,
	3.22981 2.73802,
	3.24542 2.73216,
	3.27664 2.73411,
	3.29225 2.73411,
	3.30006 2.73606,
	3.36251 2.77705,
	3.42496 2.83559,
	3.45618 2.84925,
	3.4718 2.85511,
	3.53425 2.90585,
	3.56352 2.93512,
	3.57718 2.95073,
	3.58303 2.95854,
	3.58694 2.96244,
	3.59474 3.02489,
	3.5967 3.08734,
	3.59474 3.10296,
	3.57913 3.11662,
	3.57133 3.12442,
	3.44643 3.14784,
	3.32153 3.18687,
	3.2903 3.19663,
	3.22785 3.2259,
	3.19663 3.24151,
	3.18102 3.24932,
	3.11857 3.26493,
	3.08734 3.27079,
	3.07173 3.27469,
	3.00928 3.25713,
	2.97806 3.24542,
	2.96244 3.23956,
	2.89999 3.18297,
	2.86877 3.1615,
	2.85316 3.14979,
	2.72826 3.10491,
	2.69703 3.09515,
	2.69313 3.0932,
	"/>
<Contour name="d03" hidden="false" closed="true" simplified="true" border="0 1 0" fill="0 1 0" mode="9"
 points="2.96712 2.38283,
	2.9836 2.34227,
	2.99247 2.32199,
	3.03303 2.32072,
	3.07359 2.32199,
	3.09387 2.341,
	3.10401 2.34987,
	3.10655 2.39043,
	3.10655 2.3955,
	3.10655 2.39803,
	3.07359 2.43733,
	3.03303 2.44747,
	3.01275 2.4462,
	3.00261 2.4462,
	2.99754 2.4462,
	2.97726 2.40564,
	2.96712 2.38536,
	2.96712 2.38409,
	"/>
<Contour name="D10" hidden="false" closed="true" simplified="true" border="0 1 1" fill="0 1 1" mode="11"
 points="3.8937 2.66003,
	3.89971 2.60728,
	3.91713 2.5597,
	3.94428 2.52193,
	3.97848 2.49768,
	4.0164 2.48933,
	4.05431 2.49768,
	4.08851 2.52193,
	4.11566 2.5597,
	4.13308 2.60728,
	4.13909 2.66003,
	4.13308 2.71278,
	4.11566 2.76037,
	4.08851 2.79814,
	4.05431 2.82238,
	4.0164 2.83074,
	3.97848 2.82238,
	3.94428 2.79814,
	3.91713 2.76037,
	"/>
<Contour name="d06" hidden="false" closed="true" simplified="true" border="0 0 1" fill="0 0 1" mode="9"
 points="1.69154 7.4684,
	1.7417 7.38201,
	1.74727 7.37086,
	1.74727 7.32627,
	1.7417 7.30398,
	1.74448 7.28169,
	1.76956 7.2371,
	1.78071 7.21481,
	1.79743 7.1953,
	1.81973 7.17579,
	1.86431 7.14792,
	1.88661 7.13399,
	1.97578 7.10612,
	1.99807 7.10055,
	2.02037 7.08662,
	2.03152 7.07826,
	2.05381 7.07826,
	2.06496 7.07826,
	2.06774 7.0894,
	2.07889 7.09498,
	2.08725 7.10612,
	2.09282 7.12842,
	2.09282 7.15071,
	2.09282 7.16186,
	2.08168 7.18415,
	2.06496 7.20645,
	2.06217 7.21202,
	2.0566 7.21202,
	2.03709 7.23153,
	2.02873 7.24267,
	2.02316 7.24825,
	2.02316 7.25939,
	2.04545 7.27333,
	2.0566 7.2789,
	2.06774 7.2789,
	2.07332 7.2789,
	2.09561 7.29562,
	2.10118 7.30119,
	2.10397 7.39037,
	2.11512 7.41266,
	2.1597 7.44332,
	2.17085 7.44889,
	2.19036 7.47118,
	2.2015 7.48233,
	2.19872 7.66068,
	2.19872 7.68297,
	2.19872 7.69412,
	2.19872 7.69969,
	2.20987 7.70805,
	2.20987 7.71363,
	2.22659 7.73592,
	2.26839 7.77215,
	2.27953 7.78051,
	2.28511 7.79166,
	2.3074 7.81395,
	2.31019 7.83624,
	2.3074 7.85854,
	2.29347 7.88083,
	2.28232 7.89198,
	2.27675 7.89198,
	2.25445 7.91148,
	2.23216 7.92263,
	2.18757 7.93099,
	2.16528 7.93099,
	2.14298 7.92542,
	2.12069 7.90591,
	2.0761 7.88083,
	2.0566 7.8669,
	2.04545 7.85854,
	2.00086 7.83903,
	1.98971 7.83346,
	1.97857 7.82231,
	1.97578 7.81674,
	1.97021 7.81674,
	1.92562 7.79166,
	1.90333 7.7833,
	1.85874 7.75264,
	1.81694 7.71363,
	1.77514 7.66904,
	1.73891 7.62724,
	1.71662 7.60495,
	1.71104 7.58265,
	1.70826 7.53806,
	1.70547 7.51577,
	1.69432 7.50462,
	1.69154 7.48233,
	1.69154 7.47118,
	"/>
<Contour name="d06" hidden="false" closed="true" simplified="true" border="0 0 1" fill="0 0 1" mode="9"
 points="2.22937 8.34064,
	2.24609 8.32392,
	2.26839 8.3072,
	2.35756 8.30441,
	2.44674 8.3072,
	2.45231 8.30998,
	2.4551 8.32113,
	2.4969 8.349,
	2.51083 8.37129,
	2.51362 8.41588,
	2.49968 8.46047,
	2.48854 8.46604,
	2.48296 8.46604,
	2.45788 8.51063,
	2.4133 8.5385,
	2.36871 8.5803,
	2.34641 8.59702,
	2.32412 8.5998,
	2.31297 8.5998,
	2.3074 8.5998,
	2.28789 8.5803,
	2.28789 8.57472,
	2.27953 8.56358,
	2.27953 8.4744,
	2.27675 8.42981,
	2.24331 8.38801,
	2.23495 8.37687,
	2.22937 8.35457,
	2.22937 8.34343,
	"/>
<Contour name="d06" hidden="false" closed="true" simplified="true" border="0 0 1" fill="0 0 1" mode="9"
 points="1.14255 7.91984,
	1.15649 7.87526,
	1.15927 7.85296,
	1.17878 7.80838,
	1.18714 7.78608,
	1.19271 7.77494,
	1.19271 7.76936,
	1.21501 7.74985,
	1.2373 7.74428,
	1.32648 7.74428,
	1.37106 7.74428,
	1.38221 7.74428,
	1.38778 7.73871,
	1.41008 7.75264,
	1.42122 7.761,
	1.43237 7.76379,
	1.44909 7.7833,
	1.45745 7.80559,
	1.45745 7.82788,
	1.44631 7.85018,
	1.44352 7.86132,
	1.43516 7.87247,
	1.4268 7.89476,
	1.42401 7.98394,
	1.40729 8.00623,
	1.35713 8.09541,
	1.35156 8.10377,
	1.34041 8.11491,
	1.31812 8.1177,
	1.29582 8.11491,
	1.27353 8.10655,
	1.26796 8.10098,
	1.26517 8.07869,
	1.26517 8.06754,
	1.2596 8.05639,
	1.24845 8.04525,
	1.24009 8.02295,
	1.22894 8.01181,
	1.18435 7.99787,
	1.16206 7.98394,
	1.15091 7.97279,
	1.14255 7.9505,
	1.14255 7.9282,
	1.14255 7.92263,
	"/>
<Contour name="d06c07" hidden="false" closed="true" simplified="true" border="0 1 0" fill="0 1 0" mode="9"
 points="2.20265 8.43139,
	2.21879 8.39911,
	2.23089 8.38701,
	2.26316 8.39104,
	2.28333 8.42332,
	2.29543 8.43945,
	2.3035 8.43945,
	2.31157 8.44752,
	2.31561 8.51207,
	2.31561 8.54434,
	2.3035 8.57662,
	2.3035 8.59275,
	2.29947 8.60082,
	2.2672 8.60082,
	2.25106 8.59275,
	2.23089 8.56048,
	2.21475 8.49593,
	2.21072 8.46366,
	2.20265 8.44752,
	2.20265 8.43542,
	"/>
<Contour name="d06cfa07" hidden="false" closed="false" simplified="false" border="0 1 1" fill="0 1 1" mode="9"
 points="2.29653 8.59933,
	2.26425 8.49444,
	2.22795 8.38552,
	"/>
<Contour name="d06c08" hidden="false" closed="true" simplified="true" border="0 1 0" fill="0 1 0" mode="9"
 points="1.1336 7.97553,
	1.1457 7.96342,
	1.17797 7.96342,
	1.19411 7.96746,
	1.20218 7.97553,
	1.21832 7.97956,
	1.23445 7.9957,
	1.26673 8.0078,
	1.2869 8.02797,
	1.29093 8.04411,
	1.31513 8.07638,
	1.3111 8.10865,
	1.3111 8.12479,
	1.299 8.14093,
	1.28286 8.149,
	1.25059 8.14496,
	1.23445 8.13689,
	1.20218 8.10462,
	1.17797 8.07235,
	1.16184 8.06428,
	1.1457 8.04814,
	1.13763 8.04007,
	1.1336 7.97956,
	"/>
<Contour name="d06cfa08" hidden="false" closed="false" simplified="false" border="0 1 1" fill="0 1 1" mode="9"
 points="1.30412 8.12733,
	1.25168 8.09102,
	1.171 8.01437,
	1.12662 7.97,
	"/>
<Contour name="d07" hidden="false" closed="true" simplified="true" border="1 0 1" fill="1 0 1" mode="9"
 points="2.80881 7.16948,
	2.8404 7.1133,
	2.85445 7.08521,
	2.87903 7.05712,
	2.90711 7.03606,
	3.01947 6.98339,
	3.04755 6.96233,
	3.05809 6.94828,
	3.07213 6.94126,
	3.11075 6.88508,
	3.12128 6.87104,
	3.12831 6.87104,
	3.13533 6.857,
	3.14235 6.87104,
	3.14235 6.87806,
	3.14937 6.88508,
	3.14937 6.94126,
	3.1564 6.9553,
	3.17044 6.96935,
	3.16693 7.0817,
	3.16693 7.10979,
	3.16693 7.12383,
	3.20204 7.18001,
	3.20906 7.2081,
	3.22662 7.23618,
	3.27928 7.28534,
	3.28981 7.29938,
	3.29332 7.32747,
	3.31439 7.38365,
	3.31439 7.43982,
	3.3179 7.46791,
	3.32843 7.496,
	3.33897 7.51004,
	3.34248 7.53813,
	3.34599 7.54866,
	3.37408 7.54866,
	3.40217 7.5592,
	3.43025 7.58377,
	3.44079 7.59782,
	3.44079 7.65399,
	3.44079 7.68208,
	3.41972 7.70315,
	3.31088 7.80497,
	3.28279 7.82603,
	3.26173 7.8471,
	3.2547 7.8471,
	3.20204 7.88572,
	3.18799 7.89274,
	3.13182 7.88923,
	3.11777 7.88572,
	3.10373 7.87168,
	3.09671 7.85763,
	3.09671 7.74528,
	3.0932 7.73124,
	3.04053 7.67506,
	3.04053 7.61888,
	3.04053 7.5908,
	3.05458 7.58026,
	3.05809 7.55218,
	3.05458 7.53813,
	3.02649 7.52058,
	2.9984 7.51355,
	2.94222 7.48547,
	2.91414 7.48196,
	2.88605 7.45738,
	2.872 7.42929,
	2.82636 7.37311,
	2.81934 7.36609,
	2.80881 7.30992,
	2.80881 7.19756,
	2.80881 7.17299,
	"/>
<Contour name="d07" hidden="false" closed="true" simplified="true" border="1 0 1" fill="1 0 1" mode="9"
 points="2.75419 8.48103,
	2.7854 8.46153,
	2.84782 8.43812,
	2.91023 8.42252,
	2.97265 8.3874,
	2.98826 8.3796,
	3.05067 8.3835,
	3.06628 8.39131,
	3.07408 8.39911,
	3.07408 8.40691,
	3.08969 8.41861,
	3.12089 8.42252,
	3.1521 8.44202,
	3.1521 8.47323,
	3.12089 8.49274,
	3.08969 8.52004,
	3.02727 8.54735,
	2.99606 8.55125,
	2.98045 8.55905,
	2.97265 8.55905,
	2.94144 8.58246,
	2.93364 8.59807,
	2.90243 8.62537,
	2.87122 8.63318,
	2.80881 8.62927,
	2.7932 8.61367,
	2.7932 8.58246,
	2.7932 8.56686,
	2.7932 8.55905,
	2.76589 8.53175,
	2.75419 8.51614,
	2.75419 8.48493,
	"/>
<Contour name="d07c11" hidden="false" closed="true" simplified="true" border="1 0 0" fill="0 1 0" mode="9"
 points="2.74405 8.53312,
	2.77141 8.51358,
	2.78704 8.51749,
	2.79877 8.53312,
	2.80268 8.53703,
	2.81831 8.53312,
	2.82613 8.53703,
	2.82613 8.5683,
	2.82613 8.58394,
	2.8105 8.59957,
	2.77923 8.6113,
	2.76359 8.60739,
	2.76359 8.57612,
	2.75968 8.56048,
	2.74795 8.54485,
	2.74405 8.53703,
	"/>
<Contour name="d07cfa11" hidden="false" closed="false" simplified="false" border="0 1 1" fill="0 1 1" mode="9"
 points="2.79246 8.59717,
	2.79246 8.55417,
	2.77291 8.53463,
	2.75728 8.51899,
	"/>
<Contour name="d08" hidden="false" closed="true" simplified="true" border="1 0 0" fill="1 0 0" mode="9"
 points="5.43673 4.99345,
	5.49214 4.88915,
	5.49866 4.86307,
	5.50518 4.85004,
	5.50518 4.79788,
	5.50518 4.77181,
	5.51496 4.75877,
	5.54104 4.75551,
	5.56711 4.76203,
	5.57689 4.76529,
	5.57363 4.77181,
	5.58667 4.79788,
	5.58993 4.90219,
	5.58667 4.95434,
	5.58667 4.96737,
	5.57689 4.99345,
	5.57689 5.00649,
	5.57363 5.01301,
	5.56059 5.01627,
	5.55081 5.0293,
	5.52474 5.04234,
	5.51496 5.04886,
	5.50192 5.0619,
	5.47585 5.06516,
	5.46281 5.0619,
	5.43999 5.03582,
	5.43673 5.00975,
	5.43673 4.99671,
	"/>
<Contour name="d08" hidden="false" closed="true" simplified="true" border="1 0 0" fill="1 0 0" mode="9"
 points="5.04234 4.23074,
	5.05538 4.20467,
	5.07494 4.18511,
	5.11731 4.13622,
	5.14338 4.11014,
	5.16294 4.08733,
	5.18902 4.06451,
	5.20205 4.05473,
	5.2542 4.05473,
	5.28028 4.05147,
	5.38458 4.00258,
	5.41066 3.9928,
	5.46281 3.98629,
	5.48888 3.97977,
	5.54104 3.97977,
	5.55407 3.97977,
	5.60296 3.96021,
	5.70727 3.95695,
	5.75942 3.96021,
	5.78223 3.97977,
	5.79201 3.9928,
	5.79201 4.04496,
	5.79201 4.07103,
	5.77571 4.12318,
	5.77245 4.13622,
	5.74964 4.1623,
	5.70727 4.20467,
	5.68771 4.22748,
	5.68119 4.234,
	5.67467 4.234,
	5.65186 4.25356,
	5.60948 4.30245,
	5.58993 4.32853,
	5.57363 4.34482,
	5.57037 4.35786,
	5.55081 4.38394,
	5.55081 4.39697,
	5.55081 4.40349,
	5.53778 4.41653,
	5.52474 4.44261,
	5.50518 4.46868,
	5.49214 4.49476,
	5.46933 4.52083,
	5.44325 4.53061,
	5.3911 4.53387,
	5.36503 4.53387,
	5.33895 4.52409,
	5.32591 4.51757,
	5.31287 4.50454,
	5.2868 4.50128,
	5.27376 4.50128,
	5.26072 4.4915,
	5.23465 4.48172,
	5.22813 4.4752,
	5.17598 4.50454,
	5.1499 4.50454,
	5.12383 4.49802,
	5.11079 4.48498,
	5.08471 4.47194,
	5.0782 4.47194,
	5.05538 4.44913,
	5.0456 4.42305,
	5.04234 4.39697,
	5.0619 4.34482,
	5.05864 4.33179,
	5.04234 4.30571,
	5.04234 4.25356,
	5.04234 4.24052,
	5.04234 4.234,
	"/>
<Contour name="d08" hidden="false" closed="true" simplified="true" border="1 0 0" fill="1 0 0" mode="9"
 points="4.90443 3.83457,
	4.91333 3.81678,
	4.91777 3.80788,
	4.93334 3.79009,
	4.94002 3.77452,
	4.94002 3.73893,
	4.93779 3.72114,
	4.93779 3.71669,
	4.92 3.70112,
	4.91333 3.69445,
	4.9111 3.67665,
	4.9111 3.66776,
	4.9111 3.66331,
	4.94447 3.62994,
	4.96003 3.61438,
	4.96448 3.61438,
	4.98005 3.60103,
	4.98895 3.59658,
	4.9934 3.59658,
	5.0023 3.58991,
	5.03788 3.58768,
	5.07347 3.58991,
	5.08237 3.58991,
	5.09794 3.60548,
	5.10906 3.62327,
	5.11351 3.62327,
	5.11573 3.65886,
	5.11573 3.67665,
	5.10683 3.69445,
	5.10461 3.70334,
	5.09349 3.72114,
	5.09349 3.73893,
	5.09794 3.75673,
	5.11128 3.77452,
	5.11573 3.78342,
	5.11351 3.819,
	5.11128 3.8279,
	5.10016 3.84347,
	5.0668 3.86349,
	4.99562 3.86349,
	4.97783 3.86349,
	4.96893 3.87016,
	4.95114 3.87683,
	4.93334 3.87683,
	4.92445 3.87683,
	4.92 3.87683,
	4.90665 3.85904,
	4.90443 3.84125,
	4.90443 3.8368,
	"/>
<Contour name="D19" hidden="false" closed="true" simplified="true" border="0 1 0" fill="0 1 0" mode="11"
 points="2.27874 7.22038,
	2.2799 7.1925,
	2.28337 7.16491,
	2.28912 7.13788,
	2.29708 7.11168,
	2.30718 7.08658,
	2.31931 7.06283,
	2.33336 7.04067,
	2.34917 7.02032,
	2.3666 7.002,
	2.38546 6.98588,
	2.40556 6.97213,
	2.42671 6.96088,
	2.44868 6.95226,
	2.47126 6.94634,
	2.49421 6.94319,
	2.51731 6.94284,
	2.54033 6.94529,
	2.56302 6.95052,
	2.58517 6.95848,
	2.60654 6.96908,
	2.62692 6.98221,
	2.64611 6.99776,
	2.66391 7.01555,
	2.68015 7.0354,
	2.69465 7.05713,
	2.70727 7.0805,
	2.71789 7.10529,
	2.7264 7.13124,
	2.7327 7.15809,
	2.73675 7.18557,
	2.73849 7.2134,
	2.73791 7.2413,
	2.73501 7.26898,
	2.72983 7.29618,
	2.72241 7.32262,
	2.71284 7.34802,
	2.7012 7.37213,
	2.68762 7.3947,
	2.67224 7.41552,
	2.6552 7.43437,
	2.63668 7.45106,
	2.61687 7.46541,
	2.59596 7.4773,
	2.57418 7.48659,
	2.55173 7.49319,
	2.52885 7.49703,
	2.50576 7.49808,
	2.4827 7.49633,
	2.45991 7.49179,
	2.4376 7.48451,
	2.41602 7.47457,
	2.39537 7.46205,
	2.37586 7.4471,
	2.35769 7.42985,
	2.34105 7.4105,
	2.3261 7.38922,
	2.313 7.36623,
	2.30187 7.34178,
	2.29283 7.31609,
	2.28596 7.28944,
	2.28135 7.2621,
	"/>
<Contour name="d08ax17" hidden="false" closed="true" simplified="true" border="0 0 1" fill="0 0 1" mode="-11"
 points="3.14263 4.69275,
	3.15323 4.67156,
	3.19298 4.63711,
	3.20093 4.63181,
	3.23538 4.59736,
	3.27512 4.56821,
	3.31752 4.54967,
	3.33872 4.54437,
	3.35992 4.54437,
	3.38111 4.54967,
	3.39171 4.54967,
	3.43411 4.53642,
	3.45531 4.53377,
	3.4977 4.54967,
	3.5083 4.55496,
	3.5189 4.56556,
	3.5242 4.57616,
	3.5295 4.58146,
	3.53745 4.60266,
	3.5401 4.62386,
	3.5348 4.66626,
	3.52155 4.70865,
	3.5083 4.72985,
	3.4924 4.74575,
	3.48181 4.75635,
	3.43941 4.7696,
	3.39701 4.77225,
	3.38641 4.77225,
	3.34667 4.80139,
	3.33607 4.80934,
	3.29367 4.81729,
	3.27247 4.81729,
	3.26187 4.81729,
	3.24068 4.80669,
	3.23008 4.80404,
	3.20888 4.7908,
	3.19828 4.7855,
	3.15853 4.7431,
	3.14793 4.7219,
	3.14263 4.7113,
	3.14263 4.7007,
	3.14263 4.6954,
	"/>
<Contour name="d01p46" hidden="false" closed="true" simplified="false" border="0 0 1" fill="0 0 1" mode="-9"
 points="5.09527 2.36537,
	5.07242 2.34252,
	5.09527 2.31967,
	5.11812 2.34252,
	"/>
<Contour name="d03" hidden="false" closed="true" simplified="true" border="0 1 0" fill="0 1 0" mode="9"
 points="3.39225 3.33457,
	3.4307 3.29062,
	3.47465 3.27689,
	3.56255 3.27414,
	3.6065 3.27414,
	3.62572 3.27689,
	3.63671 3.26865,
	3.8125 3.2659,
	3.85645 3.26315,
	3.9004 3.24118,
	3.91139 3.23019,
	3.92237 3.2247,
	3.9416 3.20272,
	3.96358 3.19448,
	4.00752 3.19723,
	4.0295 3.19998,
	4.03774 3.20822,
	4.04049 3.25216,
	4.02675 3.29611,
	3.98555 3.33457,
	3.96358 3.35105,
	3.87568 3.3895,
	3.78778 3.40873,
	3.69989 3.41148,
	3.61199 3.40873,
	3.56804 3.40598,
	3.48015 3.40873,
	3.4362 3.40873,
	3.41422 3.395,
	3.40324 3.3895,
	3.39774 3.38676,
	3.39225 3.34281,
	3.39225 3.33731,
	"/>
<Contour name="d03" hidden="false" closed="true" simplified="true" border="0 1 0" fill="0 1 0" mode="9"
 points="4.06921 2.30378,
	4.0917 2.28761,
	4.13667 2.27496,
	4.14792 2.27285,
	4.1929 2.27215,
	4.21539 2.26372,
	4.23788 2.25739,
	4.26037 2.25669,
	4.28286 2.25317,
	4.30535 2.24825,
	4.35033 2.25388,
	4.37282 2.25669,
	4.38406 2.25809,
	4.38968 2.2588,
	4.43466 2.27496,
	4.44591 2.27847,
	4.45153 2.28058,
	4.49651 2.30869,
	4.519 2.32275,
	4.53024 2.32978,
	4.53586 2.33329,
	4.53797 2.3354,
	4.55765 2.42536,
	4.55976 2.4366,
	4.56257 2.48158,
	4.56398 2.49283,
	4.5703 2.51532,
	4.57874 2.53781,
	4.57311 2.54905,
	4.57171 2.55186,
	4.54922 2.56803,
	4.53797 2.57435,
	4.53235 2.57787,
	4.52673 2.57927,
	4.50424 2.58068,
	4.45926 2.58138,
	4.43677 2.58208,
	4.41428 2.58138,
	4.40304 2.58068,
	4.39741 2.57998,
	4.35243 2.56311,
	4.32994 2.54694,
	4.28567 2.5118,
	4.23647 2.42185,
	4.22523 2.39936,
	4.21961 2.38811,
	4.21679 2.38249,
	4.20555 2.37265,
	4.19993 2.36773,
	4.19712 2.36562,
	4.17463 2.35859,
	4.16338 2.35508,
	4.14089 2.35016,
	4.12965 2.34805,
	4.08467 2.31853,
	4.07342 2.3108,
	4.07061 2.3094,
	4.06921 2.30799,
	4.06921 2.30518,
	4.06921 2.30448,
	"/>
</Transform>

<Transform dim="6"
 xcoef=" 0.275071827349625 1.01887098385351 0.0408265995553233 0 0 0"
 ycoef=" -0.286810055835361 0.0133364145774749 0.99982060198772 0 0 0">
<Image mag="0.00217507" contrast="0.917" brightness="0.12" red="true" green="true" blue="true"
 src="FHLTD.69.jpg" />
<Contour name="domain1" hidden="false" closed="true" simplified="false" border="1 0 1" fill="1 0 1" mode="11"
 points="0 0,
	4096 0,
	4096 4096,
	0 4096,
	"/>
</Transform>

<Transform dim="0"
 xcoef=" 0 1 0 0 0 0"
 ycoef=" 0 0 1 0 0 0">
<Contour name="ax01" comment="LK bouton trace named after cfa" hidden="false" closed="true" simplified="true" border="0 1 1" fill="0.502 1 1" mode="9"
 points="5.80557 1.92997,
	5.81017 1.91945,
	5.81247 1.91419,
	5.81412 1.90893,
	5.81773 1.88789,
	5.81971 1.87737,
	5.82234 1.86685,
	5.82628 1.85633,
	5.83121 1.84581,
	5.83549 1.83529,
	5.83779 1.83003,
	5.84075 1.81951,
	5.84568 1.80899,
	5.84864 1.80373,
	5.85324 1.79847,
	5.85423 1.79715,
	5.85456 1.79584,
	5.85127 1.78532,
	5.85061 1.78269,
	5.85028 1.77217,
	5.85028 1.76954,
	5.85324 1.75901,
	5.86047 1.73797,
	5.86639 1.71693,
	5.87658 1.69589,
	5.87921 1.69063,
	5.8802 1.688,
	5.88053 1.68669,
	5.87987 1.68406,
	5.87954 1.68274,
	5.88579 1.6617,
	5.8871 1.65644,
	5.89434 1.6354,
	5.90223 1.61436,
	5.90288 1.61173,
	5.91044 1.60121,
	5.91439 1.59595,
	5.92392 1.58543,
	5.92853 1.58017,
	5.92951 1.57885,
	5.93247 1.55781,
	5.93477 1.53677,
	5.93609 1.52625,
	5.93675 1.52362,
	5.94759 1.50258,
	5.95351 1.49206,
	5.95877 1.48154,
	5.96272 1.47102,
	5.96666 1.46576,
	5.97127 1.45524,
	5.97948 1.44472,
	5.98376 1.43946,
	5.98869 1.4342,
	5.99395 1.42993,
	6.00447 1.42401,
	6.00973 1.42138,
	6.01236 1.42006,
	6.01762 1.41875,
	6.02288 1.41579,
	6.02814 1.41152,
	6.03866 1.40823,
	6.04918 1.4056,
	6.07022 1.39574,
	6.07548 1.39376,
	6.07811 1.39311,
	6.07943 1.39311,
	6.08469 1.38982,
	6.08732 1.38785,
	6.09258 1.38522,
	6.09521 1.3839,
	6.09784 1.38324,
	6.09915 1.38324,
	6.10967 1.37733,
	6.13071 1.36878,
	6.13597 1.36549,
	6.14649 1.36023,
	6.15175 1.35793,
	6.16227 1.35628,
	6.1649 1.35596,
	6.17542 1.35661,
	6.18068 1.35694,
	6.1912 1.35596,
	6.20173 1.36154,
	6.20699 1.36516,
	6.20962 1.3668,
	6.21093 1.36746,
	6.21586 1.37272,
	6.21652 1.37404,
	6.22178 1.3793,
	6.2323 1.38423,
	6.24282 1.38752,
	6.25334 1.38916,
	6.2586 1.38949,
	6.26386 1.38916,
	6.27438 1.38719,
	6.31646 1.37437,
	6.32172 1.37272,
	6.32435 1.37207,
	6.32961 1.36944,
	6.34013 1.36253,
	6.34539 1.35891,
	6.34802 1.35661,
	6.35854 1.34971,
	6.37958 1.329,
	6.38484 1.32374,
	6.39536 1.31486,
	6.40062 1.31059,
	6.40588 1.30763,
	6.41114 1.30533,
	6.42167 1.3027,
	6.43219 1.30105,
	6.45323 1.29908,
	6.45849 1.29809,
	6.46901 1.29777,
	6.47427 1.29842,
	6.47953 1.30072,
	6.48216 1.30171,
	6.49268 1.3027,
	6.49531 1.30303,
	6.51635 1.30072,
	6.53739 1.29448,
	6.55843 1.28757,
	6.56369 1.28626,
	6.60577 1.29185,
	6.61629 1.29251,
	6.62681 1.29809,
	6.63733 1.30697,
	6.64259 1.31223,
	6.65048 1.32275,
	6.66034 1.33327,
	6.66297 1.3359,
	6.66429 1.33689,
	6.70637 1.33787,
	6.71689 1.33853,
	6.72741 1.34018,
	6.73004 1.3405,
	6.7353 1.34346,
	6.74056 1.34807,
	6.74319 1.3507,
	6.74615 1.35596,
	6.74845 1.36122,
	6.74648 1.37174,
	6.74615 1.37305,
	6.74714 1.37568,
	6.75568 1.3862,
	6.76588 1.39672,
	6.77508 1.40724,
	6.7764 1.40856,
	6.78823 1.4296,
	6.79053 1.43486,
	6.79152 1.43749,
	6.79086 1.44275,
	6.79086 1.44538,
	6.7902 1.44801,
	6.78494 1.45853,
	6.77442 1.46905,
	6.77179 1.47168,
	6.76916 1.47365,
	6.76029 1.48417,
	6.75273 1.49469,
	6.74418 1.50521,
	6.74089 1.51047,
	6.73925 1.51573,
	6.73662 1.52099,
	6.72971 1.54203,
	6.72741 1.55255,
	6.72643 1.56307,
	6.72741 1.58411,
	6.72774 1.60516,
	6.72708 1.61568,
	6.7261 1.62094,
	6.72347 1.6262,
	6.71985 1.63146,
	6.71525 1.63672,
	6.71262 1.63902,
	6.7021 1.64526,
	6.69158 1.6502,
	6.68106 1.65414,
	6.67054 1.65907,
	6.66528 1.66137,
	6.66265 1.66269,
	6.64391 1.6834,
	6.63339 1.69162,
	6.61235 1.70707,
	6.60709 1.7097,
	6.60446 1.71069,
	6.60018 1.71562,
	6.5581 1.75145,
	6.53706 1.76954,
	6.53213 1.7748,
	6.52522 1.78532,
	6.51996 1.79584,
	6.51799 1.8011,
	6.51536 1.80636,
	6.51207 1.81162,
	6.50714 1.82214,
	6.50353 1.83266,
	6.50254 1.83529,
	6.50221 1.83792,
	6.50188 1.83923,
	6.50188 1.83989,
	6.48281 1.86093,
	6.47328 1.87145,
	6.46802 1.87605,
	6.46276 1.87934,
	6.45224 1.88394,
	6.44172 1.88953,
	6.43646 1.89216,
	6.43383 1.89381,
	6.4312 1.89611,
	6.42988 1.89709,
	6.4266 1.90235,
	6.42561 1.90761,
	6.42331 1.91287,
	6.42035 1.91813,
	6.41673 1.92339,
	6.41147 1.92767,
	6.40621 1.93128,
	6.40358 1.93326,
	6.40095 1.93424,
	6.39569 1.9349,
	6.38517 1.93424,
	6.37991 1.93359,
	6.3786 1.93359,
	6.35756 1.94213,
	6.3523 1.94444,
	6.34704 1.94575,
	6.326 1.94739,
	6.30496 1.9497,
	6.26287 1.95693,
	6.25761 1.95824,
	6.21553 1.97632,
	6.21027 1.97895,
	6.20501 1.98323,
	6.19975 1.98586,
	6.19712 1.98619,
	6.19449 1.98717,
	6.18923 1.99079,
	6.1866 1.99211,
	6.18134 1.99342,
	6.17082 1.99934,
	6.16556 2.00328,
	6.16293 2.00493,
	6.15241 2.00821,
	6.14715 2.00986,
	6.14189 2.01216,
	6.13663 2.0138,
	6.12611 2.01413,
	6.11559 2.0138,
	6.11033 2.01282,
	6.10507 2.01117,
	6.09981 2.01216,
	6.09718 2.01249,
	6.09586 2.01282,
	6.09521 2.01315,
	6.09126 2.01315,
	6.08074 2.01282,
	6.07548 2.01282,
	6.07285 2.01282,
	6.06233 2.01479,
	6.05181 2.01808,
	6.04918 2.01873,
	6.04655 2.02005,
	6.04524 2.02005,
	6.03472 2.02367,
	6.03209 2.02498,
	6.03143 2.02564,
	6.03077 2.02564,
	6.02814 2.02761,
	6.02551 2.02893,
	6.0242 2.02991,
	6.02288 2.03024,
	6.02157 2.03123,
	6.02091 2.03123,
	6.01861 2.03221,
	5.99757 2.03452,
	5.98705 2.03583,
	5.94496 2.03682,
	5.93444 2.03616,
	5.92392 2.03287,
	5.9134 2.02597,
	5.89236 2.01084,
	5.8871 2.0069,
	5.87658 2.00098,
	5.86606 1.99572,
	5.8608 1.99309,
	5.83976 1.98685,
	5.8345 1.98454,
	5.82398 1.97895,
	5.81872 1.97534,
	5.80787 1.9543,
	5.80656 1.95167,
	5.8059 1.95035,
	5.80557 1.93983,
	5.80557 1.93457,
	5.80557 1.93194,
	5.80557 1.93063,
	5.80557 1.9303,
	"/>
</Transform>

<Transform dim="0"
 xcoef=" 0 1 0 0 0 0"
 ycoef=" 0 0 1 0 0 0">
<Contour name="ax05" comment="LK bouton trace named after cfa" hidden="false" closed="true" simplified="true" border="0 1 1" fill="0.502 1 1" mode="9"
 points="2.30246 1.96464,
	2.30643 1.95404,
	2.33028 1.91165,
	2.3316 1.90635,
	2.3316 1.9037,
	2.33425 1.90105,
	2.3369 1.89045,
	2.36075 1.84806,
	2.36869 1.83746,
	2.38989 1.82024,
	2.39519 1.81891,
	2.40049 1.81494,
	2.40579 1.81494,
	2.41506 1.80964,
	2.42036 1.80831,
	2.43096 1.80169,
	2.44156 1.79242,
	2.44686 1.78844,
	2.45745 1.78579,
	2.49985 1.78447,
	2.52104 1.78314,
	2.53164 1.78314,
	2.55284 1.77785,
	2.63762 1.77652,
	2.65882 1.77917,
	2.66942 1.78182,
	2.69061 1.78182,
	2.70121 1.78049,
	2.72241 1.77387,
	2.7436 1.77387,
	2.7542 1.77652,
	2.7648 1.78314,
	2.77407 1.79242,
	2.78335 1.81361,
	2.78865 1.82421,
	2.82839 1.85866,
	2.83766 1.86925,
	2.84031 1.87455,
	2.84296 1.8772,
	2.84296 1.87985,
	2.84561 1.8825,
	2.85224 1.9037,
	2.85356 1.909,
	2.85621 1.91165,
	2.85754 1.91695,
	2.86151 1.92225,
	2.86283 1.92754,
	2.86681 1.93284,
	2.86681 1.93549,
	2.86946 1.93814,
	2.86946 1.94079,
	2.87343 1.94609,
	2.87476 1.95139,
	2.88668 1.97259,
	2.88536 1.99378,
	2.88271 2.00438,
	2.88271 2.00703,
	2.88006 2.00968,
	2.87741 2.02028,
	2.87873 2.04148,
	2.88271 2.06267,
	2.88403 2.08387,
	2.88271 2.10506,
	2.88271 2.11036,
	2.88006 2.11566,
	2.87741 2.13686,
	2.87741 2.17925,
	2.87608 2.20045,
	2.87476 2.21105,
	2.87078 2.22164,
	2.86813 2.22429,
	2.86813 2.22694,
	2.84694 2.24549,
	2.83899 2.25476,
	2.83369 2.25741,
	2.83104 2.26006,
	2.81117 2.26801,
	2.80587 2.27066,
	2.76348 2.26934,
	2.74228 2.26536,
	2.73168 2.26404,
	2.71049 2.25476,
	2.68929 2.24152,
	2.67869 2.23357,
	2.65749 2.22164,
	2.6469 2.21635,
	2.6416 2.21502,
	2.63895 2.21237,
	2.61775 2.2031,
	2.60715 2.19912,
	2.6045 2.19912,
	2.60185 2.19647,
	2.59655 2.19647,
	2.57536 2.18323,
	2.57006 2.17925,
	2.56741 2.1766,
	2.56476 2.1766,
	2.55416 2.16998,
	2.55151 2.16733,
	2.54886 2.16733,
	2.52767 2.15541,
	2.52502 2.15541,
	2.50382 2.13951,
	2.49322 2.13288,
	2.49057 2.13023,
	2.48792 2.13023,
	2.44553 2.10639,
	2.43626 2.09977,
	2.42566 2.09049,
	2.38327 2.07592,
	2.36207 2.0693,
	2.35677 2.06797,
	2.34617 2.06135,
	2.33822 2.05207,
	2.3157 2.01233,
	2.30908 2.00173,
	2.3051 1.99113,
	2.30246 1.98583,
	2.30246 1.96596,
	"/>
</Transform>

<Transform dim="0"
 xcoef=" 0 1 0 0 0 0"
 ycoef=" 0 0 1 0 0 0">
<Contour name="ax06" comment="LK bouton trace named after cfa" hidden="false" closed="true" simplified="true" border="0 1 1" fill="0.502 1 1" mode="9"
 points="4.06028 3.00638,
	4.076 2.9768,
	4.08247 2.96201,
	4.08617 2.94722,
	4.08709 2.93982,
	4.09079 2.93242,
	4.09633 2.92503,
	4.09911 2.91763,
	4.10096 2.91394,
	4.10743 2.90654,
	4.12222 2.89545,
	4.12962 2.88805,
	4.14071 2.87326,
	4.19988 2.84275,
	4.21467 2.83998,
	4.22206 2.83905,
	4.22946 2.84183,
	4.23685 2.84645,
	4.25072 2.86124,
	4.25997 2.87603,
	4.26459 2.88343,
	4.27014 2.89822,
	4.27476 2.9278,
	4.27568 2.9352,
	4.27383 2.94259,
	4.27291 2.94444,
	4.27753 2.95184,
	4.27938 2.95554,
	4.2803 2.96293,
	4.27753 2.97772,
	4.27846 2.98512,
	4.2951 3.0147,
	4.29879 3.0221,
	4.30157 3.03689,
	4.30342 3.04429,
	4.30249 3.07387,
	4.29972 3.08126,
	4.29417 3.08866,
	4.28678 3.09328,
	4.28308 3.09513,
	4.27568 3.09606,
	4.26829 3.09883,
	4.20912 3.09883,
	4.17954 3.09883,
	4.16475 3.09975,
	4.15735 3.1016,
	4.12777 3.10253,
	4.12592 3.10253,
	4.12499 3.10068,
	4.1176 3.10068,
	4.1102 3.0979,
	4.09541 3.08774,
	4.08801 3.08219,
	4.07877 3.0674,
	4.07507 3.0637,
	4.07415 3.06,
	4.06768 3.05261,
	4.0612 3.02302,
	4.06028 3.00823,
	4.06028 3.00731,
	"/>
</Transform>

<Transform dim="0"
 xcoef=" 0 1 0 0 0 0"
 ycoef=" 0 0 1 0 0 0">
<Contour name="ax25" comment="LK bouton trace named after cfa" hidden="false" closed="true" simplified="true" border="0 1 1" fill="0.502 1 1" mode="9"
 points="3.76169 4.31166,
	3.77176 4.29152,
	3.7919 4.27265,
	3.80196 4.26384,
	3.8114 4.25377,
	3.81581 4.24874,
	3.8221 4.23867,
	3.82588 4.23363,
	3.83657 4.2135,
	3.84098 4.20343,
	3.84727 4.19336,
	3.85671 4.18329,
	3.86111 4.17826,
	3.86363 4.17574,
	3.89006 4.13547,
	3.89572 4.1254,
	3.90264 4.11533,
	3.90768 4.1103,
	3.91586 4.09016,
	3.91838 4.08513,
	3.93474 4.06499,
	3.95487 4.04737,
	3.96494 4.04171,
	4.00521 4.02346,
	4.04549 4.01402,
	4.08576 4.00584,
	4.09583 4.00647,
	4.11596 4.01025,
	4.12603 4.01213,
	4.14617 4.01843,
	4.1512 4.02032,
	4.19147 4.02157,
	4.21161 4.02094,
	4.22168 4.01906,
	4.22671 4.01843,
	4.24685 4.00836,
	4.26698 3.99703,
	4.28712 3.98256,
	4.29215 3.97878,
	4.33243 3.9404,
	4.35256 3.92907,
	4.36263 3.92593,
	4.38277 3.92278,
	4.42304 3.92089,
	4.44318 3.92278,
	4.45324 3.92467,
	4.45828 3.92593,
	4.46079 3.92593,
	4.48093 3.93599,
	4.50107 3.94732,
	4.51113 3.95298,
	4.51617 3.95802,
	4.51869 3.96054,
	4.53064 3.98067,
	4.53505 3.99074,
	4.5363 4.01088,
	4.5363 4.01339,
	4.52812 4.03353,
	4.52435 4.0436,
	4.52246 4.04863,
	4.51051 4.06877,
	4.5061 4.07317,
	4.48596 4.08513,
	4.46583 4.09583,
	4.44569 4.10149,
	4.44066 4.10401,
	4.43814 4.10526,
	4.418 4.10715,
	4.40794 4.10778,
	4.3878 4.11219,
	4.37773 4.11533,
	4.36766 4.11974,
	4.3576 4.1254,
	4.33746 4.14113,
	4.32739 4.14805,
	4.31732 4.15686,
	4.30914 4.16693,
	4.30726 4.177,
	4.3104 4.18707,
	4.31292 4.1921,
	4.33306 4.20217,
	4.34312 4.2072,
	4.35319 4.21098,
	4.35823 4.21287,
	4.3985 4.22042,
	4.40857 4.22294,
	4.4136 4.22294,
	4.41863 4.22482,
	4.43877 4.24307,
	4.44318 4.24811,
	4.45387 4.26824,
	4.45954 4.27831,
	4.46079 4.28083,
	4.4652 4.28586,
	4.47149 4.29593,
	4.491 4.31544,
	4.50044 4.32425,
	4.50547 4.33431,
	4.50736 4.33935,
	4.50925 4.34186,
	4.50925 4.34312,
	4.51113 4.34564,
	4.51239 4.35067,
	4.51365 4.35193,
	4.5168 4.37207,
	4.51743 4.39221,
	4.51932 4.40227,
	4.5212 4.40416,
	4.52246 4.4092,
	4.52498 4.41423,
	4.52561 4.41675,
	4.53316 4.42681,
	4.53819 4.43122,
	4.54826 4.43625,
	4.55833 4.44255,
	4.56085 4.4438,
	4.56525 4.44884,
	4.56714 4.45136,
	4.56714 4.45387,
	4.57721 4.45954,
	4.58224 4.46016,
	4.58727 4.46205,
	4.59734 4.46331,
	4.60238 4.46331,
	4.61244 4.46897,
	4.61748 4.47275,
	4.62 4.47401,
	4.62503 4.47904,
	4.6351 4.48659,
	4.64013 4.48848,
	4.64265 4.48911,
	4.64517 4.491,
	4.6502 4.49226,
	4.65146 4.49352,
	4.65649 4.49414,
	4.65901 4.49603,
	4.67915 4.50044,
	4.68921 4.5017,
	4.72949 4.50107,
	4.74962 4.50107,
	4.75969 4.50233,
	4.76472 4.50233,
	4.78486 4.50799,
	4.78612 4.50799,
	4.78864 4.50988,
	4.79115 4.51051,
	4.79619 4.51365,
	4.80059 4.51869,
	4.80185 4.5212,
	4.80248 4.54134,
	4.80059 4.55141,
	4.79933 4.55644,
	4.79808 4.55896,
	4.77857 4.5728,
	4.77353 4.57595,
	4.76913 4.58098,
	4.76661 4.58602,
	4.75843 4.59608,
	4.7383 4.61119,
	4.72823 4.61496,
	4.72319 4.61685,
	4.70306 4.62063,
	4.69299 4.62188,
	4.65272 4.62251,
	4.63258 4.62063,
	4.62755 4.61937,
	4.62503 4.61811,
	4.62 4.61748,
	4.60993 4.61182,
	4.59986 4.60364,
	4.58979 4.59671,
	4.56966 4.58602,
	4.56462 4.58413,
	4.54449 4.58098,
	4.53442 4.57909,
	4.52938 4.57909,
	4.50925 4.57595,
	4.49918 4.57595,
	4.48911 4.57406,
	4.46897 4.56714,
	4.45891 4.56399,
	4.44884 4.55896,
	4.43877 4.55204,
	4.43374 4.54826,
	4.42367 4.5426,
	4.40353 4.52875,
	4.3985 4.52561,
	4.39346 4.52372,
	4.38843 4.51932,
	4.37836 4.51365,
	4.36892 4.50673,
	4.34879 4.49666,
	4.32865 4.491,
	4.32362 4.48911,
	4.31858 4.48848,
	4.31355 4.48911,
	4.30348 4.49289,
	4.29341 4.49792,
	4.28334 4.50044,
	4.27831 4.50044,
	4.26824 4.50421,
	4.26321 4.50673,
	4.25314 4.50862,
	4.21287 4.51051,
	4.21035 4.51051,
	4.20028 4.50673,
	4.19525 4.50484,
	4.19273 4.50358,
	4.15246 4.50044,
	4.13232 4.50233,
	4.12225 4.50421,
	4.11722 4.50484,
	4.10715 4.50862,
	4.09708 4.51051,
	4.07695 4.5168,
	4.07191 4.51869,
	4.05178 4.5212,
	4.04171 4.52246,
	4.02157 4.52057,
	4.00144 4.51743,
	3.9964 4.5168,
	3.97627 4.51051,
	3.95613 4.5017,
	3.94606 4.49729,
	3.94103 4.49477,
	3.92089 4.47715,
	3.91208 4.46709,
	3.89761 4.44695,
	3.89069 4.43688,
	3.88188 4.42681,
	3.86174 4.41675,
	3.82147 4.40227,
	3.8114 4.39976,
	3.80133 4.39535,
	3.79127 4.38969,
	3.78623 4.38654,
	3.77805 4.37647,
	3.77365 4.37144,
	3.76421 4.3513,
	3.76295 4.34627,
	3.76169 4.32613,
	3.76169 4.31607,
	3.76169 4.31355,
	3.76169 4.31229,
	"/>
</Transform>

<Transform dim="0"
 xcoef=" 0 1 0 0 0 0"
 ycoef=" 0 0 1 0 0 0">
<Contour name="ax28" comment="LK bouton trace named after cfa" hidden="false" closed="true" simplified="true" border="0 1 1" fill="0.502 1 1" mode="9"
 points="5.64064 2.91657,
	5.64634 2.89835,
	5.64975 2.88923,
	5.64975 2.88696,
	5.65146 2.8824,
	5.6526 2.87329,
	5.6526 2.86418,
	5.65203 2.85962,
	5.65203 2.85734,
	5.65032 2.85278,
	5.65032 2.85051,
	5.64805 2.84595,
	5.64748 2.83684,
	5.64748 2.83228,
	5.64805 2.83114,
	5.64577 2.82659,
	5.64349 2.81747,
	5.64349 2.80836,
	5.64349 2.8038,
	5.65032 2.78558,
	5.65203 2.78102,
	5.65773 2.77191,
	5.66171 2.76735,
	5.67994 2.75482,
	5.68905 2.75198,
	5.69133 2.75027,
	5.70956 2.74457,
	5.71867 2.74116,
	5.72095 2.74059,
	5.7255 2.73774,
	5.73461 2.73432,
	5.73917 2.73261,
	5.74145 2.73147,
	5.75967 2.73034,
	5.76879 2.73204,
	5.77334 2.73375,
	5.78246 2.74059,
	5.78644 2.74514,
	5.78929 2.7497,
	5.79555 2.76792,
	5.79954 2.77704,
	5.80467 2.78615,
	5.80865 2.79526,
	5.8115 2.80437,
	5.81264 2.81349,
	5.81378 2.81576,
	5.81435 2.83399,
	5.81378 2.85221,
	5.81207 2.87044,
	5.81093 2.90689,
	5.80808 2.92511,
	5.80695 2.93423,
	5.80808 2.95245,
	5.80752 2.97068,
	5.80581 2.97523,
	5.80467 2.98435,
	5.80353 2.98549,
	5.80239 2.9946,
	5.79726 3.00371,
	5.79442 3.00827,
	5.78587 3.01681,
	5.78132 3.01966,
	5.7722 3.0208,
	5.76765 3.0208,
	5.76537 3.0208,
	5.75626 3.01795,
	5.7517 3.01567,
	5.74714 3.01225,
	5.74487 3.01111,
	5.74259 3.00884,
	5.73348 3.00371,
	5.72892 3.00143,
	5.72436 3.00086,
	5.71981 3.00143,
	5.71753 3.00143,
	5.71297 3.00314,
	5.70386 3.00371,
	5.6993 3.00371,
	5.69703 3.00371,
	5.68791 2.99915,
	5.6788 2.99232,
	5.67424 2.98776,
	5.66684 2.97865,
	5.65431 2.96043,
	5.65089 2.95587,
	5.64235 2.93764,
	5.64064 2.92853,
	5.64064 2.91942,
	5.64064 2.91714,
	"/>
</Transform>

</Section>