<?xml version="1.0"?>
<!DOCTYPE Section SYSTEM "section.dtd">

<Section index="43" thickness="0.045" alignLocked="true">
<Transform dim="1"
 xcoef=" -1.14 1 0 0 0 0"
 ycoef=" -0.53 0 1 0 0 0">
<Contour name="D05" hidden="false" closed="true" simplified="true" border="1 1 0" fill="1 1 0" mode="-9"
 points="2.15299 4.10404,
	2.16475 4.03163,
	2.19888 3.96632,
	2.25205 3.91448,
	2.31904 3.8812,
	2.39329 3.86974,
	2.46755 3.8812,
	2.53454 3.91448,
	2.58771 3.96632,
	2.62184 4.03163,
	2.6336 4.10404,
	2.62184 4.17644,
	2.58771 4.24175,
	2.53454 4.29359,
	2.46755 4.32687,
	2.39329 4.33833,
	2.31904 4.32687,
	2.25205 4.29359,
	2.19888 4.24175,
	"/>
</Transform>

<Transform dim="0"
 xcoef=" 0 1 0 0 0 0"
 ycoef=" 0 0 1 0 0 0">
<Contour name="d01" hidden="false" closed="true" simplified="true" border="1 0.5 0" fill="1 0.5 0" mode="-11"
 points="4.96944 1.7393,
	4.9853 1.72344,
	5.00116 1.68115,
	5.00116 1.67058,
	5.0223 1.64943,
	5.03288 1.63886,
	5.01702 1.59656,
	5.03816 1.55427,
	5.05931 1.53841,
	5.0646 1.51726,
	5.09103 1.47497,
	5.10689 1.45382,
	5.11746 1.44325,
	5.15975 1.43268,
	5.32893 1.34281,
	5.37122 1.32695,
	5.41351 1.32166,
	5.45581 1.3058,
	5.47695 1.30051,
	5.48753 1.30051,
	5.4981 1.28994,
	5.58269 1.27937,
	5.60383 1.26879,
	5.61441 1.25822,
	5.62498 1.25822,
	5.66199 1.2265,
	5.68313 1.2265,
	5.76772 1.19478,
	5.8523 1.17363,
	5.8946 1.16306,
	5.91574 1.16306,
	5.92103 1.18421,
	5.91574 1.20535,
	5.88402 1.23707,
	5.87874 1.27937,
	5.86816 1.27408,
	5.86816 1.35866,
	5.86816 1.40096,
	5.87874 1.44325,
	5.92632 1.52784,
	5.94746 1.54898,
	5.98976 1.55956,
	6.0109 1.57013,
	6.02676 1.59128,
	6.02676 1.61242,
	6.03734 1.63357,
	6.03734 1.71816,
	6.03734 1.76045,
	6.02676 1.80274,
	5.97918 1.88733,
	5.94218 1.97191,
	5.92632 1.98777,
	5.84173 1.99835,
	5.79944 2.00363,
	5.77829 2.01949,
	5.76772 2.06179,
	5.75714 2.08293,
	5.74657 2.09351,
	5.736 2.09351,
	5.71485 2.10937,
	5.70428 2.11465,
	5.6937 2.15695,
	5.62498 2.23625,
	5.61969 2.24682,
	5.59855 2.24682,
	5.52453 2.17809,
	5.48224 2.17281,
	5.46109 2.16752,
	5.42409 2.1358,
	5.38179 2.11994,
	5.36065 2.11994,
	5.31835 2.1358,
	5.23905 2.11465,
	5.19676 2.08293,
	5.17561 2.07765,
	5.13332 2.05121,
	5.12275 2.05121,
	5.08046 2.02478,
	5.04345 2.00892,
	5.00116 1.98249,
	4.98001 1.96663,
	4.9853 1.92433,
	5.00116 1.88204,
	5.02759 1.83975,
	5.03288 1.8186,
	5.01702 1.77631,
	4.97472 1.76045,
	4.96944 1.74459,
	"/>
</Transform>

<Transform dim="0"
 xcoef=" 0 1 0 0 0 0"
 ycoef=" 0 0 1 0 0 0">
<Contour name="d02" hidden="false" closed="true" simplified="true" border="0.5 0 1" fill="0.5 0 1" mode="9"
 points="4.55408 5.79269,
	4.57285 5.74265,
	4.5791 5.6926,
	4.5791 5.66758,
	4.5791 5.65507,
	4.62289 5.61128,
	4.67294 5.59877,
	4.87312 5.58626,
	4.97321 5.56123,
	5.06704 5.48617,
	5.16713 5.44238,
	5.21717 5.39859,
	5.22969 5.39859,
	5.32352 5.32978,
	5.37356 5.2985,
	5.57374 5.21092,
	5.67383 5.17964,
	5.69886 5.17339,
	5.71762 5.15462,
	5.76767 5.14211,
	5.8052 5.09206,
	5.85525 5.06078,
	5.86776 5.06704,
	5.9178 5.017,
	5.94283 4.99823,
	5.99287 4.98572,
	6.01789 4.99197,
	6.04917 5.04202,
	6.06794 5.09206,
	6.07419 5.11709,
	6.05543 5.13585,
	6.0304 5.14211,
	6.01789 5.14211,
	6.00538 5.15462,
	5.99287 5.15462,
	5.93657 5.24845,
	5.9178 5.27348,
	5.86776 5.30475,
	5.81771 5.32352,
	5.79269 5.32978,
	5.7489 5.37356,
	5.73639 5.37356,
	5.6926 5.41735,
	5.68635 5.51744,
	5.68635 5.54247,
	5.65507 5.59251,
	5.65507 5.60502,
	5.62379 5.65507,
	5.52996 5.7489,
	5.50493 5.77392,
	5.45489 5.8052,
	5.42987 5.82397,
	5.41735 5.82397,
	5.39233 5.84899,
	5.38608 5.87401,
	5.34854 5.92406,
	5.2985 5.96785,
	5.24845 5.99287,
	5.14836 6.01789,
	5.09832 6.0304,
	5.0733 6.03666,
	5.04202 6.0867,
	5.017 6.18679,
	5.00448 6.1993,
	4.97946 6.1993,
	4.92942 6.17428,
	4.90439 6.16177,
	4.88563 6.11173,
	4.87937 6.09922,
	4.77928 6.09922,
	4.75426 6.09922,
	4.748 6.04917,
	4.75426 6.02415,
	4.77928 5.99913,
	4.82933 5.96785,
	4.85435 5.96785,
	4.86686 5.96785,
	4.96695 5.88652,
	5.01074 5.84899,
	5.02325 5.83648,
	5.017 5.78643,
	4.93567 5.6926,
	4.91691 5.66758,
	4.89188 5.65507,
	4.84184 5.65507,
	4.74175 5.71137,
	4.71673 5.73639,
	4.69796 5.7489,
	4.66668 5.79895,
	4.65417 5.82397,
	4.62915 5.84274,
	4.5791 5.84274,
	4.55408 5.82397,
	4.55408 5.79895,
	"/>
</Transform>

<Transform dim="0"
 xcoef=" 0 1 0 0 0 0"
 ycoef=" 0 0 1 0 0 0">
<Contour name="d02" hidden="false" closed="true" simplified="true" border="0.5 0 1" fill="0.5 0 1" mode="9"
 points="3.17785 6.0304,
	3.19036 6.01789,
	3.29045 6.00538,
	3.34049 5.99287,
	3.44058 5.98661,
	3.54067 5.94908,
	3.5657 5.94283,
	3.69706 5.7489,
	3.72209 5.69886,
	3.75962 5.64881,
	3.78464 5.54872,
	3.79715 5.44863,
	3.80966 5.43612,
	3.82217 5.43612,
	3.83469 5.42361,
	3.8472 5.42361,
	3.9035 5.5237,
	3.90975 5.72388,
	3.93478 5.75516,
	3.93478 5.78018,
	3.92226 5.8052,
	3.87222 5.84899,
	3.83469 5.89904,
	3.80966 5.94908,
	3.70957 5.99913,
	3.60948 6.0304,
	3.50939 6.03666,
	3.45935 6.04291,
	3.43433 6.05543,
	3.42182 6.06794,
	3.32173 6.07419,
	3.27168 6.0867,
	3.22164 6.0867,
	3.19661 6.08045,
	3.17785 6.05543,
	3.17785 6.03666,
	"/>
</Transform>

<Transform dim="0"
 xcoef=" 0 1 0 0 0 0"
 ycoef=" 0 0 1 0 0 0">
<Contour name="d02p01" hidden="false" closed="true" simplified="false" border="1 0.5 0" fill="1 0.5 0" mode="9"
 points="4.95186 5.61266,
	4.94023 5.60879,
	4.95186 5.60491,
	4.94411 5.59329,
	4.95573 5.60104,
	4.95961 5.58941,
	4.96348 5.60104,
	4.97511 5.59329,
	4.96736 5.60491,
	4.97898 5.60879,
	4.96736 5.61266,
	4.97511 5.62429,
	4.96348 5.61654,
	4.95961 5.62816,
	4.95573 5.61654,
	4.94411 5.62429,
	"/>
</Transform>

<Transform dim="0"
 xcoef=" 0 1 0 0 0 0"
 ycoef=" 0 0 1 0 0 0">
<Contour name="d02cfa01" hidden="false" closed="false" simplified="false" border="0 1 1" fill="0 1 1" mode="9"
 points="4.60558 5.65982,
	4.58272 5.72268,
	4.58272 5.79696,
	"/>
</Transform>

<Transform dim="0"
 xcoef=" 0 1 0 0 0 0"
 ycoef=" 0 0 1 0 0 0">
<Contour name="d02c01" hidden="false" closed="true" simplified="true" border="0 1 0" fill="0 1 0" mode="9"
 points="4.56487 5.73348,
	4.57035 5.71887,
	4.57583 5.68966,
	4.57948 5.67505,
	4.58313 5.66775,
	4.61052 5.64401,
	4.61783 5.64401,
	4.6233 5.64949,
	4.62148 5.6787,
	4.61235 5.69148,
	4.60687 5.69879,
	4.60504 5.70609,
	4.6087 5.7207,
	4.60687 5.74991,
	4.60139 5.76452,
	4.59957 5.77913,
	4.59409 5.78643,
	4.59226 5.79374,
	4.58678 5.80104,
	4.57948 5.80469,
	4.57218 5.80287,
	4.5667 5.78826,
	4.56487 5.75904,
	4.56487 5.74444,
	4.56487 5.73713,
	4.56487 5.73531,
	"/>
</Transform>

<Transform dim="0"
 xcoef=" 0 1 0 0 0 0"
 ycoef=" 0 0 1 0 0 0">
<Contour name="d02c02" hidden="false" closed="true" simplified="true" border="0 1 0" fill="0 1 0" mode="9"
 points="3.25081 6.01842,
	3.25798 6.00885,
	3.29626 6.00168,
	3.33453 5.98972,
	3.3441 5.98493,
	3.38237 5.98732,
	3.40151 5.9945,
	3.42064 5.99211,
	3.49719 5.96819,
	3.57374 5.93709,
	3.60962 5.9036,
	3.61679 5.88447,
	3.62875 5.86533,
	3.63354 5.86294,
	3.63354 5.85815,
	3.68616 5.78161,
	3.69095 5.77204,
	3.70052 5.76247,
	3.73161 5.68592,
	3.73879 5.67636,
	3.75553 5.63808,
	3.76749 5.61895,
	3.78424 5.59981,
	3.79141 5.58067,
	3.7962 5.57828,
	3.80337 5.58785,
	3.80098 5.62612,
	3.7962 5.64526,
	3.7962 5.6644,
	3.78663 5.70267,
	3.77945 5.72181,
	3.77945 5.73137,
	3.76749 5.75051,
	3.76032 5.76965,
	3.75553 5.77921,
	3.7364 5.79835,
	3.70769 5.83423,
	3.68616 5.87251,
	3.67659 5.88207,
	3.67181 5.88207,
	3.66463 5.89164,
	3.65746 5.91078,
	3.62397 5.94666,
	3.61919 5.94666,
	3.60962 5.95623,
	3.57134 5.96819,
	3.55221 5.96819,
	3.54742 5.9658,
	3.53786 5.97058,
	3.52829 5.97058,
	3.5235 5.97058,
	3.51393 5.97776,
	3.4948 5.98254,
	3.45653 6.00407,
	3.43739 6.01124,
	3.36084 6.01124,
	3.32257 6.00885,
	3.2843 6.01124,
	3.27473 6.01124,
	3.26994 6.01124,
	3.26755 6.01603,
	3.26277 6.01603,
	3.25559 6.0232,
	3.2532 6.02081,
	"/>
</Transform>

<Transform dim="0"
 xcoef=" 0 1 0 0 0 0"
 ycoef=" 0 0 1 0 0 0">
<Contour name="d02cfa02" hidden="false" closed="false" simplified="false" border="0 1 1" fill="0 1 1" mode="9"
 points="3.25674 6.01883,
	3.26631 6.00927,
	3.31415 6.00448,
	3.35482 5.9997,
	3.41701 5.99491,
	3.4816 5.97578,
	3.54857 5.95425,
	3.59881 5.92794,
	3.63947 5.89445,
	3.67057 5.83943,
	3.69927 5.79398,
	3.73516 5.727,
	3.76386 5.66481,
	3.79496 5.58109,
	"/>
</Transform>

<Transform dim="0"
 xcoef=" 0 1 0 0 0 0"
 ycoef=" 0 0 1 0 0 0">
<Contour name="d02c40" hidden="false" closed="true" simplified="true" border="0 1 0" fill="0 1 0" mode="9"
 points="4.86517 5.95516,
	4.89285 5.92748,
	4.92053 5.91018,
	4.94822 5.88596,
	4.9759 5.86865,
	5.00012 5.84443,
	5.0105 5.81675,
	5.01396 5.78907,
	5.00012 5.7337,
	4.9932 5.70602,
	4.96898 5.6818,
	4.95514 5.67142,
	4.95168 5.64374,
	4.96206 5.62989,
	4.9759 5.62643,
	5.00358 5.65412,
	5.0278 5.70948,
	5.04511 5.73716,
	5.05549 5.76485,
	5.05895 5.82021,
	5.05895 5.83405,
	5.05895 5.84097,
	5.07279 5.85481,
	5.07279 5.86865,
	5.07279 5.87558,
	5.04511 5.89288,
	5.03126 5.8998,
	5.0278 5.91364,
	5.00012 5.93094,
	4.98628 5.9344,
	4.96206 5.95862,
	4.93438 5.97592,
	4.92053 5.98284,
	4.89285 5.98284,
	4.88593 5.9863,
	4.87209 5.97592,
	4.86517 5.969,
	4.86517 5.95862,
	"/>
</Transform>

<Transform dim="0"
 xcoef=" 0 1 0 0 0 0"
 ycoef=" 0 0 1 0 0 0">
<Contour name="d02cfa40" hidden="false" closed="false" simplified="false" border="0 1 1" fill="0 1 1" mode="9"
 points="4.96111 5.63502,
	4.99225 5.65925,
	5.0234 5.72153,
	5.0407 5.7942,
	5.03378 5.85302,
	4.98187 5.91877,
	4.87806 5.97067,
	"/>
</Transform>

<Transform dim="0"
 xcoef=" 0 1 0 0 0 0"
 ycoef=" 0 0 1 0 0 0">
<Contour name="d03" hidden="false" closed="true" simplified="true" border="0 1 0" fill="0 1 0" mode="9"
 points="2.76928 3.23344,
	2.78857 3.21777,
	2.80786 3.2045,
	2.82715 3.18883,
	2.9031 3.11167,
	2.91636 3.09238,
	2.91998 3.08877,
	2.93927 3.08515,
	2.94892 3.08394,
	2.9875 3.06948,
	2.99714 3.06586,
	3.00196 3.06345,
	3.02005 3.04416,
	3.03934 3.02849,
	3.07792 3.00076,
	3.09721 2.98629,
	3.13579 2.96459,
	3.14543 2.95856,
	3.15025 2.95615,
	3.1828 2.91757,
	3.20209 2.91636,
	3.21174 2.91636,
	3.23103 2.92239,
	3.24067 2.9248,
	3.25996 2.94289,
	3.26961 2.95253,
	3.27564 2.96218,
	3.28769 3.00076,
	3.2901 3.0104,
	3.29131 3.01522,
	3.34918 3.09238,
	3.38896 3.16954,
	3.39861 3.18883,
	3.44804 3.26599,
	3.46009 3.28528,
	3.47215 3.32386,
	3.47456 3.3335,
	3.47577 3.33833,
	3.51314 3.37088,
	3.53243 3.38776,
	3.54207 3.39499,
	3.56257 3.43357,
	3.57101 3.45286,
	3.57342 3.45768,
	3.56136 3.49626,
	3.55654 3.51555,
	3.55172 3.5252,
	3.52158 3.56378,
	3.50591 3.58307,
	3.46733 3.60838,
	3.44804 3.62044,
	3.43839 3.62526,
	3.39981 3.63129,
	3.38052 3.63491,
	3.37088 3.63732,
	3.3323 3.63129,
	3.31301 3.62767,
	3.30336 3.62647,
	3.26479 3.63129,
	3.18763 3.63491,
	3.16834 3.63611,
	3.15869 3.63611,
	3.12011 3.62888,
	3.10082 3.62526,
	3.09118 3.62406,
	3.07189 3.61321,
	3.06224 3.60718,
	3.04657 3.58909,
	3.02005 3.55051,
	2.9887 3.51314,
	2.95012 3.48782,
	2.93083 3.47336,
	2.90793 3.43598,
	2.88864 3.42031,
	2.87899 3.41307,
	2.87417 3.40946,
	2.85367 3.37088,
	2.84403 3.3323,
	2.84282 3.31301,
	2.84282 3.30336,
	2.84282 3.30095,
	2.82715 3.28166,
	2.81992 3.27322,
	2.78134 3.25032,
	2.7741 3.24067,
	2.77049 3.23585,
	2.77049 3.23465,
	"/>
</Transform>

<Transform dim="0"
 xcoef=" 0 1 0 0 0 0"
 ycoef=" 0 0 1 0 0 0">
<Contour name="d01rs01" comment="3sept2016KHchecked not by a synapse" hidden="false" closed="true" simplified="false" border="1 0 1" fill="1 0 1" mode="9"
 points="5.7702 1.40452,
	5.7702 1.39669,
	5.77802 1.38887,
	5.78585 1.38887,
	5.79367 1.39669,
	5.79367 1.40452,
	5.78585 1.41234,
	5.77802 1.41234,
	"/>
</Transform>

<Transform dim="0"
 xcoef=" 0 1 0 0 0 0"
 ycoef=" 0 0 1 0 0 0">
<Contour name="d01rs03" comment="3sept2016KHchecked not by a synapse" hidden="false" closed="true" simplified="false" border="1 0 1" fill="1 0 1" mode="9"
 points="5.22751 1.98294,
	5.22751 1.97489,
	5.23555 1.96685,
	5.24359 1.96685,
	5.25163 1.97489,
	5.25163 1.98294,
	5.24359 1.99098,
	5.23555 1.99098,
	"/>
<Contour name="d01rs03" comment="3sept2016KHchecked not by a synapse" hidden="false" closed="true" simplified="false" border="1 0 1" fill="1 0 1" mode="9"
 points="5.25364 1.99098,
	5.25364 1.98294,
	5.26168 1.97489,
	5.26972 1.97489,
	5.27776 1.98294,
	5.27776 1.99098,
	5.26972 1.99902,
	5.26168 1.99902,
	"/>
<Contour name="d01rs03" comment="3sept2016KHchecked not by a synapse" hidden="false" closed="true" simplified="false" border="1 0 1" fill="1 0 1" mode="9"
 points="5.28178 1.98696,
	5.28178 1.97892,
	5.28982 1.97087,
	5.29786 1.97087,
	5.3059 1.97892,
	5.3059 1.98696,
	5.29786 1.995,
	5.28982 1.995,
	"/>
<Contour name="d01rs03" comment="3sept2016KHchecked not by a synapse" hidden="false" closed="true" simplified="false" border="1 0 1" fill="1 0 1" mode="9"
 points="5.28178 2.01108,
	5.28178 2.00304,
	5.28982 1.995,
	5.29786 1.995,
	5.3059 2.00304,
	5.3059 2.01108,
	5.29786 2.01912,
	5.28982 2.01912,
	"/>
<Contour name="d01rs03" comment="3sept2016KHchecked not by a synapse" hidden="false" closed="true" simplified="false" border="1 0 1" fill="1 0 1" mode="9"
 points="5.23957 2.02917,
	5.23957 2.02113,
	5.24761 2.01309,
	5.25565 2.01309,
	5.26369 2.02113,
	5.26369 2.02917,
	5.25565 2.03721,
	5.24761 2.03721,
	"/>
</Transform>

<Transform dim="0"
 xcoef=" 0 1 0 0 0 0"
 ycoef=" 0 0 1 0 0 0">
<Contour name="d03" hidden="false" closed="true" simplified="true" border="0 1 0" fill="0 1 0" mode="9"
 points="2.33268 3.37416,
	2.37519 3.34493,
	2.38051 3.33962,
	2.42302 3.33165,
	2.43364 3.32899,
	2.44427 3.32102,
	2.44958 3.31305,
	2.47084 3.29445,
	2.49209 3.28117,
	2.51335 3.2732,
	2.5346 3.27054,
	2.53992 3.2732,
	2.54257 3.28382,
	2.55054 3.28648,
	2.56117 3.29445,
	2.56383 3.33696,
	2.5346 3.37681,
	2.51335 3.39541,
	2.47615 3.42198,
	2.39113 3.42464,
	2.36988 3.42464,
	2.35925 3.42198,
	2.34863 3.41401,
	2.33534 3.39275,
	2.33268 3.38213,
	2.33268 3.37681,
	"/>
</Transform>

<Transform dim="0"
 xcoef=" 0 1 0 0 0 0"
 ycoef=" 0 0 1 0 0 0">
<Contour name="d06" hidden="false" closed="true" simplified="true" border="0 0 1" fill="0 0 1" mode="9"
 points="1.41301 7.66692,
	1.42734 7.64399,
	1.4388 7.63252,
	1.48466 7.60099,
	1.50759 7.58953,
	1.51905 7.5838,
	1.56491 7.5838,
	1.57638 7.58953,
	1.58211 7.58953,
	1.59071 7.60099,
	1.59357 7.60673,
	1.5993 7.60673,
	1.6079 7.61819,
	1.60504 7.64112,
	1.60504 7.65258,
	1.58497 7.66692,
	1.53912 7.66692,
	1.51619 7.66692,
	1.50472 7.66978,
	1.46173 7.70131,
	1.4388 7.70418,
	1.42734 7.70131,
	1.41587 7.69271,
	1.41301 7.66978,
	"/>
<Contour name="d06" hidden="false" closed="true" simplified="true" border="0 0 1" fill="0 0 1" mode="9"
 points="1.86012 7.64685,
	1.92031 7.56087,
	1.92891 7.5494,
	1.97477 7.52074,
	1.98623 7.51214,
	1.9977 7.50928,
	2.00343 7.50355,
	2.18686 7.49781,
	2.27858 7.46055,
	2.28718 7.46342,
	2.28431 7.46629,
	2.33017 7.46915,
	2.34163 7.46915,
	2.36456 7.47775,
	2.37603 7.48062,
	2.38749 7.48921,
	2.40755 7.53507,
	2.42189 7.558,
	2.44195 7.58093,
	2.44481 7.60386,
	2.44768 7.61532,
	2.46774 7.63825,
	2.47634 7.66118,
	2.4964 7.68125,
	2.505 7.69271,
	2.50787 7.78443,
	2.50214 7.79589,
	2.47921 7.80736,
	2.45628 7.81309,
	2.36456 7.81309,
	2.3187 7.81595,
	2.27285 7.83602,
	2.22699 7.85035,
	2.18113 7.85035,
	2.1582 7.85035,
	2.14674 7.85035,
	2.12667 7.83029,
	2.11807 7.81882,
	2.11234 7.81309,
	2.10948 7.80162,
	2.08941 7.78156,
	2.07508 7.75863,
	2.06648 7.74717,
	2.04642 7.73284,
	2.03496 7.72137,
	2.02922 7.71564,
	2.02636 7.70418,
	2.01776 7.69271,
	1.99483 7.68411,
	1.90311 7.68411,
	1.88019 7.68411,
	1.86012 7.66978,
	1.86012 7.64972,
	"/>
</Transform>

<Transform dim="0"
 xcoef=" 0 1 0 0 0 0"
 ycoef=" 0 0 1 0 0 0">
<Contour name="d06" hidden="false" closed="true" simplified="true" border="0 0 1" fill="0 0 1" mode="9"
 points="1.30982 7.70418,
	1.35568 7.67551,
	1.40154 7.67838,
	1.41301 7.68125,
	1.43593 7.69844,
	1.4474 7.70418,
	1.45313 7.70418,
	1.4646 7.71564,
	1.48466 7.7271,
	1.49612 7.73284,
	1.50472 7.7443,
	1.50759 7.79016,
	1.51045 7.81309,
	1.53052 7.83315,
	1.57638 7.83602,
	1.58784 7.83888,
	1.59644 7.86181,
	1.5993 7.87328,
	1.59357 7.88474,
	1.57064 7.88761,
	1.55918 7.89047,
	1.54771 7.89907,
	1.53625 7.90194,
	1.52478 7.91054,
	1.51332 7.93347,
	1.49612 7.9564,
	1.48466 7.96786,
	1.47319 7.97359,
	1.38148 7.97073,
	1.35855 7.97073,
	1.34708 7.97073,
	1.33562 7.96499,
	1.33562 7.87328,
	1.33562 7.85035,
	1.33562 7.83888,
	1.32416 7.81595,
	1.31556 7.7701,
	1.30982 7.74717,
	1.30982 7.72424,
	1.30982 7.71277,
	1.30982 7.70704,
	"/>
</Transform>

<Transform dim="0"
 xcoef=" 0 1 0 0 0 0"
 ycoef=" 0 0 1 0 0 0">
<Contour name="d06" hidden="false" closed="true" simplified="true" border="0 0 1" fill="0 0 1" mode="9"
 points="1.71395 7.17107,
	1.75981 7.16821,
	1.78274 7.17107,
	1.80567 7.1854,
	1.81713 7.18827,
	1.8286 7.19974,
	1.82 7.22266,
	1.8114 7.23126,
	1.80853 7.25419,
	1.80853 7.26566,
	1.80853 7.27139,
	1.76267 7.27425,
	1.73974 7.27425,
	1.73115 7.26566,
	1.73115 7.2198,
	1.71682 7.19687,
	1.71395 7.17394,
	"/>
</Transform>

<Transform dim="0"
 xcoef=" 0 1 0 0 0 0"
 ycoef=" 0 0 1 0 0 0">
<Contour name="d06" hidden="false" closed="true" simplified="true" border="0 0 1" fill="0 0 1" mode="9"
 points="2.81741 7.63252,
	2.83174 7.60959,
	2.83748 7.59813,
	2.88047 7.558,
	2.89193 7.54654,
	2.91486 7.53221,
	2.93779 7.53221,
	2.94925 7.53221,
	2.97218 7.5494,
	2.97218 7.59526,
	2.97218 7.60673,
	2.95499 7.62966,
	2.95212 7.64112,
	2.93492 7.66405,
	2.92346 7.68698,
	2.9034 7.70418,
	2.89193 7.70991,
	2.84607 7.70991,
	2.84034 7.70991,
	2.81741 7.68984,
	2.81741 7.64399,
	2.81741 7.63539,
	"/>
</Transform>

<Transform dim="0"
 xcoef=" 0 1 0 0 0 0"
 ycoef=" 0 0 1 0 0 0">
<Contour name="d06" hidden="false" closed="true" simplified="true" border="0 0 1" fill="0 0 1" mode="9"
 points="1.94234 6.49583,
	1.98414 6.45125,
	1.98971 6.45125,
	1.99807 6.44289,
	2.02037 6.4401,
	2.03152 6.4401,
	2.03709 6.4401,
	2.04266 6.44567,
	2.08725 6.44567,
	2.10954 6.44846,
	2.1179 6.45961,
	2.12905 6.46518,
	2.13184 6.50977,
	2.12626 6.53206,
	2.11233 6.55157,
	2.02316 6.55157,
	2.00086 6.55157,
	1.98971 6.54878,
	1.97857 6.54042,
	1.96742 6.53763,
	1.94513 6.51813,
	1.94234 6.49862,
	"/>
<Contour name="d06" hidden="false" closed="true" simplified="true" border="0 0 1" fill="0 0 1" mode="9"
 points="1.06174 6.58501,
	1.06731 6.57386,
	1.1537 6.50977,
	1.19829 6.50977,
	1.20107 6.55435,
	1.19829 6.5655,
	1.1955 6.56271,
	1.15649 6.60173,
	1.14813 6.6073,
	1.12583 6.62681,
	1.12026 6.63238,
	1.09797 6.63238,
	1.08682 6.6296,
	1.06731 6.61009,
	1.06174 6.60451,
	1.06174 6.59337,
	1.06174 6.58779,
	"/>
<Contour name="d06" hidden="false" closed="true" simplified="true" border="0 0 1" fill="0 0 1" mode="9"
 points="1.36549 6.86925,
	1.40729 6.83303,
	1.42958 6.81909,
	1.45188 6.81909,
	1.48532 6.84975,
	1.50761 6.86925,
	1.52712 6.88319,
	1.54941 6.88876,
	1.56056 6.89433,
	1.56613 6.89991,
	1.58843 6.90827,
	1.59957 6.91663,
	1.59957 6.9222,
	1.61072 6.93335,
	1.62187 6.93892,
	1.62744 6.94449,
	1.62744 6.96679,
	1.62744 6.97236,
	1.60515 6.98629,
	1.56056 6.98351,
	1.53827 6.97793,
	1.53548 6.98351,
	1.44631 6.98072,
	1.42401 6.96679,
	1.41286 6.95564,
	1.41286 6.94449,
	1.41286 6.93892,
	1.39057 6.93335,
	1.37106 6.91384,
	1.36549 6.90269,
	1.36549 6.8804,
	1.36549 6.87204,
	"/>
</Transform>

<Transform dim="0"
 xcoef=" 0 1 0 0 0 0"
 ycoef=" 0 0 1 0 0 0">
<Contour name="d06c01" hidden="false" closed="true" simplified="true" border="0 1 0" fill="0 1 0" mode="9"
 points="1.27076 7.74558,
	1.27883 7.72944,
	1.2869 7.72137,
	1.30303 7.72137,
	1.34741 7.78189,
	1.35144 7.84643,
	1.35144 7.87871,
	1.35144 7.88678,
	1.34337 7.89484,
	1.3111 7.89484,
	1.30707 7.86257,
	1.30707 7.84643,
	1.27076 7.78189,
	1.27076 7.74961,
	"/>
<Contour name="d06cfa01" hidden="false" closed="false" simplified="false" border="0 1 1" fill="0 1 1" mode="9"
 points="1.33236 7.89335,
	1.3364 7.83284,
	1.32833 7.78846,
	1.29202 7.71988,
	"/>
</Transform>

<Transform dim="0"
 xcoef=" 0 1 0 0 0 0"
 ycoef=" 0 0 1 0 0 0">
<Contour name="d07" hidden="false" closed="true" simplified="true" border="1 0 1" fill="1 0 1" mode="9"
 points="2.49225 6.80894,
	2.51635 6.78484,
	2.57142 6.7573,
	2.6265 6.7573,
	2.64027 6.7573,
	2.66781 6.7814,
	2.71944 6.81927,
	2.77452 6.86402,
	2.88468 6.86746,
	2.99483 6.86402,
	3.02237 6.85713,
	3.03614 6.85369,
	3.04991 6.84336,
	3.06368 6.81582,
	3.07745 6.80205,
	3.10499 6.79861,
	3.13252 6.80205,
	3.14629 6.80205,
	3.17383 6.81238,
	3.20137 6.81582,
	3.20826 6.81582,
	3.23579 6.83992,
	3.24956 6.85025,
	3.2771 6.85025,
	3.33218 6.83648,
	3.35972 6.83303,
	3.4148 6.80205,
	3.43889 6.77796,
	3.47332 6.72632,
	3.49053 6.69878,
	3.54216 6.6678,
	3.5697 6.65403,
	3.58347 6.65059,
	3.58691 6.64371,
	3.59036 6.65059,
	3.58003 6.66092,
	3.59724 6.67125,
	3.59724 6.69878,
	3.59724 6.71255,
	3.59724 6.71944,
	3.55593 6.77107,
	3.54905 6.79861,
	3.52839 6.82615,
	3.52151 6.85369,
	3.5043 6.87779,
	3.50085 6.89155,
	3.47676 6.91221,
	3.46987 6.91909,
	3.44233 6.91909,
	3.33218 6.9604,
	3.30464 6.9604,
	3.2771 6.96729,
	3.26333 6.97073,
	3.25645 6.97761,
	3.24956 6.97761,
	3.23924 6.98794,
	3.2117 6.99482,
	3.18416 6.99482,
	3.17039 6.99482,
	3.15662 7.00171,
	3.10154 7.00859,
	3.07401 7.01548,
	3.02237 7.05679,
	2.97074 7.10842,
	2.95352 7.13252,
	2.92943 7.15661,
	2.91566 7.16694,
	2.89845 7.19104,
	2.89156 7.20481,
	2.89156 7.21858,
	2.89845 7.23235,
	2.92598 7.23923,
	2.98106 7.23923,
	3.0086 7.24267,
	3.05335 7.29087,
	3.05679 7.30463,
	3.05335 7.3184,
	3.02925 7.34594,
	3.00516 7.3666,
	2.97762 7.39414,
	2.95008 7.40446,
	2.92598 7.42512,
	2.87091 7.44921,
	2.76075 7.46298,
	2.73321 7.45954,
	2.68158 7.41479,
	2.65748 7.38725,
	2.64716 7.37348,
	2.64027 7.3666,
	2.64027 7.33906,
	2.64027 7.32529,
	2.64027 7.3184,
	2.62306 7.29431,
	2.59896 7.27021,
	2.57487 7.21513,
	2.56454 7.1876,
	2.55765 7.17383,
	2.55765 7.16694,
	2.537 7.1394,
	2.52323 7.11186,
	2.52323 7.09809,
	2.49914 7.07056,
	2.49225 7.05679,
	2.49225 7.00171,
	2.49225 6.98794,
	2.50946 6.9604,
	2.53356 6.9363,
	2.55765 6.88123,
	2.5611 6.87434,
	2.55077 6.86402,
	2.52323 6.85713,
	2.49569 6.83648,
	2.49225 6.81238,
	"/>
</Transform>

<Transform dim="0"
 xcoef=" 0 1 0 0 0 0"
 ycoef=" 0 0 1 0 0 0">
<Contour name="d08" hidden="false" closed="true" simplified="true" border="1 0 0" fill="1 0 0" mode="9"
 points="5.01155 4.94518,
	5.02578 4.90725,
	5.03052 4.86932,
	5.03052 4.85035,
	5.04949 4.81242,
	5.10638 4.7413,
	5.14431 4.71759,
	5.18224 4.70337,
	5.20121 4.69389,
	5.27707 4.69863,
	5.29603 4.70337,
	5.33396 4.68441,
	5.40982 4.67966,
	5.48568 4.68915,
	5.52362 4.68915,
	5.54258 4.69863,
	5.56155 4.69863,
	5.63267 4.76027,
	5.64689 4.77923,
	5.64689 4.81716,
	5.63741 4.85509,
	5.63267 4.87406,
	5.61844 4.89302,
	5.61844 4.93095,
	5.5568 4.99733,
	5.51887 5.03526,
	5.49991 5.05423,
	5.46198 5.07793,
	5.42405 5.11112,
	5.40508 5.13009,
	5.36715 5.14905,
	5.34819 5.16328,
	5.31026 5.1775,
	5.2344 5.1775,
	5.19647 5.1775,
	5.1206 5.15379,
	5.04474 5.1206,
	5.03526 5.1206,
	5.0163 5.10164,
	5.01155 4.94992,
	"/>
</Transform>

<Transform dim="0"
 xcoef=" 0 1 0 0 0 0"
 ycoef=" 0 0 1 0 0 0">
<Contour name="d08" hidden="false" closed="true" simplified="true" border="1 0 0" fill="1 0 0" mode="9"
 points="4.7982 4.39519,
	4.81242 4.38096,
	4.88828 4.37622,
	4.92621 4.3857,
	4.96414 4.41415,
	4.97837 4.43312,
	4.98785 4.4426,
	5.06371 4.4426,
	5.10164 4.45682,
	5.10638 4.53268,
	5.07793 4.57061,
	5.06371 4.58958,
	5.04474 4.59906,
	5.03526 4.59906,
	5.02104 4.61803,
	4.98311 4.62277,
	4.94518 4.61803,
	4.90725 4.58484,
	4.89302 4.56587,
	4.88828 4.52794,
	4.87406 4.49001,
	4.7982 4.41889,
	4.7982 4.39993,
	"/>
</Transform>

<Transform dim="0"
 xcoef=" 0 1 0 0 0 0"
 ycoef=" 0 0 1 0 0 0">
<Contour name="d08" hidden="false" closed="true" simplified="true" border="1 0 0" fill="1 0 0" mode="9"
 points="4.81314 3.82178,
	4.81673 3.76431,
	4.82032 3.74994,
	4.8311 3.73557,
	4.88857 3.74275,
	4.9173 3.76071,
	4.93167 3.7679,
	4.93885 3.79663,
	4.93885 3.80382,
	4.964 3.83255,
	4.97837 3.84333,
	4.98196 3.87206,
	4.98555 3.88643,
	5.0071 3.91157,
	5.0071 3.94031,
	5.01069 3.95468,
	4.99992 3.98341,
	4.99273 3.99059,
	4.964 3.99419,
	4.95322 4.00137,
	4.95681 4.01574,
	4.96759 4.03011,
	4.97477 4.03729,
	4.97477 4.06602,
	4.95681 4.09476,
	4.92808 4.09476,
	4.91371 4.09117,
	4.88857 4.06243,
	4.88138 4.04807,
	4.88138 4.0337,
	4.86343 4.00496,
	4.83469 3.97982,
	4.81314 3.95108,
	4.81314 3.83614,
	4.81314 3.82537,
	"/>
</Transform>

<Transform dim="0"
 xcoef=" 0 1 0 0 0 0"
 ycoef=" 0 0 1 0 0 0">
<Contour name="d08" hidden="false" closed="true" simplified="true" border="1 0 0" fill="1 0 0" mode="9"
 points="4.39289 4.50424,
	4.41085 4.4755,
	4.46832 4.4755,
	4.49705 4.4755,
	4.50424 4.4755,
	4.5186 4.48628,
	4.57607 4.48987,
	4.60481 4.48987,
	4.61918 4.48987,
	4.63354 4.48268,
	4.69101 4.47909,
	4.71975 4.48268,
	4.73053 4.54015,
	4.72334 4.59762,
	4.72334 4.6551,
	4.72334 4.66946,
	4.71616 4.68383,
	4.68742 4.68742,
	4.67305 4.68742,
	4.64432 4.67665,
	4.61558 4.67305,
	4.58685 4.6551,
	4.56171 4.62636,
	4.56171 4.61918,
	4.50783 4.56171,
	4.47909 4.54375,
	4.42162 4.53297,
	4.39289 4.51501,
	4.39289 4.50783,
	"/>
</Transform>

<Transform dim="0"
 xcoef=" 0 1 0 0 0 0"
 ycoef=" 0 0 1 0 0 0">
<Contour name="d08" hidden="false" closed="true" simplified="true" border="1 0 0" fill="1 0 0" mode="9"
 points="4.37493 5.28368,
	4.42521 5.2298,
	4.43958 5.21543,
	4.49705 5.1831,
	4.52579 5.16874,
	4.54015 5.16155,
	4.59762 5.16514,
	4.62636 5.16874,
	4.6551 5.15796,
	4.66946 5.15796,
	4.68383 5.16514,
	4.69101 5.17233,
	4.69461 5.2298,
	4.71257 5.25853,
	4.71616 5.37347,
	4.73053 5.40221,
	4.75208 5.43094,
	4.77363 5.48841,
	4.77363 5.54589,
	4.77363 5.56025,
	4.75926 5.57462,
	4.73053 5.5854,
	4.67305 5.58899,
	4.65869 5.59617,
	4.63354 5.62131,
	4.60481 5.62491,
	4.57607 5.62131,
	4.5186 5.56744,
	4.48987 5.5387,
	4.47909 5.52433,
	4.47909 5.4956,
	4.47909 5.48123,
	4.49705 5.4525,
	4.49705 5.42376,
	4.49705 5.40939,
	4.4755 5.38066,
	4.44677 5.35911,
	4.4324 5.34833,
	4.40366 5.33756,
	4.37493 5.31241,
	4.37493 5.28727,
	"/>
</Transform>

<Transform dim="0"
 xcoef=" 0 1 0 0 0 0"
 ycoef=" 0 0 1 0 0 0">
<Contour name="d08" hidden="false" closed="true" simplified="true" border="1 0 0" fill="1 0 0" mode="9"
 points="4.2886 3.94179,
	4.30098 3.93251,
	4.32576 3.92941,
	4.3753 3.96037,
	4.40007 3.98205,
	4.42484 3.98824,
	4.43723 3.98824,
	4.462 4.00063,
	4.47439 4.00372,
	4.52393 3.98514,
	4.5487 3.98205,
	4.56109 3.97895,
	4.58586 4.00063,
	4.59205 4.01301,
	4.58586 4.03778,
	4.58276 4.05017,
	4.57657 4.05636,
	4.57038 4.05636,
	4.5456 4.07494,
	4.53941 4.08114,
	4.44032 4.08423,
	4.34124 4.08114,
	4.32885 4.07804,
	4.30408 4.05327,
	4.29169 4.0285,
	4.2886 3.97895,
	4.2886 3.95418,
	4.2886 3.94489,
	"/>
</Transform>

<Transform dim="0"
 xcoef=" 0 1 0 0 0 0"
 ycoef=" 0 0 1 0 0 0">
<Contour name="d08c01" hidden="false" closed="true" simplified="true" border="1 0 0" fill="0 1 0" mode="9"
 points="4.42678 5.39454,
	4.431 5.38609,
	4.44791 5.37341,
	4.46481 5.36496,
	4.48171 5.36707,
	4.49017 5.36918,
	4.49862 5.37763,
	4.50284 5.38609,
	4.50073 5.4537,
	4.49651 5.45793,
	4.49651 5.47483,
	4.49651 5.48329,
	4.48383 5.50019,
	4.47537 5.5023,
	4.46692 5.49808,
	4.4627 5.48117,
	4.46058 5.47272,
	4.42889 5.43891,
	4.42678 5.4051,
	4.42678 5.39665,
	"/>
<Contour name="d08cfa01" hidden="false" closed="false" simplified="false" border="0 1 1" fill="0 1 1" mode="9"
 points="4.47853 5.50817,
	4.48487 5.46168,
	4.48487 5.42787,
	4.48487 5.40674,
	4.47219 5.37505,
	4.45318 5.36659,
	"/>
</Transform>

<Transform dim="0"
 xcoef=" 0 1 0 0 0 0"
 ycoef=" 0 0 1 0 0 0">
<Contour name="d08p01dia" hidden="false" closed="false" simplified="true" border="1 0.5 0" fill="1 0.5 0" mode="9"
 points="4.41092 5.23347,
	4.62645 5.62227,
	"/>
</Transform>

<Transform dim="1"
 xcoef=" 0.07 1 0 0 0 0"
 ycoef=" -0.05 0 1 0 0 0">
<Contour name="scale cube" hidden="false" closed="true" simplified="true" border="0.5 0 1" fill="0.5 0 1" mode="9"
 points="3.47539 6.93164,
	3.90857 6.93164,
	3.90857 7.32697,
	3.47539 7.32697,
	"/>
</Transform>

<Transform dim="0"
 xcoef=" 0 1 0 0 0 0"
 ycoef=" 0 0 1 0 0 0">
<Contour name="d02" hidden="false" closed="true" simplified="true" border="0.5 0 1" fill="0.5 0 1" mode="9"
 points="3.4616 6.0001,
	3.49902 5.9502,
	3.54891 5.91902,
	3.64871 5.8317,
	3.67366 5.80987,
	3.69549 5.75997,
	3.72355 5.66018,
	3.74227 5.61028,
	3.75162 5.56038,
	3.75786 5.53543,
	3.7641 5.52296,
	3.77657 5.51049,
	3.78281 5.50425,
	3.8327 5.5136,
	3.85765 5.5292,
	3.87636 5.55415,
	3.8826 5.56038,
	3.90131 5.66018,
	3.90755 5.68512,
	3.89819 5.69448,
	3.88884 5.68201,
	3.88884 5.69448,
	3.9325 5.74438,
	3.93873 5.84417,
	3.85765 5.94396,
	3.8327 5.96891,
	3.82023 5.97203,
	3.77033 5.96579,
	3.75786 5.96579,
	3.73291 5.97827,
	3.70796 5.97827,
	3.65806 5.99386,
	3.63312 6.00634,
	3.62064 6.01569,
	3.6144 6.02193,
	3.51461 6.02193,
	3.48966 6.02193,
	3.46471 6.00945,
	3.4616 6.00322,
	"/>
</Transform>

<Transform dim="0"
 xcoef=" 0 1 0 0 0 0"
 ycoef=" 0 0 1 0 0 0">
<Contour name="d07cross" hidden="false" closed="false" simplified="true" border="1 0 1" fill="1 0 1" mode="9"
 points="1.03998 7.10435,
	4.43998 7.10435,
	"/>
<Contour name="d07cross" hidden="false" closed="false" simplified="true" border="1 0 1" fill="1 0 1" mode="9"
 points="2.73998 5.40435,
	2.73998 8.80435,
	"/>
</Transform>

<Transform dim="0"
 xcoef=" 0 1 0 0 0 0"
 ycoef=" 0 0 1 0 0 0">
<Contour name="d06cyl" hidden="false" closed="true" simplified="true" border="1 0 1" fill="1 0 1" mode="11"
 points="4.43888 7.10779,
	4.40621 7.43944,
	4.30947 7.75835,
	4.15238 8.05225,
	3.94096 8.30987,
	3.68335 8.52128,
	3.38944 8.67838,
	3.07053 8.77512,
	2.73888 8.80779,
	2.40722 8.77512,
	2.08832 8.67838,
	1.79441 8.52128,
	1.5368 8.30987,
	1.32538 8.05225,
	1.16828 7.75835,
	1.07154 7.43944,
	1.03888 7.10779,
	1.07154 6.77613,
	1.16828 6.45722,
	1.32538 6.16332,
	1.5368 5.9057,
	1.79441 5.69429,
	2.08832 5.53719,
	2.40722 5.44045,
	2.73888 5.40779,
	3.07053 5.44045,
	3.38944 5.53719,
	3.68335 5.69429,
	3.94096 5.9057,
	4.15238 6.16332,
	4.30947 6.45722,
	4.40621 6.77613,
	"/>
</Transform>

<Transform dim="0"
 xcoef=" 0 1 0 0 0 0"
 ycoef=" 0 0 1 0 0 0">
<Contour name="d03ax01ssvr" hidden="false" closed="true" simplified="false" border="0 1 0.501961" fill="0 0 1" mode="-11"
 points="2.3897 3.16989,
	2.38188 3.16207,
	2.3897 3.15425,
	2.39752 3.16207,
	"/>
</Transform>

<Transform dim="0"
 xcoef=" 0 1 0 0 0 0"
 ycoef=" 0 0 1 0 0 0">
<Contour name="d06ax01ssvr" hidden="false" closed="true" simplified="false" border="0 1 0.501961" fill="0 0 1" mode="-11"
 points="0.751894 7.81829,
	0.74566 7.81206,
	0.751894 7.80583,
	0.758127 7.81206,
	"/>
<Contour name="d06ax01ssvr" hidden="false" closed="true" simplified="false" border="0 1 0.501961" fill="0 0 1" mode="-11"
 points="0.810663 7.81918,
	0.80443 7.81295,
	0.810663 7.80672,
	0.816896 7.81295,
	"/>
<Contour name="d06ax01ssvr" hidden="false" closed="true" simplified="false" border="0 1 0.501961" fill="0 0 1" mode="-11"
 points="0.843609 7.85569,
	0.837376 7.84946,
	0.843609 7.84323,
	0.849842 7.84946,
	"/>
<Contour name="d06ax01ssvr" hidden="false" closed="true" simplified="false" border="0 1 0.501961" fill="0 0 1" mode="-11"
 points="0.859637 7.80583,
	0.853404 7.79959,
	0.859637 7.79336,
	0.86587 7.79959,
	"/>
<Contour name="d06ax01ssvr" hidden="false" closed="true" simplified="false" border="0 1 0.501961" fill="0 0 1" mode="-11"
 points="0.840938 7.79781,
	0.834704 7.79158,
	0.840938 7.78535,
	0.847171 7.79158,
	"/>
<Contour name="d06ax01ssvr" hidden="false" closed="true" simplified="false" border="0 1 0.501961" fill="0 0 1" mode="-11"
 points="0.821348 7.77822,
	0.815115 7.77199,
	0.821348 7.76576,
	0.827581 7.77199,
	"/>
<Contour name="d06ax01ssvr" hidden="false" closed="true" simplified="false" border="0 1 0.501961" fill="0 0 1" mode="-11"
 points="0.786621 7.72302,
	0.780388 7.71678,
	0.786621 7.71055,
	0.792854 7.71678,
	"/>
<Contour name="d06ax01ssvr" hidden="false" closed="true" simplified="false" border="0 1 0.501961" fill="0 0 1" mode="-11"
 points="0.751003 7.75863,
	0.74477 7.7524,
	0.751003 7.74617,
	0.757236 7.7524,
	"/>
<Contour name="d06ax01ssvr" hidden="false" closed="true" simplified="false" border="0 1 0.501961" fill="0 0 1" mode="-11"
 points="0.707372 7.7524,
	0.701138 7.74617,
	0.707372 7.73993,
	0.713605 7.74617,
	"/>
<Contour name="d06ax01ssvr" hidden="false" closed="true" simplified="false" border="0 1 0.501961" fill="0 0 1" mode="-11"
 points="0.864979 7.75685,
	0.858746 7.75062,
	0.864979 7.74439,
	0.871213 7.75062,
	"/>
<Contour name="d06ax01ssvr" hidden="false" closed="true" simplified="false" border="0 1 0.501961" fill="0 0 1" mode="-11"
 points="0.840047 7.73103,
	0.833814 7.7248,
	0.840047 7.71856,
	0.84628 7.7248,
	"/>
<Contour name="d06ax01ssvr" hidden="false" closed="true" simplified="false" border="0 1 0.501961" fill="0 0 1" mode="-11"
 points="0.819567 7.69274,
	0.813334 7.68651,
	0.819567 7.68028,
	0.8258 7.68651,
	"/>
<Contour name="d06ax01ssvr" hidden="false" closed="true" simplified="false" border="0 1 0.501961" fill="0 0 1" mode="-11"
 points="0.915735 7.67493,
	0.909501 7.6687,
	0.915735 7.66247,
	0.921968 7.6687,
	"/>
<Contour name="d06ax01ssvr" hidden="false" closed="true" simplified="false" border="0 1 0.501961" fill="0 0 1" mode="-11"
 points="0.948681 7.67137,
	0.942448 7.66514,
	0.948681 7.6589,
	0.954914 7.66514,
	"/>
<Contour name="d06ax01ssvr" hidden="false" closed="true" simplified="false" border="0 1 0.501961" fill="0 0 1" mode="-11"
 points="0.908611 7.77822,
	0.902378 7.77199,
	0.908611 7.76576,
	0.914844 7.77199,
	"/>
<Contour name="d06ax01ssvr" hidden="false" closed="true" simplified="false" border="0 1 0.501961" fill="0 0 1" mode="-11"
 points="0.898816 7.82898,
	0.892583 7.82275,
	0.898816 7.81651,
	0.905049 7.82275,
	"/>
<Contour name="d06ax01ssvr" hidden="false" closed="true" simplified="false" border="0 1 0.501961" fill="0 0 1" mode="-11"
 points="0.882788 7.86192,
	0.876555 7.85569,
	0.882788 7.84946,
	0.889021 7.85569,
	"/>
<Contour name="d06ax01ssvr" hidden="false" closed="true" simplified="false" border="0 1 0.501961" fill="0 0 1" mode="-11"
 points="0.938886 7.86371,
	0.932653 7.85747,
	0.938886 7.85124,
	0.945119 7.85747,
	"/>
<Contour name="d06ax01ssvr" hidden="false" closed="true" simplified="false" border="0 1 0.501961" fill="0 0 1" mode="-11"
 points="0.925529 7.83521,
	0.919296 7.82898,
	0.925529 7.82275,
	0.931762 7.82898,
	"/>
<Contour name="d06ax01ssvr" hidden="false" closed="true" simplified="false" border="0 1 0.501961" fill="0 0 1" mode="-11"
 points="0.960257 7.84144,
	0.954023 7.83521,
	0.960257 7.82898,
	0.96649 7.83521,
	"/>
<Contour name="d06ax01ssvr" hidden="false" closed="true" simplified="false" border="0 1 0.501961" fill="0 0 1" mode="-11"
 points="0.94779 7.81651,
	0.941557 7.81028,
	0.94779 7.80405,
	0.954023 7.81028,
	"/>
<Contour name="d06ax01ssvr" hidden="false" closed="true" simplified="false" border="0 1 0.501961" fill="0 0 1" mode="-11"
 points="0.986079 7.89042,
	0.979846 7.88419,
	0.986079 7.87795,
	0.992312 7.88419,
	"/>
<Contour name="d06ax01ssvr" hidden="false" closed="true" simplified="false" border="0 1 0.501961" fill="0 0 1" mode="-11"
 points="1.00656 7.93939,
	1.00033 7.93316,
	1.00656 7.92693,
	1.01279 7.93316,
	"/>
<Contour name="d06ax01ssvr" hidden="false" closed="true" simplified="false" border="0 1 0.501961" fill="0 0 1" mode="-11"
 points="1.01368 7.7711,
	1.00745 7.76487,
	1.01368 7.75863,
	1.01992 7.76487,
	"/>
<Contour name="d06ax01ssvr" hidden="false" closed="true" simplified="false" border="0 1 0.501961" fill="0 0 1" mode="-11"
 points="1.03594 7.82987,
	1.02971 7.82364,
	1.03594 7.8174,
	1.04218 7.82364,
	"/>
<Contour name="d06ax01ssvr" hidden="false" closed="true" simplified="false" border="0 1 0.501961" fill="0 0 1" mode="-11"
 points="1.0582 7.81295,
	1.05197 7.80672,
	1.0582 7.80048,
	1.06444 7.80672,
	"/>
<Contour name="d06ax01ssvr" hidden="false" closed="true" simplified="false" border="0 1 0.501961" fill="0 0 1" mode="-11"
 points="1.06444 7.83699,
	1.0582 7.83076,
	1.06444 7.82453,
	1.07067 7.83076,
	"/>
<Contour name="d06ax01ssvr" hidden="false" closed="true" simplified="false" border="0 1 0.501961" fill="0 0 1" mode="-11"
 points="1.03772 7.89398,
	1.03149 7.88775,
	1.03772 7.88151,
	1.04396 7.88775,
	"/>
<Contour name="d06ax01ssvr" hidden="false" closed="true" simplified="false" border="0 1 0.501961" fill="0 0 1" mode="-11"
 points="1.11074 7.90021,
	1.10451 7.89398,
	1.11074 7.88775,
	1.11697 7.89398,
	"/>
<Contour name="d06ax01ssvr" hidden="false" closed="true" simplified="false" border="0 1 0.501961" fill="0 0 1" mode="-11"
 points="1.12855 7.85213,
	1.12232 7.8459,
	1.12855 7.83966,
	1.13478 7.8459,
	"/>
<Contour name="d06ax01ssvr" hidden="false" closed="true" simplified="false" border="0 1 0.501961" fill="0 0 1" mode="-11"
 points="1.07067 7.73192,
	1.06444 7.72569,
	1.07067 7.71945,
	1.0769 7.72569,
	"/>
<Contour name="d06ax01ssvr" hidden="false" closed="true" simplified="false" border="0 1 0.501961" fill="0 0 1" mode="-11"
 points="1.16417 7.80583,
	1.15793 7.79959,
	1.16417 7.79336,
	1.1704 7.79959,
	"/>
<Contour name="d06ax01ssvr" hidden="false" closed="true" simplified="false" border="0 1 0.501961" fill="0 0 1" mode="-11"
 points="1.18287 7.85836,
	1.17663 7.85213,
	1.18287 7.8459,
	1.1891 7.85213,
	"/>
<Contour name="d06ax01ssvr" hidden="false" closed="true" simplified="false" border="0 1 0.501961" fill="0 0 1" mode="-11"
 points="1.21225 7.83521,
	1.20602 7.82898,
	1.21225 7.82275,
	1.21848 7.82898,
	"/>
<Contour name="d06ax01ssvr" hidden="false" closed="true" simplified="false" border="0 1 0.501961" fill="0 0 1" mode="-11"
 points="1.21403 7.78268,
	1.2078 7.77644,
	1.21403 7.77021,
	1.22027 7.77644,
	"/>
<Contour name="d06ax01ssvr" hidden="false" closed="true" simplified="false" border="0 1 0.501961" fill="0 0 1" mode="-11"
 points="1.01724 7.72124,
	1.01101 7.715,
	1.01724 7.70877,
	1.02348 7.715,
	"/>
<Contour name="d06ax01ssvr" hidden="false" closed="true" simplified="false" border="0 1 0.501961" fill="0 0 1" mode="-11"
 points="0.981627 7.70699,
	0.975394 7.70076,
	0.981627 7.69452,
	0.98786 7.70076,
	"/>
</Transform>

<Transform dim="0"
 xcoef=" 0 1 0 0 0 0"
 ycoef=" 0 0 1 0 0 0">
<Contour name="d06ax01ssvda" hidden="false" closed="true" simplified="false" border="1 0 0" fill="0 0 1" mode="-11"
 points="1.27547 7.81117,
	1.26924 7.80494,
	1.27547 7.7987,
	1.28171 7.80494,
	"/>
</Transform>

<Transform dim="0"
 xcoef=" 0 1 0 0 0 0"
 ycoef=" 0 0 1 0 0 0">
<Contour name="d06ax06ssvr" hidden="false" closed="true" simplified="false" border="0 1 0.501961" fill="0 0 1" mode="-11"
 points="1.83063 6.56209,
	1.82287 6.55433,
	1.83063 6.54657,
	1.83839 6.55433,
	"/>
<Contour name="d06ax06ssvr" hidden="false" closed="true" simplified="false" border="0 1 0.501961" fill="0 0 1" mode="-11"
 points="1.84947 6.50667,
	1.84171 6.49892,
	1.84947 6.49116,
	1.85723 6.49892,
	"/>
<Contour name="d06ax06ssvr" hidden="false" closed="true" simplified="false" border="0 1 0.501961" fill="0 0 1" mode="-11"
 points="1.78187 6.53549,
	1.77411 6.52773,
	1.78187 6.51997,
	1.78962 6.52773,
	"/>
<Contour name="d06ax06ssvr" hidden="false" closed="true" simplified="false" border="0 1 0.501961" fill="0 0 1" mode="-11"
 points="1.71315 6.53882,
	1.7054 6.53106,
	1.71315 6.5233,
	1.72091 6.53106,
	"/>
<Contour name="d06ax06ssvr" hidden="false" closed="true" simplified="false" border="0 1 0.501961" fill="0 0 1" mode="-11"
 points="1.74308 6.58536,
	1.73532 6.57761,
	1.74308 6.56985,
	1.75084 6.57761,
	"/>
<Contour name="d06ax06ssvr" hidden="false" closed="true" simplified="false" border="0 1 0.501961" fill="0 0 1" mode="-11"
 points="1.7054 6.61861,
	1.69764 6.61085,
	1.7054 6.6031,
	1.71315 6.61085,
	"/>
<Contour name="d06ax06ssvr" hidden="false" closed="true" simplified="false" border="0 1 0.501961" fill="0 0 1" mode="-11"
 points="1.7054 6.68511,
	1.69764 6.67735,
	1.7054 6.66959,
	1.71315 6.67735,
	"/>
<Contour name="d06ax06ssvr" hidden="false" closed="true" simplified="false" border="0 1 0.501961" fill="0 0 1" mode="-11"
 points="1.70872 6.73498,
	1.70096 6.72722,
	1.70872 6.71947,
	1.71648 6.72722,
	"/>
<Contour name="d06ax06ssvr" hidden="false" closed="true" simplified="false" border="0 1 0.501961" fill="0 0 1" mode="-11"
 points="1.65885 6.7372,
	1.65109 6.72944,
	1.65885 6.72168,
	1.66661 6.72944,
	"/>
<Contour name="d06ax06ssvr" hidden="false" closed="true" simplified="false" border="0 1 0.501961" fill="0 0 1" mode="-11"
 points="1.65552 6.68954,
	1.64776 6.68178,
	1.65552 6.67403,
	1.66328 6.68178,
	"/>
<Contour name="d06ax06ssvr" hidden="false" closed="true" simplified="false" border="0 1 0.501961" fill="0 0 1" mode="-11"
 points="1.65441 6.6175,
	1.64666 6.60975,
	1.65441 6.60199,
	1.66217 6.60975,
	"/>
<Contour name="d06ax06ssvr" hidden="false" closed="true" simplified="false" border="0 1 0.501961" fill="0 0 1" mode="-11"
 points="1.6655 6.55655,
	1.65774 6.54879,
	1.6655 6.54103,
	1.67326 6.54879,
	"/>
<Contour name="d06ax06ssvr" hidden="false" closed="true" simplified="false" border="0 1 0.501961" fill="0 0 1" mode="-11"
 points="1.49704 6.46013,
	1.48928 6.45237,
	1.49704 6.44461,
	1.5048 6.45237,
	"/>
<Contour name="d06ax06ssvr" hidden="false" closed="true" simplified="false" border="0 1 0.501961" fill="0 0 1" mode="-11"
 points="1.599 6.87795,
	1.59124 6.87019,
	1.599 6.86243,
	1.60676 6.87019,
	"/>
</Transform>

<Transform dim="0"
 xcoef=" 0 1 0 0 0 0"
 ycoef=" 0 0 1 0 0 0">
<Contour name="d07ax03ssvr" hidden="false" closed="true" simplified="false" border="0 1 0.501961" fill="0 0 1" mode="-11"
 points="1.96665 8.74387,
	1.95563 8.73285,
	1.96665 8.72183,
	1.97768 8.73285,
	"/>
<Contour name="d07ax03ssvr" hidden="false" closed="true" simplified="false" border="0 1 0.501961" fill="0 0 1" mode="-11"
 points="1.93202 8.77536,
	1.92099 8.76434,
	1.93202 8.75332,
	1.94304 8.76434,
	"/>
<Contour name="d07ax03ssvr" hidden="false" closed="true" simplified="false" border="0 1 0.501961" fill="0 0 1" mode="-11"
 points="1.89108 8.72813,
	1.88006 8.71711,
	1.89108 8.70609,
	1.9021 8.71711,
	"/>
</Transform>

<Transform dim="0"
 xcoef=" 0 1 0 0 0 0"
 ycoef=" 0 0 1 0 0 0">
<Contour name="d08ax01ssvr" hidden="false" closed="true" simplified="false" border="0 1 0.501961" fill="0 0 1" mode="-11"
 points="4.39362 5.48573,
	4.38681 5.47892,
	4.39362 5.47212,
	4.40043 5.47892,
	"/>
</Transform>

<Transform dim="0"
 xcoef=" 0 1 0 0 0 0"
 ycoef=" 0 0 1 0 0 0">
<Contour name="d06SER" hidden="false" closed="true" simplified="true" border="0 1 0" fill="0 1 0" mode="-9"
 points="1.9157 7.62662,
	1.92422 7.62023,
	1.94124 7.6181,
	1.94763 7.62662,
	1.94763 7.63513,
	1.94337 7.64152,
	1.92634 7.64365,
	1.9157 7.62875,
	"/>
</Transform>

<Transform dim="0"
 xcoef=" 0 1 0 0 0 0"
 ycoef=" 0 0 1 0 0 0">
<Contour name="d06SER" hidden="false" closed="true" simplified="true" border="0 1 0" fill="0 1 0" mode="-9"
 points="2.1785 7.5323,
	2.20358 7.51976,
	2.21298 7.51035,
	2.22239 7.51976,
	2.22552 7.5323,
	2.21925 7.54483,
	2.20671 7.5511,
	2.18164 7.54797,
	2.1785 7.53543,
	"/>
</Transform>

<Transform dim="0"
 xcoef=" 0 1 0 0 0 0"
 ycoef=" 0 0 1 0 0 0">
<Contour name="d07SER" hidden="false" closed="true" simplified="true" border="0 1 0" fill="0 1 0" mode="-9"
 points="2.8199 6.95418,
	2.82328 6.94741,
	2.83005 6.94572,
	2.83682 6.9491,
	2.83851 6.95587,
	2.83851 6.95925,
	2.82667 6.97109,
	2.8199 6.9694,
	2.8199 6.95587,
	"/>
</Transform>

<Transform dim="0"
 xcoef=" 0 1 0 0 0 0"
 ycoef=" 0 0 1 0 0 0">
<Contour name="d07SER" hidden="false" closed="true" simplified="true" border="0 1 0" fill="0 1 0" mode="-9"
 points="2.57969 7.09965,
	2.58815 7.08612,
	2.58815 7.08274,
	2.59153 7.07935,
	2.60507 7.08443,
	2.60845 7.08781,
	2.60845 7.09119,
	2.61522 7.09796,
	2.62029 7.11149,
	2.61691 7.12503,
	2.61522 7.1301,
	2.61014 7.13687,
	2.60338 7.14025,
	2.59661 7.14025,
	2.57969 7.11319,
	2.57969 7.10134,
	"/>
<Contour name="d07SER" hidden="false" closed="true" simplified="true" border="0 1 0" fill="0 1 0" mode="-9"
 points="2.83512 6.99477,
	2.8605 6.97447,
	2.86557 6.96771,
	2.87741 6.96094,
	2.89095 6.96771,
	2.89264 6.97447,
	2.88926 7.00154,
	2.87065 7.02691,
	2.86388 7.0303,
	2.85035 7.02861,
	2.83851 7.02015,
	2.83512 7.01338,
	2.83512 6.99985,
	2.83512 6.99647,
	"/>
</Transform>

<Transform dim="0"
 xcoef=" 0 1 0 0 0 0"
 ycoef=" 0 0 1 0 0 0">
<Contour name="d07SER" hidden="false" closed="true" simplified="true" border="0 1 0" fill="0 1 0" mode="-9"
 points="2.6981 7.33479,
	2.70487 7.32802,
	2.7184 7.32633,
	2.73025 7.33817,
	2.73363 7.34155,
	2.73363 7.34832,
	2.72855 7.35339,
	2.71502 7.35001,
	2.70825 7.34832,
	2.70149 7.34324,
	2.6981 7.34155,
	2.6981 7.33648,
	"/>
</Transform>

<Transform dim="0"
 xcoef=" 0 1 0 0 0 0"
 ycoef=" 0 0 1 0 0 0">
<Contour name="d08ax17" hidden="false" closed="true" simplified="true" border="0 0 1" fill="0 0 1" mode="-11"
 points="2.28146 6.21372,
	2.29206 6.19253,
	2.29736 6.18193,
	2.30266 6.17663,
	2.30266 6.17133,
	2.3159 6.15013,
	2.33445 6.12893,
	2.35565 6.11833,
	2.36625 6.11833,
	2.40865 6.10508,
	2.42984 6.09713,
	2.47224 6.09978,
	2.49344 6.10773,
	2.53584 6.11038,
	2.55703 6.11833,
	2.56763 6.12098,
	2.60738 6.15278,
	2.62593 6.17133,
	2.63123 6.17663,
	2.63653 6.19783,
	2.64448 6.20843,
	2.65773 6.25082,
	2.66302 6.29322,
	2.66302 6.31442,
	2.64978 6.35681,
	2.63918 6.37801,
	2.63123 6.38861,
	2.62858 6.39921,
	2.61003 6.42041,
	2.57028 6.44161,
	2.54908 6.44161,
	2.53849 6.43631,
	2.53319 6.43631,
	2.52789 6.43101,
	2.52259 6.43101,
	2.49079 6.38861,
	2.46959 6.37271,
	2.45899 6.36476,
	2.45369 6.36476,
	2.44839 6.35946,
	2.406 6.34621,
	2.3848 6.34356,
	2.3636 6.33561,
	2.3583 6.33561,
	2.353 6.33031,
	2.3318 6.32237,
	2.31325 6.30382,
	2.28676 6.26142,
	2.28146 6.24022,
	2.28146 6.21902,
	2.28146 6.21637,
	"/>
</Transform>

<Transform dim="0"
 xcoef=" 0 1 0 0 0 0"
 ycoef=" 0 0 1 0 0 0">
<Contour name="d01ax03b2ssvr" hidden="false" closed="true" simplified="false" border="0.5 0 1" fill="0.5 0 1" mode="9"
 points="6.87565 1.11516,
	6.8691 1.11298,
	6.87565 1.11079,
	6.87128 1.10425,
	6.87783 1.10861,
	6.88002 1.10206,
	6.8822 1.10861,
	6.88875 1.10425,
	6.88438 1.11079,
	6.89093 1.11298,
	6.88438 1.11516,
	6.88875 1.12171,
	6.8822 1.11734,
	6.88002 1.12389,
	6.87783 1.11734,
	6.87128 1.12171,
	"/>
<Contour name="d01ax03b2ssvr" hidden="false" closed="true" simplified="false" border="0.5 0 1" fill="0.5 0 1" mode="9"
 points="6.8953 1.15663,
	6.88875 1.15445,
	6.8953 1.15227,
	6.89093 1.14572,
	6.89748 1.15009,
	6.89966 1.14354,
	6.90184 1.15009,
	6.90839 1.14572,
	6.90403 1.15227,
	6.91058 1.15445,
	6.90403 1.15663,
	6.90839 1.16318,
	6.90184 1.15882,
	6.89966 1.16537,
	6.89748 1.15882,
	6.89093 1.16318,
	"/>
<Contour name="d01ax03b2ssvr" hidden="false" closed="true" simplified="false" border="0.5 0 1" fill="0.5 0 1" mode="9"
 points="6.81671 1.15882,
	6.81016 1.15663,
	6.81671 1.15445,
	6.81235 1.1479,
	6.8189 1.15227,
	6.82108 1.14572,
	6.82326 1.15227,
	6.82981 1.1479,
	6.82544 1.15445,
	6.83199 1.15663,
	6.82544 1.15882,
	6.82981 1.16537,
	6.82326 1.161,
	6.82108 1.16755,
	6.8189 1.161,
	6.81235 1.16537,
	"/>
</Transform>

<Transform dim="0"
 xcoef=" 0 1 0 0 0 0"
 ycoef=" 0 0 1 0 0 0">
<Contour name="d06ax04b2ssvr20" hidden="false" closed="true" simplified="false" border="0.5 0 1" fill="0.5 0 1" mode="9"
 points="3.1127 7.78776,
	3.1127 7.78235,
	3.11811 7.77694,
	3.12352 7.77694,
	3.12893 7.78235,
	3.12893 7.78776,
	3.12352 7.79317,
	3.11811 7.79317,
	"/>
<Contour name="d06ax04b2ssvr21" hidden="false" closed="true" simplified="false" border="0.5 0 1" fill="0.5 0 1" mode="9"
 points="3.08836 7.72826,
	3.08836 7.72285,
	3.09377 7.71744,
	3.09918 7.71744,
	3.10458 7.72285,
	3.10458 7.72826,
	3.09918 7.73367,
	3.09377 7.73367,
	"/>
</Transform>

<Transform dim="0"
 xcoef=" 0 1 0 0 0 0"
 ycoef=" 0 0 1 0 0 0">
<Contour name="d06ax04b3ssvr20" hidden="false" closed="true" simplified="false" border="0.5 0 1" fill="0.5 0 1" mode="9"
 points="5.38132 7.32261,
	5.3728 7.31977,
	5.38132 7.31692,
	5.37564 7.3084,
	5.38417 7.31408,
	5.38701 7.30555,
	5.38985 7.31408,
	5.39838 7.3084,
	5.39269 7.31692,
	5.40122 7.31977,
	5.39269 7.32261,
	5.39838 7.33114,
	5.38985 7.32545,
	5.38701 7.33398,
	5.38417 7.32545,
	5.37564 7.33114,
	"/>
<Contour name="d06ax04b3ssvr21" hidden="false" closed="true" simplified="false" border="0.5 0 1" fill="0.5 0 1" mode="9"
 points="5.37848 7.40505,
	5.36995 7.40221,
	5.37848 7.39936,
	5.3728 7.39084,
	5.38132 7.39652,
	5.38417 7.38799,
	5.38701 7.39652,
	5.39554 7.39084,
	5.38985 7.39936,
	5.39838 7.40221,
	5.38985 7.40505,
	5.39554 7.41358,
	5.38701 7.40789,
	5.38417 7.41642,
	5.38132 7.40789,
	5.3728 7.41358,
	"/>
<Contour name="d06ax04b3ssvr22" hidden="false" closed="true" simplified="false" border="0.5 0 1" fill="0.5 0 1" mode="9"
 points="5.27046 7.13215,
	5.26193 7.1293,
	5.27046 7.12646,
	5.26477 7.11793,
	5.2733 7.12362,
	5.27614 7.11509,
	5.27899 7.12362,
	5.28751 7.11793,
	5.28183 7.12646,
	5.29036 7.1293,
	5.28183 7.13215,
	5.28751 7.14068,
	5.27899 7.13499,
	5.27614 7.14352,
	5.2733 7.13499,
	5.26477 7.14068,
	"/>
<Contour name="d06ax04b3ssvr23" hidden="false" closed="true" simplified="false" border="0.5 0 1" fill="0.5 0 1" mode="9"
 points="5.23066 7.17763,
	5.22213 7.17479,
	5.23066 7.17195,
	5.22497 7.16342,
	5.2335 7.1691,
	5.23634 7.16057,
	5.23919 7.1691,
	5.24772 7.16342,
	5.24203 7.17195,
	5.25056 7.17479,
	5.24203 7.17763,
	5.24772 7.18616,
	5.23919 7.18047,
	5.23634 7.189,
	5.2335 7.18047,
	5.22497 7.18616,
	"/>
<Contour name="d06ax04b3ssvr24" hidden="false" closed="true" simplified="false" border="0.5 0 1" fill="0.5 0 1" mode="9"
 points="5.19939 7.13783,
	5.19086 7.13499,
	5.19939 7.13215,
	5.1937 7.12362,
	5.20223 7.1293,
	5.20507 7.12078,
	5.20792 7.1293,
	5.21645 7.12362,
	5.21076 7.13215,
	5.21929 7.13499,
	5.21076 7.13783,
	5.21645 7.14636,
	5.20792 7.14068,
	5.20507 7.1492,
	5.20223 7.14068,
	5.1937 7.14636,
	"/>
<Contour name="d06ax04b3ssvr25" hidden="false" closed="true" simplified="false" border="0.5 0 1" fill="0.5 0 1" mode="9"
 points="5.16528 7.1691,
	5.15675 7.16626,
	5.16528 7.16342,
	5.15959 7.15489,
	5.16812 7.16057,
	5.17096 7.15205,
	5.1738 7.16057,
	5.18233 7.15489,
	5.17665 7.16342,
	5.18518 7.16626,
	5.17665 7.1691,
	5.18233 7.17763,
	5.1738 7.17195,
	5.17096 7.18047,
	5.16812 7.17195,
	5.15959 7.17763,
	"/>
<Contour name="d06ax04b3ssvr26" hidden="false" closed="true" simplified="false" border="0.5 0 1" fill="0.5 0 1" mode="9"
 points="5.15391 7.12362,
	5.14538 7.12078,
	5.15391 7.11793,
	5.14822 7.10941,
	5.15675 7.11509,
	5.15959 7.10656,
	5.16243 7.11509,
	5.17096 7.10941,
	5.16528 7.11793,
	5.1738 7.12078,
	5.16528 7.12362,
	5.17096 7.13215,
	5.16243 7.12646,
	5.15959 7.13499,
	5.15675 7.12646,
	5.14822 7.13215,
	"/>
<Contour name="d06ax04b3ssvr27" hidden="false" closed="true" simplified="false" border="0.5 0 1" fill="0.5 0 1" mode="9"
 points="5.11695 7.19753,
	5.10842 7.19469,
	5.11695 7.19184,
	5.11126 7.18332,
	5.11979 7.189,
	5.12264 7.18047,
	5.12548 7.189,
	5.13401 7.18332,
	5.12832 7.19184,
	5.13685 7.19469,
	5.12832 7.19753,
	5.13401 7.20606,
	5.12548 7.20037,
	5.12264 7.2089,
	5.11979 7.20037,
	5.11126 7.20606,
	"/>
<Contour name="d06ax04b3ssvr28" hidden="false" closed="true" simplified="false" border="0.5 0 1" fill="0.5 0 1" mode="9"
 points="5.07147 7.22027,
	5.06294 7.21743,
	5.07147 7.21459,
	5.06578 7.20606,
	5.07431 7.21174,
	5.07715 7.20322,
	5.07999 7.21174,
	5.08852 7.20606,
	5.08284 7.21459,
	5.09136 7.21743,
	5.08284 7.22027,
	5.08852 7.2288,
	5.07999 7.22311,
	5.07715 7.23164,
	5.07431 7.22311,
	5.06578 7.2288,
	"/>
<Contour name="d06ax04b3ssvr29" hidden="false" closed="true" simplified="false" border="0.5 0 1" fill="0.5 0 1" mode="9"
 points="5.03451 7.26576,
	5.02598 7.26291,
	5.03451 7.26007,
	5.02882 7.25154,
	5.03735 7.25723,
	5.0402 7.2487,
	5.04304 7.25723,
	5.05157 7.25154,
	5.04588 7.26007,
	5.05441 7.26291,
	5.04588 7.26576,
	5.05157 7.27428,
	5.04304 7.2686,
	5.0402 7.27713,
	5.03735 7.2686,
	5.02882 7.27428,
	"/>
<Contour name="d06ax04b3ssvr30" hidden="false" closed="true" simplified="false" border="0.5 0 1" fill="0.5 0 1" mode="9"
 points="4.95491 7.35104,
	4.94639 7.34819,
	4.95491 7.34535,
	4.94923 7.33682,
	4.95776 7.34251,
	4.9606 7.33398,
	4.96344 7.34251,
	4.97197 7.33682,
	4.96628 7.34535,
	4.97481 7.34819,
	4.96628 7.35104,
	4.97197 7.35957,
	4.96344 7.35388,
	4.9606 7.36241,
	4.95776 7.35388,
	4.94923 7.35957,
	"/>
<Contour name="d06ax04b3ssvr31" hidden="false" closed="true" simplified="false" border="0.5 0 1" fill="0.5 0 1" mode="9"
 points="4.95776 7.28565,
	4.94923 7.28281,
	4.95776 7.27997,
	4.95207 7.27144,
	4.9606 7.27713,
	4.96344 7.2686,
	4.96628 7.27713,
	4.97481 7.27144,
	4.96913 7.27997,
	4.97766 7.28281,
	4.96913 7.28565,
	4.97481 7.29418,
	4.96628 7.2885,
	4.96344 7.29703,
	4.9606 7.2885,
	4.95207 7.29418,
	"/>
<Contour name="d06ax04b3ssvr32" hidden="false" closed="true" simplified="false" border="0.5 0 1" fill="0.5 0 1" mode="9"
 points="4.92364 7.1691,
	4.91512 7.16626,
	4.92364 7.16342,
	4.91796 7.15489,
	4.92649 7.16057,
	4.92933 7.15205,
	4.93217 7.16057,
	4.9407 7.15489,
	4.93501 7.16342,
	4.94354 7.16626,
	4.93501 7.1691,
	4.9407 7.17763,
	4.93217 7.17195,
	4.92933 7.18047,
	4.92649 7.17195,
	4.91796 7.17763,
	"/>
<Contour name="d06ax04b3ssvr33" hidden="false" closed="true" simplified="false" border="0.5 0 1" fill="0.5 0 1" mode="9"
 points="4.99471 7.14352,
	4.98618 7.14068,
	4.99471 7.13783,
	4.98903 7.1293,
	4.99755 7.13499,
	5.0004 7.12646,
	5.00324 7.13499,
	5.01177 7.1293,
	5.00608 7.13783,
	5.01461 7.14068,
	5.00608 7.14352,
	5.01177 7.15205,
	5.00324 7.14636,
	5.0004 7.15489,
	4.99755 7.14636,
	4.98903 7.15205,
	"/>
<Contour name="d06ax04b3ssvr34" hidden="false" closed="true" simplified="false" border="0.5 0 1" fill="0.5 0 1" mode="9"
 points="5.04588 7.1293,
	5.03735 7.12646,
	5.04588 7.12362,
	5.0402 7.11509,
	5.04872 7.12078,
	5.05157 7.11225,
	5.05441 7.12078,
	5.06294 7.11509,
	5.05725 7.12362,
	5.06578 7.12646,
	5.05725 7.1293,
	5.06294 7.13783,
	5.05441 7.13215,
	5.05157 7.14068,
	5.04872 7.13215,
	5.0402 7.13783,
	"/>
<Contour name="d06ax04b3ssvr35" hidden="false" closed="true" simplified="false" border="0.5 0 1" fill="0.5 0 1" mode="9"
 points="5.10558 7.11793,
	5.09705 7.11509,
	5.10558 7.11225,
	5.09989 7.10372,
	5.10842 7.10941,
	5.11126 7.10088,
	5.11411 7.10941,
	5.12264 7.10372,
	5.11695 7.11225,
	5.12548 7.11509,
	5.11695 7.11793,
	5.12264 7.12646,
	5.11411 7.12078,
	5.11126 7.1293,
	5.10842 7.12078,
	5.09989 7.12646,
	"/>
<Contour name="d06ax04b3ssvr36" hidden="false" closed="true" simplified="false" border="0.5 0 1" fill="0.5 0 1" mode="9"
 points="5.07147 7.17195,
	5.06294 7.1691,
	5.07147 7.16626,
	5.06578 7.15773,
	5.07431 7.16342,
	5.07715 7.15489,
	5.07999 7.16342,
	5.08852 7.15773,
	5.08284 7.16626,
	5.09136 7.1691,
	5.08284 7.17195,
	5.08852 7.18047,
	5.07999 7.17479,
	5.07715 7.18332,
	5.07431 7.17479,
	5.06578 7.18047,
	"/>
<Contour name="d06ax04b3ssvr37" hidden="false" closed="true" simplified="false" border="0.5 0 1" fill="0.5 0 1" mode="9"
 points="5.0203 7.19753,
	5.01177 7.19469,
	5.0203 7.19184,
	5.01461 7.18332,
	5.02314 7.189,
	5.02598 7.18047,
	5.02882 7.189,
	5.03735 7.18332,
	5.03167 7.19184,
	5.0402 7.19469,
	5.03167 7.19753,
	5.03735 7.20606,
	5.02882 7.20037,
	5.02598 7.2089,
	5.02314 7.20037,
	5.01461 7.20606,
	"/>
<Contour name="d06ax04b3ssvr38" hidden="false" closed="true" simplified="false" border="0.5 0 1" fill="0.5 0 1" mode="9"
 points="4.96628 7.2089,
	4.95776 7.20606,
	4.96628 7.20322,
	4.9606 7.19469,
	4.96913 7.20037,
	4.97197 7.19184,
	4.97481 7.20037,
	4.98334 7.19469,
	4.97766 7.20322,
	4.98618 7.20606,
	4.97766 7.2089,
	4.98334 7.21743,
	4.97481 7.21174,
	4.97197 7.22027,
	4.96913 7.21174,
	4.9606 7.21743,
	"/>
</Transform>

<Transform dim="0"
 xcoef=" 0 1 0 0 0 0"
 ycoef=" 0 0 1 0 0 0">
<Contour name="d06p29" hidden="false" closed="true" simplified="false" border="0 1 0" fill="0 1 0" mode="-9"
 points="1.92101 7.63221,
	1.92101 7.61236,
	1.94086 7.61236,
	1.94086 7.59251,
	1.96071 7.59251,
	1.96071 7.61236,
	1.98056 7.61236,
	1.98056 7.63221,
	1.96071 7.63221,
	1.96071 7.65206,
	1.94086 7.65206,
	1.94086 7.63221,
	"/>
</Transform>

<Transform dim="0"
 xcoef=" 0 1 0 0 0 0"
 ycoef=" 0 0 1 0 0 0">
<Contour name="d07p01" hidden="false" closed="true" simplified="false" border="1 0 0" fill="1 0 0" mode="-9"
 points="2.9012 6.99942,
	2.9012 6.99446,
	2.90617 6.9895,
	2.91113 6.9895,
	2.91609 6.99446,
	2.91609 6.99942,
	2.91113 7.00439,
	2.90617 7.00439,
	"/>
</Transform>

<Transform dim="6"
 xcoef=" -0.161945171468709 1.01183775802051 0.0179339978968624 0 0 0"
 ycoef=" 0.0442997644783887 -0.00129746334915485 0.995416185107077 0 0 0">
<Image mag="0.00217507" contrast="0.917" brightness="0.12" red="true" green="true" blue="true"
 src="FHLTD.43.jpg" />
<Contour name="domain1" hidden="false" closed="true" simplified="false" border="1 0 1" fill="1 0 1" mode="11"
 points="0 0,
	4096 0,
	4096 4096,
	0 4096,
	"/>
</Transform>

<Transform dim="0"
 xcoef=" 0 1 0 0 0 0"
 ycoef=" 0 0 1 0 0 0">
<Contour name="ax01" comment="LK bouton trace named after cfa" hidden="false" closed="true" simplified="true" border="0 1 1" fill="0.502 1 1" mode="9"
 points="6.74397 1.10237,
	6.74951 1.09254,
	6.75319 1.08762,
	6.75811 1.07778,
	6.76488 1.06794,
	6.77287 1.05811,
	6.77717 1.05319,
	6.78209 1.0495,
	6.78455 1.04704,
	6.80422 1.0372,
	6.8239 1.0329,
	6.86325 1.02983,
	6.88292 1.02921,
	6.89276 1.02921,
	6.89768 1.02983,
	6.91735 1.03597,
	6.9567 1.05626,
	6.97637 1.0704,
	6.98129 1.07532,
	6.98314 1.07778,
	6.99297 1.08331,
	6.99666 1.08823,
	6.99974 1.09807,
	6.99789 1.10299,
	6.9899 1.11283,
	6.98006 1.11897,
	6.97023 1.12635,
	6.96715 1.13066,
	6.95977 1.15033,
	6.9567 1.16017,
	6.95424 1.16509,
	6.95363 1.16755,
	6.95547 1.17738,
	6.95609 1.18722,
	6.95547 1.19706,
	6.94994 1.21673,
	6.94871 1.22165,
	6.94871 1.23149,
	6.95301 1.25116,
	6.95486 1.25608,
	6.95609 1.25854,
	6.96592 1.26469,
	6.97084 1.26776,
	6.97576 1.27268,
	6.98744 1.29235,
	6.99543 1.31203,
	6.99912 1.32187,
	7.00097 1.3317,
	7.00097 1.34154,
	6.99912 1.34646,
	6.99605 1.35138,
	6.9942 1.35384,
	6.98437 1.35814,
	6.97945 1.35998,
	6.96961 1.3606,
	6.95977 1.36429,
	6.9401 1.37843,
	6.93764 1.37966,
	6.91797 1.38027,
	6.91305 1.37966,
	6.89337 1.36798,
	6.88354 1.35998,
	6.87554 1.35015,
	6.86571 1.34092,
	6.86079 1.33601,
	6.84665 1.31633,
	6.84173 1.30649,
	6.83988 1.29666,
	6.84234 1.28682,
	6.84296 1.2819,
	6.8448 1.27698,
	6.84603 1.27452,
	6.84296 1.26469,
	6.84111 1.25977,
	6.82205 1.24686,
	6.80361 1.22718,
	6.795 1.21735,
	6.79131 1.21243,
	6.78639 1.20259,
	6.78025 1.18292,
	6.76242 1.14357,
	6.75012 1.12389,
	6.74705 1.11897,
	6.74397 1.10914,
	6.74397 1.10422,
	6.74397 1.10299,
	"/>
</Transform>

<Transform dim="0"
 xcoef=" 0 1 0 0 0 0"
 ycoef=" 0 0 1 0 0 0">
<Contour name="ax01" comment="LK bouton trace named after cfa" hidden="false" closed="true" simplified="true" border="0 1 1" fill="0.502 1 1" mode="9"
 points="8.25666 0.959337,
	8.26045 0.954032,
	8.26348 0.952517,
	8.265 0.946455,
	8.26727 0.943423,
	8.2703 0.931299,
	8.27409 0.925237,
	8.27939 0.919933,
	8.28621 0.907808,
	8.29152 0.895684,
	8.29228 0.892653,
	8.3044 0.884317,
	8.31652 0.877497,
	8.32259 0.874466,
	8.32789 0.86992,
	8.3385 0.863858,
	8.34835 0.854764,
	8.34987 0.853249,
	8.3529 0.852491,
	8.35593 0.850218,
	8.35896 0.84946,
	8.36199 0.847187,
	8.37411 0.847187,
	8.37715 0.847944,
	8.38321 0.851733,
	8.38472 0.851733,
	8.38624 0.853249,
	8.3923 0.854007,
	8.41655 0.853249,
	8.42261 0.854764,
	8.42413 0.854764,
	8.43019 0.859311,
	8.4317 0.862342,
	8.43322 0.863858,
	8.43474 0.86992,
	8.43549 0.872951,
	8.43928 0.878255,
	8.44459 0.88356,
	8.4461 0.885075,
	8.4461 0.888106,
	8.44383 0.894168,
	8.44231 0.897199,
	8.44231 0.898715,
	8.43322 0.910839,
	8.42261 0.92069,
	8.41124 0.932057,
	8.40594 0.938119,
	8.40291 0.943423,
	8.40139 0.946455,
	8.39988 0.947212,
	8.39988 0.948728,
	8.39003 0.960852,
	8.3779 0.96843,
	8.36578 0.973734,
	8.36275 0.97525,
	8.36123 0.97525,
	8.35972 0.976765,
	8.35365 0.978281,
	8.35214 0.978281,
	8.35062 0.979796,
	8.34456 0.98207,
	8.3385 0.985859,
	8.32713 0.997983,
	8.32107 1.00177,
	8.30895 1.00253,
	8.30288 1.00177,
	8.29682 0.999498,
	8.2847 0.998741,
	8.27864 0.997983,
	8.2756 0.997983,
	8.26954 0.994952,
	8.26575 0.989647,
	8.26348 0.983585,
	8.26272 0.980554,
	8.25893 0.974492,
	8.25742 0.972976,
	8.25666 0.960852,
	8.25666 0.960094,
	"/>
</Transform>

<Transform dim="0"
 xcoef=" 0 1 0 0 0 0"
 ycoef=" 0 0 1 0 0 0">
<Contour name="ax28" comment="LK bouton trace named after cfa" hidden="false" closed="true" simplified="true" border="0 1 1" fill="0.502 1 1" mode="9"
 points="5.71968 3.06362,
	5.72049 3.0506,
	5.72049 3.0441,
	5.72049 3.04084,
	5.72619 3.03515,
	5.7392 3.02945,
	5.74571 3.02701,
	5.75222 3.02701,
	5.76442 3.02457,
	5.77093 3.02539,
	5.78395 3.02213,
	5.78964 3.01725,
	5.79371 3.01156,
	5.79533 3.0083,
	5.79696 3.00668,
	5.7994 3.00017,
	5.80347 2.99529,
	5.80998 2.99366,
	5.81079 2.99203,
	5.8173 2.99122,
	5.84252 2.99935,
	5.85553 3.00342,
	5.86204 3.00423,
	5.86529 3.00423,
	5.86855 3.00586,
	5.88156 3.00668,
	5.88807 3.00749,
	5.89458 3.00993,
	5.89783 3.00993,
	5.90434 3.01318,
	5.90597 3.01318,
	5.91248 3.01806,
	5.91573 3.0205,
	5.91899 3.0262,
	5.92061 3.03922,
	5.9198 3.04572,
	5.91736 3.05223,
	5.90922 3.06443,
	5.90353 3.07013,
	5.89702 3.0742,
	5.89377 3.07745,
	5.89214 3.07745,
	5.88889 3.07989,
	5.88563 3.0807,
	5.88238 3.08314,
	5.87912 3.08396,
	5.8775 3.08558,
	5.87424 3.0864,
	5.87099 3.08884,
	5.86774 3.08884,
	5.86123 3.09128,
	5.8352 3.09128,
	5.82218 3.09128,
	5.79615 3.0864,
	5.78964 3.0864,
	5.78313 3.08802,
	5.77012 3.08802,
	5.7571 3.08558,
	5.75059 3.08314,
	5.74896 3.08152,
	5.74246 3.07989,
	5.72944 3.07338,
	5.72619 3.07175,
	5.72619 3.07013,
	5.72293 3.0685,
	5.72131 3.06525,
	5.71968 3.06443,
	"/>
</Transform>

</Section>